0 5 2 12 6 15 5 43 36 48 46 41 85 85 85 51 51 87 51 90 89 57 76 71 90 86 59 91 5 0 6 6 12 5 15 36 43 44 51 41 78 60 71 71 46 51 87 89 90 56 71 76 84 84 91 59 92 90 6 93 91 84 51 89 36 64 2 71 70 72 15 37
5 0 6 16 10 20 1 40 33 45 44 39 82 82 82 48 48 86 48 86 86 55 74 68 87 82 58 90 0 5 10 10 16 1 20 33 40 41 48 38 75 58 68 70 44 48 86 86 86 53 68 74 81 81 90 58 88 86 10 89 88 81 48 86 33 60 6 68 68 69 20 34
2 6 0 11 5 15 6 42 36 47 46 41 85 85 85 50 50 86 50 90 89 57 76 70 90 85 58 90 6 2 5 5 11 6 15 36 42 43 50 41 78 60 70 70 46 50 86 89 90 56 70 76 84 84 90 58 92 90 5 93 92 84 50 89 36 64 0 70 70 71 15 37
12 16 11 0 7 12 16 46 40 49 47 45 89 89 89 52 52 82 52 96 95 60 77 71 95 89 55 86 16 12 7 7 0 16 12 40 46 45 52 46 83 62 71 66 47 52 82 95 96 59 71 77 88 88 86 55 98 96 7 98 97 88 52 95 40 68 11 71 71 73 12 41
6 10 5 7 0 12 10 44 38 48 46 43 87 87 87 51 51 85 51 93 92 58 76 71 92 87 57 88 10 6 0 0 7 10 12 38 44 44 51 43 80 61 71 68 46 51 85 92 93 57 71 76 86 86 88 57 95 93 0 95 94 86 51 92 38 65 5 71 70 72 12 39
15 20 15 12 12 0 20 56 50 59 58 55 99 99 99 63 63 94 63 105 104 70 88 82 104 99 66 97 20 15 12 12 12 20 0 50 56 55 63 55 92 73 82 77 58 63 94 104 105 69 82 88 98 98 97 66 107 105 12 107 106 98 63 104 50 77 15 82 82 84 0 51
5 1 6 16 10 20 0 39 33 45 44 38 82 82 82 48 48 86 48 86 85 54 73 68 87 82 58 90 1 5 10 10 16 0 20 33 39 41 48 38 75 57 68 70 44 48 86 85 86 53 68 73 80 80 90 58 88 86 10 89 87 80 48 85 33 60 6 68 68 69 20 34
43 40 42 46 44 56 39 0 7 10 10 2 44 44 44 12 12 57 12 52 50 15 35 30 49 44 33 62 40 43 44 44 46 39 56 7 0 9 12 6 37 19 30 45 10 12 57 50 52 14 30 35 43 43 62 33 54 52 44 53 53 43 12 50 7 22 42 30 30 31 56 6
36 33 36 40 38 50 33 7 0 15 15 6 50 50 50 18 18 62 18 56 55 22 42 36 55 50 36 66 33 36 38 38 40 33 50 0 7 13 18 7 43 25 37 48 15 18 62 55 56 20 36 42 48 48 66 36 59 56 38 59 58 48 18 55 0 28 36 36 36 38 50 1
48 45 47 49 48 59 45 10 15 0 2 10 42 42 42 4 4 48 4 53 51 12 29 24 49 42 24 52 45 48 48 48 49 45 59 15 10 5 4 16 37 14 24 35 2 4 48 51 53 14 24 29 41 41 52 24 56 53 48 55 55 41 4 51 15 22 47 24 23 25 59 15
46 44 46 47 46 58 44 10 15 2 0 10 44 44 44 5 5 48 5 55 53 14 30 25 50 44 23 52 44 46 46 46 47 44 58 15 10 3 5 16 39 16 25 35 0 5 48 53 55 16 25 30 43 43 52 23 58 55 46 56 57 43 5 53 15 24 46 25 25 26 58 15
41 39 41 45 43 55 38 2 6 10 10 0 45 45 45 12 12 57 12 53 51 16 36 31 51 45 32 61 39 41 43 43 45 38 55 6 2 8 12 7 39 20 31 44 10 12 57 51 53 15 31 36 44 44 61 32 55 53 43 55 55 44 12 51 6 24 41 31 30 32 55 6
85 82 85 89 87 99 82 44 50 42 44 45 0 0 0 40 40 60 40 18 14 30 26 27 7 2 54 64 82 85 87 87 89 82 99 50 44 46 40 44 8 29 27 59 44 40 60 14 18 30 27 26 2 2 64 54 21 18 87 17 20 2 40 14 50 22 85 27 27 26 99 49
85 82 85 89 87 99 82 44 50 42 44 45 0 0 0 40 40 60 40 18 14 30 26 27 7 2 54 64 82 85 87 87 89 82 99 50 44 46 40 44 8 29 27 59 44 40 60 14 18 30 27 26 2 2 64 54 21 18 87 17 20 2 40 14 50 22 85 27 27 26 99 49
85 82 85 89 87 99 82 44 50 42 44 45 0 0 0 40 40 60 40 18 14 30 26 27 7 2 54 64 82 85 87 87 89 82 99 50 44 46 40 44 8 29 27 59 44 40 60 14 18 30 27 26 2 2 64 54 21 18 87 17 20 2 40 14 50 22 85 27 27 26 99 49
51 48 50 52 51 63 48 12 18 4 5 12 40 40 40 0 0 46 0 51 49 10 26 20 46 39 23 50 48 51 51 51 52 48 63 18 12 8 0 17 35 11 20 34 5 0 46 49 51 12 20 26 39 39 50 23 54 51 51 52 53 39 0 49 18 20 50 20 20 22 63 17
51 48 50 52 51 63 48 12 18 4 5 12 40 40 40 0 0 46 0 51 49 10 26 20 46 39 23 50 48 51 51 51 52 48 63 18 12 8 0 17 35 11 20 34 5 0 46 49 51 12 20 26 39 39 50 23 54 51 51 52 53 39 0 49 18 20 50 20 20 22 63 17
87 86 86 82 85 94 86 57 62 48 48 57 60 60 60 46 46 0 46 78 74 49 36 37 66 59 29 5 86 87 85 85 82 86 94 62 57 50 46 63 62 46 37 17 48 46 0 74 78 53 37 36 60 60 5 29 80 78 85 76 80 60 46 74 62 56 86 37 37 37 94 62
51 48 50 52 51 63 48 12 18 4 5 12 40 40 40 0 0 46 0 51 49 10 26 20 46 39 23 50 48 51 51 51 52 48 63 18 12 8 0 17 35 11 20 34 5 0 46 49 51 12 20 26 39 39 50 23 54 51 51 52 53 39 0 49 18 20 50 20 20 22 63 17
90 86 90 96 93 105 86 52 56 53 55 53 18 18 18 51 51 78 51 0 5 42 43 43 14 20 70 82 86 90 93 93 96 86 105 56 52 57 51 50 18 42 44 75 55 51 78 5 0 40 43 43 18 18 82 70 3 0 93 5 2 18 51 5 56 32 90 43 43 43 105 56
89 86 89 95 92 104 85 50 55 51 53 51 14 14 14 49 49 74 49 5 0 40 39 40 9 16 66 78 86 89 92 92 95 85 104 55 50 54 49 49 15 39 40 72 53 49 74 0 5 38 40 39 14 14 78 66 7 5 92 4 6 14 49 0 55 29 89 40 40 39 104 54
57 55 57 60 58 70 54 15 22 12 14 16 30 30 30 10 10 49 10 42 40 0 21 16 37 30 30 53 55 57 58 58 60 54 70 22 15 16 10 19 26 4 16 39 14 10 49 40 42 5 16 21 30 30 53 30 45 42 58 43 44 30 10 40 22 11 57 16 16 17 70 21
76 74 76 77 76 88 73 35 42 29 30 36 26 26 26 26 26 36 26 43 39 21 0 6 32 24 32 40 74 76 76 76 77 73 88 42 35 33 26 39 26 17 6 34 30 26 36 39 43 24 6 0 25 25 40 32 45 43 76 42 45 25 26 39 42 23 76 6 6 5 88 41
71 68 70 71 71 82 68 30 36 24 25 31 27 27 27 20 20 37 20 43 40 16 6 0 34 26 29 41 68 71 71 71 71 68 82 36 30 27 20 34 26 12 1 33 25 20 37 40 43 19 0 6 26 26 41 29 46 43 71 42 45 26 20 40 36 19 70 0 1 2 82 36
90 87 90 95 92 104 87 49 55 49 50 51 7 7 7 46 46 66 46 14 9 37 32 34 0 8 61 70 87 90 92 92 95 87 104 55 49 52 46 49 12 35 34 65 50 46 66 9 14 36 34 32 8 8 70 61 16 14 92 11 15 8 46 9 55 28 90 34 34 33 104 54
86 82 85 89 87 99 82 44 50 42 44 45 2 2 2 39 39 59 39 20 16 30 24 26 8 0 54 62 82 86 87 87 89 82 99 50 44 46 39 45 9 29 26 58 44 39 59 16 20 31 26 24 3 3 62 54 22 20 87 18 22 3 39 16 50 22 85 26 26 25 99 49
59 58 58 55 57 66 58 33 36 24 23 32 54 54 54 23 23 29 23 70 66 30 32 29 61 54 0 33 58 59 57 57 55 58 66 36 33 24 23 38 52 29 28 13 23 23 29 66 70 34 29 32 54 54 33 0 72 70 57 70 71 54 23 66 36 40 58 29 28 30 66 36
91 90 90 86 88 97 90 62 66 52 52 61 64 64 64 50 50 5 50 82 78 53 40 41 70 62 33 0 90 91 88 88 86 90 97 66 62 54 50 67 66 50 41 20 52 50 5 78 82 57 41 40 64 64 0 33 84 82 88 80 83 64 50 78 66 60 90 41 41 42 97 66
5 0 6 16 10 20 1 40 33 45 44 39 82 82 82 48 48 86 48 86 86 55 74 68 87 82 58 90 0 5 10 10 16 1 20 33 40 41 48 38 75 58 68 70 44 48 86 86 86 53 68 74 81 81 90 58 88 86 10 89 88 81 48 86 33 60 6 68 68 69 20 34
0 5 2 12 6 15 5 43 36 48 46 41 85 85 85 51 51 87 51 90 89 57 76 71 90 86 59 91 5 0 6 6 12 5 15 36 43 44 51 41 78 60 71 71 46 51 87 89 90 56 71 76 84 84 91 59 92 90 6 93 91 84 51 89 36 64 2 71 70 72 15 37
6 10 5 7 0 12 10 44 38 48 46 43 87 87 87 51 51 85 51 93 92 58 76 71 92 87 57 88 10 6 0 0 7 10 12 38 44 44 51 43 80 61 71 68 46 51 85 92 93 57 71 76 86 86 88 57 95 93 0 95 94 86 51 92 38 65 5 71 70 72 12 39
6 10 5 7 0 12 10 44 38 48 46 43 87 87 87 51 51 85 51 93 92 58 76 71 92 87 57 88 10 6 0 0 7 10 12 38 44 44 51 43 80 61 71 68 46 51 85 92 93 57 71 76 86 86 88 57 95 93 0 95 94 86 51 92 38 65 5 71 70 72 12 39
12 16 11 0 7 12 16 46 40 49 47 45 89 89 89 52 52 82 52 96 95 60 77 71 95 89 55 86 16 12 7 7 0 16 12 40 46 45 52 46 83 62 71 66 47 52 82 95 96 59 71 77 88 88 86 55 98 96 7 98 97 88 52 95 40 68 11 71 71 73 12 41
5 1 6 16 10 20 0 39 33 45 44 38 82 82 82 48 48 86 48 86 85 54 73 68 87 82 58 90 1 5 10 10 16 0 20 33 39 41 48 38 75 57 68 70 44 48 86 85 86 53 68 73 80 80 90 58 88 86 10 89 87 80 48 85 33 60 6 68 68 69 20 34
15 20 15 12 12 0 20 56 50 59 58 55 99 99 99 63 63 94 63 105 104 70 88 82 104 99 66 97 20 15 12 12 12 20 0 50 56 55 63 55 92 73 82 77 58 63 94 104 105 69 82 88 98 98 97 66 107 105 12 107 106 98 63 104 50 77 15 82 82 84 0 51
36 33 36 40 38 50 33 7 0 15 15 6 50 50 50 18 18 62 18 56 55 22 42 36 55 50 36 66 33 36 38 38 40 33 50 0 7 13 18 7 43 25 37 48 15 18 62 55 56 20 36 42 48 48 66 36 59 56 38 59 58 48 18 55 0 28 36 36 36 38 50 1
43 40 42 46 44 56 39 0 7 10 10 2 44 44 44 12 12 57 12 52 50 15 35 30 49 44 33 62 40 43 44 44 46 39 56 7 0 9 12 6 37 19 30 45 10 12 57 50 52 14 30 35 43 43 62 33 54 52 44 53 53 43 12 50 7 22 42 30 30 31 56 6
44 41 43 45 44 55 41 9 13 5 3 8 46 46 46 8 8 50 8 57 54 16 33 27 52 46 24 54 41 44 44 44 45 41 55 13 9 0 8 15 41 18 27 36 3 8 50 54 57 17 27 33 45 45 54 24 59 57 44 58 58 45 8 54 13 26 43 27 27 29 55 13
51 48 50 52 51 63 48 12 18 4 5 12 40 40 40 0 0 46 0 51 49 10 26 20 46 39 23 50 48 51 51 51 52 48 63 18 12 8 0 17 35 11 20 34 5 0 46 49 51 12 20 26 39 39 50 23 54 51 51 52 53 39 0 49 18 20 50 20 20 22 63 17
41 38 41 46 43 55 38 6 7 16 16 7 44 44 44 17 17 63 17 50 49 19 39 34 49 45 38 67 38 41 43 43 46 38 55 7 6 15 17 0 38 22 34 50 16 17 63 49 50 16 34 39 43 43 67 38 53 50 43 53 52 43 17 49 7 23 41 34 34 35 55 6
78 75 78 83 80 92 75 37 43 37 39 39 8 8 8 35 35 62 35 18 15 26 26 26 12 9 52 66 75 78 80 80 83 75 92 43 37 41 35 38 0 25 26 58 39 35 62 15 18 25 26 26 7 7 66 52 20 18 80 18 20 7 35 15 43 16 78 26 26 25 92 42
60 58 60 62 61 73 57 19 25 14 16 20 29 29 29 11 11 46 11 42 39 4 17 12 35 29 29 50 58 60 61 61 62 57 73 25 19 18 11 22 25 0 12 38 16 11 46 39 42 8 12 17 28 28 50 29 44 42 61 42 43 28 11 39 25 12 60 12 12 13 73 25
71 68 70 71 71 82 68 30 37 24 25 31 27 27 27 20 20 37 20 44 40 16 6 1 34 26 28 41 68 71 71 71 71 68 82 37 30 27 20 34 26 12 0 32 25 20 37 40 44 20 1 6 27 27 41 28 46 44 71 43 45 27 20 40 37 20 70 1 1 2 82 36
71 70 70 66 68 77 70 45 48 35 35 44 59 59 59 34 34 17 34 75 72 39 34 33 65 58 13 20 70 71 68 68 66 70 77 48 45 36 34 50 58 38 32 0 35 34 17 72 75 43 33 34 58 58 20 13 78 75 68 75 77 58 34 72 48 49 70 33 33 34 77 48
46 44 46 47 46 58 44 10 15 2 0 10 44 44 44 5 5 48 5 55 53 14 30 25 50 44 23 52 44 46 46 46 47 44 58 15 10 3 5 16 39 16 25 35 0 5 48 53 55 16 25 30 43 43 52 23 58 55 46 56 57 43 5 53 15 24 46 25 25 26 58 15
51 48 50 52 51 63 48 12 18 4 5 12 40 40 40 0 0 46 0 51 49 10 26 20 46 39 23 50 48 51 51 51 52 48 63 18 12 8 0 17 35 11 20 34 5 0 46 49 51 12 20 26 39 39 50 23 54 51 51 52 53 39 0 49 18 20 50 20 20 22 63 17
87 86 86 82 85 94 86 57 62 48 48 57 60 60 60 46 46 0 46 78 74 49 36 37 66 59 29 5 86 87 85 85 82 86 94 62 57 50 46 63 62 46 37 17 48 46 0 74 78 53 37 36 60 60 5 29 80 78 85 76 80 60 46 74 62 56 86 37 37 37 94 62
89 86 89 95 92 104 85 50 55 51 53 51 14 14 14 49 49 74 49 5 0 40 39 40 9 16 66 78 86 89 92 92 95 85 104 55 50 54 49 49 15 39 40 72 53 49 74 0 5 38 40 39 14 14 78 66 7 5 92 4 6 14 49 0 55 29 89 40 40 39 104 54
90 86 90 96 93 105 86 52 56 53 55 53 18 18 18 51 51 78 51 0 5 42 43 43 14 20 70 82 86 90 93 93 96 86 105 56 52 57 51 50 18 42 44 75 55 51 78 5 0 40 43 43 18 18 82 70 3 0 93 5 2 18 51 5 56 32 90 43 43 43 105 56
56 53 56 59 57 69 53 14 20 14 16 15 30 30 30 12 12 53 12 40 38 5 24 19 36 31 34 57 53 56 57 57 59 53 69 20 14 17 12 16 25 8 20 43 16 12 53 38 40 0 19 24 29 29 57 34 43 40 57 41 42 29 12 38 20 9 56 19 19 20 69 20
71 68 70 71 71 82 68 30 36 24 25 31 27 27 27 20 20 37 20 43 40 16 6 0 34 26 29 41 68 71 71 71 71 68 82 36 30 27 20 34 26 12 1 33 25 20 37 40 43 19 0 6 26 26 41 29 46 43 71 42 45 26 20 40 36 19 70 0 1 2 82 36
76 74 76 77 76 88 73 35 42 29 30 36 26 26 26 26 26 36 26 43 39 21 0 6 32 24 32 40 74 76 76 76 77 73 88 42 35 33 26 39 26 17 6 34 30 26 36 39 43 24 6 0 25 25 40 32 45 43 76 42 45 25 26 39 42 23 76 6 6 5 88 41
84 81 84 88 86 98 80 43 48 41 43 44 2 2 2 39 39 60 39 18 14 30 25 26 8 3 54 64 81 84 86 86 88 80 98 48 43 45 39 43 7 28 27 58 43 39 60 14 18 29 26 25 0 0 64 54 21 18 86 17 20 0 39 14 48 21 84 26 27 25 98 48
84 81 84 88 86 98 80 43 48 41 43 44 2 2 2 39 39 60 39 18 14 30 25 26 8 3 54 64 81 84 86 86 88 80 98 48 43 45 39 43 7 28 27 58 43 39 60 14 18 29 26 25 0 0 64 54 21 18 86 17 20 0 39 14 48 21 84 26 27 25 98 48
91 90 90 86 88 97 90 62 66 52 52 61 64 64 64 50 50 5 50 82 78 53 40 41 70 62 33 0 90 91 88 88 86 90 97 66 62 54 50 67 66 50 41 20 52 50 5 78 82 57 41 40 64 64 0 33 84 82 88 80 83 64 50 78 66 60 90 41 41 42 97 66
59 58 58 55 57 66 58 33 36 24 23 32 54 54 54 23 23 29 23 70 66 30 32 29 61 54 0 33 58 59 57 57 55 58 66 36 33 24 23 38 52 29 28 13 23 23 29 66 70 34 29 32 54 54 33 0 72 70 57 70 71 54 23 66 36 40 58 29 28 30 66 36
92 88 92 98 95 107 88 54 59 56 58 55 21 21 21 54 54 80 54 3 7 45 45 46 16 22 72 84 88 92 95 95 98 88 107 59 54 59 54 53 20 44 46 78 58 54 80 7 3 43 46 45 21 21 84 72 0 3 95 6 1 21 54 7 59 34 92 46 46 45 107 58
90 86 90 96 93 105 86 52 56 53 55 53 18 18 18 51 51 78 51 0 5 42 43 43 14 20 70 82 86 90 93 93 96 86 105 56 52 57 51 50 18 42 44 75 55 51 78 5 0 40 43 43 18 18 82 70 3 0 93 5 2 18 51 5 56 32 90 43 43 43 105 56
6 10 5 7 0 12 10 44 38 48 46 43 87 87 87 51 51 85 51 93 92 58 76 71 92 87 57 88 10 6 0 0 7 10 12 38 44 44 51 43 80 61 71 68 46 51 85 92 93 57 71 76 86 86 88 57 95 93 0 95 94 86 51 92 38 65 5 71 70 72 12 39
93 89 93 98 95 107 89 53 59 55 56 55 17 17 17 52 52 76 52 5 4 43 42 42 11 18 70 80 89 93 95 95 98 89 107 59 53 58 52 53 18 42 43 75 56 52 76 4 5 41 42 42 17 17 80 70 6 5 95 0 5 17 52 4 59 33 93 42 43 42 107 58
91 88 92 97 94 106 87 53 58 55 57 55 20 20 20 53 53 80 53 2 6 44 45 45 15 22 71 83 88 91 94 94 97 87 106 58 53 58 53 52 20 43 45 77 57 53 80 6 2 42 45 45 20 20 83 71 1 2 94 5 0 20 53 6 58 33 92 45 45 44 106 57
84 81 84 88 86 98 80 43 48 41 43 44 2 2 2 39 39 60 39 18 14 30 25 26 8 3 54 64 81 84 86 86 88 80 98 48 43 45 39 43 7 28 27 58 43 39 60 14 18 29 26 25 0 0 64 54 21 18 86 17 20 0 39 14 48 21 84 26 27 25 98 48
51 48 50 52 51 63 48 12 18 4 5 12 40 40 40 0 0 46 0 51 49 10 26 20 46 39 23 50 48 51 51 51 52 48 63 18 12 8 0 17 35 11 20 34 5 0 46 49 51 12 20 26 39 39 50 23 54 51 51 52 53 39 0 49 18 20 50 20 20 22 63 17
89 86 89 95 92 104 85 50 55 51 53 51 14 14 14 49 49 74 49 5 0 40 39 40 9 16 66 78 86 89 92 92 95 85 104 55 50 54 49 49 15 39 40 72 53 49 74 0 5 38 40 39 14 14 78 66 7 5 92 4 6 14 49 0 55 29 89 40 40 39 104 54
36 33 36 40 38 50 33 7 0 15 15 6 50 50 50 18 18 62 18 56 55 22 42 36 55 50 36 66 33 36 38 38 40 33 50 0 7 13 18 7 43 25 37 48 15 18 62 55 56 20 36 42 48 48 66 36 59 56 38 59 58 48 18 55 0 28 36 36 36 38 50 1
64 60 64 68 65 77 60 22 28 22 24 24 22 22 22 20 20 56 20 32 29 11 23 19 28 22 40 60 60 64 65 65 68 60 77 28 22 26 20 23 16 12 20 49 24 20 56 29 32 9 19 23 21 21 60 40 34 32 65 33 33 21 20 29 28 0 64 19 19 20 77 27
2 6 0 11 5 15 6 42 36 47 46 41 85 85 85 50 50 86 50 90 89 57 76 70 90 85 58 90 6 2 5 5 11 6 15 36 42 43 50 41 78 60 70 70 46 50 86 89 90 56 70 76 84 84 90 58 92 90 5 93 92 84 50 89 36 64 0 70 70 71 15 37
71 68 70 71 71 82 68 30 36 24 25 31 27 27 27 20 20 37 20 43 40 16 6 0 34 26 29 41 68 71 71 71 71 68 82 36 30 27 20 34 26 12 1 33 25 20 37 40 43 19 0 6 26 26 41 29 46 43 71 42 45 26 20 40 36 19 70 0 1 2 82 36
70 68 70 71 70 82 68 30 36 23 25 30 27 27 27 20 20 37 20 43 40 16 6 1 34 26 28 41 68 70 70 70 71 68 82 36 30 27 20 34 26 12 1 33 25 20 37 40 43 19 1 6 27 27 41 28 46 43 70 43 45 27 20 40 36 19 70 1 0 2 82 36
72 69 71 73 72 84 69 31 38 25 26 32 26 26 26 22 22 37 22 43 39 17 5 2 33 25 30 42 69 72 72 72 73 69 84 38 31 29 22 35 25 13 2 34 26 22 37 39 43 20 2 5 25 25 42 30 45 43 72 42 44 25 22 39 38 20 71 2 2 0 84 37
15 20 15 12 12 0 20 56 50 59 58 55 99 99 99 63 63 94 63 105 104 70 88 82 104 99 66 97 20 15 12 12 12 20 0 50 56 55 63 55 92 73 82 77 58 63 94 104 105 69 82 88 98 98 97 66 107 105 12 107 106 98 63 104 50 77 15 82 82 84 0 51
37 34 37 41 39 51 34 6 1 15 15 6 49 49 49 17 17 62 17 56 54 21 41 36 54 49 36 66 34 37 39 39 41 34 51 1 6 13 17 6 42 25 36 48 15 17 62 54 56 20 36 41 48 48 66 36 58 56 39 58 57 48 17 54 1 27 37 36 36 37 51 0
