0 9 5 24 13 26 8 55 48 68 67 51 91 91 91 72 72 124 72 107 101 67 89 80 88 91 91 130 9 0 13 13 24 8 26 48 55 61 72 54 83 67 82 109 67 72 124 101 107 62 80 89 88 88 130 91 75 51 91 55 66 63 101 84 51 66 80
9 0 8 26 15 28 2 54 47 66 66 50 89 89 89 70 70 123 70 106 100 66 88 79 87 90 90 129 0 9 15 15 26 2 28 47 54 60 70 53 81 66 81 108 66 70 123 100 106 61 79 88 86 86 129 90 74 50 90 54 64 63 100 82 50 65 79
6 8 0 19 8 21 7 54 47 67 66 50 89 89 89 71 71 123 71 106 100 66 88 79 87 90 90 129 8 6 8 8 19 7 21 47 54 60 71 53 81 66 81 108 66 71 123 100 106 61 79 88 86 86 129 90 74 50 90 54 65 62 100 83 50 65 79
24 26 19 0 13 21 25 65 58 77 77 61 100 100 100 81 81 119 81 117 110 76 98 89 97 100 84 125 26 24 13 13 0 25 21 58 65 71 81 63 92 77 92 98 77 81 119 110 117 72 89 98 97 97 125 84 85 61 84 65 76 52 110 93 61 75 89
13 15 8 13 0 17 14 54 47 66 66 50 89 89 89 70 70 122 70 106 99 65 87 78 86 89 87 128 15 13 0 0 13 14 17 47 54 60 70 52 81 66 81 101 66 70 122 99 106 61 78 87 86 86 128 87 74 50 87 54 65 55 99 82 50 64 78
27 29 22 21 17 0 28 67 60 80 79 63 103 103 103 84 84 133 84 119 113 79 101 92 100 103 98 139 29 27 17 17 21 28 0 60 67 73 84 66 95 79 94 112 79 84 133 113 119 74 92 101 100 100 139 98 87 63 98 67 78 66 113 96 63 78 92
8 2 7 25 14 27 0 53 46 65 65 49 88 88 88 69 69 122 69 105 99 65 87 78 86 89 89 128 2 8 14 14 25 0 27 46 53 59 69 52 80 65 80 107 65 69 122 99 105 60 78 87 85 85 128 89 73 49 89 53 63 62 99 81 49 64 78
55 54 54 66 55 68 53 0 14 20 19 5 47 47 47 24 24 77 24 64 58 24 46 37 45 48 43 82 54 55 55 55 66 53 68 14 0 14 24 19 39 24 39 61 19 24 77 58 64 19 37 46 44 44 82 43 32 7 43 42 53 52 58 36 5 18 37
48 47 47 59 48 61 46 14 0 26 26 10 56 56 56 30 30 83 30 73 67 33 55 46 54 56 50 89 47 48 48 48 59 46 61 0 14 20 30 18 48 33 48 68 26 30 83 67 73 28 46 55 53 53 89 50 41 10 50 35 46 58 67 42 10 24 46
68 67 67 78 67 80 65 20 27 0 7 18 58 58 58 6 6 71 6 75 69 34 43 34 56 59 38 77 67 68 67 67 78 65 80 27 20 7 6 33 50 23 36 56 7 6 71 69 75 28 34 43 56 56 77 38 43 21 38 55 65 48 69 29 18 7 34
67 66 66 78 67 80 65 19 26 7 0 18 61 61 61 9 9 69 9 77 71 36 45 36 58 61 36 75 66 67 67 67 78 65 80 26 19 6 9 33 53 25 38 54 0 9 69 71 77 30 36 45 58 58 75 36 45 21 36 54 65 46 71 28 18 2 36
51 50 50 62 51 64 49 5 10 18 17 0 49 49 49 22 22 75 22 66 59 25 47 38 46 49 41 80 50 51 51 51 62 49 64 10 5 12 22 19 41 26 41 59 17 22 75 59 66 21 38 47 46 46 80 41 34 5 41 38 49 50 59 34 0 16 38
91 89 89 101 90 103 88 48 52 58 60 49 0 0 0 53 53 91 53 39 33 38 39 34 15 5 77 90 89 91 90 90 101 88 103 52 48 56 53 53 16 39 36 93 60 53 91 33 39 33 34 39 4 4 90 77 18 49 77 77 88 94 33 69 49 60 34
91 89 89 101 90 103 88 48 52 58 60 49 0 0 0 53 53 91 53 39 33 38 39 34 15 5 77 90 89 91 90 90 101 88 103 52 48 56 53 53 16 39 36 93 60 53 91 33 39 33 34 39 4 4 90 77 18 49 77 77 88 94 33 69 49 60 34
91 89 89 101 90 103 88 48 52 58 60 49 0 0 0 53 53 91 53 39 33 38 39 34 15 5 77 90 89 91 90 90 101 88 103 52 48 56 53 53 16 39 36 93 60 53 91 33 39 33 34 39 4 4 90 77 18 49 77 77 88 94 33 69 49 60 34
72 70 71 82 71 84 69 24 31 7 9 22 53 53 53 0 0 66 0 70 64 28 37 28 51 54 32 71 70 72 71 71 82 69 84 31 24 11 0 37 45 18 30 50 9 0 66 64 70 22 28 37 50 50 71 32 38 25 32 58 69 52 64 24 22 9 28
72 70 71 82 71 84 69 24 31 7 9 22 53 53 53 0 0 66 0 70 64 28 37 28 51 54 32 71 70 72 71 71 82 69 84 31 24 11 0 37 45 18 30 50 9 0 66 64 70 22 28 37 50 50 71 32 38 25 32 58 69 52 64 24 22 9 28
124 123 123 119 122 133 122 76 83 71 69 75 91 91 91 66 66 0 66 125 119 87 66 69 101 88 39 6 123 124 122 122 119 122 133 83 76 66 66 90 100 77 69 21 69 66 0 119 125 84 69 66 91 91 6 39 95 78 39 111 122 68 119 49 75 67 69
72 70 71 82 71 84 69 24 31 7 9 22 53 53 53 0 0 66 0 70 64 28 37 28 51 54 32 71 70 72 71 71 82 69 84 31 24 11 0 37 45 18 30 50 9 0 66 64 70 22 28 37 50 50 71 32 38 25 32 58 69 52 64 24 22 9 28
107 106 106 117 107 119 105 64 69 75 77 66 39 39 39 70 70 125 70 0 8 55 73 64 25 39 98 124 106 107 107 107 117 105 119 69 64 73 70 69 34 55 67 116 77 70 125 8 0 49 64 73 36 36 124 98 35 65 98 94 101 111 8 89 66 77 64
101 99 100 111 100 113 98 58 62 69 71 59 33 33 33 63 63 119 63 8 0 48 66 58 19 33 91 118 99 101 100 100 111 98 113 62 58 66 63 63 28 49 60 109 71 63 119 0 8 43 58 66 30 30 118 91 28 59 91 87 98 104 0 83 59 71 58
67 66 66 78 67 80 65 24 29 33 36 26 38 38 38 28 28 87 28 55 48 0 33 24 35 38 54 88 66 67 67 67 78 65 80 29 24 33 28 29 30 11 26 72 36 28 87 48 55 9 24 33 35 35 88 54 23 25 54 54 65 71 48 45 26 36 24
89 88 88 100 89 102 87 46 51 43 45 48 38 38 38 37 37 66 37 73 66 33 0 10 49 37 56 64 88 89 89 89 100 87 102 51 46 47 37 52 48 28 12 63 45 37 66 66 73 31 10 0 38 38 64 56 41 48 56 76 87 83 66 47 48 45 10
80 79 79 91 80 93 78 37 42 34 36 39 33 33 33 28 28 69 28 64 58 24 10 0 44 31 46 68 79 80 80 80 91 78 93 42 37 38 28 42 39 19 4 60 36 28 69 58 64 22 0 10 33 33 68 46 32 38 46 67 78 74 58 38 39 36 0
88 87 87 98 87 100 85 45 49 56 58 46 16 16 16 50 50 101 50 25 19 36 49 44 0 15 79 100 87 88 87 87 98 85 100 49 45 53 50 50 15 36 46 96 58 50 101 19 25 30 44 49 13 13 100 79 16 46 79 75 85 91 19 70 46 58 44
91 90 90 102 91 104 89 48 53 59 61 50 5 5 5 54 54 88 54 39 33 39 37 32 15 0 76 86 90 91 91 91 102 89 104 53 48 57 54 54 17 39 34 91 61 54 88 33 39 34 32 37 5 5 86 76 19 50 76 78 89 95 33 68 50 61 32
91 90 90 84 87 98 89 43 50 38 35 41 77 77 77 32 32 39 32 98 92 54 55 46 79 76 0 45 90 91 87 87 84 89 98 50 43 33 32 57 73 44 49 19 35 32 39 92 98 50 46 55 75 75 45 0 66 45 0 78 89 34 92 16 41 34 46
131 129 129 125 128 139 128 83 89 77 75 81 89 89 89 72 72 7 72 124 117 88 64 68 99 86 46 0 129 131 128 128 125 128 139 89 83 72 72 96 99 83 70 28 75 72 7 117 124 86 68 64 89 89 0 46 93 84 46 117 128 75 117 55 81 74 68
9 0 8 26 15 28 2 54 47 66 66 50 89 89 89 70 70 123 70 106 100 66 88 79 87 90 90 129 0 9 15 15 26 2 28 47 54 60 70 53 81 66 81 108 66 70 123 100 106 61 79 88 86 86 129 90 74 50 90 54 64 63 100 82 50 65 79
0 9 5 24 13 26 8 55 48 68 67 51 91 91 91 72 72 124 72 107 101 67 89 80 88 91 91 130 9 0 13 13 24 8 26 48 55 61 72 54 83 67 82 109 67 72 124 101 107 62 80 89 88 88 130 91 75 51 91 55 66 63 101 84 51 66 80
13 15 8 13 0 17 14 54 47 66 66 50 89 89 89 70 70 122 70 106 99 65 87 78 86 89 87 128 15 13 0 0 13 14 17 47 54 60 70 52 81 66 81 101 66 70 122 99 106 61 78 87 86 86 128 87 74 50 87 54 65 55 99 82 50 64 78
13 15 8 13 0 17 14 54 47 66 66 50 89 89 89 70 70 122 70 106 99 65 87 78 86 89 87 128 15 13 0 0 13 14 17 47 54 60 70 52 81 66 81 101 66 70 122 99 106 61 78 87 86 86 128 87 74 50 87 54 65 55 99 82 50 64 78
24 26 19 0 13 21 25 65 58 77 77 61 100 100 100 81 81 119 81 117 110 76 98 89 97 100 84 125 26 24 13 13 0 25 21 58 65 71 81 63 92 77 92 98 77 81 119 110 117 72 89 98 97 97 125 84 85 61 84 65 76 52 110 93 61 75 89
8 2 7 25 14 27 0 53 46 65 65 49 88 88 88 69 69 122 69 105 99 65 87 78 86 89 89 128 2 8 14 14 25 0 27 46 53 59 69 52 80 65 80 107 65 69 122 99 105 60 78 87 85 85 128 89 73 49 89 53 63 62 99 81 49 64 78
27 29 22 21 17 0 28 67 60 80 79 63 103 103 103 84 84 133 84 119 113 79 101 92 100 103 98 139 29 27 17 17 21 28 0 60 67 73 84 66 95 79 94 112 79 84 133 113 119 74 92 101 100 100 139 98 87 63 98 67 78 66 113 96 63 78 92
48 47 47 59 48 61 46 14 0 26 26 10 56 56 56 30 30 83 30 73 67 33 55 46 54 56 50 89 47 48 48 48 59 46 61 0 14 20 30 18 48 33 48 68 26 30 83 67 73 28 46 55 53 53 89 50 41 10 50 35 46 58 67 42 10 24 46
55 54 54 66 55 68 53 0 14 20 19 5 47 47 47 24 24 77 24 64 58 24 46 37 45 48 43 82 54 55 55 55 66 53 68 14 0 14 24 19 39 24 39 61 19 24 77 58 64 19 37 46 44 44 82 43 32 7 43 42 53 52 58 36 5 18 37
62 60 60 72 61 74 59 14 20 7 6 12 56 56 56 11 11 66 11 72 66 32 47 38 53 56 33 72 60 62 61 61 72 59 74 20 14 0 11 27 48 28 40 51 6 11 66 66 72 27 38 47 53 53 72 33 40 15 33 48 59 41 66 25 12 5 38
72 70 71 82 71 84 69 24 31 7 9 22 53 53 53 0 0 66 0 70 64 28 37 28 51 54 32 71 70 72 71 71 82 69 84 31 24 11 0 37 45 18 30 50 9 0 66 64 70 22 28 37 50 50 71 32 38 25 32 58 69 52 64 24 22 9 28
53 52 52 63 52 65 50 18 19 33 33 19 53 53 53 37 37 90 37 70 64 30 52 43 51 54 57 96 52 53 52 52 63 50 65 19 18 27 37 0 45 30 45 74 33 37 90 64 70 25 43 52 50 50 96 57 38 17 57 37 48 65 64 49 19 31 43
83 81 82 93 82 95 80 40 44 50 53 41 17 17 17 45 45 101 45 34 28 30 48 39 15 17 73 100 81 83 82 82 93 80 95 44 40 48 45 45 0 31 42 91 53 45 101 28 34 25 39 48 14 14 100 73 10 41 73 69 80 86 28 65 41 53 39
68 66 67 78 67 80 65 25 29 23 25 26 39 39 39 18 18 77 18 55 49 11 28 19 36 39 44 83 66 68 67 67 78 65 80 29 25 28 18 30 31 0 21 62 25 18 77 49 55 10 19 28 36 36 83 44 23 26 44 54 65 68 49 35 26 26 19
82 81 81 93 82 95 80 39 44 36 38 41 35 35 35 31 31 69 31 67 60 26 12 4 46 34 49 70 81 82 82 82 93 80 95 44 39 40 31 45 41 21 0 61 38 31 69 60 67 25 4 12 35 35 70 49 35 41 49 69 80 76 60 40 41 38 4
109 108 108 98 101 112 107 61 68 56 53 59 92 92 92 50 50 21 50 116 110 72 63 61 97 91 19 27 108 109 101 101 98 107 112 68 61 51 50 74 91 62 61 0 53 50 21 110 116 68 61 63 92 92 27 19 84 63 19 96 107 47 110 34 59 52 61
67 66 66 78 67 80 65 19 26 7 0 18 61 61 61 9 9 69 9 77 71 36 45 36 58 61 36 75 66 67 67 67 78 65 80 26 19 6 9 33 53 25 38 54 0 9 69 71 77 30 36 45 58 58 75 36 45 21 36 54 65 46 71 28 18 2 36
72 70 71 82 71 84 69 24 31 7 9 22 53 53 53 0 0 66 0 70 64 28 37 28 51 54 32 71 70 72 71 71 82 69 84 31 24 11 0 37 45 18 30 50 9 0 66 64 70 22 28 37 50 50 71 32 38 25 32 58 69 52 64 24 22 9 28
124 123 123 119 122 133 122 76 83 71 69 75 91 91 91 66 66 0 66 125 119 87 66 69 101 88 39 6 123 124 122 122 119 122 133 83 76 66 66 90 100 77 69 21 69 66 0 119 125 84 69 66 91 91 6 39 95 78 39 111 122 68 119 49 75 67 69
101 99 100 111 100 113 98 58 62 69 71 59 33 33 33 63 63 119 63 8 0 48 66 58 19 33 91 118 99 101 100 100 111 98 113 62 58 66 63 63 28 49 60 109 71 63 119 0 8 43 58 66 30 30 118 91 28 59 91 87 98 104 0 83 59 71 58
107 106 106 117 107 119 105 64 69 75 77 66 39 39 39 70 70 125 70 0 8 55 73 64 25 39 98 124 106 107 107 107 117 105 119 69 64 73 70 69 34 55 67 116 77 70 125 8 0 49 64 73 36 36 124 98 35 65 98 94 101 111 8 89 66 77 64
62 61 61 72 62 74 60 19 24 27 30 21 33 33 33 22 22 84 22 50 44 9 31 22 31 34 50 86 61 62 62 62 72 60 74 24 19 28 22 24 25 10 25 68 30 22 84 44 50 0 22 31 30 30 86 50 18 20 50 49 60 66 44 42 21 30 22
80 79 79 91 80 93 78 37 42 34 36 39 33 33 33 28 28 69 28 64 58 24 10 0 44 31 46 68 79 80 80 80 91 78 93 42 37 38 28 42 39 19 4 60 36 28 69 58 64 22 0 10 33 33 68 46 32 38 46 67 78 74 58 38 39 36 0
89 88 88 100 89 102 87 46 51 43 45 48 38 38 38 37 37 66 37 73 66 33 0 10 49 37 56 64 88 89 89 89 100 87 102 51 46 47 37 52 48 28 12 63 45 37 66 66 73 31 10 0 38 38 64 56 41 48 56 76 87 83 66 47 48 45 10
88 87 87 98 88 100 86 45 50 56 58 47 5 5 5 51 51 91 51 36 30 36 38 33 13 5 75 90 87 88 88 88 98 86 100 50 45 53 51 50 13 36 35 92 58 51 91 30 36 30 33 38 0 0 90 75 16 46 75 75 85 92 30 66 47 58 33
88 87 87 98 88 100 86 45 50 56 58 47 5 5 5 51 51 91 51 36 30 36 38 33 13 5 75 90 87 88 88 88 98 86 100 50 45 53 51 50 13 36 35 92 58 51 91 30 36 30 33 38 0 0 90 75 16 46 75 75 85 92 30 66 47 58 33
131 129 129 125 128 139 128 83 89 77 75 81 89 89 89 72 72 7 72 124 117 88 64 68 99 86 46 0 129 131 128 128 125 128 139 89 83 72 72 96 99 83 70 28 75 72 7 117 124 86 68 64 89 89 0 46 93 84 46 117 128 75 117 55 81 74 68
91 90 90 84 87 98 89 43 50 38 35 41 77 77 77 32 32 39 32 98 92 54 55 46 79 76 0 45 90 91 87 87 84 89 98 50 43 33 32 57 73 44 49 19 35 32 39 92 98 50 46 55 75 75 45 0 66 45 0 78 89 34 92 16 41 34 46
76 74 74 86 75 88 73 32 37 43 45 34 18 18 18 38 38 95 38 35 29 23 41 33 16 18 66 94 74 76 75 75 86 73 88 37 32 41 38 38 10 24 35 84 45 38 95 29 35 18 33 41 15 15 94 66 0 34 66 62 73 79 29 58 34 45 33
51 50 50 61 51 63 49 7 10 21 21 5 49 49 49 25 25 78 25 65 59 25 47 38 46 49 45 84 50 51 51 51 61 49 63 10 7 15 25 17 41 25 40 62 21 25 78 59 65 21 38 47 46 46 84 45 33 0 45 38 49 53 59 37 5 19 38
91 90 90 84 87 98 89 43 50 38 35 41 77 77 77 32 32 39 32 98 92 54 55 46 79 76 0 45 90 91 87 87 84 89 98 50 43 33 32 57 73 44 49 19 35 32 39 92 98 50 46 55 75 75 45 0 66 45 0 78 89 34 92 16 41 34 46
54 53 53 65 54 67 52 42 35 54 54 38 77 77 77 58 58 111 58 94 88 53 76 67 75 77 78 117 53 54 54 54 65 52 67 35 42 48 58 37 69 54 69 95 54 58 111 88 94 49 67 76 74 74 117 78 62 38 78 0 16 86 88 70 38 52 67
65 64 64 75 65 77 63 53 46 65 64 49 88 88 88 69 69 121 69 105 98 64 86 77 85 88 88 127 64 65 65 65 75 63 77 46 53 59 69 49 80 64 79 106 64 69 121 98 105 60 77 86 85 85 127 88 72 48 88 17 0 97 98 81 49 63 77
63 63 62 52 55 66 62 52 59 48 46 50 94 94 94 52 52 68 52 111 104 70 83 74 91 94 34 74 63 63 55 55 52 62 66 59 52 41 52 65 86 68 76 47 46 52 68 104 111 66 74 83 91 91 74 34 79 53 34 87 97 0 104 44 50 45 74
101 99 100 111 100 113 98 58 62 69 71 59 33 33 33 63 63 119 63 8 0 48 66 58 19 33 91 118 99 101 100 100 111 98 113 62 58 66 63 63 28 49 60 109 71 63 119 0 8 43 58 66 30 30 118 91 28 59 91 87 98 104 0 83 59 71 58
84 82 83 94 83 96 81 36 43 29 28 34 69 69 69 24 24 49 24 89 83 45 47 38 70 67 17 55 82 84 83 83 94 81 96 43 36 25 24 49 65 35 40 34 28 24 49 83 89 42 38 47 66 66 55 17 57 37 17 70 81 44 83 0 34 27 38
51 50 50 62 51 64 49 5 10 18 17 0 49 49 49 22 22 75 22 66 59 25 47 38 46 49 41 80 50 51 51 51 62 49 64 10 5 12 22 19 41 26 41 59 17 22 75 59 66 21 38 47 46 46 80 41 34 5 41 38 49 50 59 34 0 16 38
66 65 65 76 66 78 64 18 25 7 2 16 60 60 60 9 9 68 9 77 71 36 45 36 57 60 34 73 65 66 66 66 76 64 78 25 18 5 9 31 52 26 38 52 2 9 68 71 77 30 36 45 57 57 73 34 45 20 34 53 63 45 71 27 16 0 36
80 79 79 91 80 93 78 37 42 34 36 39 33 33 33 28 28 69 28 64 58 24 10 0 44 31 46 68 79 80 80 80 91 78 93 42 37 38 28 42 39 19 4 60 36 28 69 58 64 22 0 10 33 33 68 46 32 38 46 67 78 74 58 38 39 36 0
