0 9 5 24 13 26 8 55 48 68 67 51 91 91 91 72 72 124 72 107 101 67 89 80 88 91 91 130 9 0 13 13 24 8 26 48 55 61 72 54 83 67 82 109 67 72 124 101 107 62 80 89 88 88 130 91 114 107 13 98 112 88 72 101 48 70 5 80 80 82 26 48
9 0 8 26 15 28 2 54 47 66 66 50 89 89 89 70 70 123 70 106 100 66 88 79 87 90 90 129 0 9 15 15 26 2 28 47 54 60 70 53 81 66 81 108 66 70 123 100 106 61 79 88 86 86 129 90 113 106 15 97 111 86 70 100 47 69 8 79 79 80 28 46
6 8 0 19 8 21 7 54 47 67 66 50 89 89 89 71 71 123 71 106 100 66 88 79 87 90 90 129 8 6 8 8 19 7 21 47 54 60 71 53 81 66 81 108 66 71 123 100 106 61 79 88 86 86 129 90 113 106 8 97 111 86 71 100 47 69 0 79 79 81 21 47
24 26 19 0 13 21 25 65 58 77 77 61 100 100 100 81 81 119 81 117 110 76 98 89 97 100 84 125 26 24 13 13 0 25 21 58 65 71 81 63 92 77 92 98 77 81 119 110 117 72 89 98 97 97 125 84 123 117 13 108 121 97 81 110 58 80 19 89 89 91 21 57
13 15 8 13 0 17 14 54 47 66 66 50 89 89 89 70 70 122 70 106 99 65 87 78 86 89 87 128 15 13 0 0 13 14 17 47 54 60 70 52 81 66 81 101 66 70 122 99 106 61 78 87 86 86 128 87 112 106 0 97 110 86 70 99 47 69 8 78 78 80 17 46
27 29 22 21 17 0 28 67 60 80 79 63 103 103 103 84 84 133 84 119 113 79 101 92 100 103 98 139 29 27 17 17 21 28 0 60 67 73 84 66 95 79 94 112 79 84 133 113 119 74 92 101 100 100 139 98 126 119 17 110 124 100 84 113 60 82 22 92 92 94 0 60
8 2 7 25 14 27 0 53 46 65 65 49 88 88 88 69 69 122 69 105 99 65 87 78 86 89 89 128 2 8 14 14 25 0 27 46 53 59 69 52 80 65 80 107 65 69 122 99 105 60 78 87 85 85 128 89 112 105 14 96 110 85 69 99 46 68 7 78 78 79 27 45
55 54 54 66 55 68 53 0 14 20 19 5 47 47 47 24 24 77 24 64 58 24 46 37 45 48 43 82 54 55 55 55 66 53 68 14 0 14 24 19 39 24 39 61 19 24 77 58 64 19 37 46 44 44 82 43 71 64 55 55 69 44 24 58 14 27 54 37 37 39 68 14
48 47 47 59 48 61 46 14 0 26 26 10 56 56 56 30 30 83 30 73 67 33 55 46 54 56 50 89 47 48 48 48 59 46 61 0 14 20 30 18 48 33 48 68 26 30 83 67 73 28 46 55 53 53 89 50 80 73 48 64 78 53 30 67 0 36 47 46 46 47 61 6
68 67 67 78 67 80 65 20 27 0 7 18 58 58 58 6 6 71 6 75 69 34 43 34 56 59 38 77 67 68 67 67 78 65 80 27 20 7 6 33 50 23 36 56 7 6 71 69 75 28 34 43 56 56 77 38 82 75 67 66 80 56 6 69 27 38 67 34 34 35 80 27
67 66 66 78 67 80 65 19 26 7 0 18 61 61 61 9 9 69 9 77 71 36 45 36 58 61 36 75 66 67 67 67 78 65 80 26 19 6 9 33 53 25 38 54 0 9 69 71 77 30 36 45 58 58 75 36 84 77 67 68 82 58 9 71 26 40 66 36 36 37 80 26
51 50 50 62 51 64 49 5 10 18 17 0 49 49 49 22 22 75 22 66 59 25 47 38 46 49 41 80 50 51 51 51 62 49 64 10 5 12 22 19 41 26 41 59 17 22 75 59 66 21 38 47 46 46 80 41 72 66 51 57 70 46 22 59 10 29 50 38 38 40 64 10
91 89 89 101 90 103 88 48 52 58 60 49 0 0 0 53 53 91 53 39 33 38 39 34 15 5 77 90 89 91 90 90 101 88 103 52 48 56 53 53 16 39 36 93 60 53 91 33 39 33 34 39 4 4 90 77 46 39 90 30 44 4 53 33 52 28 89 34 33 35 103 51
91 89 89 101 90 103 88 48 52 58 60 49 0 0 0 53 53 91 53 39 33 38 39 34 15 5 77 90 89 91 90 90 101 88 103 52 48 56 53 53 16 39 36 93 60 53 91 33 39 33 34 39 4 4 90 77 46 39 90 30 44 4 53 33 52 28 89 34 33 35 103 51
91 89 89 101 90 103 88 48 52 58 60 49 0 0 0 53 53 91 53 39 33 38 39 34 15 5 77 90 89 91 90 90 101 88 103 52 48 56 53 53 16 39 36 93 60 53 91 33 39 33 34 39 4 4 90 77 46 39 90 30 44 4 53 33 52 28 89 34 33 35 103 51
72 70 71 82 71 84 69 24 31 7 9 22 53 53 53 0 0 66 0 70 64 28 37 28 51 54 32 71 70 72 71 71 82 69 84 31 24 11 0 37 45 18 30 50 9 0 66 64 70 22 28 37 50 50 71 32 77 70 71 61 75 50 0 64 31 33 71 28 28 30 84 30
72 70 71 82 71 84 69 24 31 7 9 22 53 53 53 0 0 66 0 70 64 28 37 28 51 54 32 71 70 72 71 71 82 69 84 31 24 11 0 37 45 18 30 50 9 0 66 64 70 22 28 37 50 50 71 32 77 70 71 61 75 50 0 64 31 33 71 28 28 30 84 30
124 123 123 119 122 133 122 76 83 71 69 75 91 91 91 66 66 0 66 125 119 87 66 69 101 88 39 6 123 124 122 122 119 122 133 83 76 66 66 90 100 77 69 21 69 66 0 119 125 84 69 66 91 91 6 39 132 125 122 116 130 91 66 119 83 93 123 69 69 70 133 83
72 70 71 82 71 84 69 24 31 7 9 22 53 53 53 0 0 66 0 70 64 28 37 28 51 54 32 71 70 72 71 71 82 69 84 31 24 11 0 37 45 18 30 50 9 0 66 64 70 22 28 37 50 50 71 32 77 70 71 61 75 50 0 64 31 33 71 28 28 30 84 30
107 106 106 117 107 119 105 64 69 75 77 66 39 39 39 70 70 125 70 0 8 55 73 64 25 39 98 124 106 107 107 107 117 105 119 69 64 73 70 69 34 55 67 116 77 70 125 8 0 49 64 73 36 36 124 98 7 0 107 14 5 36 70 8 69 45 106 64 64 66 119 68
101 99 100 111 100 113 98 58 62 69 71 59 33 33 33 63 63 119 63 8 0 48 66 58 19 33 91 118 99 101 100 100 111 98 113 62 58 66 63 63 28 49 60 109 71 63 119 0 8 43 58 66 30 30 118 91 15 8 100 7 13 30 63 0 62 38 100 58 58 60 113 62
67 66 66 78 67 80 65 24 29 33 36 26 38 38 38 28 28 87 28 55 48 0 33 24 35 38 54 88 66 67 67 67 78 65 80 29 24 33 28 29 30 11 26 72 36 28 87 48 55 9 24 33 35 35 88 54 61 55 67 46 59 35 28 48 29 18 66 24 24 26 80 28
89 88 88 100 89 102 87 46 51 43 45 48 38 38 38 37 37 66 37 73 66 33 0 10 49 37 56 64 88 89 89 89 100 87 102 51 46 47 37 52 48 28 12 63 45 37 66 66 73 31 10 0 38 38 64 56 79 73 89 64 77 38 37 66 51 37 88 10 10 11 102 50
80 79 79 91 80 93 78 37 42 34 36 39 33 33 33 28 28 69 28 64 58 24 10 0 44 31 46 68 79 80 80 80 91 78 93 42 37 38 28 42 39 19 4 60 36 28 69 58 64 22 0 10 33 33 68 46 71 64 80 56 69 33 28 58 42 28 79 0 2 4 93 41
88 87 87 98 87 100 85 45 49 56 58 46 16 16 16 50 50 101 50 25 19 36 49 44 0 15 79 100 87 88 87 87 98 85 100 49 45 53 50 50 15 36 46 96 58 50 101 19 25 30 44 49 13 13 100 79 32 25 87 16 30 13 50 19 49 26 87 44 44 46 100 49
91 90 90 102 91 104 89 48 53 59 61 50 5 5 5 54 54 88 54 39 33 39 37 32 15 0 76 86 90 91 91 91 102 89 104 53 48 57 54 54 17 39 34 91 61 54 88 33 39 34 32 37 5 5 86 76 46 39 91 30 44 5 54 33 53 29 90 32 32 34 104 52
91 90 90 84 87 98 89 43 50 38 35 41 77 77 77 32 32 39 32 98 92 54 55 46 79 76 0 45 90 91 87 87 84 89 98 50 43 33 32 57 73 44 49 19 35 32 39 92 98 50 46 55 75 75 45 0 105 98 87 89 103 75 32 92 50 61 90 46 46 48 98 50
131 129 129 125 128 139 128 83 89 77 75 81 89 89 89 72 72 7 72 124 117 88 64 68 99 86 46 0 129 131 128 128 125 128 139 89 83 72 72 96 99 83 70 28 75 72 7 117 124 86 68 64 89 89 0 46 130 124 128 115 128 89 72 117 89 92 129 68 68 69 139 89
9 0 8 26 15 28 2 54 47 66 66 50 89 89 89 70 70 123 70 106 100 66 88 79 87 90 90 129 0 9 15 15 26 2 28 47 54 60 70 53 81 66 81 108 66 70 123 100 106 61 79 88 86 86 129 90 113 106 15 97 111 86 70 100 47 69 8 79 79 80 28 46
0 9 5 24 13 26 8 55 48 68 67 51 91 91 91 72 72 124 72 107 101 67 89 80 88 91 91 130 9 0 13 13 24 8 26 48 55 61 72 54 83 67 82 109 67 72 124 101 107 62 80 89 88 88 130 91 114 107 13 98 112 88 72 101 48 70 5 80 80 82 26 48
13 15 8 13 0 17 14 54 47 66 66 50 89 89 89 70 70 122 70 106 99 65 87 78 86 89 87 128 15 13 0 0 13 14 17 47 54 60 70 52 81 66 81 101 66 70 122 99 106 61 78 87 86 86 128 87 112 106 0 97 110 86 70 99 47 69 8 78 78 80 17 46
13 15 8 13 0 17 14 54 47 66 66 50 89 89 89 70 70 122 70 106 99 65 87 78 86 89 87 128 15 13 0 0 13 14 17 47 54 60 70 52 81 66 81 101 66 70 122 99 106 61 78 87 86 86 128 87 112 106 0 97 110 86 70 99 47 69 8 78 78 80 17 46
24 26 19 0 13 21 25 65 58 77 77 61 100 100 100 81 81 119 81 117 110 76 98 89 97 100 84 125 26 24 13 13 0 25 21 58 65 71 81 63 92 77 92 98 77 81 119 110 117 72 89 98 97 97 125 84 123 117 13 108 121 97 81 110 58 80 19 89 89 91 21 57
8 2 7 25 14 27 0 53 46 65 65 49 88 88 88 69 69 122 69 105 99 65 87 78 86 89 89 128 2 8 14 14 25 0 27 46 53 59 69 52 80 65 80 107 65 69 122 99 105 60 78 87 85 85 128 89 112 105 14 96 110 85 69 99 46 68 7 78 78 79 27 45
27 29 22 21 17 0 28 67 60 80 79 63 103 103 103 84 84 133 84 119 113 79 101 92 100 103 98 139 29 27 17 17 21 28 0 60 67 73 84 66 95 79 94 112 79 84 133 113 119 74 92 101 100 100 139 98 126 119 17 110 124 100 84 113 60 82 22 92 92 94 0 60
48 47 47 59 48 61 46 14 0 26 26 10 56 56 56 30 30 83 30 73 67 33 55 46 54 56 50 89 47 48 48 48 59 46 61 0 14 20 30 18 48 33 48 68 26 30 83 67 73 28 46 55 53 53 89 50 80 73 48 64 78 53 30 67 0 36 47 46 46 47 61 6
55 54 54 66 55 68 53 0 14 20 19 5 47 47 47 24 24 77 24 64 58 24 46 37 45 48 43 82 54 55 55 55 66 53 68 14 0 14 24 19 39 24 39 61 19 24 77 58 64 19 37 46 44 44 82 43 71 64 55 55 69 44 24 58 14 27 54 37 37 39 68 14
62 60 60 72 61 74 59 14 20 7 6 12 56 56 56 11 11 66 11 72 66 32 47 38 53 56 33 72 60 62 61 61 72 59 74 20 14 0 11 27 48 28 40 51 6 11 66 66 72 27 38 47 53 53 72 33 79 72 61 63 77 53 11 66 20 35 60 38 38 40 74 20
72 70 71 82 71 84 69 24 31 7 9 22 53 53 53 0 0 66 0 70 64 28 37 28 51 54 32 71 70 72 71 71 82 69 84 31 24 11 0 37 45 18 30 50 9 0 66 64 70 22 28 37 50 50 71 32 77 70 71 61 75 50 0 64 31 33 71 28 28 30 84 30
53 52 52 63 52 65 50 18 19 33 33 19 53 53 53 37 37 90 37 70 64 30 52 43 51 54 57 96 52 53 52 52 63 50 65 19 18 27 37 0 45 30 45 74 33 37 90 64 70 25 43 52 50 50 96 57 77 70 52 61 75 50 37 64 19 33 52 43 43 44 65 18
83 81 82 93 82 95 80 40 44 50 53 41 17 17 17 45 45 101 45 34 28 30 48 39 15 17 73 100 81 83 82 82 93 80 95 44 40 48 45 45 0 31 42 91 53 45 101 28 34 25 39 48 14 14 100 73 41 34 82 26 39 14 45 28 44 20 82 39 39 41 95 44
68 66 67 78 67 80 65 25 29 23 25 26 39 39 39 18 18 77 18 55 49 11 28 19 36 39 44 83 66 68 67 67 78 65 80 29 25 28 18 30 31 0 21 62 25 18 77 49 55 10 19 28 36 36 83 44 62 55 67 46 60 36 18 49 29 18 67 19 19 21 80 29
82 81 81 93 82 95 80 39 44 36 38 41 35 35 35 31 31 69 31 67 60 26 12 4 46 34 49 70 81 82 82 82 93 80 95 44 39 40 31 45 41 21 0 61 38 31 69 60 67 25 4 12 35 35 70 49 73 67 82 58 71 35 31 60 44 30 81 4 4 6 95 43
109 108 108 98 101 112 107 61 68 56 53 59 92 92 92 50 50 21 50 116 110 72 63 61 97 91 19 27 108 109 101 101 98 107 112 68 61 51 50 74 91 62 61 0 53 50 21 110 116 68 61 63 92 92 27 19 123 116 101 107 121 92 50 110 68 79 108 61 61 63 112 68
67 66 66 78 67 80 65 19 26 7 0 18 61 61 61 9 9 69 9 77 71 36 45 36 58 61 36 75 66 67 67 67 78 65 80 26 19 6 9 33 53 25 38 54 0 9 69 71 77 30 36 45 58 58 75 36 84 77 67 68 82 58 9 71 26 40 66 36 36 37 80 26
72 70 71 82 71 84 69 24 31 7 9 22 53 53 53 0 0 66 0 70 64 28 37 28 51 54 32 71 70 72 71 71 82 69 84 31 24 11 0 37 45 18 30 50 9 0 66 64 70 22 28 37 50 50 71 32 77 70 71 61 75 50 0 64 31 33 71 28 28 30 84 30
124 123 123 119 122 133 122 76 83 71 69 75 91 91 91 66 66 0 66 125 119 87 66 69 101 88 39 6 123 124 122 122 119 122 133 83 76 66 66 90 100 77 69 21 69 66 0 119 125 84 69 66 91 91 6 39 132 125 122 116 130 91 66 119 83 93 123 69 69 70 133 83
101 99 100 111 100 113 98 58 62 69 71 59 33 33 33 63 63 119 63 8 0 48 66 58 19 33 91 118 99 101 100 100 111 98 113 62 58 66 63 63 28 49 60 109 71 63 119 0 8 43 58 66 30 30 118 91 15 8 100 7 13 30 63 0 62 38 100 58 58 60 113 62
107 106 106 117 107 119 105 64 69 75 77 66 39 39 39 70 70 125 70 0 8 55 73 64 25 39 98 124 106 107 107 107 117 105 119 69 64 73 70 69 34 55 67 116 77 70 125 8 0 49 64 73 36 36 124 98 7 0 107 14 5 36 70 8 69 45 106 64 64 66 119 68
62 61 61 72 62 74 60 19 24 27 30 21 33 33 33 22 22 84 22 50 44 9 31 22 31 34 50 86 61 62 62 62 72 60 74 24 19 28 22 24 25 10 25 68 30 22 84 44 50 0 22 31 30 30 86 50 57 50 62 41 55 30 22 44 24 13 61 22 22 24 74 23
80 79 79 91 80 93 78 37 42 34 36 39 33 33 33 28 28 69 28 64 58 24 10 0 44 31 46 68 79 80 80 80 91 78 93 42 37 38 28 42 39 19 4 60 36 28 69 58 64 22 0 10 33 33 68 46 71 64 80 56 69 33 28 58 42 28 79 0 2 4 93 41
89 88 88 100 89 102 87 46 51 43 45 48 38 38 38 37 37 66 37 73 66 33 0 10 49 37 56 64 88 89 89 89 100 87 102 51 46 47 37 52 48 28 12 63 45 37 66 66 73 31 10 0 38 38 64 56 79 73 89 64 77 38 37 66 51 37 88 10 10 11 102 50
88 87 87 98 88 100 86 45 50 56 58 47 5 5 5 51 51 91 51 36 30 36 38 33 13 5 75 90 87 88 88 88 98 86 100 50 45 53 51 50 13 36 35 92 58 51 91 30 36 30 33 38 0 0 90 75 43 36 88 27 41 0 51 30 50 26 87 33 33 35 100 49
88 87 87 98 88 100 86 45 50 56 58 47 5 5 5 51 51 91 51 36 30 36 38 33 13 5 75 90 87 88 88 88 98 86 100 50 45 53 51 50 13 36 35 92 58 51 91 30 36 30 33 38 0 0 90 75 43 36 88 27 41 0 51 30 50 26 87 33 33 35 100 49
131 129 129 125 128 139 128 83 89 77 75 81 89 89 89 72 72 7 72 124 117 88 64 68 99 86 46 0 129 131 128 128 125 128 139 89 83 72 72 96 99 83 70 28 75 72 7 117 124 86 68 64 89 89 0 46 130 124 128 115 128 89 72 117 89 92 129 68 68 69 139 89
91 90 90 84 87 98 89 43 50 38 35 41 77 77 77 32 32 39 32 98 92 54 55 46 79 76 0 45 90 91 87 87 84 89 98 50 43 33 32 57 73 44 49 19 35 32 39 92 98 50 46 55 75 75 45 0 105 98 87 89 103 75 32 92 50 61 90 46 46 48 98 50
114 112 113 124 113 126 111 71 75 82 84 72 46 46 46 76 76 132 76 7 15 62 79 71 32 46 104 131 112 114 113 113 124 111 126 75 71 79 76 76 41 62 73 122 84 76 132 15 7 56 71 79 43 43 131 104 0 7 113 20 4 43 76 15 75 51 113 71 71 73 126 75
107 106 106 117 107 119 105 64 69 75 77 66 39 39 39 70 70 125 70 0 8 55 73 64 25 39 98 124 106 107 107 107 117 105 119 69 64 73 70 69 34 55 67 116 77 70 125 8 0 49 64 73 36 36 124 98 7 0 107 14 5 36 70 8 69 45 106 64 64 66 119 68
13 15 8 13 0 17 14 54 47 66 66 50 89 89 89 70 70 122 70 106 99 65 87 78 86 89 87 128 15 13 0 0 13 14 17 47 54 60 70 52 81 66 81 101 66 70 122 99 106 61 78 87 86 86 128 87 112 106 0 97 110 86 70 99 47 69 8 78 78 80 17 46
98 97 97 109 98 111 96 55 60 66 68 57 31 31 31 61 61 116 61 14 7 46 64 56 17 31 89 115 97 98 98 98 109 96 111 60 55 64 61 60 26 46 58 107 68 61 116 7 14 41 56 64 28 28 115 89 20 14 98 0 18 28 61 7 60 36 97 56 56 57 111 59
112 110 111 122 111 124 109 69 73 80 82 70 44 44 44 74 74 130 74 5 13 59 77 69 30 44 102 128 110 112 111 111 122 109 124 73 69 77 74 74 39 60 71 120 82 74 130 13 5 54 69 77 41 41 128 102 4 5 111 18 0 41 74 13 73 49 111 69 69 71 124 73
88 87 87 98 88 100 86 45 50 56 58 47 5 5 5 51 51 91 51 36 30 36 38 33 13 5 75 90 87 88 88 88 98 86 100 50 45 53 51 50 13 36 35 92 58 51 91 30 36 30 33 38 0 0 90 75 43 36 88 27 41 0 51 30 50 26 87 33 33 35 100 49
72 70 71 82 71 84 69 24 31 7 9 22 53 53 53 0 0 66 0 70 64 28 37 28 51 54 32 71 70 72 71 71 82 69 84 31 24 11 0 37 45 18 30 50 9 0 66 64 70 22 28 37 50 50 71 32 77 70 71 61 75 50 0 64 31 33 71 28 28 30 84 30
101 99 100 111 100 113 98 58 62 69 71 59 33 33 33 63 63 119 63 8 0 48 66 58 19 33 91 118 99 101 100 100 111 98 113 62 58 66 63 63 28 49 60 109 71 63 119 0 8 43 58 66 30 30 118 91 15 8 100 7 13 30 63 0 62 38 100 58 58 60 113 62
48 47 47 59 48 61 46 14 0 26 26 10 56 56 56 30 30 83 30 73 67 33 55 46 54 56 50 89 47 48 48 48 59 46 61 0 14 20 30 18 48 33 48 68 26 30 83 67 73 28 46 55 53 53 89 50 80 73 48 64 78 53 30 67 0 36 47 46 46 47 61 6
70 69 69 81 70 83 68 27 32 38 40 29 29 29 29 33 33 93 33 45 40 18 37 28 26 29 61 92 69 70 70 70 81 68 83 32 27 36 33 32 21 18 30 79 40 33 93 40 45 13 28 37 26 26 92 61 52 45 70 37 50 26 33 40 32 0 69 28 28 30 83 31
6 8 0 19 8 21 7 54 47 67 66 50 89 89 89 71 71 123 71 106 100 66 88 79 87 90 90 129 8 6 8 8 19 7 21 47 54 60 71 53 81 66 81 108 66 71 123 100 106 61 79 88 86 86 129 90 113 106 8 97 111 86 71 100 47 69 0 79 79 81 21 47
80 79 79 91 80 93 78 37 42 34 36 39 33 33 33 28 28 69 28 64 58 24 10 0 44 31 46 68 79 80 80 80 91 78 93 42 37 38 28 42 39 19 4 60 36 28 69 58 64 22 0 10 33 33 68 46 71 64 80 56 69 33 28 58 42 28 79 0 2 4 93 41
80 79 79 91 80 93 78 37 42 34 36 39 33 33 33 28 28 69 28 65 58 24 11 2 44 32 47 68 79 80 80 80 91 78 93 42 37 38 28 43 39 19 4 61 36 28 69 58 65 23 2 11 33 33 68 47 71 65 80 56 69 33 28 58 42 28 79 2 0 4 93 41
82 81 81 92 82 94 80 39 44 35 37 41 35 35 35 30 30 70 30 66 60 26 11 4 46 33 48 69 81 82 82 82 92 80 94 44 39 40 30 44 41 21 6 63 37 30 70 60 66 24 4 11 35 35 69 48 73 66 82 57 71 35 30 60 44 30 81 4 4 0 94 43
27 29 22 21 17 0 28 67 60 80 79 63 103 103 103 84 84 133 84 119 113 79 101 92 100 103 98 139 29 27 17 17 21 28 0 60 67 73 84 66 95 79 94 112 79 84 133 113 119 74 92 101 100 100 139 98 126 119 17 110 124 100 84 113 60 82 22 92 92 94 0 60
48 46 47 58 47 60 45 14 6 26 25 10 56 56 56 30 30 83 30 72 66 32 54 45 53 56 49 88 46 48 47 47 58 45 60 6 14 20 30 18 48 32 47 67 25 30 83 66 72 27 45 54 53 53 88 49 79 72 47 63 77 53 30 66 6 35 47 45 45 47 60 0
