0 31 8 36 25 28 25 2 17 19 35 18 20 30 18 34 59 13 24 41 22 34 50 12 49 28 60 63 44 45 61 12 58 66 52 11 26 49 38 13 47 51 6 35 40 19 11 30 27 8 10 21 61 16 30 43 28 10 12 6 32 14 41 32 17 33 37 20 31 29 22 32 43 43 50 23 57 62 51 44 26 10 46 54 49 12 56 42 60 19 47 11 8 23 27 34 23 16 57 24 91 69 59 69 91 76 47 31 47 76 69 35 3 36 70 74 43 26 43 74 88 64 54 64 88
31 0 27 57 11 6 56 31 15 31 5 14 12 30 46 64 34 43 8 72 27 64 78 27 69 16 36 92 65 73 36 42 28 47 54 40 55 52 17 42 25 22 33 60 71 30 38 58 51 29 23 24 31 44 3 72 59 35 25 36 1 18 70 34 46 63 44 50 10 14 30 62 66 58 75 12 36 91 64 67 28 37 19 29 51 38 84 46 75 50 26 34 31 10 45 7 47 40 80 18 118 91 70 63 73 106 74 46 35 52 100 66 32 8 40 102 69 38 22 45 112 82 58 50 63
8 27 0 43 23 24 31 6 13 23 31 13 18 23 20 39 57 19 20 47 25 41 57 15 56 27 59 70 51 51 59 15 53 66 46 14 33 43 36 16 46 48 6 42 45 23 18 37 26 12 11 23 57 23 26 49 34 9 14 10 28 11 48 25 20 40 42 26 24 28 25 39 50 49 57 21 56 69 57 51 29 11 43 52 43 12 63 36 66 24 40 17 13 19 33 31 30 23 64 17 98 76 65 72 92 82 54 37 48 75 74 40 10 32 66 76 44 20 37 69 88 62 48 57 81
36 57 43 0 47 52 31 38 47 27 58 48 46 65 44 35 69 29 52 37 31 24 28 32 14 43 68 42 9 27 72 39 82 67 87 39 20 84 53 39 58 70 40 10 44 28 26 18 54 32 37 34 77 23 55 29 30 43 33 36 58 42 24 67 41 27 23 30 61 46 28 27 10 12 21 46 63 40 20 11 31 42 63 65 84 44 32 77 26 36 79 26 30 48 12 55 14 21 23 57 63 35 29 54 86 57 23 13 48 82 65 38 33 56 87 82 63 60 75 101 105 90 88 98 119
25 11 23 47 0 6 49 25 11 21 12 11 6 34 42 57 35 36 9 65 17 55 69 18 59 7 36 83 55 65 37 37 36 44 59 35 47 56 14 37 23 27 28 50 65 20 29 50 48 21 15 14 36 35 8 64 51 31 16 30 12 12 61 38 41 55 34 43 18 6 20 54 56 48 66 3 34 82 53 57 18 33 21 30 56 34 74 50 65 44 35 25 23 5 35 10 37 31 70 21 108 80 60 56 71 97 65 36 29 53 94 59 24 11 46 98 66 38 32 54 110 83 63 58 73
28 6 24 52 6 0 52 28 12 26 8 11 8 32 44 61 34 39 6 68 22 59 73 22 64 12 36 88 60 69 37 39 32 46 56 37 51 53 15 39 24 24 29 55 67 25 33 54 49 24 19 19 34 39 4 68 54 32 20 33 7 14 65 35 43 59 39 46 14 10 25 58 61 53 70 7 36 86 59 62 23 34 20 30 52 35 79 47 70 46 30 30 26 5 40 7 42 36 75 18 113 85 65 59 72 101 69 41 32 53 96 62 27 9 43 100 67 37 27 50 110 82 60 54 68
25 56 31 31 49 52 0 26 42 35 59 43 45 48 18 9 81 13 49 17 40 13 30 32 41 50 81 41 36 23 84 17 83 85 64 19 12 61 61 17 69 75 25 24 17 36 21 14 27 29 34 41 84 16 55 20 4 25 33 21 57 39 21 49 16 11 46 6 55 52 38 10 33 42 33 47 78 40 51 33 43 23 70 76 62 23 35 55 56 9 70 25 27 47 31 58 22 22 44 47 71 56 60 80 108 52 28 36 65 98 45 11 25 60 94 55 33 39 67 99 74 60 64 83 111
2 31 6 38 25 28 26 0 17 21 35 18 21 28 18 34 59 14 24 42 24 35 51 13 51 29 61 64 46 46 62 12 58 67 50 10 28 47 39 12 48 51 4 36 40 21 13 31 25 10 11 22 61 17 30 44 28 8 13 5 32 14 42 30 16 34 39 20 30 30 23 33 45 45 51 23 58 63 53 45 27 9 46 55 47 10 57 40 62 19 46 13 10 23 29 34 24 18 59 23 93 70 61 70 92 77 48 33 48 77 70 35 5 36 70 73 42 24 42 74 87 62 52 62 87
17 15 13 47 11 12 42 17 0 22 18 1 6 25 33 50 45 29 8 58 21 50 65 16 60 17 47 79 55 60 47 28 42 55 50 26 42 47 25 28 34 35 18 48 57 21 25 45 38 16 10 17 45 30 14 59 44 21 14 22 15 5 57 28 32 50 39 36 15 17 22 49 55 50 64 9 45 78 57 56 24 23 31 40 46 24 71 40 68 35 33 22 18 7 36 18 35 28 69 12 106 81 64 65 82 92 62 38 39 63 86 52 18 20 54 89 56 28 29 58 100 72 53 53 73
19 31 23 27 21 26 35 21 22 0 31 23 20 44 36 43 47 24 26 49 5 38 50 9 39 18 47 65 35 47 50 30 56 51 69 29 30 66 28 30 35 45 25 31 52 1 15 32 45 12 14 8 53 20 28 46 37 29 10 24 32 18 43 47 34 39 19 30 36 20 3 38 36 29 46 19 43 63 36 37 8 29 38 42 66 31 55 59 46 33 54 11 12 22 15 29 19 14 50 34 89 61 43 50 74 79 46 17 30 63 79 46 17 30 63 89 61 43 50 74 105 83 71 75 93
35 5 31 58 12 8 59 35 18 31 0 18 15 35 50 68 29 46 12 75 28 66 80 29 70 15 32 95 66 76 31 46 25 42 58 44 58 56 13 46 20 17 36 61 74 31 40 61 55 31 26 24 27 46 5 75 62 39 27 40 5 21 72 39 50 66 43 53 15 13 30 65 67 58 77 13 32 93 63 68 28 41 14 25 55 42 85 50 74 53 28 36 33 13 46 4 49 42 80 22 120 91 69 59 69 108 76 47 32 48 104 69 35 4 36 106 73 42 25 43 116 87 63 52 63
18 14 13 48 11 11 43 18 1 23 18 0 6 24 33 51 45 30 7 59 21 51 66 16 60 17 47 80 56 61 47 28 41 55 49 27 43 46 25 29 34 35 19 49 57 22 26 46 38 17 11 18 44 31 14 60 45 22 15 23 15 6 58 28 33 51 40 37 14 17 23 50 56 51 64 9 45 79 58 57 24 24 31 40 46 25 72 40 68 36 32 23 19 7 37 18 36 29 70 12 107 82 65 65 82 93 62 39 39 63 87 52 19 19 53 89 56 28 28 57 100 72 52 53 72
20 12 18 46 6 8 45 21 6 20 15 6 0 30 37 53 40 32 7 61 17 52 66 15 58 12 42 81 54 62 42 32 39 50 55 30 44 52 19 32 29 31 23 48 60 19 26 47 43 17 11 14 41 32 11 60 47 26 13 26 13 7 58 33 36 52 36 39 16 11 20 51 55 48 64 4 40 79 54 56 20 28 26 35 51 29 72 45 65 39 34 23 19 3 34 14 35 29 68 17 107 80 61 60 76 94 62 36 33 58 89 55 20 16 50 93 61 33 31 57 105 77 58 56 74
30 30 23 65 34 32 48 28 25 44 35 24 30 0 32 55 64 40 27 63 44 60 77 36 78 41 66 89 73 71 66 32 49 77 26 31 54 23 46 32 55 50 26 63 58 44 40 58 30 34 31 41 59 44 32 68 52 24 35 30 30 27 68 4 33 59 62 44 21 40 45 57 72 71 78 33 66 88 79 73 47 26 49 59 22 25 82 16 88 40 26 40 36 29 56 37 52 45 86 14 118 98 87 89 103 100 74 59 63 82 86 55 32 38 66 81 46 12 24 59 85 53 29 36 64
18 46 20 44 42 44 18 18 33 36 50 33 37 32 0 24 76 16 39 32 40 31 48 29 55 46 78 58 50 41 79 7 72 84 47 8 27 44 56 7 65 67 15 39 27 36 23 30 11 26 28 39 77 22 46 38 21 12 30 13 47 31 39 32 3 29 52 16 43 47 39 27 48 54 50 40 75 58 62 48 43 10 63 71 45 9 53 38 69 9 55 26 25 39 39 50 31 27 61 34 89 72 71 85 109 68 46 44 65 94 56 24 20 52 86 57 25 22 53 86 70 48 46 66 95
34 64 39 35 57 61 9 34 50 43 68 51 53 55 24 0 89 22 57 9 48 12 26 40 42 58 90 35 38 19 92 25 92 93 69 26 16 66 69 24 77 84 34 26 10 44 29 17 31 37 43 49 93 24 63 16 7 33 42 29 65 47 18 56 23 9 52 15 63 60 46 8 34 46 31 55 86 34 54 34 51 31 78 85 68 31 31 61 58 17 78 34 35 56 37 67 28 30 44 55 65 54 63 86 116 45 26 42 73 106 37 4 34 68 103 48 32 46 75 107 70 60 68 90 118
59 34 57 69 35 34 81 59 45 47 29 45 40 64 76 89 0 68 39 96 42 84 95 49 78 31 4 110 76 92 3 70 30 17 86 69 76 84 21 71 12 17 62 76 97 46 60 78 82 53 49 41 15 66 33 92 82 65 48 64 34 46 89 67 75 85 48 75 43 30 45 85 78 64 90 37 9 108 66 79 40 67 15 5 83 68 100 79 76 77 51 56 55 38 59 28 65 60 89 51 130 98 68 44 42 125 90 56 23 19 125 91 57 26 22 132 100 71 49 47 144 115 91 75 73
13 43 19 29 36 39 13 14 29 24 46 30 32 40 16 22 68 0 36 29 28 22 38 19 41 37 69 51 36 32 71 11 71 74 59 11 15 56 48 11 57 62 15 25 30 24 9 18 26 16 21 28 72 7 42 30 16 16 21 10 44 26 29 41 14 21 37 8 43 39 26 20 34 38 39 34 65 50 46 34 31 14 57 64 57 16 44 50 54 10 59 13 14 34 23 45 16 12 47 36 80 59 56 71 97 64 35 29 53 85 58 24 12 47 81 66 39 33 56 87 83 63 60 75 100
24 8 20 52 9 6 49 24 8 26 12 7 7 27 39 57 39 36 0 65 23 57 72 21 64 15 42 86 60 67 42 35 35 51 51 33 49 48 20 35 29 28 25 54 64 25 31 52 44 22 17 20 38 37 7 65 52 28 19 29 8 11 63 30 39 57 41 43 10 14 26 56 61 54 70 8 41 85 60 62 25 30 25 35 48 31 77 42 71 43 28 28 24 4 40 12 41 34 75 13 112 86 67 64 78 99 68 42 37 58 93 59 25 14 47 95 62 32 25 51 105 77 55 51 67
41 72 47 37 65 68 17 42 58 49 75 59 61 63 32 9 96 29 65 0 54 14 21 47 42 65 96 27 38 15 98 33 99 99 77 34 21 74 76 32 84 91 42 28 11 50 36 20 38 45 50 55 100 30 71 12 14 41 49 37 73 55 16 64 31 11 57 22 71 67 52 12 34 48 29 63 92 27 56 33 57 39 85 91 75 39 25 68 58 25 86 40 43 63 41 74 33 36 41 63 58 51 64 90 120 37 23 46 78 112 30 9 41 76 110 46 36 54 83 115 70 64 75 98 126
22 27 25 31 17 22 40 24 21 5 28 21 17 44 40 48 42 28 23 54 0 43 55 11 43 13 42 70 39 51 45 33 52 46 69 32 35 66 23 34 30 40 27 36 57 5 20 37 48 15 14 4 48 25 25 51 41 31 11 27 28 17 48 48 38 44 19 35 33 16 4 43 40 32 51 16 38 68 37 41 4 32 33 37 66 33 60 59 48 38 51 15 16 19 19 25 23 19 53 33 93 64 44 47 70 84 50 20 26 58 84 50 20 26 58 93 64 44 47 70 109 85 72 73 89
34 64 41 24 55 59 13 35 50 38 66 51 52 60 31 12 84 22 57 14 43 0 17 38 30 55 85 30 26 11 87 29 91 87 77 30 9 74 65 29 73 81 36 15 21 39 27 7 40 36 41 45 90 21 62 9 10 37 39 31 65 46 8 61 29 4 44 17 64 57 40 5 22 35 20 53 80 29 43 22 45 34 75 80 75 35 23 68 46 22 81 30 33 54 28 65 21 25 32 57 59 43 52 77 108 43 15 33 66 100 43 16 33 66 100 59 43 52 77 108 82 71 77 95 121
50 78 57 28 69 73 30 51 65 50 80 66 66 77 48 26 95 38 72 21 55 17 0 51 26 67 95 16 24 7 98 46 105 95 94 47 24 91 77 45 84 94 52 20 32 51 41 20 56 50 56 57 102 35 76 11 27 53 53 47 79 61 9 78 45 19 50 33 80 70 52 21 20 37 9 67 89 14 42 19 56 51 87 91 92 52 6 85 41 39 96 44 48 69 37 78 32 38 21 73 42 30 49 80 113 30 5 40 75 109 41 28 48 79 112 64 56 69 93 122 90 85 93 112 137
12 27 15 32 18 22 32 13 16 9 29 16 15 36 29 40 49 19 21 47 11 38 51 0 44 18 50 66 40 47 52 23 54 55 61 22 29 57 29 24 38 44 17 33 48 8 12 32 38 4 6 10 53 18 25 46 34 21 2 17 28 11 44 39 28 38 27 26 30 20 11 37 40 36 49 16 47 64 43 41 15 21 38 45 57 23 57 51 53 28 48 8 6 18 21 28 20 14 54 27 92 66 51 57 80 80 47 24 36 67 77 42 10 29 63 84 54 35 44 71 99 75 63 68 88
49 69 56 14 59 64 41 51 60 39 70 60 58 78 55 42 78 41 64 42 43 30 26 44 0 55 77 38 6 28 81 51 94 74 99 51 30 96 64 51 68 81 53 18 51 40 38 27 65 45 50 46 88 35 67 31 38 56 46 49 70 55 27 80 53 33 30 40 74 58 40 34 8 14 17 58 71 36 17 9 42 54 73 75 97 56 28 90 16 47 92 39 43 61 25 67 27 34 12 70 53 22 24 56 90 53 21 24 56 90 66 45 46 68 98 87 72 73 88 112 111 100 100 111 131
28 16 27 43 7 12 50 29 17 18 15 17 12 41 46 58 31 37 15 65 13 55 67 18 55 0 33 82 52 64 34 40 39 39 66 38 46 63 11 40 20 27 31 48 66 17 30 49 53 22 18 11 36 35 14 63 52 35 17 33 17 16 60 45 45 55 29 44 25 3 16 55 53 43 63 8 30 80 48 54 13 36 21 27 62 38 72 57 59 46 41 25 24 12 32 13 36 31 66 28 106 76 54 49 65 96 63 32 22 49 95 60 26 14 46 101 70 44 38 58 114 88 69 65 78
60 36 59 68 36 36 81 61 47 47 32 47 42 66 78 90 4 69 42 96 42 85 95 50 77 33 0 110 75 92 5 72 34 13 89 70 76 87 23 72 13 21 63 75 98 47 61 78 84 54 50 41 18 66 35 92 83 67 49 65 36 48 89 70 77 86 47 76 46 31 45 85 77 63 89 38 7 108 64 79 40 68 18 8 86 70 99 82 75 78 54 57 56 40 58 30 65 61 88 53 129 96 65 41 38 124 90 56 22 17 126 92 59 29 25 133 102 73 52 50 146 118 94 78 77
63 92 70 42 83 88 41 64 79 65 95 80 81 89 58 35 110 51 86 27 70 30 16 66 38 82 110 0 38 19 113 58 119 109 103 59 38 100 92 57 99 109 65 35 36 66 55 35 65 64 70 72 117 49 91 21 38 66 68 60 93 75 23 89 56 31 65 45 93 85 67 32 34 51 22 82 104 3 55 33 71 63 102 106 102 64 11 95 51 50 110 59 62 83 52 93 47 53 30 86 32 34 61 93 127 15 20 55 89 124 34 36 62 94 127 60 62 80 106 137 88 89 102 124 150
44 65 51 9 55 60 36 46 55 35 66 56 54 73 50 38 76 36 60 38 39 26 24 40 6 52 75 38 0 25 78 46 90 73 94 46 25 91 61 46 66 78 48 13 47 36 34 22 60 40 45 42 85 30 63 28 34 51 42 44 66 51 23 75 48 29 29 35 70 54 36 30 4 14 16 54 69 35 19 5 39 49 70 72 92 51 27 85 21 42 87 34 39 57 20 64 22 29 15 66 55 26 27 57 90 52 19 21 54 88 64 41 41 65 95 83 68 68 84 109 107 95 95 107 127
45 73 51 27 65 69 23 46 60 47 76 61 62 71 41 19 92 32 67 15 51 11 7 47 28 64 92 19 25 0 95 40 100 93 87 41 19 84 74 39 81 90 46 18 25 47 36 16 49 45 51 53 99 30 72 4 20 47 49 42 74 56 4 72 39 13 49 27 74 66 48 14 22 37 14 63 87 18 44 20 53 45 84 88 85 46 12 78 44 32 91 40 43 64 35 74 28 34 26 68 48 36 52 80 113 33 8 38 73 107 39 22 43 75 109 59 50 62 87 118 85 78 86 106 132
61 36 59 72 37 37 84 62 47 50 31 47 42 66 79 92 3 71 42 98 45 87 98 52 81 34 5 113 78 95 0 73 30 17 88 72 79 86 24 74 15 18 64 78 100 49 63 81 85 55 51 44 14 69 35 95 85 68 51 67 36 49 92 69 78 88 51 78 45 33 47 88 81 67 92 39 11 111 68 82 42 69 17 8 84 71 103 80 79 80 52 59 57 41 61 30 67 63 92 53 133 100 70 46 41 128 93 59 26 17 128 94 60 28 21 135 103 73 50 46 146 117 92 76 73
12 42 15 39 37 39 17 12 28 30 46 28 32 32 7 25 70 11 35 33 33 29 46 23 51 40 72 58 46 40 73 0 68 78 50 2 24 46 50 1 59 62 10 34 30 30 16 27 17 19 22 32 72 17 41 37 21 9 23 7 42 25 37 33 5 27 46 13 39 41 32 26 44 48 48 34 69 57 56 44 37 6 58 66 47 7 51 40 64 9 53 19 18 34 33 45 26 21 57 31 87 69 65 79 103 69 44 38 58 88 59 25 14 47 81 62 32 23 50 83 76 54 50 67 94
58 28 53 82 36 32 83 58 42 56 25 41 39 49 72 92 30 71 35 99 52 91 105 54 94 39 34 119 90 100 30 68 0 47 66 67 82 64 31 69 31 16 59 86 98 55 65 85 75 56 50 49 17 71 29 99 86 61 52 63 27 45 97 52 72 91 66 77 30 36 55 90 91 81 102 38 38 118 85 93 52 63 23 29 63 64 110 61 97 76 27 61 58 37 71 27 73 67 105 40 144 115 90 73 70 133 101 70 47 43 127 93 59 26 19 127 93 59 27 19 133 101 71 48 44
66 47 66 67 44 46 85 67 55 51 42 55 50 77 84 93 17 74 51 99 46 87 95 55 74 39 13 109 73 93 17 78 47 0 100 77 79 98 31 78 23 33 70 76 102 50 65 80 92 59 56 46 31 70 45 94 87 74 55 71 47 55 90 81 83 88 45 80 57 39 48 88 76 61 88 46 11 107 60 77 43 75 30 20 97 77 99 92 69 83 67 61 61 49 59 40 67 64 85 63 126 92 59 30 27 124 90 55 21 16 129 96 64 39 37 139 109 82 64 63 153 127 105 91 90
52 54 46 87 59 56 64 50 50 69 58 49 55 26 47 69 86 59 51 77 69 77 94 61 99 66 89 103 94 87 88 50 66 100 0 49 73 4 70 50 78 71 47 84 69 68 62 76 39 58 56 66 79 65 56 84 68 44 59 51 54 52 85 22 49 75 87 62 44 65 70 73 93 94 97 58 90 103 102 93 72 46 71 82 4 44 99 11 111 56 39 63 59 54 79 61 73 67 106 39 134 118 111 114 127 112 92 83 87 104 93 68 55 62 84 80 48 27 40 69 75 41 6 30 64
11 40 14 39 35 37 19 10 26 29 44 27 30 31 8 26 69 11 33 34 32 30 47 22 51 38 70 59 46 41 72 2 67 77 49 0 24 46 48 3 57 61 8 35 31 29 16 28 17 18 21 31 70 17 40 38 22 7 22 6 41 24 38 32 7 28 45 14 38 40 31 27 44 48 48 33 68 58 56 45 36 5 56 64 47 6 52 40 64 10 52 19 17 32 33 44 26 20 58 29 88 69 65 78 102 70 44 38 57 87 61 27 13 45 80 64 33 23 49 82 77 55 50 66 93
26 55 33 20 47 51 12 28 42 30 58 43 44 54 27 16 76 15 49 21 35 9 24 29 30 46 76 38 25 19 79 24 82 79 73 24 0 69 57 23 65 73 29 12 26 30 18 4 37 27 33 36 81 12 54 17 10 30 31 24 56 38 15 55 24 10 37 11 56 49 32 10 22 31 25 45 72 36 39 22 37 28 66 72 70 29 30 63 44 18 73 22 25 46 21 56 13 16 34 50 66 46 49 71 100 51 21 26 58 92 51 19 25 57 92 64 44 46 69 99 85 71 73 89 114
49 52 43 84 56 53 61 47 47 66 56 46 52 23 44 66 84 56 48 74 66 74 91 57 96 63 87 100 91 84 86 46 64 98 4 46 69 0 68 47 76 69 44 80 66 65 59 73 36 55 53 63 77 62 53 81 65 41 56 48 51 49 82 19 46 72 84 59 42 62 67 70 90 91 93 55 88 100 99 90 69 43 69 80 3 41 96 7 108 53 38 60 56 51 75 58 70 64 103 36 131 115 108 111 125 109 89 80 85 102 91 65 52 59 82 78 46 24 38 69 75 40 7 31 65
38 17 36 53 14 15 61 39 25 28 13 25 19 46 56 69 21 48 20 76 23 65 77 29 64 11 23 92 61 74 24 50 31 31 70 48 57 68 0 50 10 18 41 58 77 27 40 59 62 32 28 21 25 46 15 74 63 45 28 43 17 26 70 50 55 66 35 55 27 9 26 65 62 51 73 16 21 91 55 63 22 46 10 16 67 48 82 62 66 56 40 36 34 18 42 10 46 41 75 33 115 85 59 47 58 107 73 40 19 39 105 71 37 9 36 111 80 51 37 50 124 96 74 65 73
13 42 16 39 37 39 17 12 28 30 46 29 32 32 7 24 71 11 35 32 34 29 45 24 51 40 72 57 46 39 74 1 69 78 50 3 23 47 50 0 59 63 10 34 29 30 17 27 17 20 23 33 72 17 42 36 20 9 24 8 43 26 36 33 5 27 46 13 40 42 32 26 44 48 47 35 69 56 56 44 37 7 58 66 48 7 51 40 64 8 54 20 19 34 33 46 26 21 57 31 87 69 65 79 103 68 43 38 59 89 59 25 15 47 82 62 31 24 51 84 76 54 50 67 94
47 25 46 58 23 24 69 48 34 35 20 34 29 55 65 77 12 57 29 84 30 73 84 38 68 20 13 99 66 81 15 59 31 23 78 57 65 76 10 59 0 16 50 65 86 35 49 67 71 41 37 29 20 54 23 81 71 54 37 52 25 35 78 58 64 74 38 64 34 18 33 73 68 55 79 26 12 97 57 69 28 55 9 8 75 57 89 70 68 65 46 44 43 28 48 18 53 49 79 41 120 89 60 43 49 114 79 46 17 30 114 79 46 17 30 120 89 61 43 49 133 105 82 70 74
51 22 48 70 27 24 75 51 35 45 17 35 31 50 67 84 17 62 28 91 40 81 94 44 81 27 21 109 78 90 18 62 16 33 71 61 73 69 18 63 16 0 53 75 91 44 56 75 72 47 42 38 10 62 22 90 77 56 43 56 21 38 87 53 67 82 52 70 29 25 43 81 79 68 90 29 24 107 71 80 39 58 8 15 67 59 99 64 83 70 34 52 49 29 59 18 63 57 92 38 132 102 75 58 58 123 90 58 32 34 120 85 51 16 19 123 90 58 32 34 133 102 76 58 59
6 33 6 40 28 29 25 4 18 25 36 19 23 26 15 34 62 15 25 42 27 36 52 17 53 31 63 65 48 46 64 10 59 70 47 8 29 44 41 10 50 53 0 38 39 24 15 33 22 13 14 25 63 19 32 44 28 5 16 5 33 16 43 28 14 35 42 20 30 32 27 33 47 48 52 26 61 64 56 47 31 5 49 57 45 7 58 37 65 18 45 16 13 24 32 36 27 20 61 22 94 73 64 74 95 77 49 36 51 80 68 34 9 38 72 71 39 21 42 74 84 59 49 61 86
35 60 42 10 50 55 24 36 48 31 61 49 48 63 39 26 76 25 54 28 36 15 20 33 18 48 75 35 13 18 78 34 86 76 84 35 12 80 58 34 65 75 38 0 35 32 25 10 48 33 38 38 83 20 58 19 22 40 35 34 61 44 15 65 36 18 31 23 63 51 32 18 10 21 16 49 70 33 29 10 37 38 68 72 81 40 25 74 33 30 80 27 31 51 18 59 14 20 23 57 59 35 38 64 95 50 15 21 55 90 56 29 32 61 93 73 55 57 76 104 96 83 84 98 121
40 71 45 44 65 67 17 40 57 52 74 57 60 58 27 10 97 30 64 11 57 21 32 48 51 66 98 36 47 25 100 30 98 102 69 31 26 66 77 29 86 91 39 35 0 52 37 26 31 45 50 57 100 33 70 22 16 38 50 35 72 54 25 58 26 18 62 23 69 68 54 18 43 56 38 63 94 37 64 42 60 35 86 93 68 35 36 61 67 22 82 42 43 62 46 74 37 38 51 60 67 61 72 96 125 44 33 52 82 114 30 7 41 75 110 39 26 48 79 113 61 54 67 92 122
19 30 23 28 20 25 36 21 21 1 31 22 19 44 36 44 46 24 25 50 5 39 51 8 40 17 47 66 36 47 49 30 55 50 68 29 30 65 27 30 35 44 24 32 52 0 16 33 45 12 13 7 52 20 28 47 37 29 9 24 31 17 44 47 34 40 19 30 35 20 3 39 37 30 47 18 42 64 36 38 8 29 37 42 65 31 56 58 47 34 53 11 12 21 16 28 19 15 51 33 90 61 44 50 74 80 46 18 30 62 80 46 17 29 62 89 61 43 49 73 105 83 70 74 92
11 38 18 26 29 33 21 13 25 15 40 26 26 40 23 29 60 9 31 36 20 27 41 12 38 30 61 55 34 36 63 16 65 65 62 16 18 59 40 17 49 56 15 25 37 16 0 21 33 10 15 20 65 6 36 35 23 19 13 12 39 21 33 42 21 26 30 15 39 32 18 26 33 33 40 27 57 54 41 33 23 17 50 56 59 19 47 52 50 19 56 5 7 28 17 39 12 6 47 33 82 59 50 63 89 69 37 22 45 77 65 31 8 40 75 74 46 35 53 82 91 70 63 74 97
30 58 37 18 50 54 14 31 45 32 61 46 47 58 30 17 78 18 52 20 37 7 20 32 27 49 78 35 22 16 81 27 85 80 76 28 4 73 59 27 67 75 33 10 26 33 21 0 40 30 36 39 84 15 57 15 12 34 34 28 59 41 12 59 28 9 37 15 60 51 34 9 19 30 21 48 74 33 38 19 39 32 69 74 74 33 26 67 42 22 76 25 28 49 22 59 14 19 31 53 62 42 47 71 101 48 17 27 59 94 49 20 29 60 94 65 46 50 73 103 87 74 76 93 117
27 51 26 54 48 49 27 25 38 45 55 38 43 30 11 31 82 26 44 38 48 40 56 38 65 53 84 65 60 49 85 17 75 92 39 17 37 36 62 17 71 72 22 48 31 45 33 40 0 34 36 47 81 33 51 46 30 18 38 22 51 37 47 29 13 37 62 26 45 53 48 35 58 64 59 46 82 65 72 58 52 17 68 78 38 16 61 31 79 19 55 36 34 44 49 56 41 37 70 36 96 82 81 95 117 74 55 54 73 101 57 29 29 57 90 53 18 19 53 87 62 38 38 62 93
8 29 12 32 21 24 29 10 16 12 31 17 17 34 26 37 53 16 22 45 15 36 50 4 45 22 54 64 40 45 55 19 56 59 58 18 27 55 32 20 41 47 13 33 45 12 10 30 34 0 6 14 56 16 27 44 31 17 5 13 30 12 42 37 24 35 30 23 30 23 14 35 40 37 48 18 50 63 45 41 18 18 41 48 55 19 56 48 55 25 48 7 3 19 22 30 20 13 54 26 91 66 53 61 84 78 46 25 40 70 74 39 6 31 66 80 50 32 44 73 95 71 60 67 88
10 23 11 37 15 19 34 11 10 14 26 11 11 31 28 43 49 21 17 50 14 41 56 6 50 18 50 70 45 51 51 22 50 56 56 21 33 53 28 23 37 42 14 38 50 13 15 36 36 6 0 12 51 21 22 50 36 18 4 16 24 6 47 34 27 41 32 28 25 19 15 40 45 41 54 13 47 68 48 46 18 19 36 44 52 21 61 46 59 29 43 12 8 14 26 25 25 18 59 21 96 71 56 61 82 83 52 29 38 66 79 44 10 26 61 84 53 31 39 67 97 72 58 63 83
21 24 23 34 14 19 41 22 17 8 24 18 14 41 39 49 41 28 20 55 4 45 57 10 46 11 41 72 42 53 44 32 49 46 66 31 36 63 21 33 29 38 25 38 57 7 20 39 47 14 12 0 46 26 22 53 42 30 9 26 25 14 50 45 37 45 22 35 30 13 7 45 43 35 53 13 38 70 41 44 7 30 31 36 63 32 62 56 52 37 48 16 15 16 22 22 25 20 56 29 96 67 48 49 71 86 53 23 27 58 85 51 19 23 56 93 63 42 44 67 108 84 69 70 86
61 31 57 77 36 34 84 61 45 53 27 44 41 59 77 93 15 72 38 100 48 90 102 53 88 36 18 117 85 99 14 72 17 31 79 70 81 77 25 72 20 10 63 83 100 52 65 84 81 56 51 46 0 70 31 98 87 65 52 66 31 47 95 62 76 90 58 79 38 33 51 90 87 75 98 38 24 116 77 88 47 67 16 15 75 68 107 72 88 79 41 60 58 39 66 27 71 66 99 47 140 108 80 59 54 132 98 65 36 27 129 95 60 26 11 133 99 67 40 32 142 111 84 64 59
16 44 23 23 35 39 16 17 30 20 46 31 32 44 22 24 66 7 37 30 25 21 35 18 35 35 66 49 30 30 69 17 71 70 65 17 12 62 46 17 54 62 19 20 33 20 6 15 33 16 21 26 70 0 42 29 17 22 19 15 45 27 27 46 20 21 32 11 45 38 22 20 28 32 34 33 62 48 40 29 28 20 55 61 62 22 41 55 48 16 62 10 13 34 17 45 9 6 42 39 77 54 49 66 93 63 32 23 49 82 60 26 14 46 80 70 44 38 58 88 88 70 66 79 102
30 3 26 55 8 4 55 30 14 28 5 14 11 32 46 63 33 42 7 71 25 62 76 25 67 14 35 91 63 72 35 41 29 45 56 40 54 53 15 42 23 22 32 58 70 28 36 57 51 27 22 22 31 42 0 71 57 35 24 35 4 17 68 36 46 62 42 49 13 11 28 61 64 56 74 10 35 89 61 65 26 37 18 28 52 38 82 48 72 49 28 33 29 8 43 6 45 39 78 19 116 88 67 60 72 104 72 44 33 51 99 65 30 7 40 102 69 38 25 47 112 83 60 52 65
43 72 49 29 64 68 20 44 59 46 75 60 60 68 38 16 92 30 65 12 51 9 11 46 31 63 92 21 28 4 95 37 99 94 84 38 17 81 74 36 81 90 44 19 22 47 35 15 46 44 50 53 98 29 71 0 17 45 48 39 73 55 5 69 36 10 50 24 73 65 48 11 24 39 17 62 88 21 46 23 53 42 83 88 82 43 16 75 47 29 89 39 42 63 35 73 28 33 30 66 51 40 54 82 114 34 12 39 73 108 37 18 42 74 108 56 46 59 85 116 81 74 83 103 129
28 59 34 30 51 54 4 28 44 37 62 45 47 52 21 7 82 16 52 14 41 10 27 34 38 52 83 38 34 20 85 21 86 87 68 22 10 65 63 20 71 77 28 22 16 37 23 12 30 31 36 42 87 17 57 17 0 29 35 24 59 41 18 52 19 8 46 9 58 54 39 6 31 41 30 49 79 37 49 30 44 26 72 78 66 27 32 59 54 13 73 27 29 49 31 60 22 23 42 50 68 53 58 80 109 49 25 36 66 99 43 10 28 62 96 54 34 43 70 102 75 62 67 87 114
10 35 9 43 31 32 25 8 21 29 39 22 26 24 12 33 65 16 28 41 31 37 53 21 56 35 67 66 51 47 68 9 61 74 44 7 30 41 45 9 54 56 5 40 38 29 19 34 18 17 18 30 65 22 35 45 29 0 21 8 36 20 44 25 12 35 46 21 31 36 31 34 49 51 54 29 65 65 59 50 35 3 52 61 41 3 59 34 68 17 45 20 17 28 36 39 30 24 63 23 95 75 68 78 100 77 51 40 56 83 67 33 13 41 74 68 35 17 42 75 80 55 45 59 86
12 25 14 33 16 20 33 13 14 10 27 15 13 35 30 42 48 21 19 49 11 39 53 2 46 17 49 68 42 49 51 23 52 55 59 22 31 56 28 24 37 43 16 35 50 9 13 34 38 5 4 9 52 19 24 48 35 21 0 17 26 9 45 38 28 39 28 28 28 19 11 39 42 37 51 15 46 66 45 43 15 21 37 44 56 23 59 49 55 29 46 10 7 16 22 26 22 16 56 25 94 67 52 58 80 81 49 25 36 66 78 44 10 27 62 85 54 34 42 69 99 75 62 66 86
6 36 10 36 30 33 21 5 22 24 40 23 26 30 13 29 64 10 29 37 27 31 47 17 49 33 65 60 44 42 67 7 63 71 51 6 24 48 43 8 52 56 5 34 35 24 12 28 22 13 16 26 66 15 35 39 24 8 17 0 37 19 38 32 12 30 40 16 34 34 26 29 42 44 48 28 62 59 53 43 31 6 51 59 48 8 53 41 61 14 50 14 12 28 29 39 23 17 56 27 89 68 61 73 96 72 45 34 52 82 65 30 8 41 75 69 38 24 47 78 83 60 52 65 91
32 1 28 58 12 7 57 32 15 32 5 15 13 30 47 65 34 44 8 73 28 65 79 28 70 17 36 93 66 74 36 42 27 47 54 41 56 51 17 43 25 21 33 61 72 31 39 59 51 30 24 25 31 45 4 73 59 36 26 37 0 19 71 34 47 64 45 51 10 15 31 63 67 59 76 13 37 92 65 68 29 38 19 29 50 39 84 46 76 50 25 35 32 11 46 8 48 41 81 18 119 92 71 63 74 107 75 47 36 52 101 67 32 9 39 103 69 38 21 44 112 82 58 49 62
14 18 11 42 12 14 39 14 5 18 21 6 7 27 31 47 46 26 11 55 17 46 61 11 55 16 48 75 51 56 49 25 45 55 52 24 38 49 26 26 35 38 16 44 54 17 21 41 37 12 6 14 47 27 17 55 41 20 9 19 19 0 53 31 30 46 36 33 19 17 19 45 51 46 59 10 46 74 53 52 21 21 33 41 49 23 67 43 64 33 37 18 14 9 31 21 31 24 65 16 102 76 61 63 81 89 57 34 38 64 83 48 14 22 57 87 55 29 33 62 99 72 55 57 77
41 70 48 24 61 65 21 42 57 43 72 58 58 68 39 18 89 29 63 16 48 8 9 44 27 60 89 23 23 4 92 37 97 90 85 38 15 82 70 36 78 87 43 15 25 44 33 12 47 42 47 50 95 27 68 5 18 44 45 38 71 53 0 69 37 11 46 24 71 63 45 12 19 35 14 59 84 22 41 18 50 42 80 85 83 43 15 76 42 30 88 36 40 61 31 70 25 30 26 64 51 36 50 78 109 37 8 35 69 104 42 21 40 72 105 61 49 60 84 114 86 77 84 103 128
32 34 25 67 38 35 49 30 28 47 39 28 33 4 32 56 67 41 30 64 48 61 78 39 80 45 70 89 75 72 69 33 52 81 22 32 55 19 50 33 58 53 28 65 58 47 42 59 29 37 34 45 62 46 36 69 52 25 38 32 34 31 69 0 34 59 65 45 25 44 49 58 74 74 79 37 70 89 82 75 51 28 52 63 19 26 83 13 91 40 28 42 38 33 58 41 54 47 88 18 119 100 90 92 107 100 76 62 66 86 85 55 35 42 69 79 44 11 27 61 82 50 25 35 65
17 46 20 41 41 43 16 16 32 34 50 33 36 33 3 23 75 14 39 31 38 29 45 28 53 45 77 56 48 39 78 5 72 83 49 7 24 46 55 5 64 67 14 36 26 34 21 28 13 24 27 37 76 20 46 36 19 12 28 12 47 30 37 34 0 27 50 14 43 46 37 25 46 51 48 39 74 56 60 46 42 10 62 71 47 9 51 40 67 7 56 24 23 38 36 50 29 25 58 34 87 70 69 83 108 67 44 42 63 93 55 23 19 51 86 57 27 24 53 87 71 50 49 68 96
33 63 40 27 55 59 11 34 50 39 66 51 52 59 29 9 85 21 57 11 44 4 19 38 33 55 86 31 29 13 88 27 91 88 75 28 10 72 66 27 74 82 35 18 18 40 26 9 37 35 41 45 90 21 62 10 8 35 39 30 64 46 11 59 27 0 46 15 63 58 41 2 26 38 23 53 81 30 46 25 46 33 75 81 73 34 25 66 49 20 79 31 33 54 30 65 22 25 35 56 61 46 55 79 109 43 18 35 67 101 41 12 33 66 100 56 40 50 76 107 79 68 74 94 120
37 44 42 23 34 39 46 39 39 19 43 40 36 62 52 52 48 37 41 57 19 44 50 27 30 29 47 65 29 49 51 46 66 45 87 45 37 84 35 46 38 52 42 31 62 19 30 37 62 30 32 22 58 32 42 50 46 46 28 40 45 36 46 65 50 46 0 42 51 31 17 46 31 17 43 34 41 62 20 33 17 46 44 45 84 48 54 77 32 47 69 27 30 37 16 40 25 26 42 51 83 51 26 35 64 79 45 11 26 60 86 55 34 41 68 100 75 61 65 85 119 99 89 92 106
20 50 26 30 43 46 6 20 36 30 53 37 39 44 16 15 75 8 43 22 35 17 33 26 40 44 76 45 35 27 78 13 77 80 62 14 11 59 55 13 64 70 20 23 23 30 15 15 26 23 28 35 79 11 49 24 9 21 28 16 51 33 24 45 14 15 42 0 50 46 32 14 33 40 35 41 72 44 48 33 38 18 64 71 60 19 39 53 55 7 65 20 21 41 27 52 18 17 45 42 75 57 58 76 103 57 31 32 60 92 51 16 19 54 89 59 35 36 62 93 78 61 62 79 106
31 10 24 61 18 14 55 30 15 36 15 14 16 21 43 63 43 43 10 71 33 64 80 30 74 25 46 93 70 74 45 39 30 57 44 38 56 42 27 40 34 29 30 63 69 35 39 60 45 30 25 30 38 45 13 73 58 31 28 34 10 19 71 25 43 63 51 50 0 23 36 62 70 64 78 18 46 92 70 71 35 34 28 39 41 34 85 36 81 47 18 36 32 14 50 17 50 43 84 10 121 95 77 72 83 106 76 52 45 61 98 64 32 18 46 97 63 30 15 45 105 74 48 41 58
29 14 28 46 6 10 52 30 17 20 13 17 11 40 47 60 30 39 14 67 16 57 70 20 58 3 31 85 54 66 33 41 36 39 65 40 49 62 9 42 18 25 32 51 68 20 32 51 53 23 19 13 33 38 11 65 54 36 19 34 15 17 63 44 46 58 31 46 23 0 19 57 56 46 66 8 29 83 51 57 16 37 18 25 61 39 75 56 62 47 39 28 26 11 35 10 38 33 69 26 109 79 56 50 65 99 65 35 23 48 97 62 28 11 43 103 71 44 36 55 115 88 68 63 75
22 30 25 28 20 25 38 23 22 3 30 23 20 45 39 46 45 26 26 52 4 40 52 11 40 16 45 67 36 48 47 32 55 48 70 31 32 67 26 32 33 43 27 32 54 3 18 34 48 14 15 7 51 22 28 48 39 31 11 26 31 19 45 49 37 41 17 32 36 19 0 41 37 29 48 19 41 65 35 38 6 31 36 40 67 33 57 60 46 36 54 14 15 22 16 28 21 17 50 34 90 61 42 48 72 81 47 17 28 61 82 48 19 29 61 91 63 45 50 73 108 85 72 75 92
32 62 39 27 54 58 10 33 49 38 65 50 51 57 27 8 85 20 56 12 43 5 21 37 34 55 85 32 30 14 88 26 90 88 73 27 10 70 65 26 73 81 33 18 18 39 26 9 35 35 40 45 90 20 61 11 6 34 39 29 63 45 12 58 25 2 46 14 62 57 41 0 27 39 25 52 81 31 47 26 46 31 75 80 71 32 26 64 50 19 78 30 32 53 30 64 22 25 36 55 62 47 55 79 109 44 20 35 67 101 41 12 32 65 100 56 39 48 75 106 78 67 73 92 119
43 66 50 10 56 61 33 45 55 36 67 56 55 72 48 34 78 34 61 34 40 22 20 40 8 53 77 34 4 22 81 44 91 76 93 44 22 90 62 44 68 79 47 10 43 37 33 19 58 40 45 43 87 28 64 24 31 49 42 42 67 51 19 74 46 26 31 33 70 56 37 27 0 17 13 55 72 32 23 2 41 48 72 74 90 49 23 83 24 40 87 34 38 57 21 65 21 28 15 65 54 26 31 60 93 49 16 22 56 91 60 37 41 66 97 80 64 66 84 110 104 92 93 106 127
43 58 49 12 48 53 42 45 50 29 58 51 48 71 54 46 64 38 54 48 32 35 37 36 14 43 63 51 14 37 67 48 81 61 94 48 31 91 51 48 55 68 48 21 56 30 33 30 64 37 41 35 75 32 56 39 41 51 37 44 59 46 35 74 51 38 17 40 64 46 29 39 17 0 29 47 57 48 9 18 31 50 61 61 91 52 40 84 18 47 82 32 36 50 16 55 23 28 25 62 67 34 18 44 77 65 32 13 42 76 76 50 40 56 84 94 74 68 78 100 116 100 96 103 121
50 75 57 21 66 70 33 51 64 46 77 64 64 78 50 31 90 39 70 29 51 20 9 49 17 63 89 22 16 14 92 48 102 88 97 48 25 93 73 47 79 90 52 16 38 47 40 21 59 48 54 53 98 34 74 17 30 54 51 48 76 59 14 79 48 23 43 35 78 66 48 25 13 29 0 64 84 20 33 11 52 52 83 86 94 53 11 87 32 42 95 42 46 66 32 75 29 36 13 73 43 23 40 72 105 37 6 34 68 103 50 34 48 76 108 73 63 70 92 120 98 91 96 113 136
23 12 21 46 3 7 47 23 9 19 13 9 4 33 40 55 37 34 8 63 16 53 67 16 58 8 38 82 54 63 39 34 38 46 58 33 45 55 16 35 26 29 26 49 63 18 27 48 46 18 13 13 38 33 10 62 49 29 15 28 13 10 59 37 39 53 34 41 18 8 19 52 55 47 64 0 37 80 53 56 18 30 24 32 54 32 73 49 64 41 36 24 21 4 34 12 36 30 68 20 107 79 60 57 73 95 63 35 30 55 91 57 22 13 48 96 64 37 32 56 108 81 61 58 74
57 36 56 63 34 36 78 58 45 43 32 45 40 66 75 86 9 65 41 92 38 80 89 47 71 30 7 104 69 87 11 69 38 11 90 68 72 88 21 69 12 24 61 70 94 42 57 74 82 50 47 38 24 62 35 88 79 65 46 62 37 46 84 70 74 81 41 72 46 29 41 81 72 57 84 37 0 102 58 73 35 66 20 10 86 67 94 82 69 75 56 53 52 39 53 30 60 57 82 53 123 90 59 35 38 119 85 50 16 21 122 88 55 29 31 130 99 72 54 55 144 116 94 81 82
62 91 69 40 82 86 40 63 78 63 93 79 79 88 58 34 108 50 85 27 68 29 14 64 36 80 108 3 35 18 111 57 118 107 103 58 36 100 91 56 97 107 64 33 37 64 54 33 65 63 68 70 116 48 89 21 37 65 66 59 92 74 22 89 56 30 62 44 92 83 65 31 32 48 20 80 102 0 52 31 69 62 100 104 101 63 9 95 49 49 109 57 61 82 50 91 45 51 28 85 32 32 59 91 125 18 18 53 87 122 36 36 61 92 126 62 62 79 105 135 90 90 102 123 149
51 64 57 20 53 59 51 53 57 36 63 58 54 79 62 54 66 46 60 56 37 43 42 43 17 48 64 55 19 44 68 56 85 60 102 56 39 99 55 56 57 71 56 29 64 36 41 38 72 45 48 41 77 40 61 46 49 59 45 53 65 53 41 82 60 46 20 48 70 51 35 47 23 9 33 53 58 52 0 24 36 58 64 63 99 60 44 92 12 55 88 40 44 56 24 60 31 36 27 69 67 33 10 39 73 69 37 20 43 75 82 57 48 61 87 101 82 76 84 104 124 109 104 110 126
44 67 51 11 57 62 33 45 56 37 68 57 56 73 48 34 79 34 62 33 41 22 19 41 9 54 79 33 5 20 82 44 93 77 93 45 22 90 63 44 69 80 47 10 42 38 33 19 58 41 46 44 88 29 65 23 30 50 43 43 68 52 18 75 46 25 33 33 71 57 38 26 2 18 11 56 73 31 24 0 42 48 73 76 91 50 22 83 25 40 88 35 39 58 22 66 22 29 14 66 52 26 32 61 95 48 14 24 58 92 59 37 41 67 98 79 64 67 85 111 103 92 94 107 128
26 28 29 31 18 23 43 27 24 8 28 24 20 47 43 51 40 31 25 57 4 45 56 15 42 13 40 71 39 53 42 37 52 43 72 36 37 69 22 37 28 39 31 37 60 8 23 39 52 18 18 7 47 28 26 53 44 35 15 31 29 21 50 51 42 46 17 38 35 16 6 46 41 31 52 18 35 69 36 42 0 35 32 35 69 37 61 63 47 41 53 19 19 21 20 25 25 22 53 35 94 64 42 44 67 86 52 19 23 55 87 53 24 26 57 97 68 48 49 70 113 89 75 76 91
10 37 11 42 33 34 23 9 23 29 41 24 28 26 10 31 67 14 30 39 32 34 51 21 54 36 68 63 49 45 69 6 63 75 46 5 28 43 46 7 55 58 5 38 35 29 17 32 17 18 19 30 67 20 37 42 26 3 21 6 38 21 42 28 10 33 46 18 34 37 31 31 48 50 52 30 66 62 58 48 35 0 53 62 43 3 57 36 67 14 48 20 17 29 34 41 28 22 61 25 93 73 67 78 100 75 49 39 56 85 65 31 12 42 76 66 34 19 45 78 79 55 46 61 88
46 19 43 63 21 20 70 46 31 38 14 31 26 49 63 78 15 57 25 85 33 75 87 38 73 21 18 102 70 84 17 58 23 30 71 56 66 69 10 58 9 8 49 68 86 37 50 69 68 41 36 31 16 55 18 83 72 52 37 51 19 33 80 52 62 75 44 64 28 18 36 75 72 61 83 24 20 100 64 73 32 53 0 11 68 55 92 64 75 65 37 45 43 25 51 13 56 51 85 36 125 94 68 52 56 116 83 50 25 34 114 80 45 12 26 119 86 56 35 41 130 100 76 62 66
54 29 52 65 30 30 76 55 40 42 25 40 35 59 71 85 5 64 35 91 37 80 91 45 75 27 8 106 72 88 8 66 29 20 82 64 72 80 16 66 8 15 57 72 93 42 56 74 78 48 44 36 15 61 28 88 78 61 44 59 29 41 85 63 71 81 45 71 39 25 40 80 74 61 86 32 10 104 63 76 35 62 11 0 79 63 96 75 74 72 48 51 50 34 55 23 60 56 86 46 127 95 65 44 45 121 86 52 21 24 121 87 53 22 24 127 95 66 45 47 139 111 87 72 72
49 51 43 84 56 52 62 47 46 66 55 46 51 22 45 68 83 57 48 75 66 75 92 57 97 62 86 102 92 85 84 47 63 97 4 47 70 3 67 48 75 67 45 81 68 65 59 74 38 55 52 63 75 62 52 82 66 41 56 48 50 49 83 19 47 73 84 60 41 61 67 71 90 91 94 54 86 101 99 91 69 43 68 79 0 42 97 8 108 54 36 60 56 51 76 57 71 64 104 35 132 116 108 110 123 111 90 80 84 101 92 66 52 58 81 80 48 25 37 67 77 42 9 29 63
12 38 12 44 34 35 23 10 24 31 42 25 29 25 9 31 68 16 31 39 33 35 52 23 56 38 70 64 51 46 71 7 64 77 44 6 29 41 48 7 57 59 7 40 35 31 19 33 16 19 21 32 68 22 38 43 27 3 23 8 39 23 43 26 9 34 48 19 34 39 33 32 49 52 53 32 67 63 60 50 37 3 55 63 42 0 58 34 68 15 48 22 19 30 36 42 30 24 63 25 94 75 69 80 102 75 50 41 58 86 64 31 14 44 77 65 33 18 45 78 77 53 45 60 88
56 84 63 32 74 79 35 57 71 55 85 72 72 82 53 31 100 44 77 25 60 23 6 57 28 72 99 11 27 12 103 51 110 99 99 52 30 96 82 51 89 99 58 25 36 56 47 26 61 56 61 62 107 41 82 16 32 59 59 53 84 67 15 83 51 25 54 39 85 75 57 26 23 40 11 73 94 9 44 22 61 57 92 96 97 58 0 90 41 44 102 50 53 74 42 83 37 44 21 79 36 27 51 83 116 26 10 44 79 113 41 33 54 85 118 66 61 74 99 128 92 89 98 118 143
42 46 36 77 50 47 55 40 40 59 50 40 45 16 38 61 79 50 42 68 59 68 85 51 90 57 82 95 85 78 80 40 61 92 11 40 63 7 62 40 70 64 37 74 61 58 52 67 31 48 46 56 72 55 48 75 59 34 49 41 46 43 76 13 40 66 77 53 36 56 60 64 83 84 87 49 82 95 92 83 63 36 64 75 8 34 90 0 101 46 35 53 49 45 69 53 64 57 97 30 126 108 101 104 119 104 83 73 78 97 87 60 45 54 78 76 43 17 34 67 75 42 13 33 66
60 75 66 26 65 70 56 62 68 46 74 68 65 88 69 58 76 54 71 58 48 46 41 53 16 59 75 51 21 44 79 64 97 69 111 64 44 108 66 64 68 83 65 33 67 47 50 42 79 55 59 52 88 48 72 47 54 68 55 61 76 64 42 91 67 49 32 55 81 62 46 50 24 18 32 64 69 49 12 25 47 67 75 74 108 68 41 101 0 61 99 49 53 67 33 71 39 45 22 79 59 24 11 46 81 65 37 30 54 85 81 61 57 72 98 103 88 85 95 116 127 115 113 120 137
19 50 24 36 44 46 9 19 35 33 53 36 39 40 9 17 77 10 43 25 38 22 39 28 47 46 78 50 42 32 80 9 76 83 56 10 18 53 56 8 65 70 18 30 22 34 19 22 19 25 29 37 79 16 49 29 13 17 29 14 50 33 30 40 7 20 47 7 47 47 36 19 40 47 42 41 75 49 55 40 41 14 65 72 54 15 44 46 61 0 62 23 23 41 33 53 24 22 52 39 80 64 64 81 107 61 37 38 63 94 51 17 20 54 89 56 29 30 59 91 73 54 55 74 102
47 26 40 79 35 30 70 46 33 54 28 32 34 26 55 78 51 59 28 86 51 81 96 48 92 41 54 110 87 91 52 53 27 67 39 52 73 38 40 54 46 34 45 80 82 53 56 76 55 48 43 48 41 62 28 89 73 45 46 50 25 37 88 28 56 79 69 65 18 39 54 78 87 82 95 36 56 109 88 88 53 48 37 48 36 48 102 35 99 62 0 54 50 32 68 31 67 60 101 24 138 113 94 87 92 122 93 70 59 67 111 78 48 31 45 106 72 37 4 33 109 76 45 25 41
11 34 17 26 25 30 25 13 22 11 36 23 23 40 26 34 56 13 28 40 15 30 44 8 39 25 57 59 34 40 59 19 61 61 63 19 22 60 36 20 44 52 16 27 42 11 5 25 36 7 12 16 60 10 33 39 27 20 10 14 35 18 36 42 24 31 27 20 36 28 14 30 34 32 42 24 53 57 40 35 19 20 45 51 60 22 50 53 49 23 54 0 5 25 16 35 14 7 48 32 85 60 49 60 85 72 40 21 41 73 70 36 8 36 70 78 50 36 50 78 95 73 64 73 94
8 31 13 30 23 26 27 10 18 12 33 19 19 36 25 35 55 14 24 43 16 33 48 6 43 24 56 62 39 43 57 18 58 61 59 17 25 56 34 19 43 49 13 31 43 12 7 28 34 3 8 15 58 13 29 42 29 17 7 12 32 14 40 38 23 33 30 21 32 26 15 32 38 36 46 21 52 61 44 39 19 17 43 50 56 19 53 49 53 23 50 5 0 22 21 32 18 11 52 27 89 64 52 62 85 76 44 24 41 72 72 37 5 34 68 79 49 33 46 75 94 71 60 69 90
23 10 19 48 5 5 47 23 7 22 13 7 3 29 39 56 38 34 4 63 19 54 69 18 61 12 40 83 57 64 41 34 37 49 54 32 46 51 18 34 28 29 24 51 62 21 28 49 44 19 14 16 39 34 8 63 49 28 16 28 11 9 61 33 38 54 37 41 14 11 22 53 57 50 66 4 39 82 56 58 21 29 25 34 51 30 74 45 67 41 32 25 22 0 37 12 38 31 71 16 109 82 63 60 75 97 65 38 34 57 92 57 22 14 48 95 62 34 29 54 106 78 58 55 71
27 45 33 12 35 40 31 29 36 15 46 37 34 56 39 37 59 23 40 41 19 28 37 21 25 32 58 52 20 35 61 33 71 59 79 33 21 75 42 33 48 59 32 18 46 16 17 22 49 22 26 22 66 17 43 35 31 36 22 29 46 31 31 58 36 30 16 27 50 35 16 30 21 16 32 34 53 50 24 22 20 34 51 55 76 36 42 69 33 33 68 16 21 37 0 44 9 13 35 47 74 46 33 50 80 67 32 6 39 73 71 40 24 45 76 85 61 52 64 89 104 86 80 88 107
34 7 31 55 10 7 58 34 18 29 4 18 14 37 50 67 28 45 12 74 25 65 78 28 67 13 30 93 64 74 30 45 27 40 61 44 56 58 10 46 18 18 36 59 74 28 39 59 56 30 25 22 27 45 6 73 60 39 26 39 8 21 70 41 50 65 40 52 17 10 28 64 65 55 75 12 30 91 60 66 25 41 13 23 57 42 83 53 71 53 31 35 32 12 44 0 47 41 78 24 117 89 66 56 67 107 74 44 29 46 103 68 34 2 37 107 74 44 28 46 117 88 65 56 66
23 47 30 14 37 42 22 24 35 19 49 36 35 52 31 28 65 16 41 33 23 21 32 20 27 36 65 47 22 28 67 26 73 67 73 26 13 70 46 26 53 63 27 14 37 19 12 14 41 20 25 25 71 9 45 28 22 30 22 23 48 31 25 54 29 22 25 18 50 38 21 22 21 23 29 36 60 45 31 22 25 28 56 60 71 30 37 64 39 24 67 14 18 38 9 47 0 8 35 45 72 47 40 59 88 61 28 15 46 80 63 31 20 48 81 76 52 47 64 91 95 78 74 86 108
16 40 23 21 31 36 22 18 28 14 42 29 29 45 27 30 60 12 34 36 19 25 38 14 34 31 61 53 29 34 63 21 67 64 67 20 16 64 41 21 49 57 20 20 38 15 6 19 37 13 18 20 66 6 39 33 23 24 16 17 41 24 30 47 25 25 26 17 43 33 17 25 28 28 36 30 57 51 36 29 22 22 51 56 64 24 44 57 45 22 60 7 11 31 13 41 8 0 42 38 79 54 45 60 87 67 34 18 44 77 65 32 13 42 76 76 50 40 57 85 94 74 68 79 101
57 80 64 23 70 75 44 59 69 50 80 70 68 86 61 44 89 47 75 41 53 32 21 54 12 66 88 30 15 26 92 57 105 85 106 58 34 103 75 57 79 92 61 23 51 51 47 31 70 54 59 56 99 42 78 30 42 63 56 56 81 65 26 88 58 35 42 45 84 69 50 36 15 25 13 68 82 28 27 14 53 61 85 86 104 63 21 97 22 52 101 48 52 71 35 78 35 42 0 79 42 12 32 65 100 44 19 35 67 101 61 47 55 79 109 85 75 80 98 123 111 103 106 120 141
24 18 17 57 21 18 47 23 12 34 22 12 17 14 34 55 51 36 13 63 33 57 73 27 70 28 53 86 66 68 53 31 40 63 39 29 50 36 33 31 41 38 22 57 60 33 33 53 36 26 21 29 47 39 19 66 50 23 25 27 18 16 64 18 34 56 51 42 10 26 34 55 65 62 73 20 53 85 69 66 35 25 36 46 35 25 79 30 79 39 24 32 27 16 47 24 45 38 79 0 115 91 76 76 90 99 70 49 49 69 89 56 25 25 55 88 54 21 20 53 95 65 42 42 64
91 118 98 63 108 113 71 93 106 89 120 107 107 118 89 65 130 80 112 58 93 59 42 92 53 106 129 32 55 48 133 87 144 126 134 88 66 131 115 87 120 132 94 59 67 90 82 62 96 91 96 96 140 77 116 51 68 95 94 89 119 102 51 119 87 61 83 75 121 109 90 62 54 67 43 107 123 32 67 52 94 93 125 127 132 94 36 126 59 80 138 85 89 109 74 117 72 79 42 115 0 35 70 104 139 29 45 75 108 142 57 67 90 119 150 86 92 110 134 162 114 119 133 153 178
69 91 76 35 80 85 56 70 81 61 91 82 80 98 72 54 98 59 86 51 64 43 30 66 22 76 96 34 26 36 100 69 115 92 118 69 46 115 85 69 89 102 73 35 61 61 59 42 82 66 71 67 108 54 88 40 53 75 67 68 92 76 36 100 70 46 51 57 95 79 61 47 26 34 23 79 90 32 33 26 64 73 94 95 116 75 27 108 24 64 113 60 64 82 46 89 47 54 12 91 35 0 35 70 104 45 29 45 75 108 67 57 66 89 118 92 85 92 109 134 119 113 118 132 153
59 70 65 29 60 65 60 61 64 43 69 65 61 87 71 63 68 56 67 64 44 52 49 51 24 54 65 61 27 52 70 65 90 59 111 65 49 108 59 65 60 75 64 38 72 44 50 47 81 53 56 48 80 49 67 54 58 68 52 61 71 61 50 90 69 55 26 58 77 56 42 55 31 18 40 60 59 59 10 32 42 67 68 65 108 69 51 101 11 64 94 49 52 63 33 66 40 45 32 76 70 35 0 35 70 75 45 28 45 75 90 66 56 66 89 110 92 84 91 109 133 118 112 117 131
69 63 72 54 56 59 80 70 65 50 59 65 60 89 85 86 44 71 64 90 47 77 80 57 56 49 41 93 57 80 46 79 73 30 114 78 71 111 47 79 43 58 74 64 96 50 63 71 95 61 61 49 59 66 60 82 80 78 58 73 63 63 78 92 83 79 35 76 72 50 48 79 60 44 72 57 35 91 39 61 44 78 52 44 110 80 83 104 46 81 87 60 62 60 50 56 59 60 65 76 104 70 35 0 35 108 75 45 28 45 119 89 66 56 66 134 109 91 84 90 153 132 117 111 116
91 73 92 86 71 72 108 92 82 74 69 82 76 103 109 116 42 97 78 120 70 108 113 80 90 65 38 127 90 113 41 103 70 27 127 102 100 125 58 103 49 58 95 95 125 74 89 101 117 84 82 71 54 93 72 114 109 100 80 96 74 81 109 107 108 109 64 103 83 65 72 109 93 77 105 73 38 125 73 95 67 100 56 45 123 102 116 119 81 107 92 85 85 75 80 67 88 87 100 90 139 104 70 35 0 142 108 75 45 28 150 118 89 66 55 162 134 109 90 83 178 153 131 116 110
76 106 82 57 97 101 52 77 92 79 108 93 94 100 68 45 125 64 99 37 84 43 30 80 53 96 124 15 52 33 128 69 133 124 112 70 51 109 107 68 114 123 77 50 44 80 69 48 74 78 83 86 132 63 104 34 49 77 81 72 107 89 37 100 67 43 79 57 106 99 81 44 49 65 37 95 119 18 69 48 86 75 116 121 111 75 26 104 65 61 122 72 76 97 67 107 61 67 44 99 29 45 75 108 142 0 35 70 104 139 29 45 75 108 142 57 67 90 119 150 86 92 110 134 162
47 74 54 23 65 69 28 48 62 46 76 62 62 74 46 26 90 35 68 23 50 15 5 47 21 63 90 20 19 8 93 44 101 90 92 44 21 89 73 43 79 90 49 15 33 46 37 17 55 46 52 53 98 32 72 12 25 51 49 45 75 57 8 76 44 18 45 31 76 65 47 20 16 32 6 63 85 18 37 14 52 49 83 86 90 50 10 83 37 37 93 40 44 65 32 74 28 34 19 70 45 29 45 75 108 35 0 35 70 104 45 29 45 75 108 67 57 66 89 118 92 85 92 109 134
31 46 37 13 36 41 36 33 38 17 47 39 36 59 44 42 56 29 42 46 20 33 40 24 24 32 56 55 21 38 59 38 70 55 83 38 26 80 40 38 46 58 36 21 52 18 22 27 54 25 29 23 65 23 44 39 36 40 25 34 47 34 35 62 42 35 11 32 52 35 17 35 22 13 34 35 50 53 20 24 19 39 50 52 80 41 44 73 30 38 70 21 24 38 6 44 15 18 35 49 75 45 28 45 75 70 35 0 35 70 75 45 28 45 75 90 66 56 66 89 110 92 84 91 109
47 35 48 48 29 32 65 48 39 30 32 39 33 63 65 73 23 53 37 78 26 66 75 36 56 22 22 89 54 73 26 58 47 21 87 57 58 85 19 59 17 32 51 55 82 30 45 59 73 40 38 27 36 49 33 73 66 56 36 52 36 38 69 66 63 67 26 60 45 23 28 67 56 42 68 30 16 87 43 58 23 56 25 21 84 58 79 78 54 63 59 41 41 34 39 29 46 44 67 49 108 75 45 28 45 104 70 35 0 35 108 75 45 28 45 119 89 66 56 66 134 109 91 84 90
76 52 75 82 53 53 98 77 63 63 48 63 58 82 94 106 19 85 58 112 58 100 109 67 90 49 17 124 88 107 17 88 43 16 104 87 92 102 39 89 30 34 80 90 114 62 77 94 101 70 66 58 27 82 51 108 99 83 66 82 52 64 104 86 93 101 60 92 61 48 61 101 91 76 103 55 21 122 75 92 55 85 34 24 101 86 113 97 85 94 67 73 72 57 73 46 80 77 101 69 142 108 75 45 28 139 104 70 35 0 142 108 75 45 28 150 118 89 66 55 162 134 109 90 83
69 100 74 65 94 96 45 70 86 79 104 87 89 86 56 37 125 58 93 30 84 43 41 77 66 95 126 34 64 39 128 59 127 129 93 61 51 91 105 59 114 120 68 56 30 80 65 49 57 74 79 85 129 60 99 37 43 67 78 65 101 83 42 85 55 41 86 51 98 97 82 41 60 76 50 91 122 36 82 59 87 65 114 121 92 64 41 87 81 51 111 70 72 92 71 103 63 65 61 89 57 67 90 119 150 29 45 75 108 142 0 35 70 104 139 29 45 75 108 142 57 67 90 119 150
35 66 40 38 59 62 11 35 52 46 69 52 55 55 24 4 91 24 59 9 50 16 28 42 45 60 92 36 41 22 94 25 93 96 68 27 19 65 71 25 79 85 34 29 7 46 31 20 29 39 44 51 95 26 65 18 10 33 44 30 67 48 21 55 23 12 55 16 64 62 48 12 37 50 34 57 88 36 57 37 53 31 80 87 66 31 33 60 61 17 78 36 37 57 40 68 31 32 47 56 67 57 66 89 118 45 29 45 75 108 35 0 35 70 104 45 29 45 75 108 67 57 66 89 118
3 32 10 33 24 27 25 5 18 17 35 19 20 32 20 34 57 12 25 41 20 33 48 10 46 26 59 62 41 43 60 14 59 64 55 13 25 52 37 15 46 51 9 32 41 17 8 29 29 6 10 19 60 14 30 42 28 13 10 8 32 14 40 35 19 33 34 19 32 28 19 32 41 40 48 22 55 61 48 41 24 12 45 53 52 14 54 45 57 20 48 8 5 22 24 34 20 13 55 25 90 66 56 66 89 75 45 28 45 75 70 35 0 35 70 75 45 28 45 75 90 66 56 66 89
36 8 32 56 11 9 60 36 20 30 4 19 16 38 52 68 26 47 14 76 26 66 79 29 68 14 29 94 65 75 28 47 26 39 62 45 57 59 9 47 17 16 38 61 75 29 40 60 57 31 26 23 26 46 7 74 62 41 27 41 9 22 72 42 51 66 41 54 18 11 29 65 66 56 76 13 29 92 61 67 26 42 12 22 58 44 85 54 72 54 31 36 34 14 45 2 48 42 79 25 119 89 66 56 66 108 75 45 28 45 104 70 35 0 35 108 75 45 28 45 119 89 66 56 66
70 40 66 87 46 43 94 70 54 63 36 53 50 66 86 103 22 81 47 110 58 100 112 63 98 46 25 127 95 109 21 81 19 37 84 80 92 82 36 82 30 19 72 93 110 62 75 94 90 66 61 56 11 80 40 108 96 74 62 75 39 57 105 69 86 100 68 89 46 43 61 100 97 84 108 48 31 126 87 98 57 76 26 24 81 77 118 78 98 89 45 70 68 48 76 37 81 76 109 55 150 118 89 66 55 142 108 75 45 28 139 104 70 35 0 142 108 75 45 28 150 118 89 66 55
74 102 76 82 98 100 55 73 89 89 106 89 93 81 57 48 132 66 95 46 93 59 64 84 87 101 133 60 83 59 135 62 127 139 80 64 64 78 111 62 120 123 71 73 39 89 74 65 53 80 84 93 133 70 102 56 54 68 85 69 103 87 61 79 57 56 100 59 97 103 91 56 80 94 73 96 130 62 101 79 97 66 119 127 80 65 66 76 103 56 106 78 79 95 85 107 76 76 85 88 86 92 110 134 162 57 67 90 119 150 29 45 75 108 142 0 35 70 104 139 29 45 75 108 142
43 69 44 63 66 67 33 42 56 61 73 56 61 46 25 32 100 39 62 36 64 43 56 54 72 70 102 62 68 50 103 32 93 109 48 33 44 46 80 31 89 90 39 55 26 61 46 46 18 50 53 63 99 44 69 46 34 35 54 38 69 55 49 44 27 40 75 35 63 71 63 39 64 74 63 64 99 62 82 64 68 34 86 95 48 33 61 43 88 29 72 50 49 62 61 74 52 50 75 54 92 85 92 109 134 67 57 66 89 118 45 29 45 75 108 35 0 35 70 104 45 29 45 75 108
26 38 20 60 38 37 39 24 28 43 42 28 33 12 22 46 71 33 32 54 44 52 69 35 73 44 73 80 68 62 73 23 59 82 27 23 46 24 51 24 61 58 21 57 48 43 35 50 19 32 31 42 67 38 38 59 43 17 34 24 38 29 60 11 24 50 61 36 30 44 45 48 66 68 70 37 72 79 76 67 48 19 56 66 25 18 74 17 85 30 37 36 33 34 52 44 47 40 80 21 110 92 84 91 109 90 66 56 66 89 75 45 28 45 75 70 35 0 35 70 75 45 28 45 75
43 22 37 75 32 27 67 42 29 50 25 28 31 24 53 75 49 56 25 83 47 77 93 44 88 38 52 106 84 87 50 50 27 64 40 49 69 38 37 51 43 32 42 76 79 49 53 73 53 44 39 44 40 58 25 85 70 42 42 47 21 33 84 27 53 76 65 62 15 36 50 75 84 78 92 32 54 105 84 85 49 45 35 45 37 45 99 34 95 59 4 50 46 29 64 28 64 57 98 20 134 109 91 84 90 119 89 66 56 66 108 75 45 28 45 104 70 35 0 35 108 75 45 28 45
74 45 69 101 54 50 99 74 58 74 43 57 57 59 86 107 47 87 51 115 70 108 122 71 112 58 50 137 109 118 46 83 19 63 69 82 99 69 50 84 49 34 74 104 113 73 82 103 87 73 67 67 32 88 47 116 102 75 69 78 44 62 114 61 87 107 85 93 45 55 73 106 110 100 120 56 55 135 104 111 70 78 41 47 67 78 128 67 116 91 33 78 75 54 89 46 91 85 123 53 162 134 109 90 83 150 118 89 66 55 142 108 75 45 28 139 104 70 35 0 142 108 75 45 28
88 112 88 105 110 110 74 87 100 105 116 100 105 85 70 70 144 83 105 70 109 82 90 99 111 114 146 88 107 85 146 76 133 153 75 77 85 75 124 76 133 133 84 96 61 105 91 87 62 95 97 108 142 88 112 81 75 80 99 83 112 99 86 82 71 79 119 78 105 115 108 78 104 116 98 108 144 90 124 103 113 79 130 139 77 77 92 75 127 73 109 95 94 106 104 117 95 94 111 95 114 119 133 153 178 86 92 110 134 162 57 67 90 119 150 29 45 75 108 142 0 35 70 104 139
64 82 62 90 83 82 60 62 72 83 87 72 77 53 48 60 115 63 77 64 85 71 85 75 100 88 118 89 95 78 117 54 101 127 41 55 71 40 96 54 105 102 59 83 54 83 70 74 38 71 72 84 111 70 83 74 62 55 75 60 82 72 77 50 50 68 99 61 74 88 85 67 92 100 91 81 116 90 109 92 89 55 100 111 42 53 89 42 115 54 76 73 71 78 86 88 78 74 103 65 119 113 118 132 153 92 85 92 109 134 67 57 66 89 118 45 29 45 75 108 35 0 35 70 104
54 58 48 88 63 60 64 52 53 71 63 52 58 29 46 68 91 60 55 75 72 77 93 63 100 69 94 102 95 86 92 50 71 105 6 50 73 7 74 50 82 76 49 84 67 70 63 76 38 60 58 69 84 66 60 83 67 45 62 52 58 55 84 25 49 74 89 62 48 68 72 73 93 96 96 61 94 102 104 94 75 46 76 87 9 45 98 13 113 55 45 64 60 58 80 65 74 68 106 42 133 118 112 117 131 110 92 84 91 109 90 66 56 66 89 75 45 28 45 75 70 35 0 35 70
64 50 57 98 58 54 83 62 53 75 52 53 56 36 66 90 75 75 51 98 73 95 112 68 111 65 78 124 107 106 76 67 48 91 30 66 89 31 65 67 70 58 61 98 92 74 74 93 62 67 63 70 64 79 52 103 87 59 66 65 49 57 103 35 68 94 92 79 41 63 75 92 106 103 113 58 81 123 110 107 76 61 62 72 29 60 118 33 120 74 25 73 69 55 88 56 86 79 120 42 153 132 117 111 116 134 109 91 84 90 119 89 66 56 66 108 75 45 28 45 104 70 35 0 35
88 63 81 119 73 68 111 87 73 93 63 72 74 64 95 118 73 100 67 126 89 121 137 88 131 78 77 150 127 132 73 94 44 90 64 93 114 65 73 94 74 59 86 121 122 92 97 117 93 88 83 86 59 102 65 129 114 86 86 91 62 77 128 65 96 120 106 106 58 75 92 119 127 121 136 74 82 149 126 128 91 88 66 72 63 88 143 66 137 102 41 94 90 71 107 66 108 101 141 64 178 153 131 116 110 162 134 109 90 83 150 118 89 66 55 142 108 75 45 28 139 104 70 35 0
