0 51 57 25 54 34 41 22 30 27 43 55 66 12 35 64 65 27 39 43 70 33 34 55 70 47 44 26 33 39 49 57 21 48 25 67 74 51 56 32 46 52 45 83 62 42 76 73 34 71 47 45 54 39 29 30 52 26 62 27 46 48 63 23 30 84 63 57 13 31 71 39 50 45 77 46 32 27 32 31 53 49 18 50 35 65 74 31 64 80 52 52 37 67 51 47 50 70 36 58 113 94 86 91 107 93 69 58 65 87 79 48 30 43 72 73 38 4 32 66 78 47 27 42 72
51 0 69 46 6 19 47 49 22 25 15 5 80 49 56 59 57 41 14 82 97 19 18 49 90 73 31 28 33 46 44 6 35 7 29 24 63 74 72 40 7 4 9 101 12 45 81 87 17 90 61 11 73 27 25 22 47 51 78 25 81 7 80 61 49 99 58 7 49 71 95 31 1 59 85 5 30 26 31 38 44 8 37 2 36 17 69 37 82 102 26 45 25 70 15 78 74 84 16 77 127 97 71 56 61 118 84 53 30 37 114 80 45 10 25 118 85 53 30 38 127 98 72 57 61
57 69 0 34 67 66 24 36 55 55 55 73 11 46 22 21 26 35 68 39 31 58 63 25 21 19 86 66 39 25 27 74 66 63 66 65 31 15 6 33 70 73 71 32 80 25 20 18 61 21 11 73 9 43 50 62 25 32 9 58 33 63 11 38 29 31 22 70 45 39 28 40 69 13 20 67 75 65 41 79 28 74 48 68 35 71 25 36 14 34 47 27 46 14 57 26 16 15 58 11 60 37 40 65 97 49 15 22 56 91 54 27 31 60 93 71 53 55 75 103 93 80 82 96 119
25 46 34 0 47 36 16 5 26 25 33 51 44 14 13 39 41 6 40 36 54 30 34 31 50 29 55 34 15 14 25 52 33 41 33 54 50 32 34 10 44 49 45 62 58 18 52 51 32 51 23 46 33 22 22 31 28 5 40 28 35 40 42 17 5 63 39 49 14 27 53 21 46 21 54 43 43 33 16 46 29 48 15 45 14 55 49 11 44 62 35 28 23 43 39 33 31 48 31 37 92 70 61 71 93 76 47 33 49 78 69 34 5 36 71 73 41 24 43 74 86 62 52 63 87
54 6 67 47 0 24 45 50 24 27 14 8 78 51 55 55 53 41 19 82 96 22 22 45 88 72 37 32 33 45 41 8 39 6 33 18 59 73 70 40 12 9 15 98 13 43 77 85 21 88 59 17 71 26 27 26 43 51 76 28 81 7 78 62 49 97 54 3 51 72 93 29 6 57 82 10 35 30 31 43 41 14 38 7 35 12 65 37 80 100 22 42 24 67 11 78 72 81 19 75 124 93 67 51 56 116 82 49 24 34 114 79 45 11 27 119 86 56 35 42 129 100 76 62 66
34 19 66 36 24 0 43 37 11 12 19 23 77 34 48 61 60 32 6 70 89 8 3 50 84 64 22 9 28 41 44 24 16 19 10 40 69 67 67 34 13 19 12 96 29 42 81 84 7 85 56 12 67 26 16 6 47 40 73 9 70 19 75 47 40 96 60 26 35 58 89 29 19 54 84 15 13 7 25 21 46 16 23 18 31 35 72 30 78 97 34 47 22 70 26 68 66 81 10 71 125 98 78 71 79 111 81 54 43 56 104 70 37 15 39 104 70 36 14 39 111 80 53 41 55
41 47 24 16 45 43 0 20 32 32 32 51 35 29 14 23 25 14 45 44 51 35 40 15 44 28 63 43 15 2 10 52 45 40 43 46 34 29 26 10 46 50 48 55 57 3 39 42 37 44 15 49 27 20 27 38 13 17 32 35 40 40 34 30 13 54 23 48 29 37 49 16 46 13 42 44 52 42 18 57 14 51 27 45 12 51 34 13 36 56 27 13 23 29 35 35 28 39 34 31 83 57 45 57 83 72 39 18 39 72 70 37 11 37 71 80 52 39 53 80 97 76 67 76 96
22 49 36 5 50 37 20 0 28 26 36 53 45 10 14 43 44 10 42 34 54 32 36 35 51 28 55 34 19 18 29 55 32 44 33 58 54 32 35 14 46 51 47 63 61 22 55 52 34 51 25 47 34 26 24 32 32 5 42 29 33 43 43 13 8 64 42 52 10 23 54 25 48 24 56 45 43 34 20 46 33 50 16 47 18 58 53 15 44 62 39 32 27 46 43 31 31 50 33 38 93 72 65 75 97 76 49 37 53 81 67 33 10 39 73 69 38 20 43 75 82 58 48 61 87
30 22 55 26 24 11 32 28 0 3 14 26 66 27 38 51 50 22 14 61 79 4 9 40 74 54 32 14 18 31 34 28 19 19 14 38 59 57 56 23 18 24 19 86 34 31 70 73 6 75 45 20 57 16 5 7 37 31 63 5 61 18 65 39 30 86 50 27 28 50 78 19 22 43 74 18 22 12 15 29 36 23 15 21 21 35 62 20 67 86 27 37 12 60 22 59 56 70 6 61 115 88 69 65 78 101 70 44 38 58 95 60 27 14 46 96 63 32 22 49 106 76 54 49 65
27 25 55 25 27 12 32 26 3 0 17 29 65 24 36 52 51 21 16 59 78 6 10 41 73 53 32 13 17 30 34 31 17 21 13 41 60 56 56 23 21 27 21 85 36 31 70 73 8 74 44 22 56 17 5 7 38 29 62 4 59 21 64 37 28 85 51 30 25 48 77 20 24 42 73 20 21 11 15 28 37 25 12 23 21 38 63 19 66 85 29 37 14 60 25 57 55 69 9 60 114 88 70 67 81 100 69 45 40 61 93 59 25 16 48 94 60 29 22 50 103 74 51 47 65
43 15 55 33 14 19 32 36 14 17 0 19 66 38 42 46 44 28 18 69 82 13 17 35 75 58 39 26 19 31 30 21 32 9 27 25 51 60 57 26 16 19 18 86 26 30 67 73 14 75 46 20 58 13 15 19 32 37 63 19 67 8 65 48 35 85 44 17 39 59 80 16 15 44 71 13 32 24 17 40 31 20 26 14 22 23 56 23 68 88 15 31 11 56 9 64 59 69 10 62 113 84 60 52 65 103 70 39 25 46 100 66 31 6 40 105 73 44 33 51 117 89 67 60 71
55 5 73 51 8 23 51 53 26 29 19 0 84 53 60 62 60 45 17 86 101 23 22 52 94 77 32 31 38 50 47 2 38 11 32 24 66 79 76 45 10 4 11 104 8 49 84 91 21 94 65 13 77 31 30 26 50 55 82 29 85 11 84 65 53 103 61 6 54 76 99 35 6 63 89 9 32 29 35 40 48 9 41 6 41 15 72 42 86 106 29 49 29 73 18 82 78 87 21 81 131 100 74 57 58 122 88 56 31 34 119 84 49 15 21 122 89 57 32 35 132 101 75 58 60
66 80 11 44 78 77 35 45 66 65 66 84 0 55 32 28 33 46 79 41 24 69 74 35 12 22 97 76 49 36 38 85 76 74 76 75 36 18 11 43 81 84 82 21 90 36 16 8 71 11 22 84 12 54 61 72 36 41 5 69 34 73 4 45 39 20 30 81 54 44 19 50 80 24 13 78 85 75 52 90 38 85 59 79 46 82 28 47 6 24 57 37 57 18 68 28 18 5 69 10 49 30 43 72 105 39 4 31 66 101 47 28 41 71 104 68 56 63 86 114 92 84 89 106 130
12 49 46 14 51 34 29 10 27 24 38 53 55 0 24 52 54 17 39 36 61 30 33 44 59 36 49 28 24 27 38 55 26 45 28 61 63 40 44 22 45 51 45 72 60 31 64 62 32 60 35 45 43 31 24 29 41 15 51 26 38 44 52 14 18 73 52 53 1 25 61 31 48 34 65 44 37 29 24 38 42 49 13 47 25 61 63 21 53 70 44 41 30 55 46 38 39 59 33 47 102 82 74 82 101 84 58 46 58 84 72 39 18 40 72 70 36 11 37 71 79 52 39 52 80
35 56 22 13 55 48 14 14 38 36 42 60 32 24 0 32 35 16 52 30 42 41 46 27 37 17 67 46 23 13 24 62 46 50 46 59 44 20 21 16 55 59 56 50 67 16 41 39 43 38 12 57 20 30 33 43 25 10 28 40 27 50 29 18 9 51 32 58 23 24 41 27 55 11 42 53 55 45 25 59 27 59 28 55 21 62 41 19 31 49 40 26 32 33 47 23 19 36 42 25 80 59 55 70 96 64 35 28 53 84 59 24 12 46 81 67 39 33 55 86 84 64 60 75 100
64 59 21 39 55 61 23 43 51 52 46 62 28 52 32 0 5 37 62 58 51 53 58 11 40 37 82 64 35 25 18 63 66 53 64 49 12 35 26 32 61 63 63 47 68 23 22 33 55 39 23 65 29 36 47 58 14 39 28 55 51 52 30 50 35 44 2 58 52 54 47 33 58 23 28 58 72 62 38 78 16 65 50 58 32 57 12 35 33 52 34 15 40 13 45 45 35 30 52 31 70 39 23 45 77 66 32 7 39 74 74 46 34 51 81 91 69 62 73 96 112 95 90 97 115
65 57 26 41 53 60 25 44 50 51 44 60 33 54 35 5 0 38 61 62 56 52 57 11 44 41 81 63 35 27 18 60 66 51 64 45 10 39 31 33 59 60 61 51 65 24 26 38 54 44 27 63 33 35 46 57 14 41 33 55 56 50 35 53 37 48 4 55 54 58 51 32 56 26 32 56 72 61 37 78 15 63 50 56 32 53 13 36 38 56 31 15 39 17 42 50 39 34 50 36 73 41 21 40 72 71 36 8 35 70 79 50 36 50 78 95 73 64 72 94 116 99 92 98 114
27 41 35 6 41 32 14 10 22 21 28 45 46 17 16 37 38 0 36 42 58 25 30 28 53 33 52 31 10 13 22 47 31 36 31 48 48 35 36 6 39 44 40 65 53 15 52 53 28 53 25 41 35 17 17 27 25 10 42 24 41 35 44 22 8 65 37 44 17 32 57 16 40 23 55 37 40 30 11 45 26 43 14 40 9 49 48 5 46 65 30 25 18 43 34 38 34 50 26 40 94 70 59 66 87 80 50 31 43 72 74 39 5 31 66 78 47 27 40 71 92 67 54 62 85
39 14 68 40 19 6 45 42 14 16 18 17 79 39 52 62 61 36 0 74 93 11 7 51 88 68 22 15 30 44 45 19 22 15 16 36 68 71 70 37 8 14 6 99 23 44 82 86 9 88 59 6 70 27 19 11 48 44 76 14 75 15 78 53 44 99 61 20 40 63 92 30 14 57 86 10 16 13 28 25 47 10 28 13 34 30 73 34 81 100 32 47 23 72 23 73 70 83 11 75 127 100 78 67 74 115 83 55 40 50 108 74 40 13 34 109 75 42 17 36 117 86 59 44 54
43 82 39 36 82 70 44 34 61 59 69 86 41 36 30 58 62 42 74 0 33 65 68 56 38 21 85 64 51 43 53 88 61 77 64 89 69 25 35 44 79 84 80 49 94 46 57 45 67 40 35 80 32 58 57 65 54 32 38 61 8 76 37 23 35 53 58 85 36 12 36 56 81 36 54 78 72 65 52 73 57 83 47 81 49 91 64 46 37 43 69 55 59 53 75 14 25 45 66 32 78 71 79 99 126 54 42 55 82 113 37 14 39 72 106 37 15 39 72 107 55 43 56 83 114
70 97 31 54 96 89 51 54 79 78 82 101 24 61 42 51 56 58 93 33 0 83 87 56 13 26 108 87 64 51 57 102 85 91 86 96 59 23 27 57 96 100 97 19 108 53 38 22 85 14 37 98 25 70 75 85 56 50 23 81 26 90 21 48 50 24 52 98 60 41 6 67 96 39 32 94 96 86 67 98 59 100 69 96 61 101 52 60 19 11 77 57 73 41 86 24 24 24 83 21 46 45 66 95 127 23 22 53 87 121 24 22 53 87 121 48 47 67 96 128 75 74 88 111 140
33 19 58 30 22 8 35 32 4 6 13 23 69 30 41 53 52 25 11 65 83 0 6 42 77 58 29 14 20 34 36 25 19 16 14 36 61 60 60 27 15 21 15 89 30 34 73 76 3 78 48 16 60 18 9 6 39 34 66 7 65 15 68 43 33 89 52 24 31 54 82 21 18 46 76 14 20 11 18 28 38 19 18 17 24 33 64 23 70 89 27 39 14 62 21 62 59 73 4 64 117 90 71 65 76 105 73 46 37 55 98 64 30 11 42 100 66 35 21 46 109 79 56 48 63
34 18 63 34 22 3 40 36 9 10 17 22 74 33 46 58 57 30 7 68 87 6 0 47 82 62 24 11 25 39 41 24 17 17 12 38 66 65 65 31 13 19 12 94 29 39 78 81 4 83 53 13 65 23 13 5 45 38 71 8 68 17 73 46 38 94 57 24 34 57 86 26 18 51 81 14 16 8 23 24 43 16 21 17 29 34 69 28 75 94 31 44 19 67 24 66 64 78 8 69 122 96 75 68 77 109 78 52 40 55 102 68 34 13 40 103 69 36 16 41 111 80 54 44 58
55 49 25 31 45 50 15 35 40 41 35 52 35 44 27 11 11 28 51 56 56 42 47 0 45 37 71 53 25 17 7 53 56 43 53 41 20 36 29 23 50 52 53 54 58 14 32 41 44 45 22 54 31 25 36 47 4 32 33 45 51 42 35 44 28 52 10 48 44 50 52 22 48 21 37 47 61 51 27 68 5 55 40 48 22 48 22 25 38 58 24 4 29 22 35 45 36 37 41 35 79 49 31 44 73 73 38 5 32 66 77 46 26 41 71 91 66 54 62 85 110 90 82 87 105
70 90 21 50 88 84 44 51 74 73 75 94 12 59 37 40 44 53 88 38 13 77 82 45 0 24 104 83 58 44 48 95 82 83 83 86 47 19 18 51 89 93 91 13 100 45 25 10 79 2 29 92 18 63 69 80 46 47 13 76 31 83 10 48 46 16 41 90 59 44 8 60 89 32 20 87 92 82 60 96 49 94 65 88 54 92 39 55 8 13 68 47 66 29 78 26 20 12 77 14 44 34 53 83 116 29 9 42 77 111 37 25 48 80 114 60 53 67 92 123 86 81 90 111 137
47 73 19 29 72 64 28 28 54 53 58 77 22 36 17 37 41 33 68 21 26 58 62 37 24 0 83 62 40 28 36 78 60 67 61 74 48 5 14 33 71 76 72 36 84 30 37 28 60 25 16 73 11 46 49 59 36 25 18 56 15 66 19 25 25 38 38 74 36 22 26 43 72 17 35 69 70 61 42 73 39 76 43 71 37 78 43 36 19 34 55 37 48 32 63 9 4 26 58 13 67 52 58 80 109 48 24 36 66 100 43 10 28 63 97 54 35 44 71 103 75 63 68 88 115
44 31 86 55 37 22 63 55 32 32 39 32 97 49 67 82 81 52 22 85 108 29 24 71 104 83 0 22 49 62 65 33 24 35 22 55 89 86 87 54 26 29 23 116 35 63 102 104 28 105 76 21 87 47 37 25 68 59 94 29 87 35 95 63 59 117 81 38 50 73 108 50 32 74 105 29 13 22 46 15 67 24 40 31 52 47 93 51 97 116 53 68 43 91 44 86 85 101 31 91 146 119 99 87 89 131 101 75 60 63 120 87 56 33 38 116 82 47 13 23 119 85 53 28 34
26 28 66 34 32 9 43 34 14 13 26 31 76 28 46 64 63 31 15 64 87 14 11 53 83 62 22 0 29 42 47 33 7 27 1 49 72 65 66 34 22 28 21 95 38 43 82 83 13 84 55 20 66 29 18 8 50 37 73 9 66 27 74 42 38 96 63 34 29 53 87 32 28 53 85 24 10 3 27 15 49 24 19 27 33 44 75 31 76 95 40 49 26 72 34 65 64 80 17 70 125 100 82 78 88 109 80 57 50 65 100 66 35 23 47 97 63 29 10 43 103 71 44 35 54
33 33 39 15 33 28 15 19 18 17 19 38 49 24 23 35 35 10 30 51 64 20 25 25 58 40 49 29 0 14 18 39 32 28 30 39 44 42 40 8 32 36 34 69 45 14 53 57 22 58 29 35 40 8 13 24 21 19 46 21 49 27 48 32 17 69 34 36 25 41 63 7 33 27 57 30 38 28 3 44 21 37 17 32 4 40 46 5 51 70 21 21 9 43 25 45 41 53 20 45 98 71 55 58 78 85 53 28 34 63 82 47 13 23 58 87 56 33 39 65 101 75 60 63 82
39 46 25 14 45 41 2 18 31 30 31 50 36 27 13 25 27 13 44 43 51 34 39 17 44 28 62 42 14 0 12 51 43 40 42 47 36 29 26 8 46 49 47 56 57 4 41 43 36 45 15 49 27 19 26 37 14 15 33 34 39 39 35 28 11 55 25 48 27 35 49 16 45 13 43 43 51 40 17 56 16 50 26 45 11 51 36 12 37 57 28 15 22 31 35 35 28 40 34 31 84 59 47 59 84 72 40 19 40 72 70 36 10 37 71 79 51 38 51 79 96 74 65 74 95
49 44 27 25 41 44 10 29 34 34 30 47 38 38 24 18 18 22 45 53 57 36 41 7 48 36 65 47 18 12 0 48 49 38 47 39 27 36 30 17 45 47 47 58 54 8 38 44 38 48 21 49 32 19 30 41 4 27 36 38 49 37 38 39 23 56 17 44 38 47 54 16 43 19 42 42 55 45 21 61 5 49 33 43 15 45 29 19 40 61 20 4 23 27 31 44 35 41 35 36 84 55 38 47 74 76 41 11 31 65 78 45 20 35 67 89 62 48 56 79 107 86 76 81 98
57 6 74 52 8 24 52 55 28 31 21 2 85 55 62 63 60 47 19 88 102 25 24 53 95 78 33 33 39 51 48 0 40 12 34 23 66 80 77 46 12 6 13 105 6 50 85 92 23 95 66 14 78 33 31 28 51 56 83 30 87 13 85 67 55 104 62 6 55 77 100 36 7 64 90 11 34 31 37 41 48 10 43 8 42 14 72 43 87 107 30 50 30 74 18 84 79 88 22 82 132 101 74 56 57 123 89 57 30 32 120 85 51 16 20 124 90 59 34 36 133 103 77 60 61
21 35 66 33 39 16 45 32 19 17 32 38 76 26 46 66 66 31 22 61 85 19 17 56 82 60 24 7 32 43 49 40 0 34 6 55 75 64 66 35 29 35 27 95 44 45 83 84 19 83 55 27 65 33 21 14 53 36 73 14 63 33 74 39 38 96 66 41 26 49 85 36 34 54 86 30 12 9 29 14 52 31 18 33 35 50 77 32 76 94 45 52 30 73 39 63 63 81 23 70 125 101 86 83 94 108 80 60 56 71 97 64 36 29 54 93 58 24 12 47 97 65 38 32 55
48 7 63 41 6 19 40 44 19 21 9 11 74 45 50 53 51 36 15 77 91 16 17 43 83 67 35 27 28 40 38 12 34 0 28 22 58 68 66 35 10 10 12 94 18 39 74 81 15 84 55 14 67 21 21 20 40 45 72 22 76 1 74 56 43 93 52 9 45 67 89 24 6 53 79 6 31 25 25 39 38 13 33 6 30 17 63 32 76 96 21 39 19 64 10 72 68 77 13 71 121 91 66 53 61 111 78 47 26 40 109 74 39 6 31 113 80 50 31 43 124 94 71 59 66
25 29 66 33 33 10 43 33 14 13 27 32 76 28 46 64 64 31 16 64 86 14 12 53 83 61 22 1 30 42 47 34 6 28 0 49 73 65 66 34 23 29 22 95 39 43 82 83 14 83 55 21 66 30 18 9 50 37 73 9 65 28 74 42 38 96 63 35 29 52 86 32 29 53 85 24 10 4 27 15 50 25 18 28 33 45 75 31 76 94 40 50 26 72 34 64 64 80 18 70 125 100 83 78 89 109 80 57 51 66 99 66 35 24 48 97 62 28 10 43 102 70 43 35 54
67 24 65 54 18 40 46 58 38 41 25 24 75 61 59 49 45 48 36 89 96 36 38 41 86 74 55 49 39 47 39 23 55 22 49 0 49 74 69 45 30 27 33 95 25 44 71 81 36 86 60 35 71 32 38 41 40 57 74 42 86 22 76 70 54 92 48 18 62 80 92 33 24 58 77 27 52 46 38 60 38 32 50 25 40 10 57 43 79 99 20 39 32 61 16 81 74 78 33 75 118 85 55 33 41 114 79 44 10 26 116 83 50 26 35 125 95 68 53 58 139 112 91 80 83
74 63 31 50 59 69 34 54 59 60 51 66 36 63 44 12 10 48 68 69 59 61 66 20 47 48 89 72 44 36 27 66 75 58 73 49 0 46 36 43 67 67 69 52 70 33 25 39 62 46 35 71 39 43 55 66 23 50 37 64 63 57 39 62 46 48 12 61 63 66 54 41 63 35 32 63 80 70 47 87 24 70 60 63 42 58 9 45 41 58 38 24 47 19 49 56 46 36 59 41 70 37 12 37 71 71 39 17 39 72 83 57 45 57 83 101 81 73 81 101 123 107 101 107 122
51 74 15 32 73 67 29 32 57 56 60 79 18 40 20 35 39 35 71 25 23 60 65 36 19 5 86 65 42 29 36 80 64 68 65 74 46 0 10 35 73 78 75 32 85 31 32 23 62 20 15 76 7 48 52 62 36 28 14 59 18 68 14 29 28 34 36 76 40 27 22 45 74 17 30 71 74 64 44 77 38 78 47 73 39 79 40 38 14 30 55 37 50 29 64 11 1 22 61 8 62 48 55 79 109 45 20 35 66 100 42 12 31 65 99 56 39 48 74 105 78 67 72 92 118
56 72 6 34 70 67 26 35 56 56 57 76 11 44 21 26 31 36 70 35 27 60 65 29 18 14 87 66 40 26 30 77 66 66 66 69 36 10 0 34 72 75 73 30 82 28 23 18 62 19 12 75 3 45 52 62 29 31 7 59 28 65 9 36 29 30 27 73 44 35 24 42 71 14 22 69 75 65 43 79 32 76 48 71 37 75 30 37 11 31 50 31 48 19 60 21 11 15 60 6 59 40 45 70 101 46 14 27 60 95 49 22 31 62 96 65 48 53 76 105 88 76 79 95 120
32 40 33 10 40 34 10 14 23 23 26 45 43 22 16 32 33 6 37 44 57 27 31 23 51 33 54 34 8 8 17 46 35 35 34 45 43 35 34 0 39 43 41 63 52 10 49 51 29 52 22 42 34 14 18 29 20 13 40 26 42 34 42 26 10 63 32 43 22 35 56 12 40 20 51 37 43 33 10 48 21 44 18 39 5 47 43 4 44 64 26 20 16 39 31 38 34 47 27 38 92 67 54 61 84 79 47 26 40 70 74 40 6 31 65 81 50 32 43 72 95 71 59 66 87
46 7 70 44 12 13 46 46 18 21 16 10 81 45 55 61 59 39 8 79 96 15 13 50 89 71 26 22 32 46 45 12 29 10 23 30 67 73 72 39 0 7 3 101 17 45 82 88 13 90 61 5 72 27 23 17 48 48 78 20 79 10 80 57 47 100 60 14 45 68 94 31 7 58 86 4 23 20 30 31 46 5 33 6 36 23 72 36 82 102 30 47 24 72 19 76 72 84 13 77 128 99 75 62 67 117 85 55 35 43 112 78 43 10 28 114 81 48 24 35 123 92 66 51 57
52 4 73 49 9 19 50 51 24 27 19 4 84 51 59 63 60 44 14 84 100 21 19 52 93 76 29 28 36 49 47 6 35 10 29 27 67 78 75 43 7 0 8 104 10 48 84 91 19 93 64 9 76 31 28 23 50 53 81 26 84 11 83 63 52 103 62 9 51 74 98 34 5 62 89 7 28 26 34 36 48 5 38 5 40 19 73 40 86 106 30 49 28 74 19 81 77 87 19 80 131 101 75 59 62 121 88 57 33 37 117 83 48 13 22 120 86 54 29 34 129 98 72 55 58
45 9 71 45 15 12 48 47 19 21 18 11 82 45 56 63 61 40 6 80 97 15 12 53 91 72 23 21 34 47 47 13 27 12 22 33 69 75 73 41 3 8 0 102 17 47 84 89 13 91 62 2 74 29 23 16 50 49 79 20 79 13 81 58 48 102 62 16 46 68 96 33 9 60 88 6 21 19 31 29 48 4 33 9 37 25 74 37 84 103 32 49 26 74 22 77 74 86 14 78 130 101 78 65 69 119 86 57 38 45 113 79 44 12 28 114 81 48 22 33 122 92 64 48 54
83 101 32 62 98 96 55 63 86 85 86 104 21 72 50 47 51 65 99 49 19 89 94 54 13 36 116 95 69 56 58 105 95 94 95 95 52 32 30 63 101 104 102 0 111 56 27 14 91 12 41 104 30 74 81 92 56 59 23 88 42 94 22 61 58 6 48 101 71 56 14 71 100 43 21 98 104 95 72 108 58 105 77 99 66 102 43 66 19 10 77 57 77 35 88 38 33 18 89 26 31 29 56 88 122 20 17 51 85 120 39 37 61 91 124 65 64 80 105 134 93 92 103 123 149
62 12 80 58 13 29 57 61 34 36 26 8 90 60 67 68 65 53 23 94 108 30 29 58 100 84 35 38 45 57 54 6 44 18 39 25 70 85 82 52 17 10 17 111 0 55 89 97 29 100 72 18 83 38 37 33 56 62 88 36 93 18 90 72 60 109 66 10 61 83 106 41 13 70 95 16 37 36 43 45 53 14 48 14 47 15 77 49 93 113 35 55 36 79 23 89 85 94 28 88 136 105 77 57 54 128 94 62 33 29 126 91 56 22 14 129 96 64 38 34 139 108 81 62 60
42 45 25 18 43 42 3 22 31 31 30 49 36 31 16 23 24 15 44 46 53 34 39 14 45 30 63 43 14 4 8 50 45 39 43 44 33 31 28 10 45 48 47 56 55 0 40 43 36 46 17 48 28 18 26 38 11 19 34 35 42 38 36 32 15 56 22 46 31 39 51 15 44 15 43 42 52 41 17 57 12 49 28 44 11 48 34 13 38 58 25 11 21 29 33 38 31 40 33 33 84 58 44 55 81 73 40 16 37 70 73 39 13 35 69 82 55 41 52 79 99 78 69 76 96
76 81 20 52 77 81 39 55 70 70 67 84 16 64 41 22 26 52 82 57 38 73 78 32 25 37 102 82 53 41 38 85 83 74 82 71 25 32 23 49 82 84 84 27 89 40 0 16 75 24 30 86 26 56 65 77 35 50 19 74 49 74 20 58 47 24 24 79 64 58 32 52 80 31 7 79 91 80 56 96 37 86 66 80 50 79 16 52 22 35 55 36 59 11 67 43 33 14 72 25 48 19 29 61 95 47 17 28 61 95 62 43 48 72 103 83 71 74 91 117 108 99 101 114 135
73 87 18 51 85 84 42 52 73 73 73 91 8 62 39 33 38 53 86 45 22 76 81 41 10 28 104 83 57 43 44 92 84 81 83 81 39 23 18 51 88 91 89 14 97 43 16 0 78 9 29 91 19 61 68 79 42 48 11 76 38 80 10 52 46 13 35 87 61 49 17 57 87 31 10 85 92 82 59 97 45 92 66 86 53 88 31 54 10 19 64 43 64 21 74 32 24 4 76 16 42 26 45 76 109 33 4 37 72 106 46 32 49 78 111 69 60 70 93 121 94 88 95 113 137
34 17 61 32 21 7 37 34 6 8 14 21 71 32 43 55 54 28 9 67 85 3 4 44 79 60 28 13 22 36 38 23 19 15 14 36 62 62 62 29 13 19 13 91 29 36 75 78 0 80 51 14 62 20 11 6 41 36 68 8 67 15 70 45 36 91 54 23 33 56 84 23 17 48 78 13 19 11 20 27 40 17 20 16 26 32 66 25 72 92 28 40 16 64 21 64 62 75 4 66 120 92 72 65 76 107 75 48 37 54 100 66 32 11 40 102 68 36 20 44 111 81 56 47 61
71 90 21 51 88 85 44 51 75 74 75 94 11 60 38 39 44 53 88 40 14 78 83 45 2 25 105 84 58 45 48 95 83 84 83 86 46 20 19 52 90 93 91 12 100 46 24 9 80 0 30 93 18 63 70 80 46 47 13 77 32 83 11 49 46 14 41 91 59 45 9 60 89 32 19 87 93 83 61 96 49 94 66 89 55 92 38 55 8 13 68 48 66 28 78 27 21 11 78 14 43 33 53 83 116 28 8 42 77 111 38 26 49 81 114 61 54 68 93 123 87 82 92 111 137
47 61 11 23 59 56 15 25 45 44 46 65 22 35 12 23 27 25 59 35 37 48 53 22 29 16 76 55 29 15 21 66 55 55 55 60 35 15 12 22 61 64 62 41 72 17 30 29 51 30 0 63 12 34 40 51 21 21 18 48 29 54 20 29 18 41 24 62 35 32 35 31 60 3 31 58 64 54 32 69 24 65 38 60 26 65 31 26 22 42 41 22 37 22 50 24 15 26 48 17 70 48 45 65 94 57 25 21 52 85 57 25 20 51 85 69 47 44 65 94 89 73 71 85 109
45 11 73 46 17 12 49 47 20 22 20 13 84 45 57 65 63 41 6 80 98 16 13 54 92 73 21 20 35 49 49 14 27 14 21 35 71 76 75 42 5 9 2 104 18 48 86 91 14 93 63 0 75 31 24 17 52 50 81 20 80 15 83 58 49 103 64 17 46 69 97 34 11 61 90 8 20 18 32 27 50 5 33 10 38 27 76 38 85 105 34 51 27 75 24 78 75 87 16 79 132 103 80 67 71 120 88 59 40 46 114 80 46 14 28 115 81 48 20 31 122 91 64 46 52
54 73 9 33 71 67 27 34 57 56 58 77 12 43 20 29 33 35 70 32 25 60 65 31 18 11 87 66 40 27 32 78 65 67 66 71 39 7 3 34 72 76 74 30 83 28 26 19 62 18 12 75 0 46 52 62 31 30 8 59 25 66 9 34 28 31 30 74 43 33 23 43 72 14 24 70 75 65 43 79 34 77 48 71 37 76 33 37 11 30 52 32 49 22 61 18 8 17 60 5 60 42 48 73 104 45 15 29 62 96 47 19 31 63 97 63 46 52 75 105 85 73 77 94 119
39 27 43 22 26 26 20 26 16 17 13 31 54 31 30 36 35 17 27 58 70 18 23 25 63 46 47 29 8 19 19 33 33 21 30 32 43 48 45 14 27 31 29 74 38 18 56 61 20 63 34 31 46 0 13 23 22 26 51 21 56 21 53 39 24 73 35 29 31 48 68 4 27 32 60 25 37 27 7 44 21 32 21 26 10 33 47 12 56 75 14 21 4 45 18 52 47 57 16 50 101 73 54 53 72 91 58 29 28 56 88 54 20 18 52 94 63 39 38 62 108 82 65 64 80
29 25 50 22 27 16 27 24 5 5 15 30 61 24 33 47 46 17 19 57 75 9 13 36 69 49 37 18 13 26 30 31 21 21 18 38 55 52 52 18 23 28 23 81 37 26 65 68 11 70 40 24 52 13 0 12 33 26 58 9 57 20 60 36 25 81 46 30 25 46 73 15 25 38 69 21 26 16 10 32 32 27 12 24 16 37 58 15 62 81 25 32 9 55 23 54 51 65 10 56 110 83 65 64 79 96 65 40 37 60 90 56 22 16 50 93 60 30 27 54 103 75 54 52 70
30 22 62 31 26 6 38 32 7 7 19 26 72 29 43 58 57 27 11 65 85 6 5 47 80 59 25 8 24 37 41 28 14 20 9 41 66 62 62 29 17 23 16 92 33 38 77 79 6 80 51 17 62 23 12 0 44 35 69 4 65 20 71 42 35 92 57 28 30 53 84 26 22 49 80 17 15 5 21 22 43 20 18 21 27 37 69 26 73 92 32 43 19 66 26 63 61 76 9 67 121 95 76 70 81 107 76 51 43 59 99 65 32 16 44 99 65 32 16 44 107 76 51 42 59
52 47 25 28 43 47 13 32 37 38 32 50 36 41 25 14 14 25 48 54 56 39 45 4 46 36 68 50 21 14 4 51 53 40 50 40 23 36 29 20 48 50 50 56 56 11 35 42 41 46 21 52 31 22 33 44 0 29 34 42 49 40 36 42 25 54 13 46 41 48 52 19 46 19 39 45 58 48 24 65 3 52 37 46 19 46 25 22 39 59 22 2 26 24 33 44 35 38 38 35 81 52 34 46 74 74 40 8 32 66 77 45 23 38 69 89 64 51 59 82 108 88 79 84 102
26 51 32 5 51 40 17 5 31 29 37 55 41 15 10 39 41 10 44 32 50 34 38 32 47 25 59 37 19 15 27 56 36 45 37 57 50 28 31 13 48 53 49 59 62 19 50 48 36 47 21 50 30 26 26 35 29 0 37 32 31 45 39 14 5 60 39 54 14 23 50 25 50 19 51 47 46 37 21 50 31 52 19 49 18 59 49 14 40 58 38 29 27 41 43 29 27 45 35 34 89 68 61 73 96 72 45 34 52 82 65 30 8 41 75 69 38 24 47 78 83 60 52 65 91
62 78 9 40 76 73 32 42 63 62 63 82 5 51 28 28 33 42 76 38 23 66 71 33 13 18 94 73 46 33 36 83 73 72 73 74 37 14 7 40 78 81 79 23 88 34 19 11 68 13 18 81 8 51 58 69 34 37 0 66 30 71 3 41 36 23 30 78 50 40 19 48 77 20 17 75 82 72 49 86 37 82 55 77 43 80 30 44 6 25 55 35 54 19 66 24 14 9 66 6 53 34 45 73 105 41 8 30 65 99 46 24 38 68 102 66 52 59 82 111 90 80 85 102 126
27 25 58 28 28 9 35 29 5 4 19 29 69 26 40 55 55 24 14 61 81 7 8 45 76 56 29 9 21 34 38 30 14 22 9 42 64 59 59 26 20 26 20 88 36 35 74 76 8 77 48 20 59 21 9 4 42 32 66 0 61 22 67 39 32 89 55 30 26 50 80 24 24 46 77 20 17 7 18 24 41 23 14 23 24 39 66 23 70 88 32 41 17 63 27 60 58 73 10 63 117 92 74 70 82 103 73 49 43 61 95 61 29 17 47 95 61 29 18 47 104 73 49 44 62
46 81 33 35 81 70 40 33 61 59 67 85 34 38 27 51 56 41 75 8 26 65 68 51 31 15 87 66 49 39 49 87 63 76 65 86 63 18 28 42 79 84 79 42 93 42 49 38 67 32 29 80 25 56 57 65 49 31 30 61 0 75 30 24 33 46 52 84 37 16 29 54 80 31 46 77 74 66 51 76 52 83 48 80 47 89 57 44 29 37 66 51 57 46 73 7 18 37 66 25 72 63 72 94 122 48 35 50 79 111 34 7 37 71 106 41 23 43 74 108 61 51 62 87 117
48 7 63 40 7 19 40 43 18 21 8 11 73 44 50 52 50 35 15 76 90 15 17 42 83 66 35 27 27 39 37 13 33 1 28 22 57 68 65 34 10 11 13 94 18 38 74 80 15 83 54 15 66 21 20 20 40 45 71 22 75 0 73 55 43 93 51 10 45 66 88 24 7 52 78 7 30 24 25 39 38 14 32 6 30 18 63 31 76 96 20 38 18 63 9 72 67 77 12 70 120 91 66 53 61 111 77 46 26 40 108 73 39 5 32 112 79 49 31 44 123 94 70 59 66
63 80 11 42 78 75 34 43 65 64 65 84 4 52 29 30 35 44 78 37 21 68 73 35 10 19 95 74 48 35 38 85 74 74 74 76 39 14 9 42 80 83 81 22 90 36 20 10 70 11 20 83 9 53 60 71 36 39 3 67 30 73 0 42 37 22 32 80 52 40 17 50 79 22 17 77 83 74 51 88 39 84 57 79 45 82 31 45 3 23 58 37 56 20 68 24 15 8 68 6 51 34 46 74 107 38 6 33 67 101 45 24 40 71 104 64 52 60 84 113 89 80 86 103 128
23 61 38 17 62 47 30 13 39 37 48 65 45 14 18 50 53 22 53 23 48 43 46 44 48 25 63 42 32 28 39 67 39 56 42 70 62 29 36 26 57 63 58 61 72 32 58 52 45 49 29 58 34 39 36 42 42 14 41 39 24 55 42 0 18 63 50 65 14 11 49 37 60 28 57 57 50 43 32 52 43 61 25 59 30 71 59 27 43 57 51 42 39 50 55 25 28 50 45 37 91 75 73 86 109 71 48 45 65 94 58 26 21 51 85 57 25 20 51 85 70 47 44 64 93
30 49 29 5 49 40 13 8 30 28 35 53 39 18 9 35 37 8 44 35 50 33 38 28 46 25 59 38 17 11 23 55 38 43 38 54 46 28 29 10 47 52 48 58 60 15 47 46 36 46 18 49 28 24 25 35 25 5 36 32 33 43 37 18 0 58 35 52 18 26 49 22 48 17 49 45 47 37 18 51 27 51 20 47 14 56 45 12 39 57 35 25 25 38 41 30 27 43 34 33 88 65 58 69 93 72 43 30 49 79 66 31 4 39 74 71 42 28 47 78 86 64 56 67 92
84 99 31 63 97 96 54 64 86 85 85 103 20 73 51 44 48 65 99 53 24 89 94 52 16 38 117 96 69 55 56 104 96 93 96 92 48 34 30 63 100 103 102 6 109 56 24 13 91 14 41 103 31 73 81 92 54 60 23 89 46 93 22 63 58 0 45 99 73 59 18 70 99 43 17 97 105 95 72 109 56 104 78 98 66 100 39 66 20 15 76 55 76 32 86 41 35 16 88 27 30 23 51 84 118 24 16 49 83 117 44 40 61 90 123 70 68 81 105 134 98 96 105 125 149
63 58 22 39 54 60 23 42 50 51 44 61 30 52 32 2 4 37 61 58 52 52 57 10 41 38 81 63 34 25 17 62 66 52 63 48 12 36 27 32 60 62 62 48 66 22 24 35 54 41 24 64 30 35 46 57 13 39 30 55 52 51 32 50 35 45 0 56 52 55 48 32 57 23 30 57 71 61 37 78 15 64 49 57 31 55 12 35 34 53 32 14 39 14 44 46 36 31 51 33 71 40 23 44 76 68 33 7 38 72 75 47 34 50 79 92 70 62 72 94 113 96 90 97 114
57 7 70 49 3 26 48 52 27 30 17 6 81 53 58 58 55 44 20 85 98 24 24 48 90 74 38 34 36 48 44 6 41 9 35 18 61 76 73 43 14 9 16 101 10 46 79 87 23 91 62 17 74 29 30 28 46 54 78 30 84 10 80 65 52 99 56 0 54 75 96 32 7 60 85 11 36 32 34 44 43 14 41 8 38 10 67 40 83 103 25 45 27 69 13 80 75 84 21 78 127 96 68 51 54 118 85 52 25 31 117 82 48 14 24 121 89 58 37 41 132 103 78 63 66
13 49 45 14 51 35 29 10 28 25 39 54 54 1 23 52 54 17 40 36 60 31 34 44 59 36 50 29 25 27 38 55 26 45 29 62 63 40 44 22 45 51 46 71 61 31 64 61 33 59 35 46 43 31 25 30 41 14 50 26 37 45 52 14 18 73 52 54 0 24 61 31 49 33 65 45 37 30 24 39 42 49 13 48 25 61 62 21 53 69 45 41 30 55 46 37 39 59 34 46 102 82 74 82 102 83 58 46 58 84 71 39 18 40 73 69 36 11 37 71 79 51 39 52 80
31 71 39 27 72 58 37 23 50 48 59 76 44 25 24 54 58 32 63 12 41 54 57 50 44 22 73 53 41 35 47 77 49 67 52 80 66 27 35 35 68 74 68 56 83 39 58 49 56 45 32 69 33 48 46 53 48 23 40 50 16 66 40 11 26 59 55 75 24 0 44 47 71 32 56 67 61 53 42 61 50 72 36 70 40 81 62 37 40 51 61 49 49 52 65 18 26 48 56 34 86 74 77 93 118 64 46 51 74 104 48 20 30 62 96 47 16 28 61 95 61 42 47 72 102
71 95 28 53 93 89 49 54 78 77 80 99 19 61 41 47 51 57 92 36 6 82 86 52 8 26 108 87 63 49 54 100 85 89 86 92 54 22 24 56 94 98 96 14 106 51 32 17 84 9 35 97 23 68 73 84 52 50 19 80 29 88 17 49 49 18 48 96 61 44 0 65 94 37 27 92 95 86 65 99 55 99 68 94 59 98 46 59 14 9 74 54 71 36 83 26 23 19 82 18 43 39 61 91 123 23 16 49 83 118 30 24 52 85 119 53 50 68 96 127 80 78 90 113 140
39 31 40 21 29 29 16 25 19 20 16 35 50 31 27 33 32 16 30 56 67 21 26 22 60 43 50 32 7 16 16 36 36 24 32 33 41 45 42 12 31 34 33 71 41 15 52 57 23 60 31 34 43 4 15 26 19 25 48 24 54 24 50 37 22 70 32 32 31 47 65 0 30 29 56 28 40 30 8 47 18 35 22 29 8 36 44 11 52 72 15 18 8 42 20 50 44 54 20 47 98 70 51 52 72 87 54 26 28 58 85 51 18 21 55 92 62 39 41 65 107 82 66 67 83
50 1 69 46 6 19 46 48 22 24 15 6 80 48 55 58 56 40 14 81 96 18 18 48 89 72 32 28 33 45 43 7 34 6 29 24 63 74 71 40 7 5 9 100 13 44 80 87 17 89 60 11 72 27 25 22 46 50 77 24 80 7 79 60 48 99 57 7 49 71 94 30 0 58 85 5 29 25 30 37 44 8 36 1 36 17 68 37 82 102 26 45 24 69 15 77 73 83 16 76 127 97 71 56 61 117 84 52 29 38 114 79 44 10 26 117 84 53 30 38 127 97 71 57 61
45 59 13 21 57 54 13 24 43 42 44 63 24 34 11 23 26 23 57 36 39 46 51 21 32 17 74 53 27 13 19 64 54 53 53 58 35 17 14 20 58 62 60 43 70 15 31 31 48 32 3 61 14 32 38 49 19 19 20 46 31 52 22 28 17 43 23 60 33 32 37 29 58 0 33 56 62 52 29 67 22 63 36 58 23 62 31 24 24 44 39 21 35 23 47 25 17 28 46 19 72 49 45 64 93 59 27 20 50 83 59 26 18 49 83 71 47 43 63 92 90 73 70 84 107
77 85 20 54 82 84 42 56 74 73 71 89 13 65 42 28 32 55 86 54 32 76 81 37 20 35 105 85 57 43 42 90 86 79 85 77 32 30 22 51 86 89 88 21 95 43 7 10 78 19 31 90 24 60 69 80 39 51 17 77 46 78 17 57 49 17 30 85 65 56 27 56 85 33 0 84 94 83 59 99 42 91 68 84 53 84 23 55 18 28 61 41 63 16 72 40 31 10 76 23 42 18 36 68 102 40 12 33 67 101 56 40 50 77 108 79 68 75 94 121 104 96 101 116 138
46 5 67 43 10 15 44 45 18 20 13 9 78 44 53 58 56 37 10 78 94 14 14 47 87 69 29 24 30 43 42 11 30 6 24 27 63 71 69 37 4 7 6 98 16 42 79 85 13 87 58 8 70 25 21 17 45 47 75 20 77 7 77 57 45 97 57 11 45 67 92 28 5 56 84 0 26 21 28 34 43 8 32 4 33 21 68 34 80 100 26 44 22 69 16 75 71 82 12 74 125 96 72 59 65 115 82 52 32 42 111 76 42 7 29 114 80 48 26 38 123 93 67 53 60
32 30 75 43 35 13 52 43 22 21 32 32 85 37 55 72 72 40 16 72 96 20 16 61 92 70 13 10 38 51 55 34 12 31 10 52 80 74 75 43 23 28 21 104 37 52 91 92 19 93 64 20 75 37 26 15 58 46 82 17 74 30 83 50 47 105 71 36 37 61 95 40 29 62 94 26 0 11 35 9 58 24 28 28 41 46 83 39 85 104 46 58 34 80 38 73 73 89 23 79 134 109 90 83 90 118 89 65 55 65 108 75 44 28 44 104 70 35 1 35 108 75 45 29 45
27 26 65 33 30 7 42 34 12 11 24 29 75 29 45 62 61 30 13 65 86 11 8 51 82 61 22 3 28 40 45 31 9 25 4 46 70 64 65 33 20 26 19 95 36 41 80 82 11 83 54 18 65 27 16 5 48 37 72 7 66 24 74 43 37 95 61 32 30 53 86 30 25 52 83 21 11 0 25 17 47 22 18 24 31 41 73 29 76 94 37 48 24 70 31 64 63 79 14 69 124 98 80 75 85 109 79 55 48 62 100 66 35 21 46 98 64 30 11 42 105 73 47 38 55
32 31 41 16 31 25 18 20 15 15 17 35 52 24 25 38 37 11 28 52 67 18 23 27 60 42 46 27 3 17 21 37 29 25 27 38 47 44 43 10 30 34 31 72 43 17 56 59 20 61 32 32 43 7 10 21 24 21 49 18 51 25 51 32 18 72 37 34 24 42 65 8 30 29 59 28 35 25 0 41 23 34 15 30 7 39 49 7 53 73 21 23 7 46 23 47 43 56 17 48 100 74 57 59 78 88 56 31 34 62 84 49 14 21 56 89 57 33 36 63 101 75 59 61 79
31 38 79 46 43 21 57 46 29 28 40 40 90 38 59 78 78 45 25 73 98 28 24 68 96 73 15 15 44 56 61 41 14 39 15 60 87 77 79 48 31 36 29 108 45 57 96 97 27 96 69 27 79 44 32 22 65 50 86 24 76 39 88 52 51 109 78 44 39 61 99 47 37 67 99 34 9 17 41 0 64 31 31 37 47 54 90 45 89 107 54 64 41 86 46 75 76 94 31 83 138 114 97 91 98 121 93 72 63 73 109 77 49 36 51 103 69 34 8 37 105 71 39 21 42
53 44 28 29 41 46 14 33 36 37 31 48 38 42 27 16 15 26 47 57 59 38 43 5 49 39 67 49 21 16 5 48 52 38 50 38 24 38 32 21 46 48 48 58 53 12 37 45 40 49 24 50 34 21 32 43 3 31 37 41 52 38 39 43 27 56 15 43 42 50 55 18 44 22 42 43 58 47 23 64 0 50 37 43 19 44 26 22 42 62 20 2 25 26 31 47 38 41 37 38 84 54 34 44 71 77 42 9 29 63 80 48 24 36 67 92 66 52 58 81 110 90 79 84 100
49 8 74 48 14 16 51 50 23 25 20 9 85 49 59 65 63 43 10 83 100 19 16 55 94 76 24 24 37 50 49 10 31 13 25 32 70 78 76 44 5 5 4 105 14 49 86 92 17 94 65 5 77 32 27 20 52 52 82 23 83 14 84 61 51 104 64 14 49 72 99 35 8 63 91 8 24 22 34 31 50 0 37 8 40 24 75 40 87 106 33 51 29 76 22 80 77 89 18 81 133 103 79 64 67 122 89 59 37 42 117 82 48 15 24 118 84 51 24 31 126 95 68 50 53
18 37 48 15 38 23 27 16 15 12 26 41 59 13 28 50 50 14 28 47 69 18 21 40 65 43 40 19 17 26 33 43 18 33 18 50 60 47 48 18 33 38 33 77 48 28 66 66 20 66 38 33 48 21 12 18 37 19 55 14 48 32 57 25 20 78 49 41 13 36 68 22 36 36 68 32 28 18 15 31 37 37 0 35 19 49 61 15 58 76 35 37 19 56 34 47 46 63 21 52 107 84 71 73 90 91 62 43 48 72 82 48 18 28 60 82 48 19 28 60 91 63 44 49 72
50 2 68 45 7 18 45 47 21 23 14 6 79 47 55 58 56 40 13 81 96 17 17 48 88 71 31 27 32 45 43 8 33 6 28 25 63 73 71 39 6 5 9 99 14 44 80 86 16 89 60 10 71 26 24 21 46 49 77 23 80 6 79 59 47 98 57 8 48 70 94 29 1 58 84 4 28 24 30 37 43 8 35 0 35 18 68 36 81 101 26 44 23 69 15 77 72 83 15 76 126 96 71 57 62 116 83 52 30 39 113 78 44 9 27 116 83 52 29 38 126 96 71 56 61
35 36 35 14 35 31 12 18 21 21 22 41 46 25 21 32 32 9 34 49 61 24 29 22 54 37 52 33 4 11 15 42 35 30 33 40 42 39 37 5 36 40 37 66 47 11 50 53 26 55 26 38 37 10 16 27 19 18 43 24 47 30 45 30 14 66 31 38 25 40 59 8 36 23 53 33 41 31 7 47 19 40 19 35 0 43 43 5 47 67 21 18 12 40 27 43 38 50 23 42 94 68 52 58 79 82 50 25 35 65 79 44 11 27 61 85 55 34 42 69 100 75 62 66 85
65 17 71 55 12 35 51 58 35 38 23 15 82 61 62 57 53 49 30 91 101 33 34 48 92 78 47 44 40 51 45 14 50 17 45 10 58 79 75 47 23 19 25 102 15 48 79 88 32 92 65 27 76 33 37 37 46 59 80 39 89 18 82 71 56 100 55 10 61 81 98 36 17 62 84 21 46 41 39 54 44 24 49 18 43 0 65 45 85 105 25 45 32 69 16 85 78 84 29 80 126 94 64 43 44 120 85 51 20 23 120 86 52 22 26 127 95 66 46 48 139 111 87 73 74
74 69 25 49 65 72 34 53 62 63 56 72 28 63 41 12 13 48 73 64 52 64 69 22 39 43 93 75 46 36 29 72 77 63 75 57 9 40 30 43 72 73 74 43 77 34 16 31 66 38 31 76 33 47 58 69 25 49 30 66 57 63 31 59 45 39 12 67 62 62 46 44 68 31 23 68 83 73 49 90 26 75 61 68 43 65 0 46 34 50 43 26 51 12 55 51 40 28 63 34 62 29 16 46 79 63 31 18 47 80 75 51 45 62 90 95 77 73 84 106 118 104 100 109 126
31 37 36 11 37 30 13 15 20 19 23 42 47 21 19 35 36 5 34 46 60 23 28 25 55 36 51 31 5 12 19 43 32 32 31 43 45 38 37 4 36 40 37 66 49 13 52 54 25 55 26 38 37 12 15 26 22 14 44 23 44 31 45 27 12 66 35 40 21 37 59 11 37 24 55 34 39 29 7 45 22 40 15 36 5 45 46 0 48 67 25 22 13 42 29 41 37 51 23 42 95 70 56 62 83 82 51 29 39 68 77 43 8 28 62 83 52 30 40 68 96 71 58 63 84
64 82 14 44 80 78 36 44 67 66 68 86 6 53 31 33 38 46 81 37 19 70 75 38 8 19 97 76 51 37 40 87 76 76 76 79 41 14 11 44 82 86 84 19 93 38 22 10 72 8 22 85 11 56 62 73 39 40 6 70 29 76 3 43 39 20 34 83 53 40 14 52 82 24 18 80 85 76 53 89 42 87 58 81 47 85 34 48 0 21 60 40 59 23 70 23 15 9 70 7 49 35 49 77 109 36 6 35 70 104 42 23 42 73 106 62 51 62 86 116 87 79 86 105 130
80 102 34 62 100 97 56 62 86 85 88 106 24 70 49 52 56 65 100 43 11 89 94 58 13 34 116 95 70 57 61 107 94 96 94 99 58 30 31 64 102 106 103 10 113 58 35 19 92 13 42 105 30 75 81 92 59 58 25 88 37 96 23 57 57 15 53 103 69 51 9 72 102 44 28 100 104 94 73 107 62 106 76 101 67 105 50 67 21 0 80 60 78 40 90 34 31 23 90 26 36 38 63 95 128 16 21 55 90 124 30 32 60 93 126 56 57 76 104 135 84 84 98 121 148
52 26 47 35 22 34 27 39 27 29 15 29 57 44 40 34 31 30 32 69 77 27 31 24 68 55 53 40 21 28 20 30 45 21 40 20 38 55 50 26 30 30 32 77 35 25 55 64 28 68 41 34 52 14 25 32 22 38 55 32 66 20 58 51 35 76 32 25 45 61 74 15 26 39 61 26 46 37 21 54 20 33 35 26 21 25 43 25 60 80 0 21 16 45 12 62 55 60 24 56 103 72 46 39 58 96 61 28 14 46 97 63 31 20 48 106 76 53 47 63 121 96 78 74 85
52 45 27 28 42 47 13 32 37 37 31 49 37 41 26 15 15 25 47 55 57 39 44 4 47 37 68 49 21 15 4 50 52 39 50 39 24 37 31 20 47 49 49 57 55 11 36 43 40 48 22 51 32 21 32 43 2 29 35 41 51 38 37 42 25 55 14 45 41 49 54 18 45 21 41 44 58 48 23 64 2 51 37 44 18 45 26 22 40 60 21 0 25 25 32 45 36 40 37 36 82 53 35 45 73 75 41 8 30 65 78 46 23 37 68 91 65 51 58 81 109 89 79 83 101
37 25 46 23 24 22 23 27 12 14 11 29 57 30 32 40 39 18 23 59 73 14 19 29 66 48 43 26 9 22 23 30 30 19 26 32 47 50 48 16 24 28 26 77 36 21 59 64 16 66 37 27 49 4 9 19 26 27 54 17 57 18 56 39 25 76 39 27 30 49 71 8 24 35 63 22 34 24 7 41 25 29 19 23 12 32 51 13 59 78 16 25 0 49 17 54 49 61 13 53 105 77 57 55 72 94 61 33 29 55 90 56 21 15 49 95 63 37 34 58 108 81 62 60 76
67 70 14 43 67 70 29 46 60 60 56 73 18 55 33 13 17 43 72 53 41 62 67 22 29 32 91 72 43 31 27 74 73 64 72 61 19 29 19 39 72 74 74 35 79 29 11 21 64 28 22 75 22 45 55 66 24 41 19 63 46 63 20 50 38 32 14 69 55 52 36 42 69 23 16 69 80 70 46 86 26 76 56 69 40 69 12 42 23 40 45 25 49 0 56 40 29 18 61 23 58 29 27 55 88 54 20 18 51 86 64 40 39 62 92 83 66 65 81 106 107 94 93 104 124
51 15 57 39 11 26 35 43 22 25 9 18 68 46 47 45 42 34 23 75 86 21 24 35 78 63 44 34 25 35 31 18 39 10 34 16 49 64 60 31 19 19 22 88 23 33 67 74 21 78 50 24 61 18 23 26 33 43 66 27 73 9 68 55 41 86 44 13 46 65 83 20 15 47 72 16 38 31 23 46 31 22 34 15 27 16 55 29 70 90 12 32 17 56 0 69 63 71 17 66 114 83 57 45 57 106 72 39 17 39 105 71 37 11 37 111 80 52 39 52 124 97 75 67 75
47 78 26 33 78 68 35 31 59 57 64 82 28 38 23 45 50 38 73 14 24 62 66 45 26 9 86 65 45 35 44 84 63 72 64 81 56 11 21 38 76 81 77 38 89 38 43 32 64 27 24 78 18 52 54 63 44 29 24 60 7 72 24 25 30 41 46 80 37 18 26 50 77 25 40 75 73 64 47 75 47 80 47 77 43 85 51 41 23 34 62 45 54 40 69 0 11 31 63 18 68 57 66 88 117 47 29 44 74 107 37 2 34 68 103 46 28 44 74 106 67 57 65 88 117
50 74 16 31 72 66 28 31 56 55 59 78 18 39 19 35 39 34 70 25 24 59 64 36 20 4 85 64 41 28 35 79 63 68 64 74 46 1 11 34 72 77 74 33 85 31 33 24 62 21 15 75 8 47 51 61 35 27 14 58 18 67 15 28 27 35 36 75 39 26 23 44 73 17 31 71 73 63 43 76 38 77 46 72 38 78 40 37 15 31 55 36 49 29 63 11 0 23 60 9 63 48 55 79 108 46 21 34 66 100 43 12 30 64 98 56 38 47 73 104 78 66 71 91 117
70 84 15 48 81 81 39 50 70 69 69 87 5 59 36 30 34 50 83 45 24 73 78 37 12 26 101 80 53 40 41 88 81 77 80 78 36 22 15 47 84 87 86 18 94 40 14 4 75 11 26 87 17 57 65 76 38 45 9 73 37 77 8 50 43 16 31 84 59 48 19 54 83 28 10 82 89 79 56 94 41 89 63 83 50 84 28 51 9 23 60 40 61 18 71 31 23 0 73 14 45 26 42 73 106 37 3 34 68 103 48 31 45 75 107 70 59 68 90 118 95 88 93 110 134
36 16 58 31 19 10 34 33 6 9 10 21 69 33 42 52 50 26 11 66 83 4 8 41 77 58 31 17 20 34 35 22 23 13 18 33 59 61 60 27 13 19 14 89 28 33 72 76 4 78 48 16 60 16 10 9 38 35 66 10 66 12 68 45 34 88 51 21 34 56 82 20 16 46 76 12 23 14 17 31 37 18 21 15 23 29 63 23 70 90 24 37 13 61 17 63 60 73 0 64 117 89 68 61 73 105 73 45 34 52 99 65 31 8 40 102 69 38 23 46 112 82 59 51 64
58 77 11 37 75 71 31 38 61 60 62 81 10 47 25 31 36 40 75 32 21 64 69 35 14 13 91 70 45 31 36 82 70 71 70 75 41 8 6 38 77 80 78 26 88 33 25 16 66 14 17 79 5 50 56 67 35 34 6 63 25 70 6 37 33 27 33 78 46 34 18 47 76 19 23 74 79 69 48 83 38 81 52 76 42 80 34 42 7 26 56 36 53 23 66 18 9 14 64 0 56 40 50 76 107 41 12 33 66 100 43 18 35 68 101 61 46 55 79 110 84 74 80 98 124
113 127 60 92 124 125 83 93 115 114 113 131 49 102 80 70 73 94 127 78 46 117 122 79 44 67 146 125 98 84 84 132 125 121 125 118 70 62 59 92 128 131 130 31 136 84 48 42 120 43 70 132 60 101 110 121 81 89 53 117 72 120 51 91 88 30 71 127 102 86 43 98 127 72 42 125 134 124 100 138 84 133 107 126 94 126 62 95 49 36 103 82 105 58 114 68 63 45 117 56 0 35 70 104 139 29 45 75 108 142 57 67 90 119 150 86 92 110 134 162 114 119 133 153 178
94 97 37 70 93 98 57 72 88 88 84 100 30 82 59 39 41 70 100 71 45 90 96 49 34 52 119 100 71 59 55 101 101 91 100 85 37 48 40 67 99 101 101 29 105 58 19 26 92 33 48 103 42 73 83 95 52 68 34 92 63 91 34 75 65 23 40 96 82 74 39 70 97 49 18 96 109 98 74 114 54 103 84 96 68 94 29 70 35 38 72 53 77 29 83 57 48 26 89 40 35 0 35 70 104 45 29 45 75 108 67 57 66 89 118 92 85 92 109 134 119 113 118 132 153
86 71 40 61 67 78 45 65 69 70 60 74 43 74 55 23 21 59 78 79 66 71 75 31 53 58 99 82 55 47 38 74 86 66 83 55 12 55 45 54 75 75 78 56 77 44 29 45 72 53 45 80 48 54 65 76 34 61 45 74 72 66 46 73 58 51 23 68 74 77 61 51 71 45 36 72 90 80 57 97 34 79 71 71 52 64 16 56 49 63 46 35 57 27 57 66 55 42 68 50 70 35 0 35 70 75 45 28 45 75 90 66 56 66 89 110 92 84 91 109 133 118 112 117 131
91 56 65 71 51 71 57 75 65 67 52 57 72 82 70 45 40 66 67 99 95 65 68 44 83 80 87 78 58 59 47 56 83 53 78 33 37 79 70 61 62 59 65 88 57 55 61 76 65 83 65 67 73 53 64 70 46 73 73 70 94 53 74 86 69 84 44 51 82 93 91 52 56 64 68 59 83 75 59 91 44 64 73 57 58 43 46 62 77 95 39 45 55 55 45 88 79 73 61 76 104 70 35 0 35 108 75 45 28 45 119 89 66 56 66 134 109 91 84 90 153 132 117 111 116
107 61 97 93 56 79 83 97 78 81 65 58 105 101 96 77 72 87 74 126 127 76 77 73 116 109 89 88 78 84 74 57 94 61 89 41 71 109 101 84 67 62 69 122 54 81 95 109 76 116 94 71 104 72 79 81 74 96 105 82 122 61 107 109 93 118 76 54 102 118 123 72 61 93 102 65 90 85 78 98 71 67 90 62 79 44 79 83 109 128 58 73 72 88 57 117 108 106 73 107 139 104 70 35 0 142 108 75 45 28 150 118 89 66 55 162 134 109 90 83 178 153 131 116 110
93 118 49 76 116 111 72 76 101 100 103 122 39 84 64 66 71 80 115 54 23 105 109 73 29 48 131 109 85 72 76 123 108 111 109 114 71 45 46 79 117 121 119 20 128 73 47 33 107 28 57 120 45 91 96 107 74 72 41 103 48 111 38 71 72 24 68 118 83 64 23 87 117 59 40 115 118 109 88 121 77 122 91 116 82 120 63 82 36 16 96 75 94 54 106 47 46 37 105 41 29 45 75 108 142 0 35 70 104 139 29 45 75 108 142 57 67 90 119 150 86 92 110 134 162
69 84 15 47 82 81 39 49 70 69 70 88 4 58 35 32 36 50 83 42 22 73 78 38 9 24 101 80 53 40 41 89 80 78 80 79 39 20 14 47 85 88 86 17 94 40 17 4 75 8 25 88 15 58 65 76 40 45 8 73 35 77 6 48 43 16 33 85 58 46 16 54 84 27 12 82 89 79 56 93 42 89 62 83 50 85 31 51 6 21 61 41 61 20 72 29 21 3 73 12 45 29 45 75 108 35 0 35 70 104 45 29 45 75 108 67 57 66 89 118 92 85 92 109 134
58 53 22 33 49 54 18 37 44 45 39 56 31 46 28 7 8 31 55 55 53 46 52 5 42 36 75 57 28 19 11 57 60 47 57 44 17 35 27 26 55 57 57 51 62 16 28 37 48 42 21 59 29 29 40 51 8 34 30 49 50 46 33 45 30 49 7 52 46 51 49 26 52 20 33 52 65 55 31 72 9 59 43 52 25 51 18 29 35 55 28 8 33 18 39 44 34 34 45 33 75 45 28 45 75 70 35 0 35 70 75 45 28 45 75 90 66 56 66 89 110 92 84 91 109
65 30 56 49 24 43 39 53 38 40 25 31 66 58 53 39 35 43 40 82 87 37 40 32 77 66 60 50 34 40 31 30 56 26 51 10 39 66 60 40 35 33 38 85 33 37 61 72 37 77 52 40 62 28 37 43 32 52 65 43 79 26 67 65 49 83 38 25 58 74 83 28 29 50 67 32 55 48 34 63 29 37 48 30 35 20 47 39 70 90 14 30 29 51 17 74 66 68 34 66 108 75 45 28 45 104 70 35 0 35 108 75 45 28 45 119 89 66 56 66 134 109 91 84 90
87 37 91 78 34 56 72 81 58 61 46 34 101 84 84 74 70 72 50 113 121 55 55 66 111 100 63 65 63 72 65 32 71 40 66 26 72 100 95 70 43 37 45 120 29 70 95 106 54 111 85 46 96 56 60 59 66 82 99 61 111 40 101 94 79 117 72 31 84 104 118 58 38 83 101 42 65 62 62 73 63 42 72 39 65 23 80 68 104 124 46 65 55 86 39 107 100 103 52 100 142 108 75 45 28 139 104 70 35 0 142 108 75 45 28 150 118 89 66 55 162 134 109 90 83
79 114 54 69 114 104 70 67 95 93 100 119 47 72 59 74 79 74 108 37 24 98 102 77 37 43 120 100 82 70 78 120 97 109 99 116 83 42 49 74 112 117 113 39 126 73 62 46 100 38 57 114 47 88 90 99 77 65 46 95 34 108 45 58 66 44 75 117 71 48 30 85 114 59 56 111 108 100 84 109 80 117 82 113 79 120 75 77 42 30 97 78 90 64 105 37 43 48 99 43 57 67 90 119 150 29 45 75 108 142 0 35 70 104 139 29 45 75 108 142 57 67 90 119 150
48 80 27 34 79 70 37 33 60 59 66 84 28 39 24 46 50 39 74 14 22 64 68 46 25 10 87 66 47 36 45 85 64 74 66 83 57 12 22 40 78 83 79 37 91 39 43 32 66 26 25 80 19 54 56 65 45 30 24 61 7 73 24 26 31 40 47 82 39 20 24 51 79 26 40 76 75 66 49 77 48 82 48 78 44 86 51 43 23 32 63 46 56 40 71 2 12 31 65 18 67 57 66 89 118 45 29 45 75 108 35 0 35 70 104 45 29 45 75 108 67 57 66 89 118
30 45 31 5 45 37 11 10 27 25 31 49 41 18 12 34 36 5 40 39 53 30 34 26 48 28 56 35 13 10 20 51 36 39 35 50 45 31 31 6 43 48 44 61 56 13 48 49 32 49 20 46 31 20 22 32 23 8 38 29 37 39 40 21 4 61 34 48 18 30 52 18 44 18 50 42 44 35 14 49 24 48 18 44 11 52 45 8 42 60 31 23 21 39 37 34 30 45 31 35 90 66 56 66 89 75 45 28 45 75 70 35 0 35 70 75 45 28 45 75 90 66 56 66 89
43 10 60 36 11 15 37 39 14 16 6 15 71 40 46 51 50 31 13 72 87 11 13 41 80 63 33 23 23 37 35 16 29 6 24 26 57 65 62 31 10 13 12 91 22 35 72 78 11 81 51 14 63 18 16 16 38 41 68 17 71 5 71 51 39 90 50 14 40 62 85 21 10 49 77 7 28 21 21 36 36 15 28 9 27 22 62 28 73 93 20 37 15 62 11 68 64 75 8 68 119 89 66 56 66 108 75 45 28 45 104 70 35 0 35 108 75 45 28 45 119 89 66 56 66
72 25 93 71 27 39 71 73 46 48 40 21 104 72 81 81 78 66 34 106 121 42 40 71 114 97 38 47 58 71 67 20 54 31 48 35 83 99 96 65 28 22 28 124 14 69 103 111 40 114 85 28 97 52 50 44 69 75 102 47 106 32 104 85 74 123 79 24 73 96 119 55 26 83 108 29 44 46 56 51 67 24 60 27 61 26 90 62 106 126 48 68 49 92 37 103 98 107 40 101 150 118 89 66 55 142 108 75 45 28 139 104 70 35 0 142 108 75 45 28 150 118 89 66 55
73 118 71 73 119 104 80 69 96 94 105 122 68 70 67 91 95 78 109 37 48 100 103 91 60 54 116 97 87 79 89 124 93 113 97 125 101 56 65 81 114 120 114 65 129 82 83 69 102 61 69 115 63 94 93 99 89 69 66 95 41 112 64 57 71 70 92 121 69 47 53 92 117 71 79 114 104 98 89 103 92 118 82 116 85 127 95 83 62 56 106 91 95 83 111 46 56 70 102 61 86 92 110 134 162 57 67 90 119 150 29 45 75 108 142 0 35 70 104 139 29 45 75 108 142
38 85 53 41 86 70 52 38 63 60 73 89 56 36 39 69 73 47 75 15 47 66 69 66 53 35 82 63 56 51 62 90 58 80 62 95 81 39 48 50 81 86 81 64 96 55 71 60 68 54 47 81 46 63 60 65 64 38 52 61 23 79 52 25 42 68 70 89 36 16 50 62 84 47 68 80 70 64 57 69 66 84 48 83 55 95 77 52 51 57 76 65 63 66 80 28 38 59 69 46 92 85 92 109 134 67 57 66 89 118 45 29 45 75 108 35 0 35 70 104 45 29 45 75 108
4 53 55 24 56 36 39 20 32 29 44 57 63 11 33 62 64 27 42 39 67 35 36 54 67 44 47 29 33 38 48 59 24 50 28 68 73 48 53 32 48 54 48 80 64 41 74 70 36 68 44 48 52 39 30 32 51 24 59 29 43 49 60 20 28 81 62 58 11 28 68 39 53 43 75 48 35 30 33 34 52 51 19 52 34 66 73 30 62 76 53 51 37 65 52 44 47 68 38 55 110 92 84 91 109 90 66 56 66 89 75 45 28 45 75 70 35 0 35 70 75 45 28 45 75
32 30 75 43 35 14 53 43 22 22 33 32 86 37 55 73 72 40 17 72 96 21 16 62 92 71 13 10 39 51 56 34 12 31 10 53 81 74 76 43 24 29 22 105 38 52 91 93 20 93 65 20 75 38 27 16 59 47 82 18 74 31 84 51 47 105 72 37 37 61 96 41 30 63 94 26 1 11 36 8 58 24 28 29 42 46 84 40 86 104 47 58 34 81 39 74 73 90 23 79 134 109 91 84 90 119 89 66 56 66 108 75 45 28 45 104 70 35 0 35 108 75 45 28 45
66 38 103 74 42 39 80 75 49 50 51 35 114 71 86 96 94 71 36 107 128 46 41 85 123 103 23 43 65 79 79 36 47 43 43 58 101 105 105 72 35 34 33 134 34 79 117 121 44 123 94 31 105 62 54 44 82 78 111 47 108 44 113 85 78 134 94 41 71 95 127 65 38 92 121 38 35 42 63 37 81 31 60 38 69 48 106 68 116 135 63 81 58 106 52 106 104 118 46 110 162 134 109 90 83 150 118 89 66 55 142 108 75 45 28 139 104 70 35 0 142 108 75 45 28
78 127 93 86 129 111 97 82 106 103 117 132 92 79 84 112 116 92 117 55 75 109 111 110 86 75 119 103 101 96 107 133 97 124 102 139 123 78 88 95 123 129 122 93 139 99 108 94 111 87 89 122 85 108 103 107 108 83 90 104 61 123 89 70 86 98 113 132 79 61 80 107 127 90 104 123 108 105 101 105 110 126 91 126 100 139 118 96 87 84 121 109 108 107 124 67 78 95 112 84 114 119 133 153 178 86 92 110 134 162 57 67 90 119 150 29 45 75 108 142 0 35 70 104 139
47 98 80 62 100 80 76 58 76 74 89 101 84 52 64 95 99 67 86 43 74 79 80 90 81 63 85 71 75 74 86 103 65 94 70 112 107 67 76 71 92 98 92 92 108 78 99 88 81 82 73 91 73 82 75 76 88 60 80 73 51 94 80 47 64 96 96 103 51 42 78 82 97 73 96 93 75 73 75 71 90 95 63 96 75 111 104 71 79 84 96 89 81 94 97 57 66 88 82 74 119 113 118 132 153 92 85 92 109 134 67 57 66 89 118 45 29 45 75 108 35 0 35 70 104
27 72 82 52 76 53 67 48 54 51 67 75 89 39 60 90 92 54 59 56 88 56 54 82 90 68 53 44 60 65 76 77 38 71 43 91 101 72 79 59 66 72 64 103 81 69 101 95 56 92 71 64 77 65 54 51 79 52 85 49 62 70 86 44 56 105 90 78 39 47 90 66 71 70 101 67 45 47 59 39 79 68 44 71 62 87 100 58 86 98 78 79 62 93 75 65 71 93 59 80 133 118 112 117 131 110 92 84 91 109 90 66 56 66 89 75 45 28 45 75 70 35 0 35 70
42 57 96 63 62 41 76 61 49 47 60 58 106 52 75 97 98 62 44 83 111 48 44 87 111 88 28 35 63 74 81 60 32 59 35 80 107 92 95 66 51 55 48 123 62 76 114 113 47 111 85 46 94 64 52 42 84 65 102 44 87 59 103 64 67 125 97 63 52 72 113 67 57 84 116 53 29 38 61 21 84 50 49 56 66 73 109 63 105 121 74 83 60 104 67 88 91 110 51 98 153 132 117 111 116 134 109 91 84 90 119 89 66 56 66 108 75 45 28 45 104 70 35 0 35
72 61 119 87 66 55 96 87 65 65 71 60 130 80 100 115 114 85 54 114 140 63 58 105 137 115 34 54 82 95 98 61 55 66 54 83 122 118 120 87 57 58 54 149 60 96 135 137 61 137 109 52 119 80 70 59 102 91 126 62 117 66 128 93 92 149 114 66 80 102 140 83 61 107 138 60 45 55 79 42 100 53 72 61 85 74 126 84 130 148 85 101 76 124 75 117 117 134 64 124 178 153 131 116 110 162 134 109 90 83 150 118 89 66 55 142 108 75 45 28 139 104 70 35 0
