0 62 88 50 85 63 63 65 51 54 68 33 69 103 61 89 58 81 63 104 52 45 92 37 55 86 17 75 86 41 22 21 39 30 77 97 78 29 60 55 55 87 40 92 74 50 35 35 58 47 10 47 94 55 47 46 25 44 87 58 93 37 61 64 43 73 91 34 92 87 80 41 62 36 68 51 48 55 78 48 27 17 26 17 79 100 67 29 57 60 17 86 68 87 64 56 42 29 57 82 126 92 61 35 34 122 87 53 18 17 125 91 59 32 31 134 103 75 57 56 147 120 97 83 83
62 0 43 19 27 8 38 13 12 15 7 50 14 44 30 41 24 20 9 48 10 43 30 61 30 29 60 20 26 23 52 52 31 61 22 43 45 40 9 42 9 29 39 34 43 39 30 46 37 48 53 56 35 8 18 17 55 37 31 6 34 28 18 9 38 23 39 49 45 38 22 35 26 55 9 14 19 25 31 16 75 57 48 60 20 47 31 46 6 39 48 29 42 35 3 41 22 46 39 24 81 58 50 64 90 67 36 23 46 79 64 30 9 42 76 73 45 36 54 83 90 70 63 75 98
88 43 0 61 27 50 81 55 47 39 40 88 54 32 73 76 31 36 36 23 48 85 45 100 34 22 93 25 51 60 88 87 71 98 57 16 17 77 37 85 43 57 80 24 84 81 67 86 33 50 82 98 28 50 58 55 91 78 61 42 55 66 60 51 80 62 11 88 5 7 27 75 69 94 36 54 60 34 69 56 109 90 84 93 51 17 22 83 44 82 79 59 84 13 43 83 60 83 35 25 40 18 39 72 106 37 11 37 70 105 53 39 52 80 111 76 68 76 96 123 102 96 101 117 140
50 19 61 0 46 16 24 16 16 26 25 31 20 62 17 41 36 37 26 67 14 25 45 43 39 48 44 39 38 11 36 36 13 43 28 62 60 24 25 25 19 38 21 53 32 21 15 28 47 52 40 38 54 12 5 9 38 18 37 20 45 13 11 16 19 23 58 31 63 56 41 16 15 36 27 8 3 35 30 8 59 41 31 45 30 66 45 28 18 24 34 36 29 54 21 23 10 28 48 43 100 74 59 62 82 86 55 32 38 66 81 46 12 24 59 85 53 29 36 64 98 72 56 59 80
85 27 27 46 0 31 60 34 36 32 21 76 32 18 53 50 32 11 23 23 35 69 20 88 39 5 86 12 25 48 78 78 58 88 32 18 38 66 26 66 31 31 66 8 62 64 56 73 42 59 77 82 9 35 44 43 81 63 35 29 29 54 41 31 64 39 18 75 25 20 6 61 49 81 19 40 45 36 45 42 101 82 74 86 26 23 30 72 30 63 72 33 62 14 25 65 48 72 45 5 58 44 54 79 110 41 16 36 68 102 40 14 35 68 102 56 42 52 78 109 80 70 76 96 122
63 8 50 16 31 0 32 6 16 21 11 47 8 47 24 35 31 22 16 53 13 39 30 58 36 33 60 25 23 23 51 51 29 59 17 48 52 39 16 37 14 25 36 38 36 34 30 44 44 54 53 52 38 9 17 17 53 33 26 12 31 27 11 2 35 16 45 46 51 44 27 31 20 52 14 13 17 32 25 16 74 56 46 60 16 52 38 44 12 33 48 25 35 40 7 35 22 44 46 29 87 65 57 69 93 71 42 29 49 79 65 31 5 40 74 71 41 29 48 79 86 64 56 68 93
63 38 81 24 60 32 0 27 39 48 41 34 29 74 8 30 58 50 46 82 37 21 52 41 63 64 52 56 43 33 43 45 26 45 31 78 82 35 46 11 41 39 24 67 11 14 32 30 70 75 54 29 67 33 29 33 43 20 36 41 47 31 21 30 21 24 75 33 81 75 57 23 12 35 45 30 26 58 23 31 62 50 38 52 37 82 67 35 39 5 48 37 6 71 38 9 32 35 72 59 117 95 82 83 97 100 73 55 57 76 88 56 29 32 60 84 50 15 21 55 90 59 35 37 63
65 13 55 16 34 6 27 0 20 27 15 46 4 49 19 30 36 24 22 56 18 37 30 57 42 37 60 30 22 25 51 52 29 58 13 52 58 40 22 33 20 22 35 41 31 31 31 42 49 59 55 50 41 13 18 20 53 31 22 18 29 28 7 4 33 11 49 45 55 49 30 30 15 50 19 15 18 38 19 18 74 57 46 60 15 56 44 44 17 29 49 21 30 45 13 31 23 44 51 33 91 70 63 73 96 74 46 35 52 81 66 32 8 39 74 70 38 23 45 77 83 59 51 63 89
51 12 47 16 36 16 39 20 0 10 18 42 23 54 32 50 20 31 14 56 3 39 42 54 24 37 50 27 37 13 43 43 24 53 32 50 45 31 12 40 6 40 33 43 46 36 21 39 32 40 42 51 45 8 12 9 46 32 41 8 45 20 21 17 33 31 46 42 49 43 31 29 29 48 18 9 14 20 39 9 66 47 39 50 31 54 30 37 6 39 37 40 43 41 14 39 13 37 33 33 86 59 44 54 79 75 42 17 35 68 75 41 13 33 67 84 56 41 51 77 101 79 69 75 94
54 15 39 26 32 21 48 27 10 0 19 50 29 50 41 56 11 30 10 50 12 48 42 62 16 32 56 21 40 22 50 49 33 60 37 44 35 39 8 50 8 44 42 39 55 45 29 48 23 34 46 60 40 16 21 18 53 41 45 10 47 28 30 23 42 37 38 50 41 35 27 38 38 56 16 19 24 11 45 19 72 53 46 56 34 47 20 45 11 49 42 44 52 34 17 48 22 45 25 28 78 50 36 51 79 69 35 8 37 71 72 40 21 41 74 84 60 49 60 85 103 84 77 84 104
68 7 40 25 21 11 41 15 18 19 0 56 15 38 34 40 25 13 10 43 17 49 24 67 32 23 67 16 21 29 59 59 37 67 20 38 44 47 12 47 14 26 45 28 45 44 37 52 39 52 59 62 29 15 24 23 61 42 28 11 29 35 21 12 44 23 35 55 41 34 17 41 30 61 5 20 25 28 31 23 82 63 54 67 16 42 31 52 12 43 54 26 44 30 5 45 28 52 41 19 77 56 52 69 96 62 32 26 52 85 58 24 14 48 82 67 41 37 58 89 85 67 64 78 103
33 50 88 31 76 47 34 46 42 50 56 0 50 93 34 63 59 68 55 97 42 14 75 13 59 78 19 68 68 29 11 13 19 13 57 91 84 13 53 24 47 66 12 83 44 20 22 4 66 63 25 15 84 42 32 34 10 16 65 48 74 23 40 47 15 50 87 1 91 84 71 16 37 7 57 37 31 57 53 34 29 18 9 20 60 96 69 7 47 30 21 64 38 83 51 26 29 7 66 73 127 98 74 62 67 116 84 54 34 43 112 77 43 9 29 114 80 48 24 36 122 92 66 51 57
69 14 54 20 32 8 29 4 23 29 15 50 0 47 22 28 38 22 23 54 21 40 26 60 44 35 64 29 19 28 55 56 33 62 9 50 58 43 23 36 22 19 38 39 31 34 34 46 51 62 59 53 39 16 22 23 57 35 19 20 25 32 11 6 36 9 48 49 54 48 29 34 17 54 19 19 21 39 17 22 78 61 50 64 11 54 44 47 19 31 53 18 31 43 13 34 27 47 53 31 89 70 64 76 99 72 45 36 55 85 63 29 11 43 77 66 35 23 47 80 79 57 50 65 91
103 44 32 62 18 47 74 49 54 50 38 93 47 0 67 58 48 26 41 13 53 86 25 105 54 18 104 29 33 66 96 96 75 105 44 16 47 84 43 82 49 39 82 12 74 80 74 90 57 74 95 98 10 52 62 60 98 79 43 47 33 72 56 47 81 51 21 93 27 26 23 78 63 98 37 57 63 52 56 60 119 100 91 104 38 18 44 89 48 77 90 42 76 21 42 80 65 89 59 22 50 48 67 96 127 26 23 53 86 120 24 19 51 85 120 45 43 64 93 125 72 70 84 108 137
61 30 73 17 53 24 8 19 32 41 34 34 22 67 0 29 51 43 39 75 30 22 46 43 55 56 52 49 37 27 43 44 23 46 25 71 75 33 38 15 34 34 23 60 16 16 28 31 63 69 52 33 60 26 22 26 43 19 32 33 42 27 13 23 20 18 68 34 74 67 49 21 5 37 38 23 20 51 19 24 63 49 38 52 31 75 60 35 32 10 45 32 12 64 31 13 26 35 65 52 110 88 76 78 95 93 65 48 53 75 82 49 22 31 62 81 46 15 26 60 89 59 39 45 70
89 41 76 41 50 35 30 30 50 56 40 63 28 58 29 0 64 40 49 69 47 50 34 70 71 55 80 53 26 51 71 72 51 74 21 67 83 62 50 41 49 20 52 56 23 43 55 59 78 89 79 59 54 42 45 48 72 48 16 47 26 53 30 33 49 19 67 62 75 69 49 49 28 65 45 43 43 66 12 46 92 78 66 81 26 71 70 63 46 35 73 18 28 64 40 39 50 63 80 52 107 93 91 102 122 84 66 64 79 104 65 40 37 59 90 56 22 15 49 84 60 31 27 54 86
58 24 31 36 32 31 58 36 20 11 25 59 38 48 51 64 0 33 16 46 22 58 46 71 8 30 63 21 45 31 57 57 42 68 45 39 25 47 15 60 18 50 52 37 65 55 38 57 14 28 51 70 40 26 31 28 61 51 53 19 53 37 40 32 52 46 33 59 35 29 27 47 48 65 21 29 34 4 54 29 78 59 54 63 41 42 11 53 20 59 48 51 63 30 25 59 31 53 16 27 70 40 27 48 79 64 30 6 40 75 71 42 31 50 81 87 65 58 70 94 108 91 86 95 113
81 20 36 37 11 22 50 24 31 30 13 68 22 26 43 40 33 0 20 33 30 60 13 79 40 16 80 15 15 42 72 72 50 80 21 29 45 60 22 57 26 21 57 18 51 55 50 65 46 61 72 73 18 28 37 36 74 54 25 24 21 47 31 22 56 28 28 67 35 30 10 53 38 73 14 33 38 36 34 35 94 76 67 80 15 34 35 65 25 53 67 23 52 24 18 55 41 65 48 12 69 54 58 80 108 51 26 35 65 98 45 11 26 60 95 55 34 41 68 100 75 62 66 85 112
63 9 36 26 23 16 46 22 14 10 10 55 23 41 39 49 16 20 0 43 14 50 32 67 23 24 63 14 31 26 56 56 36 66 29 37 37 44 3 50 9 35 45 30 52 46 34 52 29 42 54 63 32 15 23 21 59 43 37 7 38 32 26 18 45 31 33 54 37 31 18 41 35 60 7 19 25 18 39 21 79 60 52 63 26 41 22 50 9 48 50 35 50 29 10 48 26 50 32 20 74 49 43 60 89 62 30 16 46 80 63 30 18 46 80 75 51 44 61 89 94 76 72 83 105
104 48 23 67 23 53 82 56 56 50 43 97 54 13 75 69 46 33 43 0 56 91 35 109 52 20 106 30 43 69 99 99 79 109 53 8 39 87 45 88 51 50 87 15 83 86 77 94 53 70 96 104 16 56 66 64 102 85 53 50 45 75 63 53 86 60 14 97 18 19 27 83 70 103 40 61 67 50 65 64 121 102 95 106 46 7 40 93 51 85 92 52 84 17 47 87 69 93 55 25 38 37 61 92 125 19 17 51 86 121 31 29 57 89 123 56 55 73 100 131 83 82 95 117 144
52 10 48 14 35 13 37 18 3 12 17 42 21 53 30 47 22 30 14 56 0 38 40 54 27 37 51 27 35 13 43 43 23 53 29 50 47 31 12 38 6 38 32 43 44 34 21 39 34 42 43 50 44 5 11 8 46 31 39 7 43 20 19 15 32 28 46 41 50 44 31 28 26 47 17 7 13 22 36 8 66 47 39 51 29 54 32 37 6 37 38 37 41 42 13 37 13 37 36 32 87 60 47 56 81 75 43 19 37 69 74 40 11 33 67 82 54 38 49 76 99 76 66 73 93
45 43 85 25 69 39 21 37 39 48 49 14 40 86 22 50 58 60 50 91 38 0 66 21 60 72 32 63 58 27 24 25 16 25 46 86 83 19 49 11 43 55 7 77 31 7 22 11 67 67 36 13 77 36 28 31 23 8 53 44 63 22 30 39 6 39 82 13 87 80 65 11 25 15 52 31 25 56 41 30 42 30 20 33 51 90 68 16 42 16 31 53 25 78 45 12 27 16 68 67 124 97 77 70 79 110 79 53 42 56 102 68 35 15 40 102 68 35 15 40 110 79 53 42 56
92 30 45 45 20 30 52 30 42 42 24 75 26 25 46 34 46 13 32 35 40 66 0 86 53 24 89 27 9 51 80 80 58 87 21 34 57 68 34 60 38 15 64 23 50 60 59 72 58 74 82 78 20 37 46 46 82 60 19 35 10 56 36 29 62 29 36 74 43 38 21 60 42 80 26 42 46 49 32 45 103 85 75 89 16 38 47 73 36 55 77 18 53 33 28 58 50 73 61 23 73 63 71 92 120 50 35 48 76 108 37 7 34 68 103 43 23 40 72 105 63 51 61 85 114
37 61 100 43 88 58 41 57 54 62 67 13 60 105 43 70 71 79 67 109 54 21 86 0 71 90 20 80 78 41 17 19 31 7 67 103 95 25 65 30 59 76 23 95 50 28 34 16 77 73 32 14 96 54 44 46 14 26 74 60 84 35 50 58 25 60 99 13 103 96 83 27 46 7 69 48 43 69 62 46 23 21 18 21 71 108 81 18 59 36 29 74 44 95 63 32 41 18 77 85 139 110 85 69 68 128 96 66 43 42 123 88 54 21 21 123 89 55 25 24 130 98 69 48 48
55 30 34 39 39 36 63 42 24 16 32 59 44 54 55 71 8 40 23 52 27 60 53 71 0 37 61 28 52 33 56 55 44 68 51 44 25 47 21 63 23 57 53 43 70 58 39 57 8 21 49 71 46 31 35 31 60 53 59 24 60 38 44 38 54 52 38 59 38 33 34 49 52 65 28 33 37 5 60 32 76 58 54 61 48 47 13 53 26 63 46 57 67 35 31 62 34 53 10 34 72 40 21 42 74 69 35 8 37 71 77 49 36 51 79 94 72 64 73 95 115 98 92 98 115
86 29 22 48 5 33 64 37 37 32 23 78 35 18 56 55 30 16 24 20 37 72 24 90 37 0 87 11 29 50 80 79 59 89 36 15 34 68 26 69 32 36 68 7 66 67 58 75 40 57 77 85 10 37 46 44 82 65 39 30 33 56 44 34 67 43 13 77 21 15 7 63 52 83 21 42 48 34 49 44 102 83 75 87 30 19 27 74 32 66 73 38 66 10 27 68 49 74 42 5 54 40 51 78 109 39 12 35 68 103 41 18 37 70 103 59 46 56 81 111 83 74 81 100 125
17 60 93 44 86 60 52 60 50 56 67 19 64 104 52 80 63 80 63 106 51 32 89 20 61 87 0 76 82 38 9 9 32 13 72 99 86 21 61 43 55 81 29 93 63 38 31 22 66 58 14 31 94 53 44 44 10 33 81 57 89 33 55 60 32 66 94 20 97 91 81 32 54 21 67 48 43 60 70 45 16 4 15 1 74 103 73 18 56 48 15 80 56 90 62 44 39 18 66 83 132 100 72 51 49 125 91 57 27 25 124 89 55 22 18 129 96 66 42 40 140 110 84 67 66
75 20 25 39 12 25 56 30 27 21 16 68 29 29 49 53 21 15 14 30 27 63 27 80 28 11 76 0 29 40 69 69 50 79 33 24 31 58 16 61 22 35 58 18 60 58 48 65 32 48 67 76 20 27 36 34 72 56 38 20 35 46 36 27 57 38 20 67 26 19 7 53 45 73 12 32 38 24 45 34 92 73 65 76 27 28 21 63 22 58 62 36 60 16 19 60 39 63 34 7 62 41 44 68 99 49 17 24 58 92 51 23 29 59 93 67 48 51 73 102 89 76 78 93 117
86 26 51 38 25 23 43 22 37 40 21 68 19 33 37 26 45 15 31 43 35 58 9 78 52 29 82 29 0 46 73 74 51 80 12 42 60 61 32 52 34 7 56 30 41 51 52 64 59 72 76 70 28 32 39 40 75 52 11 32 8 50 28 23 54 20 42 67 49 44 25 52 33 72 25 36 39 48 23 39 96 78 68 82 8 45 49 65 32 47 71 9 44 38 24 49 44 65 61 27 81 68 72 90 116 59 40 46 71 102 46 15 28 61 95 48 21 31 63 96 64 47 53 76 105
41 23 60 11 48 23 33 25 13 22 29 29 28 66 27 51 31 42 26 69 13 27 51 41 33 50 38 40 46 0 31 30 12 40 37 63 56 19 24 31 18 47 21 56 42 26 9 26 40 43 31 39 57 15 7 6 33 20 47 20 53 7 22 23 22 33 58 29 62 56 44 17 26 35 30 10 9 30 40 7 53 35 26 38 38 67 41 24 18 32 26 46 38 54 25 30 2 24 41 45 99 70 51 52 72 88 55 26 28 57 86 52 18 21 54 93 63 40 41 64 107 82 66 66 83
22 52 88 36 78 51 43 51 43 50 59 11 55 96 43 71 57 72 56 99 43 24 80 17 56 80 9 69 73 31 0 2 23 12 63 93 81 13 54 34 48 73 20 86 54 30 23 14 62 56 15 25 87 45 35 36 4 24 72 50 80 25 46 51 23 57 88 12 91 85 74 23 45 15 60 40 35 55 61 37 23 7 6 10 66 97 67 9 48 39 12 71 48 84 55 36 31 9 62 75 127 96 69 52 56 118 84 52 26 33 116 81 47 13 24 120 87 57 35 40 131 101 76 61 65
21 52 87 36 78 51 45 52 43 49 59 13 56 96 44 72 57 72 56 99 43 25 80 19 55 79 9 69 74 30 2 0 24 14 63 92 80 13 54 36 48 73 21 86 55 31 23 15 61 55 14 27 87 45 35 36 6 25 72 50 80 25 46 52 25 58 87 14 90 84 73 24 46 17 60 40 35 54 62 37 23 6 7 9 66 96 66 10 48 41 11 72 49 83 55 37 31 10 61 75 126 95 68 51 54 118 84 51 25 32 116 81 47 14 25 121 88 58 36 42 132 102 78 63 66
39 31 71 13 58 29 26 29 24 33 37 19 33 75 23 51 42 50 36 79 23 16 58 31 44 59 32 50 51 12 23 24 0 31 40 73 67 12 35 22 29 50 10 65 37 16 7 16 51 52 29 28 66 23 14 16 25 10 49 30 57 6 23 29 11 35 69 18 73 66 53 6 24 24 39 18 13 41 40 16 46 29 18 32 43 77 52 15 28 24 23 49 32 64 33 22 11 15 52 55 109 82 61 57 72 98 66 37 31 54 94 59 24 11 46 98 65 37 30 53 109 81 61 57 72
30 61 98 43 88 59 45 58 53 60 67 13 62 105 46 74 68 80 66 109 53 25 87 7 68 89 13 79 80 40 12 14 31 0 69 102 92 22 64 34 58 78 24 95 55 31 32 16 74 68 26 20 96 53 44 45 8 28 77 59 86 34 52 59 27 62 98 13 101 95 83 28 49 10 69 48 43 66 65 46 18 15 15 14 72 107 78 16 58 40 24 76 48 94 63 36 40 16 74 85 137 107 81 63 62 128 94 63 38 36 124 89 54 20 16 126 92 59 31 29 134 103 75 55 54
77 22 57 28 32 17 31 13 32 37 20 57 9 44 25 21 45 21 29 53 29 46 21 67 51 36 72 33 12 37 63 63 40 69 0 50 63 51 30 40 30 10 45 39 30 40 43 53 58 70 68 58 37 25 31 32 64 41 10 28 18 41 18 15 43 8 49 56 56 50 30 41 21 60 24 28 30 47 13 31 85 69 58 72 7 54 50 55 27 35 62 9 32 45 20 38 36 55 60 33 90 73 71 85 108 70 47 44 64 93 58 25 20 51 85 58 26 21 51 85 71 48 45 65 94
97 43 16 62 18 48 78 52 50 44 38 91 50 16 71 67 39 29 37 8 50 86 34 103 44 15 99 24 42 63 93 92 73 102 50 0 32 81 39 84 45 48 82 12 80 81 71 88 45 62 89 99 15 51 60 58 95 79 52 44 44 69 58 49 81 57 7 91 12 12 22 77 66 97 35 56 61 43 63 58 115 96 88 99 44 5 33 87 45 80 85 50 80 10 42 82 63 87 47 19 40 32 54 84 117 26 10 44 79 113 37 28 51 83 116 61 56 70 96 126 87 84 94 114 140
78 45 17 60 38 52 82 58 45 35 44 84 58 47 75 83 25 45 37 39 47 83 57 95 25 34 86 31 60 56 81 80 67 92 63 32 0 71 37 84 42 66 77 38 88 80 63 81 21 35 73 95 42 50 56 53 84 76 69 42 65 62 63 54 77 67 26 83 22 21 36 72 71 90 40 53 59 27 75 54 101 82 78 85 58 33 16 78 44 83 71 67 86 27 46 83 56 78 21 35 49 15 23 57 92 52 25 30 60 94 69 51 54 75 103 91 79 80 95 119 116 107 107 119 138
29 40 77 24 66 39 35 40 31 39 47 13 43 84 33 62 47 60 44 87 31 19 68 25 47 68 21 58 61 19 13 13 12 22 51 81 71 0 42 28 36 61 13 74 46 23 11 12 53 50 19 27 75 33 23 24 15 16 60 38 68 13 34 40 16 46 76 13 80 73 62 13 34 19 48 28 23 45 51 25 35 18 8 21 54 85 57 7 37 32 13 60 40 72 42 29 19 7 53 63 116 86 62 51 62 106 73 42 24 43 104 69 35 5 36 109 76 47 33 48 120 92 70 61 70
60 9 37 25 26 16 46 22 12 8 12 53 23 43 38 50 15 22 3 45 12 49 34 65 21 26 61 16 32 24 54 54 35 64 30 39 37 42 0 49 7 36 44 33 52 45 32 50 28 41 52 62 34 14 22 19 57 42 38 6 40 31 26 18 43 32 34 53 39 32 21 39 35 59 9 18 24 17 40 20 77 58 50 61 27 43 22 48 8 47 47 37 50 30 11 48 24 48 31 22 75 50 42 58 86 64 31 15 44 77 65 32 17 45 78 77 52 44 60 88 96 77 72 83 104
55 42 85 25 66 37 11 33 40 50 47 24 36 82 15 41 60 57 50 88 38 11 60 30 63 69 43 61 52 31 34 36 22 34 40 84 84 28 49 0 43 48 16 74 21 6 28 21 70 73 46 19 74 36 29 33 33 13 46 44 56 27 26 36 13 32 81 23 86 80 63 17 19 25 50 32 26 59 33 31 52 41 30 43 45 88 69 26 42 6 40 46 14 76 43 3 30 26 71 65 123 98 82 78 89 107 78 56 51 67 97 64 33 24 50 95 60 26 12 46 100 69 43 36 56
55 9 43 19 31 14 41 20 6 8 14 47 22 49 34 49 18 26 9 51 6 43 38 59 23 32 55 22 34 18 48 48 29 58 30 45 42 36 7 43 0 37 38 38 48 39 26 44 31 41 47 56 40 9 16 13 51 36 39 3 42 24 22 16 37 30 41 46 45 38 26 33 30 53 13 12 18 19 38 14 71 52 44 55 28 49 27 42 3 42 42 37 45 36 11 42 18 42 32 28 81 55 44 56 83 70 37 16 39 72 70 36 13 38 72 80 53 41 54 81 98 77 69 78 98
87 29 57 38 31 25 39 22 40 44 26 66 19 39 34 20 50 21 35 50 38 55 15 76 57 36 81 35 7 47 73 73 50 78 10 48 66 61 36 48 37 0 55 36 36 49 53 63 64 77 77 67 34 34 40 42 74 51 4 35 8 50 27 24 52 17 48 65 56 50 31 51 30 70 29 37 40 53 18 40 95 78 67 82 10 52 54 65 35 43 71 3 39 45 27 46 45 65 66 33 87 75 77 93 118 65 47 51 73 103 50 21 29 60 94 48 17 26 59 93 61 42 46 70 101
40 39 80 21 66 36 24 35 33 42 45 12 38 82 23 52 52 57 45 87 32 7 64 23 53 68 29 58 56 21 20 21 10 24 45 82 77 13 44 16 38 55 0 73 35 11 15 8 60 60 31 19 74 32 22 25 20 5 53 39 62 16 28 36 4 39 78 11 82 75 61 5 26 16 47 27 21 50 42 25 41 27 15 29 49 86 62 12 37 20 25 53 29 73 41 17 21 12 61 63 119 91 70 63 74 106 74 47 36 53 100 66 32 9 40 102 69 37 21 44 111 82 58 49 62
92 34 24 53 8 38 67 41 43 39 28 83 39 12 60 56 37 18 30 15 43 77 23 95 43 7 93 18 30 56 86 86 65 95 39 12 38 74 33 74 38 36 73 0 68 72 64 80 46 63 84 90 4 42 52 50 88 70 40 36 32 62 48 39 72 45 14 83 21 18 13 68 56 89 27 47 53 41 51 50 108 90 81 93 32 16 33 79 38 70 79 38 69 12 33 72 55 79 48 11 52 42 57 84 116 34 14 41 75 109 35 16 42 75 109 54 44 59 86 117 79 73 82 103 130
74 43 84 32 62 36 11 31 46 55 45 44 31 74 16 23 65 51 52 83 44 31 50 50 70 66 63 60 41 42 54 55 37 55 30 80 88 46 52 21 48 36 35 68 0 25 43 41 78 84 65 38 67 40 37 41 53 31 33 47 44 41 26 34 31 24 78 43 85 78 59 34 18 45 49 38 35 66 19 39 72 60 49 63 37 84 73 46 45 15 59 34 7 74 43 19 41 46 79 61 119 100 90 93 108 100 76 62 67 87 85 55 35 43 70 78 44 10 27 62 81 49 24 35 65
50 39 81 21 64 34 14 31 36 45 44 20 34 80 16 43 55 55 46 86 34 7 60 28 58 67 38 58 51 26 30 31 16 31 40 81 80 23 45 6 39 49 11 72 25 0 22 17 65 68 41 19 72 32 24 28 29 7 47 40 57 22 24 33 7 33 78 19 83 76 60 11 19 22 47 28 22 55 34 27 49 36 25 39 45 86 65 22 38 10 35 47 19 74 40 7 25 22 67 62 120 94 77 72 84 105 75 51 45 62 96 63 30 19 47 96 62 28 16 46 103 73 48 41 59
35 30 67 15 56 30 32 31 21 29 37 22 34 74 28 55 38 50 34 77 21 22 59 34 39 58 31 48 52 9 23 23 7 32 43 71 63 11 32 28 26 53 15 64 43 22 0 19 46 46 25 33 65 23 14 14 25 16 52 28 59 3 26 30 17 38 66 21 70 64 52 12 28 27 38 18 14 36 44 15 45 27 18 31 45 75 48 16 26 30 19 51 38 62 33 28 9 16 47 53 106 78 56 51 68 96 63 33 25 51 94 59 25 13 46 100 68 42 36 57 112 86 67 63 77
35 46 86 28 73 44 30 42 39 48 52 4 46 90 31 59 57 65 52 94 39 11 72 16 57 75 22 65 64 26 14 15 16 16 53 88 81 12 50 21 44 63 8 80 41 17 19 0 64 62 27 16 81 38 29 31 13 12 61 45 70 20 36 43 11 46 84 3 88 82 68 13 33 9 54 33 28 55 49 31 33 20 10 22 57 93 67 7 44 26 22 61 35 80 48 23 26 7 64 70 125 96 73 62 69 113 81 51 34 46 108 73 39 7 32 110 76 44 23 38 119 89 63 50 59
58 37 33 47 42 44 70 49 32 23 39 66 51 57 63 78 14 46 29 53 34 67 58 77 8 40 66 32 59 40 62 61 51 74 58 45 21 53 28 70 31 64 60 46 78 65 46 64 0 18 53 78 49 38 42 38 66 60 66 32 66 45 52 46 61 60 39 66 37 34 39 56 60 72 35 40 45 12 68 40 81 63 59 66 54 48 13 60 33 70 51 64 75 37 39 69 41 60 3 38 69 35 14 40 73 69 36 16 40 74 80 54 43 57 84 98 79 71 80 101 121 105 99 106 122
47 48 50 52 59 54 75 59 40 34 52 63 62 74 69 89 28 61 42 70 42 67 74 73 21 57 58 48 72 43 56 55 52 68 70 62 35 50 41 73 41 77 60 63 84 68 46 62 18 0 44 77 66 47 47 44 60 61 79 43 80 46 60 56 62 70 56 63 54 51 55 57 67 69 48 47 50 25 78 46 72 55 55 58 67 65 31 56 43 74 45 77 80 54 50 73 44 56 16 55 83 49 15 23 57 86 53 26 31 61 97 70 52 55 75 115 92 80 81 96 136 117 107 108 120
10 53 82 40 77 53 54 55 42 46 59 25 59 95 52 79 51 72 54 96 43 36 82 32 49 77 14 67 76 31 15 14 29 26 68 89 73 19 52 46 47 77 31 84 65 41 25 27 53 44 0 40 85 46 38 37 19 34 77 49 84 27 51 54 34 63 83 26 85 80 72 31 52 30 59 41 38 48 68 38 29 12 18 14 69 93 60 21 48 50 7 76 59 80 55 47 32 21 52 73 120 88 58 38 44 115 80 46 13 26 116 82 49 22 32 124 93 66 49 54 137 110 88 76 79
47 56 98 38 82 52 29 50 51 60 62 15 53 98 33 59 70 73 63 104 50 13 78 14 71 85 31 76 70 39 25 27 28 20 58 99 95 27 62 19 56 67 19 90 38 19 33 16 78 77 40 0 90 49 40 43 23 20 65 57 75 34 43 51 19 50 95 15 100 93 78 23 37 11 64 44 38 68 51 43 36 31 24 32 63 103 80 21 55 25 36 65 32 91 58 21 39 21 79 80 136 109 88 76 80 123 92 65 49 55 115 81 48 22 33 113 79 44 12 28 118 86 56 37 44
94 35 28 54 9 38 67 41 45 40 29 84 39 10 60 54 40 18 32 16 44 77 20 96 46 10 94 20 28 57 87 87 66 96 37 15 42 75 34 74 40 34 74 4 67 72 65 81 49 66 85 90 0 43 52 51 89 71 38 37 30 63 48 39 72 44 17 84 25 21 14 69 55 89 28 48 54 43 50 51 110 91 82 94 31 18 37 80 39 70 81 36 68 16 33 72 56 80 52 13 54 45 60 87 118 34 17 44 77 111 32 14 42 76 110 51 41 57 85 117 75 70 80 102 129
55 8 50 12 35 9 33 13 8 16 15 42 16 52 26 42 26 28 15 56 5 36 37 54 31 37 53 27 32 15 45 45 23 53 25 51 50 33 14 36 9 34 32 42 40 32 23 38 38 47 46 49 43 0 10 9 47 29 34 9 39 20 14 10 31 23 47 41 51 45 30 27 22 47 16 6 11 26 31 8 67 49 40 53 25 55 35 38 7 34 40 33 37 42 10 34 14 38 40 32 88 63 51 61 84 75 43 23 40 72 72 37 6 34 68 79 50 34 47 75 95 72 62 70 91
47 18 58 5 44 17 29 18 12 21 24 32 22 62 22 45 31 37 23 66 11 28 46 44 35 46 44 36 39 7 35 35 14 44 31 60 56 23 22 29 16 40 22 52 37 24 14 29 42 47 38 40 52 10 0 4 38 21 40 17 47 11 15 17 22 27 56 32 60 53 40 18 20 38 26 5 3 31 34 3 58 40 30 44 32 64 41 28 15 28 32 39 34 51 20 28 6 28 44 41 97 70 54 58 78 85 52 27 34 63 81 46 12 24 59 87 56 34 40 66 101 76 61 64 83
46 17 55 9 43 17 33 20 9 18 23 34 23 60 26 48 28 36 21 64 8 31 46 46 31 44 44 34 40 6 36 36 16 45 32 58 53 24 19 33 13 42 25 50 41 28 14 31 38 44 37 43 51 9 4 0 39 24 42 15 48 12 18 18 25 29 53 34 57 51 38 21 24 40 24 5 7 27 36 3 59 40 31 44 33 62 38 30 13 32 31 41 37 49 19 32 6 30 40 40 94 67 50 55 77 83 50 24 32 63 80 46 13 26 60 88 58 37 43 69 102 78 64 68 86
25 55 91 38 81 53 43 53 46 53 61 10 57 98 43 72 61 74 59 102 46 23 82 14 60 82 10 72 75 33 4 6 25 8 64 95 84 15 57 33 51 74 20 88 53 29 25 13 66 60 19 23 89 47 38 39 0 24 73 53 81 27 47 53 23 58 91 11 94 88 76 24 45 12 62 42 37 58 62 39 21 9 8 10 67 100 71 10 51 39 16 72 47 87 57 35 34 10 66 78 130 99 73 56 58 121 87 55 30 34 118 83 49 14 22 121 88 57 33 36 131 101 75 59 61
44 37 78 18 63 33 20 31 32 41 42 16 35 79 19 48 51 54 43 85 31 8 60 26 53 65 33 56 52 20 24 25 10 28 41 79 76 16 42 13 36 51 5 70 31 7 16 12 60 61 34 20 71 29 21 24 24 0 49 37 58 16 25 33 2 35 75 15 80 73 58 4 22 20 45 24 18 50 38 23 45 30 19 33 45 84 61 16 35 17 28 49 25 71 38 14 20 16 61 60 117 90 71 65 77 103 72 46 38 57 97 63 29 12 44 98 65 33 21 47 107 78 54 48 63
87 31 61 37 35 26 36 22 41 45 28 65 19 43 32 16 53 25 37 53 39 53 19 74 59 39 81 38 11 47 72 72 49 77 10 52 69 60 38 46 39 4 53 40 33 47 52 61 66 79 77 65 38 34 40 42 73 49 0 37 11 50 27 25 51 15 52 64 59 54 34 50 28 68 32 37 39 55 15 40 94 77 66 81 12 56 57 64 36 41 71 2 36 48 29 44 45 64 68 37 91 78 79 94 118 69 50 53 74 102 53 25 29 59 93 49 16 23 57 91 61 39 42 67 98
58 6 42 20 29 12 41 18 8 10 11 48 20 47 33 47 19 24 7 50 7 44 35 60 24 30 57 20 32 20 50 50 30 59 28 44 42 38 6 44 3 35 39 36 47 40 28 45 32 43 49 57 37 9 17 15 53 37 37 0 39 26 21 14 38 28 39 48 44 37 24 34 30 54 11 13 19 20 37 15 73 54 45 57 26 48 27 44 2 42 44 35 45 35 9 42 20 44 34 26 80 55 45 59 85 69 36 17 42 75 68 34 12 40 74 78 51 40 55 83 95 75 68 78 99
93 34 55 45 29 31 47 29 45 47 29 74 25 33 42 26 53 21 38 45 43 63 10 84 60 33 89 35 8 53 80 80 57 86 18 44 65 68 40 56 42 8 62 32 44 57 59 70 66 80 84 75 30 39 47 48 81 58 11 39 0 57 35 30 60 25 45 73 53 48 30 58 38 78 32 43 46 55 26 46 102 85 75 89 15 48 55 72 39 51 78 11 47 42 31 54 52 72 68 32 82 73 78 97 123 59 44 54 79 109 42 16 35 68 102 41 14 34 67 101 57 42 52 77 108
37 28 66 13 54 27 31 28 20 28 35 23 32 72 27 53 37 47 32 75 20 22 56 35 38 56 33 46 50 7 25 25 6 34 41 69 62 13 31 27 24 50 16 62 41 22 3 20 45 46 27 34 63 20 11 12 27 16 50 26 57 0 24 28 17 36 65 23 68 62 50 12 26 29 36 15 11 35 42 13 47 29 20 33 43 73 47 18 24 29 21 49 36 60 30 27 7 18 46 51 105 76 55 52 69 94 61 32 26 53 92 57 23 14 48 97 66 40 36 58 110 84 65 63 77
61 18 60 11 41 11 21 7 21 30 21 40 11 56 13 30 40 31 26 63 19 30 36 50 44 44 55 36 28 22 46 46 23 52 18 58 63 34 26 26 22 27 28 48 26 24 26 36 52 60 51 43 48 14 15 18 47 25 27 21 35 24 0 10 26 12 55 39 61 55 37 24 9 44 25 14 14 40 19 16 68 51 41 55 21 63 48 38 20 23 45 26 24 51 18 24 20 38 54 39 97 75 65 72 93 81 53 37 49 76 73 39 9 34 68 75 42 20 38 70 87 61 48 58 82
64 9 51 16 31 2 30 4 17 23 12 47 6 47 23 33 32 22 18 53 15 39 29 58 38 34 60 27 23 23 51 52 29 59 15 49 54 40 18 36 16 24 36 39 34 33 30 43 46 56 54 51 39 10 17 18 53 33 25 14 30 28 10 0 34 14 46 46 52 45 28 31 18 52 16 13 17 34 23 17 74 57 46 60 15 53 40 44 13 32 49 23 33 42 9 34 22 44 48 30 88 66 59 70 94 72 43 31 50 80 65 31 6 40 74 70 40 27 47 79 85 62 54 67 91
43 38 80 19 64 35 21 33 33 42 44 15 36 81 20 49 52 56 45 86 32 6 62 25 54 67 32 57 54 22 23 25 11 27 43 81 77 16 43 13 37 52 4 72 31 7 17 11 61 62 34 19 72 31 22 25 23 2 51 38 60 17 26 34 0 36 77 14 82 75 60 5 23 18 46 26 20 51 39 24 44 30 18 33 47 85 62 15 36 17 28 50 25 73 40 14 21 15 62 62 118 91 72 66 77 105 74 47 38 56 98 64 30 12 43 100 66 34 20 45 108 78 54 47 62
73 23 62 23 39 16 24 11 31 37 23 50 9 51 18 19 46 28 31 60 28 39 29 60 52 43 66 38 20 33 57 58 35 62 8 57 67 46 32 32 30 17 39 45 24 33 38 46 60 70 63 50 44 23 27 29 58 35 15 28 25 36 12 14 36 0 55 49 62 55 36 35 14 54 28 25 26 48 9 27 79 63 52 66 14 61 53 49 27 27 57 15 25 51 22 30 32 49 62 39 96 78 73 83 105 77 53 45 61 88 65 33 18 45 78 64 31 14 43 77 75 49 41 58 86
91 39 11 58 18 45 75 49 46 38 35 87 48 21 68 67 33 28 33 14 46 82 36 99 38 13 94 20 42 58 88 87 69 98 49 7 26 76 34 81 41 48 78 14 78 78 66 84 39 56 83 95 17 47 56 53 91 75 52 39 45 65 55 46 77 55 0 87 8 6 19 73 64 93 31 52 57 37 62 54 110 91 84 94 43 10 27 82 41 78 80 50 78 5 38 79 58 82 41 17 42 28 47 78 111 32 4 38 73 108 43 29 48 78 111 66 58 69 92 122 92 86 93 112 137
34 49 88 31 75 46 33 45 42 50 55 1 49 93 34 62 59 67 54 97 41 13 74 13 59 77 20 67 67 29 12 14 18 13 56 91 83 13 53 23 46 65 11 83 43 19 21 3 66 63 26 15 84 41 32 34 11 15 64 48 73 23 39 46 14 49 87 0 91 84 71 15 36 7 57 36 30 57 52 34 30 19 9 21 60 95 69 7 46 29 22 64 37 82 51 25 29 7 66 73 127 98 74 62 68 116 83 54 35 44 111 76 42 9 29 113 79 47 23 36 122 91 65 50 57
92 45 5 63 25 51 81 55 49 41 41 91 54 27 74 75 35 35 37 18 50 87 43 103 38 21 97 26 49 62 91 90 73 101 56 12 22 80 39 86 45 56 82 21 85 83 70 88 37 54 85 100 25 51 60 57 94 80 59 44 53 68 61 52 82 62 8 91 0 7 26 77 70 97 37 56 62 38 69 58 112 93 87 97 50 12 26 86 46 83 82 58 84 11 44 85 62 86 39 24 37 21 44 76 110 32 10 40 74 109 48 37 53 82 114 72 65 76 98 126 99 93 101 118 142
87 38 7 56 20 44 75 49 43 35 34 84 48 26 67 69 29 30 31 19 44 80 38 96 33 15 91 19 44 56 85 84 66 95 50 12 21 73 32 80 38 50 75 18 78 76 64 82 34 51 80 93 21 45 53 51 88 73 54 37 48 62 55 45 75 55 6 84 7 0 20 71 63 90 30 50 55 33 62 51 106 87 81 91 44 14 22 80 39 77 76 52 78 6 37 78 56 80 36 18 44 25 42 73 106 36 4 34 69 103 48 32 47 76 108 71 61 69 91 119 96 89 95 112 135
80 22 27 41 6 27 57 30 31 27 17 71 29 23 49 49 27 10 18 27 31 65 21 83 34 7 81 7 25 44 74 73 53 83 30 22 36 62 21 63 26 31 61 13 59 60 52 68 39 55 72 78 14 30 40 38 76 58 34 24 30 50 37 28 60 36 19 71 26 20 0 56 45 77 14 35 41 31 43 38 96 77 69 81 24 26 27 67 26 59 67 33 59 15 21 61 43 67 41 3 61 44 51 75 105 46 17 31 63 97 45 16 30 63 97 60 43 50 74 105 83 71 75 93 119
41 35 75 16 61 31 23 30 29 38 41 16 34 78 21 49 47 53 41 83 28 11 60 27 49 63 32 53 52 17 23 24 6 28 41 77 72 13 39 17 33 51 5 68 34 11 12 13 56 57 31 23 69 27 18 21 24 4 50 34 58 12 24 31 5 35 73 15 77 71 56 0 22 21 43 22 16 46 39 20 44 29 17 32 45 81 57 14 32 20 25 49 28 69 36 17 16 14 57 58 114 87 67 62 75 101 70 43 35 55 96 61 27 11 44 98 65 35 24 49 108 79 57 51 66
62 26 69 15 49 20 12 15 29 38 30 37 17 63 5 28 48 38 35 70 26 25 42 46 52 52 54 45 33 26 45 46 24 49 21 66 71 34 35 19 30 30 26 56 18 19 28 33 60 67 52 37 55 22 20 24 45 22 28 30 38 26 9 18 23 14 64 36 70 63 45 22 0 40 34 21 18 48 17 22 66 51 39 54 27 71 56 36 28 15 46 28 16 59 27 17 25 36 62 47 106 84 73 77 95 89 61 45 52 77 78 45 18 33 65 77 44 14 31 64 87 58 41 49 74
36 55 94 36 81 52 35 50 48 56 61 7 54 98 37 65 65 73 60 103 47 15 80 7 65 83 21 73 72 35 15 17 24 10 60 97 90 19 59 25 53 70 16 89 45 22 27 9 72 69 30 11 89 47 38 40 12 20 68 54 78 29 44 52 18 54 93 7 97 90 77 21 40 0 63 42 36 63 56 40 28 20 14 21 65 101 75 13 52 31 26 68 39 88 57 27 35 13 72 79 133 104 80 66 69 122 89 60 39 44 116 82 47 15 26 117 83 50 22 30 125 93 65 48 52
68 9 36 27 19 14 45 19 18 16 5 57 19 37 38 45 21 14 7 40 17 52 26 69 28 21 67 12 25 30 60 60 39 69 24 35 40 48 9 50 13 29 47 27 49 47 38 54 35 48 59 64 28 16 26 24 62 45 32 11 32 36 25 16 46 28 31 57 37 30 14 43 34 63 0 21 27 24 36 24 82 64 55 67 20 39 26 53 12 47 54 30 48 27 8 48 29 53 37 16 73 51 48 66 94 59 28 23 51 85 58 24 17 49 83 69 45 41 62 91 88 71 68 82 106
51 14 54 8 40 13 30 15 9 19 20 37 19 57 23 43 29 33 19 61 7 31 42 48 33 42 48 32 36 10 40 40 18 48 28 56 53 28 18 32 12 37 27 47 38 28 18 33 40 47 41 44 48 6 5 5 42 24 37 13 43 15 14 13 26 25 52 36 56 50 35 22 21 42 21 0 6 29 32 4 62 44 35 48 28 60 38 33 11 31 36 36 35 47 15 30 9 33 42 37 93 67 53 59 81 80 48 25 37 67 77 42 8 29 63 83 53 33 43 70 98 74 61 66 87
48 19 60 3 45 17 26 18 14 24 25 31 21 63 20 43 34 38 25 67 13 25 46 43 37 48 43 38 39 9 35 35 13 43 30 61 59 23 24 26 18 40 21 53 35 22 14 28 45 50 38 38 54 11 3 7 37 18 39 19 46 11 14 17 20 26 57 30 62 55 41 16 18 36 27 6 0 33 32 5 58 40 30 43 32 66 44 28 17 26 32 38 31 53 21 25 7 28 46 43 99 73 57 60 80 86 54 30 36 64 82 47 12 23 58 87 55 32 37 65 100 74 58 61 81
55 25 34 35 36 32 58 38 20 11 28 57 39 52 51 66 4 36 18 50 22 56 49 69 5 34 60 24 48 30 55 54 41 66 47 43 27 45 17 59 19 53 50 41 66 55 36 55 12 25 48 68 43 26 31 27 58 50 55 20 55 35 40 34 51 48 37 57 38 33 31 46 48 63 24 29 33 0 56 29 75 57 52 60 43 46 13 51 21 59 45 53 63 34 27 58 30 51 14 31 73 42 26 44 76 68 34 4 37 71 75 46 32 48 78 90 68 59 69 92 111 94 87 94 112
78 31 69 30 45 25 23 19 39 45 31 53 17 56 19 12 54 34 39 65 36 41 32 62 60 49 70 45 23 40 61 62 40 65 13 63 75 51 40 33 38 18 42 51 19 34 44 49 68 78 68 51 50 31 34 36 62 38 15 37 26 42 19 23 39 9 62 52 69 62 43 39 17 56 36 32 32 56 0 35 82 67 56 70 19 67 61 53 35 27 62 15 22 58 30 30 39 53 70 45 102 85 81 91 111 82 60 53 67 93 67 37 26 49 81 62 28 9 43 77 70 42 33 53 83
48 16 56 8 42 16 31 18 9 19 23 34 22 60 24 46 29 35 21 64 8 30 45 46 32 44 45 34 39 7 37 37 16 46 31 58 54 25 20 31 14 40 25 50 39 27 15 31 40 46 38 43 51 8 3 3 39 23 40 15 46 13 16 17 24 27 54 34 58 51 38 20 22 40 24 4 5 29 35 0 60 41 32 45 31 62 39 30 13 31 33 39 36 49 18 30 6 30 41 40 94 68 52 57 78 83 50 25 34 64 80 45 12 26 60 86 56 35 42 69 101 76 62 66 85
27 75 109 59 101 74 62 74 66 72 82 29 78 119 63 92 78 94 79 121 66 42 103 23 76 102 16 92 96 53 23 23 46 18 85 115 101 35 77 52 71 95 41 108 72 49 45 33 81 72 29 36 110 67 58 59 21 45 94 73 102 47 68 74 44 79 110 30 112 106 96 44 66 28 82 62 58 75 82 60 0 19 28 16 88 119 88 31 71 58 31 93 66 106 77 54 54 31 80 98 147 115 86 61 50 140 106 73 41 23 139 104 69 35 6 142 109 77 48 33 151 120 92 70 61
17 57 90 41 82 56 50 57 47 53 63 18 61 100 49 78 59 76 60 102 47 30 85 21 58 83 4 73 78 35 7 6 29 15 69 96 82 18 58 41 52 78 27 90 60 36 27 20 63 55 12 31 91 49 40 40 9 30 77 54 85 29 51 57 30 63 91 19 93 87 77 29 51 20 64 44 40 57 67 41 19 0 12 4 71 100 69 15 52 46 12 77 54 87 59 42 35 15 62 79 129 97 69 49 50 121 87 54 24 27 120 86 52 19 22 126 93 63 41 42 137 108 83 67 68
26 48 84 31 74 46 38 46 39 46 54 9 50 91 38 66 54 67 52 95 39 20 75 18 54 75 15 65 68 26 6 7 18 15 58 88 78 8 50 30 44 67 15 81 49 25 18 10 59 55 18 24 82 40 30 31 8 19 66 45 75 20 41 46 18 52 84 9 87 81 69 17 39 14 55 35 30 52 56 32 28 12 0 15 61 92 64 4 44 35 13 66 43 79 50 31 26 4 60 71 123 93 67 53 60 114 80 49 26 38 111 76 42 7 29 115 82 52 32 42 125 96 72 59 65
17 60 93 45 86 60 52 60 50 56 67 20 64 104 52 81 63 80 63 106 51 33 89 21 61 87 1 76 82 38 10 9 32 14 72 99 85 21 61 43 55 82 29 93 63 39 31 22 66 58 14 32 94 53 44 44 10 33 81 57 89 33 55 60 33 66 94 21 97 91 81 32 54 21 67 48 43 60 70 45 16 4 15 0 75 103 72 18 56 48 15 80 57 90 63 45 39 18 65 82 132 100 71 50 49 125 91 57 27 24 124 89 55 22 19 129 97 66 42 41 140 110 85 68 67
79 20 51 30 26 16 37 15 31 34 16 60 11 38 31 26 41 15 26 46 29 51 16 71 48 30 74 27 8 38 66 66 43 72 7 44 58 54 27 45 28 10 49 32 37 45 45 57 54 67 69 63 31 25 32 33 67 45 12 26 15 43 21 15 47 14 43 60 50 44 24 45 27 65 20 28 32 43 19 31 88 71 61 75 0 48 45 58 25 40 63 10 38 39 18 43 37 58 57 26 83 67 68 84 109 64 41 41 65 95 52 19 20 54 88 55 26 27 57 90 71 51 51 71 100
100 47 17 66 23 52 82 56 54 47 42 96 54 18 75 71 42 34 41 7 54 90 38 108 47 19 103 28 45 67 97 96 77 107 54 5 33 85 43 88 49 52 86 16 84 86 75 93 48 65 93 103 18 55 64 62 100 84 56 48 48 73 63 53 85 61 10 95 12 14 26 81 71 101 39 60 66 46 67 62 119 100 92 103 48 0 35 91 50 85 89 54 85 14 46 86 67 91 50 24 36 31 55 87 120 22 13 48 82 117 37 32 56 87 120 62 59 74 100 130 89 87 98 118 144
67 31 22 45 30 38 67 44 30 20 31 69 44 44 60 70 11 35 22 40 32 68 47 81 13 27 73 21 49 41 67 66 52 78 50 33 16 57 22 69 27 54 62 33 73 65 48 67 13 31 60 80 37 35 41 38 71 61 57 27 55 47 48 40 62 53 27 69 26 22 27 57 56 75 26 38 44 13 61 39 88 69 64 72 45 35 0 63 29 68 58 55 71 24 32 68 41 63 15 26 60 30 24 52 85 57 23 16 49 83 67 43 39 60 90 86 68 66 80 104 109 95 93 104 123
29 46 83 28 72 44 35 44 37 45 52 7 47 89 35 63 53 65 50 93 37 16 73 18 53 74 18 63 65 24 9 10 15 16 55 87 78 7 48 26 42 65 12 79 46 22 16 7 60 56 21 21 80 38 28 30 10 16 64 44 72 18 38 44 15 49 82 7 86 80 67 14 36 13 53 33 28 51 53 30 31 15 4 18 58 91 63 0 42 31 15 63 40 78 48 28 25 0 60 69 122 93 68 56 63 112 79 48 28 41 109 74 39 5 31 112 79 48 29 42 122 93 69 56 64
57 6 44 18 30 12 39 17 6 11 12 47 19 48 32 46 20 25 9 51 6 42 36 59 26 32 56 22 32 18 48 48 28 58 27 45 44 37 8 42 3 35 37 38 45 38 26 44 33 43 48 55 39 7 15 13 51 35 36 2 39 24 20 13 36 27 41 46 46 39 26 32 28 52 12 11 17 21 35 13 71 52 44 56 25 50 29 42 0 40 43 35 43 37 9 40 18 42 35 27 82 57 46 59 85 70 38 18 41 74 69 35 11 38 72 78 51 39 53 81 95 75 67 76 97
60 39 82 24 63 33 5 29 39 49 43 30 31 77 10 35 59 53 48 85 37 16 55 36 63 66 48 58 47 32 39 41 24 40 35 80 83 32 47 6 42 43 20 70 15 10 30 26 70 74 50 25 70 34 28 32 39 17 41 42 51 29 23 32 17 27 78 29 83 77 59 20 15 31 47 31 26 59 27 31 58 46 35 48 40 85 68 31 40 0 45 41 9 73 40 5 31 31 71 61 119 96 82 81 94 103 75 55 54 72 92 59 31 29 56 89 54 20 17 51 94 63 38 36 60
17 48 79 34 72 48 48 49 37 42 54 21 53 90 45 73 48 67 50 92 38 31 77 29 46 73 15 62 71 26 12 11 23 24 62 85 71 13 47 40 42 71 25 79 59 35 19 22 51 45 7 36 81 40 32 31 16 28 71 44 78 21 45 49 28 57 80 22 82 76 67 25 46 26 54 36 32 45 62 33 31 12 13 15 63 89 58 15 43 45 0 70 53 76 50 41 27 15 51 69 117 86 58 41 50 111 76 43 14 32 111 77 44 17 33 118 87 59 44 52 131 104 82 71 76
86 29 59 36 33 25 37 21 40 44 26 64 18 42 32 18 51 23 35 52 37 53 18 74 57 38 80 36 9 46 71 72 49 76 9 50 67 60 37 46 37 3 53 38 34 47 51 61 64 77 76 65 36 33 39 41 72 49 2 35 11 49 26 23 50 15 50 64 58 52 33 49 28 68 30 36 38 53 15 39 93 77 66 80 10 54 55 63 35 41 70 0 37 47 27 44 44 63 66 35 89 76 77 93 117 67 49 51 72 101 52 23 28 59 92 50 18 24 57 91 62 41 44 68 98
68 42 84 29 62 35 6 30 43 52 44 38 31 76 12 28 63 52 50 84 41 25 53 44 67 66 56 60 44 38 48 49 32 48 32 80 86 40 50 14 45 39 29 69 7 19 38 35 75 80 59 32 68 37 34 37 47 25 36 45 47 36 24 33 25 25 78 37 84 78 59 28 16 39 48 35 31 63 22 36 66 54 43 57 38 85 71 40 43 9 53 37 0 74 42 13 37 40 76 62 120 99 87 88 102 101 76 60 62 80 88 57 33 37 64 83 48 14 22 57 87 55 30 34 62
87 35 13 54 14 40 71 45 41 34 30 83 43 21 64 64 30 24 29 17 42 78 33 95 35 10 90 16 38 54 84 83 64 94 45 10 27 72 30 76 36 45 73 12 74 74 62 80 37 54 80 91 16 42 51 49 87 71 48 35 42 60 51 42 73 51 5 82 11 6 15 69 59 88 27 47 53 34 58 49 106 87 79 90 39 14 24 78 37 73 76 47 74 0 34 75 54 78 39 13 47 31 46 76 108 35 3 35 70 104 44 27 44 74 107 65 55 65 88 117 91 83 90 108 132
64 3 43 21 25 7 38 13 14 17 5 51 13 42 31 40 25 18 10 47 13 45 28 63 31 27 62 19 24 25 55 55 33 63 20 42 46 42 11 43 11 27 41 33 43 40 33 48 39 50 55 58 33 10 20 19 57 38 29 9 31 30 18 9 40 22 38 51 44 37 21 36 27 57 8 15 21 27 30 18 77 59 50 63 18 46 32 48 9 40 50 27 42 34 0 41 24 48 41 23 80 58 52 67 93 66 35 25 49 81 62 28 10 44 78 70 43 35 55 85 87 68 62 75 99
56 41 83 23 65 35 9 31 39 48 45 26 34 80 13 39 59 55 48 87 37 12 58 32 62 68 44 60 49 30 36 37 22 36 38 82 83 29 48 3 42 46 17 72 19 7 28 23 69 73 47 21 72 34 28 32 35 14 44 42 54 27 24 34 14 30 79 25 85 78 61 17 17 27 48 30 25 58 30 30 54 42 31 45 43 86 68 28 40 5 41 44 13 75 41 0 29 28 71 63 121 97 81 78 90 105 76 55 51 68 95 62 32 25 52 92 58 24 14 48 98 67 41 37 58
42 22 60 10 48 22 32 23 13 22 28 29 27 65 26 50 31 41 26 69 13 27 50 41 34 49 39 39 44 2 31 31 11 40 36 63 56 19 24 30 18 45 21 55 41 25 9 26 41 44 32 39 56 14 6 6 34 20 45 20 52 7 20 22 21 32 58 29 62 56 43 16 25 35 29 9 7 30 39 6 54 35 26 39 37 67 41 25 18 31 27 44 37 54 24 29 0 25 42 45 99 71 52 53 73 88 55 27 29 58 85 51 17 21 55 92 61 38 40 64 106 81 65 65 82
29 46 83 28 72 44 35 44 37 45 52 7 47 89 35 63 53 65 50 93 37 16 73 18 53 74 18 63 65 24 9 10 15 16 55 87 78 7 48 26 42 65 12 79 46 22 16 7 60 56 21 21 80 38 28 30 10 16 64 44 72 18 38 44 15 49 82 7 86 80 67 14 36 13 53 33 28 51 53 30 31 15 4 18 58 91 63 0 42 31 15 63 40 78 48 28 25 0 60 69 122 93 68 56 63 112 79 48 28 41 109 74 39 5 31 112 79 48 29 42 122 93 69 56 64
57 39 35 48 45 46 72 51 33 25 41 66 53 59 65 80 16 48 32 55 36 68 61 77 10 42 66 34 61 41 62 61 52 74 60 47 21 53 31 71 32 66 61 48 79 67 47 64 3 16 52 79 52 40 44 40 66 61 68 34 68 46 54 48 62 62 41 66 39 36 41 57 62 72 37 42 46 14 70 41 80 62 60 65 57 50 15 60 35 71 51 66 76 39 41 71 42 60 0 41 70 36 12 38 72 71 38 17 40 73 82 57 45 58 84 101 81 73 81 101 123 107 101 107 122
82 24 25 43 5 29 59 33 33 28 19 73 31 22 52 52 27 12 20 25 32 67 23 85 34 5 83 7 27 45 75 75 55 85 33 19 35 63 22 65 28 33 63 11 61 62 53 70 38 55 73 80 13 32 41 40 78 60 37 26 32 51 39 30 62 39 17 73 24 18 3 58 47 79 16 37 43 31 45 40 98 79 71 82 26 24 26 69 27 61 69 35 62 13 23 63 45 69 41 0 59 42 50 75 106 44 15 31 64 99 45 17 32 65 99 61 45 52 77 107 84 73 77 95 121
126 81 40 100 58 87 117 91 86 78 77 127 89 50 110 107 70 69 74 38 87 124 73 139 72 54 132 62 81 99 127 126 109 137 90 40 49 116 75 123 81 87 119 52 119 120 106 125 69 83 120 136 54 88 97 94 130 117 91 80 82 105 97 88 118 96 42 127 37 44 61 114 106 133 73 93 99 73 102 94 147 129 123 132 83 36 60 122 82 119 117 89 120 47 80 121 99 122 70 59 0 35 70 104 139 29 45 75 108 142 57 67 90 119 150 86 92 110 134 162 114 119 133 153 178
92 58 18 74 44 65 95 70 59 50 56 98 70 48 88 93 40 54 49 37 60 97 63 110 40 40 100 41 68 70 96 95 82 107 73 32 15 86 50 98 55 75 91 42 100 94 78 96 35 49 88 109 45 63 70 67 99 90 78 55 73 76 75 66 91 78 28 98 21 25 44 87 84 104 51 67 73 42 85 68 115 97 93 100 67 31 30 93 57 96 86 76 99 31 58 97 71 93 36 42 35 0 35 70 104 45 29 45 75 108 67 57 66 89 118 92 85 92 109 134 119 113 118 132 153
61 50 39 59 54 57 82 63 44 36 52 74 64 67 76 91 27 58 43 61 47 77 71 85 21 51 72 44 72 51 69 68 61 81 71 54 23 62 42 82 44 77 70 57 90 77 56 73 14 15 58 88 60 51 54 50 73 71 79 45 78 55 65 59 72 73 47 74 44 42 51 67 73 80 48 53 57 26 81 52 86 69 67 71 68 55 24 68 46 82 58 77 87 46 52 81 52 68 12 50 70 35 0 35 70 75 45 28 45 75 90 66 56 66 89 110 92 84 91 109 133 118 112 117 131
35 64 72 62 79 69 83 73 54 51 69 62 76 96 78 102 48 80 60 92 56 70 92 69 42 78 51 68 90 52 52 51 57 63 85 84 57 51 58 78 56 93 63 84 93 72 51 62 40 23 38 76 87 61 58 55 56 65 94 59 97 52 72 70 66 83 78 62 76 73 75 62 77 66 66 59 60 44 91 57 61 49 53 50 84 87 52 56 59 81 41 93 88 76 67 78 53 56 38 75 104 70 35 0 35 108 75 45 28 45 119 89 66 56 66 134 109 91 84 90 153 132 117 111 116
34 90 106 82 110 93 97 96 79 79 96 67 99 127 95 122 79 108 89 125 81 79 120 68 74 109 49 99 116 72 56 54 72 62 108 117 92 62 86 89 83 118 74 116 108 84 68 69 73 57 44 80 118 84 78 77 58 77 118 85 123 69 93 94 77 105 111 68 110 106 105 75 95 69 94 81 80 76 111 78 50 50 60 49 109 120 85 63 85 94 50 117 102 108 93 90 73 63 72 106 139 104 70 35 0 142 108 75 45 28 150 118 89 66 55 162 134 109 90 83 178 153 131 116 110
122 67 37 86 41 71 100 74 75 69 62 116 72 26 93 84 64 51 62 19 75 110 50 128 69 39 125 49 59 88 118 118 98 128 70 26 52 106 64 107 70 65 106 34 100 105 96 113 69 86 115 123 34 75 85 83 121 103 69 69 59 94 81 72 105 77 32 116 32 36 46 101 89 122 59 80 86 68 82 83 140 121 114 125 64 22 57 112 70 103 111 67 101 35 66 105 88 112 71 44 29 45 75 108 142 0 35 70 104 139 29 45 75 108 142 57 67 90 119 150 86 92 110 134 162
87 36 11 55 16 42 73 46 42 35 32 84 45 23 65 66 30 26 30 17 43 79 35 96 35 12 91 17 40 55 84 84 66 94 47 10 25 73 31 78 37 47 74 14 76 75 63 81 36 53 80 92 17 43 52 50 87 72 50 36 44 61 53 43 74 53 4 83 10 4 17 70 61 89 28 48 54 34 60 50 106 87 80 91 41 13 23 79 38 75 76 49 76 3 35 76 55 79 38 15 45 29 45 75 108 35 0 35 70 104 45 29 45 75 108 67 57 66 89 118 92 85 92 109 134
53 23 37 32 36 29 55 35 17 8 26 54 36 53 48 64 6 35 16 51 19 53 48 66 8 35 57 24 46 26 52 51 37 63 44 44 30 42 15 56 16 51 47 41 62 51 33 51 16 26 46 65 44 23 27 24 55 46 53 17 54 32 37 31 47 45 38 54 40 34 31 43 45 60 23 25 30 4 53 25 73 54 49 57 41 48 16 48 18 55 43 51 60 35 25 55 27 48 17 31 75 45 28 45 75 70 35 0 35 70 75 45 28 45 75 90 66 56 66 89 110 92 84 91 109
18 46 70 38 68 49 57 52 35 37 52 34 55 86 53 79 40 65 46 86 37 42 76 43 37 68 27 58 71 28 26 25 31 38 64 79 60 24 44 51 39 73 36 75 67 45 25 34 40 31 13 49 77 40 34 32 30 38 74 42 79 26 49 50 38 61 73 35 74 69 63 35 52 39 51 37 36 37 67 34 41 24 26 27 65 82 49 28 41 54 14 72 62 70 49 51 29 28 40 64 108 75 45 28 45 104 70 35 0 35 108 75 45 28 45 119 89 66 56 66 134 109 91 84 90
17 79 105 66 102 79 76 81 68 71 85 43 85 120 75 104 75 98 80 121 69 56 108 42 71 103 25 92 102 57 33 32 54 36 93 113 94 43 77 67 72 103 53 109 87 62 51 46 74 61 26 55 111 72 63 63 34 57 102 75 109 53 76 80 56 88 108 44 109 103 97 55 77 44 85 67 64 71 93 64 23 27 38 24 95 117 83 41 74 72 32 101 80 104 81 68 58 41 73 99 142 108 75 45 28 139 104 70 35 0 142 108 75 45 28 150 118 89 66 55 162 134 109 90 83
125 64 53 81 40 65 88 66 75 72 58 112 63 24 82 65 71 45 63 31 74 102 37 123 77 41 124 51 46 86 116 116 94 124 58 37 69 104 65 97 70 50 100 35 85 96 94 108 80 97 116 115 32 72 81 80 118 97 53 68 42 92 73 65 98 65 43 111 48 48 45 96 78 116 58 77 82 75 67 80 139 120 111 124 52 37 67 109 69 92 111 52 88 44 62 95 85 109 82 45 57 67 90 119 150 29 45 75 108 142 0 35 70 104 139 29 45 75 108 142 57 67 90 119 150
91 30 39 46 14 31 56 32 41 40 24 77 29 19 49 40 42 11 30 29 40 68 7 88 49 18 89 23 15 52 81 81 59 89 25 28 51 69 32 64 36 21 66 16 55 63 59 73 54 70 82 81 14 37 46 46 83 63 25 34 16 57 39 31 64 33 29 76 37 32 16 61 45 82 24 42 47 46 37 45 104 86 76 89 19 32 43 74 35 59 77 23 57 27 28 62 51 74 57 17 67 57 66 89 118 45 29 45 75 108 35 0 35 70 104 45 29 45 75 108 67 57 66 89 118
59 9 52 12 35 5 29 8 13 21 14 43 11 51 22 37 31 26 18 57 11 35 34 54 36 37 55 29 28 18 47 47 24 54 20 51 54 35 17 33 13 29 32 42 35 30 25 39 43 52 49 48 42 6 12 13 49 29 29 12 35 23 9 6 30 18 48 42 53 47 30 27 18 47 17 8 12 32 26 12 69 52 42 55 20 56 39 39 11 31 44 28 33 44 10 32 17 39 45 32 90 66 56 66 89 75 45 28 45 75 70 35 0 35 70 75 45 28 45 75 90 66 56 66 89
32 42 80 24 68 40 32 39 33 41 48 9 43 85 31 59 50 60 46 89 33 15 68 21 51 70 22 59 61 21 13 14 11 20 51 83 75 5 45 24 38 60 9 75 43 19 13 7 57 55 22 22 76 34 24 26 14 12 59 40 68 14 34 40 12 45 78 9 82 76 63 11 33 15 49 29 23 48 49 26 35 19 7 22 54 87 60 5 38 29 17 59 37 74 44 25 21 5 58 65 119 89 66 56 66 108 75 45 28 45 104 70 35 0 35 108 75 45 28 45 119 89 66 56 66
31 76 111 59 102 74 60 74 67 74 82 29 77 120 62 90 81 95 80 123 67 40 103 21 79 103 18 93 95 54 24 25 46 16 85 116 103 36 78 50 72 94 40 109 70 47 46 32 84 75 32 33 110 68 59 60 22 44 93 74 102 48 68 74 43 78 111 29 114 108 97 44 65 26 83 63 58 78 81 60 6 22 29 19 88 120 90 31 72 56 33 92 64 107 78 52 55 31 84 99 150 118 89 66 55 142 108 75 45 28 139 104 70 35 0 142 108 75 45 28 150 118 89 66 55
134 73 76 85 56 71 84 70 84 84 67 114 66 45 81 56 87 55 75 56 82 102 43 123 94 59 129 67 48 93 120 121 98 126 58 61 91 109 77 95 80 48 102 54 78 96 100 110 98 115 124 113 51 79 87 88 121 98 49 78 41 97 75 70 100 64 66 113 72 71 60 98 77 117 69 83 87 90 62 86 142 126 115 129 55 62 86 112 78 89 118 50 83 65 70 92 92 112 101 61 86 92 110 134 162 57 67 90 119 150 29 45 75 108 142 0 35 70 104 139 29 45 75 108 142
103 45 68 53 42 41 50 38 56 60 41 80 35 43 46 22 65 34 51 55 54 68 23 89 72 46 96 48 21 63 87 88 65 92 26 56 79 76 52 60 53 17 69 44 44 62 68 76 79 92 93 79 41 50 56 58 88 65 16 51 14 66 42 40 66 31 58 79 65 61 43 65 44 83 45 53 55 68 28 56 109 93 82 97 26 59 68 79 51 54 87 18 48 55 43 58 61 79 81 45 92 85 92 109 134 67 57 66 89 118 45 29 45 75 108 35 0 35 70 104 45 29 45 75 108
75 36 76 29 52 29 15 23 41 49 37 48 23 64 15 15 58 41 44 73 38 35 40 55 64 56 66 51 31 40 57 58 37 59 21 70 80 47 44 26 41 26 37 59 10 28 42 44 71 80 66 44 57 34 34 37 57 33 23 40 34 40 20 27 34 14 69 47 76 69 50 35 14 50 41 33 32 59 9 35 77 63 52 66 27 74 66 48 39 20 59 24 14 65 35 24 38 48 73 52 110 92 84 91 109 90 66 56 66 89 75 45 28 45 75 70 35 0 35 70 75 45 28 45 75
57 54 96 36 78 48 21 45 51 60 58 24 47 93 26 49 70 68 61 100 49 15 72 25 73 81 42 73 63 41 35 36 30 31 51 96 95 33 60 12 54 59 21 86 27 16 36 23 80 81 49 12 85 47 40 43 33 21 57 55 67 36 38 47 20 43 92 23 98 91 74 24 31 22 62 43 37 69 43 42 48 41 32 42 57 100 80 29 53 17 44 57 22 88 55 14 40 29 81 77 134 109 91 84 90 119 89 66 56 66 108 75 45 28 45 104 70 35 0 35 108 75 45 28 45
56 83 123 64 109 79 55 77 77 85 89 36 80 125 60 84 94 100 89 131 76 40 105 24 95 111 40 102 96 64 40 42 53 29 85 126 119 48 88 46 81 93 44 117 62 46 57 38 101 96 54 28 117 75 66 69 36 47 91 83 101 58 70 79 45 77 122 36 126 119 105 49 64 30 91 70 65 92 77 69 33 42 42 41 90 130 104 42 81 51 52 91 57 117 85 48 64 42 101 107 162 134 109 90 83 150 118 89 66 55 142 108 75 45 28 139 104 70 35 0 142 108 75 45 28
147 90 102 98 80 86 90 83 101 103 85 122 79 72 89 60 108 75 94 83 99 110 63 130 115 83 140 89 64 107 131 132 109 134 71 87 116 120 96 100 98 61 111 79 81 103 112 119 121 136 137 118 75 95 101 102 131 107 61 95 57 110 87 85 108 75 92 122 99 96 83 108 87 125 88 98 100 111 70 101 151 137 125 140 71 89 109 122 95 94 131 62 87 91 87 98 106 122 123 84 114 119 133 153 178 86 92 110 134 162 57 67 90 119 150 29 45 75 108 142 0 35 70 104 139
120 70 96 72 70 64 59 59 79 84 67 92 57 70 59 31 91 62 76 82 76 79 51 98 98 74 110 76 47 82 101 102 81 103 48 84 107 92 77 69 77 42 82 73 49 73 86 89 105 117 110 86 70 72 76 78 101 78 39 75 42 84 61 62 78 49 86 91 93 89 71 79 58 93 71 74 74 94 42 76 120 108 96 110 51 87 95 93 75 63 104 41 55 83 68 67 81 93 107 73 119 113 118 132 153 92 85 92 109 134 67 57 66 89 118 45 29 45 75 108 35 0 35 70 104
97 63 101 56 76 56 35 51 69 77 64 66 50 84 39 27 86 66 72 95 66 53 61 69 92 81 84 78 53 66 76 78 61 75 45 94 107 70 72 43 69 46 58 82 24 48 67 63 99 107 88 56 80 62 61 64 75 54 42 68 52 65 48 54 54 41 93 65 101 95 75 57 41 65 68 61 58 87 33 62 92 83 72 85 51 98 93 69 67 38 82 44 30 90 62 41 65 69 101 77 133 118 112 117 131 110 92 84 91 109 90 66 56 66 89 75 45 28 45 75 70 35 0 35 70
83 75 117 59 96 68 37 63 75 84 78 51 65 108 45 54 95 85 83 117 73 42 85 48 98 100 67 93 76 66 61 63 57 55 65 114 119 61 83 36 78 70 49 103 35 41 63 50 106 108 76 37 102 70 64 68 59 48 67 78 77 63 58 67 47 58 112 50 118 112 93 51 49 48 82 66 61 94 53 66 70 67 59 68 71 118 104 56 76 36 71 68 34 108 75 37 65 56 107 95 153 132 117 111 116 134 109 91 84 90 119 89 66 56 66 108 75 45 28 45 104 70 35 0 35
83 98 140 80 122 93 63 89 94 104 103 57 91 137 70 86 113 112 105 144 93 56 114 48 115 125 66 117 105 83 65 66 72 54 94 140 138 70 104 56 98 101 62 130 65 59 77 59 122 120 79 44 129 91 83 86 61 63 98 99 108 77 82 91 62 86 137 57 142 135 119 66 74 52 106 87 81 112 83 85 61 68 65 67 100 144 123 64 97 60 76 98 62 132 99 58 82 64 122 121 178 153 131 116 110 162 134 109 90 83 150 118 89 66 55 142 108 75 45 28 139 104 70 35 0
