0 59 63 76 42 51 30 18 59 12 57 48 27 21 33 48 41 22 48 32 29 52 28 13 45 81 16 33 73 60 81 53 57 39 66 44 22 27 39 30 41 62 15 25 16 73 49 67 15 20 17 49 61 89 46 32 70 29 9 58 60 36 31 25 29 28 42 21 54 37 21 59 20 25 39 51 26 27 67 56 85 43 48 43 54 38 22 53 38 35 59 43 41 4 23 66 61 58 22 22 114 89 72 71 85 99 69 46 44 65 90 56 24 21 52 91 57 25 21 52 99 69 47 45 65
59 0 10 49 25 83 30 42 24 69 10 35 62 66 27 63 20 38 18 34 79 36 31 63 75 54 68 30 35 46 41 100 7 74 32 36 41 39 21 32 55 8 69 35 57 37 11 32 66 62 44 11 9 52 38 42 36 42 58 37 7 59 51 72 32 53 17 40 12 25 39 42 43 37 69 56 66 34 23 36 53 93 14 61 34 42 44 9 60 62 76 19 20 60 53 26 7 7 63 59 68 35 17 42 75 67 34 13 41 75 78 51 41 56 84 96 76 69 79 100 118 102 97 104 121
63 10 0 41 25 81 34 46 18 74 8 31 70 68 31 72 27 42 17 35 86 31 37 69 83 46 70 37 26 40 31 100 16 82 24 34 44 41 25 35 53 16 74 40 59 29 18 24 72 64 48 18 3 43 35 41 27 43 61 31 16 67 59 79 35 61 23 43 10 27 43 36 49 43 77 53 67 40 14 31 44 95 22 69 29 40 46 11 59 70 72 21 23 64 54 18 4 7 70 61 59 27 21 51 84 58 25 19 50 84 70 46 43 63 92 89 73 70 84 107 113 100 98 108 127
76 49 41 0 39 65 52 64 26 87 40 29 94 68 53 104 58 60 40 46 104 25 59 86 111 6 74 65 16 17 18 89 55 107 18 32 55 50 48 51 42 57 90 60 64 14 52 18 89 65 62 53 41 16 30 44 14 47 69 19 56 96 87 98 53 87 51 59 39 46 60 18 71 67 104 34 64 63 28 21 11 89 57 99 23 38 54 44 48 97 49 45 46 74 56 24 43 43 92 61 43 39 61 91 123 23 16 49 83 118 30 24 52 85 119 53 50 68 96 127 80 78 90 113 140
42 25 25 39 0 58 14 27 17 53 18 13 56 44 14 65 21 23 8 11 68 16 21 50 72 45 47 27 32 28 40 76 28 69 25 13 21 17 10 14 31 32 55 22 36 32 20 26 53 40 27 20 22 49 15 17 30 18 39 21 30 57 48 62 15 48 15 22 15 8 23 25 33 29 65 33 42 25 25 19 47 71 23 61 17 17 22 17 35 59 52 9 9 42 30 24 23 20 54 36 72 47 41 60 88 61 28 15 46 80 62 31 20 48 81 75 52 46 63 91 95 78 74 85 107
51 83 81 65 58 0 58 56 67 57 75 51 78 31 61 98 73 56 66 51 74 52 63 63 95 68 37 72 72 50 79 26 85 89 67 48 48 47 64 55 28 89 62 60 37 71 76 68 64 32 52 77 79 80 47 42 69 43 43 55 87 86 80 73 56 77 70 53 72 60 55 52 64 66 89 32 26 65 76 54 75 30 78 93 55 42 44 74 23 86 19 65 64 47 34 72 80 77 72 31 107 97 99 112 133 82 69 72 89 115 61 41 46 71 101 47 16 27 60 94 49 21 30 61 95
30 30 34 52 14 58 0 14 31 41 27 25 42 37 4 53 15 9 18 9 54 28 8 37 59 58 38 16 45 40 53 71 30 56 38 23 12 12 9 4 34 34 42 8 28 46 21 39 40 33 14 21 31 63 25 18 43 16 28 34 32 44 35 48 2 35 14 10 25 8 10 37 19 15 52 40 37 12 38 32 60 64 21 48 30 22 15 23 36 46 56 13 11 31 25 38 31 28 40 31 86 59 45 55 80 75 42 17 36 68 74 40 12 34 67 83 55 40 51 77 100 78 68 75 94
18 42 46 64 27 56 14 0 44 28 40 36 31 30 16 45 23 5 31 19 41 39 11 24 48 70 29 17 58 50 66 65 40 44 51 33 11 15 22 14 38 44 29 7 21 59 31 52 27 27 5 32 44 75 35 23 56 20 19 45 43 35 27 35 13 25 25 6 38 21 5 48 9 10 41 45 33 11 51 43 73 57 31 40 42 29 14 36 38 36 59 26 24 20 23 51 44 40 28 26 99 72 55 57 77 87 55 29 33 62 83 48 14 22 57 89 57 34 38 64 102 76 61 63 81
59 24 18 26 17 67 31 44 0 70 14 16 72 58 30 79 33 40 15 27 85 15 37 67 88 32 62 41 15 23 23 88 30 85 9 20 37 33 24 30 39 32 72 38 51 16 27 10 70 54 43 27 16 33 20 31 14 33 55 14 31 72 63 78 32 64 26 39 13 24 40 19 49 45 81 37 56 41 10 14 32 84 31 75 12 27 38 18 45 74 56 20 22 59 44 8 18 18 71 51 55 32 38 65 97 47 12 24 58 93 54 30 36 64 96 72 57 60 80 107 96 84 86 101 124
12 69 74 87 53 57 41 28 70 0 67 59 24 27 43 47 50 32 58 43 19 63 38 10 40 92 20 41 84 71 92 53 66 33 77 56 34 38 49 40 51 71 6 35 26 84 58 78 9 28 27 59 71 100 57 44 81 40 19 69 69 35 33 17 39 29 52 31 65 48 31 70 27 33 34 61 33 36 78 67 96 42 57 42 66 49 34 63 48 33 67 54 52 13 33 77 71 68 18 31 125 99 81 76 85 110 80 56 48 62 101 67 35 21 45 99 65 31 10 42 105 74 47 37 54
57 10 8 40 18 75 27 40 14 67 0 25 64 60 25 68 22 35 10 28 79 26 30 62 78 45 63 32 27 36 33 93 16 77 22 27 36 34 18 28 47 18 68 33 52 29 14 23 65 57 40 14 5 45 29 34 27 35 54 27 17 63 54 73 28 56 17 36 3 20 36 32 43 37 72 47 59 33 16 26 44 87 18 65 24 33 39 6 52 65 66 14 16 57 47 18 6 4 64 53 63 33 26 51 84 59 25 13 46 81 68 42 36 57 87 86 67 63 77 101 108 93 91 101 120
48 35 31 29 13 51 25 36 16 59 25 0 65 43 26 77 34 32 18 17 75 4 32 58 83 35 48 39 26 16 35 72 39 79 20 4 26 22 23 23 23 42 62 32 37 26 32 20 61 40 34 32 29 42 4 17 23 20 42 10 40 68 60 70 25 59 28 30 23 20 31 13 43 40 76 22 40 36 26 8 38 68 35 72 7 12 26 27 29 70 42 21 22 47 30 22 31 28 63 36 67 48 50 72 101 52 22 28 59 92 50 18 24 57 91 63 42 45 68 99 84 69 71 87 112
27 62 70 94 56 78 42 31 72 24 64 65 0 48 42 23 43 34 58 49 20 69 36 16 19 99 42 33 87 80 95 77 58 14 80 63 41 45 48 43 65 62 19 35 43 87 52 81 16 47 33 52 68 104 65 53 85 50 36 75 61 12 13 14 42 10 48 36 63 49 35 78 23 28 12 74 53 32 78 73 102 66 49 18 71 59 43 59 64 9 85 53 51 31 48 78 67 64 7 49 126 96 71 57 62 116 83 52 30 39 113 78 44 9 27 116 83 52 29 38 126 96 71 56 61
21 66 68 68 44 31 37 30 58 27 60 43 48 0 40 68 51 31 51 33 46 46 39 33 65 73 8 46 69 51 77 36 66 59 62 39 26 27 45 34 27 71 33 35 9 69 57 63 35 4 26 57 65 83 40 28 66 26 13 52 69 57 51 43 35 48 50 28 58 42 30 51 36 39 59 37 6 40 67 50 78 28 58 63 50 32 23 58 22 56 40 48 46 17 14 65 66 62 42 8 109 90 81 87 105 90 65 53 62 85 76 45 25 41 72 72 38 5 33 67 79 49 32 45 74
33 27 31 53 14 61 4 16 30 43 25 26 42 40 0 52 12 11 16 12 56 29 7 38 58 58 41 14 45 41 53 75 27 56 38 24 15 15 7 7 37 31 44 9 31 46 17 39 42 36 17 18 29 62 27 21 43 19 31 35 29 43 35 49 6 35 11 13 23 7 12 38 20 15 52 42 41 11 37 33 60 67 18 47 30 24 18 21 39 45 59 11 9 34 28 37 29 25 41 34 85 57 42 52 77 75 41 14 34 67 75 42 16 34 67 85 58 43 53 78 103 81 71 77 96
48 63 72 104 65 98 53 45 79 47 68 77 23 68 52 0 47 48 65 61 39 80 46 38 16 109 63 39 94 92 101 99 58 21 88 75 56 60 56 55 82 60 41 46 62 95 55 88 38 67 49 55 71 112 77 68 93 65 56 86 59 12 19 34 53 21 54 51 68 58 49 89 37 38 15 90 73 41 83 84 110 88 51 6 82 73 59 63 82 14 103 60 58 52 66 85 69 67 29 68 130 98 67 43 40 125 91 56 23 17 126 92 59 28 23 133 102 72 51 48 145 117 93 77 75
41 20 27 58 21 73 15 23 33 50 22 34 43 51 12 47 0 21 18 23 59 36 13 43 57 63 51 11 47 48 54 86 17 55 41 33 26 27 11 19 48 22 49 17 42 48 9 42 46 47 26 10 25 65 35 32 46 31 41 41 20 41 33 52 17 34 7 23 21 15 22 45 23 18 50 52 52 14 37 39 64 78 8 44 37 35 30 17 51 44 70 14 13 42 40 38 24 21 44 46 85 54 32 40 68 79 44 10 26 61 83 51 27 36 66 95 69 54 59 81 114 93 82 85 101
22 38 42 60 23 56 9 5 40 32 35 32 34 31 11 48 21 0 27 15 46 35 8 28 52 66 31 16 54 46 62 66 37 48 47 29 9 12 18 10 35 41 33 4 23 54 28 48 31 28 6 28 40 71 31 21 52 17 21 41 39 38 30 39 8 28 21 4 33 17 2 44 12 11 45 43 33 9 47 39 68 58 28 43 37 26 13 32 36 39 57 22 20 23 22 47 40 36 32 27 94 68 52 57 78 83 50 25 34 64 80 45 12 26 60 86 56 35 42 69 101 76 62 66 85
48 18 17 40 8 66 18 31 15 58 10 18 58 51 16 65 18 27 0 18 72 20 23 54 73 45 54 27 30 32 37 83 21 71 23 20 27 24 10 19 38 24 59 25 43 31 14 24 57 47 32 14 15 48 21 25 28 26 45 24 23 58 49 65 19 50 12 27 8 11 27 28 35 31 66 40 50 27 21 22 46 78 18 61 20 25 29 9 43 60 59 6 8 48 37 21 16 12 57 44 69 42 34 54 85 61 27 10 44 79 66 36 26 50 82 81 59 53 68 94 101 85 81 91 112
32 34 35 46 11 51 9 19 27 43 28 17 49 33 12 61 23 15 18 0 59 21 16 41 66 51 36 25 41 32 49 66 35 62 34 15 10 7 14 6 25 39 46 16 25 41 26 35 44 29 17 27 32 58 17 10 38 9 28 27 37 52 43 53 9 42 19 13 25 10 14 29 26 24 59 31 33 21 36 25 54 60 28 57 23 13 12 26 28 53 48 16 14 32 20 34 33 30 46 26 82 58 49 63 89 68 37 22 45 77 66 31 9 40 75 74 47 36 53 82 91 71 64 75 97
29 79 86 104 68 74 54 41 85 19 79 75 20 46 56 39 59 46 72 59 0 79 50 18 27 109 38 50 99 88 107 67 76 20 92 72 50 54 62 55 69 80 14 47 44 99 68 93 15 46 42 69 83 116 74 61 97 57 37 85 78 30 33 8 53 29 63 46 78 62 46 87 37 43 24 79 51 46 92 83 113 56 66 35 82 66 50 75 66 26 85 67 65 31 52 92 83 79 17 50 140 112 89 76 78 127 95 68 49 52 119 85 52 24 30 117 83 49 16 24 123 90 60 38 42
52 36 31 25 16 52 28 39 15 63 26 4 69 46 29 80 36 35 20 21 79 0 35 61 86 31 52 42 23 12 31 74 40 83 17 8 30 26 26 26 25 43 66 35 41 23 34 18 65 43 38 34 29 38 7 20 20 23 46 7 41 72 63 73 28 63 30 34 24 23 35 9 46 43 79 22 43 40 24 5 34 71 38 76 4 15 30 28 31 73 42 23 24 50 33 20 31 29 67 39 63 46 51 74 104 48 19 30 62 95 47 16 28 61 95 61 42 48 72 102 83 70 73 91 116
28 31 37 59 21 63 8 11 37 38 30 32 36 39 7 46 13 8 23 16 50 35 0 32 52 65 39 9 52 47 59 74 30 49 45 30 15 17 13 10 40 34 38 4 30 52 21 46 36 35 14 21 34 69 32 24 50 22 29 41 32 37 28 43 8 28 15 11 29 14 9 44 13 9 45 46 40 5 43 39 67 66 20 41 37 29 19 26 42 39 62 18 16 30 29 43 34 31 35 34 91 63 45 50 73 82 48 19 29 61 81 47 17 28 61 90 61 43 48 72 106 83 70 73 90
13 63 69 86 50 63 37 24 67 10 62 58 16 33 38 38 43 28 54 41 18 61 32 0 33 91 26 34 81 71 89 62 60 27 74 54 32 36 45 37 53 64 6 30 29 82 52 75 4 32 24 52 66 98 56 43 79 39 22 67 62 26 24 13 36 19 46 28 60 44 28 69 20 26 27 62 38 30 74 65 95 51 50 33 64 49 33 58 51 24 71 49 47 16 35 74 66 62 10 35 122 95 74 67 76 109 77 51 39 54 102 68 34 12 40 103 69 36 18 42 111 81 55 45 59
45 75 83 111 72 95 59 48 88 40 78 83 19 65 58 16 57 52 73 66 27 86 52 33 0 116 59 47 102 97 110 92 70 7 96 80 59 63 64 61 84 73 34 51 61 103 65 97 31 64 51 65 81 120 82 71 101 68 54 92 72 16 25 24 58 24 63 54 77 65 52 95 40 44 8 92 70 48 93 90 118 81 62 16 88 77 61 73 82 14 103 68 66 49 66 94 80 77 24 67 141 109 81 59 53 133 99 66 36 26 131 96 61 27 9 134 101 69 41 32 144 113 85 65 59
81 54 46 6 45 68 58 70 32 92 45 35 99 73 58 109 63 66 45 51 109 31 65 91 116 0 79 71 20 22 19 93 60 113 23 38 60 56 54 56 46 61 96 66 69 18 58 23 95 70 68 58 45 14 36 49 19 53 75 25 61 101 93 104 58 92 57 64 45 52 65 23 77 73 109 38 68 69 32 27 8 93 62 105 29 44 59 50 53 103 51 50 52 80 61 29 48 48 97 66 40 41 65 96 128 18 21 55 89 124 26 29 58 91 125 52 53 73 101 132 80 80 94 117 145
16 68 70 74 47 37 38 29 62 20 63 48 42 8 41 63 51 31 54 36 38 52 39 26 59 79 0 45 74 58 82 38 67 52 67 45 27 30 47 36 35 72 26 35 12 74 58 68 28 10 25 59 68 89 46 32 71 30 11 58 70 51 47 36 36 43 51 29 61 44 30 58 33 38 52 44 14 39 71 56 85 28 58 58 55 37 25 60 30 50 48 50 49 12 19 69 68 65 36 14 115 94 82 85 100 97 70 55 59 80 84 52 28 35 64 80 46 11 25 59 86 55 33 39 67
33 30 37 65 27 72 16 17 41 41 32 39 33 46 14 39 11 16 27 25 50 42 9 34 47 71 45 0 56 54 63 82 27 46 49 38 24 26 18 19 49 31 40 12 38 57 19 50 37 43 21 20 35 74 40 33 54 31 35 48 29 32 23 43 17 24 16 19 31 20 17 51 14 9 41 55 49 7 46 46 72 73 17 35 43 37 28 27 51 34 71 21 20 35 38 47 34 31 34 42 94 64 41 41 64 87 53 19 20 54 89 55 26 26 56 99 70 50 50 71 115 92 77 77 91
73 35 26 16 32 72 45 58 15 84 27 26 87 69 45 94 47 54 30 41 99 23 52 81 102 20 74 56 0 23 9 96 42 100 8 30 51 47 39 45 46 42 86 53 63 3 40 7 85 66 58 40 26 18 30 42 4 45 68 18 42 87 78 93 46 79 41 53 27 38 54 21 64 60 96 41 66 56 13 20 18 93 45 90 20 38 51 32 53 89 59 35 37 72 56 10 29 29 85 62 41 26 45 77 110 33 5 38 72 107 45 32 49 79 111 68 60 70 93 122 94 88 95 113 138
60 46 40 17 28 50 40 50 23 71 36 16 80 51 41 92 48 46 32 32 88 12 47 71 97 22 58 54 23 0 29 74 51 94 19 18 40 35 38 37 26 53 75 47 47 22 45 20 74 48 48 46 38 32 15 28 19 32 53 9 52 83 75 83 40 74 42 44 34 35 46 5 57 55 90 18 47 51 29 10 27 73 49 88 13 22 39 39 32 84 36 35 36 59 39 25 41 39 77 44 59 48 60 85 116 39 20 41 74 107 35 9 37 71 106 50 37 52 80 112 74 65 74 96 124
81 41 31 18 40 79 53 66 23 92 33 35 95 77 53 101 54 62 37 49 107 31 59 89 110 19 82 63 9 29 0 103 47 108 16 38 59 55 47 53 54 47 94 61 71 9 47 15 93 74 66 47 32 12 37 51 12 53 76 26 47 94 86 101 54 87 48 62 34 46 62 27 72 67 103 47 74 63 18 28 14 101 51 97 28 46 59 38 60 97 64 43 44 80 64 17 34 35 93 70 33 23 49 81 115 27 13 45 79 114 45 38 57 87 119 70 66 78 102 130 97 94 103 121 146
53 100 100 89 76 26 71 65 88 53 93 72 77 36 75 99 86 66 83 66 67 74 74 62 92 93 38 82 96 74 103 0 101 85 90 68 60 61 79 69 50 105 59 70 44 94 91 90 62 39 61 92 97 105 68 59 92 58 47 78 103 87 83 68 70 79 84 63 90 75 65 76 71 74 87 56 35 75 97 77 100 12 92 94 77 61 57 91 44 85 45 81 80 49 47 94 98 95 71 41 132 119 115 122 137 108 92 87 96 115 87 66 60 72 96 70 42 32 52 82 63 29 8 42 76
57 7 16 55 28 85 30 40 30 66 16 39 58 66 27 58 17 37 21 35 76 40 30 60 70 60 67 27 42 51 47 101 0 69 38 40 41 40 22 32 58 5 66 33 57 43 10 38 63 62 42 9 16 59 42 44 42 43 57 43 3 54 47 69 32 49 17 39 17 26 38 47 40 34 64 60 67 31 30 41 59 94 10 55 39 44 44 13 62 57 79 20 21 59 54 33 13 13 60 60 74 41 16 36 69 73 40 14 35 68 83 56 42 52 79 100 79 69 76 96 122 105 97 102 117
39 74 82 107 69 89 56 44 85 33 77 79 14 59 56 21 55 48 71 62 20 83 49 27 7 113 52 46 100 94 108 85 69 0 93 77 55 59 61 57 79 73 27 48 55 101 64 94 25 58 47 64 80 118 79 67 98 63 48 89 72 16 23 17 55 22 61 50 76 62 49 91 37 41 7 88 64 45 91 87 115 74 61 19 85 72 57 72 77 13 98 66 64 43 61 92 79 76 18 61 139 109 81 62 59 130 97 65 38 33 126 92 57 23 13 129 95 63 34 29 137 106 78 58 55
66 32 24 18 25 67 38 51 9 77 22 20 80 62 38 88 41 47 23 34 92 17 45 74 96 23 67 49 8 19 16 90 38 93 0 23 44 40 33 38 40 39 79 46 56 8 35 1 78 59 50 35 23 25 23 35 6 38 60 13 38 80 72 86 39 72 35 46 22 32 47 16 57 53 89 36 59 49 11 14 23 87 39 84 13 31 44 27 47 83 55 29 30 65 49 7 25 25 78 55 48 30 44 73 105 38 4 32 67 101 47 27 42 72 105 67 56 64 86 115 92 84 89 106 130
44 36 34 32 13 48 23 33 20 56 27 4 63 39 24 75 33 29 20 15 72 8 30 54 80 38 45 38 30 18 38 68 40 77 23 0 23 19 23 20 20 43 59 30 33 30 33 24 58 36 31 33 31 45 3 13 27 16 38 14 42 66 58 67 23 57 28 27 25 19 28 15 40 38 73 20 37 34 29 12 41 64 36 71 11 8 22 28 26 67 40 21 22 43 26 26 33 30 60 32 71 51 52 72 101 55 26 28 58 91 52 18 21 54 89 63 40 41 65 95 82 67 67 84 109
22 41 44 55 21 48 12 11 37 34 36 26 41 26 15 56 26 9 27 10 50 30 15 32 59 60 27 24 51 40 59 60 41 55 44 23 0 5 20 9 27 46 36 12 17 51 32 45 35 22 8 32 41 67 25 13 48 9 18 36 44 46 38 44 10 36 25 6 34 17 8 38 20 19 52 34 26 18 46 34 64 53 33 51 33 18 4 34 28 46 49 23 22 22 14 44 41 38 38 20 92 68 56 64 87 78 47 28 43 73 72 38 3 33 67 78 47 29 43 73 92 68 57 65 87
27 39 41 50 17 47 12 15 33 38 34 22 45 27 15 60 27 12 24 7 54 26 17 36 63 56 30 26 47 35 55 61 40 59 40 19 5 0 19 9 24 44 40 15 19 47 31 41 40 23 13 31 38 63 21 9 44 5 22 32 43 50 42 48 10 40 24 10 31 15 11 33 24 23 56 31 27 20 42 30 59 55 32 55 28 14 5 32 25 51 46 21 20 26 14 41 39 36 42 21 88 64 55 66 90 73 43 27 45 76 68 33 3 37 71 74 45 30 47 77 89 67 58 68 91
39 21 25 48 10 64 9 22 24 49 18 23 48 45 7 56 11 18 10 14 62 26 13 45 64 54 47 18 39 38 47 79 22 61 33 23 20 19 0 11 38 26 50 16 36 40 13 33 48 41 23 13 22 57 25 23 38 22 37 31 24 48 40 56 11 40 6 19 16 5 19 34 26 21 57 42 45 17 31 29 55 73 15 52 26 25 23 14 42 51 60 5 3 40 33 31 22 19 47 39 79 51 37 51 79 70 36 9 36 70 72 40 20 41 73 85 59 48 59 85 103 84 76 83 103
30 32 35 51 14 55 4 14 30 40 28 23 43 34 7 55 19 10 19 6 55 26 10 37 61 56 36 19 45 37 53 69 32 57 38 20 9 9 11 0 31 37 42 10 26 45 23 39 40 31 14 24 32 62 23 15 42 13 27 32 35 46 38 49 3 37 16 9 26 8 10 35 21 18 53 36 35 15 38 30 59 62 24 51 28 19 12 25 33 48 53 15 13 30 22 37 33 29 41 28 85 60 47 58 83 73 41 19 39 71 71 37 10 35 69 80 52 38 50 78 97 75 65 73 94
41 55 53 42 31 28 34 38 39 51 47 23 65 27 37 82 48 35 38 25 69 25 40 53 84 46 35 49 46 26 54 50 58 79 40 20 27 24 38 31 0 62 55 38 26 45 50 41 56 25 34 50 51 57 19 17 43 19 33 29 60 72 64 65 33 62 44 32 44 34 34 27 46 46 77 10 23 44 48 27 53 48 52 77 28 14 24 47 7 72 23 38 38 38 18 45 53 50 61 21 84 70 71 88 113 63 43 45 69 99 50 19 24 57 91 52 22 27 58 92 66 47 50 71 101
62 8 16 57 32 89 34 44 32 71 18 42 62 71 31 60 22 41 24 39 80 43 34 64 73 61 72 31 42 53 47 105 5 73 39 43 46 44 26 37 62 0 70 38 62 44 14 39 67 67 47 14 17 59 45 48 43 48 62 45 2 57 50 72 36 53 21 43 20 30 42 49 44 39 67 63 71 35 30 44 59 98 15 58 41 48 49 16 66 61 83 24 25 64 58 33 14 15 63 64 72 38 11 35 69 74 41 18 38 70 85 59 46 56 81 103 83 74 80 100 125 109 102 106 121
15 69 74 90 55 62 42 29 72 6 68 62 19 33 44 41 49 33 59 46 14 66 38 6 34 96 26 40 86 75 94 59 66 27 79 59 36 40 50 42 55 70 0 35 30 86 58 80 4 33 29 58 72 103 60 47 83 43 23 72 68 30 29 11 41 24 52 33 66 49 33 73 26 32 29 65 38 35 80 70 99 48 56 36 68 53 37 63 52 27 72 55 53 18 38 79 71 68 13 36 127 100 80 72 80 113 82 56 45 57 105 71 38 17 39 104 70 36 12 38 111 79 52 39 53
25 35 40 60 22 60 8 7 38 35 33 32 35 35 9 46 17 4 25 16 47 35 4 30 51 66 35 12 53 47 61 70 33 48 46 30 12 15 16 10 38 38 35 0 26 54 24 47 33 32 10 25 37 70 32 23 51 20 25 41 36 37 28 41 8 28 18 7 31 15 6 44 12 9 44 45 37 6 45 39 68 62 24 42 37 27 16 29 39 38 60 20 18 26 26 45 37 34 33 31 93 66 48 53 75 82 49 22 31 62 81 46 14 26 60 88 59 39 45 70 104 80 66 69 88
16 57 59 64 36 37 28 21 51 26 52 37 43 9 31 62 42 23 43 25 44 41 30 29 61 69 12 38 63 47 71 44 57 55 56 33 17 19 36 26 26 62 30 26 0 63 48 57 31 6 17 49 57 78 35 21 60 19 8 46 60 51 44 40 26 41 41 20 50 33 21 47 28 31 54 35 12 31 60 44 74 37 49 57 44 26 14 50 23 50 43 39 38 13 9 58 57 54 38 7 104 82 72 78 97 86 59 45 54 79 75 42 17 35 68 75 41 13 33 67 84 56 41 51 77
73 37 29 14 32 71 46 59 16 84 29 26 87 69 46 95 48 54 31 41 99 23 52 82 103 18 74 57 3 22 9 94 43 101 8 30 51 47 40 45 45 44 86 54 63 0 42 7 85 65 58 42 28 17 29 42 3 45 67 17 44 88 79 93 47 80 42 54 28 39 54 19 65 60 96 39 65 56 15 19 16 92 46 91 19 37 51 33 52 90 57 36 38 72 55 11 31 31 86 61 41 28 48 79 112 31 5 39 74 108 43 30 49 79 112 66 58 70 93 122 92 86 94 113 138
49 11 18 52 20 76 21 31 27 58 14 32 52 57 17 55 9 28 14 26 68 34 21 52 65 58 58 19 40 45 47 91 10 64 35 33 32 31 13 23 50 14 58 24 48 42 0 36 55 53 33 1 17 58 34 35 40 34 48 37 12 49 41 61 22 43 7 30 14 17 29 41 32 26 59 52 57 23 29 36 58 84 5 51 33 36 35 9 54 52 71 12 12 50 45 31 15 13 53 51 76 45 25 41 71 72 38 5 33 67 79 49 32 45 74 94 71 60 68 89 114 96 88 93 110
67 32 24 18 26 68 39 52 10 78 23 20 81 63 39 88 42 48 24 35 93 18 46 75 97 23 68 50 7 20 15 90 38 94 1 24 45 41 33 39 41 39 80 47 57 7 36 0 78 60 51 36 23 24 24 36 5 39 61 13 38 81 73 87 40 73 35 47 22 32 48 16 58 54 90 37 60 50 11 14 23 88 40 85 14 32 45 27 47 83 55 29 31 66 50 7 26 26 79 56 48 30 44 73 106 37 3 33 67 102 47 28 43 73 106 68 56 65 87 116 92 84 90 107 131
15 66 72 89 53 64 40 27 70 9 65 61 16 35 42 38 46 31 57 44 15 65 36 4 31 95 28 37 85 74 93 62 63 25 78 58 35 40 48 40 56 67 4 33 31 85 55 78 0 34 28 56 70 101 59 46 82 43 24 71 65 26 25 10 39 21 50 32 64 47 31 72 24 29 26 65 40 33 78 69 98 51 53 33 67 52 36 61 53 24 74 52 51 19 38 77 69 66 9 37 125 98 77 69 77 112 81 54 41 54 105 71 37 13 37 105 71 38 15 38 113 82 56 43 55
20 62 64 65 40 32 33 27 54 28 57 40 47 4 36 67 47 28 47 29 46 43 35 32 64 70 10 43 66 48 74 39 62 58 59 36 22 23 41 31 25 67 33 32 6 65 53 60 34 0 23 54 61 80 37 24 62 22 11 49 65 55 49 43 31 46 46 25 54 38 27 48 34 36 58 35 7 37 63 47 75 32 54 61 46 28 19 54 21 54 40 44 43 16 11 61 62 59 41 5 106 86 77 84 102 87 62 49 59 84 75 43 22 39 71 72 38 8 34 68 80 51 35 48 76
17 44 48 62 27 52 14 5 43 27 40 34 33 26 17 49 26 6 32 17 42 38 14 24 51 68 25 21 58 48 66 61 42 47 50 31 8 13 23 14 34 47 29 10 17 58 33 51 28 23 0 34 45 74 33 20 55 17 16 44 45 38 31 36 13 29 27 5 38 21 5 46 13 14 44 42 28 14 51 42 71 53 33 44 40 26 11 37 34 39 55 27 25 17 18 51 45 42 30 22 98 73 58 61 81 85 54 31 38 66 80 45 11 25 59 85 53 30 37 65 98 72 57 61 81
49 11 18 53 20 77 21 32 27 59 14 32 52 57 18 55 10 28 14 27 69 34 21 52 65 58 59 20 40 46 47 92 9 64 35 33 32 31 13 24 50 14 58 25 49 42 1 36 56 54 34 0 16 58 35 35 40 35 49 38 12 50 42 62 23 43 8 30 14 18 29 42 33 27 59 53 58 23 29 36 58 85 5 52 34 37 36 9 54 53 72 12 13 51 45 31 15 12 53 51 76 45 24 40 71 72 38 5 33 67 79 50 33 46 74 95 71 61 68 90 115 96 89 94 110
61 9 3 41 22 79 31 44 16 71 5 29 68 65 29 71 25 40 15 32 83 29 34 66 81 45 68 35 26 38 32 97 16 80 23 31 41 38 22 32 51 17 72 37 57 28 17 23 70 61 45 16 0 43 32 39 27 40 59 30 16 66 57 76 33 59 20 41 8 25 40 34 47 41 75 50 64 37 14 29 44 92 21 68 27 38 43 9 56 69 70 18 20 62 52 17 3 5 68 58 60 29 22 51 84 58 25 16 49 83 69 45 40 61 90 88 70 68 81 105 111 97 95 105 124
89 52 43 16 49 80 63 75 33 100 45 42 104 83 62 112 65 71 48 58 116 38 69 98 120 14 89 74 18 32 12 105 59 118 25 45 67 63 57 62 57 59 103 70 78 17 58 24 101 80 74 58 43 0 44 57 20 61 83 32 58 105 96 110 64 97 59 70 45 56 71 32 81 77 113 50 79 73 30 34 6 104 62 108 35 52 67 50 64 107 64 53 55 88 70 28 46 47 103 75 27 31 60 93 127 16 22 56 90 125 37 40 65 96 129 65 66 83 109 139 92 93 106 127 153
46 38 35 30 15 47 25 35 20 57 29 4 65 40 27 77 35 31 21 17 74 7 32 56 82 36 46 40 30 15 37 68 42 79 23 3 25 21 25 23 19 45 60 32 35 29 34 24 59 37 33 35 32 44 0 14 26 18 40 12 43 68 60 68 25 59 30 29 26 21 31 13 42 40 75 19 37 37 29 10 40 65 38 73 10 9 24 30 25 69 38 23 24 45 27 26 34 32 62 33 70 51 54 74 103 53 26 30 60 93 49 16 23 56 91 60 38 41 66 97 81 66 67 84 110
32 42 41 44 17 42 18 23 31 44 34 17 53 28 21 68 32 21 25 10 61 20 24 43 71 49 32 33 42 28 51 59 44 67 35 13 13 9 23 15 17 48 47 23 21 42 35 36 46 24 20 35 39 57 14 0 39 4 26 26 46 58 50 55 17 48 28 18 32 18 20 27 32 30 64 23 26 28 40 24 54 54 37 63 23 6 11 33 19 59 39 24 23 31 14 38 40 37 50 20 83 62 58 72 97 67 38 30 53 84 60 26 10 45 79 66 38 30 53 84 82 62 57 71 97
70 36 27 14 30 69 43 56 14 81 27 23 85 66 43 93 46 52 28 38 97 20 50 79 101 19 71 54 4 19 12 92 42 98 6 27 48 44 38 42 43 43 83 51 60 3 40 5 82 62 55 40 27 20 26 39 0 42 65 15 42 85 77 91 44 77 40 51 26 36 52 17 62 58 94 37 63 54 14 16 18 89 44 89 17 35 48 31 49 88 55 34 35 69 52 10 29 30 83 58 44 30 47 77 110 33 3 37 72 106 43 28 46 77 110 65 56 67 91 120 91 84 92 110 135
29 42 43 47 18 43 16 20 33 40 35 20 50 26 19 65 31 17 26 9 57 23 22 39 68 53 30 31 45 32 53 58 43 63 38 16 9 5 22 13 19 48 43 20 19 45 34 39 43 22 17 35 40 61 18 4 42 0 23 29 46 54 46 52 15 45 28 15 33 18 16 30 28 27 60 26 24 25 42 27 57 53 36 60 26 10 7 34 21 55 41 24 23 28 12 40 41 38 46 19 86 64 58 70 94 70 41 30 50 81 64 29 7 41 76 69 40 28 49 80 85 63 56 69 93
9 58 61 69 39 43 28 19 55 19 54 42 36 13 31 56 41 21 45 28 37 46 29 22 54 75 11 35 68 53 76 47 57 48 60 38 18 22 37 27 33 62 23 25 8 67 48 61 24 11 16 49 59 83 40 26 65 23 0 52 60 44 39 33 27 35 41 19 52 35 20 52 24 28 47 42 18 29 63 49 79 38 48 51 49 31 17 51 30 43 50 41 39 6 15 62 59 56 31 14 108 85 73 75 92 92 64 45 50 73 82 49 19 29 61 82 48 17 27 60 91 62 42 47 71
58 37 31 19 21 55 34 45 14 69 27 10 75 52 35 86 41 41 24 27 85 7 41 67 92 25 58 48 18 9 26 78 43 89 13 14 36 32 31 32 29 45 72 41 46 17 37 13 71 49 44 38 30 32 12 26 15 29 52 0 44 77 69 80 34 68 35 40 26 28 41 5 52 49 85 24 48 45 22 3 28 75 41 82 5 21 36 30 35 79 43 28 29 57 39 18 32 31 73 44 58 42 52 77 108 42 15 33 67 101 42 16 34 67 101 59 44 53 78 109 82 72 78 96 122
60 7 16 56 30 87 32 43 31 69 17 40 61 69 29 59 20 39 23 37 78 41 32 62 72 61 70 29 42 52 47 103 3 72 38 42 44 43 24 35 60 2 68 36 60 44 12 38 65 65 45 12 16 58 43 46 42 46 60 44 0 56 49 71 34 51 19 42 18 28 41 48 43 37 66 62 69 34 29 43 59 96 13 57 40 46 47 14 65 60 81 23 23 62 56 33 13 14 62 63 73 39 13 36 69 73 40 16 37 70 84 57 44 55 80 102 81 72 79 98 123 107 100 105 120
36 59 67 96 57 86 44 35 72 35 63 68 12 57 43 12 41 38 58 52 30 72 37 26 16 101 51 32 87 83 94 87 54 16 80 66 46 50 48 46 72 57 30 37 51 88 49 81 26 55 38 50 66 105 68 58 85 54 44 77 56 0 9 24 44 10 47 40 62 50 39 80 26 29 10 80 61 33 77 75 103 77 46 7 73 63 49 57 71 4 92 52 51 40 55 78 64 62 18 57 125 94 66 47 51 118 84 50 22 29 117 82 48 16 25 123 90 61 40 44 134 105 81 67 69
31 51 59 87 48 80 35 27 63 33 54 60 13 51 35 19 33 30 49 43 33 63 28 24 25 93 47 23 78 75 86 83 47 23 72 58 38 42 40 38 64 50 29 28 44 79 41 73 25 49 31 42 57 96 60 50 77 46 39 69 49 9 0 26 35 5 38 32 53 41 31 72 18 20 18 72 55 24 69 67 94 73 38 14 65 55 41 49 64 12 85 44 42 35 48 70 56 53 17 50 117 86 59 45 54 109 75 42 17 36 108 74 40 12 34 115 83 55 40 50 127 100 78 67 74
25 72 79 98 62 73 48 35 78 17 73 70 14 43 49 34 52 39 65 53 8 73 43 13 24 104 36 43 93 83 101 68 69 17 86 67 44 48 56 49 65 72 11 41 40 93 61 87 10 43 36 62 76 110 68 55 91 52 33 80 71 24 26 0 47 22 57 40 71 55 39 81 30 36 20 75 49 40 86 77 107 57 59 30 76 61 45 68 62 21 83 60 58 28 47 85 76 73 10 46 133 105 82 70 73 121 89 61 43 49 114 80 46 17 29 114 80 47 18 30 121 90 61 43 49
29 32 35 53 15 56 2 13 32 39 28 25 42 35 6 53 17 8 19 9 53 28 8 36 58 58 36 17 46 40 54 70 32 55 39 23 10 10 11 3 33 36 41 8 26 47 22 40 39 31 13 23 33 64 25 17 44 15 27 34 34 44 35 47 0 35 16 9 26 9 9 37 19 15 51 39 36 12 39 32 61 62 23 48 30 21 13 25 35 45 55 15 13 29 23 39 33 29 40 29 87 60 47 56 81 75 43 19 37 69 74 40 11 33 67 82 54 38 49 76 99 76 66 73 93
28 53 61 87 48 77 35 25 64 29 56 59 10 48 35 21 34 28 50 42 29 63 28 19 24 92 43 24 79 74 87 79 49 22 72 57 36 40 40 37 62 53 24 28 41 80 43 73 21 46 29 43 59 97 59 48 77 45 35 68 51 10 5 22 35 0 39 31 54 41 29 71 17 20 17 70 52 24 70 66 95 69 40 16 64 54 39 51 61 11 82 44 43 31 45 70 58 55 13 47 118 87 62 49 58 109 75 43 21 38 107 73 39 8 33 113 81 52 35 48 125 96 74 63 70
42 17 23 51 15 70 14 25 26 52 17 28 48 50 11 54 7 21 12 19 63 30 15 46 63 57 51 16 41 42 48 84 17 61 35 28 25 24 6 16 44 21 52 18 41 42 7 35 50 46 27 8 20 59 30 28 40 28 41 35 19 47 38 57 16 39 0 23 15 11 22 38 27 21 56 47 50 17 31 33 57 77 9 50 30 30 28 12 47 49 66 7 7 44 38 32 20 17 48 44 79 49 32 45 74 72 38 5 33 67 76 45 25 41 71 90 65 53 62 85 109 90 81 87 104
21 40 43 59 22 53 10 6 39 31 36 30 36 28 13 51 23 4 27 13 46 34 11 28 54 64 29 19 53 44 62 63 39 50 46 27 6 10 19 9 32 43 33 7 20 54 30 47 32 25 5 30 41 70 29 18 51 15 19 40 42 40 32 40 9 31 23 0 34 17 2 42 14 14 47 40 30 13 47 38 67 56 30 46 36 23 10 33 33 41 54 23 21 21 19 46 41 38 34 24 94 68 54 60 82 81 50 27 37 67 77 43 9 28 62 83 53 32 41 69 97 73 60 65 85
54 12 10 39 15 72 25 38 13 65 3 23 63 58 23 68 21 33 8 25 78 24 29 60 77 45 61 31 27 34 34 90 17 76 22 25 34 31 16 26 44 20 66 31 50 28 14 22 64 54 38 14 8 45 26 32 26 33 52 26 18 62 53 71 26 54 15 34 0 18 34 30 41 36 71 45 57 32 16 25 44 85 18 64 22 31 36 6 49 64 64 12 14 55 44 18 9 6 63 51 64 35 28 52 84 59 24 12 46 81 67 40 33 56 86 84 64 61 75 100 106 91 88 98 118
37 25 27 46 8 60 8 21 24 48 20 20 49 42 7 58 15 17 11 10 62 23 14 44 65 52 44 20 38 35 46 75 26 62 32 19 17 15 5 8 34 30 49 15 33 39 17 32 47 38 21 18 25 56 21 18 36 18 35 28 28 50 41 55 9 41 11 17 18 0 17 31 26 22 58 38 41 18 31 26 54 69 19 54 24 20 20 17 37 52 56 7 6 38 29 31 25 22 48 35 79 52 41 55 82 68 35 13 39 73 69 36 17 41 74 81 55 44 58 84 99 80 72 81 101
21 39 43 60 23 55 10 5 40 31 36 31 35 30 12 49 22 2 27 14 46 35 9 28 52 65 30 17 54 46 62 65 38 49 47 28 8 11 19 10 34 42 33 6 21 54 29 48 31 27 5 29 40 71 31 20 52 16 20 41 41 39 31 39 9 29 22 2 34 17 0 43 13 12 45 42 32 11 47 39 68 57 29 44 37 25 11 32 35 40 56 23 21 22 21 47 40 37 32 25 95 68 53 58 80 82 50 26 35 65 79 44 10 26 61 85 55 34 41 69 99 75 61 65 85
59 42 36 18 25 52 37 48 19 70 32 13 78 51 38 89 45 44 28 29 87 9 44 69 95 23 58 51 21 5 27 76 47 91 16 15 38 33 34 35 27 49 73 44 47 19 41 16 72 48 46 42 34 32 13 27 17 30 52 5 48 80 72 81 37 71 38 42 30 31 43 0 55 52 88 21 48 48 26 6 27 74 45 85 9 21 37 35 33 82 39 32 33 57 39 21 36 35 75 44 58 45 56 81 112 40 17 37 70 104 39 12 35 69 103 54 40 52 79 110 78 69 76 96 123
20 43 49 71 33 64 19 9 49 27 43 43 23 36 20 37 23 12 35 26 37 46 13 20 40 77 33 14 64 57 72 71 40 37 57 40 20 24 26 21 46 44 26 12 28 65 32 58 24 34 13 33 47 81 42 32 62 28 24 52 43 26 18 30 19 17 27 14 41 26 13 55 0 6 33 54 40 10 56 50 79 61 30 32 48 37 23 38 46 28 67 30 28 23 31 56 46 43 22 34 104 75 55 52 69 93 60 31 26 53 91 56 22 15 49 97 66 40 37 59 110 84 66 63 78
25 37 43 67 29 66 15 10 45 33 37 40 28 39 15 38 18 11 31 24 43 43 9 26 44 73 38 9 60 55 67 74 34 41 53 38 19 23 21 18 46 39 32 9 31 60 26 54 29 36 14 27 41 77 40 30 58 27 28 49 37 29 20 36 15 20 21 14 36 22 12 52 6 0 37 53 42 5 51 47 75 65 25 34 45 35 23 33 46 31 68 25 23 27 32 51 41 37 27 36 99 70 49 48 68 90 56 25 24 54 89 54 22 20 53 96 66 43 42 64 111 86 70 69 84
39 69 77 104 65 89 52 41 81 34 72 76 12 59 52 15 50 45 66 59 24 79 45 27 8 109 52 41 96 90 103 87 64 7 89 73 52 56 57 53 77 67 29 44 54 96 59 90 26 58 44 59 75 113 75 64 94 60 47 85 66 10 18 20 51 17 56 47 71 58 45 88 33 37 0 85 64 41 86 83 111 76 55 13 81 70 54 67 75 7 96 61 59 42 59 87 74 71 17 60 134 103 75 56 54 126 92 60 31 29 124 89 54 20 16 127 94 63 37 35 137 107 80 62 61
51 56 53 34 33 32 40 45 37 61 47 22 74 37 42 90 52 43 40 31 79 22 46 62 92 38 44 55 41 18 47 56 60 88 36 20 34 31 42 36 10 63 65 45 35 39 52 37 65 35 42 53 50 50 19 23 37 26 42 24 62 80 72 75 39 70 47 40 45 38 42 21 54 53 85 0 32 50 45 23 44 55 56 85 25 18 32 48 15 80 20 41 41 48 28 41 52 50 70 31 77 66 72 92 119 54 38 48 75 106 40 10 32 66 100 44 21 36 68 102 62 49 57 81 110
26 66 67 64 42 26 37 33 56 33 59 40 53 6 41 73 52 33 50 33 51 43 40 38 70 68 14 49 66 47 74 35 67 64 59 37 26 27 45 35 23 71 38 37 12 65 57 60 40 7 28 58 64 79 37 26 63 24 18 48 69 61 55 49 36 52 50 30 57 41 32 48 40 42 64 32 0 42 65 47 74 29 58 68 47 29 23 58 17 60 35 48 46 22 13 62 65 62 47 7 105 87 81 89 108 85 62 53 65 90 71 41 25 46 77 67 32 5 38 73 74 45 32 49 79
27 34 40 63 25 65 12 11 41 36 33 36 32 40 11 41 14 9 27 21 46 40 5 30 48 69 39 7 56 51 63 75 31 45 49 34 18 20 17 15 44 35 35 6 31 56 23 50 33 37 14 23 37 73 37 28 54 25 29 45 34 33 24 40 12 24 17 13 32 18 11 48 10 5 41 50 42 0 47 43 71 67 21 37 41 33 22 29 45 35 66 21 19 29 31 47 37 33 31 36 95 66 46 48 70 86 52 22 25 57 85 51 20 24 57 94 65 44 46 68 109 85 71 72 88
67 23 14 28 25 76 38 51 10 78 16 26 78 67 37 83 37 47 21 36 92 24 43 74 93 32 71 46 13 29 18 97 30 91 11 29 46 42 31 38 48 30 80 45 60 15 29 11 78 63 51 29 14 30 29 40 14 42 63 22 29 77 69 86 39 70 31 47 16 31 47 26 56 51 86 45 65 47 0 22 30 93 33 80 21 37 47 21 54 80 64 26 28 67 53 5 17 18 78 60 49 23 34 64 98 44 12 27 61 96 57 37 44 71 102 78 65 69 88 115 103 93 96 110 132
56 36 31 21 19 54 32 43 14 67 26 8 73 50 33 84 39 39 22 25 83 5 39 65 90 27 56 46 20 10 28 77 41 87 14 12 34 30 29 30 27 44 70 39 44 19 36 14 69 47 42 36 29 34 10 24 16 27 49 3 43 75 67 77 32 66 33 38 25 26 39 6 50 47 83 23 47 43 22 0 30 74 40 79 3 19 34 29 34 77 43 26 27 54 37 18 31 30 71 42 60 43 51 76 106 44 16 32 65 99 44 16 32 65 99 60 43 51 76 106 82 71 76 94 120
85 53 44 11 47 75 60 73 32 96 44 38 102 78 60 110 64 68 46 54 113 34 67 95 118 8 85 72 18 27 14 100 59 115 23 41 64 59 55 59 53 59 99 68 74 16 58 23 98 75 71 58 44 6 40 54 18 57 79 28 59 103 94 107 61 95 57 67 44 54 68 27 79 75 111 44 74 71 30 30 0 99 62 107 32 48 63 49 59 105 58 51 53 84 66 27 46 47 100 71 33 35 62 94 127 15 20 55 89 124 32 35 62 94 127 59 60 79 106 136 87 88 101 123 150
43 93 95 89 71 30 64 57 84 42 87 68 66 28 67 88 78 58 78 60 56 71 66 51 81 93 28 73 93 73 101 12 94 74 87 64 53 55 73 62 48 98 48 62 37 92 84 88 51 32 53 85 92 104 65 54 89 53 38 75 96 77 73 57 62 69 77 56 85 69 57 74 61 65 76 55 29 67 93 74 99 0 85 83 74 57 50 86 41 75 48 75 74 39 41 90 93 90 60 35 131 115 109 113 127 109 89 81 87 104 90 65 53 62 85 76 45 25 41 71 72 38 5 33 67
48 14 22 57 23 78 21 31 31 57 18 35 49 58 18 51 8 28 18 28 66 38 20 50 62 62 58 17 45 49 51 92 10 61 39 36 33 32 15 24 52 15 56 24 49 46 5 40 53 54 33 5 21 62 38 37 44 36 48 41 13 46 38 59 23 40 9 30 18 19 29 45 30 25 55 56 58 21 33 40 62 85 0 48 37 39 36 13 56 49 74 15 15 50 46 35 19 17 50 52 80 48 25 37 67 77 42 9 29 63 83 53 33 43 71 98 74 61 66 87 117 98 89 92 108
43 61 69 99 61 93 48 40 75 42 65 72 18 63 47 6 44 43 61 57 35 76 41 33 16 105 58 35 90 88 97 94 55 19 84 71 51 55 52 51 77 58 36 42 57 91 51 85 33 61 44 52 68 108 73 63 89 60 51 82 57 7 14 30 48 16 50 46 64 54 44 85 32 34 13 85 68 37 80 79 107 83 48 0 77 68 54 60 77 10 98 56 54 47 61 81 66 64 24 63 127 95 65 44 44 121 87 53 21 23 122 87 54 23 24 128 96 67 46 47 140 112 88 73 73
54 34 29 23 17 55 30 42 12 66 24 7 71 50 30 82 37 37 20 23 82 4 37 64 88 29 55 43 20 13 28 77 39 85 13 11 33 28 26 28 28 41 68 37 44 19 33 14 67 46 40 34 27 35 10 23 17 26 49 5 40 73 65 76 30 64 30 36 22 24 37 9 48 45 81 25 47 41 21 3 32 74 37 77 0 18 33 27 34 75 44 24 25 53 36 17 29 27 69 42 60 42 49 73 104 46 16 29 62 96 47 18 31 63 97 62 45 51 75 105 85 73 77 94 119
38 42 40 38 17 42 22 29 27 49 33 12 59 32 24 73 35 26 25 13 66 15 29 49 77 44 37 37 38 22 46 61 44 72 31 8 18 14 25 19 14 48 53 27 26 37 36 32 52 28 26 37 38 52 9 6 35 10 31 21 46 63 55 61 21 54 30 23 31 20 25 21 37 35 70 18 29 33 37 19 48 57 39 68 18 0 17 33 19 64 36 25 24 37 18 34 39 36 56 24 78 59 58 75 101 61 34 32 57 89 54 20 16 50 85 62 35 33 58 90 79 61 59 76 102
22 44 46 54 22 44 15 14 38 34 39 26 43 23 18 59 30 13 29 12 50 30 19 33 61 59 25 28 51 39 59 57 44 57 44 22 4 5 23 12 24 49 37 16 14 51 35 45 36 19 11 36 43 67 24 11 48 7 17 36 47 49 41 45 13 39 28 10 36 20 11 37 23 23 54 32 23 22 47 34 63 50 36 54 33 17 0 36 24 49 45 26 24 21 11 45 44 40 40 16 92 69 59 68 91 77 47 31 46 76 70 36 3 35 69 75 44 26 43 74 88 64 54 63 87
53 9 11 44 17 74 23 36 18 63 6 27 59 58 21 63 17 32 9 26 75 28 26 58 73 50 60 27 32 39 38 91 13 72 27 28 34 32 14 25 47 16 63 29 50 33 9 27 61 54 37 9 9 50 30 33 31 34 51 30 14 57 49 68 25 51 12 33 6 17 32 35 38 33 67 48 58 29 21 29 49 86 13 60 27 33 36 0 52 60 67 11 12 54 45 23 9 5 59 51 68 38 25 47 79 64 29 8 41 76 72 44 33 52 82 88 67 61 73 96 110 94 89 97 116
38 60 59 48 35 23 36 38 45 48 52 29 64 22 39 82 51 36 43 28 66 31 42 51 82 53 30 51 53 32 60 44 62 77 47 26 28 25 42 33 7 66 52 39 23 52 54 47 53 21 34 54 56 64 25 19 49 21 30 35 65 71 64 62 35 61 47 33 49 37 35 33 46 46 75 15 17 45 54 34 59 41 56 77 34 19 24 52 0 71 22 43 42 35 16 51 58 55 59 17 90 76 76 91 114 69 49 49 70 99 55 24 26 56 89 53 20 22 54 88 65 43 43 66 96
35 62 70 97 59 86 46 36 74 33 65 70 9 56 45 14 44 39 60 53 26 73 39 24 14 103 50 34 89 84 97 85 57 13 83 67 46 51 51 48 72 61 27 38 50 90 52 83 24 54 39 53 69 107 69 59 88 55 43 79 60 4 12 21 45 11 49 41 64 52 40 82 28 31 7 80 60 35 80 77 105 75 49 10 75 64 49 60 71 0 92 55 53 39 55 81 67 64 15 56 128 97 69 51 53 120 86 53 26 30 118 83 49 15 23 123 90 60 37 40 133 104 79 64 65
59 76 72 49 52 19 56 59 56 67 66 42 85 40 59 103 70 57 59 48 85 42 62 71 103 51 48 71 59 36 64 45 79 98 55 40 49 46 60 53 23 83 72 60 43 57 71 55 74 40 55 72 70 64 38 39 55 41 50 43 81 92 85 83 55 82 66 54 64 56 56 39 67 68 96 20 35 66 64 43 58 48 74 98 44 36 45 67 22 92 0 60 60 56 38 60 72 70 80 37 90 84 91 110 135 64 56 67 91 120 42 28 46 77 110 32 3 38 72 107 44 30 48 78 111
43 19 21 45 9 65 13 26 20 54 14 21 53 48 11 60 14 22 6 16 67 23 18 49 68 50 50 21 35 35 43 81 20 66 29 21 23 21 5 15 38 24 55 20 39 36 12 29 52 44 27 12 18 53 23 24 34 24 41 28 23 52 44 60 15 44 7 23 12 7 23 32 30 25 61 41 48 21 26 26 51 75 15 56 24 25 26 11 43 55 60 0 2 44 35 26 19 15 52 41 74 46 34 52 81 66 32 7 39 74 70 38 23 45 77 83 60 51 64 89 103 85 79 87 107
41 20 23 46 9 64 11 24 22 52 16 22 51 46 9 58 13 20 8 14 65 24 16 47 66 52 49 20 37 36 44 80 21 64 30 22 22 20 3 13 38 25 53 18 38 38 12 31 51 43 25 13 20 55 24 23 35 23 39 29 23 51 42 58 13 43 7 21 14 6 21 33 28 23 59 41 46 19 28 27 53 74 15 54 25 24 24 12 42 53 60 2 0 42 34 28 20 17 50 40 76 48 36 51 80 68 33 8 38 72 71 39 22 43 75 84 59 49 62 87 103 84 77 86 105
4 60 64 74 42 47 31 20 59 13 57 47 31 17 34 52 42 23 48 32 31 50 30 16 49 80 12 35 72 59 80 49 59 43 65 43 22 26 40 30 38 64 18 26 13 72 50 66 19 16 17 51 62 88 45 31 69 28 6 57 62 40 35 28 29 31 44 21 55 38 22 57 23 27 42 48 22 29 67 54 84 39 50 47 53 37 21 54 35 39 56 44 42 0 21 66 62 58 26 19 113 89 74 74 89 97 68 47 48 69 88 54 24 24 55 87 53 21 22 54 95 66 44 44 66
23 53 54 56 30 34 25 23 44 33 47 30 48 14 28 66 40 22 37 20 52 33 29 35 66 61 19 38 56 39 64 47 54 61 49 26 14 14 33 22 18 58 38 26 9 55 45 50 38 11 18 45 52 70 27 14 52 12 15 39 56 55 48 47 23 45 38 19 44 29 21 39 31 32 59 28 13 31 53 37 66 41 46 61 36 18 11 45 16 55 38 35 34 21 0 51 52 49 44 7 96 76 69 78 99 78 52 41 56 83 68 34 13 40 74 68 36 17 41 74 80 55 44 58 85
66 26 18 24 24 72 38 51 8 77 18 22 78 65 37 85 38 47 21 34 92 20 43 74 94 29 69 47 10 25 17 94 33 92 7 26 44 41 31 37 45 33 79 45 58 11 31 7 77 61 51 31 17 28 26 38 10 40 62 18 33 78 70 85 39 70 32 46 18 31 47 21 56 51 87 41 62 47 5 18 27 90 35 81 17 34 45 23 51 81 60 26 28 66 51 0 20 20 77 57 48 26 38 68 101 42 8 29 63 98 53 33 43 71 103 74 61 67 87 114 98 89 93 108 131
61 7 4 43 23 80 31 44 18 71 6 31 67 66 29 69 24 40 16 33 83 31 34 66 80 48 68 34 29 41 34 98 13 79 25 33 41 39 22 33 53 14 71 37 57 31 15 26 69 62 45 15 3 46 34 40 29 41 59 32 13 64 56 76 33 58 20 41 9 25 40 36 46 41 74 52 65 37 17 31 46 93 19 66 29 39 44 9 58 67 72 19 20 62 52 20 0 4 67 59 62 30 20 48 82 61 27 16 47 81 71 47 41 60 89 90 72 68 81 104 113 99 96 105 124
58 7 7 43 20 77 28 40 18 68 4 28 64 62 25 67 21 36 12 30 79 29 31 62 77 48 65 31 29 39 35 95 13 76 25 30 38 36 19 29 50 15 68 34 54 31 13 26 66 59 42 12 5 47 32 37 30 38 56 31 14 62 53 73 29 55 17 38 6 22 37 35 43 37 71 50 62 33 18 30 47 90 17 64 27 36 40 5 55 64 70 15 17 58 49 20 4 0 64 56 64 33 22 48 81 61 28 12 45 79 71 45 38 57 86 89 70 65 78 101 111 96 93 102 120
22 63 70 92 54 72 40 28 71 18 64 63 7 42 41 29 44 32 57 46 17 67 35 10 24 97 36 34 85 77 93 71 60 18 78 60 38 42 47 41 61 63 13 33 38 86 53 79 9 41 30 53 68 103 62 50 83 46 31 73 62 18 17 10 40 13 48 34 63 48 32 75 22 27 17 70 47 31 78 71 100 60 50 24 69 56 40 59 59 15 80 52 50 26 44 77 67 64 0 44 125 97 73 61 68 114 82 52 34 45 109 75 40 8 31 112 78 46 23 38 121 90 64 51 58
22 59 61 61 36 31 31 26 51 31 53 36 49 8 34 68 46 27 44 26 50 39 34 35 67 66 14 42 62 44 70 41 60 61 55 32 20 21 39 28 21 64 36 31 7 61 51 56 37 5 22 51 58 75 33 20 58 19 14 44 63 57 50 46 29 47 44 24 51 35 25 44 34 36 60 31 7 36 60 42 71 35 52 63 42 24 16 51 17 56 37 41 40 19 7 57 59 56 44 0 102 82 75 83 103 83 58 47 59 85 71 38 19 41 74 69 35 10 38 72 78 50 38 53 81
114 68 59 43 72 107 86 99 55 125 63 67 126 109 85 130 85 94 69 82 140 63 91 122 141 40 115 94 41 59 33 132 74 139 48 71 92 88 79 85 84 72 127 93 104 41 76 48 125 106 98 76 60 27 70 83 44 86 108 58 73 125 117 133 87 118 79 94 64 79 95 58 104 99 134 77 105 95 49 60 33 131 80 127 60 78 92 68 90 128 90 74 76 113 96 48 62 64 125 102 0 35 70 104 139 29 45 75 108 142 57 67 90 119 150 86 92 110 134 162 114 119 133 153 178
89 35 27 39 47 97 59 72 32 99 33 48 96 90 57 98 54 68 42 58 112 46 63 95 109 41 94 64 26 48 23 119 41 109 30 51 68 64 51 60 70 38 100 66 82 28 45 30 98 86 73 45 29 31 51 62 30 64 85 42 39 94 86 105 60 87 49 68 35 52 68 45 75 70 103 66 87 66 23 43 35 115 48 95 42 59 69 38 76 97 84 46 48 89 76 26 30 33 97 82 35 0 35 70 104 45 29 45 75 108 67 57 66 89 118 92 85 92 109 134 119 113 118 132 153
72 17 21 61 41 99 45 55 38 81 26 50 71 81 42 67 32 52 34 49 89 51 45 74 81 65 82 41 45 60 49 115 16 81 44 52 56 55 37 47 71 11 80 48 72 48 25 44 77 77 58 24 22 60 54 58 47 58 73 52 13 66 59 82 47 62 32 54 28 41 53 56 55 49 75 72 81 46 34 51 62 109 25 65 49 58 59 25 76 69 91 34 36 74 69 38 20 22 73 75 70 35 0 35 70 75 45 28 45 75 90 66 56 66 89 110 92 84 91 109 133 118 112 117 131
71 42 51 91 60 112 55 57 65 76 51 72 57 87 52 43 40 57 54 63 76 74 50 67 59 96 85 41 77 85 81 122 36 62 73 72 64 66 51 58 88 35 72 53 78 79 41 73 69 84 61 40 51 93 74 72 77 70 75 77 36 47 45 70 56 49 45 60 52 55 58 81 52 48 56 92 89 48 64 76 94 113 37 44 73 75 68 47 91 51 110 52 51 74 78 68 48 48 61 83 104 70 35 0 35 108 75 45 28 45 119 89 66 56 66 134 109 91 84 90 153 132 117 111 116
85 75 84 123 88 133 80 77 97 85 84 101 62 105 77 40 68 78 85 89 78 104 73 76 53 128 100 64 110 116 115 137 69 59 105 101 87 90 79 83 113 69 80 75 97 112 71 106 77 102 81 71 84 127 103 97 110 94 92 108 69 51 54 73 81 58 74 82 84 82 80 112 69 68 54 119 108 70 98 106 127 127 67 44 104 101 91 79 114 53 135 81 80 89 99 101 82 81 68 103 139 104 70 35 0 142 108 75 45 28 150 118 89 66 55 162 134 109 90 83 178 153 131 116 110
99 67 58 23 61 82 75 87 47 110 59 52 116 90 75 125 79 83 61 68 127 48 82 109 133 18 97 87 33 39 27 108 73 130 38 55 78 73 70 73 63 74 113 82 86 31 72 37 112 87 85 72 58 16 53 67 33 70 92 42 73 118 109 121 75 109 72 81 59 68 82 40 93 90 126 54 85 86 44 44 15 109 77 121 46 61 77 64 69 120 64 66 68 97 78 42 61 61 114 83 29 45 75 108 142 0 35 70 104 139 29 45 75 108 142 57 67 90 119 150 86 92 110 134 162
69 34 25 16 28 69 42 55 12 80 25 22 83 65 41 91 44 50 27 37 95 19 48 77 99 21 70 53 5 20 13 92 40 97 4 26 47 43 36 41 43 41 82 49 59 5 38 3 81 62 54 38 25 22 26 38 3 41 64 15 40 84 75 89 43 75 38 50 24 35 50 17 60 56 92 38 62 52 12 16 20 89 42 87 16 34 47 29 49 86 56 32 33 68 52 8 27 28 82 58 45 29 45 75 108 35 0 35 70 104 45 29 45 75 108 67 57 66 89 118 92 85 92 109 134
46 13 19 49 15 72 17 29 24 56 13 28 52 53 14 56 10 25 10 22 68 30 19 51 66 55 55 19 38 41 45 87 14 65 32 28 28 27 9 19 45 18 56 22 45 39 5 33 54 49 31 5 16 56 30 30 37 30 45 33 16 50 42 61 19 43 5 27 12 13 26 37 31 25 60 48 53 22 27 32 55 81 9 53 29 32 31 8 49 53 67 7 8 47 41 29 16 12 52 47 75 45 28 45 75 70 35 0 35 70 75 45 28 45 75 90 66 56 66 89 110 92 84 91 109
44 41 50 83 46 89 36 33 58 48 46 59 30 62 34 23 26 34 44 45 49 62 29 39 36 89 59 20 72 74 79 96 35 38 67 58 43 45 36 39 69 38 45 31 54 74 33 67 41 59 38 33 49 90 60 53 72 50 50 67 37 22 17 43 37 21 33 37 46 39 35 70 26 24 31 75 65 25 61 65 89 87 29 21 62 57 46 41 70 26 91 39 38 48 56 63 47 45 34 59 108 75 45 28 45 104 70 35 0 35 108 75 45 28 45 119 89 66 56 66 134 109 91 84 90
65 75 84 118 80 115 68 62 93 62 81 92 39 85 67 17 61 64 79 77 52 95 61 54 26 124 80 54 107 107 114 115 68 33 101 91 73 76 70 71 99 70 57 62 79 108 67 102 54 84 66 67 83 125 93 84 106 81 73 101 70 29 36 49 69 38 67 67 81 73 65 104 53 54 29 106 90 57 96 99 124 104 63 23 96 89 76 76 99 30 120 74 72 69 83 98 81 79 45 85 142 108 75 45 28 139 104 70 35 0 142 108 75 45 28 150 118 89 66 55 162 134 109 90 83
90 78 70 30 62 61 74 83 54 101 68 50 113 76 75 126 83 80 66 66 119 47 81 102 131 26 84 89 45 35 45 87 83 126 47 52 72 68 72 71 50 85 105 81 75 43 79 47 105 75 80 79 69 37 49 60 43 64 82 42 84 117 108 114 74 107 76 77 67 69 79 39 91 89 124 40 71 85 57 44 32 90 83 122 47 54 70 72 55 118 42 70 71 88 68 53 71 71 109 71 57 67 90 119 150 29 45 75 108 142 0 35 70 104 139 29 45 75 108 142 57 67 90 119 150
56 51 46 24 31 41 40 48 30 67 42 18 78 45 42 92 51 45 36 31 85 16 47 68 96 29 52 55 32 9 38 66 56 92 27 18 38 33 40 37 19 59 71 46 42 30 49 28 71 43 45 50 45 40 16 26 28 29 49 16 57 82 74 80 40 73 45 43 40 36 44 12 56 54 89 10 41 51 37 16 35 65 53 87 18 20 36 44 24 83 28 38 39 54 34 33 47 45 75 38 67 57 66 89 118 45 29 45 75 108 35 0 35 70 104 45 29 45 75 108 67 57 66 89 118
24 41 43 52 20 46 12 14 36 35 36 24 44 25 16 59 27 12 26 9 52 28 17 34 61 58 28 26 49 37 57 60 42 57 42 21 3 3 20 10 24 46 38 14 17 49 32 43 37 22 11 33 40 65 23 10 46 7 19 34 44 48 40 46 11 39 25 9 33 17 10 35 22 22 54 32 25 20 44 32 62 53 33 54 31 16 3 33 26 49 46 23 22 24 13 43 41 38 40 19 90 66 56 66 89 75 45 28 45 75 70 35 0 35 70 75 45 28 45 75 90 66 56 66 89
21 56 63 85 48 71 34 22 64 21 57 57 9 41 34 28 36 26 50 40 24 61 28 12 27 91 35 26 79 71 87 72 52 23 72 54 33 37 41 35 57 56 17 26 35 79 45 73 13 39 25 46 61 96 56 45 77 41 29 67 55 16 12 17 33 8 41 28 56 41 26 69 15 20 20 66 46 24 71 65 94 62 43 23 63 50 35 52 56 15 77 45 43 24 40 71 60 57 8 41 119 89 66 56 66 108 75 45 28 45 104 70 35 0 35 108 75 45 28 45 119 89 66 56 66
52 84 92 119 81 101 67 57 96 45 87 91 27 72 67 23 66 60 82 75 30 95 61 40 9 125 64 56 111 106 119 96 79 13 105 89 67 71 73 69 91 81 39 60 68 112 74 106 37 71 59 74 90 129 91 79 110 76 61 101 80 25 34 29 67 33 71 62 86 74 61 103 49 53 16 100 77 57 102 99 127 85 71 24 97 85 69 82 89 23 110 77 75 55 74 103 89 86 31 74 150 118 89 66 55 142 108 75 45 28 139 104 70 35 0 142 108 75 45 28 150 118 89 66 55
91 96 89 53 75 47 83 89 72 99 86 63 116 72 85 133 95 86 81 74 117 61 90 103 134 52 80 99 68 50 70 70 100 129 67 63 78 74 85 80 52 103 104 88 75 66 94 68 105 72 85 95 88 65 60 66 65 69 82 59 102 123 115 114 82 113 90 83 84 81 85 54 97 96 127 44 67 94 78 60 59 76 98 128 62 62 75 88 53 123 32 83 84 87 68 74 90 89 112 69 86 92 110 134 162 57 67 90 119 150 29 45 75 108 142 0 35 70 104 139 29 45 75 108 142
57 76 73 50 52 16 55 57 57 65 67 42 83 38 58 102 69 56 59 47 83 42 61 69 101 53 46 70 60 37 66 42 79 95 56 40 47 45 59 52 22 83 70 59 41 58 71 56 71 38 53 71 70 66 38 38 56 40 48 44 81 90 83 80 54 81 65 53 64 55 55 40 66 66 94 21 32 65 65 43 60 45 74 96 45 35 44 67 20 90 3 60 59 53 36 61 72 70 78 35 92 85 92 109 134 67 57 66 89 118 45 29 45 75 108 35 0 35 70 104 45 29 45 75 108
25 69 70 68 46 27 40 34 60 31 63 45 52 5 43 72 54 35 53 36 49 48 43 36 69 73 11 50 70 52 78 32 69 63 64 41 29 30 48 38 27 74 36 39 13 70 60 65 38 8 30 61 68 83 41 30 67 28 17 53 72 61 55 47 38 52 53 32 61 44 34 52 40 43 63 36 5 44 69 51 79 25 61 67 51 33 26 61 22 60 38 51 49 21 17 67 68 65 46 10 110 92 84 91 109 90 66 56 66 89 75 45 28 45 75 70 35 0 35 70 75 45 28 45 75
21 79 84 96 63 60 51 38 80 10 77 68 29 33 53 51 59 42 68 53 16 72 48 18 41 101 25 50 93 80 102 52 76 34 86 65 43 47 59 50 58 80 12 45 33 93 68 87 15 34 37 68 81 109 66 53 91 49 27 78 79 40 40 18 49 35 62 41 75 58 41 79 37 42 37 68 38 46 88 76 106 41 66 46 75 58 43 73 54 37 72 64 62 22 41 87 81 78 23 38 134 109 91 84 90 119 89 66 56 66 108 75 45 28 45 104 70 35 0 35 108 75 45 28 45
52 100 107 127 91 94 77 64 107 42 101 99 38 67 78 48 81 69 94 82 24 102 72 42 32 132 59 71 122 112 130 82 96 29 115 95 73 77 85 78 92 100 38 70 67 122 89 116 38 68 65 90 105 139 97 84 120 80 60 109 98 44 50 30 76 48 85 69 100 84 69 110 59 64 35 102 73 68 115 106 136 71 87 47 105 90 74 96 88 40 107 89 87 54 74 114 104 101 38 72 162 134 109 90 83 150 118 89 66 55 142 108 75 45 28 139 104 70 35 0 142 108 75 45 28
99 118 113 80 95 49 100 102 96 105 108 84 126 79 103 145 114 101 101 91 123 83 106 111 144 80 86 115 94 74 97 63 122 137 92 82 92 89 103 97 66 125 111 104 84 92 114 92 113 80 98 115 111 92 81 82 91 85 91 82 123 134 127 121 99 125 109 97 106 99 99 78 110 111 137 62 74 109 103 82 87 72 117 140 85 79 88 110 65 133 44 103 103 95 80 98 113 111 121 78 114 119 133 153 178 86 92 110 134 162 57 67 90 119 150 29 45 75 108 142 0 35 70 104 139
69 102 100 78 78 21 78 76 84 74 93 69 96 49 81 117 93 76 85 71 90 70 83 81 113 80 55 92 88 65 94 29 105 106 84 67 68 67 84 75 47 109 79 80 56 86 96 84 82 51 72 96 97 93 66 62 84 63 62 72 107 105 100 90 76 96 90 73 91 80 75 69 84 86 107 49 45 85 93 71 88 38 98 112 73 61 64 94 43 104 30 85 84 66 55 89 99 96 90 50 119 113 118 132 153 92 85 92 109 134 67 57 66 89 118 45 29 45 75 108 35 0 35 70 104
47 97 98 90 74 30 68 61 86 47 91 71 71 32 71 93 82 62 81 64 60 73 70 55 85 94 33 77 95 74 103 8 97 78 89 67 57 58 76 65 50 102 52 66 41 94 88 90 56 35 57 89 95 106 67 57 92 56 42 78 100 81 78 61 66 74 81 60 88 72 61 76 66 70 80 57 32 71 96 76 101 5 89 88 77 59 54 89 43 79 48 79 77 44 44 93 96 93 64 38 133 118 112 117 131 110 92 84 91 109 90 66 56 66 89 75 45 28 45 75 70 35 0 35 70
45 104 108 113 85 61 75 63 101 37 101 87 56 45 77 77 85 66 91 75 38 91 73 45 65 117 39 77 113 96 121 42 102 58 106 84 65 68 83 73 71 106 39 69 51 113 93 107 43 48 61 94 105 127 84 71 110 69 47 96 105 67 67 43 73 63 87 65 98 81 65 96 63 69 62 81 49 72 110 94 123 33 92 73 94 76 63 97 66 64 78 87 86 44 58 108 105 102 51 53 153 132 117 111 116 134 109 91 84 90 119 89 66 56 66 108 75 45 28 45 104 70 35 0 35
65 121 127 140 107 95 94 81 124 54 120 112 61 74 96 75 101 85 112 97 42 116 90 59 59 145 67 91 138 124 146 76 117 55 130 109 87 91 103 94 101 121 53 88 77 138 110 131 55 76 81 110 124 153 110 97 135 93 71 122 120 69 74 49 93 70 104 85 118 101 85 123 78 84 61 110 79 88 132 120 150 67 108 73 119 102 87 116 96 65 111 107 105 66 85 131 124 120 58 81 178 153 131 116 110 162 134 109 90 83 150 118 89 66 55 142 108 75 45 28 139 104 70 35 0
