0 68 50 24 13 35 45 37 16 16 94 53 70 49 33 86 35 68 51 37 37 89 4 34 65 9 43 56 16 73 42 97 29 46 11 34 83 45 41 78 15 28 26 73 66 112 27 48 88 11 15 75 68 28 56 68 49 23 41 11 92 71 6 48 83 93 38 66 63 45 87 67 9 28 65 13 26 51 9 78 20 80 6 25 6 26 78 108 50 98 18 54 43 80 62 96 37 52 99 26 132 101 74 55 56 123 90 57 30 31 121 86 52 17 19 125 91 60 35 36 134 104 78 61 61
68 0 18 89 67 47 26 37 71 84 48 17 18 21 35 24 38 57 17 41 46 46 65 39 40 59 35 38 52 55 33 51 96 24 59 100 34 29 30 60 53 40 42 59 22 64 41 22 33 58 72 10 3 44 40 45 22 47 28 78 46 52 65 21 16 35 42 58 8 26 48 42 76 41 33 80 43 30 62 52 51 37 62 47 63 92 34 55 21 57 50 19 27 47 14 45 32 17 48 46 89 73 71 85 109 69 46 44 64 94 57 24 20 51 85 57 26 21 52 86 70 48 46 66 94
50 18 0 72 50 33 11 22 54 66 56 6 25 6 17 39 22 52 3 26 32 52 48 23 37 42 22 31 35 53 20 59 78 9 42 83 42 16 14 57 36 23 25 55 25 73 24 6 44 40 55 26 19 27 33 42 9 30 10 60 53 50 48 3 33 48 28 52 15 11 53 40 58 23 32 62 25 21 44 52 34 42 45 31 46 74 39 66 10 63 32 13 11 49 16 55 14 5 58 29 97 75 65 72 93 81 53 37 49 76 73 39 9 34 68 75 42 20 38 70 87 61 48 58 82
24 89 72 0 32 57 64 60 33 10 108 74 89 69 55 105 53 77 72 53 51 103 25 53 79 32 61 70 38 95 65 111 10 66 30 25 99 63 63 88 37 51 48 82 84 126 48 68 105 34 30 96 90 47 70 81 69 47 62 15 107 93 25 69 104 111 54 74 85 64 100 80 15 49 81 12 48 68 32 101 43 96 28 48 27 19 94 124 73 111 41 77 65 93 81 112 58 74 114 49 144 111 79 51 38 139 104 70 36 10 140 105 71 39 18 146 113 83 57 45 157 127 101 81 73
13 67 50 32 0 27 47 32 5 23 99 54 73 50 34 88 40 77 52 43 45 95 15 40 72 14 49 63 21 64 38 102 35 48 20 34 87 49 39 87 19 28 28 82 70 117 30 49 91 13 6 76 68 34 63 75 51 20 41 18 97 62 17 48 83 96 45 75 62 47 93 74 18 29 71 20 26 56 9 70 17 85 15 21 16 26 83 113 48 104 20 52 41 87 64 101 38 51 103 22 139 109 84 68 67 128 95 65 42 41 122 88 54 21 20 123 89 56 26 25 131 99 70 49 49
35 47 33 57 27 0 36 11 29 49 87 38 57 35 24 70 35 76 35 41 45 84 34 36 65 28 43 57 27 39 14 91 61 35 33 59 74 39 19 84 26 19 23 80 56 105 25 35 76 26 31 56 46 33 58 69 37 14 27 43 85 37 36 32 62 79 44 75 40 36 84 67 43 22 62 46 19 47 26 44 16 73 32 12 34 52 71 99 26 94 23 28 22 79 48 87 26 31 90 12 129 104 86 81 89 113 84 61 53 65 103 70 40 25 46 100 65 31 6 40 105 72 44 32 50
45 26 11 64 47 36 0 26 51 60 53 10 26 7 14 42 12 43 10 16 21 49 42 13 30 37 11 23 29 62 26 57 72 3 35 78 40 5 19 50 30 20 20 47 23 71 18 6 44 36 52 32 28 18 24 35 5 29 9 55 51 59 41 9 40 49 17 43 25 0 49 32 52 19 26 56 23 13 40 62 32 39 39 30 40 70 37 66 19 60 28 23 16 43 18 54 11 16 57 29 94 69 55 61 83 81 50 28 39 68 77 42 7 28 63 82 51 31 41 69 96 72 58 64 85
37 37 22 60 32 11 26 0 35 52 77 28 47 25 16 60 27 67 25 33 38 74 35 28 55 29 34 48 25 42 6 81 65 25 32 66 64 30 9 75 25 13 17 71 46 95 19 25 66 27 37 47 37 27 49 60 27 14 17 46 75 39 37 22 53 69 36 66 31 26 74 58 45 16 52 49 14 38 29 45 17 63 32 13 34 58 61 88 17 84 21 20 12 69 38 77 17 21 80 11 119 94 78 76 89 103 74 52 49 67 93 60 29 23 52 92 58 24 16 49 99 68 43 39 60
16 71 54 33 5 29 51 35 0 23 103 58 77 54 38 92 44 82 56 48 49 99 18 44 76 18 53 67 25 64 41 107 34 52 24 31 91 53 42 91 23 32 32 86 74 122 34 53 95 18 3 80 71 38 67 79 55 24 45 18 102 62 21 52 87 100 50 79 65 51 97 78 20 33 75 21 29 60 13 71 21 89 19 24 20 24 87 117 51 108 25 55 45 91 68 105 42 55 108 25 143 114 88 71 69 132 99 69 46 42 126 92 58 25 18 127 92 59 27 21 133 101 71 49 45
16 84 66 10 23 49 60 52 23 0 107 69 85 64 49 101 50 78 67 51 49 102 19 49 78 25 58 69 32 86 58 110 13 62 25 21 97 60 57 88 31 44 42 83 81 125 43 63 102 27 21 91 84 42 68 80 64 39 56 6 106 84 19 63 99 108 52 76 79 60 99 79 8 43 79 4 42 65 24 92 36 94 22 40 21 13 92 122 66 110 34 70 59 93 77 110 52 68 112 42 144 112 81 57 47 137 103 69 37 20 136 101 67 33 9 140 107 76 48 36 150 120 92 71 64
94 48 56 108 99 87 53 77 103 107 0 50 32 53 66 29 60 38 53 57 58 6 90 60 30 87 51 39 79 103 75 4 117 53 83 127 15 51 69 31 81 73 72 36 32 19 70 53 17 86 104 40 50 66 39 29 51 82 61 103 3 100 89 56 42 21 56 41 55 53 10 29 99 71 29 103 75 43 91 99 84 14 88 83 88 118 17 17 64 10 79 65 66 17 40 8 63 58 8 82 42 29 48 79 112 31 5 39 74 108 42 29 48 79 112 65 57 69 93 122 91 85 93 112 137
53 17 6 74 54 38 10 28 58 69 50 0 20 5 20 34 22 48 4 25 30 47 50 23 32 45 20 27 37 58 25 53 81 8 44 86 36 13 19 52 38 26 28 51 19 68 26 6 39 43 59 23 18 28 29 37 6 35 13 63 48 55 50 7 31 43 26 47 16 10 47 34 61 26 27 65 29 17 47 57 38 36 47 35 48 77 34 61 15 58 35 18 16 43 11 50 17 10 53 34 92 70 61 70 93 76 47 33 48 78 69 34 5 36 71 73 42 24 43 75 86 62 52 63 87
70 18 25 89 73 57 26 47 77 85 32 20 0 24 39 17 36 42 23 37 40 29 67 37 24 63 29 26 55 72 44 35 97 25 60 104 17 26 39 43 56 45 46 43 7 49 44 24 19 61 78 14 20 43 28 29 22 54 33 80 29 69 67 26 20 24 37 43 24 26 31 26 77 45 18 82 48 22 66 69 57 19 65 55 65 95 16 42 33 40 54 33 36 29 10 30 36 27 33 53 73 55 56 75 102 56 29 31 59 92 51 17 20 54 89 60 36 38 63 94 79 63 63 81 107
49 21 6 69 50 35 7 25 54 64 53 5 24 0 16 38 18 47 4 22 27 49 46 19 33 40 17 27 33 58 23 56 76 4 39 82 40 11 16 53 34 22 23 51 22 71 22 1 42 39 55 27 22 24 28 38 4 31 9 59 51 54 46 4 35 47 23 47 19 7 50 35 56 22 28 61 25 16 43 57 34 39 43 31 44 73 36 65 14 60 31 18 14 45 15 53 13 10 56 30 95 71 60 67 89 80 50 32 45 73 73 39 5 32 67 77 46 25 40 71 90 65 53 61 84
33 35 17 55 34 24 14 16 38 49 66 20 39 16 0 54 12 53 18 18 23 62 31 13 42 25 20 33 18 56 18 70 62 14 25 66 54 16 12 60 19 7 8 57 36 85 7 15 57 23 39 43 36 13 35 46 17 16 8 43 65 53 31 15 50 62 21 51 31 14 62 44 41 6 39 45 9 25 28 58 19 52 28 17 29 58 50 79 19 73 16 24 12 56 30 68 4 20 70 16 107 81 63 62 78 94 63 38 36 60 89 54 20 17 51 92 59 31 29 56 103 75 56 54 72
86 24 39 105 88 70 42 60 92 101 29 34 17 38 54 0 52 53 37 53 56 29 83 53 36 78 46 41 70 77 56 31 113 40 76 119 17 42 52 51 72 60 61 53 22 41 60 39 12 77 93 15 26 59 42 40 37 68 47 96 26 74 83 40 14 11 53 55 32 42 33 38 93 60 30 98 63 38 81 73 72 23 80 69 81 111 21 32 44 38 69 43 49 35 25 24 50 39 26 67 67 57 66 89 118 45 28 45 75 108 35 1 35 70 104 46 29 45 75 108 67 57 67 90 118
35 38 22 53 40 35 12 27 44 50 60 22 36 18 12 52 0 42 21 7 12 55 32 2 33 28 10 24 20 67 29 63 61 14 25 69 48 11 22 50 22 16 14 46 32 78 12 17 53 27 45 43 39 8 25 36 17 24 15 45 58 64 31 19 51 59 9 40 36 12 54 35 42 14 32 46 18 17 32 69 26 46 29 26 30 60 44 74 27 65 20 32 22 48 28 62 12 25 65 25 100 71 52 52 72 89 56 27 28 57 87 52 19 20 53 93 63 39 40 63 107 82 66 66 82
68 57 52 77 77 76 43 67 82 78 38 48 42 47 53 53 42 0 50 36 33 34 65 41 18 64 34 21 57 104 68 40 86 45 58 99 38 39 61 11 59 57 55 5 37 53 53 47 45 64 81 55 60 46 20 14 44 65 52 75 39 101 63 51 62 52 34 3 61 43 29 16 72 55 25 75 59 32 69 104 67 32 64 67 63 91 33 55 61 37 59 65 59 22 44 45 51 57 46 67 67 34 14 41 75 68 35 16 42 75 79 53 44 58 85 97 78 71 81 102 120 104 99 106 123
51 17 3 72 52 35 10 25 56 67 53 4 23 4 18 37 21 50 0 25 31 50 49 23 35 43 21 29 36 55 22 57 79 8 42 84 39 14 16 55 37 24 26 53 22 71 25 5 42 41 57 25 18 27 31 40 7 32 11 61 51 52 49 4 32 46 27 50 15 10 50 37 59 24 30 63 27 19 45 54 36 40 46 33 47 75 37 64 12 61 34 15 13 46 14 53 15 7 56 31 95 73 63 71 93 79 50 35 48 77 71 37 7 35 69 74 42 22 40 72 87 62 50 60 84
37 41 26 53 43 41 16 33 48 51 57 25 37 22 18 53 7 36 25 0 6 53 34 6 29 31 8 20 23 74 35 60 62 18 26 70 47 12 29 45 25 22 20 41 31 75 17 21 52 30 48 45 43 11 20 32 20 30 20 46 56 70 33 23 53 58 3 34 40 16 50 31 43 19 29 47 23 15 35 75 31 44 32 32 32 62 42 72 33 62 24 37 28 44 30 60 18 30 62 31 96 67 46 47 68 87 53 22 24 56 87 53 21 23 55 95 66 45 46 68 111 87 72 72 87
37 46 32 51 45 45 21 38 49 49 58 30 40 27 23 56 12 33 31 6 0 53 34 10 29 32 12 20 24 79 40 61 60 24 26 69 49 17 34 43 26 26 23 38 35 76 21 26 55 32 49 50 48 13 20 32 25 33 26 45 57 76 32 29 58 61 4 32 45 21 51 31 42 23 30 46 27 19 36 80 34 45 32 35 31 61 44 74 38 62 26 43 33 44 34 62 23 36 64 35 96 65 42 41 64 88 54 21 19 52 90 56 26 25 55 100 71 50 49 69 116 92 77 76 90
89 46 52 103 95 84 49 74 99 102 6 47 29 49 62 29 55 34 50 53 53 0 86 56 25 83 46 34 75 101 72 8 112 50 78 122 13 47 65 27 76 69 68 31 28 23 66 50 18 82 99 39 49 62 34 24 47 78 58 98 6 98 84 53 42 23 51 36 53 49 6 24 95 67 24 99 71 39 87 98 80 11 84 79 84 114 14 22 61 11 75 62 62 12 37 12 59 55 13 78 46 28 44 74 107 36 2 34 69 103 46 29 45 75 107 68 57 66 89 118 93 86 92 109 133
4 65 48 25 15 34 42 35 18 19 90 50 67 46 31 83 32 65 49 34 34 86 0 31 62 7 40 53 14 73 41 94 31 43 8 37 80 42 39 75 12 26 24 70 63 109 24 45 85 9 17 73 66 25 53 65 46 22 38 13 89 70 3 45 80 90 35 63 61 42 84 64 11 25 62 15 24 48 9 78 19 77 4 24 3 28 75 105 48 95 16 52 41 77 59 93 34 50 96 25 129 98 71 54 56 120 87 54 28 32 118 83 49 15 22 122 89 58 35 38 132 103 77 61 63
34 39 23 53 40 36 13 28 44 49 60 23 37 19 13 53 2 41 23 6 10 56 31 0 33 28 10 24 20 69 30 63 61 16 24 68 49 11 24 49 21 17 15 45 33 78 12 18 54 27 44 44 40 7 24 36 18 25 16 44 59 66 30 20 52 60 8 40 37 13 54 35 41 14 32 45 18 17 32 70 27 46 29 27 29 59 44 75 29 65 20 33 23 48 29 62 13 27 65 26 100 71 51 51 70 89 56 27 26 56 88 53 20 20 53 95 64 41 40 63 109 83 67 67 82
65 40 37 79 72 65 30 55 76 78 30 32 24 33 42 36 33 18 35 29 29 25 62 33 0 59 24 10 51 89 55 33 88 31 55 98 23 26 48 21 53 48 46 20 19 48 44 32 31 59 76 38 42 39 10 6 29 56 39 74 29 86 61 36 44 37 27 19 44 30 22 3 71 46 7 75 50 18 64 88 59 18 60 58 60 90 18 46 46 33 52 49 45 15 26 34 40 41 36 57 67 40 32 54 85 60 26 10 45 79 66 37 28 52 83 81 60 55 70 96 103 87 83 93 114
9 59 42 32 14 28 37 29 18 25 87 45 63 40 25 78 28 64 43 31 32 83 7 28 59 0 37 50 9 67 34 90 37 38 8 42 76 37 32 74 7 20 18 69 59 105 19 40 80 3 18 67 60 21 50 62 41 15 32 19 86 64 9 39 75 86 33 62 55 37 81 61 17 19 59 21 17 44 5 72 13 73 4 17 6 33 71 102 42 92 10 46 34 74 54 89 28 44 92 18 126 96 71 57 62 116 83 52 30 39 113 78 44 9 27 116 83 52 29 38 126 96 71 56 61
43 35 22 61 49 43 11 34 53 58 51 20 29 17 20 46 10 34 21 8 12 46 40 10 24 37 0 15 29 72 35 54 69 14 33 77 40 7 28 41 31 25 23 38 24 69 21 16 45 36 54 39 37 16 16 27 15 33 19 53 49 69 39 20 47 51 8 33 35 11 44 26 50 23 22 54 27 8 41 73 36 37 38 35 38 68 35 66 30 56 29 34 26 38 23 53 18 27 56 34 90 62 45 51 75 80 47 19 31 63 80 46 16 29 62 89 60 42 48 73 105 82 69 73 91
56 38 31 70 63 57 23 48 67 69 39 27 26 27 33 41 24 21 29 20 20 34 53 24 10 50 15 0 42 84 48 42 79 25 45 89 30 19 41 28 44 39 37 25 20 57 35 26 37 50 67 38 41 30 3 13 23 48 31 65 38 80 51 30 46 44 18 21 41 23 31 12 61 37 11 65 41 11 54 83 50 26 51 49 51 80 25 55 40 42 43 44 38 25 24 42 31 36 45 48 77 48 34 49 78 69 35 6 37 71 72 41 23 42 74 85 61 51 62 87 105 86 79 86 105
16 52 35 38 21 27 29 25 25 32 79 37 55 33 18 70 20 57 36 23 24 75 14 20 51 9 29 42 0 65 30 82 44 30 8 50 68 29 27 67 2 14 11 62 51 97 11 32 72 8 25 60 53 13 43 55 33 13 25 26 78 63 14 32 67 78 25 55 48 29 73 53 24 12 51 28 12 36 13 69 12 65 11 16 12 41 63 93 36 84 4 40 28 66 46 81 21 37 84 16 118 89 65 54 64 108 75 45 27 43 105 70 36 2 34 109 76 46 30 45 120 91 68 57 67
73 55 53 95 64 39 62 42 64 86 103 58 72 58 56 77 67 104 55 74 79 101 73 69 89 67 72 84 65 0 39 106 98 60 72 92 89 66 45 110 65 55 59 108 74 118 60 58 87 64 66 63 53 68 85 94 61 53 54 81 100 4 75 54 65 88 76 104 48 62 102 92 81 58 84 84 55 73 65 9 55 91 70 50 72 87 88 109 44 112 61 41 47 100 65 100 56 49 102 50 143 126 117 117 128 121 101 89 90 104 103 77 62 64 82 89 58 35 39 65 83 48 14 22 57
42 33 20 65 38 14 26 6 41 58 75 25 44 23 18 56 29 68 22 35 40 72 41 30 55 34 35 48 30 39 0 78 70 24 37 71 61 30 8 75 30 17 21 72 44 93 22 23 63 32 43 42 32 30 49 60 26 19 17 52 73 36 42 20 48 66 38 67 26 26 72 57 51 20 51 55 19 38 34 41 23 61 38 18 40 63 59 85 13 83 26 15 10 68 35 74 18 18 77 17 117 94 80 80 93 100 72 53 53 72 89 56 28 28 57 87 52 18 19 53 93 62 39 39 63
97 51 59 111 102 91 57 81 107 110 4 53 35 56 70 31 63 40 57 60 61 8 94 63 33 90 54 42 82 106 78 0 120 57 86 130 18 54 72 33 84 76 76 37 35 16 73 57 20 90 107 43 53 70 42 32 54 85 65 106 6 103 92 59 44 23 59 43 58 57 12 32 103 75 32 107 79 47 94 102 88 18 91 86 92 121 20 15 67 8 82 68 69 19 44 9 67 61 8 85 39 28 50 81 114 28 8 42 77 111 41 31 52 82 115 65 59 72 96 125 92 87 96 115 140
29 96 78 10 35 61 72 65 34 13 117 81 97 76 62 113 61 86 79 62 60 112 31 61 88 37 69 79 44 98 70 120 0 74 38 17 108 71 69 97 43 57 54 91 92 135 55 76 114 40 32 103 97 54 79 90 77 52 69 19 116 96 31 76 111 119 62 84 92 72 109 89 21 56 90 17 54 77 37 104 48 105 34 53 33 14 103 133 79 120 47 83 71 102 89 121 65 80 123 54 153 120 88 60 42 148 113 79 45 16 148 113 79 45 16 153 120 88 60 42 163 132 104 82 70
46 24 9 66 48 35 3 25 52 62 53 8 25 4 14 40 14 45 8 18 24 50 43 16 31 38 14 25 30 60 24 57 74 0 37 79 40 8 17 51 32 21 21 49 23 71 20 3 44 37 53 30 25 21 26 36 3 29 9 56 51 57 43 6 38 48 20 45 22 3 49 34 54 20 27 58 23 14 41 60 32 39 41 30 41 71 37 66 17 60 29 21 15 44 16 54 11 13 57 29 95 70 58 64 86 81 50 30 41 70 75 41 6 30 64 80 49 28 40 70 93 69 56 62 84
11 59 42 30 20 33 35 32 24 25 83 44 60 39 25 76 25 58 42 26 26 78 8 24 55 8 33 45 8 72 37 86 38 37 0 45 72 35 34 68 8 21 18 63 56 101 18 39 77 9 24 66 60 18 45 57 40 20 32 20 82 69 7 39 74 83 28 56 56 35 76 56 18 20 55 22 19 41 12 76 18 70 6 22 6 36 68 98 43 87 12 48 36 69 52 86 28 44 88 23 121 91 64 50 57 113 79 47 23 36 111 76 42 10 29 116 84 54 35 45 127 99 75 63 68
34 100 83 25 34 59 78 66 31 21 127 86 104 82 66 119 69 99 84 70 69 122 37 68 98 42 77 89 50 92 71 130 17 79 45 0 116 78 72 109 48 61 59 104 100 145 60 81 121 43 29 108 100 61 89 100 82 53 73 25 126 91 38 80 116 127 71 96 95 78 120 99 28 60 99 24 58 85 39 99 50 114 40 54 39 9 112 142 81 131 51 85 74 113 95 130 70 84 132 55 164 132 102 75 58 157 123 90 58 33 154 119 85 50 16 156 122 89 57 31 164 131 101 74 56
83 34 42 99 87 74 40 64 91 97 15 36 17 40 54 17 48 38 39 47 49 13 80 49 23 76 40 30 68 89 61 18 108 40 72 116 0 39 55 34 69 60 60 37 18 32 58 40 8 75 92 27 36 55 31 25 37 69 48 92 12 85 79 42 30 15 46 40 41 40 16 24 89 59 19 93 63 32 79 85 72 6 77 70 78 108 6 26 50 24 67 50 52 18 26 14 51 44 17 69 56 40 50 76 107 41 13 33 66 101 43 18 35 67 101 60 46 54 79 109 84 74 79 98 123
45 29 16 63 49 39 5 30 53 60 51 13 26 11 16 42 11 39 14 12 17 47 42 11 26 37 7 19 29 66 30 54 71 8 35 78 39 0 23 46 31 22 22 43 22 69 20 10 44 36 54 34 31 18 20 31 8 31 13 55 49 63 41 13 42 49 14 38 28 5 46 29 52 21 24 56 25 9 41 67 34 37 39 33 40 70 35 65 24 57 29 28 20 40 18 53 14 20 55 31 92 66 51 57 80 80 47 24 36 67 77 42 10 29 63 84 54 35 44 71 99 75 63 68 88
41 30 14 63 39 19 19 9 42 57 69 19 39 16 12 52 22 61 16 29 34 65 39 24 48 32 28 41 27 45 8 72 69 17 34 72 55 23 0 68 27 13 17 65 38 87 17 16 57 30 43 39 30 24 42 53 19 19 10 51 67 42 39 13 45 61 31 60 24 19 65 50 49 15 44 53 16 31 34 47 22 55 36 18 37 63 52 80 10 76 23 14 4 61 30 69 11 13 72 17 110 87 73 73 89 95 66 46 47 69 86 52 21 25 57 85 52 20 24 57 94 65 44 46 69
78 60 57 88 87 84 50 75 91 88 31 52 43 53 60 51 50 11 55 45 43 27 75 49 21 74 41 28 67 110 75 33 97 51 68 109 34 46 68 0 69 66 63 6 38 44 61 53 42 74 91 56 62 55 26 16 50 74 58 85 32 107 73 56 61 48 42 14 64 50 22 18 82 63 27 86 67 38 78 109 76 29 74 76 73 101 30 48 67 28 68 70 65 17 47 39 58 62 39 75 57 24 18 50 84 59 28 23 52 85 73 51 49 67 95 94 78 76 89 111 117 105 104 113 131
15 53 36 37 19 26 30 25 23 31 81 38 56 34 19 72 22 59 37 25 26 76 12 21 53 7 31 44 2 65 30 84 43 32 8 48 69 31 27 69 0 14 12 64 52 99 13 33 74 6 24 61 54 15 44 57 35 12 26 25 79 62 13 33 69 79 27 57 49 30 75 55 23 13 53 27 12 38 11 69 11 67 9 15 11 40 65 95 36 86 4 41 29 68 47 83 22 38 86 15 120 91 67 56 64 110 77 46 28 43 106 72 37 3 33 110 77 47 29 43 121 91 67 56 65
28 40 23 51 28 19 20 13 32 44 73 26 45 22 7 60 16 57 24 22 26 69 26 17 48 20 25 39 14 55 17 76 57 21 21 61 60 22 13 66 14 0 4 62 42 91 6 21 64 18 33 48 41 14 40 52 23 9 13 39 71 52 27 20 56 68 25 56 36 20 68 50 37 4 45 41 3 31 22 58 12 59 23 11 25 52 56 86 22 79 11 27 15 62 36 74 10 24 76 10 113 87 67 63 77 101 69 43 36 57 95 60 26 12 46 97 63 33 24 50 107 78 55 50 67
26 42 25 48 28 23 20 17 32 42 72 28 46 23 8 61 14 55 26 20 23 68 24 15 46 18 23 37 11 59 21 76 54 21 18 59 60 22 17 63 12 4 0 59 43 91 3 23 64 16 33 50 43 11 38 50 24 11 15 36 70 56 24 22 57 69 22 53 38 20 67 48 34 2 44 38 4 30 20 62 13 58 20 13 22 50 56 86 26 78 8 30 18 61 37 74 11 27 76 12 113 85 65 59 73 101 69 41 32 53 96 61 27 10 44 99 66 37 27 50 110 81 59 54 68
73 59 55 82 82 80 47 71 86 83 36 51 43 51 57 53 46 5 53 41 38 31 70 45 20 69 38 25 62 108 72 37 91 49 63 104 37 43 65 6 64 62 59 0 38 49 57 50 44 69 86 57 62 50 23 15 47 70 56 80 37 105 68 54 62 51 38 8 63 47 26 18 77 59 26 80 63 35 74 107 71 31 69 72 68 96 32 52 65 34 64 68 63 20 46 43 55 60 44 71 63 29 14 44 79 64 32 20 47 80 77 53 47 63 90 97 79 74 85 107 120 106 102 110 127
66 22 25 84 70 56 23 46 74 81 32 19 7 22 36 22 32 37 22 31 35 28 63 33 19 59 24 20 51 74 44 35 92 23 56 100 18 22 38 38 52 42 43 38 0 50 41 22 22 58 75 20 24 39 22 24 20 51 31 76 29 71 62 25 27 28 31 38 27 23 29 21 73 41 12 77 45 17 62 72 54 18 61 52 61 91 15 44 33 39 50 35 35 26 10 32 33 27 35 51 73 52 50 69 97 59 29 25 53 86 56 22 17 50 85 66 42 40 62 92 85 68 67 81 106
112 64 73 126 117 105 71 95 122 125 19 68 49 71 85 41 78 53 71 75 76 23 109 78 48 105 69 57 97 118 93 16 135 71 101 145 32 69 87 44 99 91 91 49 50 0 89 71 31 105 122 55 66 85 57 46 69 100 80 121 21 115 107 74 54 31 74 56 71 71 26 46 118 90 47 122 93 62 109 114 103 33 106 101 107 136 35 12 81 16 97 81 84 33 58 19 82 75 16 100 26 31 60 93 127 16 23 57 91 126 38 42 66 97 130 66 67 85 111 140 94 95 107 129 155
27 41 24 48 30 25 18 19 34 43 70 26 44 22 7 60 12 53 25 17 21 66 24 12 44 19 21 35 11 60 22 73 55 20 18 60 58 20 17 61 13 6 3 57 41 89 0 21 62 18 35 49 42 9 36 48 23 13 14 37 68 57 24 21 56 67 20 51 38 18 65 46 35 3 42 39 7 27 22 63 15 56 21 15 23 52 54 84 26 76 10 30 18 59 35 72 10 26 74 14 110 83 62 58 72 99 66 38 31 53 94 60 25 11 45 98 66 37 29 52 109 81 61 56 71
48 22 6 68 49 35 6 25 53 63 53 6 24 1 15 39 17 47 5 21 26 50 45 18 32 40 16 26 32 58 23 57 76 3 39 81 40 10 16 53 33 21 23 50 22 71 21 0 43 38 54 28 23 23 28 37 3 30 9 58 51 55 45 4 36 47 22 46 20 6 50 35 55 21 28 60 24 16 42 58 33 39 42 31 43 72 37 65 15 60 30 19 14 45 15 53 12 11 56 30 95 71 59 66 88 80 50 32 44 73 74 39 5 31 66 78 47 26 40 70 91 66 54 62 84
88 33 44 105 91 76 44 66 95 102 17 39 19 42 57 12 53 45 42 52 55 18 85 54 31 80 45 37 72 87 63 20 114 44 77 121 8 44 57 42 74 64 64 44 22 31 62 43 0 79 96 24 35 60 38 33 41 72 51 97 15 84 84 45 25 7 52 47 40 44 22 31 94 63 26 99 66 37 84 83 76 14 82 73 83 113 13 23 51 27 72 51 54 25 29 13 54 45 16 72 57 45 58 84 114 38 17 40 73 107 36 12 38 72 106 53 40 54 81 113 77 69 77 98 125
11 58 40 34 13 26 36 27 18 27 86 43 61 39 23 77 27 64 41 30 32 82 9 27 59 3 36 50 8 64 32 90 40 37 9 43 75 36 30 74 6 18 16 69 58 105 18 38 79 0 18 66 58 21 50 62 40 13 31 21 85 62 11 38 73 84 32 62 53 36 80 61 19 18 58 23 15 43 5 69 10 73 7 15 9 35 70 101 40 91 8 44 32 74 52 88 27 42 91 16 126 96 72 58 64 115 83 52 31 41 111 77 42 8 28 114 81 49 27 38 124 94 68 54 60
15 72 55 30 6 31 52 37 3 21 104 59 78 55 39 93 45 81 57 48 49 99 17 44 76 18 54 67 25 66 43 107 32 53 24 29 92 54 43 91 24 33 33 86 75 122 35 54 96 18 0 81 73 38 67 80 56 25 46 16 102 65 20 53 88 101 50 79 67 52 98 78 18 34 76 19 31 61 13 73 22 90 18 26 19 22 88 118 53 109 25 56 46 91 69 106 43 56 108 27 143 114 88 70 67 133 100 69 45 40 127 93 59 25 16 128 94 60 29 21 135 103 73 51 47
75 10 26 96 76 56 32 47 80 91 40 23 14 27 43 15 43 55 25 45 50 39 73 44 38 67 39 38 60 63 42 43 103 30 66 108 27 34 39 56 61 48 50 57 20 55 49 28 24 66 81 0 11 50 40 42 27 56 35 86 38 60 72 28 9 25 46 57 17 32 42 40 83 48 31 87 51 32 70 60 60 30 70 56 71 100 28 46 30 50 58 29 36 41 16 37 39 26 40 55 80 66 69 87 113 60 39 44 69 100 47 15 25 59 93 51 23 31 61 95 67 50 53 75 104
68 3 19 90 68 46 28 37 71 84 50 18 20 22 36 26 39 60 18 43 48 49 66 40 42 60 37 41 53 53 32 53 97 25 60 100 36 31 30 62 54 41 43 62 24 66 42 23 35 58 73 11 0 45 43 47 23 48 28 79 48 50 66 22 16 36 44 60 6 28 51 45 76 41 36 81 43 32 62 50 51 39 63 47 64 92 36 57 21 59 51 18 27 49 17 47 32 17 50 46 91 75 73 87 110 71 49 46 66 95 57 26 22 52 86 57 24 20 51 85 69 46 44 64 93
28 44 27 47 34 33 18 27 38 42 66 28 43 24 13 59 8 46 27 11 13 62 25 7 39 21 16 30 13 68 30 70 54 21 18 61 55 18 24 55 15 14 11 50 39 85 9 23 60 21 38 50 45 0 30 42 23 20 18 38 65 65 24 24 58 66 13 44 41 18 60 41 35 11 38 39 15 24 25 71 22 53 22 23 23 53 51 81 31 71 14 36 24 54 35 69 15 30 71 22 106 77 55 50 67 96 63 32 24 50 94 59 25 13 46 100 69 43 37 58 113 87 68 64 78
56 40 33 70 63 58 24 49 67 68 39 29 28 28 35 42 25 20 31 20 20 34 53 24 10 50 16 3 43 85 49 42 79 26 45 89 31 20 42 26 44 40 38 23 22 57 36 28 38 50 67 40 43 30 0 13 25 48 33 64 38 82 51 32 48 45 18 19 43 24 31 11 61 38 13 65 42 12 55 85 50 27 51 50 51 80 26 55 42 42 44 46 40 25 26 43 33 38 45 49 77 47 32 48 77 70 35 4 36 70 74 42 25 43 74 87 63 53 63 87 107 88 80 87 106
68 45 42 81 75 69 35 60 79 80 29 37 29 38 46 40 36 14 40 32 32 24 65 36 6 62 27 13 55 94 60 32 90 36 57 100 25 31 53 16 57 52 50 15 24 46 48 37 33 62 80 42 47 42 13 0 34 60 44 76 29 91 63 41 48 40 30 16 49 35 20 3 73 49 12 77 54 22 67 93 62 20 63 62 62 92 20 46 51 31 56 54 50 13 31 35 44 46 36 61 65 35 28 52 84 60 25 11 45 80 67 40 33 55 86 84 65 60 74 99 106 91 88 98 118
49 22 9 69 51 37 5 27 55 64 51 6 22 4 17 37 17 44 7 20 25 47 46 18 29 41 15 23 33 61 26 54 77 3 40 82 37 8 19 50 35 23 24 47 20 69 23 3 41 40 56 27 23 23 25 34 0 32 11 59 49 58 46 7 35 45 21 44 21 5 47 32 56 23 25 61 26 13 44 61 35 37 43 33 44 74 34 63 18 57 32 21 17 42 13 51 14 13 54 32 92 68 57 65 87 78 47 29 43 73 72 38 3 33 67 77 47 28 43 73 92 68 56 64 87
23 47 30 47 20 14 29 14 24 39 82 35 54 31 16 68 24 65 32 30 33 78 22 25 56 15 33 48 13 53 19 85 52 29 20 53 69 31 19 74 12 9 11 70 51 100 13 30 72 13 25 56 48 20 48 60 32 0 22 33 80 50 23 29 63 77 32 64 42 29 77 59 32 11 54 36 7 39 16 57 4 68 19 3 21 45 65 95 28 88 9 32 21 71 45 83 19 31 85 3 122 95 75 67 76 109 78 51 39 54 103 68 35 12 39 104 70 37 17 41 112 81 56 45 58
41 28 10 62 41 27 9 17 45 56 61 13 33 9 8 47 15 52 11 20 26 58 38 16 39 32 19 31 25 54 17 65 69 9 32 73 48 13 10 58 26 13 15 56 31 80 14 9 51 31 46 35 28 18 33 44 11 22 0 51 59 51 38 8 43 56 23 51 24 9 57 41 49 14 35 53 16 22 35 55 25 47 35 22 36 65 45 74 13 68 23 18 8 52 23 62 5 13 65 21 103 78 63 66 84 88 58 36 41 67 82 47 14 24 58 84 52 25 32 62 96 69 52 55 76
11 78 60 15 18 43 55 46 18 6 103 63 80 59 43 96 45 75 61 46 45 98 13 44 74 19 53 65 26 81 52 106 19 56 20 25 92 55 51 85 25 39 36 80 76 121 37 58 97 21 16 86 79 38 64 76 59 33 51 0 101 79 14 58 93 103 47 73 74 55 95 75 4 38 74 3 36 61 18 87 30 89 16 34 15 16 88 118 60 106 29 64 53 89 72 106 47 62 108 36 140 108 79 57 51 133 99 65 35 24 131 96 62 27 10 135 102 70 43 34 144 114 86 66 61
92 46 53 107 97 85 51 75 102 106 3 48 29 51 65 26 58 39 51 56 57 6 89 59 29 86 49 38 78 100 73 6 116 51 82 126 12 49 67 32 79 71 70 37 29 21 68 51 15 85 102 38 48 65 38 29 49 80 59 101 0 97 88 54 39 19 55 41 52 51 11 28 98 69 27 102 73 42 89 97 83 13 87 81 87 117 15 18 61 13 77 62 64 17 38 7 61 56 8 80 45 32 49 79 112 32 5 39 73 108 41 26 46 77 111 63 54 66 91 120 89 83 91 109 135
71 52 50 93 62 37 59 39 62 84 100 55 69 54 53 74 64 101 52 70 76 98 70 66 86 64 69 80 63 4 36 103 96 57 69 91 85 63 42 107 62 52 56 105 71 115 57 55 84 62 65 60 50 65 82 91 58 50 51 79 97 0 72 51 62 85 73 101 45 59 99 89 78 55 81 81 53 70 62 9 52 88 68 48 70 85 85 106 40 108 59 37 44 96 62 97 53 46 100 47 140 123 114 115 125 119 98 86 87 102 100 74 58 61 80 87 56 32 37 64 82 48 13 23 57
6 65 48 25 17 36 41 37 21 19 89 50 67 46 31 83 31 63 49 33 32 84 3 30 61 9 39 51 14 75 42 92 31 43 7 38 79 41 39 73 13 27 24 68 62 107 24 45 84 11 20 72 66 24 51 63 46 23 38 14 88 72 0 45 80 89 34 61 61 41 82 62 11 25 61 15 24 47 11 80 21 76 5 25 3 30 74 104 49 93 17 53 41 75 58 92 34 50 95 26 127 96 69 51 54 119 85 52 25 31 117 83 48 15 23 122 89 59 37 41 133 103 79 64 66
48 21 3 69 48 32 9 22 52 63 56 7 26 4 15 40 19 51 4 23 29 53 45 20 36 39 20 30 32 54 20 59 76 6 39 80 42 13 13 56 33 20 22 54 25 74 21 4 45 38 53 28 22 24 32 41 7 29 8 58 54 51 45 0 36 49 25 50 18 9 53 39 56 21 31 60 23 20 42 54 32 42 42 29 43 72 40 67 11 63 30 15 10 48 17 56 11 7 59 28 98 75 63 70 90 82 53 35 46 74 75 40 9 31 65 77 45 22 37 68 90 64 50 58 81
83 16 33 104 83 62 40 53 87 99 42 31 20 35 50 14 51 62 32 53 58 42 80 52 44 75 47 46 67 65 48 44 111 38 74 116 30 42 45 61 69 56 57 62 27 54 56 36 25 73 88 9 16 58 48 48 35 63 43 93 39 62 80 36 0 24 54 63 22 40 45 46 91 56 38 95 58 40 77 60 67 34 77 63 78 107 32 44 36 51 65 34 42 46 24 37 47 33 40 62 80 69 75 94 121 57 41 51 77 108 41 14 33 66 101 43 17 35 67 101 60 45 54 79 109
93 35 48 111 96 79 49 69 100 108 21 43 24 47 62 11 59 52 46 58 61 23 90 60 37 86 51 44 78 88 66 23 119 48 83 127 15 49 61 48 79 68 69 51 28 31 67 47 7 84 101 25 36 66 45 40 45 77 56 103 19 85 89 49 24 0 58 54 42 49 28 38 100 68 33 104 71 43 89 83 80 20 87 77 88 118 20 21 54 30 77 53 58 31 33 15 59 49 17 76 57 50 64 91 121 35 22 47 79 113 29 11 43 77 112 46 37 55 85 117 71 65 77 100 128
38 42 28 54 45 44 17 36 50 52 56 26 37 23 21 53 9 34 27 3 4 51 35 8 27 33 8 18 25 76 38 59 62 20 28 71 46 14 31 42 27 25 22 38 31 74 20 22 52 32 50 46 44 13 18 30 21 32 23 47 55 73 34 25 54 58 0 32 42 17 49 29 44 22 28 48 26 15 37 77 34 43 33 34 33 63 41 71 35 60 26 40 30 42 31 59 20 32 61 34 94 65 43 45 67 86 52 20 23 56 87 53 23 25 57 96 67 47 48 70 112 88 74 74 90
66 58 52 74 75 75 43 66 79 76 41 47 43 47 51 55 40 3 50 34 32 36 63 40 19 62 33 21 55 104 67 43 84 45 56 96 40 38 60 14 57 56 53 8 38 56 51 46 47 62 79 57 60 44 19 16 44 64 51 73 41 101 61 50 63 54 32 0 61 43 32 18 69 53 26 73 57 31 67 104 65 34 62 66 61 88 35 58 61 40 57 64 58 25 44 48 50 56 49 65 70 37 14 38 72 70 37 15 39 72 81 55 43 56 83 99 79 71 79 100 121 105 99 105 121
63 8 15 85 62 40 25 31 65 79 55 16 24 19 31 32 36 61 15 40 45 53 61 37 44 55 35 41 48 48 26 58 92 22 56 95 41 28 24 64 49 36 38 63 27 71 38 20 40 53 67 17 6 41 43 49 21 42 24 74 52 45 61 18 22 42 42 61 0 25 55 46 72 37 38 76 38 32 57 46 46 43 58 42 59 87 40 62 15 64 46 12 21 52 18 52 28 12 55 41 96 78 74 85 107 76 53 47 63 90 63 32 20 47 80 62 28 14 45 79 72 47 40 59 87
45 26 11 64 47 36 0 26 51 60 53 10 26 7 14 42 12 43 10 16 21 49 42 13 30 37 11 23 29 62 26 57 72 3 35 78 40 5 19 50 30 20 20 47 23 71 18 6 44 36 52 32 28 18 24 35 5 29 9 55 51 59 41 9 40 49 17 43 25 0 49 32 52 19 26 56 23 13 40 62 32 39 39 30 40 70 37 66 19 60 28 23 16 43 18 54 11 16 57 29 94 69 55 61 83 81 50 28 39 68 77 42 7 28 63 82 51 31 41 69 96 72 58 64 85
87 48 53 100 93 84 49 74 97 99 10 47 31 50 62 33 54 29 50 50 51 6 84 54 22 81 44 31 73 102 72 12 109 49 76 120 16 46 65 22 75 68 67 26 29 26 65 50 22 80 98 42 51 60 31 20 47 77 57 95 11 99 82 53 45 28 49 32 55 49 0 21 92 66 23 96 70 38 85 100 79 12 81 78 81 111 15 27 62 12 73 63 63 8 38 17 59 56 18 77 46 25 39 69 103 40 7 31 65 100 51 33 45 73 105 73 61 68 89 117 98 90 94 110 133
67 42 40 80 74 67 32 58 78 79 29 34 26 35 44 38 35 16 37 31 31 24 64 35 3 61 26 12 53 92 57 32 89 34 56 99 24 29 50 18 55 50 48 18 21 46 46 35 31 61 78 40 45 41 11 3 32 59 41 75 28 89 62 39 46 38 29 18 46 32 21 0 72 48 9 76 52 20 65 91 61 19 62 60 61 91 19 46 49 32 54 52 48 14 29 34 42 44 36 59 66 37 30 53 84 59 25 11 45 80 66 38 31 54 85 83 62 58 72 98 104 89 86 96 116
9 76 58 15 18 43 52 45 20 8 99 61 77 56 41 93 42 72 59 43 42 95 11 41 71 17 50 61 24 81 51 103 21 54 18 28 89 52 49 82 23 37 34 77 73 118 35 55 94 19 18 83 76 35 61 73 56 32 49 4 98 78 11 56 91 100 44 69 72 52 92 72 0 36 71 5 34 58 17 86 29 86 14 33 13 20 84 115 58 103 26 63 51 85 69 103 45 60 105 34 137 105 76 54 50 129 95 62 32 24 128 93 59 25 14 133 100 68 42 37 143 112 86 67 63
28 41 23 49 29 22 19 16 33 43 71 26 45 22 6 60 14 55 24 19 23 67 25 14 46 19 23 37 12 58 20 75 56 20 20 60 59 21 15 63 13 4 2 59 41 90 3 21 63 18 34 48 41 11 38 49 23 11 14 38 69 55 25 21 56 68 22 53 37 19 66 48 36 0 44 40 5 29 22 61 14 57 22 13 23 52 55 85 24 77 10 29 17 60 36 73 10 25 75 12 112 84 65 60 74 100 68 40 33 55 94 60 25 11 45 97 65 35 27 51 108 80 58 53 69
65 33 32 81 71 62 26 52 75 79 29 27 18 28 39 30 32 25 30 29 30 24 62 32 7 59 22 11 51 84 51 32 90 27 55 99 19 24 44 27 53 45 44 26 12 47 42 28 26 58 76 31 36 38 13 12 25 54 35 74 27 81 61 31 38 33 28 26 38 26 23 9 71 44 0 75 48 15 63 82 57 15 60 56 60 90 14 44 41 34 51 44 41 17 20 32 37 36 34 55 69 44 39 59 89 59 25 15 48 82 61 31 23 51 84 76 54 50 67 94 96 80 77 89 111
13 80 62 12 20 46 56 49 21 4 103 65 82 61 45 98 46 75 63 47 46 99 15 45 75 21 54 65 28 84 55 107 17 58 22 24 93 56 53 86 27 41 38 80 77 122 39 60 99 23 19 87 81 39 65 77 61 36 53 3 102 81 15 60 95 104 48 73 76 56 96 76 5 40 75 0 38 62 21 89 32 90 18 37 17 16 89 119 63 107 31 67 55 89 73 107 49 64 109 38 141 109 79 55 48 134 99 66 35 21 132 98 63 29 11 137 104 72 45 36 147 116 89 69 63
26 43 25 48 26 19 23 14 29 42 75 29 48 25 9 63 18 59 27 23 27 71 24 18 50 17 27 41 12 55 19 79 54 23 19 58 63 25 16 67 12 3 4 63 45 93 7 24 66 15 31 51 43 15 42 54 26 7 16 36 73 53 24 23 58 71 26 57 38 23 70 52 34 5 48 38 0 33 19 59 10 61 21 9 22 49 59 88 25 81 8 29 18 64 39 76 13 27 79 8 116 89 69 63 75 103 72 45 36 54 97 63 29 10 43 100 66 35 23 47 109 80 57 50 65
51 30 21 68 56 47 13 38 60 65 43 17 22 16 25 38 17 32 19 15 19 39 48 17 18 44 8 11 36 73 38 47 77 14 41 85 32 9 31 38 38 31 30 35 17 62 27 16 37 43 61 32 32 24 12 22 13 39 22 61 42 70 47 20 40 43 15 31 32 13 38 20 58 29 15 62 33 0 48 73 42 30 46 41 46 76 28 58 30 49 36 34 28 32 17 46 22 26 48 40 84 57 44 55 81 73 40 16 37 70 72 38 13 36 70 82 54 41 53 79 99 78 69 76 96
9 62 44 32 9 26 40 29 13 24 91 47 66 43 28 81 32 69 45 35 36 87 9 32 64 5 41 54 13 65 34 94 37 41 12 39 79 41 34 78 11 22 20 74 62 109 22 42 84 5 13 70 62 25 55 67 44 16 35 18 89 62 11 42 77 89 37 67 57 40 85 65 17 22 63 21 19 48 0 70 12 77 7 17 9 31 75 105 43 96 13 47 36 78 57 93 31 45 96 18 130 101 76 61 64 120 87 56 34 40 116 81 47 13 24 118 84 52 27 34 127 96 70 53 57
78 52 52 101 70 44 62 45 71 92 99 57 69 57 58 73 69 104 54 75 80 98 78 70 88 72 73 83 69 9 41 102 104 60 76 99 85 67 47 109 69 58 62 107 72 114 63 58 83 69 73 60 50 71 85 93 61 57 55 87 97 9 80 54 60 83 77 104 46 62 100 91 86 61 82 89 59 73 70 0 59 88 75 55 77 94 85 104 44 108 65 40 48 97 63 96 58 48 98 54 139 124 117 120 133 116 98 89 93 109 96 73 61 68 89 81 52 33 45 73 75 40 7 31 65
20 51 34 43 17 16 32 17 21 36 84 38 57 34 19 72 26 67 36 31 34 80 19 27 59 13 36 50 12 55 23 88 48 32 18 50 72 34 22 76 11 12 13 71 54 103 15 33 76 10 22 60 51 22 50 62 35 4 25 30 83 52 21 32 67 80 34 65 46 32 79 61 29 14 57 32 10 42 12 59 0 70 16 5 18 42 68 98 32 90 9 36 25 73 48 86 22 35 88 6 125 97 76 66 74 113 81 53 38 51 106 72 38 11 35 107 73 41 18 38 115 85 58 46 56
80 37 42 96 85 73 39 63 89 94 14 36 19 39 52 23 46 32 40 44 45 11 77 46 18 73 37 26 65 91 61 18 105 39 70 114 6 37 55 29 67 59 58 31 18 33 56 39 14 73 90 30 39 53 27 20 37 68 47 89 13 88 76 42 34 20 43 34 43 39 12 19 86 57 15 90 61 30 77 88 70 0 75 69 75 105 3 29 50 22 65 52 52 12 27 17 49 45 19 68 56 37 45 71 102 44 11 28 62 97 48 23 34 65 99 66 50 56 79 108 89 78 82 99 123
6 62 45 28 15 32 39 32 19 22 88 47 65 43 28 80 29 64 46 32 32 84 4 29 60 4 38 51 11 70 38 91 34 41 6 40 77 39 36 74 9 23 20 69 61 106 21 42 82 7 18 70 63 22 51 63 43 19 35 16 87 68 5 42 77 87 33 62 58 39 81 62 14 22 60 18 21 46 7 75 16 75 0 21 2 31 73 103 45 93 13 49 38 75 56 91 31 47 93 22 127 96 70 54 58 118 84 52 28 35 115 80 46 11 25 119 86 55 33 39 129 100 74 60 63
25 47 31 48 21 12 30 13 24 40 83 35 55 31 17 69 26 67 33 32 35 79 24 27 58 17 35 49 16 50 18 86 53 30 22 54 70 33 18 76 15 11 13 72 52 101 15 31 73 15 26 56 47 23 50 62 33 3 22 34 81 48 25 29 63 77 34 66 42 30 78 60 33 13 56 37 9 41 17 55 5 69 21 0 23 46 66 96 28 89 12 31 21 72 45 84 20 31 86 2 124 97 77 69 78 110 79 53 42 55 103 69 36 14 40 103 69 36 15 40 111 80 54 43 56
6 63 46 27 16 34 40 34 20 21 88 48 65 44 29 81 30 63 47 32 31 84 3 29 60 6 38 51 12 72 40 92 33 41 6 39 78 40 37 73 11 25 22 68 61 107 23 43 83 9 19 71 64 23 51 62 44 21 36 15 87 70 3 43 78 88 33 61 59 40 81 61 13 23 60 17 22 46 9 77 18 75 2 23 0 31 73 103 47 93 14 51 39 75 57 91 32 48 93 24 127 96 69 52 56 118 84 52 26 33 116 81 47 13 24 120 87 57 35 40 131 101 76 61 65
26 92 74 19 26 52 70 58 24 13 118 77 95 73 58 111 60 91 75 62 61 114 28 59 90 33 68 80 41 87 63 121 14 71 36 9 108 70 63 101 40 52 50 96 91 136 52 72 113 35 22 100 92 53 80 92 74 45 65 16 117 85 30 72 107 118 63 88 87 70 111 91 20 52 90 16 49 76 31 94 42 105 31 46 31 0 103 133 73 122 43 77 66 104 87 121 61 76 124 47 156 124 94 69 55 148 114 81 50 28 146 111 76 42 7 148 114 81 50 29 156 124 95 70 56
78 34 39 94 83 71 37 61 87 92 17 34 16 36 50 21 44 33 37 42 44 14 75 44 18 71 35 25 63 88 59 20 103 37 68 112 6 35 52 30 65 56 56 32 15 35 54 37 13 70 88 28 36 51 26 20 34 65 45 88 15 85 74 40 32 20 41 35 40 37 15 19 84 55 14 89 59 28 75 85 68 3 73 66 73 103 0 31 48 25 63 49 49 15 24 19 47 42 21 65 59 39 46 71 102 46 14 27 61 95 48 21 32 63 97 65 48 53 76 106 88 76 79 96 120
108 55 66 124 113 99 66 88 117 122 17 61 42 65 79 32 74 55 64 72 74 22 105 75 46 102 66 55 93 109 85 15 133 66 98 142 26 65 80 48 95 86 86 52 44 12 84 65 23 101 118 46 57 81 55 46 63 95 74 118 18 106 104 67 44 21 71 58 62 66 27 46 115 85 44 119 88 58 105 104 98 29 103 96 103 133 31 0 74 21 93 73 77 34 51 13 76 68 10 94 36 39 65 96 129 15 21 56 90 125 28 32 60 93 127 55 56 76 104 135 82 83 98 120 148
50 21 10 73 48 26 19 17 51 66 64 15 33 14 19 44 27 61 12 33 38 61 48 29 46 42 30 40 36 44 13 67 79 17 43 81 50 24 10 67 36 22 26 65 33 81 26 15 51 40 53 30 21 31 42 51 18 28 13 60 61 40 49 11 36 54 35 61 15 19 62 49 58 24 41 63 25 30 43 44 32 50 45 28 47 73 48 74 0 72 33 5 8 58 24 63 17 6 66 26 105 84 74 79 97 88 61 46 54 78 77 44 19 34 67 76 42 12 32 65 85 56 40 49 75
98 57 63 111 104 94 60 84 108 110 10 58 40 60 73 38 65 37 61 62 62 11 95 65 33 92 56 42 84 112 83 8 120 60 87 131 24 57 76 28 86 79 78 34 39 16 76 60 27 91 109 50 59 71 42 31 57 88 68 106 13 108 93 63 51 30 60 40 64 60 12 32 103 77 34 107 81 49 96 108 90 22 93 89 93 122 25 21 72 0 84 73 73 18 48 17 70 66 15 88 35 20 45 78 111 31 11 42 76 110 48 39 55 84 116 73 67 77 100 128 99 95 102 120 144
18 50 32 41 20 23 28 21 25 34 79 35 54 31 16 69 20 59 34 24 26 75 16 20 52 10 29 43 4 61 26 82 47 29 12 51 67 29 23 68 4 11 8 64 50 97 10 30 72 8 25 58 51 14 44 56 32 9 23 29 77 59 17 30 65 77 26 57 46 28 73 54 26 10 51 31 8 36 13 65 9 65 13 12 14 43 63 93 33 84 0 37 25 67 45 81 19 34 84 12 119 90 68 58 68 108 75 46 30 47 104 69 34 3 36 107 74 43 26 44 117 88 64 54 64
54 19 13 77 52 28 23 20 55 70 65 18 33 18 24 43 32 65 15 37 43 62 52 33 49 46 34 44 40 41 15 68 83 21 48 85 50 28 14 70 41 27 30 68 35 81 30 19 51 44 56 29 18 36 46 54 21 32 18 64 62 37 53 15 34 53 40 64 12 23 63 52 63 29 44 67 29 34 47 40 36 52 49 31 51 77 49 73 5 73 37 0 12 60 25 63 22 9 66 30 106 86 77 83 102 88 62 50 59 83 75 43 22 39 70 73 38 8 33 68 80 52 35 48 76
43 27 11 65 41 22 16 12 45 59 66 16 36 14 12 49 22 59 13 28 33 62 41 23 45 34 26 38 28 47 10 69 71 15 36 74 52 20 4 65 29 15 18 63 35 84 18 14 54 32 46 36 27 24 40 50 17 21 8 53 64 44 41 10 42 58 30 58 21 16 63 48 51 17 41 55 18 28 36 48 25 52 38 21 39 66 49 77 8 73 25 12 0 58 26 66 11 10 68 20 108 84 71 73 90 92 63 44 48 71 83 49 18 27 59 83 49 19 27 60 92 63 44 48 72
80 47 49 93 87 79 43 69 91 93 17 43 29 45 56 35 48 22 46 44 44 12 77 48 15 74 38 25 66 100 68 19 102 44 69 113 18 40 61 17 68 62 61 20 26 33 59 45 25 74 91 41 49 54 25 13 42 71 52 89 17 96 75 48 46 31 42 25 52 43 8 14 85 60 17 89 64 32 78 97 73 12 75 72 75 104 15 34 58 18 67 60 58 0 35 23 53 52 24 71 53 27 34 63 96 47 13 24 58 93 57 35 40 67 98 77 62 65 84 110 101 90 92 106 128
62 14 16 81 64 48 18 38 68 77 40 11 10 15 30 25 28 44 14 30 34 37 59 29 26 54 23 24 46 65 35 44 89 16 52 95 26 18 30 47 47 36 37 46 10 58 35 15 29 52 69 16 17 35 26 31 13 45 23 72 38 62 58 17 24 33 31 44 18 18 38 29 69 36 20 73 39 17 57 63 48 27 56 45 57 87 24 51 24 48 45 25 26 35 0 40 26 18 42 44 82 62 57 72 97 66 37 30 53 85 59 25 11 45 80 66 38 31 53 85 82 62 58 72 98
96 45 55 112 101 87 54 77 105 110 8 50 30 53 68 24 62 45 53 60 62 12 93 62 34 89 53 42 81 100 74 9 121 54 86 130 14 53 69 39 83 74 74 43 32 19 72 53 13 88 106 37 47 69 43 35 51 83 62 106 7 97 92 56 37 15 59 48 52 54 17 34 103 73 32 107 76 46 93 96 86 17 91 84 91 121 19 13 63 17 81 63 66 23 40 0 64 57 3 82 44 36 56 85 118 28 11 44 78 113 35 24 49 81 115 57 51 66 93 123 83 79 89 110 137
37 32 14 58 38 26 11 17 42 52 63 17 36 13 4 50 12 51 15 18 23 59 34 13 40 28 18 31 21 56 18 67 65 11 28 70 51 14 11 58 22 10 11 55 33 82 10 12 54 27 43 39 32 15 33 44 14 19 5 47 61 53 34 11 47 59 20 50 28 11 59 42 45 10 37 49 13 22 31 58 22 49 31 20 32 61 47 76 17 70 19 22 11 53 26 64 0 17 67 19 104 79 62 63 81 91 60 36 38 63 85 51 16 20 54 88 56 29 31 59 100 73 54 55 75
52 17 5 74 51 31 16 21 55 68 58 10 27 10 20 39 25 57 7 30 36 55 50 27 41 44 27 36 37 49 18 61 80 13 44 84 44 20 13 62 38 24 27 60 27 75 26 11 45 42 56 26 17 30 38 46 13 31 13 62 56 46 50 7 33 49 32 56 12 16 56 44 60 25 36 64 27 26 45 48 35 45 47 31 48 76 42 68 6 66 34 9 10 52 18 57 17 0 60 30 100 79 69 76 96 83 55 41 53 79 73 39 14 36 69 73 40 16 37 69 84 57 44 54 80
99 48 58 114 103 90 57 80 108 112 8 53 33 56 70 26 65 46 56 62 64 13 96 65 36 92 56 45 84 102 77 8 123 57 88 132 17 55 72 39 86 76 76 44 35 16 74 56 16 91 108 40 50 71 45 36 54 85 65 108 8 100 95 59 40 17 61 49 55 57 18 36 105 75 34 109 79 48 96 98 88 19 93 86 93 124 21 10 66 15 84 66 68 24 42 3 67 60 0 85 41 35 56 87 119 25 12 46 80 115 34 26 51 84 117 58 54 69 95 126 85 81 92 113 140
26 46 29 49 22 12 29 11 25 42 82 34 53 30 16 67 25 67 31 31 35 78 25 26 57 18 34 48 16 50 17 85 54 29 23 55 69 31 17 75 15 10 12 71 51 100 14 30 72 16 27 55 46 22 49 61 32 3 21 36 80 47 26 28 62 76 34 65 41 29 77 59 34 12 55 38 8 40 18 54 6 68 22 2 24 47 65 94 26 88 12 30 20 71 44 82 19 30 85 0 123 96 76 69 79 109 78 52 42 56 102 67 34 14 41 102 68 35 15 41 109 79 53 43 57
132 89 97 144 139 129 94 119 143 144 42 92 73 95 107 67 100 67 95 96 96 46 129 100 67 126 90 77 118 143 117 39 153 95 121 164 56 92 110 57 120 113 113 63 73 26 110 95 57 126 143 80 91 106 77 65 92 122 103 140 45 140 127 98 80 57 94 70 96 94 46 66 137 112 69 141 116 84 130 139 125 56 127 124 127 156 59 36 105 35 119 106 108 53 82 44 104 100 41 123 0 35 70 104 139 29 45 75 108 142 57 67 90 119 150 86 92 110 134 162 114 119 133 153 178
101 73 75 111 109 104 69 94 114 112 29 70 55 71 81 57 71 34 73 67 65 28 98 71 40 96 62 48 89 126 94 28 120 70 91 132 40 66 87 24 91 87 85 29 52 31 83 71 45 96 114 66 75 77 47 35 68 95 78 108 32 123 96 75 69 50 65 37 78 69 25 37 105 84 44 109 89 57 101 124 97 37 96 97 96 124 39 39 84 20 90 86 84 27 62 36 79 79 35 96 35 0 35 70 104 45 29 45 75 108 67 57 66 89 118 92 85 92 109 134 119 113 118 132 153
74 71 65 79 84 86 55 78 88 81 48 61 56 60 63 66 52 14 63 46 42 44 71 51 32 71 45 34 65 117 80 50 88 58 64 102 50 51 73 18 67 67 65 14 50 60 62 59 58 72 88 69 73 55 32 28 57 75 63 79 49 114 69 63 75 64 43 14 74 55 39 30 76 65 39 79 69 44 76 117 76 45 70 77 69 94 46 65 74 45 68 77 71 34 57 56 62 69 56 76 70 35 0 35 70 75 45 28 45 75 90 66 56 66 89 110 92 84 91 109 133 118 112 117 131
55 85 72 51 68 81 61 76 71 57 79 70 75 67 62 89 52 41 71 47 41 74 54 51 54 57 51 49 54 117 80 81 60 64 50 75 76 57 73 50 56 63 59 44 69 93 58 66 84 58 70 87 87 50 48 52 65 67 66 57 79 115 51 70 94 91 45 38 85 61 69 53 54 60 59 55 63 55 61 120 66 71 54 69 52 69 71 96 79 78 58 83 73 63 72 85 63 76 87 69 104 70 35 0 35 108 75 45 28 45 119 89 66 56 66 134 109 91 84 90 153 132 117 111 116
56 109 93 38 67 89 83 89 69 47 112 93 102 89 78 118 72 75 93 68 64 107 56 70 85 62 75 78 64 128 93 114 42 86 57 58 107 80 89 84 64 77 73 79 97 127 72 88 114 64 67 113 110 67 77 84 87 76 84 51 112 125 54 90 121 121 67 72 107 83 103 84 50 74 89 48 75 81 64 133 74 102 58 78 56 55 102 129 97 111 68 102 90 96 97 118 81 96 119 79 139 104 70 35 0 142 108 75 45 28 150 118 89 66 55 162 134 109 90 83 178 153 131 116 110
123 69 81 139 128 113 81 103 132 137 31 76 56 80 94 45 89 68 79 87 88 36 120 89 60 116 80 69 108 121 100 28 148 81 113 157 41 80 95 59 110 101 101 64 59 16 99 80 38 115 133 60 71 96 70 60 78 109 88 133 32 119 119 82 57 35 86 70 76 81 40 59 129 100 59 134 103 73 120 116 113 44 118 110 118 148 46 15 88 31 108 88 92 47 66 28 91 83 25 109 29 45 75 108 142 0 35 70 104 139 29 45 75 108 142 57 67 90 119 150 86 92 110 134 162
90 46 53 104 95 84 50 74 99 103 5 47 29 50 63 28 56 35 50 53 54 2 87 56 26 83 47 35 75 101 72 8 113 50 79 123 13 47 66 28 77 69 69 32 29 23 66 50 17 83 100 39 49 63 35 25 47 78 58 99 5 98 85 53 41 22 52 37 53 50 7 25 95 68 25 99 72 40 87 98 81 11 84 79 84 114 14 21 61 11 75 62 63 13 37 11 60 55 12 78 45 29 45 75 108 35 0 35 70 104 45 29 45 75 108 67 57 66 89 118 92 85 92 109 134
57 44 37 70 65 61 28 52 69 69 39 33 31 32 38 45 27 16 35 22 21 34 54 27 10 52 19 6 45 89 53 42 79 30 47 90 33 24 46 23 46 43 41 20 25 57 38 32 40 52 69 44 46 32 4 11 29 51 36 65 39 86 52 35 51 47 20 15 47 28 31 11 62 40 15 66 45 16 56 89 53 28 52 53 52 81 27 56 46 42 46 50 44 24 30 44 36 41 46 52 75 45 28 45 75 70 35 0 35 70 75 45 28 45 75 90 66 56 66 89 110 92 84 91 109
30 64 49 36 42 53 39 49 46 37 74 48 59 45 36 75 28 42 48 24 19 69 28 26 45 30 31 37 27 90 53 77 45 41 23 58 66 36 47 52 28 36 32 47 53 91 31 44 73 31 45 69 66 24 36 45 43 39 41 35 73 87 25 46 77 79 23 39 63 39 65 45 32 33 48 35 36 37 34 93 38 62 28 42 26 50 61 90 54 76 30 59 48 58 53 78 38 53 80 42 108 75 45 28 45 104 70 35 0 35 108 75 45 28 45 119 89 66 56 66 134 109 91 84 90
31 94 76 10 41 65 68 67 42 20 108 78 92 73 60 108 57 75 77 56 52 103 32 56 79 39 63 71 43 104 72 111 16 70 36 33 101 67 69 85 43 57 53 80 86 126 53 73 107 41 40 100 95 50 70 80 73 54 67 24 108 102 31 74 108 113 56 72 90 68 100 80 24 55 82 21 54 70 40 109 51 97 35 55 33 28 95 125 78 110 47 83 71 93 85 113 63 79 115 56 142 108 75 45 28 139 104 70 35 0 142 108 75 45 28 150 118 89 66 55 162 134 109 90 83
121 57 73 140 122 103 77 93 126 136 42 69 51 73 89 35 87 79 71 87 90 46 118 88 66 113 80 72 105 103 89 41 148 75 111 154 43 77 86 73 106 95 96 77 56 38 94 74 36 111 127 47 57 94 74 67 72 103 82 131 41 100 117 75 41 29 87 81 63 77 51 66 128 94 61 132 97 72 116 96 106 48 115 103 116 146 48 28 77 48 104 75 83 57 59 35 85 73 34 102 57 67 90 119 150 29 45 75 108 142 0 35 70 104 139 29 45 75 108 142 57 67 90 119 150
86 24 39 105 88 70 42 60 92 101 29 34 17 39 54 1 52 53 37 53 56 29 83 53 37 78 46 41 70 77 56 31 113 41 76 119 18 42 52 51 72 60 61 53 22 42 60 39 12 77 93 15 26 59 42 40 38 68 47 96 26 74 83 40 14 11 53 55 32 42 33 38 93 60 31 98 63 38 81 73 72 23 80 69 81 111 21 32 44 39 69 43 49 35 25 24 51 39 26 67 67 57 66 89 118 45 29 45 75 108 35 0 35 70 104 45 29 45 75 108 67 57 66 89 118
52 20 9 71 54 40 7 29 58 67 48 5 20 5 20 35 19 44 7 21 26 45 49 20 28 44 16 23 36 62 28 52 79 6 42 85 35 10 21 49 37 26 27 47 17 66 25 5 38 42 59 25 22 25 25 33 3 35 14 62 46 58 48 9 33 43 23 43 20 7 45 31 59 25 23 63 29 13 47 61 38 34 46 36 47 76 32 60 19 55 34 22 18 40 11 49 16 14 51 34 90 66 56 66 89 75 45 28 45 75 70 35 0 35 70 75 45 28 45 75 90 66 56 66 89
17 51 34 39 21 25 28 23 25 33 79 36 54 32 17 70 20 58 35 23 25 75 15 20 52 9 29 42 2 64 28 82 45 30 10 50 67 29 25 67 3 12 10 63 50 97 11 31 72 8 25 59 52 13 43 55 33 12 24 27 77 61 15 31 66 77 25 56 47 28 73 54 25 11 51 29 10 36 13 68 11 65 11 14 13 42 63 93 34 84 3 39 27 67 45 81 20 36 84 14 119 89 66 56 66 108 75 45 28 45 104 70 35 0 35 108 75 45 28 45 119 89 66 56 66
19 85 68 18 20 46 63 52 18 9 112 71 89 67 51 104 53 85 69 55 55 107 22 53 83 27 62 74 34 82 57 115 16 64 29 16 101 63 57 95 33 46 44 90 85 130 45 66 106 28 16 93 86 46 74 86 67 39 58 10 111 80 23 65 101 112 57 83 80 63 105 85 14 45 84 11 43 70 24 89 35 99 25 40 24 7 97 127 67 116 36 70 59 98 80 115 54 69 117 41 150 118 89 66 55 142 108 75 45 28 139 104 70 35 0 142 108 75 45 28 150 118 89 66 55
125 57 75 146 123 100 82 92 127 140 65 73 60 77 92 46 93 97 74 95 100 68 122 95 81 116 89 85 109 89 87 65 153 80 116 156 60 84 85 94 110 97 99 97 66 66 98 78 53 114 128 51 57 100 87 84 77 104 84 135 63 87 122 77 43 46 96 99 62 82 73 83 133 97 76 137 100 82 118 81 107 66 119 103 120 148 65 55 76 73 107 73 83 77 66 57 88 73 58 102 86 92 110 134 162 57 67 90 119 150 29 45 75 108 142 0 35 70 104 139 29 45 75 108 142
91 26 42 113 89 65 51 58 92 107 57 42 36 46 59 29 63 78 42 66 71 57 89 64 60 83 60 61 76 58 52 59 120 49 84 122 46 54 52 78 77 63 66 79 42 67 66 47 40 81 94 23 24 69 63 65 47 70 52 102 54 56 89 45 17 37 67 79 28 51 61 62 100 65 54 104 66 54 84 52 73 50 86 69 87 114 48 56 42 67 74 38 49 62 38 51 56 40 54 68 92 85 92 109 134 67 57 66 89 118 45 29 45 75 108 35 0 35 70 104 45 29 45 75 108
60 21 20 83 56 31 31 24 59 76 69 24 38 25 31 45 39 71 22 45 50 66 58 41 55 52 42 51 46 35 18 72 88 28 54 89 54 35 20 76 47 33 37 74 40 85 37 26 54 49 60 31 20 43 53 60 28 37 25 70 66 32 59 22 35 55 47 71 14 31 68 58 68 35 50 72 35 41 52 33 41 56 55 36 57 81 53 76 12 77 43 8 19 65 31 66 29 16 69 35 110 92 84 91 109 90 66 56 66 89 75 45 28 45 75 70 35 0 35 70 75 45 28 45 75
35 52 38 57 26 6 41 16 27 48 93 43 63 40 29 75 40 81 40 46 49 89 35 40 70 29 48 62 30 39 19 96 60 40 35 57 79 44 24 89 29 24 27 85 62 111 29 40 81 27 29 61 51 37 63 74 43 17 32 43 91 37 37 37 67 85 48 79 45 41 89 72 42 27 67 45 23 53 27 45 18 79 33 15 35 50 76 104 32 100 26 33 27 84 53 93 31 37 95 15 134 109 91 84 90 119 89 66 56 66 108 75 45 28 45 104 70 35 0 35 108 75 45 28 45
36 86 70 45 25 40 69 49 21 36 122 75 94 71 56 108 63 102 72 68 69 118 38 63 96 38 73 87 45 65 53 125 42 70 45 31 109 71 57 111 43 50 50 107 92 140 52 70 113 38 21 95 85 58 87 99 73 41 62 34 120 64 41 68 101 117 70 100 79 69 117 98 37 51 94 36 47 79 34 73 38 108 39 40 40 29 106 135 65 128 44 68 60 110 85 123 59 69 126 41 162 134 109 90 83 150 118 89 66 55 142 108 75 45 28 139 104 70 35 0 142 108 75 45 28
134 70 87 157 131 105 96 99 133 150 91 86 79 90 103 67 107 120 87 111 116 93 132 109 103 126 105 105 120 83 93 92 163 93 127 164 84 99 94 117 121 107 110 120 85 94 109 91 77 124 135 67 69 113 107 106 92 112 96 144 89 82 133 90 60 71 112 121 72 96 98 104 143 108 96 147 109 99 127 75 115 89 129 111 131 156 88 82 85 99 117 80 92 101 82 83 100 84 85 109 114 119 133 153 178 86 92 110 134 162 57 67 90 119 150 29 45 75 108 142 0 35 70 104 139
104 48 61 127 99 72 72 68 101 120 85 62 63 65 75 57 82 104 62 87 92 86 103 83 87 96 82 86 91 48 62 87 132 69 99 131 74 75 65 105 91 78 81 106 68 95 81 66 69 94 103 50 46 87 88 91 68 81 69 114 83 48 103 64 45 65 88 105 47 72 90 89 112 80 80 116 80 78 96 40 85 78 100 80 101 124 76 83 56 95 88 52 63 90 62 79 73 57 81 79 119 113 118 132 153 92 85 92 109 134 67 57 66 89 118 45 29 45 75 108 35 0 35 70 104
78 46 48 101 70 44 58 43 71 92 93 52 63 53 56 67 66 99 50 72 77 92 77 67 83 71 69 79 68 14 39 96 104 56 75 101 79 63 44 104 67 55 59 102 67 107 61 54 77 68 73 53 44 68 80 88 56 56 52 86 91 13 79 50 54 77 74 99 40 58 94 86 86 58 77 89 57 69 70 7 58 82 74 54 76 95 79 98 40 102 64 35 44 92 58 89 54 44 92 53 133 118 112 117 131 110 92 84 91 109 90 66 56 66 89 75 45 28 45 75 70 35 0 35 70
61 66 58 81 49 32 64 39 49 71 112 63 81 61 54 90 66 106 60 72 76 109 61 67 93 56 73 86 57 22 39 115 82 62 63 74 98 68 46 113 56 50 54 110 81 129 56 62 98 54 51 75 64 64 87 98 64 45 55 66 109 23 64 58 79 100 74 105 59 64 110 96 67 53 89 69 50 76 53 31 46 99 60 43 61 70 96 120 49 120 54 48 48 106 72 110 55 54 113 43 153 132 117 111 116 134 109 91 84 90 119 89 66 56 66 108 75 45 28 45 104 70 35 0 35
61 94 82 73 49 50 85 60 45 64 137 87 107 84 72 118 82 123 84 87 90 133 63 82 114 61 91 105 67 57 63 140 70 84 68 56 123 88 69 131 65 67 68 127 106 155 71 84 125 60 47 104 93 78 106 118 87 58 76 61 135 57 66 81 109 128 90 121 87 85 133 116 63 69 111 63 65 96 57 65 56 123 63 56 65 56 120 148 75 144 64 76 72 128 98 137 75 80 140 57 178 153 131 116 110 162 134 109 90 83 150 118 89 66 55 142 108 75 45 28 139 104 70 35 0
