BaseScenario,TotalElapsedTime_mean,AverageResponseTime_mean,EventsInsertedByALNS_mean,nTaxi_mean,TotalCost_mean,TotalDistance_mean,TotalIdleTime_mean,TotalIdleTimeWithCustomer_mean,TotalRideTime_mean,TotalDirectRideTime_mean,TotalActualRideTime_mean,nOfflineRequests_mean,UnservicedOfflineRequest_mean,nOnlineRequests_mean,UnservicedOnlineRequests_mean,AveragePercentRideSharing_mean,ExcessRideTimePrServicedRequest_mean,TotalEmptyRelocationTime_mean,TotalNumberOfRequestsOverlapIdleVehicle_mean,TotalDriveTimeToNearestIdleVehicle_mean
Gen_Data_20_0.7_1,303.24199999999996,15.16,0.0,15.0,15050.0,385.05447300709545,1384.0,0.0,1800.0,86.0,86.0,0.0,0.0,20.0,15.0,0.0,0.0,167.0,18.0,583.0
Gen_Data_20_0.7_2,263.8,13.187999999999999,0.0,13.0,13070.0,514.3430527885093,1247.0,0.0,1800.0,134.0,134.0,0.0,0.0,20.0,13.0,0.0,0.0,253.0,17.0,619.0
Gen_Data_20_0.7_3,283.56800000000004,14.175999999999998,0.0,14.0,14060.0,561.5080883789699,1204.0,0.0,1800.0,200.0,200.0,0.0,0.0,20.0,14.0,0.0,0.0,188.0,14.0,561.0
Gen_Data_20_0.7_4,322.846,16.142,0.0,16.0,16040.0,254.88676919917611,1522.0,0.0,1800.0,34.0,34.0,0.0,0.0,20.0,16.0,0.0,0.0,130.0,18.0,772.0
Gen_Data_20_0.7_6,224.60999999999999,11.23,0.0,11.0,11090.0,648.3269679445748,1101.0,0.0,1800.0,230.0,230.0,0.0,0.0,20.0,11.0,0.0,0.0,277.0,14.0,437.0
Gen_Data_20_0.7_7,303.21999999999997,15.16,0.0,15.0,15050.0,323.7845413068393,1448.0,0.0,1800.0,61.0,61.0,0.0,0.0,20.0,15.0,0.0,0.0,173.0,19.0,783.0
Gen_Data_20_0.7_8,303.31800000000004,15.164000000000001,0.0,15.0,15050.0,382.87502704920746,1390.0,0.0,1800.0,90.0,90.0,0.0,0.0,20.0,15.0,0.0,0.0,185.0,17.0,717.0
Gen_Data_20_0.7_9,303.57399999999996,15.178,0.0,15.0,15050.0,296.7564044534792,1475.0,0.0,1800.0,54.0,54.0,0.0,0.0,20.0,15.0,0.0,0.0,171.0,19.0,748.0
Gen_Data_20_0.7_10,327.438,16.372000000000003,0.0,16.0,16040.0,345.21750550552395,1431.0,0.0,1800.0,98.0,98.0,0.0,0.0,20.0,16.0,0.0,0.0,165.0,16.0,735.0
