0 36 27 49 54 2 18 61 58 44 55 24 42 26 46 20 52 18 25 30 22 30 49 10 60 62 27 16 49 37 28 32 56 26 51 20 56 12 28 22 115 100 86 74 65 59 58 62 70 81 108 93 78 64 53 46 44 49 59 72 103 87 71 55 42 32 31 38 50 65 100 83 66 49 33 20 17 28 44 60 99 81 64 47 30 12 6 23 41 58 99 82 65 48 32 17 14 26 43 59 102 86 69 54 40 29 27 35 48 64 107 91 76 62 50 42 41 47 57 70 113 98 84 72 62 56 55 59 68 79 120 107 94 83 74 69 68 72 79 89
36 0 37 51 71 34 25 77 71 63 89 31 75 33 75 32 45 18 34 52 30 8 70 42 79 29 61 36 72 67 43 9 78 38 81 36 50 25 39 48 139 127 116 106 99 94 93 94 99 106 130 117 105 94 86 80 79 81 86 95 122 108 94 83 73 67 65 67 74 84 115 100 85 72 61 53 51 54 62 74 109 93 78 63 50 40 37 41 52 65 106 89 72 56 41 28 23 30 43 58 103 86 69 52 35 19 9 21 37 54 103 86 69 51 34 17 6 20 37 54 105 88 71 55 39 25 20 27 41 57 108 92 76 61 47 37 33 38 49 63
27 37 0 72 35 25 15 42 36 27 61 6 47 48 41 42 26 26 3 57 8 30 34 36 43 52 38 11 37 36 53 39 42 50 49 44 31 21 3 48 103 91 81 74 70 71 76 84 94 107 94 81 69 61 56 57 63 73 85 98 86 72 58 48 42 44 51 63 76 91 80 64 49 36 29 30 41 54 70 86 76 60 43 27 15 18 33 49 66 83 75 58 41 23 6 12 30 47 64 81 77 60 43 27 16 19 33 49 66 83 81 65 50 37 29 31 41 55 70 86 87 72 59 49 43 44 52 63 77 92 94 81 70 61 57 58 64 73 85 99
49 51 72 0 102 49 58 109 106 93 92 67 83 24 93 30 91 48 69 29 65 53 97 44 108 77 68 63 97 83 23 43 105 24 95 30 96 51 74 35 161 145 130 115 102 89 78 70 66 66 156 139 123 108 93 79 67 58 53 53 151 135 118 102 86 71 57 46 39 39 148 131 114 98 81 65 49 35 26 26 147 129 112 95 78 61 44 27 13 15 146 129 112 95 77 60 43 25 9 11 147 130 113 96 79 62 46 31 19 20 150 133 116 100 83 68 53 40 32 33 153 137 121 105 89 75 62 52 46 46 158 142 127 111 97 84 73 64 59 60
54 71 35 102 0 53 49 8 10 10 52 41 41 79 25 72 42 60 38 81 42 64 9 60 8 82 45 40 13 30 80 73 11 79 33 73 42 54 33 72 69 59 53 52 57 66 78 91 106 122 59 47 39 38 44 56 69 84 100 117 52 37 26 24 33 47 63 79 96 113 47 30 15 11 26 42 59 77 94 111 46 29 13 9 25 42 59 76 93 111 50 35 23 21 31 46 62 78 95 112 57 44 36 35 41 53 68 83 99 115 67 56 49 48 53 63 75 90 105 120 77 69 63 62 66 74 85 98 112 126 89 82 77 76 80 86 96 107 120 134
2 34 25 49 53 0 16 60 57 44 56 22 43 26 47 20 50 16 23 32 20 29 48 12 60 60 28 15 49 38 28 30 56 26 52 20 55 10 27 23 115 101 87 75 66 61 60 64 72 83 108 93 78 65 54 47 46 51 61 74 103 87 71 56 43 34 32 40 52 67 100 83 66 49 34 21 19 30 45 61 98 81 63 46 29 12 8 24 42 59 99 81 64 47 31 16 13 26 43 60 101 84 68 52 38 27 26 34 48 64 105 89 74 60 48 40 39 45 56 70 111 96 82 70 60 54 53 58 66 78 119 105 92 81 73 67 67 70 78 88
18 25 15 58 49 16 0 56 51 40 65 10 51 34 50 29 36 12 12 45 8 18 47 27 56 47 39 11 48 43 40 25 55 36 57 31 41 8 17 38 115 102 91 82 75 72 74 79 87 98 107 93 80 69 62 58 60 66 76 89 100 85 71 58 49 45 47 55 66 80 94 78 63 48 36 31 34 44 58 74 91 74 57 41 26 17 22 36 52 69 89 72 55 38 20 4 16 33 50 67 90 73 56 39 24 13 19 35 51 68 93 77 61 46 33 26 30 42 56 72 98 83 68 55 45 40 43 51 64 78 105 90 77 66 58 54 56 63 73 86
61 77 42 109 8 60 56 0 10 17 56 47 46 86 30 79 45 67 45 88 49 71 15 67 5 87 52 47 18 36 88 80 12 86 37 80 44 60 40 79 64 56 51 53 60 70 83 97 112 128 54 43 37 39 48 61 75 91 107 123 45 31 23 27 38 53 70 86 103 120 40 23 10 16 32 49 66 84 101 118 39 22 8 15 32 49 66 83 101 118 44 30 21 25 37 53 69 85 102 119 52 41 35 37 46 59 74 90 106 122 62 53 49 51 58 68 81 96 111 127 74 67 63 64 70 79 90 104 118 133 86 80 77 78 83 90 101 113 126 140
58 71 36 106 10 57 51 10 0 16 61 42 51 83 35 76 36 62 39 87 44 64 19 66 14 79 53 43 22 39 85 74 19 83 43 77 35 56 34 78 73 65 60 61 66 75 87 100 115 130 62 52 46 47 54 65 78 93 108 124 52 40 32 34 43 56 71 87 103 120 45 29 19 21 34 49 66 83 100 117 41 24 7 12 29 47 64 81 98 116 43 26 13 16 31 48 65 82 99 116 48 35 26 28 39 53 69 85 101 118 57 46 40 41 49 61 75 90 106 122 68 59 54 55 61 71 83 97 112 127 80 72 68 69 74 82 93 105 119 133
44 63 27 93 10 44 40 17 16 0 48 32 36 70 22 63 38 51 30 72 34 56 9 51 17 76 37 31 12 24 71 65 16 69 31 64 40 44 25 63 77 65 57 53 55 61 72 85 99 114 67 54 44 39 41 50 63 77 92 108 60 45 32 25 29 40 55 71 87 104 56 39 23 11 18 34 51 68 85 102 55 38 21 5 15 32 50 67 84 101 58 42 28 19 24 37 53 69 86 103 64 50 38 33 36 46 59 74 90 106 72 60 51 47 49 56 68 81 96 111 82 72 64 61 62 68 78 90 103 118 93 84 78 75 76 81 89 100 112 125
55 89 61 92 52 56 65 56 61 48 0 64 15 75 27 70 83 71 62 64 64 82 43 53 51 112 28 55 39 27 70 86 44 72 19 67 86 64 61 57 76 59 42 25 11 15 31 48 65 82 75 58 41 24 8 13 30 47 64 82 78 61 45 30 20 23 35 51 67 84 82 67 53 41 34 36 45 57 72 88 89 75 63 53 48 49 56 66 80 94 97 85 74 66 62 63 68 77 88 102 107 96 86 79 76 76 81 88 99 110 118 107 99 93 90 90 94 101 109 120 129 119 112 106 104 104 107 113 121 131 140 132 125 120 118 118 121 126 133 142
24 31 6 67 41 22 10 47 42 32 64 0 50 44 46 38 28 21 3 53 3 24 40 33 48 49 39 11 42 39 49 33 47 45 53 40 33 16 8 45 108 96 86 78 73 73 76 83 93 105 99 86 74 65 60 59 63 72 83 96 92 77 64 53 46 45 51 61 74 88 86 70 55 42 32 31 39 52 66 82 82 65 48 33 20 18 29 45 61 78 80 63 46 28 11 8 25 42 59 77 81 64 47 31 16 14 27 44 60 77 84 68 53 39 28 27 36 49 65 81 90 75 61 49 42 41 47 58 71 86 97 83 71 61 55 55 59 68 80 93
42 75 47 83 41 43 51 46 51 36 15 50 0 64 18 58 69 58 48 56 49 69 32 42 43 97 16 41 29 13 60 72 36 61 14 56 72 50 46 48 79 63 48 34 25 26 37 52 68 84 77 59 42 26 12 15 30 47 64 81 76 59 42 25 8 13 29 46 64 81 78 62 45 31 20 22 34 50 66 83 83 67 53 41 34 35 44 57 71 87 89 75 63 53 48 48 55 66 79 93 98 85 74 66 62 62 67 76 88 101 107 96 86 79 76 76 80 88 98 110 118 107 99 93 90 90 93 100 109 119 129 119 112 106 103 104 107 112 120 130
26 33 48 24 79 26 34 86 83 70 75 44 64 0 72 7 69 25 45 21 41 33 74 23 86 62 49 40 75 62 11 25 82 5 75 8 74 28 50 21 140 125 111 97 85 76 69 66 68 74 134 118 103 88 75 64 56 52 55 62 129 112 96 81 66 53 43 38 42 51 125 108 92 75 59 44 31 25 29 42 123 106 89 72 55 38 22 11 20 35 123 106 88 71 54 37 19 4 17 34 124 107 90 73 56 40 26 18 24 38 127 110 94 78 62 48 37 32 35 46 131 115 99 84 70 58 49 45 48 56 137 121 106 93 80 70 62 59 61 68
46 75 41 93 25 47 50 30 35 22 27 46 18 72 0 65 59 59 43 68 46 68 16 50 26 93 27 39 13 10 70 74 19 70 9 64 61 52 40 59 69 54 41 33 33 41 54 69 84 101 63 47 32 20 20 32 47 64 80 97 61 44 27 10 10 27 44 61 78 96 62 45 29 14 14 29 45 62 79 96 66 50 36 27 27 36 50 66 82 99 73 59 47 40 40 47 58 72 87 103 81 69 59 54 54 59 69 81 94 109 91 80 72 68 68 72 80 90 103 116 102 93 86 82 82 85 92 101 112 125 114 105 99 96 96 99 104 112 123 134
20 32 42 30 72 20 29 79 76 63 70 38 58 7 65 0 63 20 39 21 35 30 68 17 79 60 43 33 68 56 13 24 76 8 69 5 68 22 44 18 133 118 104 91 80 71 66 64 68 75 127 111 96 82 69 59 52 51 55 64 122 106 90 74 60 47 39 37 43 54 119 102 85 68 52 38 26 23 32 46 117 100 82 65 48 31 15 10 24 41 117 99 82 65 48 30 14 8 24 41 118 101 84 67 51 36 23 20 30 45 121 105 88 73 58 45 36 34 40 52 126 110 95 80 67 56 49 48 52 62 132 117 102 89 77 68 62 61 65 73
52 45 26 91 42 50 36 45 36 38 83 28 69 69 59 63 0 44 28 81 30 40 46 61 48 44 63 37 50 57 75 51 52 71 68 66 6 43 26 73 108 100 94 91 91 94 101 110 120 132 97 87 80 77 77 81 89 99 110 123 86 75 67 63 63 68 77 88 101 115 76 64 54 49 50 56 66 79 94 109 68 54 42 35 36 44 57 72 87 103 62 46 31 21 23 35 50 66 83 100 59 42 25 9 13 29 46 64 81 98 59 42 26 11 14 30 47 64 81 98 63 47 33 24 25 36 51 67 84 100 69 56 44 38 38 46 59 73 88 104
18 18 26 48 60 16 12 67 62 51 71 21 58 25 59 20 44 0 23 39 19 13 57 25 67 45 44 21 59 51 32 16 65 28 65 24 49 8 28 33 126 112 100 90 81 76 75 78 84 93 118 103 90 78 69 63 61 65 72 83 111 96 81 68 57 49 48 52 61 73 106 89 74 59 45 36 34 40 51 65 102 85 68 52 36 24 20 29 44 60 100 83 66 49 31 15 7 23 40 57 101 83 66 49 32 16 10 24 40 57 103 86 69 53 38 27 23 32 45 61 107 91 75 61 48 39 37 43 54 67 112 97 83 70 60 53 51 55 64 76
25 34 3 69 38 23 12 45 39 30 62 3 48 45 43 39 28 23 0 54 5 27 37 34 45 51 38 10 39 37 50 36 45 47 51 42 32 18 6 46 106 93 83 75 71 71 75 83 93 105 97 83 71 62 57 57 62 71 83 96 89 74 61 50 44 44 50 61 74 89 83 67 52 39 30 30 39 52 67 83 79 62 46 30 17 17 30 46 63 80 78 61 43 26 9 9 27 44 61 79 79 62 46 30 17 17 30 46 63 80 83 67 52 38 29 30 39 52 67 83 89 74 61 50 43 43 50 61 74 89 96 83 71 62 57 57 62 71 83 96
30 52 57 29 81 32 45 88 87 72 64 53 56 21 68 21 81 39 54 0 51 50 74 22 87 81 42 46 74 58 10 44 82 16 69 17 86 38 58 10 135 119 103 88 74 61 51 47 48 55 131 114 97 81 66 51 39 33 35 44 128 111 94 77 60 44 29 19 22 35 127 109 92 75 57 40 23 7 14 31 127 110 92 75 58 41 25 11 16 32 129 112 95 78 62 46 33 24 27 38 132 115 99 83 68 55 44 38 40 48 137 121 105 91 77 65 56 52 53 59 143 127 113 99 87 77 69 65 66 71 150 135 122 109 98 89 82 79 80 84
22 30 8 65 42 20 8 49 44 34 64 3 49 41 46 35 30 19 5 51 0 23 41 31 50 49 38 9 43 39 46 32 49 43 53 38 35 14 10 43 110 97 86 78 73 72 75 82 91 103 101 87 75 65 59 58 62 70 81 94 93 78 65 53 46 44 49 59 72 86 88 72 56 43 33 30 37 49 64 80 84 67 50 34 20 17 27 43 59 76 82 65 48 30 13 5 23 40 57 74 83 66 49 33 18 14 26 42 58 75 87 70 55 41 30 27 35 48 63 79 92 77 63 51 43 41 46 57 70 85 99 85 73 63 56 55 59 67 79 92
30 8 30 53 64 29 18 71 64 56 82 24 69 33 68 30 40 13 27 50 23 0 63 37 72 32 55 29 65 60 42 12 71 37 75 34 45 19 32 45 132 120 109 99 92 89 88 91 96 105 123 110 98 87 79 75 74 77 84 94 115 101 87 76 66 61 60 64 72 83 108 93 78 65 54 47 46 52 62 74 103 87 71 56 43 34 33 40 52 67 100 83 66 49 34 21 19 30 45 61 98 81 63 46 29 12 8 24 42 59 99 81 64 47 31 15 12 26 43 60 101 84 68 52 38 27 25 34 48 63 105 89 74 60 48 40 39 45 56 70
49 70 34 97 9 48 47 15 19 9 43 40 32 74 16 68 46 57 37 74 41 63 0 54 13 84 37 37 4 21 75 72 9 74 25 68 47 50 33 65 69 57 49 45 48 57 69 83 98 113 61 47 36 31 36 47 61 76 92 109 55 39 25 17 24 39 55 72 88 106 53 35 18 3 18 35 52 70 87 104 54 37 21 12 21 37 54 71 88 105 59 44 31 26 31 43 58 74 91 107 66 53 44 40 44 53 66 80 95 111 76 65 57 54 57 64 75 88 102 117 86 77 71 68 70 76 86 97 110 124 98 90 84 82 84 89 97 107 119 132
10 42 36 44 60 12 27 67 66 51 53 33 42 23 50 17 61 25 34 22 31 37 54 0 66 69 26 25 54 40 21 36 62 21 53 15 66 21 38 13 118 103 88 75 63 55 52 54 61 72 112 96 81 66 52 42 38 41 50 63 108 92 75 59 43 30 24 29 41 56 106 89 72 55 38 22 10 19 35 52 106 89 71 54 37 20 5 17 34 51 107 90 74 57 41 27 19 25 38 54 111 94 78 63 49 38 33 36 47 60 116 100 85 71 59 50 47 49 57 69 122 107 94 81 71 64 61 62 69 79 130 116 103 92 83 77 74 76 81 90
60 79 43 108 8 60 56 5 14 17 51 48 43 86 26 79 48 67 45 87 50 72 13 66 0 90 49 47 14 32 87 81 8 85 33 79 48 61 41 77 62 52 47 48 55 66 79 94 109 125 52 40 33 35 44 57 72 88 104 121 44 29 19 22 35 50 67 84 101 118 41 23 7 13 30 47 65 82 99 116 42 25 12 16 32 48 65 82 100 117 47 34 26 28 39 53 69 85 102 119 56 45 39 41 49 61 75 90 106 122 67 58 53 54 61 71 83 97 112 127 79 71 68 68 73 82 93 105 119 134 91 85 82 82 86 93 103 115 127 141
62 29 52 77 82 60 47 87 79 76 112 49 97 62 93 60 44 45 51 81 49 32 84 69 90 0 85 57 88 87 72 37 91 66 101 65 47 51 54 77 151 141 132 126 121 119 120 123 128 135 140 129 120 113 108 105 106 109 115 123 129 118 108 99 94 91 92 96 103 112 120 107 96 87 80 77 78 83 91 101 111 97 85 74 67 64 65 70 79 91 104 89 75 63 54 50 51 58 69 82 98 82 66 53 41 36 38 47 60 74 93 77 60 44 30 22 25 38 53 69 91 74 57 40 23 9 16 32 49 66 91 74 57 40 23 8 16 32 49 66
27 61 38 68 45 28 39 52 53 37 28 39 16 49 27 43 63 44 38 42 38 55 37 26 49 85 0 29 35 18 45 58 43 46 28 41 67 36 38 33 94 78 63 49 39 34 38 48 62 77 90 73 56 41 27 20 27 40 56 72 88 70 53 36 19 6 18 35 52 70 88 70 53 36 20 9 19 36 53 70 90 73 57 42 29 23 28 41 57 73 95 79 64 51 41 36 40 50 63 78 101 86 73 62 54 50 53 61 72 85 109 95 83 74 67 64 66 73 82 94 118 105 95 86 80 78 80 85 93 104 128 116 107 99 94 92 94 98 105 115
16 36 11 63 40 15 11 47 43 31 55 11 41 40 39 33 37 21 10 46 9 29 37 25 47 57 29 0 38 32 43 36 45 40 46 35 42 14 13 37 105 92 80 71 65 63 66 73 84 96 97 83 69 58 51 49 53 62 74 87 91 75 60 47 38 35 41 52 65 81 86 70 53 38 26 21 30 44 59 76 84 67 50 33 16 8 22 39 56 73 84 67 50 33 16 8 22 39 56 73 86 70 54 38 26 22 30 44 60 76 91 75 61 48 38 36 41 52 66 81 97 83 70 59 52 50 54 62 74 88 105 92 81 71 65 64 67 74 84 96
49 72 37 97 13 49 48 18 22 12 39 42 29 75 13 68 50 59 39 74 43 65 4 54 14 88 35 38 0 19 75 73 8 74 21 68 51 52 35 65 67 55 45 41 45 54 66 80 95 111 60 45 33 27 32 44 58 74 90 107 55 38 23 13 21 37 53 70 87 104 53 36 19 2 17 34 52 69 86 104 55 39 24 16 23 38 54 71 88 105 61 47 35 30 34 45 59 75 91 108 69 57 48 44 47 55 67 81 96 112 79 68 61 58 60 67 77 90 103 118 90 81 75 72 74 79 88 99 112 125 102 94 88 86 88 92 100 110 121 134
37 67 36 83 30 38 43 36 39 24 27 39 13 62 10 56 57 51 37 58 39 60 21 40 32 87 18 32 19 0 60 66 26 60 15 55 59 43 35 49 78 63 50 39 35 39 49 62 77 93 73 57 41 28 21 27 40 56 72 89 71 53 36 19 7 18 35 52 69 87 71 53 36 20 8 19 35 52 70 87 74 57 42 28 22 28 41 56 72 89 79 64 51 40 36 40 50 63 78 93 86 73 61 53 50 53 60 72 85 99 95 83 73 67 64 66 72 82 94 107 105 95 86 80 78 80 85 93 104 116 116 107 99 94 92 93 98 105 114 125
28 43 53 23 80 28 40 88 85 71 70 49 60 11 70 13 75 32 50 10 46 42 75 21 87 72 45 43 75 60 0 35 82 6 72 9 80 33 55 13 138 122 107 93 80 69 60 56 58 64 133 116 101 85 71 58 48 43 44 52 129 112 95 79 63 48 36 29 31 42 127 109 92 75 58 42 26 15 20 34 126 108 91 74 57 39 22 5 14 31 126 109 92 75 58 41 26 14 19 34 129 112 95 79 63 48 35 28 31 41 132 116 100 85 70 57 47 42 43 51 138 122 107 92 79 68 59 55 57 63 144 129 115 101 89 80 73 69 70 75
32 9 39 43 73 30 25 80 74 65 86 33 72 25 74 24 51 16 36 44 32 12 72 36 81 37 58 36 73 66 35 0 80 30 80 29 56 23 41 41 140 127 115 104 96 90 87 88 91 98 132 118 105 93 83 77 73 74 78 86 125 110 95 83 72 63 59 60 66 75 118 103 87 73 60 51 46 47 54 65 114 97 81 65 51 39 32 34 43 56 111 94 77 60 44 29 18 21 35 50 109 92 75 58 40 23 6 13 30 47 110 93 76 58 42 25 12 17 32 49 112 95 79 63 47 34 26 28 39 53 116 100 84 69 56 45 39 41 49 61
56 78 42 105 11 56 55 12 19 16 44 47 36 82 19 76 52 65 45 82 49 71 9 62 8 91 43 45 8 26 82 80 0 81 26 76 52 58 40 73 61 50 43 42 48 59 72 87 102 119 53 39 29 28 37 50 65 81 98 115 47 31 17 15 28 44 61 78 95 112 45 28 11 8 25 42 59 77 94 111 48 32 19 17 29 45 61 78 95 112 54 41 32 31 39 51 66 82 98 115 63 52 45 45 50 61 74 88 103 119 74 65 59 59 63 71 83 96 110 125 85 78 73 73 76 83 93 105 118 132 98 91 87 87 89 96 104 115 127 140
26 38 50 24 79 26 36 86 83 69 72 45 61 5 70 8 71 28 47 16 43 37 74 21 85 66 46 40 74 60 6 30 81 0 73 6 76 29 52 16 138 123 108 94 82 72 64 61 63 69 132 116 101 86 72 60 51 47 50 57 128 111 95 79 64 50 39 34 37 47 125 108 91 74 58 42 28 20 25 38 124 106 89 72 55 37 21 6 17 34 124 107 89 72 55 38 22 9 18 34 126 109 92 75 59 43 30 23 27 40 129 112 96 80 65 52 41 37 40 49 134 118 102 88 74 63 54 50 53 60 140 124 110 96 84 74 67 64 66 72
51 81 49 95 33 52 57 37 43 31 19 53 14 75 9 69 68 65 51 69 53 75 25 53 33 101 28 46 21 15 72 80 26 73 0 67 70 58 48 60 66 51 36 25 24 34 48 64 80 97 63 46 29 14 12 27 43 60 77 95 63 45 28 12 10 26 43 60 77 94 65 49 34 22 21 32 47 63 79 96 71 56 44 36 35 42 54 68 84 100 79 66 55 49 49 54 64 76 90 105 88 77 68 63 62 67 75 86 98 112 99 89 81 77 76 80 87 96 108 120 110 101 95 91 90 93 99 107 118 129 122 114 108 105 104 107 112 119 128 139
20 36 44 30 73 20 31 80 77 64 67 40 56 8 64 5 66 24 42 17 38 34 68 15 79 65 41 35 68 55 9 29 76 6 67 0 71 24 46 14 133 117 103 89 77 68 62 60 63 71 127 111 95 81 67 56 48 46 51 60 122 106 89 73 58 45 35 33 39 50 119 102 85 68 52 36 23 19 28 43 118 101 83 66 49 32 15 6 22 39 118 101 84 67 50 33 17 11 24 40 120 103 87 70 54 39 28 24 32 45 124 108 91 76 62 49 40 38 43 54 129 113 98 84 71 60 54 52 56 64 135 120 106 93 82 73 67 66 69 76
56 50 31 96 42 55 41 44 35 40 86 33 72 74 61 68 6 49 32 86 35 45 47 66 48 47 67 42 51 59 80 56 52 76 70 71 0 48 30 77 107 99 94 92 93 97 104 114 125 137 95 86 80 78 79 84 92 103 115 128 84 74 67 64 66 72 81 93 106 120 73 62 53 50 52 60 71 84 98 114 65 51 40 36 39 49 62 77 92 109 58 42 29 22 27 40 55 71 88 105 54 37 21 8 18 34 51 69 86 103 54 37 21 8 18 34 51 69 86 103 58 42 29 22 27 40 55 71 88 105 65 51 41 36 39 49 62 77 92 109
12 25 21 51 54 10 8 60 56 44 64 16 50 28 52 22 43 8 18 38 14 19 50 21 61 51 36 14 52 43 33 23 58 29 58 24 48 0 23 31 118 105 93 82 74 70 70 74 81 91 111 96 83 71 61 56 56 61 70 82 104 89 74 60 49 42 42 49 60 73 100 83 67 52 38 29 29 38 51 66 97 80 63 46 30 16 16 29 45 62 96 79 61 44 27 9 9 26 44 61 97 80 63 46 31 18 18 30 46 63 100 84 68 53 39 31 31 39 52 67 105 90 75 62 51 44 44 50 61 74 112 97 84 72 63 58 58 63 71 83
28 39 3 74 33 27 17 40 34 25 61 8 46 50 40 44 26 28 6 58 10 32 33 38 41 54 38 13 35 35 55 41 40 52 48 46 30 23 0 50 101 89 80 73 70 71 76 84 95 108 92 79 68 59 56 57 64 74 86 100 84 70 57 47 42 44 52 64 78 93 78 62 47 35 28 31 42 56 72 88 74 57 41 25 14 20 34 51 68 85 73 56 39 21 4 14 32 49 66 84 75 58 41 26 16 21 35 51 68 85 79 63 48 36 30 33 43 57 72 88 85 71 58 48 44 46 53 65 79 94 93 80 69 61 58 59 65 75 87 101
22 48 48 35 72 23 38 79 78 63 57 45 48 21 59 18 73 33 46 10 43 45 65 13 77 77 33 37 65 49 13 41 73 16 60 14 77 31 50 0 126 110 95 80 67 56 49 47 52 61 122 105 89 73 58 45 36 33 40 51 119 102 85 68 52 36 23 20 29 44 117 100 83 65 48 31 14 7 23 40 118 100 83 66 49 32 16 10 24 41 119 103 86 69 53 38 27 24 32 46 123 107 91 75 61 48 39 37 43 54 128 112 97 83 70 59 53 51 55 64 134 119 105 92 81 72 66 65 68 75 142 128 114 102 92 84 80 79 81 87
115 139 103 161 69 115 115 64 73 77 76 108 79 140 69 133 108 126 106 135 110 132 69 118 62 151 94 105 67 78 138 140 61 138 66 133 107 118 101 126 0 18 35 52 70 87 104 122 139 156 15 23 38 54 71 88 105 122 140 157 29 34 45 60 75 91 108 125 142 159 43 47 55 68 82 97 113 129 145 162 58 60 67 77 90 104 119 134 150 166 72 74 80 88 99 112 126 140 156 171 86 88 93 100 110 122 134 148 162 177 100 102 106 112 121 132 144 156 170 184 115 116 119 125 133 143 154 166 179 192 129 130 133 138 145 154 164 176 188 201
100 127 91 145 59 101 102 56 65 65 59 96 63 125 54 118 100 112 93 119 97 120 57 103 52 141 78 92 55 63 122 127 50 123 51 117 99 105 89 110 18 0 18 35 52 70 87 104 122 139 23 15 23 38 54 71 88 105 122 140 34 29 34 45 60 75 91 108 125 142 47 43 46 55 67 82 97 112 129 145 60 57 60 67 77 90 104 118 134 150 74 72 73 79 88 99 112 126 140 155 88 86 87 92 100 110 121 134 148 162 102 100 101 105 112 121 131 143 156 170 116 114 115 119 125 133 142 153 165 178 130 128 129 132 138 145 154 164 175 187
86 116 81 130 53 87 91 51 60 57 42 86 48 111 41 104 94 100 83 103 86 109 49 88 47 132 63 80 45 50 107 115 43 108 36 103 94 93 80 95 35 18 0 18 35 52 70 87 104 122 38 23 15 23 38 54 71 88 105 122 45 34 29 34 45 60 75 91 108 125 55 46 43 46 55 67 81 97 112 129 67 60 57 60 67 77 90 104 118 134 80 73 71 73 79 88 99 112 126 140 93 87 85 87 92 99 109 121 134 148 106 101 99 101 105 112 121 131 143 156 119 115 114 115 118 124 132 142 153 165 133 129 128 129 132 137 144 153 163 175
74 106 74 115 52 75 82 53 61 53 25 78 34 97 33 91 91 90 75 88 78 99 45 75 48 126 49 71 41 39 93 104 42 94 25 89 92 82 73 80 52 35 18 0 18 35 52 70 87 104 54 38 23 15 23 38 54 71 88 105 60 45 34 29 33 45 59 75 91 108 68 55 46 43 46 55 67 81 97 112 77 67 60 57 59 66 77 89 103 118 88 79 73 71 73 79 88 99 112 125 100 92 87 85 87 91 99 109 121 134 112 105 101 99 100 105 111 120 131 143 125 119 115 113 114 118 124 132 141 152 138 132 129 127 128 131 137 144 153 163
65 99 70 102 57 66 75 60 66 55 11 73 25 85 33 80 91 81 71 74 73 92 48 63 55 121 39 65 45 35 80 96 48 82 24 77 93 74 70 67 70 52 35 18 0 18 35 52 70 87 71 54 38 23 15 23 38 54 71 88 75 60 45 33 29 33 45 59 75 91 82 67 55 46 43 46 55 67 81 96 90 77 67 59 57 59 66 77 89 103 99 88 79 73 71 73 78 87 99 111 110 100 92 87 85 86 91 99 109 120 121 112 105 100 99 100 104 111 120 130 133 125 118 114 113 114 117 123 131 141 145 138 132 128 127 127 131 136 143 152
59 94 71 89 66 61 72 70 75 61 15 73 26 76 41 71 94 76 71 61 72 89 57 55 66 119 34 63 54 39 69 90 59 72 34 68 97 70 71 56 87 70 52 35 18 0 18 35 52 70 88 71 54 38 23 14 23 38 54 71 91 75 60 45 33 28 33 45 59 75 97 82 67 55 46 42 46 55 67 81 104 90 77 66 59 56 59 66 76 89 112 99 88 79 73 70 72 78 87 98 122 110 99 91 86 84 86 91 98 108 132 121 112 105 100 98 99 104 110 119 143 133 124 118 114 112 113 117 123 131 154 145 137 131 127 126 127 130 135 143
58 93 76 78 78 60 74 83 87 72 31 76 37 69 54 66 101 75 75 51 75 88 69 52 79 120 38 66 66 49 60 87 72 64 48 62 104 70 76 49 104 87 70 52 35 18 0 18 35 52 105 88 71 54 38 23 14 23 38 54 108 91 75 59 45 33 28 33 45 59 113 97 81 67 55 46 42 46 54 67 119 104 90 77 66 59 56 59 66 76 126 112 99 88 78 72 70 72 78 87 134 121 109 99 91 86 84 85 90 98 144 131 121 111 104 99 98 99 103 110 154 142 132 124 117 113 112 113 116 122 164 154 144 137 131 127 125 126 130 135
62 94 84 70 91 64 79 97 100 85 48 83 52 66 69 64 110 78 83 47 82 91 83 54 94 123 48 73 80 62 56 88 87 61 64 60 114 74 84 47 122 104 87 70 52 35 18 0 18 35 122 105 88 71 54 38 23 14 23 38 125 108 91 75 59 45 33 28 33 45 129 112 97 81 67 55 46 42 45 54 134 118 104 89 77 66 59 56 58 65 140 126 112 99 87 78 72 70 72 77 148 134 121 109 99 91 85 83 85 90 156 143 131 120 111 104 99 97 99 103 166 153 142 132 123 117 113 111 112 116 176 164 153 144 136 130 126 125 126 129
70 99 94 66 106 72 87 112 115 99 65 93 68 68 84 68 120 84 93 48 91 96 98 61 109 128 62 84 95 77 58 91 102 63 80 63 125 81 95 52 139 122 104 87 70 52 35 18 0 18 140 122 105 88 71 54 38 23 14 23 142 125 108 91 75 59 45 33 28 33 145 129 112 97 81 67 54 45 42 45 150 134 118 103 89 76 66 58 55 58 156 140 126 112 99 87 78 72 69 71 162 148 134 121 109 98 90 85 83 85 170 156 143 131 120 110 103 99 97 98 179 165 153 141 131 123 116 112 110 112 188 175 163 153 143 135 130 126 124 125
81 106 107 66 122 83 98 128 130 114 82 105 84 74 101 75 132 93 105 55 103 105 113 72 125 135 77 96 111 93 64 98 119 69 97 71 137 91 108 61 156 139 122 104 87 70 52 35 18 0 157 140 122 105 88 71 54 38 23 14 159 142 125 108 91 75 59 45 33 28 162 145 129 112 96 81 67 54 45 42 166 150 134 118 103 89 76 65 58 55 171 155 140 125 111 98 87 77 71 69 177 162 148 134 120 108 98 90 85 83 184 170 156 143 130 119 110 103 98 96 192 178 165 152 141 131 122 116 112 110 201 187 175 163 152 143 135 129 125 124
108 130 94 156 59 108 107 54 62 67 75 99 77 134 63 127 97 118 97 131 101 123 61 112 52 140 90 97 60 73 133 132 53 132 63 127 95 111 92 122 15 23 38 54 71 88 105 122 140 157 0 18 35 52 70 87 104 122 139 156 15 23 38 54 71 88 105 122 140 157 29 34 45 60 75 91 108 125 142 159 43 47 55 68 82 97 113 129 145 162 58 60 67 77 90 104 119 134 150 166 72 74 80 88 99 112 126 140 156 171 86 88 93 100 110 122 134 148 162 177 100 102 106 112 121 132 144 156 170 184 115 116 119 125 133 143 154 166 179 192
93 117 81 139 47 93 93 43 52 54 58 86 59 118 47 111 87 103 83 114 87 110 47 96 40 129 73 83 45 57 116 118 39 116 46 111 86 96 79 105 23 15 23 38 54 71 88 105 122 140 18 0 18 35 52 70 87 104 122 139 23 15 23 38 54 71 88 105 122 140 34 29 34 45 60 75 91 108 125 142 47 43 46 55 67 82 97 112 129 145 60 57 60 67 77 90 104 118 134 150 74 72 73 79 88 99 112 126 140 155 88 86 87 92 100 110 121 134 148 162 102 100 101 105 112 121 131 143 156 170 116 114 115 119 125 133 142 153 165 178
78 105 69 123 39 78 80 37 46 44 41 74 42 103 32 96 80 90 71 97 75 98 36 81 33 120 56 69 33 41 101 105 29 101 29 95 80 83 68 89 38 23 15 23 38 54 71 88 105 122 35 18 0 18 35 52 70 87 104 122 38 23 15 23 38 54 71 88 105 122 45 34 29 34 45 60 75 91 108 125 55 46 43 46 55 67 81 97 112 129 67 60 57 60 67 77 90 104 118 134 80 73 71 73 79 88 99 112 126 140 93 87 85 87 92 99 109 121 134 148 106 101 99 101 105 112 121 131 143 156 119 115 114 115 118 124 132 142 153 165
64 94 61 108 38 65 69 39 47 39 24 65 26 88 20 82 77 78 62 81 65 87 31 66 35 113 41 58 27 28 85 93 28 86 14 81 78 71 59 73 54 38 23 15 23 38 54 71 88 105 52 35 18 0 18 35 52 70 87 104 54 38 23 15 23 38 54 71 88 105 60 45 34 29 33 45 59 75 91 108 68 55 46 43 46 55 67 81 97 112 77 67 60 57 59 66 77 89 103 118 88 79 73 71 73 79 88 99 112 125 100 92 87 85 87 91 99 109 121 134 112 105 101 99 100 105 111 120 131 143 125 119 115 113 114 118 124 132 141 152
53 86 56 93 44 54 62 48 54 41 8 60 12 75 20 69 77 69 57 66 59 79 36 52 44 108 27 51 32 21 71 83 37 72 12 67 79 61 56 58 71 54 38 23 15 23 38 54 71 88 70 52 35 18 0 18 35 52 70 87 71 54 38 23 15 23 38 54 71 88 75 60 45 33 29 33 45 59 75 91 82 67 55 46 43 46 55 67 81 96 90 77 67 59 57 59 66 77 89 103 99 88 79 73 71 73 78 87 99 111 110 100 92 87 85 86 91 99 109 120 121 112 105 100 99 100 104 111 120 130 133 125 118 114 113 114 117 123 131 141
46 80 57 79 56 47 58 61 65 50 13 59 15 64 32 59 81 63 57 51 58 75 47 42 57 105 20 49 44 27 58 77 50 60 27 56 84 56 57 45 88 71 54 38 23 14 23 38 54 71 87 70 52 35 18 0 18 35 52 70 88 71 54 38 23 14 23 38 54 71 91 75 60 45 33 28 33 45 59 75 97 82 67 55 46 42 46 55 67 81 104 90 77 66 59 56 59 66 76 89 112 99 88 79 73 70 72 78 87 98 122 110 99 91 86 84 86 91 98 108 132 121 112 105 100 98 99 104 110 119 143 133 124 118 114 112 113 117 123 131
44 79 63 67 69 46 60 75 78 63 30 63 30 56 47 52 89 61 62 39 62 74 61 38 72 106 27 53 58 40 48 73 65 51 43 48 92 56 64 36 105 88 71 54 38 23 14 23 38 54 104 87 70 52 35 18 0 18 35 52 105 88 71 54 38 23 14 23 38 54 108 91 75 59 45 33 28 33 45 59 113 97 81 67 55 46 42 46 54 67 119 104 90 77 66 59 56 59 66 76 126 112 99 88 78 72 70 72 78 87 134 121 109 99 91 86 84 85 90 98 144 131 121 111 104 99 98 99 103 110 154 142 132 124 117 113 112 113 116 122
49 81 73 58 84 51 66 91 93 77 47 72 47 52 64 51 99 65 71 33 70 77 76 41 88 109 40 62 74 56 43 74 81 47 60 46 103 61 74 33 122 105 88 71 54 38 23 14 23 38 122 104 87 70 52 35 18 0 18 35 122 105 88 71 54 38 23 14 23 38 125 108 91 75 59 45 33 28 33 45 129 112 97 81 67 55 46 42 45 54 134 118 104 89 77 66 59 56 58 65 140 126 112 99 87 78 72 70 72 77 148 134 121 109 99 91 85 83 85 90 156 143 131 120 111 104 99 97 99 103 166 153 142 132 123 117 113 111 112 116
59 86 85 53 100 61 76 107 108 92 64 83 64 55 80 55 110 72 83 35 81 84 92 50 104 115 56 74 90 72 44 78 98 50 77 51 115 70 86 40 140 122 105 88 71 54 38 23 14 23 139 122 104 87 70 52 35 18 0 18 140 122 105 88 71 54 38 23 14 23 142 125 108 91 75 59 45 33 28 33 145 129 112 97 81 67 54 45 42 45 150 134 118 103 89 76 66 58 55 58 156 140 126 112 99 87 78 72 69 71 162 148 134 121 109 98 90 85 83 85 170 156 143 131 120 110 103 99 97 98 179 165 153 141 131 123 116 112 110 112
72 95 98 53 117 74 89 123 124 108 82 96 81 62 97 64 123 83 96 44 94 94 109 63 121 123 72 87 107 89 52 86 115 57 95 60 128 82 100 51 157 140 122 105 88 71 54 38 23 14 156 139 122 104 87 70 52 35 18 0 157 140 122 105 88 71 54 38 23 14 159 142 125 108 91 75 59 45 33 28 162 145 129 112 96 81 67 54 45 42 166 150 134 118 103 89 76 65 58 55 171 155 140 125 111 98 87 77 71 69 177 162 148 134 120 108 98 90 85 83 184 170 156 143 130 119 110 103 98 96 192 178 165 152 141 131 122 116 112 110
103 122 86 151 52 103 100 45 52 60 78 92 76 129 61 122 86 111 89 128 93 115 55 108 44 129 88 91 55 71 129 125 47 128 63 122 84 104 84 119 29 34 45 60 75 91 108 125 142 159 15 23 38 54 71 88 105 122 140 157 0 18 35 52 70 87 104 122 139 156 15 23 38 54 71 88 105 122 140 157 29 34 45 60 75 91 108 125 142 159 43 47 55 68 82 97 113 129 145 162 58 60 67 77 90 104 119 134 150 166 72 74 80 88 99 112 126 140 156 171 86 88 93 100 110 122 134 148 162 177 100 102 106 112 121 132 144 156 170 184
87 108 72 135 37 87 85 31 40 45 61 77 59 112 44 106 75 96 74 111 78 101 39 92 29 118 70 75 38 53 112 110 31 111 45 106 74 89 70 102 34 29 34 45 60 75 91 108 125 142 23 15 23 38 54 71 88 105 122 140 18 0 18 35 52 70 87 104 122 139 23 15 23 38 54 71 88 105 122 140 34 29 34 45 60 75 91 108 125 142 47 43 46 55 67 82 97 112 129 145 60 57 60 67 77 90 104 118 134 150 74 72 73 79 88 99 112 126 140 155 88 86 87 92 100 110 121 134 148 162 102 100 101 105 112 121 131 143 156 170
71 94 58 118 26 71 71 23 32 32 45 64 42 96 27 90 67 81 61 94 65 87 25 75 19 108 53 60 23 36 95 95 17 95 28 89 67 74 57 85 45 34 29 34 45 60 75 91 108 125 38 23 15 23 38 54 71 88 105 122 35 18 0 18 35 52 70 87 104 122 38 23 15 23 38 54 71 88 105 122 45 34 29 34 45 60 75 91 108 125 55 46 43 46 55 67 81 97 112 129 67 60 57 60 67 77 90 104 118 134 80 73 71 73 79 88 99 112 126 140 93 87 85 87 92 99 109 121 134 148 106 101 99 101 105 112 121 131 143 156
55 83 48 102 24 56 58 27 34 25 30 53 25 81 10 74 63 68 50 77 53 76 17 59 22 99 36 47 13 19 79 83 15 79 12 73 64 60 47 68 60 45 34 29 33 45 59 75 91 108 54 38 23 15 23 38 54 71 88 105 52 35 18 0 18 35 52 70 87 104 54 38 23 15 23 38 54 71 88 105 60 45 34 29 33 45 59 75 91 108 68 55 46 43 46 55 67 81 97 112 77 67 60 57 59 66 77 89 103 118 88 79 73 71 73 79 88 99 112 125 100 92 87 85 87 91 99 109 121 134 112 105 101 99 100 105 111 120 131 143
42 73 42 86 33 43 49 38 43 29 20 46 8 66 10 60 63 57 44 60 46 66 24 43 35 94 19 38 21 7 63 72 28 64 10 58 66 49 42 52 75 60 45 33 29 33 45 59 75 91 71 54 38 23 15 23 38 54 71 88 70 52 35 18 0 18 35 52 70 87 71 54 38 23 15 23 38 54 71 88 75 60 45 33 29 33 45 59 75 91 82 67 55 46 43 46 55 67 81 96 90 77 67 59 57 59 66 77 89 103 99 88 79 73 71 73 78 87 99 111 110 100 92 87 85 86 91 99 109 120 121 112 105 100 99 100 104 111 120 130
32 67 44 71 47 34 45 53 56 40 23 45 13 53 27 47 68 49 44 44 44 61 39 30 50 91 6 35 37 18 48 63 44 50 26 45 72 42 44 36 91 75 60 45 33 28 33 45 59 75 88 71 54 38 23 14 23 38 54 71 87 70 52 35 18 0 18 35 52 70 88 71 54 38 23 14 23 38 54 71 91 75 60 45 33 28 33 45 59 75 97 82 67 55 46 42 46 55 67 81 104 90 77 66 59 56 59 66 76 89 112 99 88 79 73 70 72 78 87 98 122 110 99 91 86 84 86 91 98 108 132 121 112 105 100 98 99 104 110 119
31 65 51 57 63 32 47 70 71 55 35 51 29 43 44 39 77 48 50 29 49 60 55 24 67 92 18 41 53 35 36 59 61 39 43 35 81 42 52 23 108 91 75 59 45 33 28 33 45 59 105 88 71 54 38 23 14 23 38 54 104 87 70 52 35 18 0 18 35 52 105 88 71 54 38 23 14 23 38 54 108 91 75 59 45 33 28 33 45 59 113 97 81 67 55 46 42 46 54 67 119 104 90 77 66 59 56 59 66 76 126 112 99 88 78 72 70 72 78 87 134 121 109 99 91 86 84 85 90 98 144 131 121 111 104 99 98 99 103 110
38 67 63 46 79 40 55 86 87 71 51 61 46 38 61 37 88 52 61 19 59 64 72 29 84 96 35 52 70 52 29 60 78 34 60 33 93 49 64 20 125 108 91 75 59 45 33 28 33 45 122 105 88 71 54 38 23 14 23 38 122 104 87 70 52 35 18 0 18 35 122 105 88 71 54 38 23 14 23 38 125 108 91 75 59 45 33 28 33 45 129 112 97 81 67 55 46 42 45 54 134 118 104 89 77 66 59 56 58 65 140 126 112 99 87 78 72 70 72 77 148 134 121 109 99 91 85 83 85 90 156 143 131 120 111 104 99 97 99 103
50 74 76 39 96 52 66 103 103 87 67 74 64 42 78 43 101 61 74 22 72 72 88 41 101 103 52 65 87 69 31 66 95 37 77 39 106 60 78 29 142 125 108 91 75 59 45 33 28 33 140 122 105 88 71 54 38 23 14 23 139 122 104 87 70 52 35 18 0 18 140 122 105 88 71 54 38 23 14 23 142 125 108 91 75 59 45 33 28 33 145 129 112 97 81 67 54 45 42 45 150 134 118 103 89 76 66 58 55 58 156 140 126 112 99 87 78 72 69 71 162 148 134 121 109 98 90 85 83 85 170 156 143 131 120 110 103 99 97 98
65 84 91 39 113 67 80 120 120 104 84 88 81 51 96 54 115 73 89 35 86 83 106 56 118 112 70 81 104 87 42 75 112 47 94 50 120 73 93 44 159 142 125 108 91 75 59 45 33 28 157 140 122 105 88 71 54 38 23 14 156 139 122 104 87 70 52 35 18 0 157 140 122 105 88 71 54 38 23 14 159 142 125 108 91 75 59 45 33 28 162 145 129 112 96 81 67 54 45 42 166 150 134 118 103 89 76 65 58 55 171 155 140 125 111 98 87 77 71 69 177 162 148 134 120 108 98 90 85 83 184 170 156 143 130 119 110 103 98 96
100 115 80 148 47 100 94 40 45 56 82 86 78 125 62 119 76 106 83 127 88 108 53 106 41 120 88 86 53 71 127 118 45 125 65 119 73 100 78 117 43 47 55 68 82 97 113 129 145 162 29 34 45 60 75 91 108 125 142 159 15 23 38 54 71 88 105 122 140 157 0 18 35 52 70 87 104 122 139 156 15 23 38 54 71 88 105 122 140 157 29 34 45 60 75 91 108 125 142 159 43 47 55 68 82 97 113 129 145 162 58 60 67 77 90 104 119 134 150 166 72 74 80 88 99 112 126 140 156 171 86 88 93 100 110 122 134 148 162 177
83 100 64 131 30 83 78 23 29 39 67 70 62 108 45 102 64 89 67 109 72 93 35 89 23 107 70 70 36 53 109 103 28 108 49 102 62 83 62 100 47 43 46 55 67 82 97 112 129 145 34 29 34 45 60 75 91 108 125 142 23 15 23 38 54 71 88 105 122 140 18 0 18 35 52 70 87 104 122 139 23 15 23 38 54 71 88 105 122 140 34 29 34 45 60 75 91 108 125 142 47 43 46 55 67 82 97 112 129 145 60 57 60 67 77 90 104 118 134 150 74 72 73 79 88 99 112 126 140 155 88 86 87 92 100 110 121 134 148 162
66 85 49 114 15 66 63 10 19 23 53 55 45 92 29 85 54 74 52 92 56 78 18 72 7 96 53 53 19 36 92 87 11 91 34 85 53 67 47 83 55 46 43 46 55 67 81 97 112 129 45 34 29 34 45 60 75 91 108 125 38 23 15 23 38 54 71 88 105 122 35 18 0 18 35 52 70 87 104 122 38 23 15 23 38 54 71 88 105 122 45 34 29 34 45 60 75 91 108 125 55 46 43 46 55 67 81 97 112 129 67 60 57 60 67 77 90 104 118 134 80 73 71 73 79 88 99 112 126 140 93 87 85 87 92 99 109 121 134 148
49 72 36 98 11 49 48 16 21 11 41 42 31 75 14 68 49 59 39 75 43 65 3 55 13 87 36 38 2 20 75 73 8 74 22 68 50 52 35 65 68 55 46 43 46 55 67 81 97 112 60 45 34 29 33 45 59 75 91 108 54 38 23 15 23 38 54 71 88 105 52 35 18 0 18 35 52 70 87 104 54 38 23 15 23 38 54 71 88 105 60 45 34 29 33 45 59 75 91 108 68 55 46 43 46 55 67 81 97 112 77 67 60 57 59 66 77 89 103 118 88 79 73 71 73 79 88 99 112 125 100 92 87 85 87 91 99 109 121 134
33 61 29 81 26 34 36 32 34 18 34 32 20 59 14 52 50 45 30 57 33 54 18 38 30 80 20 26 17 8 58 60 25 58 21 52 52 38 28 48 82 67 55 46 43 46 55 67 81 96 75 60 45 33 29 33 45 59 75 91 71 54 38 23 15 23 38 54 71 88 70 52 35 18 0 18 35 52 70 87 71 54 38 23 15 23 38 54 71 88 75 60 45 33 29 33 45 59 75 91 82 67 55 46 43 46 55 67 81 96 90 77 67 59 57 59 66 77 89 103 99 88 79 73 71 73 78 87 99 111 110 100 92 87 85 86 91 99 109 120
20 53 30 65 42 21 31 49 49 34 36 31 22 44 29 38 56 36 30 40 30 47 35 22 47 77 9 21 34 19 42 51 42 42 32 36 60 29 31 31 97 82 67 55 46 42 46 55 67 81 91 75 60 45 33 28 33 45 59 75 88 71 54 38 23 14 23 38 54 71 87 70 52 35 18 0 18 35 52 70 88 71 54 38 23 14 23 38 54 71 91 75 60 45 33 28 33 45 59 75 97 82 67 55 46 42 46 55 67 81 104 90 77 66 59 56 59 66 76 89 112 99 88 79 73 70 72 78 87 98 122 110 99 91 86 84 86 91 98 108
17 51 41 49 59 19 34 66 66 51 45 39 34 31 45 26 66 34 39 23 37 46 52 10 65 78 19 30 52 35 26 46 59 28 47 23 71 29 42 14 113 97 81 67 55 46 42 46 54 67 108 91 75 59 45 33 28 33 45 59 105 88 71 54 38 23 14 23 38 54 104 87 70 52 35 18 0 18 35 52 105 88 71 54 38 23 14 23 38 54 108 91 75 59 45 33 28 33 45 59 113 97 81 67 55 46 42 46 54 67 119 104 90 77 66 59 56 59 66 76 126 112 99 88 78 72 70 72 78 87 134 121 109 99 91 86 84 85 90 98
28 54 54 35 77 30 44 84 83 68 57 52 50 25 62 23 79 40 52 7 49 52 70 19 82 83 36 44 69 52 15 47 77 20 63 19 84 38 56 7 129 112 97 81 67 55 46 42 45 54 125 108 91 75 59 45 33 28 33 45 122 105 88 71 54 38 23 14 23 38 122 104 87 70 52 35 18 0 18 35 122 105 88 71 54 38 23 14 23 38 125 108 91 75 59 45 33 28 33 45 129 112 97 81 67 55 46 42 45 54 134 118 104 89 77 66 59 56 58 65 140 126 112 99 87 78 72 70 72 77 148 134 121 109 99 91 85 83 85 90
44 62 70 26 94 45 58 101 100 85 72 66 66 29 79 32 94 51 67 14 64 62 87 35 99 91 53 59 86 70 20 54 94 25 79 28 98 51 72 23 145 129 112 97 81 67 54 45 42 45 142 125 108 91 75 59 45 33 28 33 140 122 105 88 71 54 38 23 14 23 139 122 104 87 70 52 35 18 0 18 140 122 105 88 71 54 38 23 14 23 142 125 108 91 75 59 45 33 28 33 145 129 112 97 81 67 54 45 42 45 150 134 118 103 89 76 66 58 55 58 156 140 126 112 99 87 78 72 69 71 162 148 134 121 109 98 90 85 83 85
60 74 86 26 111 61 74 118 117 102 88 82 83 42 96 46 109 65 83 31 80 74 104 52 116 101 70 76 104 87 34 65 111 38 96 43 114 66 88 40 162 145 129 112 96 81 67 54 45 42 159 142 125 108 91 75 59 45 33 28 157 140 122 105 88 71 54 38 23 14 156 139 122 104 87 70 52 35 18 0 157 140 122 105 88 71 54 38 23 14 159 142 125 108 91 75 59 45 33 28 162 145 129 112 96 81 67 54 45 42 166 150 134 118 103 89 76 65 58 55 171 155 140 125 111 98 87 77 71 69 177 162 148 134 120 108 98 90 85 83
99 109 76 147 46 98 91 39 41 55 89 82 83 123 66 117 68 102 79 127 84 103 54 106 42 111 90 84 55 74 126 114 48 124 71 118 65 97 74 118 58 60 67 77 90 104 119 134 150 166 43 47 55 68 82 97 113 129 145 162 29 34 45 60 75 91 108 125 142 159 15 23 38 54 71 88 105 122 140 157 0 18 35 52 70 87 104 122 139 156 15 23 38 54 71 88 105 122 140 157 29 34 45 60 75 91 108 125 142 159 43 47 55 68 82 97 113 129 145 162 58 60 67 77 90 104 119 134 150 166 72 74 80 88 99 112 126 140 156 171
81 93 60 129 29 81 74 22 24 38 75 65 67 106 50 100 54 85 62 110 67 87 37 89 25 97 73 67 39 57 108 97 32 106 56 101 51 80 57 100 60 57 60 67 77 90 104 118 134 150 47 43 46 55 67 82 97 112 129 145 34 29 34 45 60 75 91 108 125 142 23 15 23 38 54 71 88 105 122 140 18 0 18 35 52 70 87 104 122 139 23 15 23 38 54 71 88 105 122 140 34 29 34 45 60 75 91 108 125 142 47 43 46 55 67 82 97 112 129 145 60 57 60 67 77 90 104 118 134 150 74 72 73 79 88 99 112 126 140 155
64 78 43 112 13 63 57 8 7 21 63 48 53 89 36 82 42 68 46 92 50 71 21 71 12 85 57 50 24 42 91 81 19 89 44 83 40 63 41 83 67 60 57 60 67 77 90 104 118 134 55 46 43 46 55 67 81 97 112 129 45 34 29 34 45 60 75 91 108 125 38 23 15 23 38 54 71 88 105 122 35 18 0 18 35 52 70 87 104 122 38 23 15 23 38 54 71 88 105 122 45 34 29 34 45 60 75 91 108 125 55 46 43 46 55 67 81 97 112 129 67 60 57 60 67 77 90 104 118 134 80 73 71 73 79 88 99 112 126 140
47 63 27 95 9 46 41 15 12 5 53 33 41 72 27 65 35 52 30 75 34 56 12 54 16 74 42 33 16 28 74 65 17 72 36 66 36 46 25 66 77 67 60 57 59 66 77 89 103 118 68 55 46 43 46 55 67 81 97 112 60 45 34 29 33 45 59 75 91 108 54 38 23 15 23 38 54 71 88 105 52 35 18 0 18 35 52 70 87 104 54 38 23 15 23 38 54 71 88 105 60 45 34 29 33 45 59 75 91 108 68 55 46 43 46 55 67 81 97 112 77 67 60 57 59 66 77 89 103 118 88 79 73 71 73 79 88 99 112 125
30 50 15 78 25 29 26 32 29 15 48 20 34 55 27 48 36 36 17 58 20 43 21 37 32 67 29 16 23 22 57 51 29 55 35 49 39 30 14 49 90 77 67 59 57 59 66 77 89 103 82 67 55 46 43 46 55 67 81 96 75 60 45 33 29 33 45 59 75 91 71 54 38 23 15 23 38 54 71 88 70 52 35 18 0 18 35 52 70 87 71 54 38 23 15 23 38 54 71 88 75 60 45 33 29 33 45 59 75 91 82 67 55 46 43 46 55 67 81 96 90 77 67 59 57 59 66 77 89 103 99 88 79 73 71 73 78 87 99 111
12 40 18 61 42 12 17 49 47 32 49 18 35 38 36 31 44 24 17 41 17 34 37 20 48 64 23 8 38 28 39 39 45 37 42 32 49 16 20 32 104 90 77 66 59 56 59 66 76 89 97 82 67 55 46 42 46 55 67 81 91 75 60 45 33 28 33 45 59 75 88 71 54 38 23 14 23 38 54 71 87 70 52 35 18 0 18 35 52 70 88 71 54 38 23 14 23 38 54 71 91 75 60 45 33 28 33 45 59 75 97 82 67 55 46 42 46 55 67 81 104 90 77 66 59 56 59 66 76 89 112 99 88 79 73 70 72 78 87 98
6 37 33 44 59 8 22 66 64 50 56 29 44 22 50 15 57 20 30 25 27 33 54 5 65 65 28 22 54 41 22 32 61 21 54 15 62 16 34 16 119 104 90 77 66 59 56 59 66 76 113 97 81 67 55 46 42 46 54 67 108 91 75 59 45 33 28 33 45 59 105 88 71 54 38 23 14 23 38 54 104 87 70 52 35 18 0 18 35 52 105 88 71 54 38 23 14 23 38 54 108 91 75 59 45 33 28 33 45 59 113 97 81 67 55 46 42 46 54 67 119 104 90 77 66 59 56 59 66 76 126 112 99 88 78 72 70 72 78 87
23 41 49 27 76 24 36 83 81 67 66 45 57 11 66 10 72 29 46 11 43 40 71 17 82 70 41 39 71 56 5 34 78 6 68 6 77 29 51 10 134 118 104 89 77 66 59 56 58 65 129 112 97 81 67 55 46 42 45 54 125 108 91 75 59 45 33 28 33 45 122 105 88 71 54 38 23 14 23 38 122 104 87 70 52 35 18 0 18 35 122 105 88 71 54 38 23 14 23 38 125 108 91 75 59 45 33 28 33 45 129 112 97 81 67 55 46 42 45 54 134 118 104 89 77 66 59 56 58 65 140 126 112 99 87 78 72 70 72 77
41 52 66 13 93 42 52 101 98 84 80 61 71 20 82 24 87 44 63 16 59 52 88 34 100 79 57 56 88 72 14 43 95 17 84 22 92 45 68 24 150 134 118 103 89 76 66 58 55 58 145 129 112 97 81 67 54 45 42 45 142 125 108 91 75 59 45 33 28 33 140 122 105 88 71 54 38 23 14 23 139 122 104 87 70 52 35 18 0 18 140 122 105 88 71 54 38 23 14 23 142 125 108 91 75 59 45 33 28 33 145 129 112 97 81 67 54 45 42 45 150 134 118 103 89 76 66 58 55 58 156 140 126 112 99 87 78 72 69 71
58 65 83 15 111 59 69 118 116 101 94 78 87 35 99 41 103 60 80 32 76 67 105 51 117 91 73 73 105 89 31 56 112 34 100 39 109 62 85 41 166 150 134 118 103 89 76 65 58 55 162 145 129 112 96 81 67 54 45 42 159 142 125 108 91 75 59 45 33 28 157 140 122 105 88 71 54 38 23 14 156 139 122 104 87 70 52 35 18 0 157 140 122 105 88 71 54 38 23 14 159 142 125 108 91 75 59 45 33 28 162 145 129 112 96 81 67 54 45 42 166 150 134 118 103 89 76 65 58 55 171 155 140 125 111 98 87 77 71 69
99 106 75 146 50 99 89 44 43 58 97 80 89 123 73 117 62 100 78 129 82 100 59 107 47 104 95 84 61 79 126 111 54 124 79 118 58 96 73 119 72 74 80 88 99 112 126 140 156 171 58 60 67 77 90 104 119 134 150 166 43 47 55 68 82 97 113 129 145 162 29 34 45 60 75 91 108 125 142 159 15 23 38 54 71 88 105 122 140 157 0 18 35 52 70 87 104 122 139 156 15 23 38 54 71 88 105 122 140 157 29 34 45 60 75 91 108 125 142 159 43 47 55 68 82 97 113 129 145 162 58 60 67 77 90 104 119 134 150 166
82 89 58 129 35 81 72 30 26 42 85 63 75 106 59 99 46 83 61 112 65 83 44 90 34 89 79 67 47 64 109 94 41 107 66 101 42 79 56 103 74 72 73 79 88 99 112 126 140 155 60 57 60 67 77 90 104 118 134 150 47 43 46 55 67 82 97 112 129 145 34 29 34 45 60 75 91 108 125 142 23 15 23 38 54 71 88 105 122 140 18 0 18 35 52 70 87 104 122 139 23 15 23 38 54 71 88 105 122 140 34 29 34 45 60 75 91 108 125 142 47 43 46 55 67 82 97 112 129 145 60 57 60 67 77 90 104 118 134 150
65 72 41 112 23 64 55 21 13 28 74 46 63 88 47 82 31 66 43 95 48 66 31 74 26 75 64 50 35 51 92 77 32 89 55 84 29 61 39 86 80 73 71 73 79 88 99 112 126 140 67 60 57 60 67 77 90 104 118 134 55 46 43 46 55 67 81 97 112 129 45 34 29 34 45 60 75 91 108 125 38 23 15 23 38 54 71 88 105 122 35 18 0 18 35 52 70 87 104 122 38 23 15 23 38 54 71 88 105 122 45 34 29 34 45 60 75 91 108 125 55 46 43 46 55 67 81 97 112 129 67 60 57 60 67 77 90 104 118 134
48 56 23 95 21 47 38 25 16 19 66 28 53 71 40 65 21 49 26 78 30 49 26 57 28 63 51 33 30 40 75 60 31 72 49 67 22 44 21 69 88 79 73 71 73 79 88 99 112 125 77 67 60 57 59 66 77 89 103 118 68 55 46 43 46 55 67 81 97 112 60 45 34 29 33 45 59 75 91 108 54 38 23 15 23 38 54 71 88 105 52 35 18 0 18 35 52 70 87 104 54 38 23 15 23 38 54 71 88 105 60 45 34 29 33 45 59 75 91 108 68 55 46 43 46 55 67 81 97 112 77 67 60 57 59 66 77 89 103 118
32 41 6 77 31 31 20 37 31 24 62 11 48 54 40 48 23 31 9 62 13 34 31 41 39 54 41 16 34 36 58 44 39 55 49 50 27 27 4 53 99 88 79 73 71 73 78 87 99 111 90 77 67 59 57 59 66 77 89 103 82 67 55 46 43 46 55 67 81 96 75 60 45 33 29 33 45 59 75 91 71 54 38 23 15 23 38 54 71 88 70 52 35 18 0 18 35 52 70 87 71 54 38 23 15 23 38 54 71 88 75 60 45 33 29 33 45 59 75 91 82 67 55 46 43 46 55 67 81 96 90 77 67 59 57 59 66 77 89 103
17 28 12 60 46 16 4 53 48 37 63 8 48 37 47 30 35 15 9 46 5 21 43 27 53 50 36 8 45 40 41 29 51 38 54 33 40 9 14 38 112 99 88 79 73 70 72 78 87 98 104 90 77 66 59 56 59 66 76 89 97 82 67 55 46 42 46 55 67 81 91 75 60 45 33 28 33 45 59 75 88 71 54 38 23 14 23 38 54 71 87 70 52 35 18 0 18 35 52 70 88 71 54 38 23 14 23 38 54 71 91 75 60 45 33 28 33 45 59 75 97 82 67 55 46 42 46 55 67 81 104 90 77 66 59 56 59 66 76 89
14 23 30 43 62 13 16 69 65 53 68 25 55 19 58 14 50 7 27 33 23 19 58 19 69 51 40 22 59 50 26 18 66 22 64 17 55 9 32 27 126 112 99 88 78 72 70 72 78 87 119 104 90 77 66 59 56 59 66 76 113 97 81 67 55 46 42 46 54 67 108 91 75 59 45 33 28 33 45 59 105 88 71 54 38 23 14 23 38 54 104 87 70 52 35 18 0 18 35 52 105 88 71 54 38 23 14 23 38 54 108 91 75 59 45 33 28 33 45 59 113 97 81 67 55 46 42 46 54 67 119 104 90 77 66 59 56 59 66 76
26 30 47 25 78 26 33 85 82 69 77 42 66 4 72 8 66 23 44 24 40 30 74 25 85 58 50 39 75 63 14 21 82 9 76 11 71 26 49 24 140 126 112 99 87 78 72 70 72 77 134 118 104 89 77 66 59 56 58 65 129 112 97 81 67 55 46 42 45 54 125 108 91 75 59 45 33 28 33 45 122 105 88 71 54 38 23 14 23 38 122 104 87 70 52 35 18 0 18 35 122 105 88 71 54 38 23 14 23 38 125 108 91 75 59 45 33 28 33 45 129 112 97 81 67 55 46 42 45 54 134 118 104 89 77 66 59 56 58 65
43 43 64 9 95 43 50 102 99 86 88 59 79 17 87 24 83 40 61 27 57 45 91 38 102 69 63 56 91 78 19 35 98 18 90 24 88 44 66 32 156 140 126 112 99 87 78 72 69 71 150 134 118 103 89 76 66 58 55 58 145 129 112 97 81 67 54 45 42 45 142 125 108 91 75 59 45 33 28 33 140 122 105 88 71 54 38 23 14 23 139 122 104 87 70 52 35 18 0 18 140 122 105 88 71 54 38 23 14 23 142 125 108 91 75 59 45 33 28 33 145 129 112 97 81 67 54 45 42 45 150 134 118 103 89 76 66 58 55 58
59 58 81 11 112 60 67 119 116 103 102 77 93 34 103 41 100 57 79 38 74 61 107 54 119 82 78 73 108 93 34 50 115 34 105 40 105 61 84 46 171 155 140 125 111 98 87 77 71 69 166 150 134 118 103 89 76 65 58 55 162 145 129 112 96 81 67 54 45 42 159 142 125 108 91 75 59 45 33 28 157 140 122 105 88 71 54 38 23 14 156 139 122 104 87 70 52 35 18 0 157 140 122 105 88 71 54 38 23 14 159 142 125 108 91 75 59 45 33 28 162 145 129 112 96 81 67 54 45 42 166 150 134 118 103 89 76 65 58 55
102 103 77 147 57 101 90 52 48 64 107 81 98 124 81 118 59 101 79 132 83 98 66 111 56 98 101 86 69 86 129 109 63 126 88 120 54 97 75 123 86 88 93 100 110 122 134 148 162 177 72 74 80 88 99 112 126 140 156 171 58 60 67 77 90 104 119 134 150 166 43 47 55 68 82 97 113 129 145 162 29 34 45 60 75 91 108 125 142 159 15 23 38 54 71 88 105 122 140 157 0 18 35 52 70 87 104 122 139 156 15 23 38 54 71 88 105 122 140 157 29 34 45 60 75 91 108 125 142 159 43 47 55 68 82 97 113 129 145 162
86 86 60 130 44 84 73 41 35 50 96 64 85 107 69 101 42 83 62 115 66 81 53 94 45 82 86 70 57 73 112 92 52 109 77 103 37 80 58 107 88 86 87 92 100 110 121 134 148 162 74 72 73 79 88 99 112 126 140 155 60 57 60 67 77 90 104 118 134 150 47 43 46 55 67 82 97 112 129 145 34 29 34 45 60 75 91 108 125 142 23 15 23 38 54 71 88 105 122 140 18 0 18 35 52 70 87 104 122 139 23 15 23 38 54 71 88 105 122 140 34 29 34 45 60 75 91 108 125 142 47 43 46 55 67 82 97 112 129 145
69 69 43 113 36 68 56 35 26 38 86 47 74 90 59 84 25 66 46 99 49 63 44 78 39 66 73 54 48 61 95 75 45 92 68 87 21 63 41 91 93 87 85 87 92 99 109 121 134 148 80 73 71 73 79 88 99 112 126 140 67 60 57 60 67 77 90 104 118 134 55 46 43 46 55 67 81 97 112 129 45 34 29 34 45 60 75 91 108 125 38 23 15 23 38 54 71 88 105 122 35 18 0 18 35 52 70 87 104 122 38 23 15 23 38 54 71 88 105 122 45 34 29 34 45 60 75 91 108 125 55 46 43 46 55 67 81 97 112 129
54 52 27 96 35 52 39 37 28 33 79 31 66 73 54 67 9 49 30 83 33 46 40 63 41 53 62 38 44 53 79 58 45 75 63 70 8 46 26 75 100 92 87 85 87 91 99 109 121 134 88 79 73 71 73 79 88 99 112 125 77 67 60 57 59 66 77 89 103 118 68 55 46 43 46 55 67 81 97 112 60 45 34 29 33 45 59 75 91 108 54 38 23 15 23 38 54 71 88 105 52 35 18 0 18 35 52 70 87 104 54 38 23 15 23 38 54 71 88 105 60 45 34 29 33 45 59 75 91 108 68 55 46 43 46 55 67 81 97 112
40 35 16 79 41 38 24 46 39 36 76 16 62 56 54 51 13 32 17 68 18 29 44 49 49 41 54 26 47 50 63 40 50 59 62 54 18 31 16 61 110 100 92 87 85 86 91 99 109 120 99 88 79 73 71 73 78 87 99 111 90 77 67 59 57 59 66 77 89 103 82 67 55 46 43 46 55 67 81 96 75 60 45 33 29 33 45 59 75 91 71 54 38 23 15 23 38 54 71 88 70 52 35 18 0 18 35 52 70 87 71 54 38 23 15 23 38 54 71 88 75 60 45 33 29 33 45 59 75 91 82 67 55 46 43 46 55 67 81 96
29 19 19 62 53 27 13 59 53 46 76 14 62 40 59 36 29 16 17 55 14 12 53 38 61 36 50 22 55 53 48 23 61 43 67 39 34 18 21 48 122 110 99 91 86 84 86 91 98 108 112 99 88 79 73 70 72 78 87 98 104 90 77 66 59 56 59 66 76 89 97 82 67 55 46 42 46 55 67 81 91 75 60 45 33 28 33 45 59 75 88 71 54 38 23 14 23 38 54 71 87 70 52 35 18 0 18 35 52 70 88 71 54 38 23 14 23 38 54 71 91 75 60 45 33 28 33 45 59 75 97 82 67 55 46 42 46 55 67 81
27 9 33 46 68 26 19 74 69 59 81 27 67 26 69 23 46 10 30 44 26 8 66 33 75 38 53 30 67 60 35 6 74 30 75 28 51 18 35 39 134 121 109 99 91 86 84 85 90 98 126 112 99 88 78 72 70 72 78 87 119 104 90 77 66 59 56 59 66 76 113 97 81 67 55 46 42 46 54 67 108 91 75 59 45 33 28 33 45 59 105 88 71 54 38 23 14 23 38 54 104 87 70 52 35 18 0 18 35 52 105 88 71 54 38 23 14 23 38 54 108 91 75 59 45 33 28 33 45 59 113 97 81 67 55 46 42 46 54 67
35 21 49 31 83 34 35 90 85 74 88 44 76 18 81 20 64 24 46 38 42 24 80 36 90 47 61 44 81 72 28 13 88 23 86 24 69 30 51 37 148 134 121 109 99 91 85 83 85 90 140 126 112 99 87 78 72 70 72 77 134 118 104 89 77 66 59 56 58 65 129 112 97 81 67 55 46 42 45 54 125 108 91 75 59 45 33 28 33 45 122 105 88 71 54 38 23 14 23 38 122 104 87 70 52 35 18 0 18 35 122 105 88 71 54 38 23 14 23 38 125 108 91 75 59 45 33 28 33 45 129 112 97 81 67 55 46 42 45 54
48 37 66 19 99 48 51 106 101 90 99 60 88 24 94 30 81 40 63 40 58 42 95 47 106 60 72 60 96 85 31 30 103 27 98 32 86 46 68 43 162 148 134 121 109 98 90 85 83 85 156 140 126 112 99 87 78 72 69 71 150 134 118 103 89 76 66 58 55 58 145 129 112 97 81 67 54 45 42 45 142 125 108 91 75 59 45 33 28 33 140 122 105 88 71 54 38 23 14 23 139 122 104 87 70 52 35 18 0 18 140 122 105 88 71 54 38 23 14 23 142 125 108 91 75 59 45 33 28 33 145 129 112 97 81 67 54 45 42 45
64 54 83 20 115 64 68 122 118 106 110 77 101 38 109 45 98 57 80 48 75 59 111 60 122 74 85 76 112 99 41 47 119 40 112 45 103 63 85 54 177 162 148 134 120 108 98 90 85 83 171 155 140 125 111 98 87 77 71 69 166 150 134 118 103 89 76 65 58 55 162 145 129 112 96 81 67 54 45 42 159 142 125 108 91 75 59 45 33 28 157 140 122 105 88 71 54 38 23 14 156 139 122 104 87 70 52 35 18 0 157 140 122 105 88 71 54 38 23 14 159 142 125 108 91 75 59 45 33 28 162 145 129 112 96 81 67 54 45 42
107 103 81 150 67 105 93 62 57 72 118 84 107 127 91 121 59 103 83 137 87 99 76 116 67 93 109 91 79 95 132 110 74 129 99 124 54 100 79 128 100 102 106 112 121 132 144 156 170 184 86 88 93 100 110 122 134 148 162 177 72 74 80 88 99 112 126 140 156 171 58 60 67 77 90 104 119 134 150 166 43 47 55 68 82 97 113 129 145 162 29 34 45 60 75 91 108 125 142 159 15 23 38 54 71 88 105 122 140 157 0 18 35 52 70 87 104 122 139 156 15 23 38 54 71 88 105 122 140 157 29 34 45 60 75 91 108 125 142 159
91 86 65 133 56 89 77 53 46 60 107 68 96 110 80 105 42 86 67 121 70 81 65 100 58 77 95 75 68 83 116 93 65 112 89 108 37 84 63 112 102 100 101 105 112 121 131 143 156 170 88 86 87 92 100 110 121 134 148 162 74 72 73 79 88 99 112 126 140 155 60 57 60 67 77 90 104 118 134 150 47 43 46 55 67 82 97 112 129 145 34 29 34 45 60 75 91 108 125 142 23 15 23 38 54 71 88 105 122 140 18 0 18 35 52 70 87 104 122 139 23 15 23 38 54 71 88 105 122 140 34 29 34 45 60 75 91 108 125 142
76 69 50 116 49 74 61 49 40 51 99 53 86 94 72 88 26 69 52 105 55 64 57 85 53 60 83 61 61 73 100 76 59 96 81 91 21 68 48 97 106 101 99 101 105 112 121 131 143 156 93 87 85 87 92 99 109 121 134 148 80 73 71 73 79 88 99 112 126 140 67 60 57 60 67 77 90 104 118 134 55 46 43 46 55 67 81 97 112 129 45 34 29 34 45 60 75 91 108 125 38 23 15 23 38 54 71 88 105 122 35 18 0 18 35 52 70 87 104 122 38 23 15 23 38 54 71 88 105 122 45 34 29 34 45 60 75 91 108 125
62 51 37 100 48 60 46 51 41 47 93 39 79 78 68 73 11 53 38 91 41 47 54 71 54 44 74 48 58 67 85 58 59 80 77 76 8 53 36 83 112 105 101 99 100 105 111 120 131 143 100 92 87 85 87 91 99 109 121 134 88 79 73 71 73 79 88 99 112 125 77 67 60 57 59 66 77 89 103 118 68 55 46 43 46 55 67 81 97 112 60 45 34 29 33 45 59 75 91 108 54 38 23 15 23 38 54 71 88 105 52 35 18 0 18 35 52 70 87 104 54 38 23 15 23 38 54 71 88 105 60 45 34 29 33 45 59 75 91 108
50 34 29 83 53 48 33 58 49 49 90 28 76 62 68 58 14 38 29 77 30 31 57 59 61 30 67 38 60 64 70 42 63 65 76 62 18 39 30 70 121 112 105 100 99 100 104 111 120 130 110 100 92 87 85 86 91 99 109 120 99 88 79 73 71 73 78 87 99 111 90 77 67 59 57 59 66 77 89 103 82 67 55 46 43 46 55 67 81 96 75 60 45 33 29 33 45 59 75 91 71 54 38 23 15 23 38 54 71 88 70 52 35 18 0 18 35 52 70 87 71 54 38 23 15 23 38 54 71 88 75 60 45 33 29 33 45 59 75 91
42 17 31 68 63 40 26 68 61 56 90 27 76 48 72 45 30 27 30 65 27 15 64 50 71 22 64 36 67 66 57 25 71 52 80 49 34 31 33 59 132 121 112 105 100 98 99 104 110 119 122 110 99 91 86 84 86 91 98 108 112 99 88 79 73 70 72 78 87 98 104 90 77 66 59 56 59 66 76 89 97 82 67 55 46 42 46 55 67 81 91 75 60 45 33 28 33 45 59 75 88 71 54 38 23 14 23 38 54 71 87 70 52 35 18 0 18 35 52 70 88 71 54 38 23 14 23 38 54 71 91 75 60 45 33 28 33 45 59 75
41 6 41 53 75 39 30 81 75 68 94 36 80 37 80 36 47 23 39 56 35 12 75 47 83 25 66 41 77 72 47 12 83 41 87 40 51 31 43 53 144 131 121 111 104 99 98 99 103 110 134 121 109 99 91 86 84 85 90 98 126 112 99 88 78 72 70 72 78 87 119 104 90 77 66 59 56 59 66 76 113 97 81 67 55 46 42 46 54 67 108 91 75 59 45 33 28 33 45 59 105 88 71 54 38 23 14 23 38 54 104 87 70 52 35 18 0 18 35 52 105 88 71 54 38 23 14 23 38 54 108 91 75 59 45 33 28 33 45 59
47 20 55 40 90 45 42 96 90 81 101 49 88 32 90 34 64 32 52 52 48 26 88 49 97 38 73 52 90 82 42 17 96 37 96 38 69 39 57 51 156 143 131 120 111 104 99 97 99 103 148 134 121 109 99 91 85 83 85 90 140 126 112 99 87 78 72 70 72 77 134 118 104 89 77 66 59 56 58 65 129 112 97 81 67 55 46 42 45 54 125 108 91 75 59 45 33 28 33 45 122 105 88 71 54 38 23 14 23 38 122 104 87 70 52 35 18 0 18 35 122 105 88 71 54 38 23 14 23 38 125 108 91 75 59 45 33 28 33 45
57 37 70 32 105 56 56 111 106 96 109 65 98 35 103 40 81 45 67 53 63 43 102 57 112 53 82 66 103 94 43 32 110 40 108 43 86 52 72 55 170 156 143 131 120 110 103 99 97 98 162 148 134 121 109 98 90 85 83 85 156 140 126 112 99 87 78 72 69 71 150 134 118 103 89 76 66 58 55 58 145 129 112 97 81 67 54 45 42 45 142 125 108 91 75 59 45 33 28 33 140 122 105 88 71 54 38 23 14 23 139 122 104 87 70 52 35 18 0 18 140 122 105 88 71 54 38 23 14 23 142 125 108 91 75 59 45 33 28 33
70 54 86 33 120 70 72 127 122 111 120 81 110 46 116 52 98 61 83 59 79 60 117 69 127 69 94 81 118 107 51 49 125 49 120 54 103 67 88 64 184 170 156 143 130 119 110 103 98 96 177 162 148 134 120 108 98 90 85 83 171 155 140 125 111 98 87 77 71 69 166 150 134 118 103 89 76 65 58 55 162 145 129 112 96 81 67 54 45 42 159 142 125 108 91 75 59 45 33 28 157 140 122 105 88 71 54 38 23 14 156 139 122 104 87 70 52 35 18 0 157 140 122 105 88 71 54 38 23 14 159 142 125 108 91 75 59 45 33 28
113 105 87 153 77 111 98 74 68 82 129 90 118 131 102 126 63 107 89 143 92 101 86 122 79 91 118 97 90 105 138 112 85 134 110 129 58 105 85 134 115 116 119 125 133 143 154 166 179 192 100 102 106 112 121 132 144 156 170 184 86 88 93 100 110 122 134 148 162 177 72 74 80 88 99 112 126 140 156 171 58 60 67 77 90 104 119 134 150 166 43 47 55 68 82 97 113 129 145 162 29 34 45 60 75 91 108 125 142 159 15 23 38 54 71 88 105 122 140 157 0 18 35 52 70 87 104 122 139 156 15 23 38 54 71 88 105 122 140 157
98 88 72 137 69 96 83 67 59 72 119 75 107 115 93 110 47 91 74 127 77 84 77 107 71 74 105 83 81 95 122 95 78 118 101 113 42 90 71 119 116 114 115 119 125 133 142 153 165 178 102 100 101 105 112 121 131 143 156 170 88 86 87 92 100 110 121 134 148 162 74 72 73 79 88 99 112 126 140 155 60 57 60 67 77 90 104 118 134 150 47 43 46 55 67 82 97 112 129 145 34 29 34 45 60 75 91 108 125 142 23 15 23 38 54 71 88 105 122 140 18 0 18 35 52 70 87 104 122 139 23 15 23 38 54 71 88 105 122 140
84 71 59 121 63 82 68 63 54 64 112 61 99 99 86 95 33 75 61 113 63 68 71 94 68 57 95 70 75 86 107 79 73 102 95 98 29 75 58 105 119 115 114 115 118 124 132 142 153 165 106 101 99 101 105 112 121 131 143 156 93 87 85 87 92 99 109 121 134 148 80 73 71 73 79 88 99 112 126 140 67 60 57 60 67 77 90 104 118 134 55 46 43 46 55 67 81 97 112 129 45 34 29 34 45 60 75 91 108 125 38 23 15 23 38 54 71 88 105 122 35 18 0 18 35 52 70 87 104 122 38 23 15 23 38 54 71 88 105 122
72 55 49 105 62 70 55 64 55 61 106 49 93 84 82 80 24 61 50 99 51 52 68 81 68 40 86 59 72 80 92 63 73 88 91 84 22 62 48 92 125 119 115 113 114 118 124 132 141 152 112 105 101 99 100 105 111 120 131 143 100 92 87 85 87 91 99 109 121 134 88 79 73 71 73 79 88 99 112 125 77 67 60 57 59 66 77 89 103 118 68 55 46 43 46 55 67 81 97 112 60 45 34 29 33 45 59 75 91 108 54 38 23 15 23 38 54 71 88 105 52 35 18 0 18 35 52 70 87 104 54 38 23 15 23 38 54 71 88 105
62 39 43 89 66 60 45 70 61 62 104 42 90 70 82 67 25 48 43 87 43 38 70 71 73 23 80 52 74 78 79 47 76 74 90 71 27 51 44 81 133 125 118 114 113 114 117 123 131 141 121 112 105 100 99 100 104 111 120 130 110 100 92 87 85 86 91 99 109 120 99 88 79 73 71 73 78 87 99 111 90 77 67 59 57 59 66 77 89 103 82 67 55 46 43 46 55 67 81 96 75 60 45 33 29 33 45 59 75 91 71 54 38 23 15 23 38 54 71 88 70 52 35 18 0 18 35 52 70 87 71 54 38 23 15 23 38 54 71 88
56 25 44 75 74 54 40 79 71 68 104 41 90 58 85 56 36 39 43 77 41 27 76 64 82 9 78 50 79 80 68 34 83 63 93 60 40 44 46 72 143 133 124 118 114 112 113 117 123 131 132 121 112 105 100 98 99 104 110 119 122 110 99 91 86 84 86 91 98 108 112 99 88 79 73 70 72 78 87 98 104 90 77 66 59 56 59 66 76 89 97 82 67 55 46 42 46 55 67 81 91 75 60 45 33 28 33 45 59 75 88 71 54 38 23 14 23 38 54 71 87 70 52 35 18 0 18 35 52 70 88 71 54 38 23 14 23 38 54 71
55 20 52 62 85 53 43 90 83 78 107 47 93 49 92 49 51 37 50 69 46 25 86 61 93 16 80 54 88 85 59 26 93 54 99 54 55 44 53 66 154 142 132 124 117 113 112 113 116 122 144 131 121 111 104 99 98 99 103 110 134 121 109 99 91 86 84 85 90 98 126 112 99 88 78 72 70 72 78 87 119 104 90 77 66 59 56 59 66 76 113 97 81 67 55 46 42 46 54 67 108 91 75 59 45 33 28 33 45 59 105 88 71 54 38 23 14 23 38 54 104 87 70 52 35 18 0 18 35 52 105 88 71 54 38 23 14 23 38 54
59 27 63 52 98 58 51 104 97 90 113 58 100 45 101 48 67 43 61 65 57 34 97 62 105 32 85 62 99 93 55 28 105 50 107 52 71 50 65 65 166 153 142 132 123 117 113 111 112 116 156 143 131 120 111 104 99 97 99 103 148 134 121 109 99 91 85 83 85 90 140 126 112 99 87 78 72 70 72 77 134 118 104 89 77 66 59 56 58 65 129 112 97 81 67 55 46 42 45 54 125 108 91 75 59 45 33 28 33 45 122 105 88 71 54 38 23 14 23 38 122 104 87 70 52 35 18 0 18 35 122 105 88 71 54 38 23 14 23 38
68 41 77 46 112 66 64 118 112 103 121 71 109 48 112 52 84 54 74 66 70 48 110 69 119 49 93 74 112 104 57 39 118 53 118 56 88 61 79 68 179 165 153 141 131 123 116 112 110 112 170 156 143 131 120 110 103 99 97 98 162 148 134 121 109 98 90 85 83 85 156 140 126 112 99 87 78 72 69 71 150 134 118 103 89 76 66 58 55 58 145 129 112 97 81 67 54 45 42 45 142 125 108 91 75 59 45 33 28 33 140 122 105 88 71 54 38 23 14 23 139 122 104 87 70 52 35 18 0 18 140 122 105 88 71 54 38 23 14 23
79 57 92 46 126 78 78 133 127 118 131 86 119 56 125 62 100 67 89 71 85 63 124 79 134 66 104 88 125 116 63 53 132 60 129 64 105 74 94 75 192 178 165 152 141 131 122 116 112 110 184 170 156 143 130 119 110 103 98 96 177 162 148 134 120 108 98 90 85 83 171 155 140 125 111 98 87 77 71 69 166 150 134 118 103 89 76 65 58 55 162 145 129 112 96 81 67 54 45 42 159 142 125 108 91 75 59 45 33 28 157 140 122 105 88 71 54 38 23 14 156 139 122 104 87 70 52 35 18 0 157 140 122 105 88 71 54 38 23 14
120 108 94 158 89 119 105 86 80 93 140 97 129 137 114 132 69 112 96 150 99 105 98 130 91 91 128 105 102 116 144 116 98 140 122 135 65 112 93 142 129 130 133 138 145 154 164 176 188 201 115 116 119 125 133 143 154 166 179 192 100 102 106 112 121 132 144 156 170 184 86 88 93 100 110 122 134 148 162 177 72 74 80 88 99 112 126 140 156 171 58 60 67 77 90 104 119 134 150 166 43 47 55 68 82 97 113 129 145 162 29 34 45 60 75 91 108 125 142 159 15 23 38 54 71 88 105 122 140 157 0 18 35 52 70 87 104 122 139 156
107 92 81 142 82 105 90 80 72 84 132 83 119 121 105 117 56 97 83 135 85 89 90 116 85 74 116 92 94 107 129 100 91 124 114 120 51 97 80 128 130 128 129 132 138 145 154 164 175 187 116 114 115 119 125 133 142 153 165 178 102 100 101 105 112 121 131 143 156 170 88 86 87 92 100 110 121 134 148 162 74 72 73 79 88 99 112 126 140 155 60 57 60 67 77 90 104 118 134 150 47 43 46 55 67 82 97 112 129 145 34 29 34 45 60 75 91 108 125 142 23 15 23 38 54 71 88 105 122 140 18 0 18 35 52 70 87 104 122 139
94 76 70 127 77 92 77 77 68 78 125 71 112 106 99 102 44 83 71 122 73 74 84 103 82 57 107 81 88 99 115 84 87 110 108 106 41 84 69 114 133 129 128 129 132 137 144 153 163 175 119 115 114 115 118 124 132 142 153 165 106 101 99 101 105 112 121 131 143 156 93 87 85 87 92 99 109 121 134 148 80 73 71 73 79 88 99 112 126 140 67 60 57 60 67 77 90 104 118 134 55 46 43 46 55 67 81 97 112 129 45 34 29 34 45 60 75 91 108 125 38 23 15 23 38 54 71 88 105 122 35 18 0 18 35 52 70 87 104 122
83 61 61 111 76 81 66 78 69 75 120 61 106 93 96 89 38 70 62 109 63 60 82 92 82 40 99 71 86 94 101 69 87 96 105 93 36 72 61 102 138 132 129 127 128 131 137 144 153 163 125 119 115 113 114 118 124 132 141 152 112 105 101 99 100 105 111 120 131 143 100 92 87 85 87 91 99 109 121 134 88 79 73 71 73 79 88 99 112 125 77 67 60 57 59 66 77 89 103 118 68 55 46 43 46 55 67 81 97 112 60 45 34 29 33 45 59 75 91 108 54 38 23 15 23 38 54 71 88 105 52 35 18 0 18 35 52 70 87 104
74 47 57 97 80 73 58 83 74 76 118 55 103 80 96 77 38 60 57 98 56 48 84 83 86 23 94 65 88 92 89 56 89 84 104 82 39 63 58 92 145 138 132 128 127 127 131 136 143 152 133 125 118 114 113 114 117 123 131 141 121 112 105 100 99 100 104 111 120 130 110 100 92 87 85 86 91 99 109 120 99 88 79 73 71 73 78 87 99 111 90 77 67 59 57 59 66 77 89 103 82 67 55 46 43 46 55 67 81 96 75 60 45 33 29 33 45 59 75 91 71 54 38 23 15 23 38 54 71 88 70 52 35 18 0 18 35 52 70 87
69 37 58 84 86 67 54 90 82 81 118 55 104 70 99 68 46 53 57 89 55 40 89 77 93 8 92 64 92 93 80 45 96 74 107 73 49 58 59 84 154 145 137 131 127 126 127 130 135 143 143 133 124 118 114 112 113 117 123 131 132 121 112 105 100 98 99 104 110 119 122 110 99 91 86 84 86 91 98 108 112 99 88 79 73 70 72 78 87 98 104 90 77 66 59 56 59 66 76 89 97 82 67 55 46 42 46 55 67 81 91 75 60 45 33 28 33 45 59 75 88 71 54 38 23 14 23 38 54 71 87 70 52 35 18 0 18 35 52 70
68 33 64 73 96 67 56 101 93 89 121 59 107 62 104 62 59 51 62 82 59 39 97 74 103 16 94 67 100 98 73 39 104 67 112 67 62 58 65 80 164 154 144 137 131 127 125 126 130 135 154 142 132 124 117 113 112 113 116 122 144 131 121 111 104 99 98 99 103 110 134 121 109 99 91 86 84 85 90 98 126 112 99 88 78 72 70 72 78 87 119 104 90 77 66 59 56 59 66 76 113 97 81 67 55 46 42 46 54 67 108 91 75 59 45 33 28 33 45 59 105 88 71 54 38 23 14 23 38 54 104 87 70 52 35 18 0 18 35 52
72 38 73 64 107 70 63 113 105 100 126 68 112 59 112 61 73 55 71 79 67 45 107 76 115 32 98 74 110 105 69 41 115 64 119 66 77 63 75 79 176 164 153 144 136 130 126 125 126 129 166 153 142 132 123 117 113 111 112 116 156 143 131 120 111 104 99 97 99 103 148 134 121 109 99 91 85 83 85 90 140 126 112 99 87 78 72 70 72 77 134 118 104 89 77 66 59 56 58 65 129 112 97 81 67 55 46 42 45 54 125 108 91 75 59 45 33 28 33 45 122 105 88 71 54 38 23 14 23 38 122 104 87 70 52 35 18 0 18 35
79 49 85 59 120 78 73 126 119 112 133 80 120 61 123 65 88 64 83 80 79 56 119 81 127 49 105 84 121 114 70 49 127 66 128 69 92 71 87 81 188 175 163 153 143 135 130 126 124 125 179 165 153 141 131 123 116 112 110 112 170 156 143 131 120 110 103 99 97 98 162 148 134 121 109 98 90 85 83 85 156 140 126 112 99 87 78 72 69 71 150 134 118 103 89 76 66 58 55 58 145 129 112 97 81 67 54 45 42 45 142 125 108 91 75 59 45 33 28 33 140 122 105 88 71 54 38 23 14 23 139 122 104 87 70 52 35 18 0 18
89 63 99 60 134 88 86 140 133 125 142 93 130 68 134 73 104 76 96 84 92 70 132 90 141 66 115 96 134 125 75 61 140 72 139 76 109 83 101 87 201 187 175 163 152 143 135 129 125 124 192 178 165 152 141 131 122 116 112 110 184 170 156 143 130 119 110 103 98 96 177 162 148 134 120 108 98 90 85 83 171 155 140 125 111 98 87 77 71 69 166 150 134 118 103 89 76 65 58 55 162 145 129 112 96 81 67 54 45 42 159 142 125 108 91 75 59 45 33 28 157 140 122 105 88 71 54 38 23 14 156 139 122 104 87 70 52 35 18 0
