0 60 79 45 54 53 93 51 18 40 57 75 52 74 51 63 27 56 48 61 36 71 70 53 60 56 104 88 20 58 54 71 47 66 53 96 39 16 47 62 29 20 49 82 117 27 17 48 82 116 48 43 62 91 122 74 70 83 106 134 101 98 108 126 150
60 0 25 15 7 30 45 16 74 24 22 21 40 15 54 7 34 25 20 20 25 32 16 10 8 5 56 36 55 34 7 18 33 18 43 38 27 45 23 14 88 64 54 63 87 75 44 26 43 74 70 36 3 35 69 77 47 31 46 76 92 69 59 68 91
79 25 0 37 29 33 22 29 95 47 25 34 41 12 79 19 53 27 44 20 45 19 10 34 31 29 32 12 78 57 28 34 39 37 67 36 50 64 47 18 107 78 57 52 67 97 64 34 25 50 94 60 26 12 45 100 68 42 35 56 113 86 66 62 76
45 15 37 0 9 28 55 14 59 11 23 32 35 30 46 19 19 25 13 25 11 38 28 9 16 11 67 48 41 31 10 28 27 25 37 51 15 30 15 21 73 51 46 65 93 60 29 21 50 83 59 26 17 48 82 71 46 42 61 90 90 72 69 82 105
54 7 29 9 0 27 48 12 68 18 19 27 36 21 52 11 27 22 17 20 19 32 20 7 11 4 59 40 50 34 1 23 28 22 41 44 22 38 20 14 82 58 49 62 88 69 37 21 44 76 66 32 9 40 74 75 48 36 53 82 92 72 64 75 97
53 30 33 28 27 0 41 16 70 36 10 51 10 35 72 27 31 7 40 14 26 19 26 33 37 30 51 38 58 59 27 48 7 48 64 63 40 40 42 20 80 48 25 37 68 76 41 8 29 64 83 52 33 43 71 97 73 61 67 87 117 98 89 93 108
93 45 22 55 48 41 0 44 109 66 37 55 45 34 99 39 68 37 64 33 60 22 29 54 52 49 12 12 95 79 48 56 47 59 88 53 69 79 67 35 120 88 59 40 47 113 79 45 15 29 114 80 47 19 31 121 90 62 45 52 134 107 84 73 76
51 16 29 14 12 16 44 0 67 24 9 37 25 25 59 15 25 11 26 12 17 25 19 18 22 15 55 37 51 44 12 34 17 33 50 52 28 36 28 11 79 51 38 52 79 70 36 10 37 71 72 39 19 40 72 84 58 47 58 84 102 83 75 82 102
18 74 95 59 68 70 109 67 0 52 73 86 70 88 51 77 42 72 59 77 50 88 85 66 73 70 120 104 22 65 68 82 64 77 58 108 50 31 57 77 18 33 65 99 134 14 31 64 99 133 41 50 75 106 138 70 75 93 119 149 98 101 116 137 164
40 24 47 11 18 36 66 24 52 0 33 36 43 38 36 28 16 34 9 35 13 48 38 15 21 19 77 57 32 25 19 32 34 27 28 57 5 25 9 31 67 49 52 73 102 52 23 29 60 93 49 17 24 58 92 61 41 44 68 99 82 68 70 87 112
57 22 25 23 19 10 37 9 73 33 0 42 19 25 68 17 32 4 34 5 25 16 17 26 28 22 48 32 59 52 19 39 15 39 59 54 37 43 37 11 84 54 34 43 70 77 43 10 28 62 81 48 25 36 66 93 67 52 58 80 111 90 80 83 100
75 21 34 32 27 51 55 37 86 36 42 0 60 23 54 25 50 45 28 40 43 48 31 24 17 23 64 44 66 30 26 5 54 10 41 22 37 60 30 32 102 82 74 82 101 84 58 46 58 83 72 40 18 39 72 71 37 11 36 70 80 52 39 52 79
52 40 41 35 36 10 45 25 70 43 19 60 0 44 78 36 35 16 48 23 31 25 35 42 46 39 55 45 61 66 36 57 9 57 71 73 47 42 50 29 77 44 16 32 65 77 43 15 32 65 87 59 43 51 76 103 81 70 75 94 124 107 98 102 116
74 15 12 30 21 35 34 25 88 38 25 23 44 0 68 11 47 28 34 21 39 27 10 24 20 20 44 23 70 46 20 22 39 26 56 29 41 59 37 15 102 76 59 60 79 89 58 33 35 62 84 50 15 20 55 89 57 31 34 61 101 74 57 59 77
51 54 79 46 52 72 99 59 51 36 68 54 78 68 0 61 45 70 36 70 47 83 70 46 49 51 110 90 32 25 52 51 70 45 14 74 32 45 33 66 69 69 84 109 138 42 42 65 95 127 20 20 54 88 122 26 26 56 89 123 51 51 71 99 131
63 7 19 19 11 27 39 15 77 28 17 25 36 11 61 0 36 21 26 15 28 25 10 16 14 11 50 30 60 41 10 23 30 24 49 38 32 48 29 8 91 65 51 58 81 79 47 23 36 67 76 42 9 30 64 83 54 35 45 72 98 75 63 68 88
27 34 53 19 27 31 68 25 42 16 32 50 35 47 45 36 0 32 25 36 9 47 43 27 34 30 79 62 28 41 28 46 27 42 41 70 18 12 25 36 55 33 39 66 98 46 12 24 59 94 53 28 35 64 97 71 55 59 79 107 94 83 85 100 124
56 25 27 25 22 7 37 11 72 34 4 45 16 28 70 21 32 0 36 8 25 16 20 28 31 25 48 33 59 55 22 42 12 42 61 57 38 42 39 14 83 52 31 41 69 77 43 8 28 62 82 50 28 38 67 95 69 55 61 82 113 93 83 86 102
48 20 44 13 17 40 64 26 59 9 34 28 48 34 36 26 25 36 0 35 20 48 35 11 15 16 75 55 39 19 17 24 39 19 25 49 9 34 3 30 75 58 58 77 104 58 31 33 60 92 51 16 19 54 89 59 34 36 61 93 77 60 61 79 105
61 20 20 25 20 14 33 12 77 35 5 40 23 21 70 15 36 8 35 0 28 13 13 26 27 22 44 27 62 53 19 37 19 38 60 50 39 47 38 8 89 59 38 43 69 81 47 14 25 59 83 50 23 31 62 94 67 49 53 75 111 89 77 79 95
36 25 45 11 19 26 60 17 50 13 25 43 31 39 47 28 9 25 20 28 0 40 35 20 27 22 72 54 35 38 19 39 23 36 40 62 16 20 21 27 64 40 39 62 93 54 20 19 52 87 57 28 27 56 89 73 53 52 71 99 94 80 79 93 115
71 32 19 38 32 19 22 25 88 48 16 48 25 27 83 25 47 16 48 13 40 0 18 39 39 34 33 20 74 65 31 47 26 48 73 54 52 58 51 19 98 67 40 34 56 93 58 24 13 47 96 63 34 27 52 107 78 57 53 69 123 99 84 81 92
70 16 10 28 20 26 29 19 85 38 17 31 35 10 70 10 43 20 35 13 35 18 0 25 23 20 40 20 68 50 19 30 31 32 59 39 41 55 38 8 98 70 50 51 72 87 54 25 28 58 85 51 18 21 55 93 62 40 41 65 107 82 67 67 84
53 10 34 9 7 33 54 18 66 15 26 24 42 24 46 16 27 28 11 26 20 39 25 0 8 6 65 45 47 27 8 20 34 17 35 43 17 38 14 21 81 59 54 68 94 66 36 27 50 82 61 27 10 44 79 69 41 33 54 85 86 66 61 74 98
60 8 31 16 11 37 52 22 73 21 28 17 46 20 49 14 34 31 15 27 27 39 23 8 0 7 62 42 53 27 11 13 38 12 37 36 23 45 18 21 88 66 59 70 94 72 43 31 50 80 65 31 6 40 74 70 40 27 47 79 85 62 54 67 91
56 5 29 11 4 30 49 15 70 19 22 23 39 20 51 11 30 25 16 22 22 34 20 6 7 0 60 40 51 31 4 19 32 18 39 41 22 41 19 16 84 61 53 65 90 70 40 25 46 77 66 32 6 39 74 73 45 33 50 80 90 68 61 72 95
104 56 32 67 59 51 12 55 120 77 48 64 55 44 110 50 79 48 75 44 72 33 40 65 62 60 0 21 106 89 59 65 58 69 99 59 81 90 78 46 130 98 68 44 42 125 90 56 23 19 125 91 57 26 22 132 100 71 49 47 144 115 91 75 73
88 36 12 48 40 38 12 37 104 57 32 44 45 23 90 30 62 33 55 27 54 20 20 45 42 40 21 0 88 68 39 45 44 48 78 42 61 73 58 27 115 85 59 48 58 107 73 41 20 40 105 71 37 9 35 111 79 51 37 50 123 95 74 64 72
20 55 78 41 50 58 95 51 22 32 59 66 61 70 32 60 28 59 39 62 35 74 68 47 53 51 106 88 0 43 50 62 53 56 37 87 30 20 37 61 39 38 62 92 125 20 18 52 86 121 30 28 56 89 123 55 54 72 100 131 82 81 94 116 144
58 34 57 31 34 59 79 44 65 25 52 30 66 46 25 41 41 55 19 53 38 65 50 27 27 31 89 68 43 0 34 27 58 22 11 50 23 46 17 47 82 71 76 95 121 59 43 52 77 107 43 16 33 65 99 43 16 32 65 99 59 43 51 76 107
54 7 28 10 1 27 48 12 68 19 19 26 36 20 52 10 28 22 17 19 19 31 19 8 11 4 59 39 50 34 0 23 28 22 42 44 23 39 20 14 83 58 49 61 87 70 38 21 43 76 67 33 9 39 73 76 48 36 52 81 93 72 64 74 97
71 18 34 28 23 48 56 34 82 32 39 5 57 22 51 23 46 42 24 37 39 47 30 20 13 19 65 45 62 27 23 0 51 6 38 26 33 56 25 30 98 78 71 80 101 80 54 43 57 84 69 36 15 40 74 69 35 14 40 73 79 53 42 56 83
47 33 39 27 28 7 47 17 64 34 15 54 9 39 70 30 27 12 39 19 23 26 31 34 38 32 58 44 53 58 28 51 0 49 62 68 38 35 41 25 73 41 21 40 72 71 36 8 35 70 79 50 36 50 78 95 73 64 72 94 116 99 92 98 114
66 18 37 25 22 48 59 33 77 27 39 10 57 26 45 24 42 42 19 38 36 48 32 17 12 18 69 48 56 22 22 6 49 0 33 31 28 52 20 31 94 75 70 81 103 75 50 42 59 87 64 31 15 44 78 64 32 17 45 79 76 52 44 61 88
53 43 67 37 41 64 88 50 58 28 59 41 71 56 14 49 41 61 25 60 40 73 59 35 37 39 99 78 37 11 42 38 62 33 0 61 25 44 22 55 75 69 79 101 128 51 41 57 84 116 33 13 42 75 110 35 18 43 76 110 54 45 60 87 118
96 38 36 51 44 63 53 52 108 57 54 22 73 29 74 38 70 57 49 50 62 54 39 43 36 41 59 42 87 50 44 26 68 31 61 0 58 81 51 44 123 101 88 87 99 105 79 61 60 77 93 61 35 34 59 88 53 19 17 52 92 59 32 31 58
39 27 50 15 22 40 69 28 50 5 37 37 47 41 32 32 18 38 9 39 16 52 41 17 23 22 81 61 30 23 23 33 38 28 25 58 0 25 8 35 66 50 55 77 106 49 23 33 64 97 45 13 27 61 95 58 38 44 70 101 79 65 69 88 114
16 45 64 30 38 40 79 36 31 25 43 60 42 59 45 48 12 42 34 47 20 58 55 38 45 41 90 73 20 46 39 56 35 52 44 81 25 0 33 47 44 26 43 73 106 36 4 34 69 103 48 32 46 76 108 70 60 69 91 119 95 88 94 111 135
47 23 47 15 20 42 67 28 57 9 37 30 50 37 33 29 25 39 3 38 21 51 38 14 18 19 78 58 37 17 20 25 41 20 22 51 8 33 0 33 74 57 60 79 107 55 31 35 63 95 48 14 22 57 91 56 32 37 64 96 75 59 61 80 107
62 14 18 21 14 20 35 11 77 31 11 32 29 15 66 8 36 14 30 8 27 19 8 21 21 16 46 27 61 47 14 30 25 31 55 44 35 47 33 0 90 62 44 50 74 80 47 18 30 63 80 46 16 29 62 89 60 42 48 73 105 82 70 73 91
29 88 107 73 82 80 120 79 18 67 84 102 77 102 69 91 55 83 75 89 64 98 98 81 88 84 130 115 39 82 83 98 73 94 75 123 66 44 74 90 0 35 70 104 139 29 45 75 108 142 57 67 90 119 150 86 92 110 134 162 114 119 133 153 178
20 64 78 51 58 48 88 51 33 49 54 82 44 76 69 65 33 52 58 59 40 67 70 59 66 61 98 85 38 71 58 78 41 75 69 101 50 26 57 62 35 0 35 70 104 45 29 45 75 108 67 57 66 89 118 92 85 92 109 134 119 113 118 132 153
49 54 57 46 49 25 59 38 65 52 34 74 16 59 84 51 39 31 58 38 39 40 50 54 59 53 68 59 62 76 49 71 21 70 79 88 55 43 60 44 70 35 0 35 70 75 45 28 45 75 90 66 56 66 89 110 92 84 91 109 133 118 112 117 131
82 63 52 65 62 37 40 52 99 73 43 82 32 60 109 58 66 41 77 43 62 34 51 68 70 65 44 48 92 95 61 80 40 81 101 87 77 73 79 50 104 70 35 0 35 108 75 45 28 45 119 89 66 56 66 134 109 91 84 90 153 132 117 111 116
117 87 67 93 88 68 47 79 134 102 70 101 65 79 138 81 98 69 104 69 93 56 72 94 94 90 42 58 125 121 87 101 72 103 128 99 106 106 107 74 139 104 70 35 0 142 108 75 45 28 150 118 89 66 55 162 134 109 90 83 178 153 131 116 110
27 75 97 60 69 76 113 70 14 52 77 84 77 89 42 79 46 77 58 81 54 93 87 66 72 70 125 107 20 59 70 80 71 75 51 105 49 36 55 80 29 45 75 108 142 0 35 70 104 139 29 45 75 108 142 57 67 90 119 150 86 92 110 134 162
17 44 64 29 37 41 79 36 31 23 43 58 43 58 42 47 12 43 31 47 20 58 54 36 43 40 90 73 18 43 38 54 36 50 41 79 23 4 31 47 45 29 45 75 108 35 0 35 70 104 45 29 45 75 108 67 57 66 89 118 92 85 92 109 134
48 26 34 21 21 8 45 10 64 29 10 46 15 33 65 23 24 8 33 14 19 24 25 27 31 25 56 41 52 52 21 43 8 42 57 61 33 34 35 18 75 45 28 45 75 70 35 0 35 70 75 45 28 45 75 90 66 56 66 89 110 92 84 91 109
82 43 25 50 44 29 15 37 99 60 28 58 32 35 95 36 59 28 60 25 52 13 28 50 50 46 23 20 86 77 43 57 35 59 84 60 64 69 63 30 108 75 45 28 45 104 70 35 0 35 108 75 45 28 45 119 89 66 56 66 134 109 91 84 90
116 74 50 83 76 64 29 71 133 93 62 83 65 62 127 67 94 62 92 59 87 47 58 82 80 77 19 40 121 107 76 84 70 87 116 77 97 103 95 63 142 108 75 45 28 139 104 70 35 0 142 108 75 45 28 150 118 89 66 55 162 134 109 90 83
48 70 94 59 66 83 114 72 41 49 81 72 87 84 20 76 53 82 51 83 57 96 85 61 65 66 125 105 30 43 67 69 79 64 33 93 45 48 48 80 57 67 90 119 150 29 45 75 108 142 0 35 70 104 139 29 45 75 108 142 57 67 90 119 150
43 36 60 26 32 52 80 39 50 17 48 40 59 50 20 42 28 50 16 50 28 63 51 27 31 32 91 71 28 16 33 36 50 31 13 61 13 32 14 46 67 57 66 89 118 45 29 45 75 108 35 0 35 70 104 45 29 45 75 108 67 57 66 89 118
62 3 26 17 9 33 47 19 75 24 25 18 43 15 54 9 35 28 19 23 27 34 18 10 6 6 57 37 56 33 9 15 36 15 42 35 27 46 22 16 90 66 56 66 89 75 45 28 45 75 70 35 0 35 70 75 45 28 45 75 90 66 56 66 89
91 35 12 48 40 43 19 40 106 58 36 39 51 20 88 30 64 38 54 31 56 27 21 44 40 39 26 9 89 65 39 40 50 44 75 34 61 76 57 29 119 89 66 56 66 108 75 45 28 45 104 70 35 0 35 108 75 45 28 45 119 89 66 56 66
122 69 45 82 74 71 31 72 138 92 66 72 76 55 122 64 97 67 89 62 89 52 55 79 74 74 22 35 123 99 73 74 78 78 110 59 95 108 91 62 150 118 89 66 55 142 108 75 45 28 139 104 70 35 0 142 108 75 45 28 150 118 89 66 55
74 77 100 71 75 97 121 84 70 61 93 71 103 89 26 83 71 95 59 94 73 107 93 69 70 73 132 111 55 43 76 69 95 64 35 88 58 70 56 89 86 92 110 134 162 57 67 90 119 150 29 45 75 108 142 0 35 70 104 139 29 45 75 108 142
70 47 68 46 48 73 90 58 75 41 67 37 81 57 26 54 55 69 34 67 53 78 62 41 40 45 100 79 54 16 48 35 73 32 18 53 38 60 32 60 92 85 92 109 134 67 57 66 89 118 45 29 45 75 108 35 0 35 70 104 45 29 45 75 108
83 31 42 42 36 61 62 47 93 44 52 11 70 31 56 35 59 55 36 49 52 57 40 33 27 33 71 51 72 32 36 14 64 17 43 19 44 69 37 42 110 92 84 91 109 90 66 56 66 89 75 45 28 45 75 70 35 0 35 70 75 45 28 45 75
106 46 35 61 53 67 45 58 119 68 58 36 75 34 89 45 79 61 61 53 71 53 41 54 47 50 49 37 100 65 52 40 72 45 76 17 70 91 64 48 134 109 91 84 90 119 89 66 56 66 108 75 45 28 45 104 70 35 0 35 108 75 45 28 45
134 76 56 90 82 87 52 84 149 99 80 70 94 61 123 72 107 82 93 75 99 69 65 85 79 80 47 50 131 99 81 73 94 79 110 52 101 119 96 73 162 134 109 90 83 150 118 89 66 55 142 108 75 45 28 139 104 70 35 0 142 108 75 45 28
101 92 113 90 92 117 134 102 98 82 111 80 124 101 51 98 94 113 77 111 94 123 107 86 85 90 144 123 82 59 93 79 116 76 54 92 79 95 75 105 114 119 133 153 178 86 92 110 134 162 57 67 90 119 150 29 45 75 108 142 0 35 70 104 139
98 69 86 72 72 98 107 83 101 68 90 52 107 74 51 75 83 93 60 89 80 99 82 66 62 68 115 95 81 43 72 53 99 52 45 59 65 88 59 82 119 113 118 132 153 92 85 92 109 134 67 57 66 89 118 45 29 45 75 108 35 0 35 70 104
108 59 66 69 64 89 84 75 116 70 80 39 98 57 71 63 85 83 61 77 79 84 67 61 54 61 91 74 94 51 64 42 92 44 60 32 69 94 61 70 133 118 112 117 131 110 92 84 91 109 90 66 56 66 89 75 45 28 45 75 70 35 0 35 70
126 68 62 82 75 93 73 82 137 87 83 52 102 59 99 68 100 86 79 79 93 81 67 74 67 72 75 64 116 76 74 56 98 61 87 31 88 111 80 73 153 132 117 111 116 134 109 91 84 90 119 89 66 56 66 108 75 45 28 45 104 70 35 0 35
150 91 76 105 97 108 76 102 164 112 100 79 116 77 131 88 124 102 105 95 115 92 84 98 91 95 73 72 144 107 97 83 114 88 118 58 114 135 107 91 178 153 131 116 110 162 134 109 90 83 150 118 89 66 55 142 108 75 45 28 139 104 70 35 0
