0 42 4 35 9 51 65 68 21 35 63 11 56 68 8 71 42 35 18 105 6 32 4 43 29 52 37 65 73 36 56 8 52 36 4 62 39 36 44 95 125 94 66 49 53 117 83 50 23 31 116 81 47 15 25 121 89 59 38 43 133 104 79 65 68
42 0 44 10 50 12 25 54 24 21 23 53 61 41 34 35 13 12 42 71 46 10 45 3 16 15 23 57 31 10 15 49 55 10 44 23 19 16 40 64 98 75 62 67 87 84 54 34 44 71 77 42 9 29 63 80 48 24 36 67 92 66 51 58 80
4 44 0 38 7 54 67 72 24 35 66 10 60 72 10 74 45 36 15 108 3 34 4 45 30 55 37 69 75 39 59 8 55 37 6 64 42 37 48 99 129 98 70 52 54 121 87 54 27 30 119 84 50 16 22 123 90 60 37 40 134 104 79 63 65
35 10 38 0 44 17 30 48 15 23 29 46 52 39 28 37 9 15 39 72 40 8 38 9 16 18 27 50 39 2 22 42 46 13 37 27 11 20 32 65 98 71 55 58 78 85 53 28 34 63 82 47 13 23 58 87 56 33 39 65 101 75 60 63 82
9 50 7 44 0 60 73 75 30 41 72 4 61 77 16 79 51 42 19 113 5 41 6 51 37 61 42 72 81 45 65 6 57 44 8 70 48 43 51 104 133 101 73 51 49 126 92 58 28 25 124 90 56 22 17 129 97 66 42 39 140 110 84 67 65
51 12 54 17 60 0 14 47 31 32 13 62 59 30 44 23 12 24 53 59 56 21 54 10 28 5 34 52 25 15 7 58 53 22 53 11 18 27 38 53 88 65 58 69 93 72 43 30 49 79 66 31 4 39 74 71 42 28 47 78 86 64 56 67 92
65 25 67 30 73 14 0 49 45 44 2 75 66 28 57 14 24 36 66 48 69 34 68 23 41 14 45 56 16 29 10 71 61 34 67 5 30 39 47 44 79 62 62 79 105 61 36 36 61 92 52 18 18 53 87 58 31 31 58 91 75 57 56 75 102
68 54 72 48 75 47 49 0 51 71 48 75 28 23 64 39 41 62 80 52 73 55 70 51 63 43 74 10 64 47 51 71 26 61 68 45 37 68 24 39 60 27 16 47 81 61 30 21 49 82 74 51 47 64 92 94 77 74 86 108 118 104 102 111 129
21 24 24 15 30 31 45 51 0 27 43 31 47 48 15 50 22 21 30 84 26 16 24 24 18 32 30 51 54 16 37 27 41 22 23 41 19 26 30 75 106 77 54 48 64 97 63 32 21 48 95 61 27 13 45 102 71 45 38 58 115 89 70 66 78
35 21 35 23 41 32 44 71 27 0 42 44 73 60 28 55 31 9 27 90 37 16 37 23 9 35 4 73 45 25 34 42 67 11 38 42 34 5 53 85 119 94 77 74 86 103 74 51 47 65 95 61 29 21 50 94 59 26 16 48 101 70 45 41 60
63 23 66 29 72 13 2 48 43 42 0 74 65 27 56 15 23 35 65 49 68 33 66 22 39 12 44 55 17 27 9 70 59 33 65 3 28 38 45 45 80 62 61 77 103 62 36 35 59 91 54 19 17 51 86 60 32 31 57 89 77 58 57 74 101
11 53 10 46 4 62 75 75 31 44 74 0 59 78 19 81 53 45 23 114 8 43 8 53 40 62 46 71 83 47 67 5 56 46 9 72 49 46 51 104 133 101 71 49 46 127 92 59 27 21 126 92 58 25 18 132 99 69 46 42 143 114 88 71 69
56 61 60 52 61 59 66 28 47 73 65 59 0 47 55 61 49 65 72 79 60 58 57 59 64 56 76 19 81 52 65 56 7 65 54 62 43 70 22 67 84 50 15 20 55 89 57 31 34 61 101 74 57 58 77 119 97 84 85 99 140 122 112 112 123
68 41 72 39 77 30 28 23 48 60 27 78 47 0 62 16 30 52 76 38 74 46 71 38 54 27 63 32 42 37 33 73 42 50 69 25 30 56 33 27 59 36 38 64 95 50 15 21 55 90 55 29 32 60 93 72 55 56 76 104 95 82 83 97 120
8 34 10 28 16 44 57 64 15 28 56 19 55 62 0 64 35 27 17 98 13 25 11 35 22 45 30 62 65 29 49 15 50 28 11 54 33 29 41 89 120 90 64 51 59 111 77 45 23 38 109 74 40 7 31 114 81 52 34 45 125 96 73 61 68
71 35 74 37 79 23 14 39 50 55 15 81 61 16 64 0 29 47 75 36 76 43 74 33 51 21 57 47 27 36 23 77 56 45 72 14 33 50 43 31 66 49 54 76 105 49 22 31 63 96 46 14 27 60 95 59 39 45 70 101 80 67 70 88 114
42 13 45 9 51 12 24 41 22 31 23 53 49 30 35 29 0 23 47 64 47 16 45 11 25 11 34 44 36 8 18 48 43 21 44 20 7 27 28 56 89 63 49 58 82 77 44 22 37 69 74 40 9 32 66 82 53 36 47 74 97 75 64 70 91
35 12 36 15 42 24 36 62 21 9 35 45 65 52 27 47 23 0 31 82 38 8 38 15 6 27 12 65 40 16 26 42 59 3 37 34 26 6 45 76 110 85 69 69 84 95 65 43 42 65 88 54 21 20 53 89 56 25 25 55 99 70 49 49 69
18 42 15 39 19 53 66 80 30 27 65 23 72 76 17 75 47 31 0 111 16 33 19 44 26 55 27 79 71 40 57 22 67 33 21 64 47 30 58 103 135 106 81 66 68 124 91 61 40 43 118 84 49 17 23 119 85 52 23 29 127 95 67 49 51
105 71 108 72 113 59 48 52 84 90 49 114 79 38 98 36 64 82 111 0 110 78 107 68 86 56 92 61 54 71 58 110 76 80 106 49 66 86 69 13 36 41 67 98 131 14 24 58 92 127 27 33 62 95 129 54 57 77 105 137 81 83 98 122 149
6 46 3 40 5 56 69 73 26 37 68 8 60 74 13 76 47 38 16 110 0 37 4 47 33 57 38 70 77 41 61 7 56 40 7 66 44 39 49 101 130 99 71 52 52 123 89 56 27 28 121 86 52 18 20 126 93 62 38 39 136 106 81 64 65
32 10 34 8 41 21 34 55 16 16 33 43 58 46 25 43 16 8 33 78 37 0 35 11 9 23 20 57 41 9 25 39 52 7 35 31 18 13 38 71 104 78 61 62 79 91 60 35 36 62 86 51 17 19 54 89 57 30 32 59 101 74 56 56 75
4 45 4 38 6 54 68 70 24 37 66 8 57 71 11 74 45 38 19 107 4 35 0 46 32 55 39 66 76 39 59 5 52 39 3 64 42 39 46 98 127 96 68 48 50 120 86 53 23 28 119 84 50 18 23 124 92 62 40 43 136 107 82 67 68
43 3 45 9 51 10 23 51 24 23 22 53 59 38 35 33 11 15 44 68 47 11 46 0 18 13 26 54 31 8 14 49 52 13 45 21 16 19 38 62 96 72 59 66 87 81 51 32 43 71 75 41 7 30 64 79 48 26 39 69 92 67 54 61 83
29 16 30 16 37 28 41 63 18 9 39 40 64 54 22 51 25 6 26 86 33 9 32 18 0 30 12 65 45 17 31 36 58 8 32 39 26 8 45 79 113 87 69 66 79 99 68 43 39 59 93 58 25 15 48 94 61 30 23 51 104 75 53 49 67
52 15 55 18 61 5 14 43 32 35 12 62 56 27 45 21 11 27 55 56 57 23 55 13 30 0 38 48 26 16 10 58 50 25 54 10 17 31 35 50 84 61 54 67 92 69 39 26 48 79 65 30 6 40 75 72 43 32 51 81 88 66 59 71 95
37 23 37 27 42 34 45 74 30 4 44 46 76 63 30 57 34 12 27 92 38 20 39 26 12 38 0 76 46 28 36 43 70 14 40 44 37 8 56 87 121 97 80 77 88 106 76 54 50 66 96 62 32 23 50 94 59 26 14 46 100 69 43 37 58
65 57 69 50 72 52 56 10 51 73 55 71 19 32 62 47 44 65 79 61 70 57 66 54 65 48 76 0 71 49 57 67 18 63 64 52 40 70 22 49 67 32 7 39 73 70 39 23 44 76 84 60 51 63 88 104 85 79 87 107 127 112 107 113 128
73 31 75 39 81 25 16 64 54 45 17 83 81 42 65 27 36 40 71 54 77 41 76 31 45 26 46 71 0 39 18 80 75 38 75 20 42 41 61 54 89 75 77 93 117 67 48 51 73 102 51 22 28 59 93 49 17 25 58 92 62 42 45 69 99
36 10 39 2 45 15 29 47 16 25 27 47 52 37 29 36 8 16 40 71 41 9 39 8 17 16 28 49 39 0 21 43 46 15 38 26 10 21 31 63 96 70 54 58 79 84 52 27 35 64 80 46 11 25 59 86 55 33 40 67 100 75 61 64 84
56 15 59 22 65 7 10 51 37 34 9 67 65 33 49 23 18 26 57 58 61 25 59 14 31 10 36 57 18 21 0 63 59 24 59 9 25 29 45 53 88 68 63 76 99 71 44 35 55 85 62 28 11 44 78 66 35 24 49 81 80 57 51 66 92
8 49 8 42 6 58 71 71 27 42 70 5 56 73 15 77 48 42 22 110 7 39 5 49 36 58 43 67 80 43 63 0 52 43 5 68 45 44 47 100 129 97 68 46 46 122 88 54 23 24 122 88 54 22 22 128 96 66 44 44 140 111 86 71 70
52 55 55 46 57 53 61 26 41 67 59 56 7 42 50 56 43 59 67 76 56 52 52 52 58 50 70 18 75 46 59 52 0 59 50 56 37 64 15 64 84 50 16 22 56 86 53 25 30 59 97 69 51 53 74 114 91 78 79 94 135 116 106 106 118
36 10 37 13 44 22 34 61 22 11 33 46 65 50 28 45 21 3 33 80 40 7 39 13 8 25 14 63 38 15 24 43 59 0 39 32 24 7 44 74 108 83 68 68 85 93 63 41 43 66 86 51 19 22 55 87 54 24 27 57 97 69 49 50 71
4 44 6 37 8 53 67 68 23 38 65 9 54 69 11 72 44 37 21 106 7 35 3 45 32 54 40 64 75 38 59 5 50 39 0 63 40 40 44 96 125 94 65 46 49 118 84 51 21 28 118 83 49 18 25 124 91 62 42 45 135 107 83 68 70
62 23 64 27 70 11 5 45 41 42 3 72 62 25 54 14 20 34 64 49 66 31 64 21 39 10 44 52 20 26 9 68 56 32 63 0 26 37 43 44 79 60 58 75 101 62 35 32 57 89 55 21 15 50 84 62 35 32 57 89 79 61 59 75 101
39 19 42 11 48 18 30 37 19 34 28 49 43 30 33 33 7 26 47 66 44 18 42 16 26 17 37 40 42 10 25 45 37 24 40 26 0 31 22 57 89 61 44 51 75 79 45 17 31 64 78 45 15 30 63 88 59 42 49 74 104 81 70 74 92
36 16 37 20 43 27 39 68 26 5 38 46 70 56 29 50 27 6 30 86 39 13 39 19 8 31 8 70 41 21 29 44 64 7 40 37 31 0 51 80 114 90 74 73 87 99 69 48 46 67 90 56 25 22 53 90 55 23 21 52 98 68 45 44 65
44 40 48 32 51 38 47 24 30 53 45 51 22 33 41 43 28 45 58 69 49 38 46 38 45 35 56 22 61 31 45 47 15 44 44 43 22 51 0 58 83 51 25 33 63 80 46 13 25 60 87 57 36 42 68 102 77 63 67 86 121 101 91 93 107
95 64 99 65 104 53 44 39 75 85 45 104 67 27 89 31 56 76 103 13 101 71 98 62 79 50 87 49 54 63 53 100 64 74 96 44 57 80 58 0 35 30 54 86 119 23 13 47 82 116 38 33 56 87 120 63 60 75 100 130 90 88 98 119 144
125 98 129 98 133 88 79 60 106 119 80 133 84 59 120 66 89 110 135 36 130 104 127 96 113 84 121 67 89 96 88 129 84 108 125 79 89 114 83 35 0 35 70 104 139 29 45 75 108 142 57 67 90 119 150 86 92 110 134 162 114 119 133 153 178
94 75 98 71 101 65 62 27 77 94 62 101 50 36 90 49 63 85 106 41 99 78 96 72 87 61 97 32 75 70 68 97 50 83 94 60 61 90 51 30 35 0 35 70 104 45 29 45 75 108 67 57 66 89 118 92 85 92 109 134 119 113 118 132 153
66 62 70 55 73 58 62 16 54 77 61 71 15 38 64 54 49 69 81 67 71 61 68 59 69 54 80 7 77 54 63 68 16 68 65 58 44 74 25 54 70 35 0 35 70 75 45 28 45 75 90 66 56 66 89 110 92 84 91 109 133 118 112 117 131
49 67 52 58 51 69 79 47 48 74 77 49 20 64 51 76 58 69 66 98 52 62 48 66 66 67 77 39 93 58 76 46 22 68 46 75 51 73 33 86 104 70 35 0 35 108 75 45 28 45 119 89 66 56 66 134 109 91 84 90 153 132 117 111 116
53 87 54 78 49 93 105 81 64 86 103 46 55 95 59 105 82 84 68 131 52 79 50 87 79 92 88 73 117 79 99 46 56 85 49 101 75 87 63 119 139 104 70 35 0 142 108 75 45 28 150 118 89 66 55 162 134 109 90 83 178 153 131 116 110
117 84 121 85 126 72 61 61 97 103 62 127 89 50 111 49 77 95 124 14 123 91 120 81 99 69 106 70 67 84 71 122 86 93 118 62 79 99 80 23 29 45 75 108 142 0 35 70 104 139 29 45 75 108 142 57 67 90 119 150 86 92 110 134 162
83 54 87 53 92 43 36 30 63 74 36 92 57 15 77 22 44 65 91 24 89 60 86 51 68 39 76 39 48 52 44 88 53 63 84 35 45 69 46 13 45 29 45 75 108 35 0 35 70 104 45 29 45 75 108 67 57 66 89 118 92 85 92 109 134
50 34 54 28 58 30 36 21 32 51 35 59 31 21 45 31 22 43 61 58 56 35 53 32 43 26 54 23 51 27 35 54 25 41 51 32 17 48 13 47 75 45 28 45 75 70 35 0 35 70 75 45 28 45 75 90 66 56 66 89 110 92 84 91 109
23 44 27 34 28 49 61 49 21 47 59 27 34 55 23 63 37 42 40 92 27 36 23 43 39 48 50 44 73 35 55 23 30 43 21 57 31 46 25 82 108 75 45 28 45 104 70 35 0 35 108 75 45 28 45 119 89 66 56 66 134 109 91 84 90
31 71 30 63 25 79 92 82 48 65 91 21 61 90 38 96 69 65 43 127 28 62 28 71 59 79 66 76 102 64 85 24 59 66 28 89 64 67 60 116 142 108 75 45 28 139 104 70 35 0 142 108 75 45 28 150 118 89 66 55 162 134 109 90 83
116 77 119 82 124 66 52 74 95 95 54 126 101 55 109 46 74 88 118 27 121 86 119 75 93 65 96 84 51 80 62 122 97 86 118 55 78 90 87 38 57 67 90 119 150 29 45 75 108 142 0 35 70 104 139 29 45 75 108 142 57 67 90 119 150
81 42 84 47 90 31 18 51 61 61 19 92 74 29 74 14 40 54 84 33 86 51 84 41 58 30 62 60 22 46 28 88 69 51 83 21 45 56 57 33 67 57 66 89 118 45 29 45 75 108 35 0 35 70 104 45 29 45 75 108 67 57 66 89 118
47 9 50 13 56 4 18 47 27 29 17 58 57 32 40 27 9 21 49 62 52 17 50 7 25 6 32 51 28 11 11 54 51 19 49 15 15 25 36 56 90 66 56 66 89 75 45 28 45 75 70 35 0 35 70 75 45 28 45 75 90 66 56 66 89
15 29 16 23 22 39 53 64 13 21 51 25 58 60 7 60 32 20 17 95 18 19 18 30 15 40 23 63 59 25 44 22 53 22 18 50 30 22 42 87 119 89 66 56 66 108 75 45 28 45 104 70 35 0 35 108 75 45 28 45 119 89 66 56 66
25 63 22 58 17 74 87 92 45 50 86 18 77 93 31 95 66 53 23 129 20 54 23 64 48 75 50 88 93 59 78 22 74 55 25 84 63 53 68 120 150 118 89 66 55 142 108 75 45 28 139 104 70 35 0 142 108 75 45 28 150 118 89 66 55
121 80 123 87 129 71 58 94 102 94 60 132 119 72 114 59 82 89 119 54 126 89 124 79 94 72 94 104 49 86 66 128 114 87 124 62 88 90 102 63 86 92 110 134 162 57 67 90 119 150 29 45 75 108 142 0 35 70 104 139 29 45 75 108 142
89 48 90 56 97 42 31 77 71 59 32 99 97 55 81 39 53 56 85 57 93 57 92 48 61 43 59 85 17 55 35 96 91 54 91 35 59 55 77 60 92 85 92 109 134 67 57 66 89 118 45 29 45 75 108 35 0 35 70 104 45 29 45 75 108
59 24 60 33 66 28 31 74 45 26 31 69 84 56 52 45 36 25 52 77 62 30 62 26 30 32 26 79 25 33 24 66 78 24 62 32 42 23 63 75 110 92 84 91 109 90 66 56 66 89 75 45 28 45 75 70 35 0 35 70 75 45 28 45 75
38 36 37 39 42 47 58 86 38 16 57 46 85 76 34 70 47 25 23 105 38 32 40 39 23 51 14 87 58 40 49 44 79 27 42 57 49 21 67 100 134 109 91 84 90 119 89 66 56 66 108 75 45 28 45 104 70 35 0 35 108 75 45 28 45
43 67 40 65 39 78 91 108 58 48 89 42 99 104 45 101 74 55 29 137 39 59 43 69 51 81 46 107 92 67 81 44 94 57 45 89 74 52 86 130 162 134 109 90 83 150 118 89 66 55 142 108 75 45 28 139 104 70 35 0 142 108 75 45 28
133 92 134 101 140 86 75 118 115 101 77 143 140 95 125 80 97 99 127 81 136 101 136 92 104 88 100 127 62 100 80 140 135 97 135 79 104 98 121 90 114 119 133 153 178 86 92 110 134 162 57 67 90 119 150 29 45 75 108 142 0 35 70 104 139
104 66 104 75 110 64 57 104 89 70 58 114 122 82 96 67 75 70 95 83 106 74 107 67 75 66 69 112 42 75 57 111 116 69 107 61 81 68 101 88 119 113 118 132 153 92 85 92 109 134 67 57 66 89 118 45 29 45 75 108 35 0 35 70 104
79 51 79 60 84 56 56 102 70 45 57 88 112 83 73 70 64 49 67 98 81 56 82 54 53 59 43 107 45 61 51 86 106 49 83 59 70 45 91 98 133 118 112 117 131 110 92 84 91 109 90 66 56 66 89 75 45 28 45 75 70 35 0 35 70
65 58 63 63 67 67 75 111 66 41 74 71 112 97 61 88 70 49 49 122 64 56 67 61 49 71 37 113 69 64 66 71 106 50 68 75 74 44 93 119 153 132 117 111 116 134 109 91 84 90 119 89 66 56 66 108 75 45 28 45 104 70 35 0 35
68 80 65 82 65 92 102 129 78 60 101 69 123 120 68 114 91 69 51 149 65 75 68 83 67 95 58 128 99 84 92 70 118 71 70 101 92 65 107 144 178 153 131 116 110 162 134 109 90 83 150 118 89 66 55 142 108 75 45 28 139 104 70 35 0
