0 123 90 121 106 80 45 46 78 108 92 65 86 106 104 89 35 73 102 30 6 125 53 97 114 39 36 46 67 111 99 108 87 104 105 92 26 30 88 87 154 122 91 63 47 148 114 80 47 21 147 113 78 44 12 152 118 86 57 38 161 130 101 77 65
123 0 41 3 18 58 83 80 53 18 46 59 50 25 19 41 96 61 39 96 121 4 89 28 39 88 100 81 63 15 34 33 45 29 23 34 99 97 47 89 46 40 60 89 121 27 15 47 81 115 31 21 49 82 116 53 48 65 92 124 79 76 87 109 136
90 41 0 40 29 18 47 45 13 34 48 31 10 17 24 39 60 21 14 61 89 41 50 26 26 52 62 45 25 36 42 18 5 15 36 31 65 69 8 52 84 65 62 76 101 67 40 35 57 87 58 24 13 47 81 63 34 27 53 85 78 57 54 70 96
121 3 40 0 15 58 81 78 52 15 43 57 49 25 18 38 95 60 39 94 119 7 88 25 40 86 99 80 61 12 31 33 44 29 20 32 97 94 47 89 46 38 57 86 118 28 12 44 79 113 33 22 48 81 114 56 49 65 92 122 82 77 88 109 136
106 18 29 15 0 46 67 64 39 6 32 42 38 19 6 25 81 48 33 79 104 20 75 11 38 72 85 65 48 7 21 30 33 23 10 18 82 80 36 80 56 38 47 73 104 43 12 30 64 98 46 21 34 66 100 63 48 55 79 108 87 76 81 98 123
80 58 18 58 46 0 36 35 10 51 60 31 9 34 42 51 47 7 25 51 80 58 34 42 35 41 48 34 15 53 56 32 14 31 52 45 55 63 12 36 102 81 72 79 98 84 57 44 55 80 73 40 16 37 70 73 39 13 36 69 82 55 41 52 79
45 83 47 81 67 36 0 4 34 70 63 27 42 63 64 56 14 29 58 15 44 84 20 58 70 6 19 2 23 72 65 64 43 61 68 56 20 31 44 52 120 91 68 58 67 109 76 46 30 46 104 70 35 3 35 107 74 44 26 43 117 88 64 54 64
46 80 45 78 64 35 4 0 32 67 60 24 41 61 61 53 17 28 57 17 45 81 22 55 68 9 22 3 21 69 62 62 42 59 65 52 21 30 42 54 117 88 65 56 67 106 73 43 28 46 102 68 33 3 37 106 73 43 29 47 117 88 65 56 67
78 53 13 52 39 10 34 32 0 44 51 23 10 30 35 42 47 9 25 49 77 53 37 34 37 40 49 33 12 46 47 31 10 28 44 36 53 58 11 45 95 72 62 71 92 79 50 34 48 76 71 37 7 34 69 74 43 22 40 72 87 62 50 60 85
108 18 34 15 6 51 70 67 44 0 29 45 44 25 12 24 84 53 39 82 106 21 80 12 44 75 88 69 52 3 18 35 38 29 6 18 85 81 42 86 51 32 44 72 104 40 7 30 65 99 47 26 39 69 102 67 54 61 83 112 91 82 87 103 128
92 46 48 43 32 60 63 60 51 29 0 37 56 48 35 10 76 58 59 71 88 49 78 25 67 66 81 62 53 32 12 58 50 51 24 18 72 63 54 95 63 30 15 45 79 64 31 18 46 79 76 52 45 61 89 95 77 72 84 105 118 104 100 108 126
65 59 31 57 42 31 27 24 23 45 37 0 32 44 40 30 41 27 45 38 62 61 41 33 56 31 46 26 19 47 39 48 29 43 42 29 40 39 32 63 93 65 45 48 70 84 51 20 26 58 84 50 19 26 58 93 64 44 47 70 109 85 71 73 89
86 50 10 49 38 9 42 41 10 44 56 32 0 26 34 46 54 14 17 57 86 50 42 35 28 48 56 41 20 45 50 23 7 22 45 39 61 67 3 42 94 74 68 79 101 75 50 41 57 85 65 31 14 43 77 66 34 18 44 77 78 53 45 60 88
106 25 17 25 19 34 63 61 30 25 48 44 26 0 14 40 76 38 15 77 105 25 67 24 19 69 79 62 41 25 39 11 21 5 29 31 81 83 23 65 70 57 63 84 112 50 29 40 69 102 42 7 29 63 98 51 30 40 69 102 71 58 63 85 113
104 19 24 18 6 42 64 61 35 12 35 40 34 14 0 28 78 44 28 77 102 21 71 11 33 69 81 62 44 12 25 25 28 18 15 19 80 79 31 75 61 43 50 75 105 45 17 31 63 97 45 17 31 63 97 61 44 50 75 105 83 72 76 93 119
89 41 39 38 25 51 56 53 42 24 10 30 46 40 28 0 70 49 50 66 86 44 71 17 58 61 75 55 45 27 10 49 41 42 19 9 67 60 45 86 65 35 24 48 81 62 28 11 44 78 71 44 36 55 85 88 68 63 76 99 110 95 91 100 119
35 96 60 95 81 47 14 17 47 84 76 41 54 76 78 70 0 41 70 10 36 98 19 72 81 10 6 16 35 86 79 77 56 74 82 69 14 32 56 54 133 104 80 65 67 122 90 60 38 42 117 83 49 15 24 119 85 52 24 30 127 95 68 50 53
73 61 21 60 48 7 29 28 9 53 58 27 14 38 44 49 41 0 30 44 73 62 29 42 41 35 42 28 9 54 55 37 17 35 53 44 49 57 16 38 104 81 69 73 92 87 59 41 49 74 78 44 15 30 63 79 45 18 32 64 89 61 45 52 76
102 39 14 39 33 25 58 57 25 39 59 45 17 15 28 50 70 30 0 73 102 38 58 35 12 64 72 57 36 39 50 8 16 11 42 41 77 82 15 51 84 71 73 90 115 63 43 47 71 101 49 18 26 59 93 50 20 27 59 93 64 46 49 72 102
30 96 61 94 79 51 15 17 49 82 71 38 57 77 77 66 10 44 73 0 30 97 28 70 85 10 16 17 38 84 75 79 58 75 80 66 5 22 59 63 130 100 73 56 57 121 88 56 30 33 119 84 49 15 21 122 89 58 33 36 132 102 76 60 61
6 121 89 119 104 80 44 45 77 106 88 62 86 105 102 86 36 73 102 30 0 123 55 94 113 39 38 46 66 108 95 107 86 103 102 89 25 26 87 89 151 118 86 58 41 145 111 77 43 15 146 111 77 44 16 151 118 87 59 43 161 131 103 81 70
125 4 41 7 20 58 84 81 53 21 49 61 50 25 21 44 98 62 38 97 123 0 90 30 36 89 101 83 64 18 38 31 45 29 26 37 101 99 47 88 48 44 63 92 124 26 19 50 83 118 27 20 50 84 118 49 45 64 93 124 75 73 86 109 137
53 89 50 88 75 34 20 22 37 80 78 41 42 67 71 71 19 29 58 28 55 90 0 68 68 21 17 20 28 81 78 65 46 64 79 68 33 48 45 36 130 104 85 77 84 116 86 61 50 60 107 73 41 22 41 104 70 36 7 36 110 78 49 34 49
97 28 26 25 11 42 58 55 34 12 25 33 35 24 11 17 72 42 35 70 94 30 68 0 42 63 76 57 41 15 16 33 29 26 11 9 73 70 33 77 63 39 40 64 94 52 18 20 54 88 56 27 28 57 90 72 52 53 72 100 94 80 80 94 116
114 39 26 40 38 35 70 68 37 44 67 56 28 19 33 58 81 41 12 85 113 36 68 42 0 76 83 68 48 43 58 10 28 17 48 50 89 94 27 56 84 75 82 101 126 59 47 57 82 112 41 19 38 70 104 38 11 35 69 103 53 39 51 78 109
39 88 52 86 72 41 6 9 40 75 66 31 48 69 69 61 10 35 64 10 39 89 21 63 76 0 15 8 28 77 70 70 49 67 73 60 14 27 50 55 124 95 70 58 64 114 81 50 30 42 110 75 41 6 29 113 80 49 27 39 123 93 68 55 61
36 100 62 99 85 48 19 22 49 88 81 46 56 79 81 75 6 42 72 16 38 101 17 76 83 15 0 20 38 90 84 79 59 77 87 74 19 37 58 52 138 109 85 71 72 126 94 65 44 46 120 86 52 21 24 120 86 52 21 25 127 95 66 45 47
46 81 45 80 65 34 2 3 33 69 62 26 41 62 62 55 16 28 57 17 46 83 20 57 68 8 20 0 21 71 64 63 42 60 67 54 21 31 43 52 118 90 67 58 68 107 75 45 30 47 103 68 34 3 37 106 73 42 26 45 116 87 63 54 65
67 63 25 61 48 15 23 21 12 52 53 19 20 41 44 45 35 9 36 38 66 64 28 41 48 28 38 21 0 54 52 42 21 39 52 41 42 48 22 44 103 78 63 65 83 89 58 36 40 66 82 48 14 23 57 85 53 26 32 61 97 70 53 55 76
111 15 36 12 7 53 72 69 46 3 32 47 45 25 12 27 86 54 39 84 108 18 81 15 43 77 90 71 54 0 20 35 39 29 8 21 87 84 43 87 50 33 46 75 107 38 5 33 68 102 45 25 41 72 105 65 53 62 85 114 90 81 87 105 129
99 34 42 31 21 56 65 62 47 18 12 39 50 39 25 10 79 55 50 75 95 38 78 16 58 70 84 64 52 20 0 48 44 42 12 12 77 70 49 91 56 26 27 56 89 53 20 20 53 87 64 41 41 64 94 84 68 67 83 108 107 95 95 106 127
108 33 18 33 30 32 64 62 31 35 58 48 23 11 25 49 77 37 8 79 107 31 65 33 10 70 79 63 42 35 48 0 21 7 39 41 83 87 21 58 78 67 72 92 118 56 39 48 74 105 42 12 31 65 99 45 20 35 66 100 62 47 55 79 109
87 45 5 44 33 14 43 42 10 38 50 29 7 21 28 41 56 17 16 58 86 45 46 29 28 49 59 42 21 39 44 21 0 18 39 33 62 66 5 48 88 68 63 76 99 71 44 35 55 85 62 28 11 44 78 66 35 24 49 81 80 57 51 66 92
104 29 15 29 23 31 61 59 28 29 51 43 22 5 18 42 74 35 11 75 103 29 64 26 17 67 77 60 39 29 42 7 18 0 33 34 79 82 20 60 75 61 65 85 112 54 33 41 69 101 44 10 27 61 96 50 27 36 66 99 69 54 59 81 109
105 23 36 20 10 52 68 65 44 6 24 42 45 29 15 19 82 53 42 80 102 26 79 11 48 73 87 67 52 8 12 39 39 33 0 14 82 77 43 87 52 30 38 67 99 44 9 26 61 96 53 30 39 67 100 72 58 63 83 111 96 86 89 104 127
92 34 31 32 18 45 56 52 36 18 18 29 39 31 19 9 69 44 41 66 89 37 68 9 50 60 74 54 41 21 12 41 33 34 14 0 69 64 38 80 65 37 32 56 87 57 23 13 48 82 63 35 30 54 86 80 60 57 72 98 101 86 84 95 116
26 99 65 97 82 55 20 21 53 85 72 40 61 81 80 67 14 49 77 5 25 101 33 73 89 14 19 21 42 87 77 83 62 79 82 69 0 18 63 68 132 101 73 54 53 124 90 57 29 28 122 88 53 19 18 127 94 62 38 37 137 107 81 64 63
30 97 69 94 80 63 31 30 58 81 63 39 67 83 79 60 32 57 82 22 26 99 48 70 94 27 37 31 48 84 70 87 66 82 77 64 18 0 68 82 125 92 61 37 37 121 86 52 17 19 123 89 56 29 30 131 100 73 54 54 145 117 94 81 81
88 47 8 47 36 12 44 42 11 42 54 32 3 23 31 45 56 16 15 59 87 47 45 33 27 50 58 43 22 43 49 21 5 20 43 38 63 68 0 44 91 72 67 79 102 73 47 40 58 87 62 29 14 44 79 64 32 20 47 80 77 53 47 63 90
87 89 52 89 80 36 52 54 45 86 95 63 42 65 75 86 54 38 51 63 89 88 36 77 56 55 52 52 44 87 91 58 48 60 87 80 68 82 44 0 134 116 106 107 119 113 91 79 80 96 96 69 51 54 75 85 52 25 31 61 83 48 15 24 58
154 46 84 46 56 102 120 117 95 51 63 93 94 70 61 65 133 104 84 130 151 48 130 63 84 124 138 118 103 50 56 78 88 75 52 65 132 125 91 134 0 35 70 104 139 29 45 75 108 142 57 67 90 119 150 86 92 110 134 162 114 119 133 153 178
122 40 65 38 38 81 91 88 72 32 30 65 74 57 43 35 104 81 71 100 118 44 104 39 75 95 109 90 78 33 26 67 68 61 30 37 101 92 72 116 35 0 35 70 104 45 29 45 75 108 67 57 66 89 118 92 85 92 109 134 119 113 118 132 153
91 60 62 57 47 72 68 65 62 44 15 45 68 63 50 24 80 69 73 73 86 63 85 40 82 70 85 67 63 46 27 72 63 65 38 32 73 61 67 106 70 35 0 35 70 75 45 28 45 75 90 66 56 66 89 110 92 84 91 109 133 118 112 117 131
63 89 76 86 73 79 58 56 71 72 45 48 79 84 75 48 65 73 90 56 58 92 77 64 101 58 71 58 65 75 56 92 76 85 67 56 54 37 79 107 104 70 35 0 35 108 75 45 28 45 119 89 66 56 66 134 109 91 84 90 153 132 117 111 116
47 121 101 118 104 98 67 67 92 104 79 70 101 112 105 81 67 92 115 57 41 124 84 94 126 64 72 68 83 107 89 118 99 112 99 87 53 37 102 119 139 104 70 35 0 142 108 75 45 28 150 118 89 66 55 162 134 109 90 83 178 153 131 116 110
148 27 67 28 43 84 109 106 79 40 64 84 75 50 45 62 122 87 63 121 145 26 116 52 59 114 126 107 89 38 53 56 71 54 44 57 124 121 73 113 29 45 75 108 142 0 35 70 104 139 29 45 75 108 142 57 67 90 119 150 86 92 110 134 162
114 15 40 12 12 57 76 73 50 7 31 51 50 29 17 28 90 59 43 88 111 19 86 18 47 81 94 75 58 5 20 39 44 33 9 23 90 86 47 91 45 29 45 75 108 35 0 35 70 104 45 29 45 75 108 67 57 66 89 118 92 85 92 109 134
80 47 35 44 30 44 46 43 34 30 18 20 41 40 31 11 60 41 47 56 77 50 61 20 57 50 65 45 36 33 20 48 35 41 26 13 57 52 40 79 75 45 28 45 75 70 35 0 35 70 75 45 28 45 75 90 66 56 66 89 110 92 84 91 109
47 81 57 79 64 55 30 28 48 65 46 26 57 69 63 44 38 49 71 30 43 83 50 54 82 30 44 30 40 68 53 74 55 69 61 48 29 17 58 80 108 75 45 28 45 104 70 35 0 35 108 75 45 28 45 119 89 66 56 66 134 109 91 84 90
21 115 87 113 98 80 46 46 76 99 79 58 85 102 97 78 42 74 101 33 15 118 60 88 112 42 46 47 66 102 87 105 85 101 96 82 28 19 87 96 142 108 75 45 28 139 104 70 35 0 142 108 75 45 28 150 118 89 66 55 162 134 109 90 83
147 31 58 33 46 73 104 102 71 47 76 84 65 42 45 71 117 78 49 119 146 27 107 56 41 110 120 103 82 45 64 42 62 44 53 63 122 123 62 96 57 67 90 119 150 29 45 75 108 142 0 35 70 104 139 29 45 75 108 142 57 67 90 119 150
113 21 24 22 21 40 70 68 37 26 52 50 31 7 17 44 83 44 18 84 111 20 73 27 19 75 86 68 48 25 41 12 28 10 30 35 88 89 29 69 67 57 66 89 118 45 29 45 75 108 35 0 35 70 104 45 29 45 75 108 67 57 66 89 118
78 49 13 48 34 16 35 33 7 39 45 19 14 29 31 36 49 15 26 49 77 50 41 28 38 41 52 34 14 41 41 31 11 27 39 30 53 56 14 51 90 66 56 66 89 75 45 28 45 75 70 35 0 35 70 75 45 28 45 75 90 66 56 66 89
44 82 47 81 66 37 3 3 34 69 61 26 43 63 63 55 15 30 59 15 44 84 22 57 70 6 21 3 23 72 64 65 44 61 67 54 19 29 44 54 119 89 66 56 66 108 75 45 28 45 104 70 35 0 35 108 75 45 28 45 119 89 66 56 66
12 116 81 114 100 70 35 37 69 102 89 58 77 98 97 85 24 63 93 21 16 118 41 90 104 29 24 37 57 105 94 99 78 96 100 86 18 30 79 75 150 118 89 66 55 142 108 75 45 28 139 104 70 35 0 142 108 75 45 28 150 118 89 66 55
152 53 63 56 63 73 107 106 74 67 95 93 66 51 61 88 119 79 50 122 151 49 104 72 38 113 120 106 85 65 84 45 66 50 72 80 127 131 64 85 86 92 110 134 162 57 67 90 119 150 29 45 75 108 142 0 35 70 104 139 29 45 75 108 142
118 48 34 49 48 39 74 73 43 54 77 64 34 30 44 68 85 45 20 89 118 45 70 52 11 80 86 73 53 53 68 20 35 27 58 60 94 100 32 52 92 85 92 109 134 67 57 66 89 118 45 29 45 75 108 35 0 35 70 104 45 29 45 75 108
86 65 27 65 55 13 44 43 22 61 72 44 18 40 50 63 52 18 27 58 87 64 36 53 35 49 52 42 26 62 67 35 24 36 63 57 62 73 20 25 110 92 84 91 109 90 66 56 66 89 75 45 28 45 75 70 35 0 35 70 75 45 28 45 75
57 92 53 92 79 36 26 29 40 83 84 47 44 69 75 76 24 32 59 33 59 93 7 72 69 27 21 26 32 85 83 66 49 66 83 72 38 54 47 31 134 109 91 84 90 119 89 66 56 66 108 75 45 28 45 104 70 35 0 35 108 75 45 28 45
38 124 85 122 108 69 43 47 72 112 105 70 77 102 105 99 30 64 93 36 43 124 36 100 103 39 25 45 61 114 108 100 81 99 111 98 37 54 80 61 162 134 109 90 83 150 118 89 66 55 142 108 75 45 28 139 104 70 35 0 142 108 75 45 28
161 79 78 82 87 82 117 117 87 91 118 109 78 71 83 110 127 89 64 132 161 75 110 94 53 123 127 116 97 90 107 62 80 69 96 101 137 145 77 83 114 119 133 153 178 86 92 110 134 162 57 67 90 119 150 29 45 75 108 142 0 35 70 104 139
130 76 57 77 76 55 88 88 62 82 104 85 53 58 72 95 95 61 46 102 131 73 78 80 39 93 95 87 70 81 95 47 57 54 86 86 107 117 53 48 119 113 118 132 153 92 85 92 109 134 67 57 66 89 118 45 29 45 75 108 35 0 35 70 104
101 87 54 88 81 41 64 65 50 87 100 71 45 63 76 91 68 45 49 76 103 86 49 80 51 68 66 63 53 87 95 55 51 59 89 84 81 94 47 15 133 118 112 117 131 110 92 84 91 109 90 66 56 66 89 75 45 28 45 75 70 35 0 35 70
77 109 70 109 98 52 54 56 60 103 108 73 60 85 93 100 50 52 72 60 81 109 34 94 78 55 45 54 55 105 106 79 66 81 104 95 64 81 63 24 153 132 117 111 116 134 109 91 84 90 119 89 66 56 66 108 75 45 28 45 104 70 35 0 35
65 136 96 136 123 79 64 67 85 128 126 89 88 113 119 119 53 76 102 61 70 137 49 116 109 61 47 65 76 129 127 109 92 109 127 116 63 81 90 58 178 153 131 116 110 162 134 109 90 83 150 118 89 66 55 142 108 75 45 28 139 104 70 35 0
