0 16 33 39 27 33 72 51 9 24 15 41 38 68 20 36 22 43 9 62 53 40 47 25 23 38 69 53 13 11 28 76 19 49 42 36 23 70 3 61 110 84 66 64 79 97 65 41 38 60 90 56 22 16 50 93 59 30 26 54 103 74 54 51 69
16 0 32 44 39 47 86 66 16 36 26 56 38 81 32 51 36 58 13 75 68 51 38 40 36 53 83 68 6 26 35 87 33 52 57 49 36 83 16 74 123 98 81 77 88 107 78 55 50 66 97 64 33 23 49 95 61 27 12 45 101 70 44 36 56
33 32 0 71 58 48 97 71 41 55 25 64 7 96 52 57 51 56 26 88 77 71 69 46 53 56 95 75 36 36 17 105 39 81 66 64 54 99 31 90 137 107 81 64 63 127 94 63 38 37 123 88 54 20 17 125 91 58 29 28 133 102 74 54 53
39 44 71 0 23 50 57 54 31 23 51 44 76 48 23 46 29 57 46 47 48 20 42 43 27 49 54 51 39 40 64 50 44 13 42 30 25 49 41 43 86 71 70 86 110 66 44 44 66 96 54 21 21 54 88 55 24 24 55 89 69 48 48 69 98
27 39 58 23 0 28 47 34 24 3 34 24 61 42 8 24 8 35 35 37 32 14 55 21 6 27 44 33 34 23 47 49 23 35 22 12 4 44 28 36 84 60 51 63 89 70 39 23 44 76 67 32 7 39 73 75 46 34 51 80 91 70 62 72 95
33 47 48 50 28 0 51 23 37 28 25 18 49 51 29 10 22 11 37 43 30 38 76 9 25 9 48 28 45 22 32 63 15 63 21 25 26 55 32 46 91 60 35 36 62 86 51 17 19 54 90 57 30 32 59 101 74 56 57 75 119 96 83 83 97
72 86 97 57 47 51 0 30 70 50 73 34 99 12 54 42 50 47 79 11 21 39 98 52 50 43 3 24 81 64 82 22 59 64 32 37 50 14 73 15 41 14 34 67 101 42 16 35 68 102 58 44 53 79 109 82 72 78 97 123 108 100 104 119 141
51 66 71 54 34 23 30 0 53 36 47 11 71 34 39 16 32 17 57 25 11 35 89 27 34 15 28 7 63 41 55 47 35 65 13 24 35 38 52 30 70 37 17 40 73 69 35 12 38 72 79 52 40 54 81 96 75 68 76 98 118 101 96 102 118
9 16 41 31 24 37 70 53 0 21 24 42 46 65 17 39 21 47 16 60 53 36 41 29 21 41 67 54 11 17 36 72 24 41 42 34 21 67 11 59 107 83 69 70 87 92 62 42 45 68 84 50 18 25 58 85 51 22 28 59 95 66 47 50 72
24 36 55 23 3 28 50 36 21 0 32 26 59 45 5 25 7 36 32 40 34 17 53 20 4 28 47 36 31 20 45 52 22 35 24 14 2 47 26 38 87 63 53 64 88 73 42 25 44 75 69 34 4 36 71 76 47 32 48 77 91 69 60 69 92
15 26 25 51 34 25 73 47 24 32 0 40 28 71 29 33 27 35 14 64 52 48 62 22 29 33 70 51 26 12 14 81 14 62 41 39 30 74 14 65 113 83 60 51 64 103 69 39 24 46 100 66 31 7 40 105 73 45 33 51 117 89 68 61 72
41 56 64 44 24 18 34 11 42 26 40 0 65 34 29 9 22 18 48 26 13 26 78 19 23 10 31 12 53 32 49 46 27 55 4 14 24 38 42 29 74 44 28 45 76 69 34 2 36 71 75 45 29 46 76 89 66 57 67 90 110 92 85 92 110
38 38 7 76 61 49 99 71 46 59 28 65 0 98 56 58 54 56 31 90 78 75 75 48 56 57 96 76 42 39 17 108 41 86 68 67 58 101 36 92 139 108 81 61 57 130 97 64 37 31 127 92 58 23 12 130 96 64 36 30 139 108 80 60 56
68 81 96 48 42 51 12 34 65 45 71 34 98 0 49 42 46 50 76 9 23 31 89 50 45 44 10 27 76 61 82 13 58 54 31 33 45 4 69 7 43 24 42 73 107 36 5 35 70 104 48 33 48 77 109 71 61 70 92 120 96 89 95 112 136
20 32 52 23 8 29 54 39 17 5 29 29 56 49 0 27 8 38 28 44 38 20 50 21 6 30 51 39 27 18 43 56 21 35 28 18 5 51 22 43 91 67 56 65 88 77 46 28 43 73 72 37 2 33 68 77 47 29 44 73 91 68 57 65 88
36 51 57 46 24 10 42 16 39 25 33 9 58 42 27 0 19 12 42 34 21 31 76 12 22 4 39 19 48 26 41 54 20 58 11 18 23 46 37 37 82 51 31 41 69 77 42 7 28 63 81 50 28 39 68 94 69 55 61 83 113 93 83 87 103
22 36 51 29 8 22 50 32 21 7 27 22 54 46 8 19 0 30 30 40 32 21 58 14 3 22 47 33 32 16 40 55 16 42 21 14 5 49 24 40 88 62 49 57 81 76 44 21 37 69 74 40 9 32 66 82 53 36 47 75 98 75 64 71 91
43 58 56 57 35 11 47 17 47 36 35 18 56 50 38 12 30 0 47 41 27 42 86 19 33 9 45 23 55 32 40 62 25 69 21 29 34 53 42 45 87 54 26 29 59 85 50 17 22 56 92 61 39 41 65 106 81 65 66 84 125 104 93 93 106
9 13 26 46 35 37 79 57 16 32 14 48 31 76 28 42 30 47 0 69 60 48 49 31 31 43 76 60 13 17 23 84 23 56 49 43 31 78 7 69 118 91 71 65 77 105 73 47 38 55 98 64 30 12 43 100 66 34 20 46 109 79 55 47 62
62 75 88 47 37 43 11 25 60 40 64 26 90 9 44 34 40 41 69 0 15 28 88 43 40 36 8 19 71 54 74 22 50 55 23 27 40 13 63 7 49 25 35 65 98 44 11 27 61 96 56 35 43 70 101 76 63 67 87 114 101 91 94 108 131
53 68 77 48 32 30 21 11 53 34 52 13 78 23 38 21 32 27 60 15 0 29 86 31 33 22 19 5 64 44 61 36 39 58 12 21 34 27 54 20 62 31 24 51 84 59 25 14 47 82 68 43 38 59 89 87 68 65 79 103 109 95 93 103 122
40 51 71 20 14 38 39 35 36 17 48 26 75 31 20 31 21 42 48 28 29 0 60 32 19 34 36 32 46 36 60 37 36 30 24 13 18 33 42 25 72 52 52 71 99 57 28 27 56 89 54 20 19 52 87 64 41 40 63 93 84 67 66 82 107
47 38 69 42 55 76 98 89 41 53 62 78 75 89 50 76 58 86 49 88 86 60 0 68 56 79 95 88 36 57 72 91 64 40 77 66 54 90 49 84 127 112 106 111 125 105 86 78 85 103 86 61 50 60 85 73 42 22 41 72 70 36 7 35 70
25 40 46 43 21 9 52 27 29 20 22 19 48 50 21 12 14 19 31 43 31 32 68 0 17 13 49 30 37 15 32 61 8 55 20 20 18 54 25 45 92 62 41 45 68 84 50 18 24 57 85 51 22 28 59 95 66 47 50 72 111 88 75 76 92
23 36 53 27 6 25 50 34 21 4 29 23 56 45 6 22 3 33 31 40 33 19 56 17 0 25 47 34 32 18 42 54 18 39 23 14 2 48 24 39 88 63 51 60 84 75 43 23 40 71 72 37 7 34 68 79 50 34 48 76 95 73 62 70 92
38 53 56 49 27 9 43 15 41 28 33 10 57 44 30 4 22 9 43 36 22 34 79 13 25 0 41 20 50 27 40 56 21 61 13 21 26 48 38 39 83 52 29 38 66 79 44 10 26 61 84 53 31 39 67 98 72 58 63 83 116 96 86 89 104
69 83 95 54 44 48 3 28 67 47 70 31 96 10 51 39 47 45 76 8 19 36 95 49 47 41 0 22 78 61 80 22 57 62 29 34 47 13 70 12 43 17 34 66 100 42 14 32 66 100 58 42 51 76 107 80 70 75 94 120 106 98 102 116 138
53 68 75 51 33 28 24 7 54 36 51 12 76 27 39 19 33 23 60 19 5 32 88 30 34 20 22 0 64 44 59 40 38 62 12 23 35 31 54 24 64 33 20 47 80 62 29 13 44 78 73 47 39 57 86 91 72 67 79 102 113 98 95 103 121
13 6 36 39 34 45 81 63 11 31 26 53 42 76 27 48 32 55 13 71 64 46 36 37 32 50 78 64 0 24 36 82 31 47 53 45 31 78 14 69 118 94 78 76 89 102 73 52 49 68 92 59 28 24 53 90 56 23 17 50 97 67 42 40 61
11 26 36 40 23 22 64 41 17 20 12 32 39 61 18 26 16 32 17 54 44 36 57 15 18 27 61 44 24 0 25 70 8 52 33 29 19 64 11 55 103 75 56 54 72 92 59 31 29 56 89 54 20 17 51 94 63 38 36 60 107 81 63 62 78
28 35 17 64 47 32 82 55 36 45 14 49 17 82 43 41 40 40 23 74 61 60 72 32 42 40 80 59 36 25 0 92 25 75 51 51 43 85 26 76 123 92 64 48 54 115 81 48 22 33 113 79 44 12 28 119 86 57 37 45 130 101 78 65 69
76 87 105 50 49 63 22 47 72 52 81 46 108 13 56 54 55 62 84 22 36 37 91 61 54 56 22 40 82 70 92 0 68 53 43 42 53 10 77 18 37 31 55 86 120 23 12 47 82 116 37 31 55 86 120 62 58 73 99 129 89 86 97 117 143
19 33 39 44 23 15 59 35 24 22 14 27 41 58 21 20 16 25 23 50 39 36 64 8 18 21 57 38 31 8 25 68 0 56 28 26 20 61 18 52 99 70 49 47 67 90 56 26 23 53 89 55 23 20 52 97 67 44 43 64 112 87 70 69 84
49 52 81 13 35 63 64 65 41 35 62 55 86 54 35 58 42 69 56 55 58 30 40 55 39 61 62 62 47 52 75 53 56 0 53 42 37 54 51 50 89 78 81 98 122 66 50 55 78 107 48 23 34 64 98 44 12 27 61 96 57 37 45 71 102
42 57 66 42 22 21 32 13 42 24 41 4 68 31 28 11 21 21 49 23 12 24 77 20 23 13 29 12 53 33 51 43 28 53 0 12 23 35 43 26 72 43 29 48 79 66 31 4 39 74 71 42 28 48 78 86 64 56 68 92 107 90 84 92 111
36 49 64 30 12 25 37 24 34 14 39 14 67 33 18 18 14 29 43 27 21 13 66 20 14 21 34 23 45 29 51 42 26 42 12 0 14 36 37 27 75 49 41 58 86 64 31 14 43 77 65 33 18 45 78 77 53 45 61 88 96 78 73 83 105
23 36 54 25 4 26 50 35 21 2 30 24 58 45 5 23 5 34 31 40 34 18 54 18 2 26 47 35 31 19 43 53 20 37 23 14 0 47 25 39 87 63 52 62 86 74 43 24 42 73 70 36 5 35 69 78 48 33 48 76 93 71 61 70 92
70 83 99 49 44 55 14 38 67 47 74 38 101 4 51 46 49 53 78 13 27 33 90 54 48 48 13 31 78 64 85 10 61 54 35 36 47 0 72 10 40 25 46 77 110 32 5 39 73 108 45 33 50 80 112 69 61 71 94 123 95 89 96 114 139
3 16 31 41 28 32 73 52 11 26 14 42 36 69 22 37 24 42 7 63 54 42 49 25 24 38 70 54 14 11 26 77 18 51 43 37 25 72 0 63 111 85 66 63 77 98 67 41 36 58 92 58 24 14 48 95 62 32 25 52 105 76 55 52 68
61 74 90 43 36 46 15 30 59 38 65 29 92 7 43 37 40 45 69 7 20 25 84 45 39 39 12 24 69 55 76 18 52 50 26 27 39 10 63 0 49 29 41 70 103 40 6 30 65 99 50 30 42 71 103 70 58 64 86 114 95 86 90 106 130
110 123 137 86 84 91 41 70 107 87 113 74 139 43 91 82 88 87 118 49 62 72 127 92 88 83 43 64 118 103 123 37 99 89 72 75 87 40 111 49 0 35 70 104 139 29 45 75 108 142 57 67 90 119 150 86 92 110 134 162 114 119 133 153 178
84 98 107 71 60 60 14 37 83 63 83 44 108 24 67 51 62 54 91 25 31 52 112 62 63 52 17 33 94 75 92 31 70 78 43 49 63 25 85 29 35 0 35 70 104 45 29 45 75 108 67 57 66 89 118 92 85 92 109 134 119 113 118 132 153
66 81 81 70 51 35 34 17 69 53 60 28 81 42 56 31 49 26 71 35 24 52 106 41 51 29 34 20 78 56 64 55 49 81 29 41 52 46 66 41 70 35 0 35 70 75 45 28 45 75 90 66 56 66 89 110 92 84 91 109 133 118 112 117 131
64 77 64 86 63 36 67 40 70 64 51 45 61 73 65 41 57 29 65 65 51 71 111 45 60 38 66 47 76 54 48 86 47 98 48 58 62 77 63 70 104 70 35 0 35 108 75 45 28 45 119 89 66 56 66 134 109 91 84 90 153 132 117 111 116
79 88 63 110 89 62 101 73 87 88 64 76 57 107 88 69 81 59 77 98 84 99 125 68 84 66 100 80 89 72 54 120 67 122 79 86 86 110 77 103 139 104 70 35 0 142 108 75 45 28 150 118 89 66 55 162 134 109 90 83 178 153 131 116 110
97 107 127 66 70 86 42 69 92 73 103 69 130 36 77 77 76 85 105 44 59 57 105 84 75 79 42 62 102 92 115 23 90 66 66 64 74 32 98 40 29 45 75 108 142 0 35 70 104 139 29 45 75 108 142 57 67 90 119 150 86 92 110 134 162
65 78 94 44 39 51 16 35 62 42 69 34 97 5 46 42 44 50 73 11 25 28 86 50 43 44 14 29 73 59 81 12 56 50 31 31 43 5 67 6 45 29 45 75 108 35 0 35 70 104 45 29 45 75 108 67 57 66 89 118 92 85 92 109 134
41 55 63 44 23 17 35 12 42 25 39 2 64 35 28 7 21 17 47 27 14 27 78 18 23 10 32 13 52 31 48 47 26 55 4 14 24 39 41 30 75 45 28 45 75 70 35 0 35 70 75 45 28 45 75 90 66 56 66 89 110 92 84 91 109
38 50 38 66 44 19 68 38 45 44 24 36 37 70 43 28 37 22 38 61 47 56 85 24 40 26 66 44 49 29 22 82 23 78 39 43 42 73 36 65 108 75 45 28 45 104 70 35 0 35 108 75 45 28 45 119 89 66 56 66 134 109 91 84 90
60 66 37 96 76 54 102 72 68 75 46 71 31 104 73 63 69 56 55 96 82 89 103 57 71 61 100 78 68 56 33 116 53 107 74 77 73 108 58 99 142 108 75 45 28 139 104 70 35 0 142 108 75 45 28 150 118 89 66 55 162 134 109 90 83
90 97 123 54 67 90 58 79 84 69 100 75 127 48 72 81 74 92 98 56 68 54 86 85 72 84 58 73 92 89 113 37 89 48 71 65 70 45 92 50 57 67 90 119 150 29 45 75 108 142 0 35 70 104 139 29 45 75 108 142 57 67 90 119 150
56 64 88 21 32 57 44 52 50 34 66 45 92 33 37 50 40 61 64 35 43 20 61 51 37 53 42 47 59 54 79 31 55 23 42 33 36 33 58 30 67 57 66 89 118 45 29 45 75 108 35 0 35 70 104 45 29 45 75 108 67 57 66 89 118
22 33 54 21 7 30 53 40 18 4 31 29 58 48 2 28 9 39 30 43 38 19 50 22 7 31 51 39 28 20 44 55 23 34 28 18 5 50 24 42 90 66 56 66 89 75 45 28 45 75 70 35 0 35 70 75 45 28 45 75 90 66 56 66 89
16 23 20 54 39 32 79 54 25 36 7 46 23 77 33 39 32 41 12 70 59 52 60 28 34 39 76 57 24 17 12 86 20 64 48 45 35 80 14 71 119 89 66 56 66 108 75 45 28 45 104 70 35 0 35 108 75 45 28 45 119 89 66 56 66
50 49 17 88 73 59 109 81 58 71 40 76 12 109 68 68 66 65 43 101 89 87 85 59 68 67 107 86 53 51 28 120 52 98 78 78 69 112 48 103 150 118 89 66 55 142 108 75 45 28 139 104 70 35 0 142 108 75 45 28 150 118 89 66 55
93 95 125 55 75 101 82 96 85 76 105 89 130 71 77 94 82 106 100 76 87 64 73 95 79 98 80 91 90 94 119 62 97 44 86 77 78 69 95 70 86 92 110 134 162 57 67 90 119 150 29 45 75 108 142 0 35 70 104 139 29 45 75 108 142
59 61 91 24 46 74 72 75 51 47 73 66 96 61 47 69 53 81 66 63 68 41 42 66 50 72 70 72 56 63 86 58 67 12 64 53 48 61 62 58 92 85 92 109 134 67 57 66 89 118 45 29 45 75 108 35 0 35 70 104 45 29 45 75 108
30 27 58 24 34 56 78 68 22 32 45 57 64 70 29 55 36 65 34 67 65 40 22 47 34 58 75 67 23 38 57 73 44 27 56 45 33 71 32 64 110 92 84 91 109 90 66 56 66 89 75 45 28 45 75 70 35 0 35 70 75 45 28 45 75
26 12 29 55 51 57 97 76 28 48 33 67 36 92 44 61 47 66 20 87 79 63 41 50 48 63 94 79 17 36 37 99 43 61 68 61 48 94 25 86 134 109 91 84 90 119 89 66 56 66 108 75 45 28 45 104 70 35 0 35 108 75 45 28 45
54 45 28 89 80 75 123 98 59 77 51 90 30 120 73 83 75 84 46 114 103 93 72 72 76 83 120 102 50 60 45 129 64 96 92 88 76 123 52 114 162 134 109 90 83 150 118 89 66 55 142 108 75 45 28 139 104 70 35 0 142 108 75 45 28
103 101 133 69 91 119 108 118 95 91 117 110 139 96 91 113 98 125 109 101 109 84 70 111 95 116 106 113 97 107 130 89 112 57 107 96 93 95 105 95 114 119 133 153 178 86 92 110 134 162 57 67 90 119 150 29 45 75 108 142 0 35 70 104 139
74 70 102 48 70 96 100 101 66 69 89 92 108 89 68 93 75 104 79 91 95 67 36 88 73 96 98 98 67 81 101 86 87 37 90 78 71 89 76 86 119 113 118 132 153 92 85 92 109 134 67 57 66 89 118 45 29 45 75 108 35 0 35 70 104
54 44 74 48 62 83 104 96 47 60 68 85 80 95 57 83 64 93 55 94 93 66 7 75 62 86 102 95 42 63 78 97 70 45 84 73 61 96 55 90 133 118 112 117 131 110 92 84 91 109 90 66 56 66 89 75 45 28 45 75 70 35 0 35 70
51 36 54 69 72 83 119 102 50 69 61 92 60 112 65 87 71 93 47 108 103 82 35 76 70 89 116 103 40 62 65 117 69 71 92 83 70 114 52 106 153 132 117 111 116 134 109 91 84 90 119 89 66 56 66 108 75 45 28 45 104 70 35 0 35
69 56 53 98 95 97 141 118 72 92 72 110 56 136 88 103 91 106 62 131 122 107 70 92 92 104 138 121 61 78 69 143 84 102 111 105 92 139 68 130 178 153 131 116 110 162 134 109 90 83 150 118 89 66 55 142 108 75 45 28 139 104 70 35 0
