0 37 36 35 47 4 33 6 74 75 15 22 39 37 39 47 36 49 23 21 6 9 36 21 53 15 28 27 59 70 19 8 32 36 52 41 9 40 35 32 72 49 45 63 92 60 28 19 49 83 60 27 18 49 82 72 48 44 62 91 91 74 71 84 107
37 0 73 24 10 38 67 34 62 52 31 32 16 68 14 21 70 12 34 58 36 29 73 19 19 32 62 21 48 48 29 39 68 73 23 22 45 7 33 18 108 86 74 78 95 91 63 47 52 76 81 47 20 31 63 79 45 14 28 62 88 59 40 47 72
36 73 0 64 82 35 30 41 104 108 49 54 74 36 74 82 11 84 54 16 40 44 2 55 88 48 28 62 89 103 53 37 5 16 88 76 28 74 59 67 37 20 43 75 109 33 10 40 74 108 49 38 54 82 114 74 66 76 98 126 100 95 102 119 142
35 24 64 0 31 33 68 35 85 75 39 43 39 72 37 44 58 32 46 51 37 29 63 17 42 39 63 37 70 72 39 41 60 69 46 44 39 20 9 37 96 81 79 92 114 74 54 52 70 97 59 30 26 54 87 56 22 17 50 85 66 41 38 61 91
47 10 82 31 0 47 75 43 59 46 39 38 17 76 16 18 80 4 41 67 45 39 82 28 12 40 70 27 47 44 36 48 78 82 17 22 55 12 40 22 117 95 81 82 95 100 73 54 55 74 89 56 29 30 58 86 51 17 20 54 92 61 37 38 63
4 38 35 33 47 0 35 8 77 77 18 25 41 39 40 49 34 49 27 20 10 9 36 21 54 18 30 29 62 72 22 11 31 37 54 43 8 39 32 34 71 49 47 67 95 58 27 22 52 86 56 24 19 51 85 68 45 43 63 93 88 71 70 84 108
33 67 30 68 75 35 0 35 80 89 36 38 62 7 63 69 38 78 37 25 32 40 31 53 77 36 6 49 67 83 40 28 26 15 75 61 31 70 67 55 60 27 15 46 81 62 31 21 49 82 76 53 48 65 92 96 79 75 87 109 119 106 103 112 129
6 34 41 35 43 8 35 0 70 70 10 17 34 38 34 42 41 45 19 25 3 6 41 19 48 11 30 22 54 65 14 7 36 40 48 36 14 37 35 27 77 53 45 61 88 65 33 18 45 78 64 31 14 44 77 75 50 41 58 86 93 74 69 80 102
74 62 104 85 59 77 80 70 0 23 60 53 47 76 48 42 108 61 52 90 69 71 105 72 49 60 78 51 16 20 56 70 99 94 43 41 82 68 92 49 139 106 76 51 43 133 98 64 32 16 133 98 64 31 15 138 106 75 50 42 149 120 93 74 69
75 52 108 75 46 77 89 70 23 0 61 55 39 87 40 32 110 47 55 93 70 69 109 66 35 61 86 49 25 6 57 72 104 102 30 35 84 57 84 45 145 115 88 69 65 134 102 70 45 38 129 95 61 27 14 131 96 63 32 21 137 105 76 53 48
15 31 49 39 39 18 36 10 60 61 0 7 27 38 27 35 50 42 9 33 10 13 49 22 42 1 32 14 44 55 5 12 44 45 40 28 24 36 41 20 85 58 44 54 79 75 41 16 35 68 74 40 14 34 68 84 56 41 52 78 101 79 69 76 95
22 32 54 43 38 25 38 17 53 55 7 0 25 38 25 32 56 42 3 39 16 19 54 26 40 7 34 12 38 50 5 17 49 48 37 24 30 37 47 17 90 62 43 49 73 81 47 17 29 62 81 47 18 29 62 90 62 44 49 73 106 84 71 74 92
39 16 74 39 17 41 62 34 47 39 27 25 0 62 2 9 74 20 26 59 35 32 75 28 16 28 58 14 33 35 24 38 70 72 14 6 48 23 46 8 111 85 67 65 79 97 66 41 38 60 91 57 23 16 49 93 60 30 25 53 103 74 53 51 69
37 68 36 72 76 39 7 38 76 87 38 38 62 0 63 69 45 79 37 31 35 43 38 56 77 37 10 50 64 81 40 31 33 21 74 61 36 72 71 55 66 31 9 40 75 69 37 22 45 77 82 58 50 63 89 102 84 78 87 107 125 110 106 112 128
39 14 74 37 16 40 63 34 48 40 27 25 2 63 0 9 74 19 27 59 35 31 74 26 15 28 58 14 34 36 24 38 70 72 14 8 47 21 44 8 110 85 68 66 81 97 66 42 40 62 90 55 22 18 51 91 58 28 25 54 101 73 52 50 69
47 21 82 44 18 49 69 42 42 32 35 32 9 69 9 0 83 20 33 67 43 40 83 35 10 35 65 21 30 28 31 46 78 79 6 8 56 27 52 16 119 92 73 67 78 105 74 48 40 57 98 64 31 13 43 99 66 33 19 45 108 78 53 46 61
36 70 11 58 80 34 38 41 108 110 50 56 74 45 74 83 0 82 57 18 41 43 9 52 87 50 36 62 92 105 54 39 13 27 87 77 27 71 52 67 38 30 52 83 117 26 10 44 79 113 39 31 53 84 117 63 58 72 97 127 90 86 96 116 141
49 12 84 32 4 49 78 45 61 47 42 42 20 79 19 20 82 0 44 69 47 41 84 30 13 42 73 30 50 45 39 51 80 85 19 25 57 13 40 25 120 98 84 85 98 102 75 57 58 76 90 58 32 33 60 86 51 17 19 54 91 59 34 35 61
23 34 54 46 41 27 37 19 52 55 9 3 26 37 27 33 57 44 0 39 18 22 55 29 41 9 33 14 36 50 8 18 49 48 39 25 31 40 49 19 90 61 41 46 70 82 48 16 27 60 83 49 20 29 61 92 64 46 51 73 109 86 74 76 93
21 58 16 51 67 20 25 25 90 93 33 39 59 31 59 67 18 69 39 0 24 29 16 40 73 33 21 46 75 88 37 22 11 19 72 61 13 59 47 52 52 30 39 67 100 44 9 26 61 96 52 30 39 67 100 72 57 62 83 111 96 85 88 104 127
6 36 40 37 45 10 32 3 69 70 10 16 35 35 35 43 41 47 18 24 0 9 40 22 49 10 27 22 53 65 14 4 35 38 48 37 14 39 38 28 76 51 42 58 86 65 32 15 43 77 65 33 16 44 77 77 52 44 59 87 96 77 71 82 103
9 29 44 29 39 9 40 6 71 69 13 19 32 43 31 40 43 41 22 29 9 0 44 14 45 13 35 21 55 64 15 12 40 45 45 35 17 32 30 25 80 57 50 65 91 66 35 23 48 80 63 28 10 43 77 71 45 36 55 84 89 69 63 76 99
36 73 2 63 82 36 31 41 105 109 49 54 75 38 74 83 9 84 55 16 40 44 0 55 88 49 30 62 90 104 53 38 6 18 88 76 28 74 58 68 37 21 45 77 111 31 10 41 75 109 48 37 54 83 115 72 65 76 98 126 98 93 101 119 143
21 19 55 17 28 21 53 19 72 66 22 26 28 56 26 35 52 30 29 40 22 14 55 0 37 23 48 21 56 62 22 26 51 57 39 32 28 19 21 23 90 70 63 75 98 73 46 36 54 83 64 30 9 42 76 67 36 23 46 79 81 58 50 64 90
53 19 88 42 12 54 77 48 49 35 42 40 16 77 15 10 87 13 41 73 49 45 88 37 0 42 73 28 39 32 38 53 84 86 7 18 61 23 51 23 124 99 82 77 87 109 80 56 50 64 99 66 35 23 47 97 63 29 10 43 103 72 45 36 55
15 32 48 39 40 18 36 11 60 61 1 7 28 37 28 35 50 42 9 33 10 13 49 23 42 0 31 15 44 56 5 12 44 44 41 28 24 36 42 20 85 58 43 53 79 74 41 15 35 68 74 41 14 35 68 84 57 42 52 78 101 80 70 76 96
28 62 28 63 70 30 6 30 78 86 32 34 58 10 58 65 36 73 33 21 27 35 30 48 73 31 0 45 64 81 35 23 25 16 71 57 26 66 62 51 61 29 19 48 81 61 28 17 47 81 73 48 43 61 90 92 74 70 83 105 115 101 98 107 125
27 21 62 37 27 29 49 22 51 49 14 12 14 50 14 21 62 30 14 46 22 21 62 21 28 15 45 0 36 44 10 25 57 58 27 15 36 27 42 6 98 72 55 58 78 86 54 29 34 62 82 48 13 23 57 88 57 34 38 65 101 76 60 63 82
59 48 89 70 47 62 67 54 16 25 44 38 33 64 34 30 92 50 36 75 53 55 90 56 39 44 64 36 0 20 40 54 84 80 32 27 67 55 77 34 124 93 64 45 49 117 83 50 20 28 117 83 49 18 26 123 91 62 42 46 135 106 83 69 71
70 48 103 72 44 72 83 65 20 6 55 50 35 81 36 28 105 45 50 88 65 64 104 62 32 56 81 44 20 0 51 67 98 96 27 30 78 54 80 40 139 109 83 64 62 129 96 65 39 36 125 90 56 22 15 127 93 60 31 27 135 103 75 55 52
19 29 53 39 36 22 40 14 56 57 5 5 24 40 24 31 54 39 8 37 14 15 53 22 38 5 35 10 40 51 0 16 48 49 37 24 28 34 42 16 89 62 46 53 77 78 45 19 33 65 77 43 13 30 64 86 57 40 48 74 102 79 68 73 91
8 39 37 41 48 11 28 7 70 72 12 17 38 31 38 46 39 51 18 22 4 12 38 26 53 12 23 25 54 67 16 0 32 34 51 39 13 43 41 31 74 47 39 56 85 64 30 12 43 77 66 34 20 46 79 79 55 47 62 89 98 80 75 85 106
32 68 5 60 78 31 26 36 99 104 44 49 70 33 70 78 13 80 49 11 35 40 6 51 84 44 25 57 84 98 48 32 0 15 83 71 24 70 56 63 42 21 40 72 105 37 8 35 69 104 51 36 49 77 109 74 64 72 94 121 100 93 98 114 138
36 73 16 69 82 37 15 40 94 102 45 48 72 21 72 79 27 85 48 19 38 45 18 57 86 44 16 58 80 96 49 34 15 0 85 72 31 76 66 64 46 14 27 61 95 48 22 32 63 97 65 48 54 76 106 88 76 79 96 121 113 104 106 119 139
52 23 88 46 17 54 75 48 43 30 40 37 14 74 14 6 87 19 39 72 48 45 88 39 7 41 71 27 32 27 37 51 83 85 0 14 61 28 55 21 124 98 79 72 81 110 79 54 44 58 102 68 35 17 42 101 67 34 13 40 108 77 51 40 55
41 22 76 44 22 43 61 36 41 35 28 24 6 61 8 8 77 25 25 61 37 35 76 32 18 28 57 15 27 30 24 39 71 72 14 0 50 28 51 10 112 85 65 60 74 100 68 41 33 54 95 61 26 10 45 98 65 36 26 51 109 80 59 53 68
9 45 28 39 55 8 31 14 82 84 24 30 48 36 47 56 27 57 31 13 14 17 28 28 61 24 26 36 67 78 28 13 24 31 61 50 0 47 37 41 64 42 44 67 97 51 19 23 56 90 53 23 27 57 91 68 48 50 71 100 90 76 76 91 115
40 7 74 20 12 39 70 37 68 57 36 37 23 72 21 27 71 13 40 59 39 32 74 19 23 36 66 27 55 54 34 43 70 76 28 28 47 0 28 24 109 88 79 84 101 90 64 51 59 82 78 46 23 38 69 75 40 8 31 65 82 52 34 45 73
35 33 59 9 40 32 67 35 92 84 41 47 46 71 44 52 52 40 49 47 38 30 58 21 51 42 62 42 77 80 42 41 56 66 55 51 37 28 0 43 89 76 79 95 119 66 49 52 75 104 50 22 30 61 95 48 15 25 59 93 60 40 45 69 100
32 18 67 37 22 34 55 27 49 45 20 17 8 55 8 16 67 25 19 52 28 25 68 23 23 20 51 6 34 40 16 31 63 64 21 10 41 24 43 0 104 77 60 61 78 91 59 34 35 61 86 51 17 19 54 90 58 31 33 60 102 75 57 58 76
72 108 37 96 117 71 60 77 139 145 85 90 111 66 110 119 38 120 90 52 76 80 37 90 124 85 61 98 124 139 89 74 42 46 124 112 64 109 89 104 0 35 70 104 139 29 45 75 108 142 57 67 90 119 150 86 92 110 134 162 114 119 133 153 178
49 86 20 81 95 49 27 53 106 115 58 62 85 31 85 92 30 98 61 30 51 57 21 70 99 58 29 72 93 109 62 47 21 14 98 85 42 88 76 77 35 0 35 70 104 45 29 45 75 108 67 57 66 89 118 92 85 92 109 134 119 113 118 132 153
45 74 43 79 81 47 15 45 76 88 44 43 67 9 68 73 52 84 41 39 42 50 45 63 82 43 19 55 64 83 46 39 40 27 79 65 44 79 79 60 70 35 0 35 70 75 45 28 45 75 90 66 56 66 89 110 92 84 91 109 133 118 112 117 131
63 78 75 92 82 67 46 61 51 69 54 49 65 40 66 67 83 85 46 67 58 65 77 75 77 53 48 58 45 64 53 56 72 61 72 60 67 84 95 61 104 70 35 0 35 108 75 45 28 45 119 89 66 56 66 134 109 91 84 90 153 132 117 111 116
92 95 109 114 95 95 81 88 43 65 79 73 79 75 81 78 117 98 70 100 86 91 111 98 87 79 81 78 49 62 77 85 105 95 81 74 97 101 119 78 139 104 70 35 0 142 108 75 45 28 150 118 89 66 55 162 134 109 90 83 178 153 131 116 110
60 91 33 74 100 58 62 65 133 134 75 81 97 69 97 105 26 102 82 44 65 66 31 73 109 74 61 86 117 129 78 64 37 48 110 100 51 90 66 91 29 45 75 108 142 0 35 70 104 139 29 45 75 108 142 57 67 90 119 150 86 92 110 134 162
28 63 10 54 73 27 31 33 98 102 41 47 66 37 66 74 10 75 48 9 32 35 10 46 80 41 28 54 83 96 45 30 8 22 79 68 19 64 49 59 45 29 45 75 108 35 0 35 70 104 45 29 45 75 108 67 57 66 89 118 92 85 92 109 134
19 47 40 52 54 22 21 18 64 70 16 17 41 22 42 48 44 57 16 26 15 23 41 36 56 15 17 29 50 65 19 12 35 32 54 41 23 51 52 34 75 45 28 45 75 70 35 0 35 70 75 45 28 45 75 90 66 56 66 89 110 92 84 91 109
49 52 74 70 55 52 49 45 32 45 35 29 38 45 40 40 79 58 27 61 43 48 75 54 50 35 47 34 20 39 33 43 69 63 44 33 56 59 75 35 108 75 45 28 45 104 70 35 0 35 108 75 45 28 45 119 89 66 56 66 134 109 91 84 90
83 76 108 97 74 86 82 78 16 38 68 62 60 77 62 57 113 76 60 96 77 80 109 83 64 68 81 62 28 36 65 77 104 97 58 54 90 82 104 61 142 108 75 45 28 139 104 70 35 0 142 108 75 45 28 150 118 89 66 55 162 134 109 90 83
60 81 49 59 89 56 76 64 133 129 74 81 91 82 90 98 39 90 83 52 65 63 48 64 99 74 73 82 117 125 77 66 51 65 102 95 53 78 50 86 57 67 90 119 150 29 45 75 108 142 0 35 70 104 139 29 45 75 108 142 57 67 90 119 150
27 47 38 30 56 24 53 31 98 95 40 47 57 58 55 64 31 58 49 30 33 28 37 30 66 41 48 48 83 90 43 34 36 48 68 61 23 46 22 51 67 57 66 89 118 45 29 45 75 108 35 0 35 70 104 45 29 45 75 108 67 57 66 89 118
18 20 54 26 29 19 48 14 64 61 14 18 23 50 22 31 53 32 20 39 16 10 54 9 35 14 43 13 49 56 13 20 49 54 35 26 27 23 30 17 90 66 56 66 89 75 45 28 45 75 70 35 0 35 70 75 45 28 45 75 90 66 56 66 89
49 31 82 54 30 51 65 44 31 27 34 29 16 63 18 13 84 33 29 67 44 43 83 42 23 35 61 23 18 22 30 46 77 76 17 10 57 38 61 19 119 89 66 56 66 108 75 45 28 45 104 70 35 0 35 108 75 45 28 45 119 89 66 56 66
82 63 114 87 58 85 92 77 15 14 68 62 49 89 51 43 117 60 61 100 77 77 115 76 47 68 90 57 26 15 64 79 109 106 42 45 91 69 95 54 150 118 89 66 55 142 108 75 45 28 139 104 70 35 0 142 108 75 45 28 150 118 89 66 55
72 79 74 56 86 68 96 75 138 131 84 90 93 102 91 99 63 86 92 72 77 71 72 67 97 84 92 88 123 127 86 79 74 88 101 98 68 75 48 90 86 92 110 134 162 57 67 90 119 150 29 45 75 108 142 0 35 70 104 139 29 45 75 108 142
48 45 66 22 51 45 79 50 106 96 56 62 60 84 58 66 58 51 64 57 52 45 65 36 63 57 74 57 91 93 57 55 64 76 67 65 48 40 15 58 92 85 92 109 134 67 57 66 89 118 45 29 45 75 108 35 0 35 70 104 45 29 45 75 108
44 14 76 17 17 43 75 41 75 63 41 44 30 78 28 33 72 17 46 62 44 36 76 23 29 42 70 34 62 60 40 47 72 79 34 36 50 8 25 31 110 92 84 91 109 90 66 56 66 89 75 45 28 45 75 70 35 0 35 70 75 45 28 45 75
62 28 98 50 20 63 87 58 50 32 52 49 25 87 25 19 97 19 51 83 59 55 98 46 10 52 83 38 42 31 48 62 94 96 13 26 71 31 59 33 134 109 91 84 90 119 89 66 56 66 108 75 45 28 45 104 70 35 0 35 108 75 45 28 45
91 62 126 85 54 93 109 86 42 21 78 73 53 107 54 45 127 54 73 111 87 84 126 79 43 78 105 65 46 27 74 89 121 121 40 51 100 65 93 60 162 134 109 90 83 150 118 89 66 55 142 108 75 45 28 139 104 70 35 0 142 108 75 45 28
91 88 100 66 92 88 119 93 149 137 101 106 103 125 101 108 90 91 109 96 96 89 98 81 103 101 115 101 135 135 102 98 100 113 108 109 90 82 60 102 114 119 133 153 178 86 92 110 134 162 57 67 90 119 150 29 45 75 108 142 0 35 70 104 139
74 59 95 41 61 71 106 74 120 105 79 84 74 110 73 78 86 59 86 85 77 69 93 58 72 80 101 76 106 103 79 80 93 104 77 80 76 52 40 75 119 113 118 132 153 92 85 92 109 134 67 57 66 89 118 45 29 45 75 108 35 0 35 70 104
71 40 102 38 37 70 103 69 93 76 69 71 53 106 52 53 96 34 74 88 71 63 101 50 45 70 98 60 83 75 68 75 98 106 51 59 76 34 45 57 133 118 112 117 131 110 92 84 91 109 90 66 56 66 89 75 45 28 45 75 70 35 0 35 70
84 47 119 61 38 84 112 80 74 53 76 74 51 112 50 46 116 35 76 104 82 76 119 64 36 76 107 63 69 55 73 85 114 119 40 53 91 45 69 58 153 132 117 111 116 134 109 91 84 90 119 89 66 56 66 108 75 45 28 45 104 70 35 0 35
107 72 142 91 63 108 129 102 69 48 95 92 69 128 69 61 141 61 93 127 103 99 143 90 55 96 125 82 71 52 91 106 138 139 55 68 115 73 100 76 178 153 131 116 110 162 134 109 90 83 150 118 89 66 55 142 108 75 45 28 139 104 70 35 0
