0 8 22 70 61 29 22 49 50 28 85 35 60 42 31 29 41 26 50 71 14 20 19 30 61 51 33 52 60 34 80 41 37 48 35 25 43 21 50 29 62 47 34 27 29 40 55 70 87 103 58 41 25 13 18 33 49 66 84 101 57 39 22 5 14 31 48 65 83 100 59 43 28 17 21 35 51 67 84 101 65 50 38 31 34 43 57 72 88 104 72 60 50 45 47 54 65 79 94 109 82 71 63 59 60 66 76 88 101 116 93 83 76 73 74 79 87 97 110 123 104 96 90 87 88 92 99 108 119 132 117 109 104 101 102 105 111 120 130 141
8 0 22 64 53 29 22 42 43 25 79 28 53 35 25 23 34 30 44 64 11 18 12 24 54 46 26 44 54 27 75 34 30 41 29 20 36 25 43 23 68 54 41 34 34 42 55 70 85 102 63 47 32 20 21 33 48 64 81 98 60 43 26 9 11 28 45 62 79 97 61 44 28 13 14 29 46 63 80 97 65 49 35 26 26 36 51 66 83 99 72 58 46 39 40 47 59 73 88 104 80 68 59 53 53 59 69 81 95 109 90 80 72 67 67 72 80 90 103 117 101 92 85 81 81 85 92 101 112 125 113 104 98 95 95 98 104 112 123 134
22 22 0 78 59 7 2 49 52 46 96 37 66 45 45 41 42 15 63 70 33 39 25 22 55 35 40 54 71 41 92 45 45 56 45 41 42 13 58 23 57 46 41 42 50 62 76 91 107 123 48 35 27 29 39 54 69 86 102 119 42 26 13 17 32 49 65 83 100 117 40 23 6 13 30 47 64 82 99 116 44 29 18 21 34 50 67 83 100 117 51 39 32 33 43 56 71 87 104 120 61 51 46 47 54 65 78 93 109 124 72 64 60 61 66 75 87 101 115 130 84 77 74 74 79 87 97 109 123 137 97 91 88 88 92 99 108 119 131 145
70 64 78 0 34 83 77 35 30 51 22 42 15 35 41 42 39 91 25 31 59 55 55 60 44 70 39 27 15 38 20 34 34 23 35 47 40 87 21 58 132 117 103 91 80 72 68 67 72 79 125 109 95 81 69 59 54 54 59 68 120 103 88 73 59 47 40 40 47 58 116 99 82 66 50 36 27 27 36 50 113 96 79 62 45 29 14 14 29 45 113 96 78 61 44 27 10 10 27 44 114 97 80 63 47 31 19 19 31 47 117 101 84 68 54 41 32 32 41 53 122 106 90 76 63 52 46 46 52 62 128 112 98 85 73 64 59 59 64 73
61 53 59 34 0 62 57 12 13 55 56 26 21 21 43 40 20 73 41 12 54 55 42 37 10 39 32 15 39 31 54 22 31 27 33 47 18 70 28 36 115 103 94 86 82 81 84 90 98 109 106 93 82 73 68 67 70 77 88 100 97 83 71 60 54 53 57 66 78 91 90 75 61 49 41 39 45 56 69 84 85 69 53 39 28 25 34 47 63 79 82 65 48 31 16 12 25 42 59 76 82 64 47 30 13 7 23 41 58 75 84 67 50 35 22 19 29 44 60 77 88 72 57 44 34 33 39 51 66 81 94 79 66 55 48 46 51 61 74 88
29 29 7 83 62 0 8 53 57 53 102 42 70 50 51 47 46 15 69 74 40 46 31 25 58 34 46 59 77 47 98 50 51 61 51 48 46 15 63 27 55 46 43 47 56 68 82 98 113 130 44 33 29 34 46 61 76 93 109 126 37 22 15 24 39 55 72 89 106 124 34 17 2 19 36 54 71 88 105 123 37 22 15 24 39 55 72 89 106 124 44 33 29 34 46 61 76 92 109 126 55 46 43 47 56 68 82 98 113 130 66 59 57 60 67 78 90 104 119 135 79 73 71 73 79 88 100 113 126 141 92 87 85 87 92 100 110 122 135 149
22 22 2 77 57 8 0 48 51 46 95 36 64 44 44 40 41 17 62 69 33 39 24 20 54 34 39 53 70 40 91 44 44 55 44 40 40 15 57 22 58 48 42 43 50 62 76 91 106 123 49 36 28 30 40 54 69 85 102 119 43 27 15 18 32 48 65 82 99 116 41 24 7 12 29 46 64 81 98 116 44 28 17 20 33 49 66 82 99 117 51 38 31 32 42 55 70 86 103 119 60 50 45 45 53 64 77 92 107 123 71 63 59 59 65 74 86 99 114 129 83 76 73 73 78 85 96 108 121 136 96 90 87 87 91 97 107 118 130 143
49 42 49 35 12 53 48 0 6 44 56 15 20 9 32 29 8 63 34 23 43 44 30 28 16 36 21 9 35 19 53 11 20 19 22 36 8 60 21 27 105 93 82 74 70 70 74 81 92 104 96 83 71 62 56 56 61 70 82 95 89 74 61 49 42 42 49 60 73 88 83 67 52 38 29 29 38 51 66 82 80 63 46 30 16 16 29 45 62 79 79 61 44 27 10 9 26 43 61 78 80 63 47 31 18 18 30 46 62 79 84 68 53 40 31 31 39 52 67 83 90 75 62 51 44 44 50 61 74 89 98 84 73 63 58 58 63 71 83 96
50 43 52 30 13 57 51 6 0 42 51 17 15 9 30 28 11 66 30 22 43 43 32 32 19 41 20 3 30 19 48 10 18 15 21 35 12 63 16 30 108 95 84 75 70 68 71 78 87 99 100 86 73 63 56 54 58 66 77 90 93 78 63 51 43 40 45 55 68 83 88 71 56 41 30 26 33 46 61 77 85 68 51 34 19 13 24 40 57 74 84 66 49 32 15 4 21 38 56 73 85 68 52 36 22 17 27 42 58 75 89 73 58 44 34 31 37 49 63 79 95 80 66 55 47 45 49 58 71 85 102 89 77 67 60 59 62 70 80 93
28 25 46 51 55 53 46 44 42 0 61 33 45 35 13 16 38 53 27 63 14 8 26 42 59 63 24 42 38 25 57 33 25 32 22 9 41 48 33 39 88 71 56 41 30 26 33 46 61 77 85 68 51 34 19 13 24 40 57 74 84 66 49 32 15 4 21 38 56 73 85 68 52 36 22 17 27 42 58 75 89 73 58 44 34 31 37 49 63 79 95 80 66 55 47 45 49 58 71 85 102 89 77 67 60 59 62 70 80 93 111 99 88 79 74 73 75 82 91 102 121 110 100 92 88 87 89 94 102 112 131 121 112 106 102 100 102 107 114 123
85 79 96 22 56 102 95 56 51 61 0 62 36 55 54 57 59 108 35 51 72 67 72 80 65 91 56 48 26 55 5 53 51 41 52 60 61 103 39 77 147 131 116 101 88 76 67 61 60 64 141 125 109 94 79 66 55 48 46 51 137 121 104 88 72 57 44 34 33 39 135 118 101 84 67 50 35 22 19 29 134 116 99 82 64 47 30 13 7 24 134 117 99 82 65 48 31 16 12 25 136 119 102 85 69 53 38 27 24 33 139 122 106 90 75 60 48 40 38 44 143 127 112 97 82 70 59 53 52 56 149 134 119 105 92 81 72 66 65 69
35 28 37 42 26 42 36 15 17 33 62 0 29 9 22 18 7 51 32 37 29 32 16 18 27 34 10 18 38 10 58 9 13 21 15 25 9 47 23 16 92 79 68 61 57 59 65 75 87 101 84 70 57 48 43 45 53 65 79 94 78 62 47 35 29 32 43 57 73 89 74 57 41 25 15 21 36 52 69 86 72 55 38 20 3 15 32 50 67 84 74 57 40 25 14 20 35 52 68 85 78 62 47 35 28 32 43 57 72 89 84 69 56 47 42 44 53 65 79 94 92 79 68 60 56 58 64 74 87 101 101 89 80 73 70 71 77 85 96 109
60 53 66 15 21 70 64 20 15 45 36 29 0 21 34 33 25 79 24 21 50 48 43 47 30 56 28 13 19 27 34 21 24 14 26 40 26 75 13 44 120 107 94 83 75 69 69 72 79 89 113 98 84 72 62 56 55 59 68 79 107 91 76 62 50 42 41 47 57 70 102 86 69 54 40 29 27 35 48 64 99 82 65 48 32 17 14 26 43 59 99 81 64 47 30 12 6 23 41 58 100 83 66 49 33 20 17 28 44 60 103 87 71 55 42 32 30 38 50 65 108 92 78 64 53 45 44 49 59 72 115 100 86 74 65 59 58 62 70 81
42 35 45 35 21 50 44 9 9 35 55 9 21 0 23 20 5 59 28 30 34 35 24 26 25 39 12 10 31 11 51 3 11 15 14 27 8 55 17 23 100 87 76 67 61 61 65 74 85 98 92 78 65 54 48 47 53 63 75 90 86 70 55 43 34 33 41 53 68 84 82 65 49 33 21 20 31 46 63 79 80 62 45 28 11 9 26 43 60 77 80 63 46 29 14 13 27 44 61 78 83 67 51 37 26 25 35 49 64 81 88 73 59 47 40 39 46 57 71 86 95 81 69 59 53 53 58 67 79 93 104 91 80 72 67 67 70 78 89 101
31 25 45 41 43 51 44 32 30 13 54 22 34 23 0 5 26 55 20 50 18 15 21 35 47 55 13 29 30 13 50 21 12 21 10 7 29 50 22 32 93 77 63 50 41 39 43 54 67 82 88 71 56 41 29 25 32 45 60 76 85 68 51 34 18 11 23 39 56 73 85 67 50 33 16 5 21 38 55 72 86 70 53 37 24 18 27 42 58 74 90 74 59 46 35 32 38 49 63 79 96 82 68 56 49 46 50 59 71 85 104 90 78 68 62 60 63 70 81 93 113 100 89 81 76 74 76 83 92 103 122 111 101 94 89 88 90 95 103 113
29 23 41 42 40 47 40 29 28 16 57 18 33 20 5 0 23 52 22 48 17 16 17 31 44 50 9 27 32 10 52 18 10 20 8 8 26 47 22 27 91 76 62 50 43 42 47 58 71 86 85 69 54 40 30 28 36 49 64 80 82 65 48 32 17 15 27 43 60 77 81 64 46 29 12 7 24 41 59 76 82 65 49 33 19 17 28 44 60 77 86 70 55 41 32 30 38 50 65 81 92 77 64 52 45 44 49 60 73 87 99 86 74 65 59 58 62 70 82 95 108 96 85 77 73 72 75 82 92 104 118 107 98 91 86 86 88 94 103 113
41 34 42 39 20 46 41 8 11 38 59 7 25 5 26 23 0 56 32 31 35 37 23 22 22 34 14 13 36 13 55 7 15 19 17 30 4 53 21 20 98 85 75 67 63 64 69 78 89 102 90 76 63 54 49 50 57 67 80 94 83 67 53 42 35 37 45 58 73 88 78 61 45 31 21 24 36 51 67 84 75 58 41 24 9 14 30 47 64 82 76 58 41 25 10 15 31 48 65 82 78 62 46 32 23 25 37 52 68 84 84 68 54 43 37 38 47 59 73 89 91 77 65 55 51 52 58 68 81 95 99 87 76 69 65 65 70 79 90 103
26 30 15 91 73 15 17 63 66 53 108 51 79 59 55 52 56 0 74 85 40 46 37 36 70 48 52 68 83 54 104 59 58 69 57 50 56 6 70 37 42 32 29 36 48 63 79 95 112 129 34 20 15 26 42 58 75 92 109 126 31 14 4 22 39 56 74 91 108 126 34 20 15 26 41 58 75 92 109 126 42 32 29 36 48 63 79 95 112 129 53 45 43 48 58 70 85 100 116 132 65 59 57 61 69 80 93 107 122 137 78 72 71 74 81 90 102 115 129 144 91 86 85 88 93 101 112 124 137 151 104 100 99 101 106 113 123 134 146 159
50 44 63 25 41 69 62 34 30 27 35 32 24 28 20 22 32 74 0 44 37 33 38 49 48 66 24 27 11 24 31 26 20 15 19 26 36 69 14 46 112 96 81 68 56 48 45 49 58 70 107 91 75 59 45 35 31 37 48 63 104 87 70 53 37 23 18 26 41 57 102 85 68 50 33 16 4 20 37 55 103 86 69 52 35 19 11 23 39 56 105 89 72 56 41 30 25 32 45 60 109 94 78 64 51 42 39 44 54 67 115 100 86 73 62 55 53 56 64 75 122 108 95 84 75 69 67 69 76 86 131 118 106 95 87 82 81 83 88 97
71 64 70 31 12 74 69 23 22 63 51 37 21 30 50 48 31 85 44 0 64 64 53 49 19 49 41 22 39 40 50 32 39 32 41 56 30 82 32 48 127 115 105 96 91 88 89 93 100 109 118 105 93 84 77 74 75 80 88 98 109 95 82 72 64 60 61 67 77 89 102 87 73 60 51 46 48 55 67 80 96 80 65 50 39 32 35 45 58 73 93 76 59 43 28 19 23 36 52 68 91 74 56 39 22 6 14 31 49 66 91 74 57 40 24 11 17 33 50 67 94 78 61 46 33 25 28 39 54 70 99 83 68 55 44 39 41 49 62 76
14 11 33 59 54 40 33 43 43 14 72 29 50 34 18 17 35 40 37 64 0 7 17 32 56 54 23 43 47 25 67 33 27 37 25 12 38 35 39 30 76 60 45 33 28 33 44 59 74 91 72 55 38 23 14 22 37 54 70 88 70 53 36 18 1 17 35 52 69 86 72 55 39 23 15 23 37 54 71 88 76 60 46 34 29 33 45 59 75 91 82 68 56 47 43 46 55 67 81 96 91 78 67 60 57 59 66 77 89 103 100 89 80 73 71 73 78 87 98 111 111 100 92 87 85 86 91 99 109 120 122 113 105 101 99 100 104 111 120 130
20 18 39 55 55 46 39 44 43 8 67 32 48 35 15 16 37 46 33 64 7 0 21 37 58 59 24 43 43 25 63 33 26 35 24 9 40 41 36 35 81 65 49 36 27 28 38 52 68 84 78 61 44 27 14 16 31 47 64 81 77 59 42 25 8 11 28 46 63 80 78 62 45 30 18 20 33 48 65 82 83 67 52 39 32 32 41 55 70 86 89 74 61 51 45 46 53 63 77 91 97 84 72 64 59 60 65 74 85 99 106 94 84 77 73 73 78 85 95 107 116 105 97 90 87 87 91 97 106 117 127 117 109 104 101 101 104 110 118 128
19 12 25 55 42 31 24 30 32 26 72 16 43 24 21 17 23 37 38 53 17 21 0 17 42 38 16 33 47 17 68 23 21 32 20 19 24 33 34 14 78 64 53 45 44 49 59 72 86 101 71 55 42 32 30 37 49 64 80 96 66 50 33 20 16 27 43 59 76 93 65 47 30 13 6 23 40 58 75 92 66 49 33 19 15 27 42 59 76 93 70 55 41 31 28 36 49 64 80 96 77 63 51 44 42 48 58 71 85 101 86 73 63 57 56 60 69 80 93 107 95 85 76 71 70 73 80 90 102 115 106 97 89 85 84 87 93 101 112 124
30 24 22 60 37 25 20 28 32 42 80 18 47 26 35 31 22 36 49 49 32 37 17 0 34 22 25 35 55 26 76 27 30 39 31 34 21 34 41 4 78 67 59 56 58 65 75 87 101 116 69 56 46 42 44 53 65 79 94 110 61 46 34 28 32 43 57 73 89 106 56 40 24 14 21 35 52 69 86 103 55 37 20 3 16 33 50 68 85 102 57 40 25 16 22 36 52 69 86 103 62 47 35 30 33 44 58 73 90 106 70 57 48 44 46 54 66 80 95 111 79 69 61 58 59 66 76 88 102 117 90 81 74 72 73 78 87 98 110 124
61 54 55 44 10 58 54 16 19 59 65 27 30 25 47 44 22 70 48 19 56 58 42 34 0 31 35 22 48 34 63 27 35 34 38 51 19 68 35 34 112 101 93 87 84 85 89 97 106 118 101 90 80 73 70 71 76 85 96 108 92 79 68 60 56 58 64 74 86 100 84 70 57 47 42 44 52 64 78 93 78 62 47 35 28 31 42 56 72 88 74 57 41 25 14 20 34 51 68 85 73 56 38 21 4 14 32 49 66 84 75 58 41 26 15 21 35 51 68 85 79 63 48 36 29 32 43 57 72 88 85 70 58 48 43 45 53 65 79 94
51 46 35 70 39 34 34 36 41 63 91 34 56 39 55 50 34 48 66 49 54 59 38 22 31 0 43 44 69 43 88 41 47 53 48 55 31 48 55 25 87 80 76 75 79 86 96 108 121 135 75 67 62 62 66 74 86 99 113 128 64 54 48 48 53 64 76 91 106 122 55 42 34 34 42 54 69 84 101 117 48 32 21 21 32 47 64 80 97 114 44 27 10 10 27 44 61 78 96 113 45 29 14 14 28 45 62 79 96 113 50 36 26 26 36 50 65 82 98 115 59 47 40 40 47 58 72 87 103 119 69 59 54 54 59 68 80 94 109 124
33 26 40 39 32 46 39 21 20 24 56 10 28 12 13 9 14 52 24 41 23 24 16 25 35 43 0 20 31 2 52 10 6 17 6 16 17 48 18 22 93 79 66 56 50 50 55 65 78 92 86 71 57 44 37 36 44 56 70 85 82 65 49 34 23 23 33 48 64 81 79 62 45 28 12 11 27 44 61 78 79 62 45 28 12 11 27 44 61 78 82 65 49 34 23 23 34 48 64 81 86 71 57 44 37 36 44 56 70 85 93 79 66 56 50 50 56 65 78 92 101 89 77 69 64 64 68 76 87 100 111 99 89 82 78 78 81 88 98 109
52 44 54 27 15 59 53 9 3 42 48 18 13 10 29 27 13 68 27 22 43 43 33 35 22 44 20 0 27 19 45 11 18 13 20 35 14 65 14 33 110 97 85 76 70 67 70 76 85 97 102 88 75 64 56 53 56 64 75 88 95 80 65 52 43 39 43 53 66 80 90 74 58 43 31 26 31 43 58 74 87 70 53 36 21 12 21 37 54 71 87 69 52 35 18 3 18 36 53 70 88 71 55 39 24 17 25 39 55 72 92 76 61 47 36 31 36 47 61 76 98 83 69 57 48 45 48 57 69 83 105 91 79 69 62 59 62 69 79 91
60 54 71 15 39 77 70 35 30 38 26 38 19 31 30 32 36 83 11 39 47 43 47 55 48 69 31 27 0 31 22 29 26 17 27 36 38 78 15 52 122 107 92 78 67 58 54 55 61 71 116 100 85 70 56 45 40 41 49 61 112 96 79 63 47 34 26 28 39 54 110 93 76 59 42 26 13 17 32 49 109 92 75 58 40 23 6 13 30 47 111 94 77 60 43 28 18 21 34 50 114 97 81 65 51 38 31 33 43 56 118 102 87 73 60 50 45 46 54 65 124 109 95 82 71 63 59 60 65 75 132 118 104 93 83 76 73 73 78 86
34 27 41 38 31 47 40 19 19 25 55 10 27 11 13 10 13 54 24 40 25 25 17 26 34 43 2 19 31 0 52 9 5 15 5 17 16 49 17 23 94 80 68 58 52 51 56 66 78 92 88 72 58 46 38 37 44 56 70 85 83 66 50 36 25 24 34 48 64 80 80 63 46 29 13 12 27 43 60 78 80 62 45 28 12 10 26 43 60 77 82 65 49 34 23 22 32 47 63 80 87 71 56 44 36 35 42 54 69 84 93 79 66 56 49 49 54 64 76 91 101 88 77 68 63 63 67 75 86 99 110 99 89 81 77 76 80 87 96 108
80 75 92 20 54 98 91 53 48 57 5 58 34 51 50 52 55 104 31 50 67 63 68 76 63 88 52 45 22 52 0 50 47 38 48 56 58 99 35 73 142 127 111 97 84 72 63 58 58 63 137 121 105 89 75 62 51 44 44 51 133 117 100 84 68 53 39 31 31 40 131 114 97 80 63 46 31 18 18 31 130 113 95 78 61 44 26 9 10 27 131 113 96 79 62 45 29 15 16 29 133 116 99 82 66 51 37 28 28 37 136 120 104 88 73 59 48 41 41 48 141 125 110 95 81 69 60 55 55 60 147 132 117 104 91 81 73 68 68 72
41 34 45 34 22 50 44 11 10 33 53 9 21 3 21 18 7 59 26 32 33 33 23 27 27 41 10 11 29 9 50 0 9 13 12 26 11 55 15 24 100 87 75 66 60 59 63 71 82 95 93 78 64 53 46 45 50 60 73 88 87 71 56 42 33 31 39 51 66 82 83 66 49 33 20 18 29 44 61 78 81 64 46 29 12 7 24 41 59 76 82 65 48 31 17 14 27 43 60 77 85 69 53 39 28 27 35 49 64 80 90 75 61 49 42 41 46 57 71 85 97 84 71 61 55 54 59 68 79 93 106 93 82 74 69 68 72 79 89 101
37 30 45 34 31 51 44 20 18 25 51 13 24 11 12 10 15 58 20 39 27 26 21 30 35 47 6 18 26 5 47 9 0 12 3 18 18 53 13 27 98 84 71 60 53 51 54 63 75 88 91 76 61 48 39 37 42 53 66 81 87 70 54 39 27 23 31 44 60 76 84 67 50 33 17 9 23 39 56 73 84 67 50 32 16 7 22 39 56 73 86 69 53 38 25 21 29 43 59 76 90 75 60 47 37 34 40 51 65 80 97 82 69 58 50 48 52 61 73 87 105 91 79 70 64 62 65 73 83 95 114 101 91 83 78 76 79 85 94 105
48 41 56 23 27 61 55 19 15 32 41 21 14 15 21 20 19 69 15 32 37 35 32 39 34 53 17 13 17 15 38 13 12 0 13 27 22 64 3 36 109 95 81 70 61 57 58 63 73 85 102 87 72 59 49 43 44 51 63 76 97 81 65 50 37 29 31 41 54 70 94 77 60 44 28 16 19 32 49 65 93 76 58 41 24 7 12 29 46 64 94 77 60 43 27 15 18 32 48 65 97 81 65 50 37 29 30 40 54 69 102 87 72 59 48 42 43 51 62 76 109 94 81 69 61 56 57 63 72 84 117 103 91 81 74 70 70 75 83 94
35 29 45 35 33 51 44 22 21 22 52 15 26 14 10 8 17 57 19 41 25 24 20 31 38 48 6 20 27 5 48 12 3 13 0 15 20 52 15 28 97 82 69 58 50 48 52 61 73 87 90 75 60 47 37 34 40 51 65 80 86 69 53 38 25 20 29 43 59 76 84 67 49 32 16 7 22 39 56 73 84 67 50 33 17 9 23 39 56 73 87 70 54 39 27 23 31 44 60 76 91 76 61 49 39 37 42 53 66 81 98 84 71 60 53 51 55 63 75 88 106 93 81 72 66 65 68 75 85 97 115 103 93 85 80 79 81 87 96 106
25 20 41 47 47 48 40 36 35 9 60 25 40 27 7 8 30 50 26 56 12 9 19 34 51 55 16 35 36 17 56 26 18 27 15 0 33 45 28 31 87 71 57 44 35 34 41 53 68 83 83 66 50 34 22 21 31 46 62 79 80 63 46 29 12 9 25 42 59 77 81 64 46 30 14 12 26 43 60 77 83 67 51 36 26 24 34 48 63 80 88 73 59 47 39 38 44 56 70 85 95 81 69 58 52 52 56 66 78 92 104 91 80 71 66 65 69 77 87 100 113 101 92 84 80 79 82 89 98 109 123 113 104 97 94 93 96 101 109 120
43 36 42 40 18 46 40 8 12 41 61 9 26 8 29 26 4 56 36 30 38 40 24 21 19 31 17 14 38 16 58 11 18 22 20 33 0 53 24 19 98 86 76 69 65 66 72 81 92 105 89 76 64 55 51 53 60 70 83 98 82 67 53 43 37 40 48 61 76 91 77 60 45 31 23 27 39 54 70 87 74 56 39 23 10 17 33 50 67 84 73 56 39 22 7 15 32 49 67 84 76 59 43 29 20 24 37 53 69 86 81 65 51 40 34 37 46 59 74 90 87 74 61 52 48 50 57 68 81 96 96 83 73 65 62 63 69 78 90 103
21 25 13 87 70 15 15 60 63 48 103 47 75 55 50 47 53 6 69 82 35 41 33 34 68 48 48 65 78 49 99 55 53 64 52 45 53 0 66 35 46 34 28 33 44 58 74 90 107 124 39 23 14 22 37 53 70 87 104 121 36 19 2 17 34 51 69 86 103 121 39 24 15 22 37 53 70 87 104 121 46 35 29 33 45 59 74 91 107 124 56 47 43 46 55 67 81 96 112 128 68 60 57 60 66 77 89 103 118 133 80 74 72 73 79 88 99 111 125 139 93 88 86 87 92 99 109 121 133 147 107 102 100 101 105 112 120 131 143 155
50 43 58 21 28 63 57 21 16 33 39 23 13 17 22 22 21 70 14 32 39 36 34 41 35 55 18 14 15 17 35 15 13 3 15 28 24 66 0 38 111 96 83 71 62 57 57 62 71 83 104 89 74 61 50 44 44 50 61 75 99 83 67 52 39 30 30 39 53 68 96 79 62 46 30 17 18 31 47 63 95 78 61 43 26 9 10 27 44 62 96 79 62 45 29 16 17 30 46 63 99 83 67 51 38 29 29 39 52 67 104 88 74 60 49 43 43 49 61 74 110 96 82 71 61 56 56 62 71 83 118 105 92 82 74 70 70 74 82 92
29 23 23 58 36 27 22 27 30 39 77 16 44 23 32 27 20 37 46 48 30 35 14 4 34 25 22 33 52 23 73 24 27 36 28 31 19 35 38 0 79 68 59 55 56 62 72 84 98 113 70 57 47 41 42 50 62 76 91 107 63 48 35 27 29 40 54 70 86 103 59 42 26 14 18 32 49 66 83 100 57 40 23 6 13 30 47 65 82 99 60 43 28 17 21 34 50 67 84 101 65 50 38 31 33 43 56 71 87 104 73 60 50 45 46 54 65 78 93 108 82 71 63 59 60 66 75 87 100 115 93 83 76 73 74 78 86 97 109 122
62 68 57 132 115 55 58 105 108 88 147 92 120 100 93 91 98 42 112 127 76 81 78 78 112 87 93 110 122 94 142 100 98 109 97 87 98 46 111 79 0 18 35 52 70 87 104 122 139 156 15 23 38 54 71 88 105 122 140 157 29 34 45 60 75 91 108 125 142 159 43 47 55 68 82 97 113 129 145 162 58 60 67 77 90 104 119 134 150 166 72 74 80 88 99 112 126 140 156 171 86 88 93 100 110 122 134 148 162 177 100 102 106 112 121 132 144 156 170 184 115 116 119 125 133 143 154 166 179 192 129 130 133 138 145 154 164 176 188 201
47 54 46 117 103 46 48 93 95 71 131 79 107 87 77 76 85 32 96 115 60 65 64 67 101 80 79 97 107 80 127 87 84 95 82 71 86 34 96 68 18 0 18 35 52 70 87 104 122 139 23 15 23 38 54 71 88 105 122 140 34 29 34 45 60 75 91 108 125 142 47 43 46 55 67 82 97 112 129 145 60 57 60 67 77 90 104 118 134 150 74 72 73 79 88 99 112 126 140 155 88 86 87 92 100 110 121 134 148 162 102 100 101 105 112 121 131 143 156 170 116 114 115 119 125 133 142 153 165 178 130 128 129 132 138 145 154 164 175 187
34 41 41 103 94 43 42 82 84 56 116 68 94 76 63 62 75 29 81 105 45 49 53 59 93 76 66 85 92 68 111 75 71 81 69 57 76 28 83 59 35 18 0 18 35 52 70 87 104 122 38 23 15 23 38 54 71 88 105 122 45 34 29 34 45 60 75 91 108 125 55 46 43 46 55 67 81 97 112 129 67 60 57 60 67 77 90 104 118 134 80 73 71 73 79 88 99 112 126 140 93 87 85 87 92 99 109 121 134 148 106 101 99 101 105 112 121 131 143 156 119 115 114 115 118 124 132 142 153 165 133 129 128 129 132 137 144 153 163 175
27 34 42 91 86 47 43 74 75 41 101 61 83 67 50 50 67 36 68 96 33 36 45 56 87 75 56 76 78 58 97 66 60 70 58 44 69 33 71 55 52 35 18 0 18 35 52 70 87 104 54 38 23 15 23 38 54 71 88 105 60 45 34 29 33 45 59 75 91 108 68 55 46 43 46 55 67 81 97 112 77 67 60 57 59 66 77 89 103 118 88 79 73 71 73 79 88 99 112 125 100 92 87 85 87 91 99 109 121 134 112 105 101 99 100 105 111 120 131 143 125 119 115 113 114 118 124 132 141 152 138 132 129 127 128 131 137 144 153 163
29 34 50 80 82 56 50 70 70 30 88 57 75 61 41 43 63 48 56 91 28 27 44 58 84 79 50 70 67 52 84 60 53 61 50 35 65 44 62 56 70 52 35 18 0 18 35 52 70 87 71 54 38 23 15 23 38 54 71 88 75 60 45 33 29 33 45 59 75 91 82 67 55 46 43 46 55 67 81 96 90 77 67 59 57 59 66 77 89 103 99 88 79 73 71 73 78 87 99 111 110 100 92 87 85 86 91 99 109 120 121 112 105 100 99 100 104 111 120 130 133 125 118 114 113 114 117 123 131 141 145 138 132 128 127 127 131 136 143 152
40 42 62 72 81 68 62 70 68 26 76 59 69 61 39 42 64 63 48 88 33 28 49 65 85 86 50 67 58 51 72 59 51 57 48 34 66 58 57 62 87 70 52 35 18 0 18 35 52 70 88 71 54 38 23 14 23 38 54 71 91 75 60 45 33 28 33 45 59 75 97 82 67 55 46 42 46 55 67 81 104 90 77 66 59 56 59 66 76 89 112 99 88 79 73 70 72 78 87 98 122 110 99 91 86 84 86 91 98 108 132 121 112 105 100 98 99 104 110 119 143 133 124 118 114 112 113 117 123 131 154 145 137 131 127 126 127 130 135 143
55 55 76 68 84 82 76 74 71 33 67 65 69 65 43 47 69 79 45 89 44 38 59 75 89 96 55 70 54 56 63 63 54 58 52 41 72 74 57 72 104 87 70 52 35 18 0 18 35 52 105 88 71 54 38 23 14 23 38 54 108 91 75 59 45 33 28 33 45 59 113 97 81 67 55 46 42 46 54 67 119 104 90 77 66 59 56 59 66 76 126 112 99 88 78 72 70 72 78 87 134 121 109 99 91 86 84 85 90 98 144 131 121 111 104 99 98 99 103 110 154 142 132 124 117 113 112 113 116 122 164 154 144 137 131 127 125 126 130 135
70 70 91 67 90 98 91 81 78 46 61 75 72 74 54 58 78 95 49 93 59 52 72 87 97 108 65 76 55 66 58 71 63 63 61 53 81 90 62 84 122 104 87 70 52 35 18 0 18 35 122 105 88 71 54 38 23 14 23 38 125 108 91 75 59 45 33 28 33 45 129 112 97 81 67 55 46 42 45 54 134 118 104 89 77 66 59 56 58 65 140 126 112 99 87 78 72 70 72 77 148 134 121 109 99 91 85 83 85 90 156 143 131 120 111 104 99 97 99 103 166 153 142 132 123 117 113 111 112 116 176 164 153 144 136 130 126 125 126 129
87 85 107 72 98 113 106 92 87 61 60 87 79 85 67 71 89 112 58 100 74 68 86 101 106 121 78 85 61 78 58 82 75 73 73 68 92 107 71 98 139 122 104 87 70 52 35 18 0 18 140 122 105 88 71 54 38 23 14 23 142 125 108 91 75 59 45 33 28 33 145 129 112 97 81 67 54 45 42 45 150 134 118 103 89 76 66 58 55 58 156 140 126 112 99 87 78 72 69 71 162 148 134 121 109 98 90 85 83 85 170 156 143 131 120 110 103 99 97 98 179 165 153 141 131 123 116 112 110 112 188 175 163 153 143 135 130 126 124 125
103 102 123 79 109 130 123 104 99 77 64 101 89 98 82 86 102 129 70 109 91 84 101 116 118 135 92 97 71 92 63 95 88 85 87 83 105 124 83 113 156 139 122 104 87 70 52 35 18 0 157 140 122 105 88 71 54 38 23 14 159 142 125 108 91 75 59 45 33 28 162 145 129 112 96 81 67 54 45 42 166 150 134 118 103 89 76 65 58 55 171 155 140 125 111 98 87 77 71 69 177 162 148 134 120 108 98 90 85 83 184 170 156 143 130 119 110 103 98 96 192 178 165 152 141 131 122 116 112 110 201 187 175 163 152 143 135 129 125 124
58 63 48 125 106 44 49 96 100 85 141 84 113 92 88 85 90 34 107 118 72 78 71 69 101 75 86 102 116 88 137 93 91 102 90 83 89 39 104 70 15 23 38 54 71 88 105 122 140 157 0 18 35 52 70 87 104 122 139 156 15 23 38 54 71 88 105 122 140 157 29 34 45 60 75 91 108 125 142 159 43 47 55 68 82 97 113 129 145 162 58 60 67 77 90 104 119 134 150 166 72 74 80 88 99 112 126 140 156 171 86 88 93 100 110 122 134 148 162 177 100 102 106 112 121 132 144 156 170 184 115 116 119 125 133 143 154 166 179 192
41 47 35 109 93 33 36 83 86 68 125 70 98 78 71 69 76 20 91 105 55 61 55 56 90 67 71 88 100 72 121 78 76 87 75 66 76 23 89 57 23 15 23 38 54 71 88 105 122 140 18 0 18 35 52 70 87 104 122 139 23 15 23 38 54 71 88 105 122 140 34 29 34 45 60 75 91 108 125 142 47 43 46 55 67 82 97 112 129 145 60 57 60 67 77 90 104 118 134 150 74 72 73 79 88 99 112 126 140 155 88 86 87 92 100 110 121 134 148 162 102 100 101 105 112 121 131 143 156 170 116 114 115 119 125 133 142 153 165 178
25 32 27 95 82 29 28 71 73 51 109 57 84 65 56 54 63 15 75 93 38 44 42 46 80 62 57 75 85 58 105 64 61 72 60 50 64 14 74 47 38 23 15 23 38 54 71 88 105 122 35 18 0 18 35 52 70 87 104 122 38 23 15 23 38 54 71 88 105 122 45 34 29 34 45 60 75 91 108 125 55 46 43 46 55 67 81 97 112 129 67 60 57 60 67 77 90 104 118 134 80 73 71 73 79 88 99 112 126 140 93 87 85 87 92 99 109 121 134 148 106 101 99 101 105 112 121 131 143 156 119 115 114 115 118 124 132 142 153 165
13 20 29 81 73 34 30 62 63 34 94 48 72 54 41 40 54 26 59 84 23 27 32 42 73 62 44 64 70 46 89 53 48 59 47 34 55 22 61 41 54 38 23 15 23 38 54 71 88 105 52 35 18 0 18 35 52 70 87 104 54 38 23 15 23 38 54 71 88 105 60 45 34 29 33 45 59 75 91 108 68 55 46 43 46 55 67 81 97 112 77 67 60 57 59 66 77 89 103 118 88 79 73 71 73 79 88 99 112 125 100 92 87 85 87 91 99 109 121 134 112 105 101 99 100 105 111 120 131 143 125 119 115 113 114 118 124 132 141 152
18 21 39 69 68 46 40 56 56 19 79 43 62 48 29 30 49 42 45 77 14 14 30 44 70 66 37 56 56 38 75 46 39 49 37 22 51 37 50 42 71 54 38 23 15 23 38 54 71 88 70 52 35 18 0 18 35 52 70 87 71 54 38 23 15 23 38 54 71 88 75 60 45 33 29 33 45 59 75 91 82 67 55 46 43 46 55 67 81 96 90 77 67 59 57 59 66 77 89 103 99 88 79 73 71 73 78 87 99 111 110 100 92 87 85 86 91 99 109 120 121 112 105 100 99 100 104 111 120 130 133 125 118 114 113 114 117 123 131 141
33 33 54 59 67 61 54 56 54 13 66 45 56 47 25 28 50 58 35 74 22 16 37 53 71 74 36 53 45 37 62 45 37 43 34 21 53 53 44 50 88 71 54 38 23 14 23 38 54 71 87 70 52 35 18 0 18 35 52 70 88 71 54 38 23 14 23 38 54 71 91 75 60 45 33 28 33 45 59 75 97 82 67 55 46 42 46 55 67 81 104 90 77 66 59 56 59 66 76 89 112 99 88 79 73 70 72 78 87 98 122 110 99 91 86 84 86 91 98 108 132 121 112 105 100 98 99 104 110 119 143 133 124 118 114 112 113 117 123 131
49 48 69 54 70 76 69 61 58 24 55 53 55 53 32 36 57 75 31 75 37 31 49 65 76 86 44 56 40 44 51 50 42 44 40 31 60 70 44 62 105 88 71 54 38 23 14 23 38 54 104 87 70 52 35 18 0 18 35 52 105 88 71 54 38 23 14 23 38 54 108 91 75 59 45 33 28 33 45 59 113 97 81 67 55 46 42 46 54 67 119 104 90 77 66 59 56 59 66 76 126 112 99 88 78 72 70 72 78 87 134 121 109 99 91 86 84 85 90 98 144 131 121 111 104 99 98 99 103 110 154 142 132 124 117 113 112 113 116 122
66 64 86 54 77 93 85 70 66 40 48 65 59 63 45 49 67 92 37 80 54 47 64 79 85 99 56 64 41 56 44 60 53 51 51 46 70 87 50 76 122 105 88 71 54 38 23 14 23 38 122 104 87 70 52 35 18 0 18 35 122 105 88 71 54 38 23 14 23 38 125 108 91 75 59 45 33 28 33 45 129 112 97 81 67 55 46 42 45 54 134 118 104 89 77 66 59 56 58 65 140 126 112 99 87 78 72 70 72 77 148 134 121 109 99 91 85 83 85 90 156 143 131 120 111 104 99 97 99 103 166 153 142 132 123 117 113 111 112 116
84 81 102 59 88 109 102 82 77 57 46 79 68 75 60 64 80 109 48 88 70 64 80 94 96 113 70 75 49 70 44 73 66 63 65 62 83 104 61 91 140 122 105 88 71 54 38 23 14 23 139 122 104 87 70 52 35 18 0 18 140 122 105 88 71 54 38 23 14 23 142 125 108 91 75 59 45 33 28 33 145 129 112 97 81 67 54 45 42 45 150 134 118 103 89 76 66 58 55 58 156 140 126 112 99 87 78 72 69 71 162 148 134 121 109 98 90 85 83 85 170 156 143 131 120 110 103 99 97 98 179 165 153 141 131 123 116 112 110 112
101 98 119 68 100 126 119 95 90 74 51 94 79 90 76 80 94 126 63 98 88 81 96 110 108 128 85 88 61 85 51 88 81 76 80 79 98 121 75 107 157 140 122 105 88 71 54 38 23 14 156 139 122 104 87 70 52 35 18 0 157 140 122 105 88 71 54 38 23 14 159 142 125 108 91 75 59 45 33 28 162 145 129 112 96 81 67 54 45 42 166 150 134 118 103 89 76 65 58 55 171 155 140 125 111 98 87 77 71 69 177 162 148 134 120 108 98 90 85 83 184 170 156 143 130 119 110 103 98 96 192 178 165 152 141 131 122 116 112 110
57 60 42 120 97 37 43 89 93 84 137 78 107 86 85 82 83 31 104 109 70 77 66 61 92 64 82 95 112 83 133 87 87 97 86 80 82 36 99 63 29 34 45 60 75 91 108 125 142 159 15 23 38 54 71 88 105 122 140 157 0 18 35 52 70 87 104 122 139 156 15 23 38 54 71 88 105 122 140 157 29 34 45 60 75 91 108 125 142 159 43 47 55 68 82 97 113 129 145 162 58 60 67 77 90 104 119 134 150 166 72 74 80 88 99 112 126 140 156 171 86 88 93 100 110 122 134 148 162 177 100 102 106 112 121 132 144 156 170 184
39 43 26 103 83 22 27 74 78 66 121 62 91 70 68 65 67 14 87 95 53 59 50 46 79 54 65 80 96 66 117 71 70 81 69 63 67 19 83 48 34 29 34 45 60 75 91 108 125 142 23 15 23 38 54 71 88 105 122 140 18 0 18 35 52 70 87 104 122 139 23 15 23 38 54 71 88 105 122 140 34 29 34 45 60 75 91 108 125 142 47 43 46 55 67 82 97 112 129 145 60 57 60 67 77 90 104 118 134 150 74 72 73 79 88 99 112 126 140 155 88 86 87 92 100 110 121 134 148 162 102 100 101 105 112 121 131 143 156 170
22 26 13 88 71 15 15 61 63 49 104 47 76 55 51 48 53 4 70 82 36 42 33 34 68 48 49 65 79 50 100 56 54 65 53 46 53 2 67 35 45 34 29 34 45 60 75 91 108 125 38 23 15 23 38 54 71 88 105 122 35 18 0 18 35 52 70 87 104 122 38 23 15 23 38 54 71 88 105 122 45 34 29 34 45 60 75 91 108 125 55 46 43 46 55 67 81 97 112 129 67 60 57 60 67 77 90 104 118 134 80 73 71 73 79 88 99 112 126 140 93 87 85 87 92 99 109 121 134 148 106 101 99 101 105 112 121 131 143 156
5 9 17 73 60 24 18 49 51 32 88 35 62 43 34 32 42 22 53 72 18 25 20 28 60 48 34 52 63 36 84 42 39 50 38 29 43 17 52 27 60 45 34 29 33 45 59 75 91 108 54 38 23 15 23 38 54 71 88 105 52 35 18 0 18 35 52 70 87 104 54 38 23 15 23 38 54 71 88 105 60 45 34 29 33 45 59 75 91 108 68 55 46 43 46 55 67 81 97 112 77 67 60 57 59 66 77 89 103 118 88 79 73 71 73 79 88 99 112 125 100 92 87 85 87 91 99 109 121 134 112 105 101 99 100 105 111 120 131 143
14 11 32 59 54 39 32 42 43 15 72 29 50 34 18 17 35 39 37 64 1 8 16 32 56 53 23 43 47 25 68 33 27 37 25 12 37 34 39 29 75 60 45 33 29 33 45 59 75 91 71 54 38 23 15 23 38 54 71 88 70 52 35 18 0 18 35 52 70 87 71 54 38 23 15 23 38 54 71 88 75 60 45 33 29 33 45 59 75 91 82 67 55 46 43 46 55 67 81 96 90 77 67 59 57 59 66 77 89 103 99 88 79 73 71 73 78 87 99 111 110 100 92 87 85 86 91 99 109 120 121 112 105 100 99 100 104 111 120 130
31 28 49 47 53 55 48 42 40 4 57 32 42 33 11 15 37 56 23 60 17 11 27 43 58 64 23 39 34 24 53 31 23 29 20 9 40 51 30 40 91 75 60 45 33 28 33 45 59 75 88 71 54 38 23 14 23 38 54 71 87 70 52 35 18 0 18 35 52 70 88 71 54 38 23 14 23 38 54 71 91 75 60 45 33 28 33 45 59 75 97 82 67 55 46 42 46 55 67 81 104 90 77 66 59 56 59 66 76 89 112 99 88 79 73 70 72 78 87 98 122 110 99 91 86 84 86 91 98 108 132 121 112 105 100 98 99 104 110 119
48 45 65 40 57 72 65 49 45 21 44 43 41 41 23 27 45 74 18 61 35 28 43 57 64 76 33 43 26 34 39 39 31 31 29 25 48 69 30 54 108 91 75 59 45 33 28 33 45 59 105 88 71 54 38 23 14 23 38 54 104 87 70 52 35 18 0 18 35 52 105 88 71 54 38 23 14 23 38 54 108 91 75 59 45 33 28 33 45 59 113 97 81 67 55 46 42 46 54 67 119 104 90 77 66 59 56 59 66 76 126 112 99 88 78 72 70 72 78 87 134 121 109 99 91 86 84 85 90 98 144 131 121 111 104 99 98 99 103 110
65 62 83 40 66 89 82 60 55 38 34 57 47 53 39 43 58 91 26 67 52 46 59 73 74 91 48 53 28 48 31 51 44 41 43 42 61 86 39 70 125 108 91 75 59 45 33 28 33 45 122 105 88 71 54 38 23 14 23 38 122 104 87 70 52 35 18 0 18 35 122 105 88 71 54 38 23 14 23 38 125 108 91 75 59 45 33 28 33 45 129 112 97 81 67 55 46 42 45 54 134 118 104 89 77 66 59 56 58 65 140 126 112 99 87 78 72 70 72 77 148 134 121 109 99 91 85 83 85 90 156 143 131 120 111 104 99 97 99 103
83 79 100 47 78 106 99 73 68 56 33 73 57 68 56 60 73 108 41 77 69 63 76 89 86 106 64 66 39 64 31 66 60 54 59 59 76 103 53 86 142 125 108 91 75 59 45 33 28 33 140 122 105 88 71 54 38 23 14 23 139 122 104 87 70 52 35 18 0 18 140 122 105 88 71 54 38 23 14 23 142 125 108 91 75 59 45 33 28 33 145 129 112 97 81 67 54 45 42 45 150 134 118 103 89 76 66 58 55 58 156 140 126 112 99 87 78 72 69 71 162 148 134 121 109 98 90 85 83 85 170 156 143 131 120 110 103 99 97 98
100 97 117 58 91 124 116 88 83 73 39 89 70 84 73 77 88 126 57 89 86 80 93 106 100 122 81 80 54 80 40 82 76 70 76 77 91 121 68 103 159 142 125 108 91 75 59 45 33 28 157 140 122 105 88 71 54 38 23 14 156 139 122 104 87 70 52 35 18 0 157 140 122 105 88 71 54 38 23 14 159 142 125 108 91 75 59 45 33 28 162 145 129 112 96 81 67 54 45 42 166 150 134 118 103 89 76 65 58 55 171 155 140 125 111 98 87 77 71 69 177 162 148 134 120 108 98 90 85 83 184 170 156 143 130 119 110 103 98 96
59 61 40 116 90 34 41 83 88 85 135 74 102 82 85 81 78 34 102 102 72 78 65 56 84 55 79 90 110 80 131 83 84 94 84 81 77 39 96 59 43 47 55 68 82 97 113 129 145 162 29 34 45 60 75 91 108 125 142 159 15 23 38 54 71 88 105 122 140 157 0 18 35 52 70 87 104 122 139 156 15 23 38 54 71 88 105 122 140 157 29 34 45 60 75 91 108 125 142 159 43 47 55 68 82 97 113 129 145 162 58 60 67 77 90 104 119 134 150 166 72 74 80 88 99 112 126 140 156 171 86 88 93 100 110 122 134 148 162 177
43 44 23 99 75 17 24 67 71 68 118 57 86 65 67 64 61 20 85 87 55 62 47 40 70 42 62 74 93 63 114 66 67 77 67 64 60 24 79 42 47 43 46 55 67 82 97 112 129 145 34 29 34 45 60 75 91 108 125 142 23 15 23 38 54 71 88 105 122 140 18 0 18 35 52 70 87 104 122 139 23 15 23 38 54 71 88 105 122 140 34 29 34 45 60 75 91 108 125 142 47 43 46 55 67 82 97 112 129 145 60 57 60 67 77 90 104 118 134 150 74 72 73 79 88 99 112 126 140 155 88 86 87 92 100 110 121 134 148 162
28 28 6 82 61 2 7 52 56 52 101 41 69 49 50 46 45 15 68 73 39 45 30 24 57 34 45 58 76 46 97 49 50 60 49 46 45 15 62 26 55 46 43 46 55 67 81 97 112 129 45 34 29 34 45 60 75 91 108 125 38 23 15 23 38 54 71 88 105 122 35 18 0 18 35 52 70 87 104 122 38 23 15 23 38 54 71 88 105 122 45 34 29 34 45 60 75 91 108 125 55 46 43 46 55 67 81 97 112 129 67 60 57 60 67 77 90 104 118 134 80 73 71 73 79 88 99 112 126 140 93 87 85 87 92 99 109 121 134 148
17 13 13 66 49 19 12 38 41 36 84 25 54 33 33 29 31 26 50 60 23 30 13 14 47 34 28 43 59 29 80 33 33 44 32 30 31 22 46 14 68 55 46 43 46 55 67 81 97 112 60 45 34 29 33 45 59 75 91 108 54 38 23 15 23 38 54 71 88 105 52 35 18 0 18 35 52 70 87 104 54 38 23 15 23 38 54 71 88 105 60 45 34 29 33 45 59 75 91 108 68 55 46 43 46 55 67 81 97 112 77 67 60 57 59 66 77 89 103 118 88 79 73 71 73 79 88 99 112 125 100 92 87 85 87 91 99 109 121 134
21 14 30 50 41 36 29 29 30 22 67 15 40 21 16 12 21 41 33 51 15 18 6 21 42 42 12 31 42 13 63 20 17 28 16 14 23 37 30 18 82 67 55 46 43 46 55 67 81 96 75 60 45 33 29 33 45 59 75 91 71 54 38 23 15 23 38 54 71 88 70 52 35 18 0 18 35 52 70 87 71 54 38 23 15 23 38 54 71 88 75 60 45 33 29 33 45 59 75 91 82 67 55 46 43 46 55 67 81 96 90 77 67 59 57 59 66 77 89 103 99 88 79 73 71 73 78 87 99 111 110 100 92 87 85 86 91 99 109 120
35 29 47 36 39 54 46 29 26 17 50 21 29 20 5 7 24 58 16 46 23 20 23 35 44 54 11 26 26 12 46 18 9 16 7 12 27 53 17 32 97 82 67 55 46 42 46 55 67 81 91 75 60 45 33 28 33 45 59 75 88 71 54 38 23 14 23 38 54 71 87 70 52 35 18 0 18 35 52 70 88 71 54 38 23 14 23 38 54 71 91 75 60 45 33 28 33 45 59 75 97 82 67 55 46 42 46 55 67 81 104 90 77 66 59 56 59 66 76 89 112 99 88 79 73 70 72 78 87 98 122 110 99 91 86 84 86 91 98 108
51 46 64 27 45 71 64 38 33 27 35 36 27 31 21 24 36 75 4 48 37 33 40 52 52 69 27 31 13 27 31 29 23 19 22 26 39 70 18 49 113 97 81 67 55 46 42 46 54 67 108 91 75 59 45 33 28 33 45 59 105 88 71 54 38 23 14 23 38 54 104 87 70 52 35 18 0 18 35 52 105 88 71 54 38 23 14 23 38 54 108 91 75 59 45 33 28 33 45 59 113 97 81 67 55 46 42 46 54 67 119 104 90 77 66 59 56 59 66 76 126 112 99 88 78 72 70 72 78 87 134 121 109 99 91 86 84 85 90 98
67 63 82 27 56 88 81 51 46 42 22 52 35 46 38 41 51 92 20 55 54 48 58 69 64 84 44 43 17 43 18 44 39 32 39 43 54 87 31 66 129 112 97 81 67 55 46 42 45 54 125 108 91 75 59 45 33 28 33 45 122 105 88 71 54 38 23 14 23 38 122 104 87 70 52 35 18 0 18 35 122 105 88 71 54 38 23 14 23 38 125 108 91 75 59 45 33 28 33 45 129 112 97 81 67 55 46 42 45 54 134 118 104 89 77 66 59 56 58 65 140 126 112 99 87 78 72 70 72 77 148 134 121 109 99 91 85 83 85 90
84 80 99 36 69 105 98 66 61 58 19 69 48 63 55 59 67 109 37 67 71 65 75 86 78 101 61 58 32 60 18 61 56 49 56 60 70 104 47 83 145 129 112 97 81 67 54 45 42 45 142 125 108 91 75 59 45 33 28 33 140 122 105 88 71 54 38 23 14 23 139 122 104 87 70 52 35 18 0 18 140 122 105 88 71 54 38 23 14 23 142 125 108 91 75 59 45 33 28 33 145 129 112 97 81 67 54 45 42 45 150 134 118 103 89 76 66 58 55 58 156 140 126 112 99 87 78 72 69 71 162 148 134 121 109 98 90 85 83 85
101 97 116 50 84 123 116 82 77 75 29 86 64 79 72 76 84 126 55 80 88 82 92 103 93 117 78 74 49 78 31 78 73 65 73 77 87 121 63 100 162 145 129 112 96 81 67 54 45 42 159 142 125 108 91 75 59 45 33 28 157 140 122 105 88 71 54 38 23 14 156 139 122 104 87 70 52 35 18 0 157 140 122 105 88 71 54 38 23 14 159 142 125 108 91 75 59 45 33 28 162 145 129 112 96 81 67 54 45 42 166 150 134 118 103 89 76 65 58 55 171 155 140 125 111 98 87 77 71 69 177 162 148 134 120 108 98 90 85 83
65 65 44 113 85 37 44 80 85 89 134 72 99 80 86 82 75 42 103 96 76 83 66 55 78 48 79 87 109 80 130 81 84 93 84 83 74 46 95 57 58 60 67 77 90 104 119 134 150 166 43 47 55 68 82 97 113 129 145 162 29 34 45 60 75 91 108 125 142 159 15 23 38 54 71 88 105 122 140 157 0 18 35 52 70 87 104 122 139 156 15 23 38 54 71 88 105 122 140 157 29 34 45 60 75 91 108 125 142 159 43 47 55 68 82 97 113 129 145 162 58 60 67 77 90 104 119 134 150 166 72 74 80 88 99 112 126 140 156 171
50 49 29 96 69 22 28 63 68 73 116 55 82 62 70 65 58 32 86 80 60 67 49 37 62 32 62 70 92 62 113 64 67 76 67 67 56 35 78 40 60 57 60 67 77 90 104 118 134 150 47 43 46 55 67 82 97 112 129 145 34 29 34 45 60 75 91 108 125 142 23 15 23 38 54 71 88 105 122 140 18 0 18 35 52 70 87 104 122 139 23 15 23 38 54 71 88 105 122 140 34 29 34 45 60 75 91 108 125 142 47 43 46 55 67 82 97 112 129 145 60 57 60 67 77 90 104 118 134 150 74 72 73 79 88 99 112 126 140 155
38 35 18 79 53 15 17 46 51 58 99 38 65 45 53 49 41 29 69 65 46 52 33 20 47 21 45 53 75 45 95 46 50 58 50 51 39 29 61 23 67 60 57 60 67 77 90 104 118 134 55 46 43 46 55 67 81 97 112 129 45 34 29 34 45 60 75 91 108 125 38 23 15 23 38 54 71 88 105 122 35 18 0 18 35 52 70 87 104 122 38 23 15 23 38 54 71 88 105 122 45 34 29 34 45 60 75 91 108 125 55 46 43 46 55 67 81 97 112 129 67 60 57 60 67 77 90 104 118 134 80 73 71 73 79 88 99 112 126 140
31 26 21 62 39 24 20 30 34 44 82 20 48 28 37 33 24 36 52 50 34 39 19 3 35 21 28 36 58 28 78 29 32 41 33 36 23 33 43 6 77 67 60 57 59 66 77 89 103 118 68 55 46 43 46 55 67 81 97 112 60 45 34 29 33 45 59 75 91 108 54 38 23 15 23 38 54 71 88 105 52 35 18 0 18 35 52 70 87 104 54 38 23 15 23 38 54 71 88 105 60 45 34 29 33 45 59 75 91 108 68 55 46 43 46 55 67 81 97 112 77 67 60 57 59 66 77 89 103 118 88 79 73 71 73 79 88 99 112 125
34 26 34 45 28 39 33 16 19 34 64 3 32 11 24 19 9 48 35 39 29 32 15 16 28 32 12 21 40 12 61 12 16 24 17 26 10 45 26 13 90 77 67 59 57 59 66 77 89 103 82 67 55 46 43 46 55 67 81 96 75 60 45 33 29 33 45 59 75 91 71 54 38 23 15 23 38 54 71 88 70 52 35 18 0 18 35 52 70 87 71 54 38 23 15 23 38 54 71 88 75 60 45 33 29 33 45 59 75 91 82 67 55 46 43 46 55 67 81 96 90 77 67 59 57 59 66 77 89 103 99 88 79 73 71 73 78 87 99 111
43 36 50 29 25 55 49 16 13 31 47 15 17 9 18 17 14 63 19 32 33 32 27 33 31 47 11 12 23 10 44 7 7 7 9 24 17 59 9 30 104 90 77 66 59 56 59 66 76 89 97 82 67 55 46 42 46 55 67 81 91 75 60 45 33 28 33 45 59 75 88 71 54 38 23 14 23 38 54 71 87 70 52 35 18 0 18 35 52 70 88 71 54 38 23 14 23 38 54 71 91 75 60 45 33 28 33 45 59 75 97 82 67 55 46 42 46 55 67 81 104 90 77 66 59 56 59 66 76 89 112 99 88 79 73 70 72 78 87 98
57 51 67 14 34 72 66 29 24 37 30 32 14 26 27 28 30 79 11 35 45 41 42 50 42 64 27 21 6 26 26 24 22 12 23 34 33 74 10 47 119 104 90 77 66 59 56 59 66 76 113 97 81 67 55 46 42 46 54 67 108 91 75 59 45 33 28 33 45 59 105 88 71 54 38 23 14 23 38 54 104 87 70 52 35 18 0 18 35 52 105 88 71 54 38 23 14 23 38 54 108 91 75 59 45 33 28 33 45 59 113 97 81 67 55 46 42 46 54 67 119 104 90 77 66 59 56 59 66 76 126 112 99 88 78 72 70 72 78 87
72 66 83 14 47 89 82 45 40 49 13 50 26 43 42 44 47 95 23 45 59 55 59 68 56 80 44 37 13 43 9 41 39 29 39 48 50 91 27 65 134 118 104 89 77 66 59 56 58 65 129 112 97 81 67 55 46 42 45 54 125 108 91 75 59 45 33 28 33 45 122 105 88 71 54 38 23 14 23 38 122 104 87 70 52 35 18 0 18 35 122 105 88 71 54 38 23 14 23 38 125 108 91 75 59 45 33 28 33 45 129 112 97 81 67 55 46 42 45 54 134 118 104 89 77 66 59 56 58 65 140 126 112 99 87 78 72 70 72 77
88 83 100 29 63 106 99 62 57 63 7 67 43 60 58 60 64 112 39 58 75 70 76 85 72 97 61 54 30 60 10 59 56 46 56 63 67 107 44 82 150 134 118 103 89 76 66 58 55 58 145 129 112 97 81 67 54 45 42 45 142 125 108 91 75 59 45 33 28 33 140 122 105 88 71 54 38 23 14 23 139 122 104 87 70 52 35 18 0 18 140 122 105 88 71 54 38 23 14 23 142 125 108 91 75 59 45 33 28 33 145 129 112 97 81 67 54 45 42 45 150 134 118 103 89 76 66 58 55 58 156 140 126 112 99 87 78 72 69 71
104 99 117 45 79 124 117 79 74 79 24 84 59 77 74 77 82 129 56 73 91 86 93 102 88 114 78 71 47 77 27 76 73 64 73 80 84 124 62 99 166 150 134 118 103 89 76 65 58 55 162 145 129 112 96 81 67 54 45 42 159 142 125 108 91 75 59 45 33 28 157 140 122 105 88 71 54 38 23 14 156 139 122 104 87 70 52 35 18 0 157 140 122 105 88 71 54 38 23 14 159 142 125 108 91 75 59 45 33 28 162 145 129 112 96 81 67 54 45 42 166 150 134 118 103 89 76 65 58 55 171 155 140 125 111 98 87 77 71 69
72 72 51 113 82 44 51 79 84 95 134 74 99 80 90 86 76 53 105 93 82 89 70 57 74 44 82 87 111 82 131 82 86 94 87 88 73 56 96 60 72 74 80 88 99 112 126 140 156 171 58 60 67 77 90 104 119 134 150 166 43 47 55 68 82 97 113 129 145 162 29 34 45 60 75 91 108 125 142 159 15 23 38 54 71 88 105 122 140 157 0 18 35 52 70 87 104 122 139 156 15 23 38 54 71 88 105 122 140 157 29 34 45 60 75 91 108 125 142 159 43 47 55 68 82 97 113 129 145 162 58 60 67 77 90 104 119 134 150 166
60 58 39 96 65 33 38 61 66 80 117 57 81 63 74 70 58 45 89 76 68 74 55 40 57 27 65 69 94 65 113 65 69 77 70 73 56 47 79 43 74 72 73 79 88 99 112 126 140 155 60 57 60 67 77 90 104 118 134 150 47 43 46 55 67 82 97 112 129 145 34 29 34 45 60 75 91 108 125 142 23 15 23 38 54 71 88 105 122 140 18 0 18 35 52 70 87 104 122 139 23 15 23 38 54 71 88 105 122 140 34 29 34 45 60 75 91 108 125 142 47 43 46 55 67 82 97 112 129 145 60 57 60 67 77 90 104 118 134 150
50 46 32 78 48 29 31 44 49 66 99 40 64 46 59 55 41 43 72 59 56 61 41 25 41 10 49 52 77 49 96 48 53 60 54 59 39 43 62 28 80 73 71 73 79 88 99 112 126 140 67 60 57 60 67 77 90 104 118 134 55 46 43 46 55 67 81 97 112 129 45 34 29 34 45 60 75 91 108 125 38 23 15 23 38 54 71 88 105 122 35 18 0 18 35 52 70 87 104 122 38 23 15 23 38 54 71 88 105 122 45 34 29 34 45 60 75 91 108 125 55 46 43 46 55 67 81 97 112 129 67 60 57 60 67 77 90 104 118 134
45 39 33 61 31 34 32 27 32 55 82 25 47 29 46 41 25 48 56 43 47 51 31 16 25 10 34 35 60 34 79 31 38 43 39 47 22 46 45 17 88 79 73 71 73 79 88 99 112 125 77 67 60 57 59 66 77 89 103 118 68 55 46 43 46 55 67 81 97 112 60 45 34 29 33 45 59 75 91 108 54 38 23 15 23 38 54 71 88 105 52 35 18 0 18 35 52 70 87 104 54 38 23 15 23 38 54 71 88 105 60 45 34 29 33 45 59 75 91 108 68 55 46 43 46 55 67 81 97 112 77 67 60 57 59 66 77 89 103 118
47 40 43 44 16 46 42 10 15 47 65 14 30 14 35 32 10 58 41 28 43 45 28 22 14 27 23 18 43 23 62 17 25 27 27 39 7 55 29 21 99 88 79 73 71 73 78 87 99 111 90 77 67 59 57 59 66 77 89 103 82 67 55 46 43 46 55 67 81 96 75 60 45 33 29 33 45 59 75 91 71 54 38 23 15 23 38 54 71 88 70 52 35 18 0 18 35 52 70 87 71 54 38 23 15 23 38 54 71 88 75 60 45 33 29 33 45 59 75 91 82 67 55 46 43 46 55 67 81 96 90 77 67 59 57 59 66 77 89 103
54 47 56 27 12 61 55 9 4 45 48 20 12 13 32 30 15 70 30 19 46 46 36 36 20 44 23 3 28 22 45 14 21 15 23 38 15 67 16 34 112 99 88 79 73 70 72 78 87 98 104 90 77 66 59 56 59 66 76 89 97 82 67 55 46 42 46 55 67 81 91 75 60 45 33 28 33 45 59 75 88 71 54 38 23 14 23 38 54 71 87 70 52 35 18 0 18 35 52 70 88 71 54 38 23 14 23 38 54 71 91 75 60 45 33 28 33 45 59 75 97 82 67 55 46 42 46 55 67 81 104 90 77 66 59 56 59 66 76 89
65 59 71 10 25 76 70 26 21 49 31 35 6 27 38 38 31 85 25 23 55 53 49 52 34 61 34 18 18 32 29 27 29 18 31 44 32 81 17 50 126 112 99 88 78 72 70 72 78 87 119 104 90 77 66 59 56 59 66 76 113 97 81 67 55 46 42 46 54 67 108 91 75 59 45 33 28 33 45 59 105 88 71 54 38 23 14 23 38 54 104 87 70 52 35 18 0 18 35 52 105 88 71 54 38 23 14 23 38 54 108 91 75 59 45 33 28 33 45 59 113 97 81 67 55 46 42 46 54 67 119 104 90 77 66 59 56 59 66 76
79 73 87 10 42 92 86 43 38 58 16 52 23 44 49 50 48 100 32 36 67 63 64 69 51 78 48 36 21 47 15 43 43 32 44 56 49 96 30 67 140 126 112 99 87 78 72 70 72 77 134 118 104 89 77 66 59 56 58 65 129 112 97 81 67 55 46 42 45 54 125 108 91 75 59 45 33 28 33 45 122 105 88 71 54 38 23 14 23 38 122 104 87 70 52 35 18 0 18 35 122 105 88 71 54 38 23 14 23 38 125 108 91 75 59 45 33 28 33 45 129 112 97 81 67 55 46 42 45 54 134 118 104 89 77 66 59 56 58 65
94 88 104 27 59 109 103 61 56 71 12 68 41 61 63 65 65 116 45 52 81 77 80 86 68 96 64 53 34 63 16 60 59 48 60 70 67 112 46 84 156 140 126 112 99 87 78 72 69 71 150 134 118 103 89 76 66 58 55 58 145 129 112 97 81 67 54 45 42 45 142 125 108 91 75 59 45 33 28 33 140 122 105 88 71 54 38 23 14 23 139 122 104 87 70 52 35 18 0 18 140 122 105 88 71 54 38 23 14 23 142 125 108 91 75 59 45 33 28 33 145 129 112 97 81 67 54 45 42 45 150 134 118 103 89 76 66 58 55 58
109 104 120 44 76 126 119 78 73 85 25 85 58 78 79 81 82 132 60 68 96 91 96 103 85 113 81 70 50 80 29 77 76 65 76 85 84 128 63 101 171 155 140 125 111 98 87 77 71 69 166 150 134 118 103 89 76 65 58 55 162 145 129 112 96 81 67 54 45 42 159 142 125 108 91 75 59 45 33 28 157 140 122 105 88 71 54 38 23 14 156 139 122 104 87 70 52 35 18 0 157 140 122 105 88 71 54 38 23 14 159 142 125 108 91 75 59 45 33 28 162 145 129 112 96 81 67 54 45 42 166 150 134 118 103 89 76 65 58 55
82 80 61 114 82 55 60 80 85 102 136 78 100 83 96 92 78 65 109 91 91 97 77 62 73 45 86 88 114 87 133 85 90 97 91 95 76 68 99 65 86 88 93 100 110 122 134 148 162 177 72 74 80 88 99 112 126 140 156 171 58 60 67 77 90 104 119 134 150 166 43 47 55 68 82 97 113 129 145 162 29 34 45 60 75 91 108 125 142 159 15 23 38 54 71 88 105 122 140 157 0 18 35 52 70 87 104 122 139 156 15 23 38 54 71 88 105 122 140 157 29 34 45 60 75 91 108 125 142 159 43 47 55 68 82 97 113 129 145 162
71 68 51 97 64 46 50 63 68 89 119 62 83 67 82 77 62 59 94 74 78 84 63 47 56 29 71 71 97 71 116 69 75 81 76 81 59 60 83 50 88 86 87 92 100 110 121 134 148 162 74 72 73 79 88 99 112 126 140 155 60 57 60 67 77 90 104 118 134 150 47 43 46 55 67 82 97 112 129 145 34 29 34 45 60 75 91 108 125 142 23 15 23 38 54 71 88 105 122 140 18 0 18 35 52 70 87 104 122 139 23 15 23 38 54 71 88 105 122 140 34 29 34 45 60 75 91 108 125 142 47 43 46 55 67 82 97 112 129 145
63 59 46 80 47 43 45 47 52 77 102 47 66 51 68 64 46 57 78 56 67 72 51 35 38 14 57 55 81 56 99 53 60 65 61 69 43 57 67 38 93 87 85 87 92 99 109 121 134 148 80 73 71 73 79 88 99 112 126 140 67 60 57 60 67 77 90 104 118 134 55 46 43 46 55 67 81 97 112 129 45 34 29 34 45 60 75 91 108 125 38 23 15 23 38 54 71 88 105 122 35 18 0 18 35 52 70 87 104 122 38 23 15 23 38 54 71 88 105 122 45 34 29 34 45 60 75 91 108 125 55 46 43 46 55 67 81 97 112 129
59 53 47 63 30 47 45 31 36 67 85 35 49 37 56 52 32 61 64 39 60 64 44 30 21 14 44 39 65 44 82 39 47 50 49 58 29 60 51 31 100 92 87 85 87 91 99 109 121 134 88 79 73 71 73 79 88 99 112 125 77 67 60 57 59 66 77 89 103 118 68 55 46 43 46 55 67 81 97 112 60 45 34 29 33 45 59 75 91 108 54 38 23 15 23 38 54 71 88 105 52 35 18 0 18 35 52 70 87 104 54 38 23 15 23 38 54 71 88 105 60 45 34 29 33 45 59 75 91 108 68 55 46 43 46 55 67 81 97 112
60 53 54 47 13 56 53 18 22 60 69 28 33 26 49 45 23 69 51 22 57 59 42 33 4 28 37 24 51 36 66 28 37 37 39 52 20 66 38 33 110 100 92 87 85 86 91 99 109 120 99 88 79 73 71 73 78 87 99 111 90 77 67 59 57 59 66 77 89 103 82 67 55 46 43 46 55 67 81 96 75 60 45 33 29 33 45 59 75 91 71 54 38 23 15 23 38 54 71 88 70 52 35 18 0 18 35 52 70 87 71 54 38 23 15 23 38 54 71 88 75 60 45 33 29 33 45 59 75 91 82 67 55 46 43 46 55 67 81 96
66 59 65 31 7 68 64 18 17 59 53 32 20 25 46 44 25 80 42 6 59 60 48 44 14 45 36 17 38 35 51 27 34 29 37 52 24 77 29 43 122 110 99 91 86 84 86 91 98 108 112 99 88 79 73 70 72 78 87 98 104 90 77 66 59 56 59 66 76 89 97 82 67 55 46 42 46 55 67 81 91 75 60 45 33 28 33 45 59 75 88 71 54 38 23 14 23 38 54 71 87 70 52 35 18 0 18 35 52 70 88 71 54 38 23 14 23 38 54 71 91 75 60 45 33 28 33 45 59 75 97 82 67 55 46 42 46 55 67 81
76 69 78 19 23 82 77 30 27 62 38 43 17 35 50 49 37 93 39 14 66 65 58 58 32 62 44 25 31 42 37 35 40 30 42 56 37 89 29 56 134 121 109 99 91 86 84 85 90 98 126 112 99 88 78 72 70 72 78 87 119 104 90 77 66 59 56 59 66 76 113 97 81 67 55 46 42 46 54 67 108 91 75 59 45 33 28 33 45 59 105 88 71 54 38 23 14 23 38 54 104 87 70 52 35 18 0 18 35 52 105 88 71 54 38 23 14 23 38 54 108 91 75 59 45 33 28 33 45 59 113 97 81 67 55 46 42 46 54 67
88 81 93 19 41 98 92 46 42 70 27 57 28 49 59 60 52 107 44 31 77 74 71 73 49 79 56 39 33 54 28 49 51 40 53 66 53 103 39 71 148 134 121 109 99 91 85 83 85 90 140 126 112 99 87 78 72 70 72 77 134 118 104 89 77 66 59 56 58 65 129 112 97 81 67 55 46 42 45 54 125 108 91 75 59 45 33 28 33 45 122 105 88 71 54 38 23 14 23 38 122 104 87 70 52 35 18 0 18 35 122 105 88 71 54 38 23 14 23 38 125 108 91 75 59 45 33 28 33 45 129 112 97 81 67 55 46 42 45 54
101 95 109 31 58 113 107 62 58 80 24 72 44 64 71 73 68 122 54 49 89 85 85 90 66 96 70 55 43 69 28 64 65 54 66 78 69 118 52 87 162 148 134 121 109 98 90 85 83 85 156 140 126 112 99 87 78 72 69 71 150 134 118 103 89 76 66 58 55 58 145 129 112 97 81 67 54 45 42 45 142 125 108 91 75 59 45 33 28 33 140 122 105 88 71 54 38 23 14 23 139 122 104 87 70 52 35 18 0 18 140 122 105 88 71 54 38 23 14 23 142 125 108 91 75 59 45 33 28 33 145 129 112 97 81 67 54 45 42 45
116 109 124 47 75 130 123 79 75 93 33 89 60 81 85 87 84 137 67 66 103 99 101 106 84 113 85 72 56 84 37 80 80 69 81 92 86 133 67 104 177 162 148 134 120 108 98 90 85 83 171 155 140 125 111 98 87 77 71 69 166 150 134 118 103 89 76 65 58 55 162 145 129 112 96 81 67 54 45 42 159 142 125 108 91 75 59 45 33 28 157 140 122 105 88 71 54 38 23 14 156 139 122 104 87 70 52 35 18 0 157 140 122 105 88 71 54 38 23 14 159 142 125 108 91 75 59 45 33 28 162 145 129 112 96 81 67 54 45 42
93 90 72 117 84 66 71 84 89 111 139 84 103 88 104 99 84 78 115 91 100 106 86 70 75 50 93 92 118 93 136 90 97 102 98 104 81 80 104 73 100 102 106 112 121 132 144 156 170 184 86 88 93 100 110 122 134 148 162 177 72 74 80 88 99 112 126 140 156 171 58 60 67 77 90 104 119 134 150 166 43 47 55 68 82 97 113 129 145 162 29 34 45 60 75 91 108 125 142 159 15 23 38 54 71 88 105 122 140 157 0 18 35 52 70 87 104 122 139 156 15 23 38 54 71 88 105 122 140 157 29 34 45 60 75 91 108 125 142 159
83 80 64 101 67 59 63 68 73 99 122 69 87 73 90 86 68 72 100 74 89 94 73 57 58 36 79 76 102 79 120 75 82 87 84 91 65 74 88 60 102 100 101 105 112 121 131 143 156 170 88 86 87 92 100 110 121 134 148 162 74 72 73 79 88 99 112 126 140 155 60 57 60 67 77 90 104 118 134 150 47 43 46 55 67 82 97 112 129 145 34 29 34 45 60 75 91 108 125 142 23 15 23 38 54 71 88 105 122 140 18 0 18 35 52 70 87 104 122 139 23 15 23 38 54 71 88 105 122 140 34 29 34 45 60 75 91 108 125 142
76 72 60 84 50 57 59 53 58 88 106 56 71 59 78 74 54 71 86 57 80 84 63 48 41 26 66 61 87 66 104 61 69 72 71 80 51 72 74 50 106 101 99 101 105 112 121 131 143 156 93 87 85 87 92 99 109 121 134 148 80 73 71 73 79 88 99 112 126 140 67 60 57 60 67 77 90 104 118 134 55 46 43 46 55 67 81 97 112 129 45 34 29 34 45 60 75 91 108 125 38 23 15 23 38 54 71 88 105 122 35 18 0 18 35 52 70 87 104 122 38 23 15 23 38 54 71 88 105 122 45 34 29 34 45 60 75 91 108 125
73 67 61 68 35 60 59 40 44 79 90 47 55 47 68 65 43 74 73 40 73 77 57 44 26 26 56 47 73 56 88 49 58 59 60 71 40 73 60 45 112 105 101 99 100 105 111 120 131 143 100 92 87 85 87 91 99 109 121 134 88 79 73 71 73 79 88 99 112 125 77 67 60 57 59 66 77 89 103 118 68 55 46 43 46 55 67 81 97 112 60 45 34 29 33 45 59 75 91 108 54 38 23 15 23 38 54 71 88 105 52 35 18 0 18 35 52 70 87 104 54 38 23 15 23 38 54 71 88 105 60 45 34 29 33 45 59 75 91 108
74 67 66 54 22 67 65 31 34 74 75 42 42 40 62 59 37 81 62 24 71 73 56 46 15 36 50 36 60 49 73 42 50 48 53 66 34 79 49 46 121 112 105 100 99 100 104 111 120 130 110 100 92 87 85 86 91 99 109 120 99 88 79 73 71 73 78 87 99 111 90 77 67 59 57 59 66 77 89 103 82 67 55 46 43 46 55 67 81 96 75 60 45 33 29 33 45 59 75 91 71 54 38 23 15 23 38 54 71 88 70 52 35 18 0 18 35 52 70 87 71 54 38 23 15 23 38 54 71 88 75 60 45 33 29 33 45 59 75 91
79 72 75 41 19 78 74 31 31 73 60 44 32 39 60 58 38 90 55 11 73 73 60 54 21 50 50 31 50 49 59 41 48 42 51 65 37 88 43 54 132 121 112 105 100 98 99 104 110 119 122 110 99 91 86 84 86 91 98 108 112 99 88 79 73 70 72 78 87 98 104 90 77 66 59 56 59 66 76 89 97 82 67 55 46 42 46 55 67 81 91 75 60 45 33 28 33 45 59 75 88 71 54 38 23 14 23 38 54 71 87 70 52 35 18 0 18 35 52 70 88 71 54 38 23 14 23 38 54 71 91 75 60 45 33 28 33 45 59 75
87 80 87 32 29 90 86 39 37 75 48 53 30 46 63 62 47 102 53 17 78 78 69 66 35 65 56 36 45 54 48 46 52 43 55 69 46 99 43 65 144 131 121 111 104 99 98 99 103 110 134 121 109 99 91 86 84 85 90 98 126 112 99 88 78 72 70 72 78 87 119 104 90 77 66 59 56 59 66 76 113 97 81 67 55 46 42 46 54 67 108 91 75 59 45 33 28 33 45 59 105 88 71 54 38 23 14 23 38 54 104 87 70 52 35 18 0 18 35 52 105 88 71 54 38 23 14 23 38 54 108 91 75 59 45 33 28 33 45 59
97 90 101 32 44 104 99 52 49 82 40 65 38 57 70 70 59 115 56 33 87 85 80 80 51 82 65 47 46 64 41 57 61 51 63 77 59 111 49 78 156 143 131 120 111 104 99 97 99 103 148 134 121 109 99 91 85 83 85 90 140 126 112 99 87 78 72 70 72 77 134 118 104 89 77 66 59 56 58 65 129 112 97 81 67 55 46 42 45 54 125 108 91 75 59 45 33 28 33 45 122 105 88 71 54 38 23 14 23 38 122 104 87 70 52 35 18 0 18 35 122 105 88 71 54 38 23 14 23 38 125 108 91 75 59 45 33 28 33 45
110 103 115 41 60 119 114 67 63 91 38 79 50 71 81 82 73 129 64 50 98 95 93 95 68 98 78 61 54 76 41 71 73 62 75 87 74 125 61 93 170 156 143 131 120 110 103 99 97 98 162 148 134 121 109 98 90 85 83 85 156 140 126 112 99 87 78 72 69 71 150 134 118 103 89 76 66 58 55 58 145 129 112 97 81 67 54 45 42 45 142 125 108 91 75 59 45 33 28 33 140 122 105 88 71 54 38 23 14 23 139 122 104 87 70 52 35 18 0 18 140 122 105 88 71 54 38 23 14 23 142 125 108 91 75 59 45 33 28 33
123 117 130 53 77 135 129 83 79 102 44 94 65 86 93 95 89 144 75 67 111 107 107 111 85 115 92 76 65 91 48 85 87 76 88 100 90 139 74 108 184 170 156 143 130 119 110 103 98 96 177 162 148 134 120 108 98 90 85 83 171 155 140 125 111 98 87 77 71 69 166 150 134 118 103 89 76 65 58 55 162 145 129 112 96 81 67 54 45 42 159 142 125 108 91 75 59 45 33 28 157 140 122 105 88 71 54 38 23 14 156 139 122 104 87 70 52 35 18 0 157 140 122 105 88 71 54 38 23 14 159 142 125 108 91 75 59 45 33 28
104 101 84 122 88 79 83 90 95 121 143 92 108 95 113 108 91 91 122 94 111 116 95 79 79 59 101 98 124 101 141 97 105 109 106 113 87 93 110 82 115 116 119 125 133 143 154 166 179 192 100 102 106 112 121 132 144 156 170 184 86 88 93 100 110 122 134 148 162 177 72 74 80 88 99 112 126 140 156 171 58 60 67 77 90 104 119 134 150 166 43 47 55 68 82 97 113 129 145 162 29 34 45 60 75 91 108 125 142 159 15 23 38 54 71 88 105 122 140 157 0 18 35 52 70 87 104 122 139 156 15 23 38 54 71 88 105 122 140 157
96 92 77 106 72 73 76 75 80 110 127 79 92 81 100 96 77 86 108 78 100 105 85 69 63 47 89 83 109 88 125 84 91 94 93 101 74 88 96 71 116 114 115 119 125 133 142 153 165 178 102 100 101 105 112 121 131 143 156 170 88 86 87 92 100 110 121 134 148 162 74 72 73 79 88 99 112 126 140 155 60 57 60 67 77 90 104 118 134 150 47 43 46 55 67 82 97 112 129 145 34 29 34 45 60 75 91 108 125 142 23 15 23 38 54 71 88 105 122 140 18 0 18 35 52 70 87 104 122 139 23 15 23 38 54 71 88 105 122 140
90 85 74 90 57 71 73 62 66 100 112 68 78 69 89 85 65 85 95 61 92 97 76 61 48 40 77 69 95 77 110 71 79 81 81 92 61 86 82 63 119 115 114 115 118 124 132 142 153 165 106 101 99 101 105 112 121 131 143 156 93 87 85 87 92 99 109 121 134 148 80 73 71 73 79 88 99 112 126 140 67 60 57 60 67 77 90 104 118 134 55 46 43 46 55 67 81 97 112 129 45 34 29 34 45 60 75 91 108 125 38 23 15 23 38 54 71 88 105 122 35 18 0 18 35 52 70 87 104 122 38 23 15 23 38 54 71 88 105 122
87 81 74 76 44 73 73 51 55 92 97 60 64 59 81 77 55 88 84 46 87 90 71 58 36 40 69 57 82 68 95 61 70 69 72 84 52 87 71 59 125 119 115 113 114 118 124 132 141 152 112 105 101 99 100 105 111 120 131 143 100 92 87 85 87 91 99 109 121 134 88 79 73 71 73 79 88 99 112 125 77 67 60 57 59 66 77 89 103 118 68 55 46 43 46 55 67 81 97 112 60 45 34 29 33 45 59 75 91 108 54 38 23 15 23 38 54 71 88 105 52 35 18 0 18 35 52 70 87 104 54 38 23 15 23 38 54 71 88 105
88 81 79 63 34 79 78 44 47 88 82 56 53 53 76 73 51 93 75 33 85 87 70 59 29 47 64 48 71 63 81 55 64 61 66 80 48 92 61 60 133 125 118 114 113 114 117 123 131 141 121 112 105 100 99 100 104 111 120 130 110 100 92 87 85 86 91 99 109 120 99 88 79 73 71 73 78 87 99 111 90 77 67 59 57 59 66 77 89 103 82 67 55 46 43 46 55 67 81 96 75 60 45 33 29 33 45 59 75 91 71 54 38 23 15 23 38 54 71 88 70 52 35 18 0 18 35 52 70 87 71 54 38 23 15 23 38 54 71 88
92 85 87 52 33 88 85 44 45 87 70 58 45 53 74 72 52 101 69 25 86 87 73 66 32 58 64 45 63 63 69 54 62 56 65 79 50 99 56 66 143 133 124 118 114 112 113 117 123 131 132 121 112 105 100 98 99 104 110 119 122 110 99 91 86 84 86 91 98 108 112 99 88 79 73 70 72 78 87 98 104 90 77 66 59 56 59 66 76 89 97 82 67 55 46 42 46 55 67 81 91 75 60 45 33 28 33 45 59 75 88 71 54 38 23 14 23 38 54 71 87 70 52 35 18 0 18 35 52 70 88 71 54 38 23 14 23 38 54 71
99 92 97 46 39 100 96 50 49 89 59 64 44 58 76 75 58 112 67 28 91 91 80 76 43 72 68 48 59 67 60 59 65 57 68 82 57 109 56 75 154 142 132 124 117 113 112 113 116 122 144 131 121 111 104 99 98 99 103 110 134 121 109 99 91 86 84 85 90 98 126 112 99 88 78 72 70 72 78 87 119 104 90 77 66 59 56 59 66 76 113 97 81 67 55 46 42 46 54 67 108 91 75 59 45 33 28 33 45 59 105 88 71 54 38 23 14 23 38 54 104 87 70 52 35 18 0 18 35 52 105 88 71 54 38 23 14 23 38 54
108 101 109 46 51 113 108 61 58 94 53 74 49 67 83 82 68 124 69 39 99 97 90 88 57 87 76 57 60 75 55 68 73 63 75 89 68 121 62 87 166 153 142 132 123 117 113 111 112 116 156 143 131 120 111 104 99 97 99 103 148 134 121 109 99 91 85 83 85 90 140 126 112 99 87 78 72 70 72 77 134 118 104 89 77 66 59 56 58 65 129 112 97 81 67 55 46 42 45 54 125 108 91 75 59 45 33 28 33 45 122 105 88 71 54 38 23 14 23 38 122 104 87 70 52 35 18 0 18 35 122 105 88 71 54 38 23 14 23 38
119 112 123 52 66 126 121 74 71 102 52 87 59 79 92 92 81 137 76 54 109 106 102 102 72 103 87 69 65 86 55 79 83 72 85 98 81 133 71 100 179 165 153 141 131 123 116 112 110 112 170 156 143 131 120 110 103 99 97 98 162 148 134 121 109 98 90 85 83 85 156 140 126 112 99 87 78 72 69 71 150 134 118 103 89 76 66 58 55 58 145 129 112 97 81 67 54 45 42 45 142 125 108 91 75 59 45 33 28 33 140 122 105 88 71 54 38 23 14 23 139 122 104 87 70 52 35 18 0 18 140 122 105 88 71 54 38 23 14 23
132 125 137 62 81 141 136 89 85 112 56 101 72 93 103 104 95 151 86 70 120 117 115 117 88 119 100 83 75 99 60 93 95 84 97 109 96 147 83 115 192 178 165 152 141 131 122 116 112 110 184 170 156 143 130 119 110 103 98 96 177 162 148 134 120 108 98 90 85 83 171 155 140 125 111 98 87 77 71 69 166 150 134 118 103 89 76 65 58 55 162 145 129 112 96 81 67 54 45 42 159 142 125 108 91 75 59 45 33 28 157 140 122 105 88 71 54 38 23 14 156 139 122 104 87 70 52 35 18 0 157 140 122 105 88 71 54 38 23 14
117 113 97 128 94 92 96 98 102 131 149 101 115 104 122 118 99 104 131 99 122 127 106 90 85 69 111 105 132 110 147 106 114 117 115 123 96 107 118 93 129 130 133 138 145 154 164 176 188 201 115 116 119 125 133 143 154 166 179 192 100 102 106 112 121 132 144 156 170 184 86 88 93 100 110 122 134 148 162 177 72 74 80 88 99 112 126 140 156 171 58 60 67 77 90 104 119 134 150 166 43 47 55 68 82 97 113 129 145 162 29 34 45 60 75 91 108 125 142 159 15 23 38 54 71 88 105 122 140 157 0 18 35 52 70 87 104 122 139 156
109 104 91 112 79 87 90 84 89 121 134 89 100 91 111 107 87 100 118 83 113 117 97 81 70 59 99 91 118 99 132 93 101 103 103 113 83 102 105 83 130 128 129 132 138 145 154 164 175 187 116 114 115 119 125 133 142 153 165 178 102 100 101 105 112 121 131 143 156 170 88 86 87 92 100 110 121 134 148 162 74 72 73 79 88 99 112 126 140 155 60 57 60 67 77 90 104 118 134 150 47 43 46 55 67 82 97 112 129 145 34 29 34 45 60 75 91 108 125 142 23 15 23 38 54 71 88 105 122 140 18 0 18 35 52 70 87 104 122 139
104 98 88 98 66 85 87 73 77 112 119 80 86 80 101 98 76 99 106 68 105 109 89 74 58 54 89 79 104 89 117 82 91 91 93 104 73 100 92 76 133 129 128 129 132 137 144 153 163 175 119 115 114 115 118 124 132 142 153 165 106 101 99 101 105 112 121 131 143 156 93 87 85 87 92 99 109 121 134 148 80 73 71 73 79 88 99 112 126 140 67 60 57 60 67 77 90 104 118 134 55 46 43 46 55 67 81 97 112 129 45 34 29 34 45 60 75 91 108 125 38 23 15 23 38 54 71 88 105 122 35 18 0 18 35 52 70 87 104 122
101 95 88 85 55 87 87 63 67 106 105 73 74 72 94 91 69 101 95 55 101 104 85 72 48 54 82 69 93 81 104 74 83 81 85 97 65 101 82 73 138 132 129 127 128 131 137 144 153 163 125 119 115 113 114 118 124 132 141 152 112 105 101 99 100 105 111 120 131 143 100 92 87 85 87 91 99 109 121 134 88 79 73 71 73 79 88 99 112 125 77 67 60 57 59 66 77 89 103 118 68 55 46 43 46 55 67 81 97 112 60 45 34 29 33 45 59 75 91 108 54 38 23 15 23 38 54 71 88 105 52 35 18 0 18 35 52 70 87 104
102 95 92 73 48 92 91 58 60 102 92 70 65 67 89 86 65 106 87 44 99 101 84 73 43 59 78 62 83 77 91 69 78 74 80 94 62 105 74 74 145 138 132 128 127 127 131 136 143 152 133 125 118 114 113 114 117 123 131 141 121 112 105 100 99 100 104 111 120 130 110 100 92 87 85 86 91 99 109 120 99 88 79 73 71 73 78 87 99 111 90 77 67 59 57 59 66 77 89 103 82 67 55 46 43 46 55 67 81 96 75 60 45 33 29 33 45 59 75 91 71 54 38 23 15 23 38 54 71 88 70 52 35 18 0 18 35 52 70 87
105 98 99 64 46 100 97 58 59 100 81 71 59 67 88 86 65 113 82 39 100 101 87 78 45 68 78 59 76 76 81 68 76 70 79 93 63 112 70 78 154 145 137 131 127 126 127 130 135 143 143 133 124 118 114 112 113 117 123 131 132 121 112 105 100 98 99 104 110 119 122 110 99 91 86 84 86 91 98 108 112 99 88 79 73 70 72 78 87 98 104 90 77 66 59 56 59 66 76 89 97 82 67 55 46 42 46 55 67 81 91 75 60 45 33 28 33 45 59 75 88 71 54 38 23 14 23 38 54 71 87 70 52 35 18 0 18 35 52 70
111 104 108 59 51 110 107 63 62 102 72 77 58 70 90 88 70 123 81 41 104 104 93 87 53 80 81 62 73 80 73 72 79 70 81 96 69 120 70 86 164 154 144 137 131 127 125 126 130 135 154 142 132 124 117 113 112 113 116 122 144 131 121 111 104 99 98 99 103 110 134 121 109 99 91 86 84 85 90 98 126 112 99 88 78 72 70 72 78 87 119 104 90 77 66 59 56 59 66 76 113 97 81 67 55 46 42 46 54 67 108 91 75 59 45 33 28 33 45 59 105 88 71 54 38 23 14 23 38 54 104 87 70 52 35 18 0 18 35 52
120 112 119 59 61 122 118 71 70 107 66 85 62 78 95 94 79 134 83 49 111 110 101 98 65 94 88 69 73 87 68 79 85 75 87 101 78 131 74 97 176 164 153 144 136 130 126 125 126 129 166 153 142 132 123 117 113 111 112 116 156 143 131 120 111 104 99 97 99 103 148 134 121 109 99 91 85 83 85 90 140 126 112 99 87 78 72 70 72 77 134 118 104 89 77 66 59 56 58 65 129 112 97 81 67 55 46 42 45 54 125 108 91 75 59 45 33 28 33 45 122 105 88 71 54 38 23 14 23 38 122 104 87 70 52 35 18 0 18 35
130 123 131 64 74 135 130 83 80 114 65 96 70 89 103 103 90 146 88 62 120 118 112 110 79 109 98 79 78 96 68 89 94 83 96 109 90 143 82 109 188 175 163 153 143 135 130 126 124 125 179 165 153 141 131 123 116 112 110 112 170 156 143 131 120 110 103 99 97 98 162 148 134 121 109 98 90 85 83 85 156 140 126 112 99 87 78 72 69 71 150 134 118 103 89 76 66 58 55 58 145 129 112 97 81 67 54 45 42 45 142 125 108 91 75 59 45 33 28 33 140 122 105 88 71 54 38 23 14 23 139 122 104 87 70 52 35 18 0 18
141 134 145 73 88 149 143 96 93 123 69 109 81 101 113 113 103 159 97 76 130 128 124 124 94 124 109 91 86 108 72 101 105 94 106 120 103 155 92 122 201 187 175 163 152 143 135 129 125 124 192 178 165 152 141 131 122 116 112 110 184 170 156 143 130 119 110 103 98 96 177 162 148 134 120 108 98 90 85 83 171 155 140 125 111 98 87 77 71 69 166 150 134 118 103 89 76 65 58 55 162 145 129 112 96 81 67 54 45 42 159 142 125 108 91 75 59 45 33 28 157 140 122 105 88 71 54 38 23 14 156 139 122 104 87 70 52 35 18 0
