0 45 41 66 30 34 26 46 62 59 14 17 28 62 19 47 34 34 33 87 9 51 38 75 27 60 27 41 30 49 11 28 45 62 19 22 56 39 30 58 109 78 52 42 57 102 68 34 15 41 102 68 35 15 41 109 78 53 42 57 123 96 77 70 79
45 0 81 53 57 41 41 1 23 43 36 58 27 59 61 46 49 41 75 54 47 6 78 66 58 19 42 24 25 43 36 27 90 61 63 51 22 48 71 33 65 34 22 48 80 62 28 12 44 78 72 45 37 56 86 89 70 65 77 100 112 97 93 102 120
41 81 0 105 61 73 64 82 100 99 54 25 68 100 39 86 71 73 10 127 46 87 4 113 57 98 65 81 70 88 51 69 24 98 35 56 95 76 12 99 145 112 80 51 36 141 106 72 38 9 142 108 74 42 20 148 116 86 60 47 160 130 104 83 75
66 53 105 0 50 32 41 52 40 10 53 82 41 14 69 20 36 32 96 37 60 51 103 14 53 43 40 32 40 17 56 40 101 18 72 51 34 30 94 21 80 69 74 93 119 57 41 50 75 106 43 14 32 65 99 44 18 34 66 100 61 46 53 78 108
30 57 61 50 0 22 17 58 65 47 26 42 31 41 23 31 15 22 51 81 22 61 60 54 5 65 16 40 34 35 29 31 52 39 26 9 57 20 50 53 114 89 73 71 85 99 69 47 44 64 91 57 25 20 51 91 57 25 21 51 100 70 47 45 65
34 41 73 32 22 0 9 41 44 28 22 50 16 29 38 14 9 1 64 60 28 43 71 41 24 44 8 20 17 16 26 15 70 29 41 20 36 8 62 31 93 70 59 68 90 78 48 31 45 74 72 37 4 33 68 76 45 26 42 72 89 65 54 63 86
26 41 64 41 17 9 0 42 49 36 15 42 15 37 30 23 11 10 55 68 19 45 62 50 18 48 2 24 17 25 19 14 62 37 33 12 41 14 53 39 98 73 58 61 81 85 54 31 38 66 80 45 11 25 59 85 53 30 37 65 98 72 57 61 81
46 1 82 52 58 41 42 0 22 43 37 58 27 59 62 46 49 41 76 53 47 6 79 66 58 18 42 24 25 43 36 28 90 61 64 51 21 48 72 33 64 33 22 48 81 61 28 12 45 79 71 45 38 57 86 89 70 65 78 101 111 96 93 102 120
62 23 100 40 65 44 49 22 0 32 50 76 37 51 75 43 52 44 93 32 61 18 97 54 66 5 49 25 34 38 51 36 106 54 77 60 9 49 90 20 50 29 41 70 102 41 6 29 64 98 50 29 41 70 102 70 57 63 85 113 95 85 89 105 129
59 43 99 10 47 28 36 43 32 0 46 76 34 20 65 18 33 28 90 35 54 42 97 24 50 35 35 23 31 13 50 32 97 24 68 47 25 28 88 13 75 60 65 84 112 54 33 40 68 100 45 10 26 60 95 51 28 36 65 98 70 55 59 80 109
14 36 54 53 26 22 15 37 50 46 0 30 15 51 26 35 25 23 45 74 11 41 51 63 24 49 16 28 18 36 5 15 56 50 28 17 44 28 43 45 99 70 48 48 68 89 56 25 24 54 89 55 22 21 53 97 67 44 43 65 111 86 70 69 84
17 58 25 82 42 50 42 58 76 76 30 0 44 78 23 64 50 51 18 103 23 63 22 91 38 74 43 57 46 65 27 45 35 77 21 35 71 55 14 74 122 90 60 39 43 117 82 48 15 25 118 84 51 23 30 126 94 67 49 52 139 111 88 76 78
28 27 68 41 31 16 15 27 37 34 15 44 0 42 39 27 23 17 60 60 25 30 65 53 32 35 16 14 3 26 17 2 70 43 41 25 30 24 57 31 86 58 44 53 78 75 42 16 35 67 75 41 14 34 67 84 57 41 51 77 101 80 69 75 95
62 59 100 14 41 29 37 59 51 20 51 78 42 0 63 16 29 29 90 51 55 59 98 14 45 54 36 36 41 17 55 41 93 4 66 44 44 24 89 32 93 80 81 95 118 71 53 54 74 102 55 27 30 59 92 51 17 21 55 89 61 38 40 65 96
19 61 39 69 23 38 30 62 75 65 26 23 39 63 0 50 34 38 29 97 15 66 38 76 19 74 30 52 42 53 26 39 33 61 4 19 68 40 28 68 124 95 71 58 65 113 81 50 31 43 109 75 40 6 30 112 79 48 26 40 122 92 67 54 61
47 46 86 20 31 14 23 46 43 18 35 64 27 16 50 0 17 13 77 52 41 47 84 28 34 45 21 23 26 6 39 25 82 17 53 31 35 11 75 26 90 71 67 79 103 71 46 39 58 88 61 27 14 46 80 63 32 21 48 81 76 53 48 64 92
34 49 71 36 15 9 11 49 52 33 25 50 23 29 34 17 0 8 61 67 27 51 69 42 18 53 9 28 24 21 29 22 65 28 37 16 44 6 60 39 101 78 66 71 91 86 57 39 47 73 77 43 12 30 64 79 46 20 34 65 90 63 47 54 78
34 41 73 32 22 1 10 41 44 28 23 51 17 29 38 13 8 0 64 60 28 44 71 41 24 45 9 20 17 16 27 16 70 28 41 20 36 7 62 32 93 70 60 68 90 78 49 32 46 75 72 37 4 33 68 76 44 25 41 72 89 65 53 62 86
33 75 10 96 51 64 55 76 93 90 45 18 60 90 29 77 61 64 0 119 37 81 10 103 47 91 56 73 62 79 43 60 21 89 26 46 88 67 4 90 139 107 76 51 42 133 99 65 32 15 133 99 65 32 16 139 107 76 51 42 150 120 94 75 69
87 54 127 37 81 60 68 53 32 35 74 103 60 51 97 52 67 60 119 0 84 49 125 45 84 36 68 47 57 47 77 60 129 55 100 79 34 62 117 30 46 49 71 101 133 21 27 58 92 126 19 25 58 92 126 44 47 70 100 132 72 73 89 114 143
9 47 46 60 22 28 19 47 61 54 11 23 25 55 15 41 27 28 37 84 0 52 44 68 19 59 20 38 28 43 12 25 46 54 17 13 54 32 35 55 109 80 57 50 65 100 66 35 23 47 97 63 29 10 43 103 72 44 35 54 116 89 69 63 75
51 6 87 51 61 43 45 6 18 42 41 63 30 59 66 47 51 44 81 49 52 0 84 65 62 14 45 25 28 43 41 31 95 62 68 55 19 50 77 31 59 29 24 53 86 57 23 17 50 84 67 43 40 61 91 86 69 67 81 105 109 96 94 105 124
38 78 4 103 60 71 62 79 97 97 51 22 65 98 38 84 69 71 10 125 44 84 0 111 56 95 63 79 68 86 49 66 27 97 35 54 92 75 10 96 142 108 76 48 34 138 103 69 34 6 139 105 72 40 22 147 115 85 60 50 158 129 104 84 77
75 66 113 14 54 41 50 66 54 24 63 91 53 14 76 28 42 41 103 45 68 65 111 0 58 57 48 45 51 27 67 51 106 16 79 57 48 37 102 35 90 82 88 105 130 65 54 63 86 115 45 26 41 72 105 38 4 33 67 102 49 32 45 74 107
27 58 57 53 5 24 18 58 66 50 24 38 32 45 19 34 18 24 47 84 19 62 56 58 0 66 18 42 34 38 28 31 49 43 22 8 59 23 46 55 116 90 72 68 81 102 71 47 41 60 94 60 27 16 47 95 61 29 20 49 104 74 51 46 63
60 19 98 43 65 44 48 18 5 35 49 74 35 54 74 45 53 45 91 36 59 14 95 57 66 0 49 25 33 40 49 36 104 57 76 59 10 50 88 23 51 27 37 66 99 44 10 27 61 96 54 33 41 68 100 74 61 65 85 112 99 89 91 106 129
27 42 65 40 16 8 2 42 49 35 16 43 16 36 30 21 9 9 56 68 20 45 63 48 18 49 0 25 18 24 20 15 62 35 33 12 41 13 54 38 98 73 59 63 83 85 54 32 39 67 79 45 10 25 60 84 52 29 37 65 97 71 56 60 81
41 24 81 32 40 20 24 24 25 23 28 57 14 36 52 23 28 20 73 47 38 25 79 45 42 25 25 0 11 20 30 13 83 38 54 36 17 26 70 18 74 51 45 62 90 62 30 18 47 81 62 29 16 46 80 73 49 42 60 89 92 74 70 82 105
30 25 70 40 34 17 17 25 34 31 18 46 3 41 42 26 24 17 62 57 28 28 68 51 34 33 18 11 0 25 20 3 73 42 44 27 27 24 60 29 83 56 43 54 81 72 39 15 37 70 72 39 14 37 70 82 55 42 54 80 100 79 70 77 97
49 43 88 17 35 16 25 43 38 13 36 65 26 17 53 6 21 16 79 47 43 43 86 27 38 40 24 20 25 0 40 24 85 19 56 35 30 15 77 21 85 66 64 78 103 66 41 37 59 89 57 23 15 49 83 61 31 26 53 86 76 55 52 69 97
11 36 51 56 29 26 19 36 51 50 5 27 17 55 26 39 29 27 43 77 12 41 49 67 28 49 20 30 20 40 0 18 55 55 28 20 45 33 40 48 99 69 46 43 64 91 57 24 20 51 91 58 26 21 52 100 70 48 46 65 115 91 74 73 86
28 27 69 40 31 15 14 28 36 32 15 45 2 41 39 25 22 16 60 60 25 31 66 51 31 36 15 13 3 24 18 0 71 41 42 25 29 23 58 30 86 59 45 55 80 75 42 17 36 68 74 40 12 34 67 83 55 40 51 77 100 78 68 75 94
45 90 24 101 52 70 62 90 106 97 56 35 70 93 33 82 65 70 21 129 46 95 27 106 49 104 62 83 73 85 55 71 0 91 30 51 99 71 24 100 154 123 94 71 60 145 112 79 50 33 141 107 72 38 6 143 109 76 44 23 150 118 88 63 51
62 61 98 18 39 29 37 61 54 24 50 77 43 4 61 17 28 28 89 55 54 62 97 16 43 57 35 38 42 19 55 41 91 0 64 43 47 23 87 35 97 83 82 95 117 75 56 55 73 101 58 31 30 57 90 53 19 18 52 86 62 37 36 61 92
19 63 35 72 26 41 33 64 77 68 28 21 41 66 4 53 37 41 26 100 17 68 35 79 22 76 33 54 44 56 28 42 30 64 0 22 70 43 25 70 126 96 71 57 63 116 83 52 30 40 112 78 43 8 27 115 82 51 28 38 125 95 70 55 61
22 51 56 51 9 20 12 51 60 47 17 35 25 44 19 31 16 20 46 79 13 55 54 57 8 59 12 36 27 35 20 25 51 43 22 0 52 21 45 50 109 83 65 62 77 97 65 39 36 58 91 56 22 15 49 94 61 32 27 54 104 76 56 53 70
56 22 95 34 57 36 41 21 9 25 44 71 30 44 68 35 44 36 88 34 54 19 92 48 59 10 41 17 27 30 45 29 99 47 70 52 0 41 85 13 58 37 42 68 100 46 13 25 59 94 51 25 33 63 96 68 52 56 77 106 91 79 82 97 121
39 48 76 30 20 8 14 48 49 28 28 55 24 24 40 11 6 7 67 62 32 50 75 37 23 50 13 26 24 15 33 23 71 23 43 21 41 0 65 34 98 76 67 74 95 81 53 39 51 78 72 38 11 36 69 73 40 18 38 71 85 59 46 57 82
30 71 12 94 50 62 53 72 90 88 43 14 57 89 28 75 60 62 4 117 35 77 10 102 46 88 54 70 60 77 40 58 24 87 25 45 85 65 0 88 136 103 72 47 40 130 96 62 28 15 131 97 63 31 19 137 105 75 51 45 149 120 94 76 72
58 33 99 21 53 31 39 33 20 13 45 74 31 32 68 26 39 32 90 30 55 31 96 35 55 23 38 18 29 21 48 30 100 35 70 50 13 34 88 0 64 48 55 78 107 47 21 33 65 98 44 13 29 62 97 57 39 46 72 103 79 66 71 90 116
109 65 145 80 114 93 98 64 50 75 99 122 86 93 124 90 101 93 139 46 109 59 142 90 116 51 98 74 83 85 99 86 154 97 126 109 58 98 136 64 0 35 70 104 139 29 45 75 108 142 57 67 90 119 150 86 92 110 134 162 114 119 133 153 178
78 34 112 69 89 70 73 33 29 60 70 90 58 80 95 71 78 70 107 49 80 29 108 82 90 27 73 51 56 66 69 59 123 83 96 83 37 76 103 48 35 0 35 70 104 45 29 45 75 108 67 57 66 89 118 92 85 92 109 134 119 113 118 132 153
52 22 80 74 73 59 58 22 41 65 48 60 44 81 71 67 66 60 76 71 57 24 76 88 72 37 59 45 43 64 46 45 94 82 71 65 42 67 72 55 70 35 0 35 70 75 45 28 45 75 90 66 56 66 89 110 92 84 91 109 133 118 112 117 131
42 48 51 93 71 68 61 48 70 84 48 39 53 95 58 79 71 68 51 101 50 53 48 105 68 66 63 62 54 78 43 55 71 95 57 62 68 74 47 78 104 70 35 0 35 108 75 45 28 45 119 89 66 56 66 134 109 91 84 90 153 132 117 111 116
57 80 36 119 85 90 81 81 102 112 68 43 78 118 65 103 91 90 42 133 65 86 34 130 81 99 83 90 81 103 64 80 60 117 63 77 100 95 40 107 139 104 70 35 0 142 108 75 45 28 150 118 89 66 55 162 134 109 90 83 178 153 131 116 110
102 62 141 57 99 78 85 61 41 54 89 117 75 71 113 71 86 78 133 21 100 57 138 65 102 44 85 62 72 66 91 75 145 75 116 97 46 81 130 47 29 45 75 108 142 0 35 70 104 139 29 45 75 108 142 57 67 90 119 150 86 92 110 134 162
68 28 106 41 69 48 54 28 6 33 56 82 42 53 81 46 57 49 99 27 66 23 103 54 71 10 54 30 39 41 57 42 112 56 83 65 13 53 96 21 45 29 45 75 108 35 0 35 70 104 45 29 45 75 108 67 57 66 89 118 92 85 92 109 134
34 12 72 50 47 31 31 12 29 40 25 48 16 54 50 39 39 32 65 58 35 17 69 63 47 27 32 18 15 37 24 17 79 55 52 39 25 39 62 33 75 45 28 45 75 70 35 0 35 70 75 45 28 45 75 90 66 56 66 89 110 92 84 91 109
15 44 38 75 44 45 38 45 64 68 24 15 35 74 31 58 47 46 32 92 23 50 34 86 41 61 39 47 37 59 20 36 50 73 30 36 59 51 28 65 108 75 45 28 45 104 70 35 0 35 108 75 45 28 45 119 89 66 56 66 134 109 91 84 90
41 78 9 106 64 74 66 79 98 100 54 25 67 102 43 88 73 75 15 126 47 84 6 115 60 96 67 81 70 89 51 68 33 101 40 58 94 78 15 98 142 108 75 45 28 139 104 70 35 0 142 108 75 45 28 150 118 89 66 55 162 134 109 90 83
102 72 142 43 91 72 80 71 50 45 89 118 75 55 109 61 77 72 133 19 97 67 139 45 94 54 79 62 72 57 91 74 141 58 112 91 51 72 131 44 57 67 90 119 150 29 45 75 108 142 0 35 70 104 139 29 45 75 108 142 57 67 90 119 150
68 45 108 14 57 37 45 45 29 10 55 84 41 27 75 27 43 37 99 25 63 43 105 26 60 33 45 29 39 23 58 40 107 31 78 56 25 38 97 13 67 57 66 89 118 45 29 45 75 108 35 0 35 70 104 45 29 45 75 108 67 57 66 89 118
35 37 74 32 25 4 11 38 41 26 22 51 14 30 40 14 12 4 65 58 29 40 72 41 27 41 10 16 14 15 26 12 72 30 43 22 33 11 63 29 90 66 56 66 89 75 45 28 45 75 70 35 0 35 70 75 45 28 45 75 90 66 56 66 89
15 56 42 65 20 33 25 57 70 60 21 23 34 59 6 46 30 33 32 92 10 61 40 72 16 68 25 46 37 49 21 34 38 57 8 15 63 36 31 62 119 89 66 56 66 108 75 45 28 45 104 70 35 0 35 108 75 45 28 45 119 89 66 56 66
41 86 20 99 51 68 59 86 102 95 53 30 67 92 30 80 64 68 16 126 43 91 22 105 47 100 60 80 70 83 52 67 6 90 27 49 96 69 19 97 150 118 89 66 55 142 108 75 45 28 139 104 70 35 0 142 108 75 45 28 150 118 89 66 55
109 89 148 44 91 76 85 89 70 51 97 126 84 51 112 63 79 76 139 44 103 86 147 38 95 74 84 73 82 61 100 83 143 53 115 94 68 73 137 57 86 92 110 134 162 57 67 90 119 150 29 45 75 108 142 0 35 70 104 139 29 45 75 108 142
78 70 116 18 57 45 53 70 57 28 67 94 57 17 79 32 46 44 107 47 72 69 115 4 61 61 52 49 55 31 70 55 109 19 82 61 52 40 105 39 92 85 92 109 134 67 57 66 89 118 45 29 45 75 108 35 0 35 70 104 45 29 45 75 108
53 65 86 34 25 26 30 65 63 36 44 67 41 21 48 21 20 25 76 70 44 67 85 33 29 65 29 42 42 26 48 40 76 18 51 32 56 18 75 46 110 92 84 91 109 90 66 56 66 89 75 45 28 45 75 70 35 0 35 70 75 45 28 45 75
42 77 60 66 21 42 37 78 85 65 43 49 51 55 26 48 34 41 51 100 35 81 60 67 20 85 37 60 54 53 46 51 44 52 28 27 77 38 51 72 134 109 91 84 90 119 89 66 56 66 108 75 45 28 45 104 70 35 0 35 108 75 45 28 45
57 100 47 100 51 72 65 101 113 98 65 52 77 89 40 81 65 72 42 132 54 105 50 102 49 112 65 89 80 86 65 77 23 86 38 54 106 71 45 103 162 134 109 90 83 150 118 89 66 55 142 108 75 45 28 139 104 70 35 0 142 108 75 45 28
123 112 160 61 100 89 98 111 95 70 111 139 101 61 122 76 90 89 150 72 116 109 158 49 104 99 97 92 100 76 115 100 150 62 125 104 91 85 149 79 114 119 133 153 178 86 92 110 134 162 57 67 90 119 150 29 45 75 108 142 0 35 70 104 139
96 97 130 46 70 65 72 96 85 55 86 111 80 38 92 53 63 65 120 73 89 96 129 32 74 89 71 74 79 55 91 78 118 37 95 76 79 59 120 66 119 113 118 132 153 92 85 92 109 134 67 57 66 89 118 45 29 45 75 108 35 0 35 70 104
77 93 104 53 47 54 57 93 89 59 70 88 69 40 67 48 47 53 94 89 69 94 104 45 51 91 56 70 70 52 74 68 88 36 70 56 82 46 94 71 133 118 112 117 131 110 92 84 91 109 90 66 56 66 89 75 45 28 45 75 70 35 0 35 70
70 102 83 78 45 63 61 102 105 80 69 76 75 65 54 64 54 62 75 114 63 105 84 74 46 106 60 82 77 69 73 75 63 61 55 53 97 57 76 90 153 132 117 111 116 134 109 91 84 90 119 89 66 56 66 108 75 45 28 45 104 70 35 0 35
79 120 75 108 65 86 81 120 129 109 84 78 95 96 61 92 78 86 69 143 75 124 77 107 63 129 81 105 97 97 86 94 51 92 61 70 121 82 72 116 178 153 131 116 110 162 134 109 90 83 150 118 89 66 55 142 108 75 45 28 139 104 70 35 0
