0 14 72 46 9 56 27 32 28 10 43 18 27 34 16 17 16 48 5 44 41 6 68 37 9 38 53 35 29 14 47 15 30 30 9 17 18 28 31 3 98 72 58 62 82 84 53 30 38 66 79 45 10 25 60 84 53 30 38 66 97 72 57 61 82
14 0 62 49 16 58 17 33 16 10 34 27 38 32 30 6 14 35 19 36 47 10 59 43 20 46 46 39 17 16 40 25 41 28 14 7 9 25 43 16 88 60 44 51 75 79 45 17 31 64 78 45 16 31 64 88 60 43 50 75 104 82 70 75 93
72 62 0 56 76 56 46 92 46 63 30 69 98 46 85 64 75 39 73 28 108 69 5 65 80 75 25 100 46 60 27 69 101 47 64 67 68 83 102 74 27 16 47 81 115 30 20 49 82 116 52 47 64 92 123 78 75 86 108 136 106 103 111 129 153
46 49 56 0 54 10 40 77 44 41 38 31 68 19 51 54 59 62 43 36 86 48 51 14 53 23 32 81 47 34 34 33 70 23 39 55 57 72 69 48 75 66 75 96 123 51 38 52 79 111 36 10 37 71 105 40 20 40 73 107 59 48 59 84 115
9 16 76 54 0 64 31 24 31 16 48 26 23 41 18 16 9 49 13 50 34 8 73 45 6 45 59 28 32 21 53 23 26 38 16 14 14 20 28 7 103 75 57 57 75 91 59 32 31 58 87 53 18 18 52 92 61 35 35 60 105 79 61 61 78
56 58 56 10 64 0 48 87 52 50 43 41 78 27 61 63 69 67 53 41 96 58 51 23 63 31 34 91 55 44 37 43 80 31 49 65 66 82 79 58 71 68 80 104 132 46 40 59 89 121 27 15 47 81 115 31 22 49 82 116 53 48 65 93 124
27 17 46 40 31 48 0 49 5 18 17 30 53 21 42 21 30 26 29 19 64 24 43 38 35 45 30 56 8 18 23 29 56 17 21 23 24 41 57 29 72 46 38 57 86 62 28 13 44 78 65 33 21 47 80 78 55 48 64 91 98 80 76 87 108
32 33 92 77 24 87 49 0 47 38 65 49 25 63 35 29 20 59 35 68 19 30 90 68 26 68 78 9 47 44 72 46 28 60 39 27 26 10 31 30 119 88 62 47 55 111 77 44 20 36 110 75 41 11 31 115 83 55 37 47 127 99 76 65 71
28 16 46 44 31 52 5 47 0 19 19 33 53 25 43 18 29 23 30 21 63 24 44 43 35 49 33 54 4 21 25 31 56 22 22 21 22 39 58 30 73 45 35 53 82 65 30 8 41 75 68 37 23 46 78 82 59 51 64 90 102 84 79 88 108
10 10 63 41 16 50 18 38 19 0 33 18 36 26 24 15 19 41 12 35 49 8 59 34 18 37 44 43 22 7 38 15 39 23 4 16 17 32 40 12 89 63 51 60 84 76 44 23 40 71 72 38 6 33 67 80 50 34 47 75 95 72 62 69 91
43 34 30 38 48 43 17 65 19 33 0 41 69 21 56 37 47 25 44 3 80 40 26 42 51 51 15 72 20 32 8 41 72 20 35 39 40 57 73 45 56 33 38 65 97 47 12 24 58 93 54 29 35 64 96 72 56 59 79 107 95 84 86 101 123
18 27 69 31 26 41 30 49 33 18 41 0 38 25 20 32 33 56 14 42 55 22 65 20 24 20 47 51 36 13 43 3 40 23 14 32 33 45 39 19 94 74 67 77 99 76 49 39 55 83 66 32 12 41 75 68 35 19 43 76 80 55 46 60 87
27 38 98 68 23 78 53 25 53 36 69 38 0 59 18 37 28 71 27 71 20 29 95 57 19 53 79 20 54 40 73 36 4 56 35 35 35 30 7 25 124 97 77 70 79 111 80 53 42 56 103 69 36 15 40 103 69 36 14 40 110 80 53 42 56
34 32 46 19 41 27 21 63 25 26 21 25 59 0 44 37 44 43 33 21 75 34 42 21 42 30 23 68 28 21 20 25 62 4 26 39 40 57 62 36 69 53 56 77 106 52 26 33 62 95 47 13 24 58 93 58 36 41 67 98 78 63 66 85 111
16 30 85 51 18 61 42 35 43 24 56 20 18 44 0 32 27 64 13 58 37 21 82 39 13 35 65 35 45 25 60 19 20 41 22 31 32 36 19 15 111 87 73 74 90 95 66 46 48 70 86 52 22 26 57 85 51 20 24 56 94 64 44 45 68
17 6 64 54 16 63 21 29 18 15 37 32 37 37 32 0 11 34 22 39 45 12 62 48 21 51 50 36 18 21 43 29 41 33 19 3 4 21 43 19 91 61 42 46 70 82 48 17 26 59 83 50 21 29 60 93 65 46 50 73 110 87 74 76 92
16 14 75 59 9 69 30 20 29 19 47 33 28 44 27 11 0 44 20 49 34 12 72 52 14 53 59 26 29 25 53 30 32 41 21 9 8 14 34 15 101 72 50 48 67 92 58 27 23 52 91 56 23 18 50 98 67 44 41 62 112 87 70 68 82
48 35 39 62 49 67 26 59 23 41 25 56 71 43 64 34 44 0 52 28 77 44 38 63 54 71 39 67 20 43 32 54 75 41 45 36 37 49 77 50 64 31 14 43 77 65 33 19 45 78 78 53 46 61 88 97 79 74 84 105 120 105 101 109 126
5 19 73 43 13 53 29 35 30 12 44 14 27 33 13 22 20 52 0 46 43 10 69 34 11 33 53 38 33 13 48 11 30 30 9 21 23 32 30 6 99 75 62 67 87 84 54 34 43 70 77 43 9 28 62 81 49 25 36 66 93 67 52 58 80
44 36 28 36 50 41 19 68 21 35 3 42 71 21 58 39 49 28 46 0 83 42 24 42 53 51 12 75 23 33 5 42 74 20 37 42 43 60 75 47 54 33 41 68 100 44 10 27 61 96 51 27 37 66 99 70 55 60 81 109 93 83 86 102 125
41 47 108 86 34 96 64 19 63 49 80 55 20 75 37 45 34 77 43 83 0 42 106 75 33 72 92 10 63 54 86 53 21 71 49 42 42 28 24 39 135 105 80 64 64 125 92 61 38 39 120 86 51 17 20 122 88 55 27 29 130 99 71 52 53
6 10 69 48 8 58 24 30 24 8 40 22 29 34 21 12 12 44 10 42 42 0 66 40 11 42 51 35 26 14 45 19 33 30 10 12 13 25 34 7 95 69 53 57 78 83 51 26 34 64 80 46 12 25 60 87 56 35 41 68 101 76 62 65 84
68 59 5 51 73 51 43 90 44 59 26 65 95 42 82 62 72 38 69 24 106 66 0 60 76 70 20 98 44 57 23 65 98 43 61 64 65 81 99 71 30 19 48 81 115 28 16 47 80 115 48 42 61 89 121 74 70 82 105 133 101 98 107 125 149
37 43 65 14 45 23 38 68 43 34 42 20 57 21 39 48 52 63 34 42 75 40 60 0 43 11 41 71 46 28 40 23 58 23 31 49 51 65 57 39 86 73 76 93 117 64 46 50 73 103 49 19 29 61 95 48 17 27 60 94 62 43 48 72 102
9 20 80 53 6 63 35 26 35 18 51 24 19 42 13 21 14 54 11 53 33 11 76 43 0 42 61 28 36 22 55 21 22 39 17 20 20 24 23 6 106 80 62 62 79 93 61 36 36 61 87 53 18 18 52 91 58 31 30 58 102 75 56 55 74
38 46 75 23 45 31 45 68 49 37 51 20 53 30 35 51 53 71 33 51 72 42 70 11 42 0 51 69 52 31 50 23 54 31 33 52 53 65 52 39 96 83 83 97 119 73 55 56 75 103 57 30 31 59 92 51 17 20 54 89 60 36 37 63 94
53 46 25 32 59 34 30 78 33 44 15 47 79 23 65 50 59 39 53 12 92 51 20 41 61 51 0 85 34 40 8 47 82 24 45 52 54 71 83 55 47 35 51 80 112 33 7 38 73 107 40 23 44 76 109 61 51 63 88 118 86 79 87 107 132
35 39 100 81 28 91 56 9 54 43 72 51 20 68 35 36 26 67 38 75 10 35 98 71 28 69 85 0 54 48 78 48 22 65 43 34 33 19 26 33 127 96 71 55 59 117 84 52 28 36 114 80 45 11 25 118 85 54 31 39 128 98 73 58 62
29 17 46 47 32 55 8 47 4 22 20 36 54 28 45 18 29 20 33 23 63 26 44 46 36 52 34 54 0 24 27 34 58 25 25 21 22 38 59 32 73 44 31 50 80 66 31 5 39 74 71 40 26 46 78 85 62 54 66 91 105 88 82 90 109
14 16 60 34 21 44 18 44 21 7 32 13 40 21 25 21 25 43 13 33 54 14 57 28 22 31 40 48 24 0 35 11 43 17 6 22 24 38 43 16 86 63 54 66 90 72 41 27 46 77 67 32 4 38 73 73 44 31 49 79 89 67 59 70 93
47 40 27 34 53 37 23 72 25 38 8 43 73 20 60 43 53 32 48 5 86 45 23 40 55 50 8 78 27 35 0 43 77 21 39 45 47 64 77 49 52 34 45 73 105 40 7 31 65 100 46 25 39 69 103 66 53 60 83 112 90 81 86 103 127
15 25 69 33 23 43 29 46 31 15 41 3 36 25 19 29 30 54 11 42 53 19 65 23 21 23 47 48 34 11 43 0 38 23 11 29 31 43 38 16 94 73 65 75 96 77 49 37 52 81 68 34 9 38 73 70 38 20 42 75 83 58 48 61 86
30 41 101 70 26 80 56 28 56 39 72 40 4 62 20 41 32 75 30 74 21 33 98 58 22 54 82 22 58 43 77 38 0 59 38 39 39 33 4 28 127 101 81 74 81 113 83 57 46 58 105 71 39 18 40 104 70 36 11 37 110 79 51 38 52
30 28 47 23 38 31 17 60 22 23 20 23 56 4 41 33 41 41 30 20 71 30 43 23 39 31 24 65 25 17 21 23 59 0 22 35 37 53 59 33 71 52 54 74 102 55 27 30 59 92 51 17 21 55 89 61 38 40 65 96 81 65 66 83 109
9 14 64 39 16 49 21 39 22 4 35 14 35 26 22 19 21 45 9 37 49 10 61 31 17 33 45 43 25 6 39 11 38 22 0 19 20 34 38 11 90 66 55 64 87 76 46 27 43 73 72 37 3 33 68 78 47 30 44 74 92 69 58 66 89
17 7 67 55 14 65 23 27 21 16 39 32 35 39 31 3 9 36 21 42 42 12 64 49 20 52 52 34 21 22 45 29 39 35 19 0 2 19 41 17 93 64 43 46 69 85 51 19 25 57 85 51 21 26 58 94 66 46 48 70 110 87 73 74 90
18 9 68 57 14 66 24 26 22 17 40 33 35 40 32 4 8 37 23 43 42 13 65 51 20 53 54 33 22 24 47 31 39 37 20 2 0 18 41 18 94 65 43 45 67 86 52 20 23 56 87 53 23 25 57 96 67 47 48 70 112 88 74 74 90
28 25 83 72 20 82 41 10 39 32 57 45 30 57 36 21 14 49 32 60 28 25 81 65 24 65 71 19 38 38 64 43 33 53 34 19 18 0 37 27 110 79 52 41 55 103 69 35 13 39 103 69 36 16 40 111 80 54 43 57 125 98 78 71 80
31 43 102 69 28 79 57 31 58 40 73 39 7 62 19 43 34 77 30 75 24 34 99 57 23 52 83 26 59 43 77 38 4 59 38 41 41 37 0 29 128 103 84 77 85 113 84 59 49 61 104 71 39 21 43 102 68 34 8 38 108 76 48 35 51
3 16 74 48 7 58 29 30 30 12 45 19 25 36 15 19 15 50 6 47 39 7 71 39 6 39 55 33 32 16 49 16 28 33 11 17 18 27 29 0 100 75 59 62 81 87 56 32 38 65 82 47 12 23 58 86 54 29 35 64 98 72 56 59 79
98 88 27 75 103 71 72 119 73 89 56 94 124 69 111 91 101 64 99 54 135 95 30 86 106 96 47 127 73 86 52 94 127 71 90 93 94 110 128 100 0 35 70 104 139 29 45 75 108 142 57 67 90 119 150 86 92 110 134 162 114 119 133 153 178
72 60 16 66 75 68 46 88 45 63 33 74 97 53 87 61 72 31 75 33 105 69 19 73 80 83 35 96 44 63 34 73 101 52 66 64 65 79 103 75 35 0 35 70 104 45 29 45 75 108 67 57 66 89 118 92 85 92 109 134 119 113 118 132 153
58 44 47 75 57 80 38 62 35 51 38 67 77 56 73 42 50 14 62 41 80 53 48 76 62 83 51 71 31 54 45 65 81 54 55 43 43 52 84 59 70 35 0 35 70 75 45 28 45 75 90 66 56 66 89 110 92 84 91 109 133 118 112 117 131
62 51 81 96 57 104 57 47 53 60 65 77 70 77 74 46 48 43 67 68 64 57 81 93 62 97 80 55 50 66 73 75 74 74 64 46 45 41 77 62 104 70 35 0 35 108 75 45 28 45 119 89 66 56 66 134 109 91 84 90 153 132 117 111 116
82 75 115 123 75 132 86 55 82 84 97 99 79 106 90 70 67 77 87 100 64 78 115 117 79 119 112 59 80 90 105 96 81 102 87 69 67 55 85 81 139 104 70 35 0 142 108 75 45 28 150 118 89 66 55 162 134 109 90 83 178 153 131 116 110
84 79 30 51 91 46 62 111 65 76 47 76 111 52 95 82 92 65 84 44 125 83 28 64 93 73 33 117 66 72 40 77 113 55 76 85 86 103 113 87 29 45 75 108 142 0 35 70 104 139 29 45 75 108 142 57 67 90 119 150 86 92 110 134 162
53 45 20 38 59 40 28 77 30 44 12 49 80 26 66 48 58 33 54 10 92 51 16 46 61 55 7 84 31 41 7 49 83 27 46 51 52 69 84 56 45 29 45 75 108 35 0 35 70 104 45 29 45 75 108 67 57 66 89 118 92 85 92 109 134
30 17 49 52 32 59 13 44 8 23 24 39 53 33 46 17 27 19 34 27 61 26 47 50 36 56 38 52 5 27 31 37 57 30 27 19 20 35 59 32 75 45 28 45 75 70 35 0 35 70 75 45 28 45 75 90 66 56 66 89 110 92 84 91 109
38 31 82 79 31 89 44 20 41 40 58 55 42 62 48 26 23 45 43 61 38 34 80 73 36 75 73 28 39 46 65 52 46 59 43 25 23 13 49 38 108 75 45 28 45 104 70 35 0 35 108 75 45 28 45 119 89 66 56 66 134 109 91 84 90
66 64 116 111 58 121 78 36 75 71 93 83 56 95 70 59 52 78 70 96 39 64 115 103 61 103 107 36 74 77 100 81 58 92 73 57 56 39 61 65 142 108 75 45 28 139 104 70 35 0 142 108 75 45 28 150 118 89 66 55 162 134 109 90 83
79 78 52 36 87 27 65 110 68 72 54 66 103 47 86 83 91 78 77 51 120 80 48 49 87 57 40 114 71 67 46 68 105 51 72 85 87 103 104 82 57 67 90 119 150 29 45 75 108 142 0 35 70 104 139 29 45 75 108 142 57 67 90 119 150
45 45 47 10 53 15 33 75 37 38 29 32 69 13 52 50 56 53 43 27 86 46 42 19 53 30 23 80 40 32 25 34 71 17 37 51 53 69 71 47 67 57 66 89 118 45 29 45 75 108 35 0 35 70 104 45 29 45 75 108 67 57 66 89 118
10 16 64 37 18 47 21 41 23 6 35 12 36 24 22 21 23 46 9 37 51 12 61 29 18 31 44 45 26 4 39 9 39 21 3 21 23 36 39 12 90 66 56 66 89 75 45 28 45 75 70 35 0 35 70 75 45 28 45 75 90 66 56 66 89
25 31 92 71 18 81 47 11 46 33 64 41 15 58 26 29 18 61 28 66 17 25 89 61 18 59 76 11 46 38 69 38 18 55 33 26 25 16 21 23 119 89 66 56 66 108 75 45 28 45 104 70 35 0 35 108 75 45 28 45 119 89 66 56 66
60 64 123 105 52 115 80 31 78 67 96 75 40 93 57 60 50 88 62 99 20 60 121 95 52 92 109 25 78 73 103 73 40 89 68 58 57 40 43 58 150 118 89 66 55 142 108 75 45 28 139 104 70 35 0 142 108 75 45 28 150 118 89 66 55
84 88 78 40 92 31 78 115 82 80 72 68 103 58 85 93 98 97 81 70 122 87 74 48 91 51 61 118 85 73 66 70 104 61 78 94 96 111 102 86 86 92 110 134 162 57 67 90 119 150 29 45 75 108 142 0 35 70 104 139 29 45 75 108 142
53 60 75 20 61 22 55 83 59 50 56 35 69 36 51 65 67 79 49 55 88 56 70 17 58 17 51 85 62 44 53 38 70 38 47 66 67 80 68 54 92 85 92 109 134 67 57 66 89 118 45 29 45 75 108 35 0 35 70 104 45 29 45 75 108
30 43 86 40 35 49 48 55 51 34 59 19 36 41 20 46 44 74 25 60 55 35 82 27 31 20 63 54 54 31 60 20 36 40 30 46 47 54 34 29 110 92 84 91 109 90 66 56 66 89 75 45 28 45 75 70 35 0 35 70 75 45 28 45 75
38 50 108 73 35 82 64 37 64 47 79 43 14 67 24 50 41 84 36 81 27 41 105 60 30 54 88 31 66 49 83 42 11 65 44 48 48 43 8 35 134 109 91 84 90 119 89 66 56 66 108 75 45 28 45 104 70 35 0 35 108 75 45 28 45
66 75 136 107 60 116 91 47 90 75 107 76 40 98 56 73 62 105 66 109 29 68 133 94 58 89 118 39 91 79 112 75 37 96 74 70 70 57 38 64 162 134 109 90 83 150 118 89 66 55 142 108 75 45 28 139 104 70 35 0 142 108 75 45 28
97 104 106 59 105 53 98 127 102 95 95 80 110 78 94 110 112 120 93 93 130 101 101 62 102 60 86 128 105 89 90 83 110 81 92 110 112 125 108 98 114 119 133 153 178 86 92 110 134 162 57 67 90 119 150 29 45 75 108 142 0 35 70 104 139
72 82 103 48 79 48 80 99 84 72 84 55 80 63 64 87 87 105 67 83 99 76 98 43 75 36 79 98 88 67 81 58 79 65 69 87 88 98 76 72 119 113 118 132 153 92 85 92 109 134 67 57 66 89 118 45 29 45 75 108 35 0 35 70 104
57 70 111 59 61 65 76 76 79 62 86 46 53 66 44 74 70 101 52 86 71 62 107 48 56 37 87 73 82 59 86 48 51 66 58 73 74 78 48 56 133 118 112 117 131 110 92 84 91 109 90 66 56 66 89 75 45 28 45 75 70 35 0 35 70
61 75 129 84 61 93 87 65 88 69 101 60 42 85 45 76 68 109 58 102 52 65 125 72 55 63 107 58 90 70 103 61 38 83 66 74 74 71 35 59 153 132 117 111 116 134 109 91 84 90 119 89 66 56 66 108 75 45 28 45 104 70 35 0 35
82 93 153 115 78 124 108 71 108 91 123 87 56 111 68 92 82 126 80 125 53 84 149 102 74 94 132 62 109 93 127 86 52 109 89 90 90 80 51 79 178 153 131 116 110 162 134 109 90 83 150 118 89 66 55 142 108 75 45 28 139 104 70 35 0
