0 77 8 56 39 29 55 65 53 18 22 20 14 50 14 21 64 37 22 30 19 45 12 59 29 37 21 66 49 11 32 23 26 56 48 9 46 17 19 31 119 105 92 80 71 65 64 67 75 85 112 97 83 70 59 52 50 54 63 75 106 90 75 60 48 39 36 42 53 67 103 86 69 53 38 26 23 31 45 61 100 83 66 49 32 16 9 23 40 57 100 83 66 49 32 15 8 23 40 57 102 85 69 52 37 24 21 30 44 60 106 90 74 59 46 37 35 40 52 66 111 96 81 68 57 50 48 53 62 74 118 104 90 79 69 64 62 66 73 83
77 0 83 22 104 98 26 19 48 60 70 60 76 39 80 59 48 55 93 58 95 33 88 20 104 109 68 16 52 66 46 55 58 41 30 73 33 65 82 51 50 43 42 49 59 73 87 103 119 135 39 29 29 37 51 66 82 98 115 132 31 17 15 28 45 61 78 95 113 130 28 10 8 25 43 60 77 95 112 129 32 19 18 30 45 62 79 96 113 130 41 32 31 39 52 67 83 99 116 132 52 45 45 51 61 74 89 104 120 136 65 59 59 63 72 83 96 111 126 141 78 73 73 77 84 94 105 118 133 147 91 87 87 90 96 105 115 127 141 155
8 83 0 62 33 22 61 71 57 25 28 25 14 55 12 28 67 40 21 37 13 51 8 65 22 30 27 72 52 18 38 29 30 60 54 12 52 21 23 38 124 110 96 84 73 66 63 64 70 79 118 102 88 74 62 53 49 51 58 69 113 96 81 65 52 40 35 38 47 60 109 92 76 59 43 29 21 26 38 54 107 90 73 56 39 22 8 16 33 50 107 90 73 56 39 22 8 17 33 50 109 92 76 59 44 30 22 26 39 54 113 97 81 66 52 41 36 38 48 61 118 103 88 74 62 53 49 51 59 69 125 110 96 84 74 67 63 65 70 80
56 22 62 0 83 77 7 12 32 39 52 39 54 21 59 39 36 35 74 41 74 11 67 5 83 87 49 12 34 45 24 34 37 26 8 52 12 43 63 33 66 54 46 44 49 58 71 85 100 116 57 43 33 30 37 49 63 79 95 112 51 35 21 16 26 42 58 75 92 109 49 32 14 4 21 39 56 73 91 108 51 34 19 14 25 41 57 74 91 109 56 42 31 28 34 47 62 78 94 111 64 52 44 42 46 56 69 84 99 115 74 64 57 56 59 67 78 91 106 121 85 77 71 70 73 79 89 100 114 128 97 90 85 84 86 92 100 110 122 136
39 104 33 83 0 12 80 88 65 54 61 46 31 68 28 58 73 51 48 68 33 72 35 85 24 13 59 90 60 46 61 52 47 71 75 36 72 42 54 67 138 121 105 89 74 61 49 42 41 48 134 117 100 84 68 52 38 29 28 37 132 115 98 81 63 47 30 16 15 28 131 114 97 80 62 45 28 10 8 25 132 115 98 81 64 47 32 18 17 29 135 118 101 85 69 54 40 31 30 38 138 122 106 90 76 62 51 44 44 50 143 128 112 98 84 72 63 58 57 62 150 135 120 107 94 84 76 71 71 75 157 142 129 116 105 96 89 85 85 88
29 98 22 77 12 0 74 83 63 45 50 39 23 64 19 49 72 47 37 58 22 66 24 79 15 11 49 85 57 37 54 45 41 68 69 27 66 35 43 58 135 119 103 89 75 63 54 50 52 59 130 114 97 82 66 53 42 36 39 48 127 110 93 76 60 44 31 23 26 39 125 108 91 74 56 39 23 9 17 33 125 108 91 73 56 39 22 7 16 32 127 110 93 76 59 43 29 20 24 37 130 113 97 81 65 51 40 34 37 46 134 118 102 87 73 61 52 48 50 57 140 124 110 96 83 73 65 62 63 69 146 132 118 105 94 85 78 75 76 81
55 26 61 7 80 74 0 10 26 40 54 37 52 15 56 40 30 30 74 44 73 10 67 6 81 84 51 12 28 45 24 32 34 20 8 50 9 41 64 35 65 52 42 38 42 52 65 79 95 111 58 43 30 24 30 42 57 74 90 107 53 37 20 10 20 36 53 70 87 105 53 35 18 5 18 35 53 70 87 104 56 40 26 19 26 40 55 72 89 106 62 48 37 33 37 48 62 77 93 109 71 59 50 47 50 58 70 84 98 114 81 71 64 61 63 70 80 92 106 120 92 83 77 75 77 83 91 102 114 128 104 96 91 89 91 95 103 112 124 136
65 19 71 12 88 83 10 0 30 49 63 47 61 21 66 50 30 38 84 52 83 20 77 8 91 94 60 3 33 55 34 42 43 22 18 60 19 51 74 44 55 43 35 34 42 55 69 85 101 117 48 33 21 21 32 47 64 80 97 114 44 27 10 10 27 44 61 78 96 113 45 28 13 13 28 45 62 79 96 113 50 36 26 26 35 50 65 82 98 115 58 46 39 39 46 58 72 87 103 119 68 59 53 53 58 68 80 94 108 124 80 72 67 67 71 79 89 102 116 130 92 85 81 81 84 91 100 111 124 138 105 98 95 95 98 104 112 122 133 146
53 48 57 32 65 63 26 30 0 45 62 35 44 12 48 48 11 17 75 56 69 27 64 31 73 73 59 32 6 46 31 34 28 8 28 46 25 37 69 48 73 57 41 27 21 27 40 56 72 89 71 53 36 19 7 18 35 52 69 87 71 54 37 20 8 19 35 52 70 87 74 57 42 29 22 28 41 56 73 89 79 64 51 41 36 40 50 63 78 94 87 73 62 54 50 53 61 72 85 100 96 84 74 67 64 66 73 82 94 107 106 95 86 81 78 80 85 93 104 116 117 107 99 94 92 94 98 105 115 126 128 119 113 108 107 108 111 118 126 136
18 60 25 39 54 45 40 49 45 0 18 14 24 38 27 5 55 31 35 16 36 30 30 43 47 54 14 50 41 9 16 12 20 46 32 18 31 16 25 13 104 91 79 70 64 63 67 74 84 97 96 82 68 58 51 49 54 63 75 89 90 74 59 46 37 35 41 53 67 82 85 68 52 37 25 22 31 45 61 77 83 65 48 31 15 9 23 40 57 75 83 65 48 31 15 9 24 40 58 75 85 68 52 37 25 22 31 45 61 77 90 74 60 47 38 36 42 53 67 82 96 82 69 58 51 50 54 63 75 89 104 91 80 71 65 64 67 75 85 97
22 70 28 52 61 50 54 63 62 18 0 30 34 55 36 15 72 48 26 13 34 44 28 56 47 57 4 63 58 20 32 29 37 62 46 28 46 30 13 20 117 105 95 87 82 80 82 87 96 106 108 95 83 74 68 66 69 75 85 97 100 86 73 62 54 52 55 63 75 88 93 78 63 50 41 38 43 53 66 81 88 72 56 41 29 24 31 44 59 75 86 69 52 35 19 10 22 38 55 72 85 68 51 34 17 5 20 37 54 72 87 70 54 38 24 19 27 41 57 74 91 75 60 47 36 33 38 49 63 78 97 82 69 57 49 47 50 59 71 85
20 60 25 39 46 39 37 47 35 14 30 0 16 31 20 18 45 19 41 29 37 28 31 42 45 49 27 48 30 12 15 6 8 37 31 14 28 5 35 24 100 86 73 61 53 50 53 61 73 86 94 78 64 50 40 37 41 51 64 79 89 73 57 41 28 23 29 42 57 73 87 70 53 36 19 9 20 36 53 71 87 70 52 35 18 6 19 36 53 70 89 72 56 40 27 20 27 41 56 73 93 77 62 49 38 34 38 49 63 78 99 84 71 59 51 48 51 59 71 85 107 93 81 71 65 62 64 71 81 93 116 103 92 84 78 76 78 83 92 103
14 76 14 54 31 23 52 61 44 24 34 16 0 43 5 28 55 28 34 39 25 44 21 57 30 33 32 63 39 17 31 22 19 49 46 7 43 12 33 37 114 99 84 71 60 53 50 54 62 74 109 92 77 62 49 40 36 41 52 65 105 88 71 55 40 27 23 30 43 59 103 85 68 51 34 18 9 21 38 55 102 85 68 51 34 17 7 21 38 55 104 87 71 54 39 25 20 28 42 58 108 92 76 61 47 37 34 39 50 64 113 98 83 70 58 50 48 52 60 72 120 105 92 80 70 64 62 65 72 82 128 114 102 91 83 77 76 78 84 93
50 39 55 21 68 64 15 21 12 38 55 31 43 0 48 40 19 18 71 47 67 16 61 21 73 75 52 24 13 41 23 28 25 8 17 43 14 34 63 39 71 56 42 32 30 38 50 65 80 97 66 50 34 20 17 28 43 60 76 93 65 47 30 13 6 23 40 58 75 92 66 49 33 18 14 26 42 59 76 93 70 54 40 30 28 35 48 63 79 96 77 63 51 43 41 47 57 70 85 101 85 73 63 57 55 59 68 79 92 107 95 84 75 70 69 73 80 89 101 115 106 96 89 84 83 86 92 100 111 123 117 108 102 98 97 100 105 112 122 133
14 80 12 59 28 19 56 66 48 27 36 20 5 48 0 31 58 32 32 41 22 48 18 61 26 29 34 67 43 19 35 26 23 53 51 9 48 16 33 40 118 103 89 75 64 55 52 54 61 71 113 97 81 66 53 42 38 40 50 62 109 92 76 59 44 31 24 28 40 55 107 90 73 55 38 22 10 18 34 51 107 89 72 55 38 21 6 16 33 50 108 91 74 58 42 27 19 24 38 53 111 95 79 64 50 38 33 36 46 60 116 101 86 72 60 51 47 49 57 68 123 108 94 82 71 64 61 62 68 78 130 117 104 93 83 77 74 76 81 89
21 59 28 39 58 49 40 50 48 5 15 18 28 40 31 0 58 34 35 11 38 30 32 43 50 58 12 50 45 13 18 16 24 48 33 23 32 20 25 10 104 92 81 72 68 67 71 79 89 101 96 82 69 60 54 53 58 67 79 93 89 73 59 48 40 40 46 57 71 86 83 67 51 37 27 26 35 49 65 81 80 63 46 30 15 13 27 44 61 78 80 62 45 28 11 9 26 43 60 77 81 65 48 33 21 20 31 46 62 79 86 70 55 42 33 33 40 53 68 83 92 77 64 54 47 47 52 62 75 89 100 86 75 66 61 60 65 73 84 97
64 48 67 36 73 72 30 30 11 55 72 45 55 19 58 58 0 28 86 65 79 34 74 34 83 82 69 33 16 56 41 44 39 11 34 56 32 47 79 57 66 49 32 17 13 26 42 59 76 93 65 47 30 13 6 23 40 58 75 92 67 50 34 21 18 28 44 60 77 94 72 57 43 34 32 39 51 65 81 97 79 65 54 47 46 50 60 73 87 102 88 76 67 61 60 63 71 82 95 109 98 87 79 74 73 77 83 93 104 117 109 100 93 88 87 90 96 104 114 126 121 112 106 102 101 104 108 116 125 136 133 125 120 116 115 117 122 128 136 146
37 55 40 35 51 47 30 38 17 31 48 19 28 18 32 34 28 0 58 44 52 26 47 36 57 57 44 40 12 30 21 19 12 22 28 29 24 20 53 37 88 72 57 44 35 33 40 52 66 82 84 67 51 35 23 20 30 45 61 77 82 64 47 30 13 8 24 41 58 75 82 65 48 31 16 11 25 42 59 76 85 69 53 38 27 24 33 47 62 79 90 75 60 48 40 38 44 55 69 84 97 83 70 60 53 52 56 65 77 91 105 92 81 72 67 66 69 77 87 99 114 103 93 85 81 80 83 89 98 109 125 114 105 98 95 94 96 101 109 119
22 93 21 74 48 37 74 84 75 35 26 41 34 71 32 35 86 58 0 38 15 64 15 78 27 40 27 84 70 30 51 44 48 78 67 31 65 39 13 44 138 125 113 102 93 86 83 84 88 95 130 116 103 91 81 73 70 70 75 83 123 108 94 80 69 60 56 56 62 72 118 102 86 71 58 48 42 43 50 62 113 97 80 64 49 36 28 30 40 54 111 94 77 60 43 27 15 18 32 48 110 93 75 58 41 24 6 12 29 47 111 94 77 60 43 28 16 19 33 49 114 97 81 65 50 37 29 31 41 55 118 102 87 72 59 49 43 44 51 63
30 58 37 41 68 58 44 52 56 16 13 29 39 47 41 11 65 44 38 0 45 34 39 45 57 66 12 52 53 23 25 26 35 55 36 33 36 31 26 9 106 94 85 79 76 77 82 90 100 112 96 83 73 65 62 63 69 78 90 103 87 73 61 52 48 50 57 68 81 96 80 65 51 40 34 36 46 59 74 90 76 59 43 29 20 24 37 53 69 86 73 56 39 22 7 15 32 49 67 84 74 56 39 23 10 17 33 50 67 84 77 60 45 31 23 27 39 54 70 87 82 67 53 43 37 40 49 61 76 91 89 76 64 55 51 53 60 70 83 98
19 95 13 74 33 22 73 83 69 36 34 37 25 67 22 38 79 52 15 45 0 64 7 77 13 25 34 84 64 29 50 41 42 73 66 24 64 33 24 48 137 122 108 96 85 76 71 70 73 80 130 115 100 86 74 64 58 56 60 68 125 109 93 78 64 52 44 42 47 57 121 104 87 71 56 42 31 29 36 48 118 101 84 67 50 34 20 15 26 42 117 100 83 65 48 31 13 5 22 40 118 101 84 67 50 34 19 15 26 42 120 104 87 71 55 41 31 28 35 48 124 108 93 78 64 52 44 42 47 57 130 114 100 86 73 64 57 56 60 68
45 33 51 11 72 66 10 20 27 30 44 28 44 16 48 30 34 26 64 34 64 0 57 14 72 76 41 21 27 35 14 23 26 23 3 41 3 32 54 26 75 62 52 46 46 53 64 77 91 107 67 52 40 32 33 42 55 70 85 102 62 45 30 19 20 33 48 65 82 99 60 42 25 8 11 28 45 63 80 97 61 44 28 14 16 30 47 64 81 98 65 50 36 27 28 38 52 68 84 100 72 58 47 41 41 49 60 74 89 105 81 69 60 55 55 61 70 82 96 111 91 80 73 69 69 73 81 92 104 118 102 93 86 83 83 86 93 103 114 126
12 88 8 67 35 24 67 77 64 30 28 31 21 61 18 32 74 47 15 39 7 57 0 71 19 30 28 78 59 23 44 35 37 67 60 19 58 28 20 41 131 116 103 91 81 73 69 70 74 82 124 109 94 81 69 60 55 56 62 71 118 102 87 72 58 48 42 42 50 61 114 97 81 65 50 36 28 29 39 53 112 94 77 60 44 28 15 17 31 48 111 93 76 59 42 24 7 11 29 46 112 95 78 61 44 29 17 19 32 48 115 98 82 66 51 38 30 31 41 54 119 103 88 73 60 49 44 44 51 63 125 110 95 82 71 62 57 58 63 73
59 20 65 5 85 79 6 8 31 43 56 42 57 21 61 43 34 36 78 45 77 14 71 0 86 90 53 8 34 49 28 37 39 25 11 55 14 46 67 37 62 50 42 41 46 57 70 85 101 117 54 39 29 27 35 48 63 80 96 113 48 32 17 13 26 42 59 76 93 111 47 30 12 7 24 41 58 75 93 110 50 34 21 18 29 44 60 77 94 111 56 43 33 32 39 51 66 81 98 114 65 54 47 46 51 61 73 87 103 119 76 66 61 60 64 72 83 95 109 124 87 79 75 74 77 84 93 105 117 131 100 93 89 88 90 96 104 115 127 140
29 104 22 83 24 15 81 91 73 47 47 45 30 73 26 50 83 57 27 57 13 72 19 86 0 13 46 92 68 39 59 50 48 78 75 32 72 41 37 59 144 128 114 100 87 76 68 64 64 69 138 122 106 91 77 65 56 50 51 57 134 117 101 85 69 55 44 37 37 45 130 113 97 80 63 47 33 23 24 36 129 112 94 77 60 43 26 11 13 29 129 111 94 77 60 42 25 10 12 29 130 113 96 79 63 47 32 21 23 34 133 116 100 84 68 54 42 35 36 44 137 121 106 90 76 64 54 48 49 55 143 127 113 99 86 75 66 62 62 67
37 109 30 87 13 11 84 94 73 54 57 49 33 75 29 58 82 57 40 66 25 76 30 90 13 0 56 95 67 46 64 55 51 79 79 37 76 45 49 67 145 129 113 98 84 71 61 54 52 56 140 124 108 92 76 62 49 41 39 44 137 120 103 87 70 54 40 28 25 33 135 118 101 84 67 50 33 18 12 24 135 118 100 83 66 49 31 14 6 22 136 119 102 85 68 51 36 22 18 28 139 122 105 89 73 58 44 34 32 38 142 126 110 95 80 66 55 47 45 50 148 132 117 102 88 76 67 60 59 62 154 139 124 111 98 87 79 74 73 75
21 68 27 49 59 49 51 60 59 14 4 27 32 52 34 12 69 44 27 12 34 41 28 53 46 56 0 60 55 17 29 26 34 59 43 26 43 28 15 18 115 102 92 84 78 77 79 85 94 105 105 92 80 71 65 63 66 73 83 95 98 83 70 59 51 49 53 61 73 87 91 76 61 48 38 35 40 51 65 80 87 70 54 39 26 21 29 43 59 75 85 67 50 33 17 7 21 38 55 73 85 68 50 33 17 8 22 38 55 73 87 71 54 39 27 22 30 43 59 75 92 76 61 48 39 36 41 52 65 80 98 84 71 60 52 50 54 62 74 87
66 16 72 12 90 85 12 3 32 50 63 48 63 24 67 50 33 40 84 52 84 21 78 8 92 95 60 0 36 56 35 43 45 25 18 61 20 52 74 44 55 43 36 37 45 57 72 87 104 120 47 32 22 24 35 50 66 83 100 117 42 25 10 13 29 46 63 81 98 115 42 26 11 14 29 46 63 81 98 115 47 33 23 25 36 51 67 83 100 117 55 44 37 38 46 58 72 88 104 120 65 56 51 51 58 68 80 94 109 125 77 69 65 65 70 79 90 102 116 131 89 82 79 79 83 90 100 112 125 138 102 96 93 93 97 103 111 122 134 147
49 52 52 34 60 57 28 33 6 41 58 30 39 13 43 45 16 12 70 53 64 27 59 34 68 67 55 36 0 41 29 30 23 13 29 41 25 32 64 45 79 62 47 33 24 26 37 52 68 85 76 59 42 25 11 15 31 48 65 82 75 58 41 24 8 13 30 47 64 82 78 61 45 30 21 23 35 51 67 84 82 67 53 41 34 36 45 58 72 88 89 75 63 53 48 49 56 67 80 94 98 85 74 66 62 63 68 77 89 102 107 96 86 79 76 77 81 89 99 111 118 107 99 93 90 90 94 101 110 120 129 119 112 107 104 104 107 113 121 131
11 66 18 45 46 37 45 55 46 9 20 12 17 41 19 13 56 30 30 23 29 35 23 49 39 46 17 56 41 0 22 14 19 48 38 11 36 11 23 21 109 95 83 72 65 61 63 69 78 90 102 87 73 61 52 47 49 57 68 81 96 80 65 51 39 33 36 46 59 74 92 75 59 43 28 20 24 37 53 69 90 73 56 39 22 6 15 32 49 67 91 73 56 39 23 10 17 33 50 67 93 77 60 45 31 24 28 39 54 70 98 82 67 53 43 38 40 49 62 76 104 89 76 64 56 52 53 60 71 84 112 98 86 76 69 65 67 72 81 93
32 46 38 24 61 54 24 34 31 16 32 15 31 23 35 18 41 21 51 25 50 14 44 28 59 64 29 35 29 22 0 10 16 31 17 28 15 20 41 17 88 75 63 55 51 53 61 72 85 99 81 66 53 42 37 40 50 62 77 93 75 59 44 30 23 28 40 55 71 88 72 55 38 22 10 18 34 51 68 85 72 55 37 20 6 17 34 51 68 85 74 58 42 28 20 25 38 54 70 87 79 64 50 39 34 37 47 60 75 91 86 72 60 52 48 50 58 69 82 97 95 82 72 65 62 63 70 79 91 104 105 93 84 78 76 77 82 90 101 113
23 55 29 34 52 45 32 42 34 12 29 6 22 28 26 16 44 19 44 26 41 23 35 37 50 55 26 43 30 14 10 0 10 35 26 19 23 11 36 19 96 82 70 59 53 52 57 66 78 91 89 74 60 48 40 38 44 56 69 84 84 68 52 37 26 25 34 47 63 79 81 64 47 31 15 12 26 42 59 76 81 64 47 29 13 8 24 41 59 76 83 66 50 35 22 20 30 45 61 78 87 72 57 44 35 34 40 52 67 82 94 79 66 55 48 47 52 62 75 89 101 88 77 68 62 61 65 73 84 97 111 99 88 80 76 75 78 85 94 106
26 58 30 37 47 41 34 43 28 20 37 8 19 25 23 24 39 12 48 35 42 26 37 39 48 51 34 45 23 19 16 10 0 31 29 18 25 9 42 29 96 81 67 55 46 44 48 57 69 83 90 74 59 44 34 30 35 47 62 77 87 70 53 37 22 16 25 40 56 73 85 68 51 33 16 3 20 37 54 72 86 69 52 36 21 13 23 39 56 73 89 73 57 43 31 27 33 46 60 76 95 79 65 53 44 41 45 55 68 82 102 88 75 64 57 55 58 66 77 90 110 97 86 77 71 69 71 78 87 99 119 108 97 90 85 83 85 90 98 109
56 41 60 26 71 68 20 22 8 46 62 37 49 8 53 48 11 22 78 55 73 23 67 25 78 79 59 25 13 48 31 35 31 0 23 49 21 40 70 46 67 51 36 25 23 33 47 63 79 96 64 47 30 14 11 26 42 60 77 94 63 46 29 13 9 25 42 59 77 94 66 50 35 23 22 32 46 62 79 96 72 57 45 36 35 42 54 68 83 99 80 67 56 50 49 54 64 76 90 105 89 78 69 64 63 67 75 86 98 112 100 90 82 78 77 80 87 96 107 120 111 102 95 92 91 94 99 107 118 129 123 115 109 106 105 107 112 119 129 139
48 30 54 8 75 69 8 18 28 32 46 31 46 17 51 33 34 28 67 36 66 3 60 11 75 79 43 18 29 38 17 26 29 23 0 44 5 35 57 27 72 59 50 45 46 54 65 79 94 109 64 50 38 31 33 43 57 72 88 104 59 43 27 17 21 35 51 67 84 101 57 39 22 5 14 31 48 65 83 100 58 41 25 13 18 33 50 66 84 101 63 48 35 27 30 40 55 70 87 103 70 57 46 41 43 51 63 77 92 108 79 68 59 55 56 63 72 85 99 114 89 80 72 69 70 75 83 94 107 121 101 92 86 83 84 88 95 105 116 129
9 73 12 52 36 27 50 60 46 18 28 14 7 43 9 23 56 29 31 33 24 41 19 55 32 37 26 61 41 11 28 19 18 49 44 0 41 10 28 31 113 99 85 73 63 57 56 60 68 80 107 91 76 62 51 43 42 47 58 71 102 86 70 54 40 30 28 36 49 64 100 82 65 49 32 18 15 27 43 59 99 81 64 47 30 12 6 23 41 58 100 83 66 49 33 19 16 28 43 60 103 86 70 55 41 31 30 37 50 65 108 92 77 64 52 45 43 49 59 72 114 99 86 74 64 58 57 61 70 81 122 108 96 85 77 72 71 74 81 91
46 33 52 12 72 66 9 19 25 31 46 28 43 14 48 32 32 24 65 36 64 3 58 14 72 76 43 20 25 36 15 23 25 21 5 41 0 32 55 28 74 61 50 43 44 50 61 75 90 105 67 52 38 30 30 39 53 68 84 100 62 45 29 17 17 31 47 63 80 97 60 43 26 8 10 27 45 62 79 96 62 45 29 17 17 31 47 63 80 97 67 52 38 30 30 39 53 68 84 100 74 60 50 43 44 50 61 75 89 105 83 71 62 57 57 63 72 83 97 111 93 83 75 71 71 75 83 93 105 119 104 95 89 85 85 89 95 104 115 127
17 65 21 43 42 35 41 51 37 16 30 5 12 34 16 20 47 20 39 31 33 32 28 46 41 45 28 52 32 11 20 11 9 40 35 10 32 0 34 27 104 89 76 64 55 51 52 59 70 82 98 82 67 53 42 37 39 48 60 75 94 77 61 45 31 23 26 38 53 69 91 74 57 40 23 10 16 32 49 66 91 74 57 39 22 7 15 32 49 66 93 76 60 44 29 21 24 37 52 69 97 81 66 52 40 34 37 46 59 74 103 88 74 62 53 48 50 57 68 81 110 96 84 73 66 62 63 69 78 90 119 106 95 86 79 76 77 82 90 100
19 82 23 63 54 43 64 74 69 25 13 35 33 63 33 25 79 53 13 26 24 54 20 67 37 49 15 74 64 23 41 36 42 70 57 28 55 34 0 32 128 116 104 95 88 83 83 86 92 101 119 106 93 83 74 70 69 73 80 90 112 97 83 71 62 56 55 60 69 80 106 90 75 61 50 42 42 48 58 72 101 84 68 53 39 29 28 36 50 65 98 81 64 47 31 17 15 28 44 61 97 80 63 45 28 11 8 25 42 59 98 81 65 48 32 19 17 29 45 61 102 85 69 54 41 31 30 38 51 66 107 91 76 63 52 45 44 50 60 73
31 51 38 33 67 58 35 44 48 13 20 24 37 39 40 10 57 37 44 9 48 26 41 37 59 67 18 44 45 21 17 19 29 46 27 31 28 27 32 0 98 86 77 70 68 70 76 85 96 109 88 75 64 57 54 56 63 74 87 101 81 66 53 44 40 43 52 65 79 95 75 59 44 31 26 31 43 58 74 90 71 54 37 22 12 21 36 53 70 87 70 53 36 19 3 18 35 52 69 87 72 56 40 25 17 24 38 55 71 88 77 61 47 36 31 36 46 60 76 92 84 70 58 49 45 48 57 69 82 97 92 80 69 62 59 62 68 78 91 104
119 50 124 66 138 135 65 55 73 104 117 100 114 71 118 104 66 88 138 106 137 75 131 62 144 145 115 55 79 109 88 96 96 67 72 113 74 104 128 98 0 18 35 52 70 87 104 122 139 156 15 23 38 54 71 88 105 122 140 157 29 34 45 60 75 91 108 125 142 159 43 47 55 68 82 97 113 129 145 162 58 60 67 77 90 104 119 134 150 166 72 74 80 88 99 112 126 140 156 171 86 88 93 100 110 122 134 148 162 177 100 102 106 112 121 132 144 156 170 184 115 116 119 125 133 143 154 166 179 192 129 130 133 138 145 154 164 176 188 201
105 43 110 54 121 119 52 43 57 91 105 86 99 56 103 92 49 72 125 94 122 62 116 50 128 129 102 43 62 95 75 82 81 51 59 99 61 89 116 86 18 0 18 35 52 70 87 104 122 139 23 15 23 38 54 71 88 105 122 140 34 29 34 45 60 75 91 108 125 142 47 43 46 55 67 82 97 112 129 145 60 57 60 67 77 90 104 118 134 150 74 72 73 79 88 99 112 126 140 155 88 86 87 92 100 110 121 134 148 162 102 100 101 105 112 121 131 143 156 170 116 114 115 119 125 133 142 153 165 178 130 128 129 132 138 145 154 164 175 187
92 42 96 46 105 103 42 35 41 79 95 73 84 42 89 81 32 57 113 85 108 52 103 42 114 113 92 36 47 83 63 70 67 36 50 85 50 76 104 77 35 18 0 18 35 52 70 87 104 122 38 23 15 23 38 54 71 88 105 122 45 34 29 34 45 60 75 91 108 125 55 46 43 46 55 67 81 97 112 129 67 60 57 60 67 77 90 104 118 134 80 73 71 73 79 88 99 112 126 140 93 87 85 87 92 99 109 121 134 148 106 101 99 101 105 112 121 131 143 156 119 115 114 115 118 124 132 142 153 165 133 129 128 129 132 137 144 153 163 175
80 49 84 44 89 89 38 34 27 70 87 61 71 32 75 72 17 44 102 79 96 46 91 41 100 98 84 37 33 72 55 59 55 25 45 73 43 64 95 70 52 35 18 0 18 35 52 70 87 104 54 38 23 15 23 38 54 71 88 105 60 45 34 29 33 45 59 75 91 108 68 55 46 43 46 55 67 81 97 112 77 67 60 57 59 66 77 89 103 118 88 79 73 71 73 79 88 99 112 125 100 92 87 85 87 91 99 109 121 134 112 105 101 99 100 105 111 120 131 143 125 119 115 113 114 118 124 132 141 152 138 132 129 127 128 131 137 144 153 163
71 59 73 49 74 75 42 42 21 64 82 53 60 30 64 68 13 35 93 76 85 46 81 46 87 84 78 45 24 65 51 53 46 23 46 63 44 55 88 68 70 52 35 18 0 18 35 52 70 87 71 54 38 23 15 23 38 54 71 88 75 60 45 33 29 33 45 59 75 91 82 67 55 46 43 46 55 67 81 96 90 77 67 59 57 59 66 77 89 103 99 88 79 73 71 73 78 87 99 111 110 100 92 87 85 86 91 99 109 120 121 112 105 100 99 100 104 111 120 130 133 125 118 114 113 114 117 123 131 141 145 138 132 128 127 127 131 136 143 152
65 73 66 58 61 63 52 55 27 63 80 50 53 38 55 67 26 33 86 77 76 53 73 57 76 71 77 57 26 61 53 52 44 33 54 57 50 51 83 70 87 70 52 35 18 0 18 35 52 70 88 71 54 38 23 14 23 38 54 71 91 75 60 45 33 28 33 45 59 75 97 82 67 55 46 42 46 55 67 81 104 90 77 66 59 56 59 66 76 89 112 99 88 79 73 70 72 78 87 98 122 110 99 91 86 84 86 91 98 108 132 121 112 105 100 98 99 104 110 119 143 133 124 118 114 112 113 117 123 131 154 145 137 131 127 126 127 130 135 143
64 87 63 71 49 54 65 69 40 67 82 53 50 50 52 71 42 40 83 82 71 64 69 70 68 61 79 72 37 63 61 57 48 47 65 56 61 52 83 76 104 87 70 52 35 18 0 18 35 52 105 88 71 54 38 23 14 23 38 54 108 91 75 59 45 33 28 33 45 59 113 97 81 67 55 46 42 46 54 67 119 104 90 77 66 59 56 59 66 76 126 112 99 88 78 72 70 72 78 87 134 121 109 99 91 86 84 85 90 98 144 131 121 111 104 99 98 99 103 110 154 142 132 124 117 113 112 113 116 122 164 154 144 137 131 127 125 126 130 135
67 103 64 85 42 50 79 85 56 74 87 61 54 65 54 79 59 52 84 90 70 77 70 85 64 54 85 87 52 69 72 66 57 63 79 60 75 59 86 85 122 104 87 70 52 35 18 0 18 35 122 105 88 71 54 38 23 14 23 38 125 108 91 75 59 45 33 28 33 45 129 112 97 81 67 55 46 42 45 54 134 118 104 89 77 66 59 56 58 65 140 126 112 99 87 78 72 70 72 77 148 134 121 109 99 91 85 83 85 90 156 143 131 120 111 104 99 97 99 103 166 153 142 132 123 117 113 111 112 116 176 164 153 144 136 130 126 125 126 129
75 119 70 100 41 52 95 101 72 84 96 73 62 80 61 89 76 66 88 100 73 91 74 101 64 52 94 104 68 78 85 78 69 79 94 68 90 70 92 96 139 122 104 87 70 52 35 18 0 18 140 122 105 88 71 54 38 23 14 23 142 125 108 91 75 59 45 33 28 33 145 129 112 97 81 67 54 45 42 45 150 134 118 103 89 76 66 58 55 58 156 140 126 112 99 87 78 72 69 71 162 148 134 121 109 98 90 85 83 85 170 156 143 131 120 110 103 99 97 98 179 165 153 141 131 123 116 112 110 112 188 175 163 153 143 135 130 126 124 125
85 135 79 116 48 59 111 117 89 97 106 86 74 97 71 101 93 82 95 112 80 107 82 117 69 56 105 120 85 90 99 91 83 96 109 80 105 82 101 109 156 139 122 104 87 70 52 35 18 0 157 140 122 105 88 71 54 38 23 14 159 142 125 108 91 75 59 45 33 28 162 145 129 112 96 81 67 54 45 42 166 150 134 118 103 89 76 65 58 55 171 155 140 125 111 98 87 77 71 69 177 162 148 134 120 108 98 90 85 83 184 170 156 143 130 119 110 103 98 96 192 178 165 152 141 131 122 116 112 110 201 187 175 163 152 143 135 129 125 124
112 39 118 57 134 130 58 48 71 96 108 94 109 66 113 96 65 84 130 96 130 67 124 54 138 140 105 47 76 102 81 89 90 64 64 107 67 98 119 88 15 23 38 54 71 88 105 122 140 157 0 18 35 52 70 87 104 122 139 156 15 23 38 54 71 88 105 122 140 157 29 34 45 60 75 91 108 125 142 159 43 47 55 68 82 97 113 129 145 162 58 60 67 77 90 104 119 134 150 166 72 74 80 88 99 112 126 140 156 171 86 88 93 100 110 122 134 148 162 177 100 102 106 112 121 132 144 156 170 184 115 116 119 125 133 143 154 166 179 192
97 29 102 43 117 114 43 33 53 82 95 78 92 50 97 82 47 67 116 83 115 52 109 39 122 124 92 32 59 87 66 74 74 47 50 91 52 82 106 75 23 15 23 38 54 71 88 105 122 140 18 0 18 35 52 70 87 104 122 139 23 15 23 38 54 71 88 105 122 140 34 29 34 45 60 75 91 108 125 142 47 43 46 55 67 82 97 112 129 145 60 57 60 67 77 90 104 118 134 150 74 72 73 79 88 99 112 126 140 155 88 86 87 92 100 110 121 134 148 162 102 100 101 105 112 121 131 143 156 170 116 114 115 119 125 133 142 153 165 178
83 29 88 33 100 97 30 21 36 68 83 64 77 34 81 69 30 51 103 73 100 40 94 29 106 108 80 22 42 73 53 60 59 30 38 76 38 67 93 64 38 23 15 23 38 54 71 88 105 122 35 18 0 18 35 52 70 87 104 122 38 23 15 23 38 54 71 88 105 122 45 34 29 34 45 60 75 91 108 125 55 46 43 46 55 67 81 97 112 129 67 60 57 60 67 77 90 104 118 134 80 73 71 73 79 88 99 112 126 140 93 87 85 87 92 99 109 121 134 148 106 101 99 101 105 112 121 131 143 156 119 115 114 115 118 124 132 142 153 165
70 37 74 30 84 82 24 21 19 58 74 50 62 20 66 60 13 35 91 65 86 32 81 27 91 92 71 24 25 61 42 48 44 14 31 62 30 53 83 57 54 38 23 15 23 38 54 71 88 105 52 35 18 0 18 35 52 70 87 104 54 38 23 15 23 38 54 71 88 105 60 45 34 29 33 45 59 75 91 108 68 55 46 43 46 55 67 81 97 112 77 67 60 57 59 66 77 89 103 118 88 79 73 71 73 79 88 99 112 125 100 92 87 85 87 91 99 109 121 134 112 105 101 99 100 105 111 120 131 143 125 119 115 113 114 118 124 132 141 152
59 51 62 37 68 66 30 32 7 51 68 40 49 17 53 54 6 23 81 62 74 33 69 35 77 76 65 35 11 52 37 40 34 11 33 51 30 42 74 54 71 54 38 23 15 23 38 54 71 88 70 52 35 18 0 18 35 52 70 87 71 54 38 23 15 23 38 54 71 88 75 60 45 33 29 33 45 59 75 91 82 67 55 46 43 46 55 67 81 96 90 77 67 59 57 59 66 77 89 103 99 88 79 73 71 73 78 87 99 111 110 100 92 87 85 86 91 99 109 120 121 112 105 100 99 100 104 111 120 130 133 125 118 114 113 114 117 123 131 141
52 66 53 49 52 53 42 47 18 49 66 37 40 28 42 53 23 20 73 63 64 42 60 48 65 62 63 50 15 47 40 38 30 26 43 43 39 37 70 56 88 71 54 38 23 14 23 38 54 71 87 70 52 35 18 0 18 35 52 70 88 71 54 38 23 14 23 38 54 71 91 75 60 45 33 28 33 45 59 75 97 82 67 55 46 42 46 55 67 81 104 90 77 66 59 56 59 66 76 89 112 99 88 79 73 70 72 78 87 98 122 110 99 91 86 84 86 91 98 108 132 121 112 105 100 98 99 104 110 119 143 133 124 118 114 112 113 117 123 131
50 82 49 63 38 42 57 64 35 54 69 41 36 43 38 58 40 30 70 69 58 55 55 63 56 49 66 66 31 49 50 44 35 42 57 42 53 39 69 63 105 88 71 54 38 23 14 23 38 54 104 87 70 52 35 18 0 18 35 52 105 88 71 54 38 23 14 23 38 54 108 91 75 59 45 33 28 33 45 59 113 97 81 67 55 46 42 46 54 67 119 104 90 77 66 59 56 59 66 76 126 112 99 88 78 72 70 72 78 87 134 121 109 99 91 86 84 85 90 98 144 131 121 111 104 99 98 99 103 110 154 142 132 124 117 113 112 113 116 122
54 98 51 79 29 36 74 80 52 63 75 51 41 60 40 67 58 45 70 78 56 70 56 80 50 41 73 83 48 57 62 56 47 60 72 47 68 48 73 74 122 105 88 71 54 38 23 14 23 38 122 104 87 70 52 35 18 0 18 35 122 105 88 71 54 38 23 14 23 38 125 108 91 75 59 45 33 28 33 45 129 112 97 81 67 55 46 42 45 54 134 118 104 89 77 66 59 56 58 65 140 126 112 99 87 78 72 70 72 77 148 134 121 109 99 91 85 83 85 90 156 143 131 120 111 104 99 97 99 103 166 153 142 132 123 117 113 111 112 116
63 115 58 95 28 39 90 97 69 75 85 64 52 76 50 79 75 61 75 90 60 85 62 96 51 39 83 100 65 68 77 69 62 77 88 58 84 60 80 87 140 122 105 88 71 54 38 23 14 23 139 122 104 87 70 52 35 18 0 18 140 122 105 88 71 54 38 23 14 23 142 125 108 91 75 59 45 33 28 33 145 129 112 97 81 67 54 45 42 45 150 134 118 103 89 76 66 58 55 58 156 140 126 112 99 87 78 72 69 71 162 148 134 121 109 98 90 85 83 85 170 156 143 131 120 110 103 99 97 98 179 165 153 141 131 123 116 112 110 112
75 132 69 112 37 48 107 114 87 89 97 79 65 93 62 93 92 77 83 103 68 102 71 113 57 44 95 117 82 81 93 84 77 94 104 71 100 75 90 101 157 140 122 105 88 71 54 38 23 14 156 139 122 104 87 70 52 35 18 0 157 140 122 105 88 71 54 38 23 14 159 142 125 108 91 75 59 45 33 28 162 145 129 112 96 81 67 54 45 42 166 150 134 118 103 89 76 65 58 55 171 155 140 125 111 98 87 77 71 69 177 162 148 134 120 108 98 90 85 83 184 170 156 143 130 119 110 103 98 96 192 178 165 152 141 131 122 116 112 110
106 31 113 51 132 127 53 44 71 90 100 89 105 65 109 89 67 82 123 87 125 62 118 48 134 137 98 42 75 96 75 84 87 63 59 102 62 94 112 81 29 34 45 60 75 91 108 125 142 159 15 23 38 54 71 88 105 122 140 157 0 18 35 52 70 87 104 122 139 156 15 23 38 54 71 88 105 122 140 157 29 34 45 60 75 91 108 125 142 159 43 47 55 68 82 97 113 129 145 162 58 60 67 77 90 104 119 134 150 166 72 74 80 88 99 112 126 140 156 171 86 88 93 100 110 122 134 148 162 177 100 102 106 112 121 132 144 156 170 184
90 17 96 35 115 110 37 27 54 74 86 73 88 47 92 73 50 64 108 73 109 45 102 32 117 120 83 25 58 80 59 68 70 46 43 86 45 77 97 66 34 29 34 45 60 75 91 108 125 142 23 15 23 38 54 71 88 105 122 140 18 0 18 35 52 70 87 104 122 139 23 15 23 38 54 71 88 105 122 140 34 29 34 45 60 75 91 108 125 142 47 43 46 55 67 82 97 112 129 145 60 57 60 67 77 90 104 118 134 150 74 72 73 79 88 99 112 126 140 155 88 86 87 92 100 110 121 134 148 162 102 100 101 105 112 121 131 143 156 170
75 15 81 21 98 93 20 10 37 59 73 57 71 30 76 59 34 47 94 61 93 30 87 17 101 103 70 10 41 65 44 52 53 29 27 70 29 61 83 53 45 34 29 34 45 60 75 91 108 125 38 23 15 23 38 54 71 88 105 122 35 18 0 18 35 52 70 87 104 122 38 23 15 23 38 54 71 88 105 122 45 34 29 34 45 60 75 91 108 125 55 46 43 46 55 67 81 97 112 129 67 60 57 60 67 77 90 104 118 134 80 73 71 73 79 88 99 112 126 140 93 87 85 87 92 99 109 121 134 148 106 101 99 101 105 112 121 131 143 156
60 28 65 16 81 76 10 10 20 46 62 41 55 13 59 48 21 30 80 52 78 19 72 13 85 87 59 13 24 51 30 37 37 13 17 54 17 45 71 44 60 45 34 29 33 45 59 75 91 108 54 38 23 15 23 38 54 71 88 105 52 35 18 0 18 35 52 70 87 104 54 38 23 15 23 38 54 71 88 105 60 45 34 29 33 45 59 75 91 108 68 55 46 43 46 55 67 81 97 112 77 67 60 57 59 66 77 89 103 118 88 79 73 71 73 79 88 99 112 125 100 92 87 85 87 91 99 109 121 134 112 105 101 99 100 105 111 120 131 143
48 45 52 26 63 60 20 27 8 37 54 28 40 6 44 40 18 13 69 48 64 20 58 26 69 70 51 29 8 39 23 26 22 9 21 40 17 31 62 40 75 60 45 33 29 33 45 59 75 91 71 54 38 23 15 23 38 54 71 88 70 52 35 18 0 18 35 52 70 87 71 54 38 23 15 23 38 54 71 88 75 60 45 33 29 33 45 59 75 91 82 67 55 46 43 46 55 67 81 96 90 77 67 59 57 59 66 77 89 103 99 88 79 73 71 73 78 87 99 111 110 100 92 87 85 86 91 99 109 120 121 112 105 100 99 100 104 111 120 130
39 61 40 42 47 44 36 44 19 35 52 23 27 23 31 40 28 8 60 50 52 33 48 42 55 54 49 46 13 33 28 25 16 25 35 30 31 23 56 43 91 75 60 45 33 28 33 45 59 75 88 71 54 38 23 14 23 38 54 71 87 70 52 35 18 0 18 35 52 70 88 71 54 38 23 14 23 38 54 71 91 75 60 45 33 28 33 45 59 75 97 82 67 55 46 42 46 55 67 81 104 90 77 66 59 56 59 66 76 89 112 99 88 79 73 70 72 78 87 98 122 110 99 91 86 84 86 91 98 108 132 121 112 105 100 98 99 104 110 119
36 78 35 58 30 31 53 61 35 41 55 29 23 40 24 46 44 24 56 57 44 48 42 59 44 40 53 63 30 36 40 34 25 42 51 28 47 26 55 52 108 91 75 59 45 33 28 33 45 59 105 88 71 54 38 23 14 23 38 54 104 87 70 52 35 18 0 18 35 52 105 88 71 54 38 23 14 23 38 54 108 91 75 59 45 33 28 33 45 59 113 97 81 67 55 46 42 46 54 67 119 104 90 77 66 59 56 59 66 76 126 112 99 88 78 72 70 72 78 87 134 121 109 99 91 86 84 85 90 98 144 131 121 111 104 99 98 99 103 110
42 95 38 75 16 23 70 78 52 53 63 42 30 58 28 57 60 41 56 68 42 65 42 76 37 28 61 81 47 46 55 47 40 59 67 36 63 38 60 65 125 108 91 75 59 45 33 28 33 45 122 105 88 71 54 38 23 14 23 38 122 104 87 70 52 35 18 0 18 35 122 105 88 71 54 38 23 14 23 38 125 108 91 75 59 45 33 28 33 45 129 112 97 81 67 55 46 42 45 54 134 118 104 89 77 66 59 56 58 65 140 126 112 99 87 78 72 70 72 77 148 134 121 109 99 91 85 83 85 90 156 143 131 120 111 104 99 97 99 103
53 113 47 92 15 26 87 96 70 67 75 57 43 75 40 71 77 58 62 81 47 82 50 93 37 25 73 98 64 59 71 63 56 77 84 49 80 53 69 79 142 125 108 91 75 59 45 33 28 33 140 122 105 88 71 54 38 23 14 23 139 122 104 87 70 52 35 18 0 18 140 122 105 88 71 54 38 23 14 23 142 125 108 91 75 59 45 33 28 33 145 129 112 97 81 67 54 45 42 45 150 134 118 103 89 76 66 58 55 58 156 140 126 112 99 87 78 72 69 71 162 148 134 121 109 98 90 85 83 85 170 156 143 131 120 110 103 99 97 98
67 130 60 109 28 39 105 113 87 82 88 73 59 92 55 86 94 75 72 96 57 99 61 111 45 33 87 115 82 74 88 79 73 94 101 64 97 69 80 95 159 142 125 108 91 75 59 45 33 28 157 140 122 105 88 71 54 38 23 14 156 139 122 104 87 70 52 35 18 0 157 140 122 105 88 71 54 38 23 14 159 142 125 108 91 75 59 45 33 28 162 145 129 112 96 81 67 54 45 42 166 150 134 118 103 89 76 65 58 55 171 155 140 125 111 98 87 77 71 69 177 162 148 134 120 108 98 90 85 83 184 170 156 143 130 119 110 103 98 96
103 28 109 49 131 125 53 45 74 85 93 87 103 66 107 83 72 82 118 80 121 60 114 47 130 135 91 42 78 92 72 81 85 66 57 100 60 91 106 75 43 47 55 68 82 97 113 129 145 162 29 34 45 60 75 91 108 125 142 159 15 23 38 54 71 88 105 122 140 157 0 18 35 52 70 87 104 122 139 156 15 23 38 54 71 88 105 122 140 157 29 34 45 60 75 91 108 125 142 159 43 47 55 68 82 97 113 129 145 162 58 60 67 77 90 104 119 134 150 166 72 74 80 88 99 112 126 140 156 171 86 88 93 100 110 122 134 148 162 177
86 10 92 32 114 108 35 28 57 68 78 70 85 49 90 67 57 65 102 65 104 42 97 30 113 118 76 26 61 75 55 64 68 50 39 82 43 74 90 59 47 43 46 55 67 82 97 112 129 145 34 29 34 45 60 75 91 108 125 142 23 15 23 38 54 71 88 105 122 140 18 0 18 35 52 70 87 104 122 139 23 15 23 38 54 71 88 105 122 140 34 29 34 45 60 75 91 108 125 142 47 43 46 55 67 82 97 112 129 145 60 57 60 67 77 90 104 118 134 150 74 72 73 79 88 99 112 126 140 155 88 86 87 92 100 110 121 134 148 162
69 8 76 14 97 91 18 13 42 52 63 53 68 33 73 51 43 48 86 51 87 25 81 12 97 101 61 11 45 59 38 47 51 35 22 65 26 57 75 44 55 46 43 46 55 67 81 97 112 129 45 34 29 34 45 60 75 91 108 125 38 23 15 23 38 54 71 88 105 122 35 18 0 18 35 52 70 87 104 122 38 23 15 23 38 54 71 88 105 122 45 34 29 34 45 60 75 91 108 125 55 46 43 46 55 67 81 97 112 129 67 60 57 60 67 77 90 104 118 134 80 73 71 73 79 88 99 112 126 140 93 87 85 87 92 99 109 121 134 148
53 25 59 4 80 74 5 13 29 37 50 36 51 18 55 37 34 31 71 40 71 8 65 7 80 84 48 14 30 43 22 31 33 23 5 49 8 40 61 31 68 55 46 43 46 55 67 81 97 112 60 45 34 29 33 45 59 75 91 108 54 38 23 15 23 38 54 71 88 105 52 35 18 0 18 35 52 70 87 104 54 38 23 15 23 38 54 71 88 105 60 45 34 29 33 45 59 75 91 108 68 55 46 43 46 55 67 81 97 112 77 67 60 57 59 66 77 89 103 118 88 79 73 71 73 79 88 99 112 125 100 92 87 85 87 91 99 109 121 134
38 43 43 21 62 56 18 28 22 25 41 19 34 14 38 27 32 16 58 34 56 11 50 24 63 67 38 29 21 28 10 15 16 22 14 32 10 23 50 26 82 67 55 46 43 46 55 67 81 96 75 60 45 33 29 33 45 59 75 91 71 54 38 23 15 23 38 54 71 88 70 52 35 18 0 18 35 52 70 87 71 54 38 23 15 23 38 54 71 88 75 60 45 33 29 33 45 59 75 91 82 67 55 46 43 46 55 67 81 96 90 77 67 59 57 59 66 77 89 103 99 88 79 73 71 73 78 87 99 111 110 100 92 87 85 86 91 99 109 120
26 60 29 39 45 39 35 45 28 22 38 9 18 26 22 26 39 11 48 36 42 28 36 41 47 50 35 46 23 20 18 12 3 32 31 18 27 10 42 31 97 82 67 55 46 42 46 55 67 81 91 75 60 45 33 28 33 45 59 75 88 71 54 38 23 14 23 38 54 71 87 70 52 35 18 0 18 35 52 70 88 71 54 38 23 14 23 38 54 71 91 75 60 45 33 28 33 45 59 75 97 82 67 55 46 42 46 55 67 81 104 90 77 66 59 56 59 66 76 89 112 99 88 79 73 70 72 78 87 98 122 110 99 91 86 84 86 91 98 108
23 77 21 56 28 23 53 62 41 31 43 20 9 42 10 35 51 25 42 46 31 45 28 58 33 33 40 63 35 24 34 26 20 46 48 15 45 16 42 43 113 97 81 67 55 46 42 46 54 67 108 91 75 59 45 33 28 33 45 59 105 88 71 54 38 23 14 23 38 54 104 87 70 52 35 18 0 18 35 52 105 88 71 54 38 23 14 23 38 54 108 91 75 59 45 33 28 33 45 59 113 97 81 67 55 46 42 46 54 67 119 104 90 77 66 59 56 59 66 76 126 112 99 88 78 72 70 72 78 87 134 121 109 99 91 86 84 85 90 98
31 95 26 73 10 9 70 79 56 45 53 36 21 59 18 49 65 42 43 59 29 63 29 75 23 18 51 81 51 37 51 42 37 62 65 27 62 32 48 58 129 112 97 81 67 55 46 42 45 54 125 108 91 75 59 45 33 28 33 45 122 105 88 71 54 38 23 14 23 38 122 104 87 70 52 35 18 0 18 35 122 105 88 71 54 38 23 14 23 38 125 108 91 75 59 45 33 28 33 45 129 112 97 81 67 55 46 42 45 54 134 118 104 89 77 66 59 56 58 65 140 126 112 99 87 78 72 70 72 77 148 134 121 109 99 91 85 83 85 90
45 112 38 91 8 17 87 96 73 61 66 53 38 76 34 65 81 59 50 74 36 80 39 93 24 12 65 98 67 53 68 59 54 79 83 43 79 49 58 74 145 129 112 97 81 67 54 45 42 45 142 125 108 91 75 59 45 33 28 33 140 122 105 88 71 54 38 23 14 23 139 122 104 87 70 52 35 18 0 18 140 122 105 88 71 54 38 23 14 23 142 125 108 91 75 59 45 33 28 33 145 129 112 97 81 67 54 45 42 45 150 134 118 103 89 76 66 58 55 58 156 140 126 112 99 87 78 72 69 71 162 148 134 121 109 98 90 85 83 85
61 129 54 108 25 33 104 113 89 77 81 71 55 93 51 81 97 76 62 90 48 97 53 110 36 24 80 115 84 69 85 76 72 96 100 59 96 66 72 90 162 145 129 112 96 81 67 54 45 42 159 142 125 108 91 75 59 45 33 28 157 140 122 105 88 71 54 38 23 14 156 139 122 104 87 70 52 35 18 0 157 140 122 105 88 71 54 38 23 14 159 142 125 108 91 75 59 45 33 28 162 145 129 112 96 81 67 54 45 42 166 150 134 118 103 89 76 65 58 55 171 155 140 125 111 98 87 77 71 69 177 162 148 134 120 108 98 90 85 83
100 32 107 51 132 125 56 50 79 83 88 87 102 70 107 80 79 85 113 76 118 61 112 50 129 135 87 47 82 90 72 81 86 72 58 99 62 91 101 71 58 60 67 77 90 104 119 134 150 166 43 47 55 68 82 97 113 129 145 162 29 34 45 60 75 91 108 125 142 159 15 23 38 54 71 88 105 122 140 157 0 18 35 52 70 87 104 122 139 156 15 23 38 54 71 88 105 122 140 157 29 34 45 60 75 91 108 125 142 159 43 47 55 68 82 97 113 129 145 162 58 60 67 77 90 104 119 134 150 166 72 74 80 88 99 112 126 140 156 171
83 19 90 34 115 108 40 36 64 65 72 70 85 54 89 63 65 69 97 59 101 44 94 34 112 118 70 33 67 73 55 64 69 57 41 81 45 74 84 54 60 57 60 67 77 90 104 118 134 150 47 43 46 55 67 82 97 112 129 145 34 29 34 45 60 75 91 108 125 142 23 15 23 38 54 71 88 105 122 140 18 0 18 35 52 70 87 104 122 139 23 15 23 38 54 71 88 105 122 140 34 29 34 45 60 75 91 108 125 142 47 43 46 55 67 82 97 112 129 145 60 57 60 67 77 90 104 118 134 150 74 72 73 79 88 99 112 126 140 155
66 18 73 19 98 91 26 26 51 48 56 52 68 40 72 46 54 53 80 43 84 28 77 21 94 100 54 23 53 56 37 47 52 45 25 64 29 57 68 37 67 60 57 60 67 77 90 104 118 134 55 46 43 46 55 67 81 97 112 129 45 34 29 34 45 60 75 91 108 125 38 23 15 23 38 54 71 88 105 122 35 18 0 18 35 52 70 87 104 122 38 23 15 23 38 54 71 88 105 122 45 34 29 34 45 60 75 91 108 125 55 46 43 46 55 67 81 97 112 129 67 60 57 60 67 77 90 104 118 134 80 73 71 73 79 88 99 112 126 140
49 30 56 14 81 73 19 26 41 31 41 35 51 30 55 30 47 38 64 29 67 14 60 18 77 83 39 25 41 39 20 29 36 36 13 47 17 39 53 22 77 67 60 57 59 66 77 89 103 118 68 55 46 43 46 55 67 81 97 112 60 45 34 29 33 45 59 75 91 108 54 38 23 15 23 38 54 71 88 105 52 35 18 0 18 35 52 70 87 104 54 38 23 15 23 38 54 71 88 105 60 45 34 29 33 45 59 75 91 108 68 55 46 43 46 55 67 81 97 112 77 67 60 57 59 66 77 89 103 118 88 79 73 71 73 79 88 99 112 125
32 45 39 25 64 56 26 35 36 15 29 18 34 28 38 15 46 27 49 20 50 16 44 29 60 66 26 36 34 22 6 13 21 35 18 30 17 22 39 12 90 77 67 59 57 59 66 77 89 103 82 67 55 46 43 46 55 67 81 96 75 60 45 33 29 33 45 59 75 91 71 54 38 23 15 23 38 54 71 88 70 52 35 18 0 18 35 52 70 87 71 54 38 23 15 23 38 54 71 88 75 60 45 33 29 33 45 59 75 91 82 67 55 46 43 46 55 67 81 96 90 77 67 59 57 59 66 77 89 103 99 88 79 73 71 73 78 87 99 111
16 62 22 41 47 39 40 50 40 9 24 6 17 35 21 13 50 24 36 24 34 30 28 44 43 49 21 51 36 6 17 8 13 42 33 12 31 7 29 21 104 90 77 66 59 56 59 66 76 89 97 82 67 55 46 42 46 55 67 81 91 75 60 45 33 28 33 45 59 75 88 71 54 38 23 14 23 38 54 71 87 70 52 35 18 0 18 35 52 70 88 71 54 38 23 14 23 38 54 71 91 75 60 45 33 28 33 45 59 75 97 82 67 55 46 42 46 55 67 81 104 90 77 66 59 56 59 66 76 89 112 99 88 79 73 70 72 78 87 98
9 79 8 57 32 22 55 65 50 23 31 19 7 48 6 27 60 33 28 37 20 47 15 60 26 31 29 67 45 15 34 24 23 54 50 6 47 15 28 36 119 104 90 77 66 59 56 59 66 76 113 97 81 67 55 46 42 46 54 67 108 91 75 59 45 33 28 33 45 59 105 88 71 54 38 23 14 23 38 54 104 87 70 52 35 18 0 18 35 52 105 88 71 54 38 23 14 23 38 54 108 91 75 59 45 33 28 33 45 59 113 97 81 67 55 46 42 46 54 67 119 104 90 77 66 59 56 59 66 76 126 112 99 88 78 72 70 72 78 87
23 96 16 74 18 7 72 82 63 40 44 36 21 63 16 44 73 47 30 53 15 64 17 77 11 14 43 83 58 32 51 41 39 68 66 23 63 32 36 53 134 118 104 89 77 66 59 56 58 65 129 112 97 81 67 55 46 42 45 54 125 108 91 75 59 45 33 28 33 45 122 105 88 71 54 38 23 14 23 38 122 104 87 70 52 35 18 0 18 35 122 105 88 71 54 38 23 14 23 38 125 108 91 75 59 45 33 28 33 45 129 112 97 81 67 55 46 42 45 54 134 118 104 89 77 66 59 56 58 65 140 126 112 99 87 78 72 70 72 77
40 113 33 91 17 16 89 98 78 57 59 53 38 79 33 61 87 62 40 69 26 81 31 94 13 6 59 100 72 49 68 59 56 83 84 41 80 49 50 70 150 134 118 103 89 76 66 58 55 58 145 129 112 97 81 67 54 45 42 45 142 125 108 91 75 59 45 33 28 33 140 122 105 88 71 54 38 23 14 23 139 122 104 87 70 52 35 18 0 18 140 122 105 88 71 54 38 23 14 23 142 125 108 91 75 59 45 33 28 33 145 129 112 97 81 67 54 45 42 45 150 134 118 103 89 76 66 58 55 58 156 140 126 112 99 87 78 72 69 71
57 130 50 109 29 32 106 115 94 75 75 70 55 96 50 78 102 79 54 86 42 98 48 111 29 22 75 117 88 67 85 76 73 99 101 58 97 66 65 87 166 150 134 118 103 89 76 65 58 55 162 145 129 112 96 81 67 54 45 42 159 142 125 108 91 75 59 45 33 28 157 140 122 105 88 71 54 38 23 14 156 139 122 104 87 70 52 35 18 0 157 140 122 105 88 71 54 38 23 14 159 142 125 108 91 75 59 45 33 28 162 145 129 112 96 81 67 54 45 42 166 150 134 118 103 89 76 65 58 55 171 155 140 125 111 98 87 77 71 69
100 41 107 56 135 127 62 58 87 83 86 89 104 77 108 80 88 90 111 73 117 65 111 56 129 136 85 55 89 91 74 83 89 80 63 100 67 93 98 70 72 74 80 88 99 112 126 140 156 171 58 60 67 77 90 104 119 134 150 166 43 47 55 68 82 97 113 129 145 162 29 34 45 60 75 91 108 125 142 159 15 23 38 54 71 88 105 122 140 157 0 18 35 52 70 87 104 122 139 156 15 23 38 54 71 88 105 122 140 157 29 34 45 60 75 91 108 125 142 159 43 47 55 68 82 97 113 129 145 162 58 60 67 77 90 104 119 134 150 166
83 32 90 42 118 110 48 46 73 65 69 72 87 63 91 62 76 75 94 56 100 50 93 43 111 119 67 44 75 73 58 66 73 67 48 83 52 76 81 53 74 72 73 79 88 99 112 126 140 155 60 57 60 67 77 90 104 118 134 150 47 43 46 55 67 82 97 112 129 145 34 29 34 45 60 75 91 108 125 142 23 15 23 38 54 71 88 105 122 140 18 0 18 35 52 70 87 104 122 139 23 15 23 38 54 71 88 105 122 140 34 29 34 45 60 75 91 108 125 142 47 43 46 55 67 82 97 112 129 145 60 57 60 67 77 90 104 118 134 150
66 31 73 31 101 93 37 39 62 48 52 56 71 51 74 45 67 60 77 39 83 36 76 33 94 102 50 37 63 56 42 50 57 56 35 66 38 60 64 36 80 73 71 73 79 88 99 112 126 140 67 60 57 60 67 77 90 104 118 134 55 46 43 46 55 67 81 97 112 129 45 34 29 34 45 60 75 91 108 125 38 23 15 23 38 54 71 88 105 122 35 18 0 18 35 52 70 87 104 122 38 23 15 23 38 54 71 88 105 122 45 34 29 34 45 60 75 91 108 125 55 46 43 46 55 67 81 97 112 129 67 60 57 60 67 77 90 104 118 134
49 39 56 28 85 76 33 39 54 31 35 40 54 43 58 28 61 48 60 22 65 27 59 32 77 85 33 38 53 39 28 35 43 50 27 49 30 44 47 19 88 79 73 71 73 79 88 99 112 125 77 67 60 57 59 66 77 89 103 118 68 55 46 43 46 55 67 81 97 112 60 45 34 29 33 45 59 75 91 108 54 38 23 15 23 38 54 71 88 105 52 35 18 0 18 35 52 70 87 104 54 38 23 15 23 38 54 71 88 105 60 45 34 29 33 45 59 75 91 108 68 55 46 43 46 55 67 81 97 112 77 67 60 57 59 66 77 89 103 118
32 52 39 34 69 59 37 46 50 15 19 27 39 41 42 11 60 40 43 7 48 28 42 39 60 68 17 46 48 23 20 22 31 49 30 33 30 29 31 3 99 88 79 73 71 73 78 87 99 111 90 77 67 59 57 59 66 77 89 103 82 67 55 46 43 46 55 67 81 96 75 60 45 33 29 33 45 59 75 91 71 54 38 23 15 23 38 54 71 88 70 52 35 18 0 18 35 52 70 87 71 54 38 23 15 23 38 54 71 88 75 60 45 33 29 33 45 59 75 91 82 67 55 46 43 46 55 67 81 96 90 77 67 59 57 59 66 77 89 103
15 67 22 47 54 43 48 58 53 9 10 20 25 47 27 9 63 38 27 15 31 38 24 51 42 51 7 58 49 10 25 20 27 54 40 19 39 21 17 18 112 99 88 79 73 70 72 78 87 98 104 90 77 66 59 56 59 66 76 89 97 82 67 55 46 42 46 55 67 81 91 75 60 45 33 28 33 45 59 75 88 71 54 38 23 14 23 38 54 71 87 70 52 35 18 0 18 35 52 70 88 71 54 38 23 14 23 38 54 71 91 75 60 45 33 28 33 45 59 75 97 82 67 55 46 42 46 55 67 81 104 90 77 66 59 56 59 66 76 89
8 83 8 62 40 29 62 72 61 24 22 27 20 57 19 26 71 44 15 32 13 52 7 66 25 36 21 72 56 17 38 30 33 64 55 16 53 24 15 35 126 112 99 88 78 72 70 72 78 87 119 104 90 77 66 59 56 59 66 76 113 97 81 67 55 46 42 46 54 67 108 91 75 59 45 33 28 33 45 59 105 88 71 54 38 23 14 23 38 54 104 87 70 52 35 18 0 18 35 52 105 88 71 54 38 23 14 23 38 54 108 91 75 59 45 33 28 33 45 59 113 97 81 67 55 46 42 46 54 67 119 104 90 77 66 59 56 59 66 76
23 99 17 78 31 20 77 87 72 40 38 41 28 70 24 43 82 55 18 49 5 68 11 81 10 22 38 88 67 33 54 45 46 76 70 28 68 37 28 52 140 126 112 99 87 78 72 70 72 77 134 118 104 89 77 66 59 56 58 65 129 112 97 81 67 55 46 42 45 54 125 108 91 75 59 45 33 28 33 45 122 105 88 71 54 38 23 14 23 38 122 104 87 70 52 35 18 0 18 35 122 105 88 71 54 38 23 14 23 38 125 108 91 75 59 45 33 28 33 45 129 112 97 81 67 55 46 42 45 54 134 118 104 89 77 66 59 56 58 65
40 116 33 94 30 24 93 103 85 58 55 56 42 85 38 60 95 69 32 67 22 84 29 98 12 18 55 104 80 50 70 61 60 90 87 43 84 52 44 69 156 140 126 112 99 87 78 72 69 71 150 134 118 103 89 76 66 58 55 58 145 129 112 97 81 67 54 45 42 45 142 125 108 91 75 59 45 33 28 33 140 122 105 88 71 54 38 23 14 23 139 122 104 87 70 52 35 18 0 18 140 122 105 88 71 54 38 23 14 23 142 125 108 91 75 59 45 33 28 33 145 129 112 97 81 67 54 45 42 45 150 134 118 103 89 76 66 58 55 58
57 132 50 111 38 37 109 119 100 75 72 73 58 101 53 77 109 84 48 84 40 100 46 114 29 28 73 120 94 67 87 78 76 105 103 60 100 69 61 87 171 155 140 125 111 98 87 77 71 69 166 150 134 118 103 89 76 65 58 55 162 145 129 112 96 81 67 54 45 42 159 142 125 108 91 75 59 45 33 28 157 140 122 105 88 71 54 38 23 14 156 139 122 104 87 70 52 35 18 0 157 140 122 105 88 71 54 38 23 14 159 142 125 108 91 75 59 45 33 28 162 145 129 112 96 81 67 54 45 42 166 150 134 118 103 89 76 65 58 55
102 52 109 64 138 130 71 68 96 85 85 93 108 85 111 81 98 97 110 74 118 72 112 65 130 139 85 65 98 93 79 87 95 89 70 103 74 97 97 72 86 88 93 100 110 122 134 148 162 177 72 74 80 88 99 112 126 140 156 171 58 60 67 77 90 104 119 134 150 166 43 47 55 68 82 97 113 129 145 162 29 34 45 60 75 91 108 125 142 159 15 23 38 54 71 88 105 122 140 157 0 18 35 52 70 87 104 122 139 156 15 23 38 54 71 88 105 122 140 157 29 34 45 60 75 91 108 125 142 159 43 47 55 68 82 97 113 129 145 162
85 45 92 52 122 113 59 59 84 68 68 77 92 73 95 65 87 83 93 56 101 58 95 54 113 122 68 56 85 77 64 72 79 78 57 86 60 81 80 56 88 86 87 92 100 110 121 134 148 162 74 72 73 79 88 99 112 126 140 155 60 57 60 67 77 90 104 118 134 150 47 43 46 55 67 82 97 112 129 145 34 29 34 45 60 75 91 108 125 142 23 15 23 38 54 71 88 105 122 140 18 0 18 35 52 70 87 104 122 139 23 15 23 38 54 71 88 105 122 140 34 29 34 45 60 75 91 108 125 142 47 43 46 55 67 82 97 112 129 145
69 45 76 44 106 97 50 53 74 52 51 62 76 63 79 48 79 70 75 39 84 47 78 47 96 105 50 51 74 60 50 57 65 69 46 70 50 66 63 40 93 87 85 87 92 99 109 121 134 148 80 73 71 73 79 88 99 112 126 140 67 60 57 60 67 77 90 104 118 134 55 46 43 46 55 67 81 97 112 129 45 34 29 34 45 60 75 91 108 125 38 23 15 23 38 54 71 88 105 122 35 18 0 18 35 52 70 87 104 122 38 23 15 23 38 54 71 88 105 122 45 34 29 34 45 60 75 91 108 125 55 46 43 46 55 67 81 97 112 129
52 51 59 42 90 81 47 53 67 37 34 49 61 57 64 33 74 60 58 23 67 41 61 46 79 89 33 51 66 45 39 44 53 64 41 55 43 52 45 25 100 92 87 85 87 91 99 109 121 134 88 79 73 71 73 79 88 99 112 125 77 67 60 57 59 66 77 89 103 118 68 55 46 43 46 55 67 81 97 112 60 45 34 29 33 45 59 75 91 108 54 38 23 15 23 38 54 71 88 105 52 35 18 0 18 35 52 70 87 104 54 38 23 15 23 38 54 71 88 105 60 45 34 29 33 45 59 75 91 108 68 55 46 43 46 55 67 81 97 112
37 61 44 46 76 65 50 58 64 25 17 38 47 55 50 21 73 53 41 10 50 41 44 51 63 73 17 58 62 31 34 35 44 63 43 41 44 40 28 17 110 100 92 87 85 86 91 99 109 120 99 88 79 73 71 73 78 87 99 111 90 77 67 59 57 59 66 77 89 103 82 67 55 46 43 46 55 67 81 96 75 60 45 33 29 33 45 59 75 91 71 54 38 23 15 23 38 54 71 88 70 52 35 18 0 18 35 52 70 87 71 54 38 23 15 23 38 54 71 88 75 60 45 33 29 33 45 59 75 91 82 67 55 46 43 46 55 67 81 96
24 74 30 56 62 51 58 68 66 22 5 34 37 59 38 20 77 52 24 17 34 49 29 61 47 58 8 68 63 24 37 34 41 67 51 31 50 34 11 24 122 110 99 91 86 84 86 91 98 108 112 99 88 79 73 70 72 78 87 98 104 90 77 66 59 56 59 66 76 89 97 82 67 55 46 42 46 55 67 81 91 75 60 45 33 28 33 45 59 75 88 71 54 38 23 14 23 38 54 71 87 70 52 35 18 0 18 35 52 70 88 71 54 38 23 14 23 38 54 71 91 75 60 45 33 28 33 45 59 75 97 82 67 55 46 42 46 55 67 81
21 89 22 69 51 40 70 80 73 31 20 38 34 68 33 31 83 56 6 33 19 60 17 73 32 44 22 80 68 28 47 40 45 75 63 30 61 37 8 38 134 121 109 99 91 86 84 85 90 98 126 112 99 88 78 72 70 72 78 87 119 104 90 77 66 59 56 59 66 76 113 97 81 67 55 46 42 46 54 67 108 91 75 59 45 33 28 33 45 59 105 88 71 54 38 23 14 23 38 54 104 87 70 52 35 18 0 18 35 52 105 88 71 54 38 23 14 23 38 54 108 91 75 59 45 33 28 33 45 59 113 97 81 67 55 46 42 46 54 67
30 104 26 84 44 34 84 94 82 45 37 49 39 79 36 46 93 65 12 50 15 74 19 87 21 34 38 94 77 39 60 52 55 86 77 37 75 46 25 55 148 134 121 109 99 91 85 83 85 90 140 126 112 99 87 78 72 70 72 77 134 118 104 89 77 66 59 56 58 65 129 112 97 81 67 55 46 42 45 54 125 108 91 75 59 45 33 28 33 45 122 105 88 71 54 38 23 14 23 38 122 104 87 70 52 35 18 0 18 35 122 105 88 71 54 38 23 14 23 38 125 108 91 75 59 45 33 28 33 45 129 112 97 81 67 55 46 42 45 54
44 120 39 99 44 37 98 108 94 61 54 63 50 92 46 62 104 77 29 67 26 89 32 103 23 32 55 109 89 54 75 67 68 98 92 50 89 59 42 71 162 148 134 121 109 98 90 85 83 85 156 140 126 112 99 87 78 72 69 71 150 134 118 103 89 76 66 58 55 58 145 129 112 97 81 67 54 45 42 45 142 125 108 91 75 59 45 33 28 33 140 122 105 88 71 54 38 23 14 23 139 122 104 87 70 52 35 18 0 18 140 122 105 88 71 54 38 23 14 23 142 125 108 91 75 59 45 33 28 33 145 129 112 97 81 67 54 45 42 45
60 136 54 115 50 46 114 124 107 77 72 78 64 107 60 79 117 91 47 84 42 105 48 119 34 38 73 125 102 70 91 82 82 112 108 65 105 74 59 88 177 162 148 134 120 108 98 90 85 83 171 155 140 125 111 98 87 77 71 69 166 150 134 118 103 89 76 65 58 55 162 145 129 112 96 81 67 54 45 42 159 142 125 108 91 75 59 45 33 28 157 140 122 105 88 71 54 38 23 14 156 139 122 104 87 70 52 35 18 0 157 140 122 105 88 71 54 38 23 14 159 142 125 108 91 75 59 45 33 28 162 145 129 112 96 81 67 54 45 42
106 65 113 74 143 134 81 80 106 90 87 99 113 95 116 86 109 105 111 77 120 81 115 76 133 142 87 77 107 98 86 94 102 100 79 108 83 103 98 77 100 102 106 112 121 132 144 156 170 184 86 88 93 100 110 122 134 148 162 177 72 74 80 88 99 112 126 140 156 171 58 60 67 77 90 104 119 134 150 166 43 47 55 68 82 97 113 129 145 162 29 34 45 60 75 91 108 125 142 159 15 23 38 54 71 88 105 122 140 157 0 18 35 52 70 87 104 122 139 156 15 23 38 54 71 88 105 122 140 157 29 34 45 60 75 91 108 125 142 159
90 59 97 64 128 118 71 72 95 74 70 84 98 84 101 70 100 92 94 60 104 69 98 66 116 126 71 69 96 82 72 79 88 90 68 92 71 88 81 61 102 100 101 105 112 121 131 143 156 170 88 86 87 92 100 110 121 134 148 162 74 72 73 79 88 99 112 126 140 155 60 57 60 67 77 90 104 118 134 150 47 43 46 55 67 82 97 112 129 145 34 29 34 45 60 75 91 108 125 142 23 15 23 38 54 71 88 105 122 140 18 0 18 35 52 70 87 104 122 139 23 15 23 38 54 71 88 105 122 140 34 29 34 45 60 75 91 108 125 142
74 59 81 57 112 102 64 67 86 60 54 71 83 75 86 55 93 81 77 45 87 60 82 61 100 110 54 65 86 67 60 66 75 82 59 77 62 74 65 47 106 101 99 101 105 112 121 131 143 156 93 87 85 87 92 99 109 121 134 148 80 73 71 73 79 88 99 112 126 140 67 60 57 60 67 77 90 104 118 134 55 46 43 46 55 67 81 97 112 129 45 34 29 34 45 60 75 91 108 125 38 23 15 23 38 54 71 88 105 122 35 18 0 18 35 52 70 87 104 122 38 23 15 23 38 54 71 88 105 122 45 34 29 34 45 60 75 91 108 125
59 63 66 56 98 87 61 67 81 47 38 59 70 70 72 42 88 72 60 31 71 55 66 60 84 95 39 65 79 53 52 55 64 78 55 64 57 62 48 36 112 105 101 99 100 105 111 120 131 143 100 92 87 85 87 91 99 109 121 134 88 79 73 71 73 79 88 99 112 125 77 67 60 57 59 66 77 89 103 118 68 55 46 43 46 55 67 81 97 112 60 45 34 29 33 45 59 75 91 108 54 38 23 15 23 38 54 71 88 105 52 35 18 0 18 35 52 70 87 104 54 38 23 15 23 38 54 71 88 105 60 45 34 29 33 45 59 75 91 108
46 72 52 59 84 73 63 71 78 38 24 51 58 69 60 33 87 67 43 23 55 55 51 64 68 80 27 70 76 43 48 48 57 77 56 52 57 53 32 31 121 112 105 100 99 100 104 111 120 130 110 100 92 87 85 86 91 99 109 120 99 88 79 73 71 73 78 87 99 111 90 77 67 59 57 59 66 77 89 103 82 67 55 46 43 46 55 67 81 96 75 60 45 33 29 33 45 59 75 91 71 54 38 23 15 23 38 54 71 88 70 52 35 18 0 18 35 52 70 87 71 54 38 23 15 23 38 54 71 88 75 60 45 33 29 33 45 59 75 91
37 83 41 67 72 61 70 79 80 36 19 48 50 73 51 33 90 66 28 27 41 61 38 72 54 66 22 79 77 38 50 47 55 80 63 45 63 48 19 36 132 121 112 105 100 98 99 104 110 119 122 110 99 91 86 84 86 91 98 108 112 99 88 79 73 70 72 78 87 98 104 90 77 66 59 56 59 66 76 89 97 82 67 55 46 42 46 55 67 81 91 75 60 45 33 28 33 45 59 75 88 71 54 38 23 14 23 38 54 71 87 70 52 35 18 0 18 35 52 70 88 71 54 38 23 14 23 38 54 71 91 75 60 45 33 28 33 45 59 75
35 96 36 78 63 52 80 89 85 42 27 51 48 80 47 40 96 69 16 39 31 70 30 83 42 55 30 90 81 40 58 52 58 87 72 43 72 50 17 46 144 131 121 111 104 99 98 99 103 110 134 121 109 99 91 86 84 85 90 98 126 112 99 88 78 72 70 72 78 87 119 104 90 77 66 59 56 59 66 76 113 97 81 67 55 46 42 46 54 67 108 91 75 59 45 33 28 33 45 59 105 88 71 54 38 23 14 23 38 54 104 87 70 52 35 18 0 18 35 52 105 88 71 54 38 23 14 23 38 54 108 91 75 59 45 33 28 33 45 59
40 111 38 91 58 48 92 102 93 53 41 59 52 89 49 53 104 77 19 54 28 82 31 95 35 47 43 102 89 49 69 62 66 96 85 49 83 57 29 60 156 143 131 120 111 104 99 97 99 103 148 134 121 109 99 91 85 83 85 90 140 126 112 99 87 78 72 70 72 77 134 118 104 89 77 66 59 56 58 65 129 112 97 81 67 55 46 42 45 54 125 108 91 75 59 45 33 28 33 45 122 105 88 71 54 38 23 14 23 38 122 104 87 70 52 35 18 0 18 35 122 105 88 71 54 38 23 14 23 38 125 108 91 75 59 45 33 28 33 45
52 126 48 106 57 50 106 116 104 67 57 71 60 101 57 68 114 87 33 70 35 96 41 109 36 45 59 116 99 62 82 75 77 107 99 59 97 68 45 76 170 156 143 131 120 110 103 99 97 98 162 148 134 121 109 98 90 85 83 85 156 140 126 112 99 87 78 72 69 71 150 134 118 103 89 76 66 58 55 58 145 129 112 97 81 67 54 45 42 45 142 125 108 91 75 59 45 33 28 33 140 122 105 88 71 54 38 23 14 23 139 122 104 87 70 52 35 18 0 18 140 122 105 88 71 54 38 23 14 23 142 125 108 91 75 59 45 33 28 33
66 141 61 121 62 57 120 130 116 82 74 85 72 115 68 83 126 99 49 87 48 111 54 124 44 50 75 131 111 76 97 89 90 120 114 72 111 81 61 92 184 170 156 143 130 119 110 103 98 96 177 162 148 134 120 108 98 90 85 83 171 155 140 125 111 98 87 77 71 69 166 150 134 118 103 89 76 65 58 55 162 145 129 112 96 81 67 54 45 42 159 142 125 108 91 75 59 45 33 28 157 140 122 105 88 71 54 38 23 14 156 139 122 104 87 70 52 35 18 0 157 140 122 105 88 71 54 38 23 14 159 142 125 108 91 75 59 45 33 28
111 78 118 85 150 140 92 92 117 96 91 107 120 106 123 92 121 114 114 82 124 91 119 87 137 148 92 89 118 104 95 101 110 111 89 114 93 110 102 84 115 116 119 125 133 143 154 166 179 192 100 102 106 112 121 132 144 156 170 184 86 88 93 100 110 122 134 148 162 177 72 74 80 88 99 112 126 140 156 171 58 60 67 77 90 104 119 134 150 166 43 47 55 68 82 97 113 129 145 162 29 34 45 60 75 91 108 125 142 159 15 23 38 54 71 88 105 122 140 157 0 18 35 52 70 87 104 122 139 156 15 23 38 54 71 88 105 122 140 157
96 73 103 77 135 124 83 85 107 82 75 93 105 96 108 77 112 103 97 67 108 80 103 79 121 132 76 82 107 89 82 88 97 102 80 99 83 96 85 70 116 114 115 119 125 133 142 153 165 178 102 100 101 105 112 121 131 143 156 170 88 86 87 92 100 110 121 134 148 162 74 72 73 79 88 99 112 126 140 155 60 57 60 67 77 90 104 118 134 150 47 43 46 55 67 82 97 112 129 145 34 29 34 45 60 75 91 108 125 142 23 15 23 38 54 71 88 105 122 140 18 0 18 35 52 70 87 104 122 139 23 15 23 38 54 71 88 105 122 140
81 73 88 71 120 110 77 81 99 69 60 81 92 89 94 64 106 93 81 53 93 73 88 75 106 117 61 79 99 76 72 77 86 95 72 86 75 84 69 58 119 115 114 115 118 124 132 142 153 165 106 101 99 101 105 112 121 131 143 156 93 87 85 87 92 99 109 121 134 148 80 73 71 73 79 88 99 112 126 140 67 60 57 60 67 77 90 104 118 134 55 46 43 46 55 67 81 97 112 129 45 34 29 34 45 60 75 91 108 125 38 23 15 23 38 54 71 88 105 122 35 18 0 18 35 52 70 87 104 122 38 23 15 23 38 54 71 88 105 122
68 77 74 70 107 96 75 81 94 58 47 71 80 84 82 54 102 85 65 43 78 69 73 74 90 102 48 79 93 64 65 68 77 92 69 74 71 73 54 49 125 119 115 113 114 118 124 132 141 152 112 105 101 99 100 105 111 120 131 143 100 92 87 85 87 91 99 109 121 134 88 79 73 71 73 79 88 99 112 125 77 67 60 57 59 66 77 89 103 118 68 55 46 43 46 55 67 81 97 112 60 45 34 29 33 45 59 75 91 108 54 38 23 15 23 38 54 71 88 105 52 35 18 0 18 35 52 70 87 104 54 38 23 15 23 38 54 71 88 105
57 84 62 73 94 83 77 84 92 51 36 65 70 83 71 47 101 81 50 37 64 69 60 77 76 88 39 83 90 56 62 62 71 91 70 64 71 66 41 45 133 125 118 114 113 114 117 123 131 141 121 112 105 100 99 100 104 111 120 130 110 100 92 87 85 86 91 99 109 120 99 88 79 73 71 73 78 87 99 111 90 77 67 59 57 59 66 77 89 103 82 67 55 46 43 46 55 67 81 96 75 60 45 33 29 33 45 59 75 91 71 54 38 23 15 23 38 54 71 88 70 52 35 18 0 18 35 52 70 87 71 54 38 23 15 23 38 54 71 88
50 94 53 79 84 73 83 91 94 50 33 62 64 86 64 47 104 80 37 40 52 73 49 84 64 76 36 90 90 52 63 61 69 94 75 58 75 62 31 48 143 133 124 118 114 112 113 117 123 131 132 121 112 105 100 98 99 104 110 119 122 110 99 91 86 84 86 91 98 108 112 99 88 79 73 70 72 78 87 98 104 90 77 66 59 56 59 66 76 89 97 82 67 55 46 42 46 55 67 81 91 75 60 45 33 28 33 45 59 75 88 71 54 38 23 14 23 38 54 71 87 70 52 35 18 0 18 35 52 70 88 71 54 38 23 14 23 38 54 71
48 105 49 89 76 65 91 100 98 54 38 64 62 92 61 52 108 83 29 49 44 81 44 93 54 67 41 100 94 53 70 65 71 99 83 57 83 63 30 57 154 142 132 124 117 113 112 113 116 122 144 131 121 111 104 99 98 99 103 110 134 121 109 99 91 86 84 85 90 98 126 112 99 88 78 72 70 72 78 87 119 104 90 77 66 59 56 59 66 76 113 97 81 67 55 46 42 46 54 67 108 91 75 59 45 33 28 33 45 59 105 88 71 54 38 23 14 23 38 54 104 87 70 52 35 18 0 18 35 52 105 88 71 54 38 23 14 23 38 54
53 118 51 100 71 62 102 111 105 63 49 71 65 100 62 62 116 89 31 61 42 92 44 105 48 60 52 112 101 60 79 73 78 107 94 61 93 69 38 69 166 153 142 132 123 117 113 111 112 116 156 143 131 120 111 104 99 97 99 103 148 134 121 109 99 91 85 83 85 90 140 126 112 99 87 78 72 70 72 77 134 118 104 89 77 66 59 56 58 65 129 112 97 81 67 55 46 42 45 54 125 108 91 75 59 45 33 28 33 45 122 105 88 71 54 38 23 14 23 38 122 104 87 70 52 35 18 0 18 35 122 105 88 71 54 38 23 14 23 38
62 133 59 114 71 63 114 124 115 75 63 81 72 111 68 75 125 98 41 76 47 104 51 117 49 59 65 125 110 71 91 84 87 118 107 70 105 78 51 82 179 165 153 141 131 123 116 112 110 112 170 156 143 131 120 110 103 99 97 98 162 148 134 121 109 98 90 85 83 85 156 140 126 112 99 87 78 72 69 71 150 134 118 103 89 76 66 58 55 58 145 129 112 97 81 67 54 45 42 45 142 125 108 91 75 59 45 33 28 33 140 122 105 88 71 54 38 23 14 23 139 122 104 87 70 52 35 18 0 18 140 122 105 88 71 54 38 23 14 23
74 147 69 128 75 69 128 138 126 89 78 93 82 123 78 89 136 109 55 91 57 118 63 131 55 62 80 138 120 84 104 97 99 129 121 81 119 90 66 97 192 178 165 152 141 131 122 116 112 110 184 170 156 143 130 119 110 103 98 96 177 162 148 134 120 108 98 90 85 83 171 155 140 125 111 98 87 77 71 69 166 150 134 118 103 89 76 65 58 55 162 145 129 112 96 81 67 54 45 42 159 142 125 108 91 75 59 45 33 28 157 140 122 105 88 71 54 38 23 14 156 139 122 104 87 70 52 35 18 0 157 140 122 105 88 71 54 38 23 14
118 91 125 97 157 146 104 105 128 104 97 116 128 117 130 100 133 125 118 89 130 102 125 100 143 154 98 102 129 112 105 111 119 123 101 122 104 119 107 92 129 130 133 138 145 154 164 176 188 201 115 116 119 125 133 143 154 166 179 192 100 102 106 112 121 132 144 156 170 184 86 88 93 100 110 122 134 148 162 177 72 74 80 88 99 112 126 140 156 171 58 60 67 77 90 104 119 134 150 166 43 47 55 68 82 97 113 129 145 162 29 34 45 60 75 91 108 125 142 159 15 23 38 54 71 88 105 122 140 157 0 18 35 52 70 87 104 122 139 156
104 87 110 90 142 132 96 98 119 91 82 103 114 108 117 86 125 114 102 76 114 93 110 93 127 139 84 96 119 98 93 99 108 115 92 108 95 106 91 80 130 128 129 132 138 145 154 164 175 187 116 114 115 119 125 133 142 153 165 178 102 100 101 105 112 121 131 143 156 170 88 86 87 92 100 110 121 134 148 162 74 72 73 79 88 99 112 126 140 155 60 57 60 67 77 90 104 118 134 150 47 43 46 55 67 82 97 112 129 145 34 29 34 45 60 75 91 108 125 142 23 15 23 38 54 71 88 105 122 140 18 0 18 35 52 70 87 104 122 139
90 87 96 85 129 118 91 95 113 80 69 92 102 102 104 75 120 105 87 64 100 86 95 89 113 124 71 93 112 86 84 88 97 109 86 96 89 95 76 69 133 129 128 129 132 137 144 153 163 175 119 115 114 115 118 124 132 142 153 165 106 101 99 101 105 112 121 131 143 156 93 87 85 87 92 99 109 121 134 148 80 73 71 73 79 88 99 112 126 140 67 60 57 60 67 77 90 104 118 134 55 46 43 46 55 67 81 97 112 129 45 34 29 34 45 60 75 91 108 125 38 23 15 23 38 54 71 88 105 122 35 18 0 18 35 52 70 87 104 122
79 90 84 84 116 105 89 95 108 71 57 84 91 98 93 66 116 98 72 55 86 83 82 88 99 111 60 93 107 76 78 80 90 106 83 85 85 86 63 62 138 132 129 127 128 131 137 144 153 163 125 119 115 113 114 118 124 132 141 152 112 105 101 99 100 105 111 120 131 143 100 92 87 85 87 91 99 109 121 134 88 79 73 71 73 79 88 99 112 125 77 67 60 57 59 66 77 89 103 118 68 55 46 43 46 55 67 81 97 112 60 45 34 29 33 45 59 75 91 108 54 38 23 15 23 38 54 71 88 105 52 35 18 0 18 35 52 70 87 104
69 96 74 86 105 94 91 98 107 65 49 78 83 97 83 61 115 95 59 51 73 83 71 90 86 98 52 97 104 69 76 76 85 105 84 77 85 79 52 59 145 138 132 128 127 127 131 136 143 152 133 125 118 114 113 114 117 123 131 141 121 112 105 100 99 100 104 111 120 130 110 100 92 87 85 86 91 99 109 120 99 88 79 73 71 73 78 87 99 111 90 77 67 59 57 59 66 77 89 103 82 67 55 46 43 46 55 67 81 96 75 60 45 33 29 33 45 59 75 91 71 54 38 23 15 23 38 54 71 88 70 52 35 18 0 18 35 52 70 87
64 105 67 92 96 85 95 104 108 64 47 76 77 100 77 60 117 94 49 53 64 86 62 96 75 87 50 103 104 65 77 75 83 107 88 72 89 76 45 62 154 145 137 131 127 126 127 130 135 143 143 133 124 118 114 112 113 117 123 131 132 121 112 105 100 98 99 104 110 119 122 110 99 91 86 84 86 91 98 108 112 99 88 79 73 70 72 78 87 98 104 90 77 66 59 56 59 66 76 89 97 82 67 55 46 42 46 55 67 81 91 75 60 45 33 28 33 45 59 75 88 71 54 38 23 14 23 38 54 71 87 70 52 35 18 0 18 35 52 70
62 115 63 100 89 78 103 112 111 67 50 78 76 105 74 65 122 96 43 60 57 93 57 104 66 79 54 111 107 67 82 78 85 112 95 71 95 77 44 68 164 154 144 137 131 127 125 126 130 135 154 142 132 124 117 113 112 113 116 122 144 131 121 111 104 99 98 99 103 110 134 121 109 99 91 86 84 85 90 98 126 112 99 88 78 72 70 72 78 87 119 104 90 77 66 59 56 59 66 76 113 97 81 67 55 46 42 46 54 67 108 91 75 59 45 33 28 33 45 59 105 88 71 54 38 23 14 23 38 54 104 87 70 52 35 18 0 18 35 52
66 127 65 110 85 75 112 122 118 75 59 83 78 112 76 73 128 101 44 70 56 103 58 115 62 74 62 122 113 72 90 85 90 119 105 74 104 82 50 78 176 164 153 144 136 130 126 125 126 129 166 153 142 132 123 117 113 111 112 116 156 143 131 120 111 104 99 97 99 103 148 134 121 109 99 91 85 83 85 90 140 126 112 99 87 78 72 70 72 77 134 118 104 89 77 66 59 56 58 65 129 112 97 81 67 55 46 42 45 54 125 108 91 75 59 45 33 28 33 45 122 105 88 71 54 38 23 14 23 38 122 104 87 70 52 35 18 0 18 35
73 141 70 122 85 76 124 133 126 85 71 92 84 122 81 84 136 109 51 83 60 114 63 127 62 73 74 134 121 81 101 94 98 129 116 81 115 90 60 91 188 175 163 153 143 135 130 126 124 125 179 165 153 141 131 123 116 112 110 112 170 156 143 131 120 110 103 99 97 98 162 148 134 121 109 98 90 85 83 85 156 140 126 112 99 87 78 72 69 71 150 134 118 103 89 76 66 58 55 58 145 129 112 97 81 67 54 45 42 45 142 125 108 91 75 59 45 33 28 33 140 122 105 88 71 54 38 23 14 23 139 122 104 87 70 52 35 18 0 18
83 155 80 136 88 81 136 146 136 97 85 103 93 133 89 97 146 119 63 98 68 126 73 140 67 75 87 147 131 93 113 106 109 139 129 91 127 100 73 104 201 187 175 163 152 143 135 129 125 124 192 178 165 152 141 131 122 116 112 110 184 170 156 143 130 119 110 103 98 96 177 162 148 134 120 108 98 90 85 83 171 155 140 125 111 98 87 77 71 69 166 150 134 118 103 89 76 65 58 55 162 145 129 112 96 81 67 54 45 42 159 142 125 108 91 75 59 45 33 28 157 140 122 105 88 71 54 38 23 14 156 139 122 104 87 70 52 35 18 0
