0 28 56 25 28 54 25 27 29 19 81 56 52 39 21 7 76 27 66 22 10 23 80 75 36 38 19 14 31 61 64 62 6 46 73 11 77 26 69 18 129 114 99 86 74 64 59 58 62 71 123 107 92 77 63 52 45 44 50 60 119 102 86 70 55 41 32 31 38 51 116 99 82 65 48 33 19 17 29 44 115 98 80 63 46 29 11 7 24 42 116 99 81 64 47 31 17 14 27 43 118 101 85 68 53 39 29 27 36 49 122 106 90 75 61 49 42 41 47 58 127 112 97 83 71 61 55 55 59 68 134 119 106 93 82 74 69 68 72 79
28 0 82 52 47 78 46 52 56 45 104 81 74 64 49 32 91 52 84 48 28 5 99 98 57 62 43 40 59 77 82 82 22 73 98 38 94 53 87 44 145 129 113 97 82 67 55 46 43 46 142 125 108 91 75 60 45 34 29 34 139 122 105 88 71 54 38 23 16 24 139 121 104 87 69 52 35 17 2 18 139 122 105 88 70 54 37 22 13 22 141 124 107 91 74 58 44 32 27 32 144 128 112 96 80 66 53 44 40 44 149 133 117 102 88 75 64 57 54 57 155 139 125 110 97 86 76 70 68 70 161 147 133 120 108 97 89 84 82 83
56 82 0 31 45 25 41 33 28 38 41 11 29 22 35 52 58 33 46 43 59 78 49 61 38 27 42 48 26 50 45 37 61 18 23 46 56 30 48 46 98 87 80 75 75 78 85 95 107 120 87 76 67 62 61 65 74 85 97 112 78 65 54 48 47 53 63 75 90 105 70 56 43 34 33 41 53 68 83 100 65 49 33 21 20 31 46 62 79 96 63 45 28 11 9 25 43 60 77 94 63 46 30 15 13 27 44 61 78 95 67 51 37 27 26 35 49 64 81 97 73 59 47 40 39 46 57 71 86 102 82 69 60 54 53 58 67 79 93 107
25 52 31 0 22 32 16 9 8 7 59 31 31 16 8 21 60 9 49 21 30 47 60 66 22 17 13 20 9 47 47 43 31 25 48 17 60 3 52 21 111 97 85 74 67 63 64 70 79 90 103 88 75 63 54 49 51 58 69 82 97 81 66 52 41 35 38 47 60 74 93 76 60 44 30 21 25 37 53 69 91 74 57 40 23 8 16 32 49 66 91 74 57 40 23 9 16 32 49 66 93 77 60 44 30 22 26 38 53 69 98 82 67 53 42 36 38 47 60 75 104 89 75 63 54 50 51 58 69 82 111 97 85 75 67 64 65 70 79 91
28 47 45 22 0 32 7 14 29 19 57 39 28 23 26 22 48 14 39 38 37 43 53 87 11 18 12 33 30 33 36 36 31 45 54 28 50 24 41 36 101 86 71 58 48 42 43 51 63 76 96 80 64 49 36 28 30 40 54 70 93 76 59 43 27 15 18 33 49 66 92 75 58 40 23 6 13 30 47 64 93 76 60 43 27 16 19 33 49 66 97 80 64 50 37 29 31 41 55 70 102 86 72 59 49 43 44 52 63 77 109 94 81 70 61 57 58 64 73 85 117 103 91 82 74 71 72 76 84 95 126 114 103 94 88 85 85 89 96 106
54 78 25 32 32 0 32 28 35 37 27 14 6 18 40 48 34 28 21 52 62 74 29 84 22 17 36 52 34 26 20 13 59 38 23 48 32 34 24 53 80 67 57 51 51 56 66 78 92 107 71 57 45 37 37 44 56 70 85 101 65 49 35 24 24 34 48 64 81 97 62 45 28 13 12 27 44 61 78 95 62 45 28 12 11 27 44 61 78 95 65 49 34 23 22 33 48 64 80 97 71 57 44 36 36 43 55 70 85 101 79 66 56 50 50 55 65 77 91 106 88 77 69 64 64 68 76 87 100 113 99 89 82 78 78 81 88 97 109 122
25 46 41 16 7 32 0 9 23 13 58 37 28 20 20 18 52 9 42 32 33 42 56 81 12 16 6 28 24 37 40 38 28 39 53 23 53 18 44 31 105 90 76 63 53 48 49 56 66 79 99 83 68 53 41 35 36 44 57 72 95 78 62 46 31 21 23 35 50 67 93 76 59 41 24 9 13 30 47 64 93 76 59 42 25 11 15 30 47 64 96 79 63 47 33 24 25 37 51 67 100 84 69 55 44 37 38 46 59 73 106 91 77 65 56 51 52 58 68 81 113 100 87 77 69 65 65 70 79 90 122 109 98 89 82 79 79 83 90 100
27 52 33 9 14 28 9 0 16 10 55 30 26 13 15 21 53 0 42 28 34 47 54 74 14 11 10 26 17 39 40 37 32 31 47 22 54 11 45 28 104 90 77 66 58 55 57 64 74 87 98 82 68 55 45 41 44 52 65 79 93 76 60 46 33 27 31 43 57 73 90 73 56 39 23 13 20 36 52 69 89 71 54 37 20 3 16 33 51 68 90 73 56 40 25 16 22 37 53 70 94 77 62 47 36 30 34 44 59 74 99 84 70 57 48 44 46 55 67 80 106 92 79 68 61 58 60 66 76 89 114 101 90 81 74 72 73 79 87 98
29 56 28 8 29 35 23 16 0 13 60 30 34 18 8 26 65 16 53 18 32 51 63 59 28 21 20 20 3 52 51 46 35 19 47 19 65 5 56 20 114 101 89 79 73 70 71 77 85 96 106 91 78 67 59 56 58 64 74 87 99 83 69 56 46 42 44 53 65 79 94 77 61 47 34 28 32 43 57 73 91 73 57 40 24 14 21 35 52 69 89 72 55 38 20 3 15 33 50 67 91 74 57 40 25 15 21 36 52 69 94 78 62 47 35 29 32 43 57 73 99 84 69 57 47 43 45 53 65 79 106 92 79 68 60 57 58 65 75 87
19 45 38 7 19 37 13 10 13 0 64 37 35 21 8 14 62 10 51 20 25 41 63 69 23 20 9 17 15 48 49 46 24 31 54 12 63 8 54 19 114 99 86 75 66 61 60 65 73 84 107 92 77 64 53 47 46 52 62 75 102 85 70 55 42 33 33 41 53 68 98 81 64 48 33 20 20 31 46 63 97 79 62 45 28 11 9 26 43 60 97 80 63 46 29 15 13 28 44 61 100 83 67 51 37 27 26 35 49 65 104 88 73 59 47 40 39 46 57 71 110 95 81 69 59 54 53 58 67 79 118 104 91 80 72 67 67 71 79 89
81 104 41 59 57 27 58 55 60 64 0 32 30 44 66 75 31 55 26 78 88 100 14 101 47 44 63 79 59 36 27 23 86 58 21 75 26 60 25 79 57 48 45 48 56 68 82 97 113 129 47 36 31 35 46 60 76 92 108 125 39 24 17 24 38 55 71 88 105 122 35 18 2 18 35 52 69 87 104 121 37 22 13 21 37 54 70 88 105 122 44 32 27 32 44 58 74 91 107 124 54 45 41 44 53 66 80 96 111 128 66 58 55 58 65 75 88 102 117 133 78 72 69 71 77 86 97 110 124 139 91 85 83 85 90 98 108 119 132 146
56 81 11 31 39 14 37 30 30 37 32 0 19 18 37 50 47 30 35 47 61 77 38 72 31 22 39 50 29 40 34 27 61 27 18 47 45 31 37 49 88 77 69 65 65 69 78 88 101 115 78 66 56 51 51 57 67 79 93 108 70 56 44 37 37 45 57 71 87 103 64 48 34 23 24 35 49 65 82 99 61 44 27 11 12 28 45 62 79 97 61 44 27 11 12 28 45 62 79 97 64 48 33 23 23 34 49 65 82 99 70 56 44 36 36 44 56 71 86 102 78 65 56 50 50 56 66 79 93 108 88 77 68 64 64 69 77 88 101 115
52 74 29 31 28 6 28 26 34 35 30 19 0 17 38 45 32 26 19 51 59 70 29 87 18 15 33 51 34 22 18 12 56 40 28 46 31 33 22 52 80 67 56 48 47 51 61 73 87 102 73 58 44 35 33 39 51 65 81 97 68 51 36 23 19 29 43 60 76 93 65 48 31 14 6 23 40 57 74 92 66 49 32 17 12 25 41 58 75 92 70 54 39 28 25 33 46 62 78 95 76 62 49 41 39 44 55 68 83 99 84 71 61 54 53 57 66 77 91 105 94 82 74 68 67 70 77 87 99 113 104 94 87 82 81 84 89 98 109 121
39 64 22 16 23 18 20 13 18 21 44 18 17 0 23 33 48 13 35 35 45 60 45 72 17 6 22 35 17 36 34 29 44 26 34 32 47 17 38 36 96 83 72 63 59 59 64 73 85 98 88 74 61 51 45 45 52 63 76 91 82 67 52 39 31 32 41 54 69 85 78 61 45 29 18 19 32 48 65 82 77 59 42 25 8 11 28 45 63 80 78 61 44 28 15 17 31 47 64 81 81 65 50 36 28 29 39 52 68 84 87 72 59 48 41 42 49 61 74 89 94 81 69 60 55 56 61 71 83 96 103 91 81 73 69 69 74 82 92 105
21 49 35 8 26 40 20 15 8 8 66 37 38 23 0 19 67 15 56 14 25 44 67 62 29 24 16 14 10 54 54 50 27 26 54 11 68 6 59 14 118 104 92 81 73 68 68 72 79 90 110 96 82 70 60 54 54 59 68 80 104 89 73 59 48 41 40 47 58 72 100 83 67 51 37 27 27 36 50 65 97 80 63 46 30 15 14 28 44 61 97 79 62 45 28 10 9 26 43 60 98 81 64 48 32 20 19 31 46 62 101 85 69 54 41 33 32 40 53 67 107 91 77 63 53 46 46 52 62 75 113 99 86 74 65 60 59 64 72 84
7 32 52 21 22 48 18 21 26 14 75 50 45 33 19 0 69 21 59 24 16 27 73 77 30 32 13 16 28 54 57 56 11 44 67 11 70 22 62 20 122 107 92 79 67 59 54 55 61 71 117 100 85 70 57 46 40 42 50 62 112 96 79 63 48 35 27 29 40 54 110 93 76 59 42 26 13 18 32 49 109 92 75 57 40 23 6 13 30 47 111 93 76 60 43 28 17 21 34 50 113 97 81 65 50 38 31 33 42 56 118 102 87 72 60 50 44 46 53 64 124 109 95 82 71 62 58 59 65 74 131 117 104 92 82 75 72 73 77 85
76 91 58 60 48 34 52 53 65 62 31 47 32 48 67 69 0 53 13 80 84 89 18 117 40 44 57 78 65 15 14 21 78 71 46 73 5 62 10 80 54 38 25 19 27 41 57 73 90 107 51 34 17 5 20 37 54 71 88 106 52 35 19 10 22 38 55 72 89 106 56 42 29 24 31 44 59 75 92 108 64 51 42 39 43 53 66 80 96 112 73 63 55 53 56 64 75 88 102 118 84 75 69 67 69 76 85 97 110 124 96 88 83 81 83 88 96 107 119 132 108 101 96 95 96 101 108 118 129 141 121 114 110 109 110 114 121 129 139 150
27 52 33 9 14 28 9 0 16 10 55 30 26 13 15 21 53 0 42 28 34 47 54 74 14 11 10 26 17 39 40 37 32 31 47 22 54 11 45 28 104 90 77 66 58 55 57 64 74 87 98 82 68 55 45 41 44 52 65 79 93 76 60 46 33 27 31 43 57 73 90 73 56 39 23 13 20 36 52 69 89 71 54 37 20 3 16 33 51 68 90 73 56 40 25 16 22 37 53 70 94 77 62 47 36 30 34 44 59 74 99 84 70 57 48 44 46 55 67 80 106 92 79 68 61 58 60 66 76 89 114 101 90 81 74 72 73 79 87 98
66 84 46 49 39 21 42 42 53 51 26 35 19 35 56 59 13 42 0 69 74 81 16 105 30 32 47 67 52 10 3 9 69 59 36 63 12 50 3 69 64 49 37 30 33 43 57 72 88 105 58 42 27 16 21 35 51 68 85 102 56 39 21 4 14 32 49 66 83 101 57 41 25 14 19 34 50 67 84 101 62 47 34 27 30 41 56 71 87 104 70 56 46 41 43 52 63 78 93 108 79 68 59 55 57 63 73 86 100 114 89 80 73 69 71 76 84 95 108 122 101 92 86 84 84 89 96 106 117 130 113 105 100 98 98 102 108 117 127 139
22 48 43 21 38 52 32 28 18 20 78 47 51 35 14 24 80 28 69 0 20 43 80 54 42 37 27 9 19 67 67 63 27 29 64 13 81 19 72 5 131 117 105 94 85 79 77 79 84 92 123 108 95 83 73 66 63 65 71 81 116 101 86 73 61 53 49 52 60 71 111 95 79 64 50 40 35 39 49 62 107 90 74 57 42 28 21 27 40 56 105 88 71 54 37 20 8 18 35 52 105 88 71 54 37 20 7 18 35 52 107 90 74 57 42 28 21 27 40 56 111 95 79 64 50 40 35 39 49 62 116 101 86 72 61 52 49 52 59 71
10 28 59 30 37 62 33 34 32 25 88 61 59 45 25 16 84 34 74 20 0 24 88 71 45 45 28 13 34 70 72 70 11 47 78 14 86 30 77 16 137 122 108 95 83 73 67 65 67 74 131 116 100 86 73 61 54 51 54 62 126 110 94 78 64 51 41 37 41 51 123 106 89 73 57 41 29 23 30 43 121 104 87 69 52 35 19 10 21 37 121 104 86 69 52 35 18 5 19 36 122 105 88 71 55 39 25 19 26 40 125 109 92 76 61 47 37 33 38 48 130 114 98 83 70 58 50 47 50 59 135 120 105 92 80 70 63 60 63 70
23 5 78 47 43 74 42 47 51 41 100 77 70 60 44 27 89 47 81 43 24 0 96 94 53 58 39 35 54 74 79 79 17 69 94 34 91 48 84 39 143 127 111 95 80 67 56 48 46 51 139 122 105 89 73 58 45 35 33 39 136 119 102 85 68 52 36 23 19 28 135 118 100 83 66 49 31 15 6 22 135 118 101 84 66 49 33 17 11 24 137 120 103 86 70 54 39 27 24 32 140 124 107 91 76 61 49 40 38 43 145 129 113 98 83 71 60 53 51 55 150 135 120 106 93 81 72 66 65 68 157 142 128 115 103 93 85 80 79 81
80 99 49 60 53 29 56 54 63 63 14 38 29 45 67 73 18 54 16 80 88 96 0 110 44 44 61 79 62 26 18 18 83 65 32 75 13 61 15 80 52 39 33 34 44 57 72 88 104 120 44 29 19 22 35 50 67 84 101 118 41 23 7 13 30 47 65 82 99 116 42 26 12 17 32 48 65 82 100 117 48 34 26 28 39 53 69 85 102 119 56 46 40 41 49 61 75 90 106 123 67 58 54 55 61 71 83 97 112 128 79 72 68 69 74 82 93 105 119 134 91 85 82 83 87 94 103 115 128 141 104 99 96 97 100 106 115 125 137 150
75 98 61 66 87 84 81 74 59 69 101 72 87 72 62 77 117 74 105 54 71 94 110 0 86 78 78 62 58 107 104 97 80 47 81 66 116 64 108 58 158 148 140 134 130 129 129 132 137 144 146 136 128 121 117 115 115 119 124 132 135 124 115 108 103 101 102 105 112 120 125 113 103 95 89 87 88 92 99 109 116 103 91 82 76 73 74 79 88 98 107 93 81 70 62 59 61 67 77 89 100 85 71 58 49 45 47 55 67 80 95 78 63 49 37 31 34 45 58 74 91 74 57 41 26 17 23 37 53 69 89 72 55 38 20 4 16 33 50 67
36 57 38 22 11 22 12 14 28 23 47 31 18 17 29 30 40 14 30 42 45 53 44 86 0 11 18 39 29 26 28 27 40 41 44 34 41 25 33 41 93 78 64 53 45 43 48 58 71 86 87 71 56 42 32 29 36 49 64 80 84 67 50 34 20 16 27 42 59 76 82 65 48 30 13 5 22 40 57 74 83 66 50 33 19 15 26 42 59 76 87 71 55 41 31 28 35 48 63 79 92 77 63 52 44 42 47 57 70 85 100 86 73 63 57 56 60 68 79 92 108 96 85 76 71 70 73 80 89 101 118 106 97 89 85 84 86 92 101 111
38 62 27 17 18 17 16 11 21 20 44 22 15 6 24 32 44 11 32 37 45 58 44 78 11 0 20 36 21 31 30 26 43 32 37 32 44 19 35 38 94 80 68 59 53 53 59 68 80 94 87 72 58 46 39 39 47 58 72 87 82 65 50 36 26 26 36 50 66 82 79 62 45 28 14 14 29 45 62 79 78 61 44 26 10 10 27 44 61 79 80 63 47 32 20 21 32 48 64 81 84 69 54 42 34 34 42 54 69 85 91 76 64 53 47 47 53 64 76 91 99 86 74 66 61 61 66 74 86 99 108 96 86 79 75 75 79 86 96 107
19 43 42 13 12 36 6 10 20 9 63 39 33 22 16 13 57 10 47 27 28 39 61 78 18 20 0 22 22 43 45 43 23 38 56 17 59 16 50 25 110 95 81 69 59 53 52 57 66 78 104 88 73 59 47 39 38 45 56 70 100 83 67 51 37 26 25 34 48 64 98 81 63 46 30 14 12 27 43 60 97 80 63 46 28 12 9 25 42 60 99 82 65 49 34 22 20 31 46 62 103 86 71 56 43 34 34 41 53 68 108 93 78 65 55 48 47 53 63 75 115 101 87 76 67 62 61 65 73 84 123 110 98 87 80 75 75 78 85 95
14 40 48 20 33 52 28 26 20 17 79 50 51 35 14 16 78 26 67 9 13 35 79 62 39 36 22 0 23 64 65 62 19 35 67 6 79 20 70 5 130 116 102 90 80 73 70 70 75 83 123 108 93 80 69 60 56 57 63 73 117 101 86 71 58 47 42 43 51 63 113 96 80 64 49 36 28 30 41 55 110 93 76 59 42 27 15 19 33 49 109 92 75 57 40 23 6 13 30 47 110 93 76 59 43 27 16 19 33 49 113 96 80 64 49 36 29 31 41 55 117 101 86 71 58 48 43 44 52 63 123 108 94 81 69 61 57 58 63 73
31 59 26 9 30 34 24 17 3 15 59 29 34 17 10 28 65 17 52 19 34 54 62 58 29 21 22 23 0 52 51 46 37 16 45 21 64 7 55 21 113 100 89 80 73 71 73 79 88 99 105 91 78 67 60 57 60 66 77 89 97 82 68 56 47 43 46 55 67 81 92 76 60 46 34 29 34 45 59 75 89 72 55 38 24 15 23 38 54 71 87 70 53 35 18 1 18 35 52 69 88 71 54 38 22 14 22 37 54 71 92 75 59 45 33 28 32 44 59 74 97 81 67 54 45 41 45 54 66 80 104 89 77 66 58 55 58 65 76 88
61 77 50 47 33 26 37 39 52 48 36 40 22 36 54 54 15 39 10 67 70 74 26 107 26 31 43 64 52 0 9 16 64 61 44 59 18 49 12 66 69 53 39 28 26 34 47 63 79 95 65 48 32 17 12 25 42 58 76 93 65 47 30 13 7 23 40 58 75 92 67 50 35 22 19 29 44 60 77 94 72 57 44 34 33 39 51 66 81 97 79 66 55 48 46 51 61 73 88 103 88 77 67 61 60 64 72 83 95 109 99 88 80 75 74 77 84 93 105 118 110 100 93 89 88 91 96 105 115 127 121 113 107 103 102 104 109 116 126 137
64 82 45 47 36 20 40 40 51 49 27 34 18 34 54 57 14 40 3 67 72 79 18 104 28 30 45 65 51 9 0 8 67 57 37 60 14 48 5 67 66 51 39 31 33 42 56 71 87 103 60 44 29 18 20 34 49 66 83 100 58 41 24 7 12 29 47 64 81 99 59 43 26 14 17 32 48 65 82 99 64 49 35 27 29 39 53 69 85 102 71 58 47 41 42 50 61 75 90 106 80 68 59 55 56 62 71 84 97 112 90 80 73 69 70 74 82 93 106 119 101 92 86 83 83 87 94 104 115 128 113 105 100 97 97 101 107 115 125 137
62 82 37 43 36 13 38 37 46 46 23 27 12 29 50 56 21 37 9 63 70 79 18 97 27 26 43 62 46 16 8 0 66 51 29 58 19 44 11 63 68 55 44 39 40 49 61 75 91 107 62 46 33 25 28 39 54 70 86 103 58 41 24 11 17 32 49 66 83 100 57 40 23 7 14 31 48 66 83 100 60 44 29 19 23 36 51 68 85 102 66 51 40 33 35 45 58 73 89 105 74 61 52 47 49 56 67 80 95 110 84 73 65 61 62 68 77 89 102 117 94 85 78 75 76 81 89 99 111 124 106 98 92 89 90 94 101 110 121 133
6 22 61 31 31 59 28 32 35 24 86 61 56 44 27 11 78 32 69 27 11 17 83 80 40 43 23 19 37 64 67 66 0 52 78 17 80 32 72 23 132 116 101 87 74 64 57 54 57 65 127 111 95 79 65 53 44 41 45 54 123 106 89 73 57 43 31 27 33 45 121 104 86 69 52 36 21 13 23 39 120 103 85 68 51 34 16 3 19 37 121 104 87 70 53 37 22 16 25 40 124 107 90 74 59 45 34 30 35 47 128 112 96 81 67 55 46 43 47 56 133 118 103 89 77 66 59 57 60 68 140 125 111 99 88 79 73 71 73 79
46 73 18 25 45 38 39 31 19 31 58 27 40 26 26 44 71 31 59 29 47 69 65 47 41 32 38 35 16 61 57 51 52 0 40 36 70 23 61 32 114 103 94 88 84 84 88 94 104 115 104 92 82 74 70 70 75 82 93 105 96 82 70 61 56 57 62 71 83 97 88 73 60 49 43 43 50 61 74 89 82 66 51 38 29 30 39 52 68 84 79 62 45 29 16 17 31 47 63 80 77 60 43 25 8 10 27 45 62 79 79 62 45 29 17 18 31 47 64 81 83 67 52 38 30 31 40 53 68 84 89 74 61 50 44 44 51 62 75 90
73 98 23 48 54 23 53 47 47 54 21 18 28 34 54 67 46 47 36 64 78 94 32 81 44 37 56 67 45 44 37 29 78 40 0 65 42 48 37 66 77 69 64 64 69 77 88 101 115 130 66 56 50 50 56 66 79 93 108 123 56 44 36 37 44 56 71 86 102 119 48 33 23 23 34 49 65 82 98 115 44 27 11 12 28 45 62 79 96 114 44 27 11 12 28 45 62 79 96 114 48 34 23 24 35 49 65 82 99 115 56 44 37 37 45 57 71 86 102 119 66 56 51 51 57 67 79 93 108 124 78 69 65 65 69 78 88 101 115 130
11 38 46 17 28 48 23 22 19 12 75 47 46 32 11 11 73 22 63 13 14 34 75 66 34 32 17 6 21 59 60 58 17 36 65 0 74 17 65 10 125 111 97 85 75 68 65 66 72 81 119 103 89 75 63 55 51 53 60 70 113 97 81 66 53 42 37 39 49 61 110 93 76 60 44 31 23 27 39 54 108 90 73 56 39 22 10 17 33 50 107 90 73 56 38 21 7 16 33 50 109 92 75 59 43 28 20 24 38 53 112 96 80 65 51 39 34 37 46 59 117 102 87 73 61 52 48 50 57 68 124 109 95 83 72 65 61 63 69 78
77 94 56 60 50 32 53 54 65 63 26 45 31 47 68 70 5 54 12 81 86 91 13 116 41 44 59 79 64 18 14 19 80 70 42 74 0 62 9 81 52 37 25 23 31 45 61 78 94 111 48 31 15 9 24 41 58 75 92 109 48 31 15 9 24 41 58 75 92 109 52 37 25 22 31 45 61 77 94 111 59 46 38 36 42 53 67 82 98 115 69 58 51 50 54 63 75 89 104 119 79 70 65 64 67 75 85 97 111 126 91 83 79 78 81 87 96 107 120 133 104 97 93 92 94 100 107 117 129 142 116 110 107 106 108 113 120 128 139 151
26 53 30 3 24 34 18 11 5 8 60 31 33 17 6 22 62 11 50 19 30 48 61 64 25 19 16 20 7 49 48 44 32 23 48 17 62 0 53 20 112 99 86 76 69 66 67 72 81 92 105 90 76 65 56 52 53 60 70 83 98 83 68 54 43 38 40 49 61 75 94 77 61 45 32 24 27 39 54 70 91 74 57 40 24 10 17 33 49 66 91 74 56 39 22 7 15 32 49 66 93 76 59 43 29 20 23 36 52 68 97 81 65 51 39 33 36 45 58 73 102 87 73 61 52 47 49 56 67 80 110 96 83 72 65 61 62 68 77 89
69 87 48 52 41 24 44 45 56 54 25 37 22 38 59 62 10 45 3 72 77 84 15 108 33 35 50 70 55 12 5 11 72 61 37 65 9 53 0 72 61 46 34 28 32 44 58 74 90 106 56 39 24 14 21 36 53 70 87 104 54 37 19 2 16 34 51 68 86 103 56 39 24 15 22 37 53 70 87 104 61 47 35 29 33 44 58 74 90 107 69 56 47 43 46 54 66 80 95 111 79 68 60 57 59 66 76 88 102 117 90 80 74 71 73 78 87 98 111 124 101 93 88 85 87 91 99 108 120 133 114 106 101 99 100 104 111 120 130 142
18 44 46 21 36 53 31 28 20 19 79 49 52 36 14 20 80 28 69 5 16 39 80 58 41 38 25 5 21 66 67 63 23 32 66 10 81 20 72 0 131 117 104 93 84 77 74 75 80 88 124 109 95 82 71 64 60 61 67 77 117 102 87 73 60 51 46 48 55 67 113 96 80 65 50 39 32 35 45 58 109 92 76 59 43 28 19 23 36 52 108 91 73 56 39 22 6 15 32 49 108 91 74 57 40 24 11 17 33 50 111 94 77 61 46 32 25 28 39 54 115 98 83 68 54 44 38 40 49 62 120 105 90 77 65 56 52 54 60 71
129 145 98 111 101 80 105 104 114 114 57 88 80 96 118 122 54 104 64 131 137 143 52 158 93 94 110 130 113 69 66 68 132 114 77 125 52 112 61 131 0 18 35 52 70 87 104 122 139 156 15 23 38 54 71 88 105 122 140 157 29 34 45 60 75 91 108 125 142 159 43 47 55 68 82 97 113 129 145 162 58 60 67 77 90 104 119 134 150 166 72 74 80 88 99 112 126 140 156 171 86 88 93 100 110 122 134 148 162 177 100 102 106 112 121 132 144 156 170 184 115 116 119 125 133 143 154 166 179 192 129 130 133 138 145 154 164 176 188 201
114 129 87 97 86 67 90 90 101 99 48 77 67 83 104 107 38 90 49 117 122 127 39 148 78 80 95 116 100 53 51 55 116 103 69 111 37 99 46 117 18 0 18 35 52 70 87 104 122 139 23 15 23 38 54 71 88 105 122 140 34 29 34 45 60 75 91 108 125 142 47 43 46 55 67 82 97 112 129 145 60 57 60 67 77 90 104 118 134 150 74 72 73 79 88 99 112 126 140 155 88 86 87 92 100 110 121 134 148 162 102 100 101 105 112 121 131 143 156 170 116 114 115 119 125 133 142 153 165 178 130 128 129 132 138 145 154 164 175 187
99 113 80 85 71 57 76 77 89 86 45 69 56 72 92 92 25 77 37 105 108 111 33 140 64 68 81 102 89 39 39 44 101 94 64 97 25 86 34 104 35 18 0 18 35 52 70 87 104 122 38 23 15 23 38 54 71 88 105 122 45 34 29 34 45 60 75 91 108 125 55 46 43 46 55 67 81 97 112 129 67 60 57 60 67 77 90 104 118 134 80 73 71 73 79 88 99 112 126 140 93 87 85 87 92 99 109 121 134 148 106 101 99 101 105 112 121 131 143 156 119 115 114 115 118 124 132 142 153 165 133 129 128 129 132 137 144 153 163 175
86 97 75 74 58 51 63 66 79 75 48 65 48 63 81 79 19 66 30 94 95 95 34 134 53 59 69 90 80 28 31 39 87 88 64 85 23 76 28 93 52 35 18 0 18 35 52 70 87 104 54 38 23 15 23 38 54 71 88 105 60 45 34 29 33 45 59 75 91 108 68 55 46 43 46 55 67 81 97 112 77 67 60 57 59 66 77 89 103 118 88 79 73 71 73 79 88 99 112 125 100 92 87 85 87 91 99 109 121 134 112 105 101 99 100 105 111 120 131 143 125 119 115 113 114 118 124 132 141 152 138 132 129 127 128 131 137 144 153 163
74 82 75 67 48 51 53 58 73 66 56 65 47 59 73 67 27 58 33 85 83 80 44 130 45 53 59 80 73 26 33 40 74 84 69 75 31 69 32 84 70 52 35 18 0 18 35 52 70 87 71 54 38 23 15 23 38 54 71 88 75 60 45 33 29 33 45 59 75 91 82 67 55 46 43 46 55 67 81 96 90 77 67 59 57 59 66 77 89 103 99 88 79 73 71 73 78 87 99 111 110 100 92 87 85 86 91 99 109 120 121 112 105 100 99 100 104 111 120 130 133 125 118 114 113 114 117 123 131 141 145 138 132 128 127 127 131 136 143 152
64 67 78 63 42 56 48 55 70 61 68 69 51 59 68 59 41 55 43 79 73 67 57 129 43 53 53 73 71 34 42 49 64 84 77 68 45 66 44 77 87 70 52 35 18 0 18 35 52 70 88 71 54 38 23 14 23 38 54 71 91 75 60 45 33 28 33 45 59 75 97 82 67 55 46 42 46 55 67 81 104 90 77 66 59 56 59 66 76 89 112 99 88 79 73 70 72 78 87 98 122 110 99 91 86 84 86 91 98 108 132 121 112 105 100 98 99 104 110 119 143 133 124 118 114 112 113 117 123 131 154 145 137 131 127 126 127 130 135 143
59 55 85 64 43 66 49 57 71 60 82 78 61 64 68 54 57 57 57 77 67 56 72 129 48 59 52 70 73 47 56 61 57 88 88 65 61 67 58 74 104 87 70 52 35 18 0 18 35 52 105 88 71 54 38 23 14 23 38 54 108 91 75 59 45 33 28 33 45 59 113 97 81 67 55 46 42 46 54 67 119 104 90 77 66 59 56 59 66 76 126 112 99 88 78 72 70 72 78 87 134 121 109 99 91 86 84 85 90 98 144 131 121 111 104 99 98 99 103 110 154 142 132 124 117 113 112 113 116 122 164 154 144 137 131 127 125 126 130 135
58 46 95 70 51 78 56 64 77 65 97 88 73 73 72 55 73 64 72 79 65 48 88 132 58 68 57 70 79 63 71 75 54 94 101 66 78 72 74 75 122 104 87 70 52 35 18 0 18 35 122 105 88 71 54 38 23 14 23 38 125 108 91 75 59 45 33 28 33 45 129 112 97 81 67 55 46 42 45 54 134 118 104 89 77 66 59 56 58 65 140 126 112 99 87 78 72 70 72 77 148 134 121 109 99 91 85 83 85 90 156 143 131 120 111 104 99 97 99 103 166 153 142 132 123 117 113 111 112 116 176 164 153 144 136 130 126 125 126 129
62 43 107 79 63 92 66 74 85 73 113 101 87 85 79 61 90 74 88 84 67 46 104 137 71 80 66 75 88 79 87 91 57 104 115 72 94 81 90 80 139 122 104 87 70 52 35 18 0 18 140 122 105 88 71 54 38 23 14 23 142 125 108 91 75 59 45 33 28 33 145 129 112 97 81 67 54 45 42 45 150 134 118 103 89 76 66 58 55 58 156 140 126 112 99 87 78 72 69 71 162 148 134 121 109 98 90 85 83 85 170 156 143 131 120 110 103 99 97 98 179 165 153 141 131 123 116 112 110 112 188 175 163 153 143 135 130 126 124 125
71 46 120 90 76 107 79 87 96 84 129 115 102 98 90 71 107 87 105 92 74 51 120 144 86 94 78 83 99 95 103 107 65 115 130 81 111 92 106 88 156 139 122 104 87 70 52 35 18 0 157 140 122 105 88 71 54 38 23 14 159 142 125 108 91 75 59 45 33 28 162 145 129 112 96 81 67 54 45 42 166 150 134 118 103 89 76 65 58 55 171 155 140 125 111 98 87 77 71 69 177 162 148 134 120 108 98 90 85 83 184 170 156 143 130 119 110 103 98 96 192 178 165 152 141 131 122 116 112 110 201 187 175 163 152 143 135 129 125 124
123 142 87 103 96 71 99 98 106 107 47 78 73 88 110 117 51 98 58 123 131 139 44 146 87 87 104 123 105 65 60 62 127 104 66 119 48 105 56 124 15 23 38 54 71 88 105 122 140 157 0 18 35 52 70 87 104 122 139 156 15 23 38 54 71 88 105 122 140 157 29 34 45 60 75 91 108 125 142 159 43 47 55 68 82 97 113 129 145 162 58 60 67 77 90 104 119 134 150 166 72 74 80 88 99 112 126 140 156 171 86 88 93 100 110 122 134 148 162 177 100 102 106 112 121 132 144 156 170 184 115 116 119 125 133 143 154 166 179 192
107 125 76 88 80 57 83 82 91 92 36 66 58 74 96 100 34 82 42 108 116 122 29 136 71 72 88 108 91 48 44 46 111 92 56 103 31 90 39 109 23 15 23 38 54 71 88 105 122 140 18 0 18 35 52 70 87 104 122 139 23 15 23 38 54 71 88 105 122 140 34 29 34 45 60 75 91 108 125 142 47 43 46 55 67 82 97 112 129 145 60 57 60 67 77 90 104 118 134 150 74 72 73 79 88 99 112 126 140 155 88 86 87 92 100 110 121 134 148 162 102 100 101 105 112 121 131 143 156 170 116 114 115 119 125 133 142 153 165 178
92 108 67 75 64 45 68 68 78 77 31 56 44 61 82 85 17 68 27 95 100 105 19 128 56 58 73 93 78 32 29 33 95 82 50 89 15 76 24 95 38 23 15 23 38 54 71 88 105 122 35 18 0 18 35 52 70 87 104 122 38 23 15 23 38 54 71 88 105 122 45 34 29 34 45 60 75 91 108 125 55 46 43 46 55 67 81 97 112 129 67 60 57 60 67 77 90 104 118 134 80 73 71 73 79 88 99 112 126 140 93 87 85 87 92 99 109 121 134 148 106 101 99 101 105 112 121 131 143 156 119 115 114 115 118 124 132 142 153 165
77 91 62 63 49 37 53 55 67 64 35 51 35 51 70 70 5 55 16 83 86 89 22 121 42 46 59 80 67 17 18 25 79 74 50 75 9 65 14 82 54 38 23 15 23 38 54 71 88 105 52 35 18 0 18 35 52 70 87 104 54 38 23 15 23 38 54 71 88 105 60 45 34 29 33 45 59 75 91 108 68 55 46 43 46 55 67 81 97 112 77 67 60 57 59 66 77 89 103 118 88 79 73 71 73 79 88 99 112 125 100 92 87 85 87 91 99 109 121 134 112 105 101 99 100 105 111 120 131 143 125 119 115 113 114 118 124 132 141 152
63 75 61 54 36 37 41 45 59 53 46 51 33 45 60 57 20 45 21 73 73 73 35 117 32 39 47 69 60 12 20 28 65 70 56 63 24 56 21 71 71 54 38 23 15 23 38 54 71 88 70 52 35 18 0 18 35 52 70 87 71 54 38 23 15 23 38 54 71 88 75 60 45 33 29 33 45 59 75 91 82 67 55 46 43 46 55 67 81 96 90 77 67 59 57 59 66 77 89 103 99 88 79 73 71 73 78 87 99 111 110 100 92 87 85 86 91 99 109 120 121 112 105 100 99 100 104 111 120 130 133 125 118 114 113 114 117 123 131 141
52 60 65 49 28 44 35 41 56 47 60 57 39 45 54 46 37 41 35 66 61 58 50 115 29 39 39 60 57 25 34 39 53 70 66 55 41 52 36 64 88 71 54 38 23 14 23 38 54 71 87 70 52 35 18 0 18 35 52 70 88 71 54 38 23 14 23 38 54 71 91 75 60 45 33 28 33 45 59 75 97 82 67 55 46 42 46 55 67 81 104 90 77 66 59 56 59 66 76 89 112 99 88 79 73 70 72 78 87 98 122 110 99 91 86 84 86 91 98 108 132 121 112 105 100 98 99 104 110 119 143 133 124 118 114 112 113 117 123 131
45 45 74 51 30 56 36 44 58 46 76 67 51 52 54 40 54 44 51 63 54 45 67 115 36 47 38 56 60 42 49 54 44 75 79 51 58 53 53 60 105 88 71 54 38 23 14 23 38 54 104 87 70 52 35 18 0 18 35 52 105 88 71 54 38 23 14 23 38 54 108 91 75 59 45 33 28 33 45 59 113 97 81 67 55 46 42 46 54 67 119 104 90 77 66 59 56 59 66 76 126 112 99 88 78 72 70 72 78 87 134 121 109 99 91 86 84 85 90 98 144 131 121 111 104 99 98 99 103 110 154 142 132 124 117 113 112 113 116 122
44 34 85 58 40 70 44 52 64 52 92 79 65 63 59 42 71 52 68 65 51 35 84 119 49 58 45 57 66 58 66 70 41 82 93 53 75 60 70 61 122 105 88 71 54 38 23 14 23 38 122 104 87 70 52 35 18 0 18 35 122 105 88 71 54 38 23 14 23 38 125 108 91 75 59 45 33 28 33 45 129 112 97 81 67 55 46 42 45 54 134 118 104 89 77 66 59 56 58 65 140 126 112 99 87 78 72 70 72 77 148 134 121 109 99 91 85 83 85 90 156 143 131 120 111 104 99 97 99 103 166 153 142 132 123 117 113 111 112 116
50 29 97 69 54 85 57 65 74 62 108 93 81 76 68 50 88 65 85 71 54 33 101 124 64 72 56 63 77 76 83 86 45 93 108 60 92 70 87 67 140 122 105 88 71 54 38 23 14 23 139 122 104 87 70 52 35 18 0 18 140 122 105 88 71 54 38 23 14 23 142 125 108 91 75 59 45 33 28 33 145 129 112 97 81 67 54 45 42 45 150 134 118 103 89 76 66 58 55 58 156 140 126 112 99 87 78 72 69 71 162 148 134 121 109 98 90 85 83 85 170 156 143 131 120 110 103 99 97 98 179 165 153 141 131 123 116 112 110 112
60 34 112 82 70 101 72 79 87 75 125 108 97 91 80 62 106 79 102 81 62 39 118 132 80 87 70 73 89 93 100 103 54 105 123 70 109 83 104 77 157 140 122 105 88 71 54 38 23 14 156 139 122 104 87 70 52 35 18 0 157 140 122 105 88 71 54 38 23 14 159 142 125 108 91 75 59 45 33 28 162 145 129 112 96 81 67 54 45 42 166 150 134 118 103 89 76 65 58 55 171 155 140 125 111 98 87 77 71 69 177 162 148 134 120 108 98 90 85 83 184 170 156 143 130 119 110 103 98 96 192 178 165 152 141 131 122 116 112 110
119 139 78 97 93 65 95 93 99 102 39 70 68 82 104 112 52 93 56 116 126 136 41 135 84 82 100 117 97 65 58 58 123 96 56 113 48 98 54 117 29 34 45 60 75 91 108 125 142 159 15 23 38 54 71 88 105 122 140 157 0 18 35 52 70 87 104 122 139 156 15 23 38 54 71 88 105 122 140 157 29 34 45 60 75 91 108 125 142 159 43 47 55 68 82 97 113 129 145 162 58 60 67 77 90 104 119 134 150 166 72 74 80 88 99 112 126 140 156 171 86 88 93 100 110 122 134 148 162 177 100 102 106 112 121 132 144 156 170 184
102 122 65 81 76 49 78 76 83 85 24 56 51 67 89 96 35 76 39 101 110 119 23 124 67 65 83 101 82 47 41 41 106 82 44 97 31 83 37 102 34 29 34 45 60 75 91 108 125 142 23 15 23 38 54 71 88 105 122 140 18 0 18 35 52 70 87 104 122 139 23 15 23 38 54 71 88 105 122 140 34 29 34 45 60 75 91 108 125 142 47 43 46 55 67 82 97 112 129 145 60 57 60 67 77 90 104 118 134 150 74 72 73 79 88 99 112 126 140 155 88 86 87 92 100 110 121 134 148 162 102 100 101 105 112 121 131 143 156 170
86 105 54 66 59 35 62 60 69 70 17 44 36 52 73 79 19 60 21 86 94 102 7 115 50 50 67 86 68 30 24 24 89 70 36 81 15 68 19 87 45 34 29 34 45 60 75 91 108 125 38 23 15 23 38 54 71 88 105 122 35 18 0 18 35 52 70 87 104 122 38 23 15 23 38 54 71 88 105 122 45 34 29 34 45 60 75 91 108 125 55 46 43 46 55 67 81 97 112 129 67 60 57 60 67 77 90 104 118 134 80 73 71 73 79 88 99 112 126 140 93 87 85 87 92 99 109 121 134 148 106 101 99 101 105 112 121 131 143 156
70 88 48 52 43 24 46 46 56 55 24 37 23 39 59 63 10 46 4 73 78 85 13 108 34 36 51 71 56 13 7 11 73 61 37 66 9 54 2 73 60 45 34 29 33 45 59 75 91 108 54 38 23 15 23 38 54 71 88 105 52 35 18 0 18 35 52 70 87 104 54 38 23 15 23 38 54 71 88 105 60 45 34 29 33 45 59 75 91 108 68 55 46 43 46 55 67 81 97 112 77 67 60 57 59 66 77 89 103 118 88 79 73 71 73 79 88 99 112 125 100 92 87 85 87 91 99 109 121 134 112 105 101 99 100 105 111 120 131 143
55 71 47 41 27 24 31 33 46 42 38 37 19 31 48 48 22 33 14 61 64 68 30 103 20 26 37 58 47 7 12 17 57 56 44 53 24 43 16 60 75 60 45 33 29 33 45 59 75 91 71 54 38 23 15 23 38 54 71 88 70 52 35 18 0 18 35 52 70 87 71 54 38 23 15 23 38 54 71 88 75 60 45 33 29 33 45 59 75 91 82 67 55 46 43 46 55 67 81 96 90 77 67 59 57 59 66 77 89 103 99 88 79 73 71 73 78 87 99 111 110 100 92 87 85 86 91 99 109 120 121 112 105 100 99 100 104 111 120 130
41 54 53 35 15 34 21 27 42 33 55 45 29 32 41 35 38 27 32 53 51 52 47 101 16 26 26 47 43 23 29 32 43 57 56 42 41 38 34 51 91 75 60 45 33 28 33 45 59 75 88 71 54 38 23 14 23 38 54 71 87 70 52 35 18 0 18 35 52 70 88 71 54 38 23 14 23 38 54 71 91 75 60 45 33 28 33 45 59 75 97 82 67 55 46 42 46 55 67 81 104 90 77 66 59 56 59 66 76 89 112 99 88 79 73 70 72 78 87 98 122 110 99 91 86 84 86 91 98 108 132 121 112 105 100 98 99 104 110 119
32 38 63 38 18 48 23 31 44 33 71 57 43 41 40 27 55 31 49 49 41 36 65 102 27 36 25 42 46 40 47 49 31 62 71 37 58 40 51 46 108 91 75 59 45 33 28 33 45 59 105 88 71 54 38 23 14 23 38 54 104 87 70 52 35 18 0 18 35 52 105 88 71 54 38 23 14 23 38 54 108 91 75 59 45 33 28 33 45 59 113 97 81 67 55 46 42 46 54 67 119 104 90 77 66 59 56 59 66 76 126 112 99 88 78 72 70 72 78 87 134 121 109 99 91 86 84 85 90 98 144 131 121 111 104 99 98 99 103 110
31 23 75 47 33 64 35 43 53 41 88 71 60 54 47 29 72 43 66 52 37 23 82 105 42 50 34 43 55 58 64 66 27 71 86 39 75 49 68 48 125 108 91 75 59 45 33 28 33 45 122 105 88 71 54 38 23 14 23 38 122 104 87 70 52 35 18 0 18 35 122 105 88 71 54 38 23 14 23 38 125 108 91 75 59 45 33 28 33 45 129 112 97 81 67 55 46 42 45 54 134 118 104 89 77 66 59 56 58 65 140 126 112 99 87 78 72 70 72 77 148 134 121 109 99 91 85 83 85 90 156 143 131 120 111 104 99 97 99 103
38 16 90 60 49 81 50 57 65 53 105 87 76 69 58 40 89 57 83 60 41 19 99 112 59 66 48 51 67 75 81 83 33 83 102 49 92 61 86 55 142 125 108 91 75 59 45 33 28 33 140 122 105 88 71 54 38 23 14 23 139 122 104 87 70 52 35 18 0 18 140 122 105 88 71 54 38 23 14 23 142 125 108 91 75 59 45 33 28 33 145 129 112 97 81 67 54 45 42 45 150 134 118 103 89 76 66 58 55 58 156 140 126 112 99 87 78 72 69 71 162 148 134 121 109 98 90 85 83 85 170 156 143 131 120 110 103 99 97 98
51 24 105 74 66 97 67 73 79 68 122 103 93 85 72 54 106 73 101 71 51 28 116 120 76 82 64 63 81 92 99 100 45 97 119 61 109 75 103 67 159 142 125 108 91 75 59 45 33 28 157 140 122 105 88 71 54 38 23 14 156 139 122 104 87 70 52 35 18 0 157 140 122 105 88 71 54 38 23 14 159 142 125 108 91 75 59 45 33 28 162 145 129 112 96 81 67 54 45 42 166 150 134 118 103 89 76 65 58 55 171 155 140 125 111 98 87 77 71 69 177 162 148 134 120 108 98 90 85 83 184 170 156 143 130 119 110 103 98 96
116 139 70 93 92 62 93 90 94 98 35 64 65 78 100 110 56 90 57 111 123 135 42 125 82 79 98 113 92 67 59 57 121 88 48 110 52 94 56 113 43 47 55 68 82 97 113 129 145 162 29 34 45 60 75 91 108 125 142 159 15 23 38 54 71 88 105 122 140 157 0 18 35 52 70 87 104 122 139 156 15 23 38 54 71 88 105 122 140 157 29 34 45 60 75 91 108 125 142 159 43 47 55 68 82 97 113 129 145 162 58 60 67 77 90 104 119 134 150 166 72 74 80 88 99 112 126 140 156 171 86 88 93 100 110 122 134 148 162 177
99 121 56 76 75 45 76 73 77 81 18 48 48 61 83 93 42 73 41 95 106 118 26 113 65 62 81 96 76 50 43 40 104 73 33 93 37 77 39 96 47 43 46 55 67 82 97 112 129 145 34 29 34 45 60 75 91 108 125 142 23 15 23 38 54 71 88 105 122 140 18 0 18 35 52 70 87 104 122 139 23 15 23 38 54 71 88 105 122 140 34 29 34 45 60 75 91 108 125 142 47 43 46 55 67 82 97 112 129 145 60 57 60 67 77 90 104 118 134 150 74 72 73 79 88 99 112 126 140 155 88 86 87 92 100 110 121 134 148 162
82 104 43 60 58 28 59 56 61 64 2 34 31 45 67 76 29 56 25 79 89 100 12 103 48 45 63 80 60 35 26 23 86 60 23 76 25 61 24 80 55 46 43 46 55 67 81 97 112 129 45 34 29 34 45 60 75 91 108 125 38 23 15 23 38 54 71 88 105 122 35 18 0 18 35 52 70 87 104 122 38 23 15 23 38 54 71 88 105 122 45 34 29 34 45 60 75 91 108 125 55 46 43 46 55 67 81 97 112 129 67 60 57 60 67 77 90 104 118 134 80 73 71 73 79 88 99 112 126 140 93 87 85 87 92 99 109 121 134 148
65 87 34 44 40 13 41 39 47 48 18 23 14 29 51 59 24 39 14 64 73 83 17 95 30 28 46 64 46 22 14 7 69 49 23 60 22 45 15 65 68 55 46 43 46 55 67 81 97 112 60 45 34 29 33 45 59 75 91 108 54 38 23 15 23 38 54 71 88 105 52 35 18 0 18 35 52 70 87 104 54 38 23 15 23 38 54 71 88 105 60 45 34 29 33 45 59 75 91 108 68 55 46 43 46 55 67 81 97 112 77 67 60 57 59 66 77 89 103 118 88 79 73 71 73 79 88 99 112 125 100 92 87 85 87 91 99 109 121 134
48 69 33 30 23 12 24 23 34 33 35 24 6 18 37 42 31 23 19 50 57 66 32 89 13 14 30 49 34 19 17 14 52 43 34 44 31 32 22 50 82 67 55 46 43 46 55 67 81 96 75 60 45 33 29 33 45 59 75 91 71 54 38 23 15 23 38 54 71 88 70 52 35 18 0 18 35 52 70 87 71 54 38 23 15 23 38 54 71 88 75 60 45 33 29 33 45 59 75 91 82 67 55 46 43 46 55 67 81 96 90 77 67 59 57 59 66 77 89 103 99 88 79 73 71 73 78 87 99 111 110 100 92 87 85 86 91 99 109 120
33 52 41 21 6 27 9 13 28 20 52 35 23 19 27 26 44 13 34 40 41 49 48 87 5 14 14 36 29 29 32 31 36 43 49 31 45 24 37 39 97 82 67 55 46 42 46 55 67 81 91 75 60 45 33 28 33 45 59 75 88 71 54 38 23 14 23 38 54 71 87 70 52 35 18 0 18 35 52 70 88 71 54 38 23 14 23 38 54 71 91 75 60 45 33 28 33 45 59 75 97 82 67 55 46 42 46 55 67 81 104 90 77 66 59 56 59 66 76 89 112 99 88 79 73 70 72 78 87 98 122 110 99 91 86 84 86 91 98 108
19 35 53 25 13 44 13 20 32 20 69 49 40 32 27 13 59 20 50 35 29 31 65 88 22 29 12 28 34 44 48 48 21 50 65 23 61 27 53 32 113 97 81 67 55 46 42 46 54 67 108 91 75 59 45 33 28 33 45 59 105 88 71 54 38 23 14 23 38 54 104 87 70 52 35 18 0 18 35 52 105 88 71 54 38 23 14 23 38 54 108 91 75 59 45 33 28 33 45 59 113 97 81 67 55 46 42 46 54 67 119 104 90 77 66 59 56 59 66 76 126 112 99 88 78 72 70 72 78 87 134 121 109 99 91 86 84 85 90 98
17 17 68 37 30 61 30 36 43 31 87 65 57 48 36 18 75 36 67 39 23 15 82 92 40 45 27 30 45 60 65 66 13 61 82 27 77 39 70 35 129 112 97 81 67 55 46 42 45 54 125 108 91 75 59 45 33 28 33 45 122 105 88 71 54 38 23 14 23 38 122 104 87 70 52 35 18 0 18 35 122 105 88 71 54 38 23 14 23 38 125 108 91 75 59 45 33 28 33 45 129 112 97 81 67 55 46 42 45 54 134 118 104 89 77 66 59 56 58 65 140 126 112 99 87 78 72 70 72 77 148 134 121 109 99 91 85 83 85 90
29 2 83 53 47 78 47 52 57 46 104 82 74 65 50 32 92 52 84 49 30 6 100 99 57 62 43 41 59 77 82 83 23 74 98 39 94 54 87 45 145 129 112 97 81 67 54 45 42 45 142 125 108 91 75 59 45 33 28 33 140 122 105 88 71 54 38 23 14 23 139 122 104 87 70 52 35 18 0 18 140 122 105 88 71 54 38 23 14 23 142 125 108 91 75 59 45 33 28 33 145 129 112 97 81 67 54 45 42 45 150 134 118 103 89 76 66 58 55 58 156 140 126 112 99 87 78 72 69 71 162 148 134 121 109 98 90 85 83 85
44 18 100 69 64 95 64 69 73 63 121 99 92 82 65 49 108 69 101 62 43 22 117 109 74 79 60 55 75 94 99 100 39 89 115 54 111 70 104 58 162 145 129 112 96 81 67 54 45 42 159 142 125 108 91 75 59 45 33 28 157 140 122 105 88 71 54 38 23 14 156 139 122 104 87 70 52 35 18 0 157 140 122 105 88 71 54 38 23 14 159 142 125 108 91 75 59 45 33 28 162 145 129 112 96 81 67 54 45 42 166 150 134 118 103 89 76 65 58 55 171 155 140 125 111 98 87 77 71 69 177 162 148 134 120 108 98 90 85 83
115 139 65 91 93 62 93 89 91 97 37 61 66 77 97 109 64 89 62 107 121 135 48 116 83 78 97 110 89 72 64 60 120 82 44 108 59 91 61 109 58 60 67 77 90 104 119 134 150 166 43 47 55 68 82 97 113 129 145 162 29 34 45 60 75 91 108 125 142 159 15 23 38 54 71 88 105 122 140 157 0 18 35 52 70 87 104 122 139 156 15 23 38 54 71 88 105 122 140 157 29 34 45 60 75 91 108 125 142 159 43 47 55 68 82 97 113 129 145 162 58 60 67 77 90 104 119 134 150 166 72 74 80 88 99 112 126 140 156 171
98 122 49 74 76 45 76 71 73 79 22 44 49 59 80 92 51 71 47 90 104 118 34 103 66 61 80 93 72 57 49 44 103 66 27 90 46 74 47 92 60 57 60 67 77 90 104 118 134 150 47 43 46 55 67 82 97 112 129 145 34 29 34 45 60 75 91 108 125 142 23 15 23 38 54 71 88 105 122 140 18 0 18 35 52 70 87 104 122 139 23 15 23 38 54 71 88 105 122 140 34 29 34 45 60 75 91 108 125 142 47 43 46 55 67 82 97 112 129 145 60 57 60 67 77 90 104 118 134 150 74 72 73 79 88 99 112 126 140 155
80 105 33 57 60 28 59 54 57 62 13 27 32 42 63 75 42 54 34 74 87 101 26 91 50 44 63 76 55 44 35 29 85 51 11 73 38 57 35 76 67 60 57 60 67 77 90 104 118 134 55 46 43 46 55 67 81 97 112 129 45 34 29 34 45 60 75 91 108 125 38 23 15 23 38 54 71 88 105 122 35 18 0 18 35 52 70 87 104 122 38 23 15 23 38 54 71 88 105 122 45 34 29 34 45 60 75 91 108 125 55 46 43 46 55 67 81 97 112 129 67 60 57 60 67 77 90 104 118 134 80 73 71 73 79 88 99 112 126 140
63 88 21 40 43 12 42 37 40 45 21 11 17 25 46 57 39 37 27 57 69 84 28 82 33 26 46 59 38 34 27 19 68 38 12 56 36 40 29 59 77 67 60 57 59 66 77 89 103 118 68 55 46 43 46 55 67 81 97 112 60 45 34 29 33 45 59 75 91 108 54 38 23 15 23 38 54 71 88 105 52 35 18 0 18 35 52 70 87 104 54 38 23 15 23 38 54 71 88 105 60 45 34 29 33 45 59 75 91 108 68 55 46 43 46 55 67 81 97 112 77 67 60 57 59 66 77 89 103 118 88 79 73 71 73 79 88 99 112 125
46 70 20 23 27 11 25 20 24 28 37 12 12 8 30 40 43 20 30 42 52 66 39 76 19 10 28 42 24 33 29 23 51 29 28 39 42 24 33 43 90 77 67 59 57 59 66 77 89 103 82 67 55 46 43 46 55 67 81 96 75 60 45 33 29 33 45 59 75 91 71 54 38 23 15 23 38 54 71 88 70 52 35 18 0 18 35 52 70 87 71 54 38 23 15 23 38 54 71 88 75 60 45 33 29 33 45 59 75 91 82 67 55 46 43 46 55 67 81 96 90 77 67 59 57 59 66 77 89 103 99 88 79 73 71 73 78 87 99 111
29 54 31 8 16 27 11 3 14 11 54 28 25 11 15 23 53 3 41 28 35 49 53 73 15 10 12 27 15 39 39 36 34 30 45 22 53 10 44 28 104 90 77 66 59 56 59 66 76 89 97 82 67 55 46 42 46 55 67 81 91 75 60 45 33 28 33 45 59 75 88 71 54 38 23 14 23 38 54 71 87 70 52 35 18 0 18 35 52 70 88 71 54 38 23 14 23 38 54 71 91 75 60 45 33 28 33 45 59 75 97 82 67 55 46 42 46 55 67 81 104 90 77 66 59 56 59 66 76 89 112 99 88 79 73 70 72 78 87 98
11 37 46 16 19 44 15 16 21 9 70 45 41 28 14 6 66 16 56 21 19 33 69 74 26 27 9 15 23 51 53 51 16 39 62 10 67 17 58 19 119 104 90 77 66 59 56 59 66 76 113 97 81 67 55 46 42 46 54 67 108 91 75 59 45 33 28 33 45 59 105 88 71 54 38 23 14 23 38 54 104 87 70 52 35 18 0 18 35 52 105 88 71 54 38 23 14 23 38 54 108 91 75 59 45 33 28 33 45 59 113 97 81 67 55 46 42 46 54 67 119 104 90 77 66 59 56 59 66 76 126 112 99 88 78 72 70 72 78 87
7 22 62 32 33 61 30 33 35 26 88 62 58 45 28 13 80 33 71 27 10 17 85 79 42 44 25 19 38 66 69 68 3 52 79 17 82 33 74 23 134 118 104 89 77 66 59 56 58 65 129 112 97 81 67 55 46 42 45 54 125 108 91 75 59 45 33 28 33 45 122 105 88 71 54 38 23 14 23 38 122 104 87 70 52 35 18 0 18 35 122 105 88 71 54 38 23 14 23 38 125 108 91 75 59 45 33 28 33 45 129 112 97 81 67 55 46 42 45 54 134 118 104 89 77 66 59 56 58 65 140 126 112 99 87 78 72 70 72 77
24 13 79 49 49 78 47 51 52 43 105 79 75 63 44 30 96 51 87 40 21 11 102 88 59 61 42 33 54 81 85 85 19 68 96 33 98 49 90 36 150 134 118 103 89 76 66 58 55 58 145 129 112 97 81 67 54 45 42 45 142 125 108 91 75 59 45 33 28 33 140 122 105 88 71 54 38 23 14 23 139 122 104 87 70 52 35 18 0 18 140 122 105 88 71 54 38 23 14 23 142 125 108 91 75 59 45 33 28 33 145 129 112 97 81 67 54 45 42 45 150 134 118 103 89 76 66 58 55 58 156 140 126 112 99 87 78 72 69 71
42 22 96 66 66 95 64 68 69 60 122 97 92 80 61 47 112 68 104 56 37 24 119 98 76 79 60 49 71 97 102 102 37 84 114 50 115 66 107 52 166 150 134 118 103 89 76 65 58 55 162 145 129 112 96 81 67 54 45 42 159 142 125 108 91 75 59 45 33 28 157 140 122 105 88 71 54 38 23 14 156 139 122 104 87 70 52 35 18 0 157 140 122 105 88 71 54 38 23 14 159 142 125 108 91 75 59 45 33 28 162 145 129 112 96 81 67 54 45 42 166 150 134 118 103 89 76 65 58 55 171 155 140 125 111 98 87 77 71 69
116 141 63 91 97 65 96 90 89 97 44 61 70 78 97 111 73 90 70 105 121 137 56 107 87 80 99 109 87 79 71 66 121 79 44 107 69 91 69 108 72 74 80 88 99 112 126 140 156 171 58 60 67 77 90 104 119 134 150 166 43 47 55 68 82 97 113 129 145 162 29 34 45 60 75 91 108 125 142 159 15 23 38 54 71 88 105 122 140 157 0 18 35 52 70 87 104 122 139 156 15 23 38 54 71 88 105 122 140 157 29 34 45 60 75 91 108 125 142 159 43 47 55 68 82 97 113 129 145 162 58 60 67 77 90 104 119 134 150 166
99 124 45 74 80 49 79 73 72 80 32 44 54 61 79 93 63 73 56 88 104 120 46 93 71 63 82 92 70 66 58 51 104 62 27 90 58 74 56 91 74 72 73 79 88 99 112 126 140 155 60 57 60 67 77 90 104 118 134 150 47 43 46 55 67 82 97 112 129 145 34 29 34 45 60 75 91 108 125 142 23 15 23 38 54 71 88 105 122 140 18 0 18 35 52 70 87 104 122 139 23 15 23 38 54 71 88 105 122 140 34 29 34 45 60 75 91 108 125 142 47 43 46 55 67 82 97 112 129 145 60 57 60 67 77 90 104 118 134 150
81 107 28 57 64 34 63 56 55 63 27 27 39 44 62 76 55 56 46 71 86 103 40 81 55 47 65 75 53 55 47 40 87 45 11 73 51 56 47 73 80 73 71 73 79 88 99 112 126 140 67 60 57 60 67 77 90 104 118 134 55 46 43 46 55 67 81 97 112 129 45 34 29 34 45 60 75 91 108 125 38 23 15 23 38 54 71 88 105 122 35 18 0 18 35 52 70 87 104 122 38 23 15 23 38 54 71 88 105 122 45 34 29 34 45 60 75 91 108 125 55 46 43 46 55 67 81 97 112 129 67 60 57 60 67 77 90 104 118 134
64 91 11 40 50 23 47 40 38 46 32 11 28 28 45 60 53 40 41 54 69 86 41 70 41 32 49 57 35 48 41 33 70 29 12 56 50 39 43 56 88 79 73 71 73 79 88 99 112 125 77 67 60 57 59 66 77 89 103 118 68 55 46 43 46 55 67 81 97 112 60 45 34 29 33 45 59 75 91 108 54 38 23 15 23 38 54 71 88 105 52 35 18 0 18 35 52 70 87 104 54 38 23 15 23 38 54 71 88 105 60 45 34 29 33 45 59 75 91 108 68 55 46 43 46 55 67 81 97 112 77 67 60 57 59 66 77 89 103 118
47 74 9 23 37 22 33 25 20 29 44 12 25 15 28 43 56 25 43 37 52 70 49 62 31 20 34 40 18 46 42 35 53 16 28 38 54 22 46 39 99 88 79 73 71 73 78 87 99 111 90 77 67 59 57 59 66 77 89 103 82 67 55 46 43 46 55 67 81 96 75 60 45 33 29 33 45 59 75 91 71 54 38 23 15 23 38 54 71 88 70 52 35 18 0 18 35 52 70 87 71 54 38 23 15 23 38 54 71 88 75 60 45 33 29 33 45 59 75 91 82 67 55 46 43 46 55 67 81 96 90 77 67 59 57 59 66 77 89 103
31 58 25 9 29 33 24 16 3 15 58 28 33 17 10 28 64 16 52 20 35 54 61 59 28 21 22 23 1 51 50 45 37 17 45 21 63 7 54 22 112 99 88 79 73 70 72 78 87 98 104 90 77 66 59 56 59 66 76 89 97 82 67 55 46 42 46 55 67 81 91 75 60 45 33 28 33 45 59 75 88 71 54 38 23 14 23 38 54 71 87 70 52 35 18 0 18 35 52 70 88 71 54 38 23 14 23 38 54 71 91 75 60 45 33 28 33 45 59 75 97 82 67 55 46 42 46 55 67 81 104 90 77 66 59 56 59 66 76 89
17 44 43 16 31 48 25 22 15 13 74 45 46 31 9 17 75 22 63 8 18 39 75 61 35 32 20 6 18 61 61 58 22 31 62 7 75 15 66 6 126 112 99 88 78 72 70 72 78 87 119 104 90 77 66 59 56 59 66 76 113 97 81 67 55 46 42 46 54 67 108 91 75 59 45 33 28 33 45 59 105 88 71 54 38 23 14 23 38 54 104 87 70 52 35 18 0 18 35 52 105 88 71 54 38 23 14 23 38 54 108 91 75 59 45 33 28 33 45 59 113 97 81 67 55 46 42 46 54 67 119 104 90 77 66 59 56 59 66 76
14 32 60 32 41 64 37 37 33 28 91 62 62 47 26 21 88 37 78 18 5 27 90 67 48 48 31 13 35 73 75 73 16 47 79 16 89 32 80 15 140 126 112 99 87 78 72 70 72 77 134 118 104 89 77 66 59 56 58 65 129 112 97 81 67 55 46 42 45 54 125 108 91 75 59 45 33 28 33 45 122 105 88 71 54 38 23 14 23 38 122 104 87 70 52 35 18 0 18 35 122 105 88 71 54 38 23 14 23 38 125 108 91 75 59 45 33 28 33 45 129 112 97 81 67 55 46 42 45 54 134 118 104 89 77 66 59 56 58 65
27 27 77 49 55 80 51 53 50 44 107 79 78 64 43 34 102 53 93 35 19 24 106 77 63 64 46 30 52 88 90 89 25 63 96 33 104 49 95 32 156 140 126 112 99 87 78 72 69 71 150 134 118 103 89 76 66 58 55 58 145 129 112 97 81 67 54 45 42 45 142 125 108 91 75 59 45 33 28 33 140 122 105 88 71 54 38 23 14 23 139 122 104 87 70 52 35 18 0 18 140 122 105 88 71 54 38 23 14 23 142 125 108 91 75 59 45 33 28 33 145 129 112 97 81 67 54 45 42 45 150 134 118 103 89 76 66 58 55 58
43 32 94 66 70 97 67 70 67 61 124 97 95 81 60 50 118 70 108 52 36 32 123 89 79 81 62 47 69 103 106 105 40 80 114 50 119 66 111 49 171 155 140 125 111 98 87 77 71 69 166 150 134 118 103 89 76 65 58 55 162 145 129 112 96 81 67 54 45 42 159 142 125 108 91 75 59 45 33 28 157 140 122 105 88 71 54 38 23 14 156 139 122 104 87 70 52 35 18 0 157 140 122 105 88 71 54 38 23 14 159 142 125 108 91 75 59 45 33 28 162 145 129 112 96 81 67 54 45 42 166 150 134 118 103 89 76 65 58 55
118 144 63 93 102 71 100 94 91 100 54 64 76 81 98 113 84 94 79 105 122 140 67 100 92 84 103 110 88 88 80 74 124 77 48 109 79 93 79 108 86 88 93 100 110 122 134 148 162 177 72 74 80 88 99 112 126 140 156 171 58 60 67 77 90 104 119 134 150 166 43 47 55 68 82 97 113 129 145 162 29 34 45 60 75 91 108 125 142 159 15 23 38 54 71 88 105 122 140 157 0 18 35 52 70 87 104 122 139 156 15 23 38 54 71 88 105 122 140 157 29 34 45 60 75 91 108 125 142 159 43 47 55 68 82 97 113 129 145 162
101 128 46 77 86 57 84 77 74 83 45 48 62 65 81 97 75 77 68 88 105 124 58 85 77 69 86 93 71 77 68 61 107 60 34 92 70 76 68 91 88 86 87 92 100 110 121 134 148 162 74 72 73 79 88 99 112 126 140 155 60 57 60 67 77 90 104 118 134 150 47 43 46 55 67 82 97 112 129 145 34 29 34 45 60 75 91 108 125 142 23 15 23 38 54 71 88 105 122 140 18 0 18 35 52 70 87 104 122 139 23 15 23 38 54 71 88 105 122 140 34 29 34 45 60 75 91 108 125 142 47 43 46 55 67 82 97 112 129 145
85 112 30 60 72 44 69 62 57 67 41 33 49 50 64 81 69 62 59 71 88 107 54 71 63 54 71 76 54 67 59 52 90 43 23 75 65 59 60 74 93 87 85 87 92 99 109 121 134 148 80 73 71 73 79 88 99 112 126 140 67 60 57 60 67 77 90 104 118 134 55 46 43 46 55 67 81 97 112 129 45 34 29 34 45 60 75 91 108 125 38 23 15 23 38 54 71 88 105 122 35 18 0 18 35 52 70 87 104 122 38 23 15 23 38 54 71 88 105 122 45 34 29 34 45 60 75 91 108 125 55 46 43 46 55 67 81 97 112 129
68 96 15 44 59 36 55 47 40 51 44 23 41 36 48 65 67 47 55 54 71 91 55 58 52 42 56 59 38 61 55 47 74 25 24 59 64 43 57 57 100 92 87 85 87 91 99 109 121 134 88 79 73 71 73 79 88 99 112 125 77 67 60 57 59 66 77 89 103 118 68 55 46 43 46 55 67 81 97 112 60 45 34 29 33 45 59 75 91 108 54 38 23 15 23 38 54 71 88 105 52 35 18 0 18 35 52 70 87 104 54 38 23 15 23 38 54 71 88 105 60 45 34 29 33 45 59 75 91 108 68 55 46 43 46 55 67 81 97 112
53 80 13 30 49 36 44 36 25 37 53 23 39 28 32 50 69 36 57 37 55 76 61 49 44 34 43 43 22 60 56 49 59 8 35 43 67 29 59 40 110 100 92 87 85 86 91 99 109 120 99 88 79 73 71 73 78 87 99 111 90 77 67 59 57 59 66 77 89 103 82 67 55 46 43 46 55 67 81 96 75 60 45 33 29 33 45 59 75 91 71 54 38 23 15 23 38 54 71 88 70 52 35 18 0 18 35 52 70 87 71 54 38 23 15 23 38 54 71 88 75 60 45 33 29 33 45 59 75 91 82 67 55 46 43 46 55 67 81 96
39 66 27 22 43 43 37 30 15 27 66 34 44 29 20 38 76 30 63 20 39 61 71 45 42 34 34 27 14 64 62 56 45 10 49 28 75 20 66 24 122 110 99 91 86 84 86 91 98 108 112 99 88 79 73 70 72 78 87 98 104 90 77 66 59 56 59 66 76 89 97 82 67 55 46 42 46 55 67 81 91 75 60 45 33 28 33 45 59 75 88 71 54 38 23 14 23 38 54 71 87 70 52 35 18 0 18 35 52 70 88 71 54 38 23 14 23 38 54 71 91 75 60 45 33 28 33 45 59 75 97 82 67 55 46 42 46 55 67 81
29 53 44 26 44 55 38 34 21 26 80 49 55 39 19 31 85 34 73 7 25 49 83 47 47 42 34 16 22 72 71 67 34 27 65 20 85 23 76 11 134 121 109 99 91 86 84 85 90 98 126 112 99 88 78 72 70 72 78 87 119 104 90 77 66 59 56 59 66 76 113 97 81 67 55 46 42 46 54 67 108 91 75 59 45 33 28 33 45 59 105 88 71 54 38 23 14 23 38 54 104 87 70 52 35 18 0 18 35 52 105 88 71 54 38 23 14 23 38 54 108 91 75 59 45 33 28 33 45 59 113 97 81 67 55 46 42 46 54 67
27 44 61 38 52 70 46 44 36 35 96 65 68 52 31 33 97 44 86 18 19 40 97 55 57 54 41 19 37 83 84 80 30 45 82 24 97 36 88 17 148 134 121 109 99 91 85 83 85 90 140 126 112 99 87 78 72 70 72 77 134 118 104 89 77 66 59 56 58 65 129 112 97 81 67 55 46 42 45 54 125 108 91 75 59 45 33 28 33 45 122 105 88 71 54 38 23 14 23 38 122 104 87 70 52 35 18 0 18 35 122 105 88 71 54 38 23 14 23 38 125 108 91 75 59 45 33 28 33 45 129 112 97 81 67 55 46 42 45 54
36 40 78 53 63 85 59 59 52 49 111 82 83 68 46 42 110 59 100 35 26 38 112 67 70 69 53 33 54 95 97 95 35 62 99 38 111 52 102 33 162 148 134 121 109 98 90 85 83 85 156 140 126 112 99 87 78 72 69 71 150 134 118 103 89 76 66 58 55 58 145 129 112 97 81 67 54 45 42 45 142 125 108 91 75 59 45 33 28 33 140 122 105 88 71 54 38 23 14 23 139 122 104 87 70 52 35 18 0 18 140 122 105 88 71 54 38 23 14 23 142 125 108 91 75 59 45 33 28 33 145 129 112 97 81 67 54 45 42 45
49 44 95 69 77 101 73 74 69 65 128 99 99 84 62 56 124 74 114 52 40 43 128 80 85 85 68 49 71 109 112 110 47 79 115 53 126 68 117 50 177 162 148 134 120 108 98 90 85 83 171 155 140 125 111 98 87 77 71 69 166 150 134 118 103 89 76 65 58 55 162 145 129 112 96 81 67 54 45 42 159 142 125 108 91 75 59 45 33 28 157 140 122 105 88 71 54 38 23 14 156 139 122 104 87 70 52 35 18 0 157 140 122 105 88 71 54 38 23 14 159 142 125 108 91 75 59 45 33 28 162 145 129 112 96 81 67 54 45 42
122 149 67 98 109 79 106 99 94 104 66 70 84 87 101 118 96 99 89 107 125 145 79 95 100 91 108 113 92 99 90 84 128 79 56 112 91 97 90 111 100 102 106 112 121 132 144 156 170 184 86 88 93 100 110 122 134 148 162 177 72 74 80 88 99 112 126 140 156 171 58 60 67 77 90 104 119 134 150 166 43 47 55 68 82 97 113 129 145 162 29 34 45 60 75 91 108 125 142 159 15 23 38 54 71 88 105 122 140 157 0 18 35 52 70 87 104 122 139 156 15 23 38 54 71 88 105 122 140 157 29 34 45 60 75 91 108 125 142 159
106 133 51 82 94 66 91 84 78 88 58 56 71 72 85 102 88 84 80 90 109 129 72 78 86 76 93 96 75 88 80 73 112 62 44 96 83 81 80 94 102 100 101 105 112 121 131 143 156 170 88 86 87 92 100 110 121 134 148 162 74 72 73 79 88 99 112 126 140 155 60 57 60 67 77 90 104 118 134 150 47 43 46 55 67 82 97 112 129 145 34 29 34 45 60 75 91 108 125 142 23 15 23 38 54 71 88 105 122 140 18 0 18 35 52 70 87 104 122 139 23 15 23 38 54 71 88 105 122 140 34 29 34 45 60 75 91 108 125 142
90 117 37 67 81 56 77 70 62 73 55 44 61 59 69 87 83 70 73 74 92 113 68 63 73 64 78 80 59 80 73 65 96 45 37 80 79 65 74 77 106 101 99 101 105 112 121 131 143 156 93 87 85 87 92 99 109 121 134 148 80 73 71 73 79 88 99 112 126 140 67 60 57 60 67 77 90 104 118 134 55 46 43 46 55 67 81 97 112 129 45 34 29 34 45 60 75 91 108 125 38 23 15 23 38 54 71 88 105 122 35 18 0 18 35 52 70 87 104 122 38 23 15 23 38 54 71 88 105 122 45 34 29 34 45 60 75 91 108 125
75 102 27 53 70 50 65 57 47 59 58 36 54 48 54 72 81 57 69 57 76 98 69 49 63 53 65 64 45 75 69 61 81 29 37 65 78 51 71 61 112 105 101 99 100 105 111 120 131 143 100 92 87 85 87 91 99 109 121 134 88 79 73 71 73 79 88 99 112 125 77 67 60 57 59 66 77 89 103 118 68 55 46 43 46 55 67 81 97 112 60 45 34 29 33 45 59 75 91 108 54 38 23 15 23 38 54 71 88 105 52 35 18 0 18 35 52 70 87 104 54 38 23 15 23 38 54 71 88 105 60 45 34 29 33 45 59 75 91 108
61 88 26 42 61 50 56 48 35 47 65 36 53 41 41 60 83 48 71 42 61 83 74 37 57 47 55 49 33 74 70 62 67 17 45 51 81 39 73 46 121 112 105 100 99 100 104 111 120 130 110 100 92 87 85 86 91 99 109 120 99 88 79 73 71 73 78 87 99 111 90 77 67 59 57 59 66 77 89 103 82 67 55 46 43 46 55 67 81 96 75 60 45 33 29 33 45 59 75 91 71 54 38 23 15 23 38 54 71 88 70 52 35 18 0 18 35 52 70 87 71 54 38 23 15 23 38 54 71 88 75 60 45 33 29 33 45 59 75 91
49 75 35 36 57 55 51 44 29 40 75 44 57 42 33 50 88 44 76 28 47 71 82 31 56 47 48 36 28 77 74 68 55 18 57 39 87 33 78 32 132 121 112 105 100 98 99 104 110 119 122 110 99 91 86 84 86 91 98 108 112 99 88 79 73 70 72 78 87 98 104 90 77 66 59 56 59 66 76 89 97 82 67 55 46 42 46 55 67 81 91 75 60 45 33 28 33 45 59 75 88 71 54 38 23 14 23 38 54 71 87 70 52 35 18 0 18 35 52 70 88 71 54 38 23 14 23 38 54 71 91 75 60 45 33 28 33 45 59 75
42 64 49 38 58 65 52 46 32 39 88 56 66 49 32 44 96 46 84 21 37 60 93 34 60 53 47 29 32 84 82 77 46 31 71 34 96 36 87 25 144 131 121 111 104 99 98 99 103 110 134 121 109 99 91 86 84 85 90 98 126 112 99 88 78 72 70 72 78 87 119 104 90 77 66 59 56 59 66 76 113 97 81 67 55 46 42 46 54 67 108 91 75 59 45 33 28 33 45 59 105 88 71 54 38 23 14 23 38 54 104 87 70 52 35 18 0 18 35 52 105 88 71 54 38 23 14 23 38 54 108 91 75 59 45 33 28 33 45 59
41 57 64 47 64 77 58 55 43 46 102 71 77 61 40 46 107 55 95 27 33 53 105 45 68 64 53 31 44 93 93 89 43 47 86 37 107 45 98 28 156 143 131 120 111 104 99 97 99 103 148 134 121 109 99 91 85 83 85 90 140 126 112 99 87 78 72 70 72 77 134 118 104 89 77 66 59 56 58 65 129 112 97 81 67 55 46 42 45 54 125 108 91 75 59 45 33 28 33 45 122 105 88 71 54 38 23 14 23 38 122 104 87 70 52 35 18 0 18 35 122 105 88 71 54 38 23 14 23 38 125 108 91 75 59 45 33 28 33 45
47 54 81 60 73 91 68 67 57 57 117 86 91 74 53 53 119 67 108 40 38 51 119 58 79 76 63 41 59 105 106 102 47 64 102 46 120 58 111 39 170 156 143 131 120 110 103 99 97 98 162 148 134 121 109 98 90 85 83 85 156 140 126 112 99 87 78 72 69 71 150 134 118 103 89 76 66 58 55 58 145 129 112 97 81 67 54 45 42 45 142 125 108 91 75 59 45 33 28 33 140 122 105 88 71 54 38 23 14 23 139 122 104 87 70 52 35 18 0 18 140 122 105 88 71 54 38 23 14 23 142 125 108 91 75 59 45 33 28 33
58 57 97 75 85 106 81 80 73 71 133 102 105 89 67 64 132 80 122 56 48 55 134 74 92 91 75 55 74 118 119 117 56 81 119 59 133 73 124 54 184 170 156 143 130 119 110 103 98 96 177 162 148 134 120 108 98 90 85 83 171 155 140 125 111 98 87 77 71 69 166 150 134 118 103 89 76 65 58 55 162 145 129 112 96 81 67 54 45 42 159 142 125 108 91 75 59 45 33 28 157 140 122 105 88 71 54 38 23 14 156 139 122 104 87 70 52 35 18 0 157 140 122 105 88 71 54 38 23 14 159 142 125 108 91 75 59 45 33 28
127 155 73 104 117 88 113 106 99 110 78 78 94 94 107 124 108 106 101 111 130 150 91 91 108 99 115 117 97 110 101 94 133 83 66 117 104 102 101 115 115 116 119 125 133 143 154 166 179 192 100 102 106 112 121 132 144 156 170 184 86 88 93 100 110 122 134 148 162 177 72 74 80 88 99 112 126 140 156 171 58 60 67 77 90 104 119 134 150 166 43 47 55 68 82 97 113 129 145 162 29 34 45 60 75 91 108 125 142 159 15 23 38 54 71 88 105 122 140 157 0 18 35 52 70 87 104 122 139 156 15 23 38 54 71 88 105 122 140 157
112 139 59 89 103 77 100 92 84 95 72 65 82 81 91 109 101 92 92 95 114 135 85 74 96 86 101 101 81 100 92 85 118 67 56 102 97 87 93 98 116 114 115 119 125 133 142 153 165 178 102 100 101 105 112 121 131 143 156 170 88 86 87 92 100 110 121 134 148 162 74 72 73 79 88 99 112 126 140 155 60 57 60 67 77 90 104 118 134 150 47 43 46 55 67 82 97 112 129 145 34 29 34 45 60 75 91 108 125 142 23 15 23 38 54 71 88 105 122 140 18 0 18 35 52 70 87 104 122 139 23 15 23 38 54 71 88 105 122 140
97 125 47 75 91 69 87 79 69 81 69 56 74 69 77 95 96 79 86 79 98 120 82 57 85 74 87 86 67 93 86 78 103 52 51 87 93 73 88 83 119 115 114 115 118 124 132 142 153 165 106 101 99 101 105 112 121 131 143 156 93 87 85 87 92 99 109 121 134 148 80 73 71 73 79 88 99 112 126 140 67 60 57 60 67 77 90 104 118 134 55 46 43 46 55 67 81 97 112 129 45 34 29 34 45 60 75 91 108 125 38 23 15 23 38 54 71 88 105 122 35 18 0 18 35 52 70 87 104 122 38 23 15 23 38 54 71 88 105 122
83 110 40 63 82 64 77 68 57 69 71 50 68 60 63 82 95 68 84 64 83 106 83 41 76 66 76 71 54 89 83 75 89 38 51 73 92 61 85 68 125 119 115 113 114 118 124 132 141 152 112 105 101 99 100 105 111 120 131 143 100 92 87 85 87 91 99 109 121 134 88 79 73 71 73 79 88 99 112 125 77 67 60 57 59 66 77 89 103 118 68 55 46 43 46 55 67 81 97 112 60 45 34 29 33 45 59 75 91 108 54 38 23 15 23 38 54 71 88 105 52 35 18 0 18 35 52 70 87 104 54 38 23 15 23 38 54 71 88 105
71 97 39 54 74 64 69 61 47 59 77 50 67 55 53 71 96 61 84 50 70 93 87 26 71 61 67 58 45 88 83 76 77 30 57 61 94 52 87 54 133 125 118 114 113 114 117 123 131 141 121 112 105 100 99 100 104 111 120 130 110 100 92 87 85 86 91 99 109 120 99 88 79 73 71 73 78 87 99 111 90 77 67 59 57 59 66 77 89 103 82 67 55 46 43 46 55 67 81 96 75 60 45 33 29 33 45 59 75 91 71 54 38 23 15 23 38 54 71 88 70 52 35 18 0 18 35 52 70 87 71 54 38 23 15 23 38 54 71 88
61 86 46 50 71 68 65 58 43 54 86 56 70 56 46 62 101 58 89 40 58 81 94 17 70 61 62 48 41 91 87 81 66 31 67 52 100 47 91 44 143 133 124 118 114 112 113 117 123 131 132 121 112 105 100 98 99 104 110 119 122 110 99 91 86 84 86 91 98 108 112 99 88 79 73 70 72 78 87 98 104 90 77 66 59 56 59 66 76 89 97 82 67 55 46 42 46 55 67 81 91 75 60 45 33 28 33 45 59 75 88 71 54 38 23 14 23 38 54 71 87 70 52 35 18 0 18 35 52 70 88 71 54 38 23 14 23 38 54 71
55 76 57 51 72 76 65 60 45 53 97 66 77 61 46 58 108 60 96 35 50 72 103 23 73 66 61 43 45 96 94 89 59 40 79 48 107 49 99 38 154 142 132 124 117 113 112 113 116 122 144 131 121 111 104 99 98 99 103 110 134 121 109 99 91 86 84 85 90 98 126 112 99 88 78 72 70 72 78 87 119 104 90 77 66 59 56 59 66 76 113 97 81 67 55 46 42 46 54 67 108 91 75 59 45 33 28 33 45 59 105 88 71 54 38 23 14 23 38 54 104 87 70 52 35 18 0 18 35 52 105 88 71 54 38 23 14 23 38 54
55 70 71 58 76 87 70 66 53 58 110 79 87 71 52 59 118 66 106 39 47 66 115 37 80 74 65 44 54 105 104 99 57 53 93 50 117 56 108 40 166 153 142 132 123 117 113 111 112 116 156 143 131 120 111 104 99 97 99 103 148 134 121 109 99 91 85 83 85 90 140 126 112 99 87 78 72 70 72 77 134 118 104 89 77 66 59 56 58 65 129 112 97 81 67 55 46 42 45 54 125 108 91 75 59 45 33 28 33 45 122 105 88 71 54 38 23 14 23 38 122 104 87 70 52 35 18 0 18 35 122 105 88 71 54 38 23 14 23 38
59 68 86 69 84 100 79 76 65 67 124 93 99 83 62 65 129 76 117 49 50 65 128 53 89 86 73 52 66 115 115 111 60 68 108 57 129 67 120 49 179 165 153 141 131 123 116 112 110 112 170 156 143 131 120 110 103 99 97 98 162 148 134 121 109 98 90 85 83 85 156 140 126 112 99 87 78 72 69 71 150 134 118 103 89 76 66 58 55 58 145 129 112 97 81 67 54 45 42 45 142 125 108 91 75 59 45 33 28 33 140 122 105 88 71 54 38 23 14 23 139 122 104 87 70 52 35 18 0 18 140 122 105 88 71 54 38 23 14 23
68 70 102 82 95 113 90 89 79 79 139 108 113 96 75 74 141 89 130 62 59 68 141 69 101 99 84 63 80 127 128 124 68 84 124 68 142 80 133 62 192 178 165 152 141 131 122 116 112 110 184 170 156 143 130 119 110 103 98 96 177 162 148 134 120 108 98 90 85 83 171 155 140 125 111 98 87 77 71 69 166 150 134 118 103 89 76 65 58 55 162 145 129 112 96 81 67 54 45 42 159 142 125 108 91 75 59 45 33 28 157 140 122 105 88 71 54 38 23 14 156 139 122 104 87 70 52 35 18 0 157 140 122 105 88 71 54 38 23 14
134 161 82 111 126 99 122 114 106 118 91 88 104 103 113 131 121 114 113 116 135 157 104 89 118 108 123 123 104 121 113 106 140 89 78 124 116 110 114 120 129 130 133 138 145 154 164 176 188 201 115 116 119 125 133 143 154 166 179 192 100 102 106 112 121 132 144 156 170 184 86 88 93 100 110 122 134 148 162 177 72 74 80 88 99 112 126 140 156 171 58 60 67 77 90 104 119 134 150 166 43 47 55 68 82 97 113 129 145 162 29 34 45 60 75 91 108 125 142 159 15 23 38 54 71 88 105 122 140 157 0 18 35 52 70 87 104 122 139 156
119 147 69 97 114 89 109 101 92 104 85 77 94 91 99 117 114 101 105 101 120 142 99 72 106 96 110 108 89 113 105 98 125 74 69 109 110 96 106 105 130 128 129 132 138 145 154 164 175 187 116 114 115 119 125 133 142 153 165 178 102 100 101 105 112 121 131 143 156 170 88 86 87 92 100 110 121 134 148 162 74 72 73 79 88 99 112 126 140 155 60 57 60 67 77 90 104 118 134 150 47 43 46 55 67 82 97 112 129 145 34 29 34 45 60 75 91 108 125 142 23 15 23 38 54 71 88 105 122 140 18 0 18 35 52 70 87 104 122 139
106 133 60 85 103 82 98 90 79 91 83 68 87 81 86 104 110 90 100 86 105 128 96 55 97 86 98 94 77 107 100 92 111 61 65 95 107 83 101 90 133 129 128 129 132 137 144 153 163 175 119 115 114 115 118 124 132 142 153 165 106 101 99 101 105 112 121 131 143 156 93 87 85 87 92 99 109 121 134 148 80 73 71 73 79 88 99 112 126 140 67 60 57 60 67 77 90 104 118 134 55 46 43 46 55 67 81 97 112 129 45 34 29 34 45 60 75 91 108 125 38 23 15 23 38 54 71 88 105 122 35 18 0 18 35 52 70 87 104 122
93 120 54 75 94 78 89 81 68 80 85 64 82 73 74 92 109 81 98 72 92 115 97 38 89 79 87 81 66 103 97 89 99 50 65 83 106 72 99 77 138 132 129 127 128 131 137 144 153 163 125 119 115 113 114 118 124 132 141 152 112 105 101 99 100 105 111 120 131 143 100 92 87 85 87 91 99 109 121 134 88 79 73 71 73 79 88 99 112 125 77 67 60 57 59 66 77 89 103 118 68 55 46 43 46 55 67 81 97 112 60 45 34 29 33 45 59 75 91 108 54 38 23 15 23 38 54 71 88 105 52 35 18 0 18 35 52 70 87 104
82 108 53 67 88 78 82 74 60 72 90 64 81 69 65 82 110 74 98 61 80 103 100 20 85 75 80 69 58 102 97 90 88 44 69 72 108 65 100 65 145 138 132 128 127 127 131 136 143 152 133 125 118 114 113 114 117 123 131 141 121 112 105 100 99 100 104 111 120 130 110 100 92 87 85 86 91 99 109 120 99 88 79 73 71 73 78 87 99 111 90 77 67 59 57 59 66 77 89 103 82 67 55 46 43 46 55 67 81 96 75 60 45 33 29 33 45 59 75 91 71 54 38 23 15 23 38 54 71 88 70 52 35 18 0 18 35 52 70 87
74 97 58 64 85 81 79 72 57 67 98 69 84 69 60 75 114 72 102 52 70 93 106 4 84 75 75 61 55 104 101 94 79 44 78 65 113 61 104 56 154 145 137 131 127 126 127 130 135 143 143 133 124 118 114 112 113 117 123 131 132 121 112 105 100 98 99 104 110 119 122 110 99 91 86 84 86 91 98 108 112 99 88 79 73 70 72 78 87 98 104 90 77 66 59 56 59 66 76 89 97 82 67 55 46 42 46 55 67 81 91 75 60 45 33 28 33 45 59 75 88 71 54 38 23 14 23 38 54 71 87 70 52 35 18 0 18 35 52 70
69 89 67 65 85 88 79 73 58 67 108 77 89 74 59 72 121 73 108 49 63 85 115 16 86 79 75 57 58 109 107 101 73 51 88 61 120 62 111 52 164 154 144 137 131 127 125 126 130 135 154 142 132 124 117 113 112 113 116 122 144 131 121 111 104 99 98 99 103 110 134 121 109 99 91 86 84 85 90 98 126 112 99 88 78 72 70 72 78 87 119 104 90 77 66 59 56 59 66 76 113 97 81 67 55 46 42 46 54 67 108 91 75 59 45 33 28 33 45 59 105 88 71 54 38 23 14 23 38 54 104 87 70 52 35 18 0 18 35 52
68 84 79 70 89 97 83 79 65 71 119 88 98 82 64 73 129 79 117 52 60 80 125 33 92 86 78 58 65 116 115 110 71 62 101 63 128 68 120 54 176 164 153 144 136 130 126 125 126 129 166 153 142 132 123 117 113 111 112 116 156 143 131 120 111 104 99 97 99 103 148 134 121 109 99 91 85 83 85 90 140 126 112 99 87 78 72 70 72 77 134 118 104 89 77 66 59 56 58 65 129 112 97 81 67 55 46 42 45 54 125 108 91 75 59 45 33 28 33 45 122 105 88 71 54 38 23 14 23 38 122 104 87 70 52 35 18 0 18 35
72 82 93 79 96 109 90 87 75 79 132 101 109 92 72 77 139 87 127 59 63 79 137 50 101 96 85 63 76 126 125 121 73 75 115 69 139 77 130 60 188 175 163 153 143 135 130 126 124 125 179 165 153 141 131 123 116 112 110 112 170 156 143 131 120 110 103 99 97 98 162 148 134 121 109 98 90 85 83 85 156 140 126 112 99 87 78 72 69 71 150 134 118 103 89 76 66 58 55 58 145 129 112 97 81 67 54 45 42 45 142 125 108 91 75 59 45 33 28 33 140 122 105 88 71 54 38 23 14 23 139 122 104 87 70 52 35 18 0 18
79 83 107 91 106 122 100 98 87 89 146 115 121 105 84 85 150 98 139 71 70 81 150 67 111 107 95 73 88 137 137 133 79 90 130 78 151 89 142 71 201 187 175 163 152 143 135 129 125 124 192 178 165 152 141 131 122 116 112 110 184 170 156 143 130 119 110 103 98 96 177 162 148 134 120 108 98 90 85 83 171 155 140 125 111 98 87 77 71 69 166 150 134 118 103 89 76 65 58 55 162 145 129 112 96 81 67 54 45 42 159 142 125 108 91 75 59 45 33 28 157 140 122 105 88 71 54 38 23 14 156 139 122 104 87 70 52 35 18 0
