0 29 5 23 79 54 7 49 25 54 62 9 48 45 28 48 36 55 30 32 28 25 8 33 66 57 11 32 28 47 73 5 54 18 30 41 38 55 35 49 87 72 73 88 112 66 45 46 68 98 53 21 24 56 90 53 22 24 56 90 67 46 47 69 98
29 0 34 11 50 76 23 63 35 49 37 35 65 33 18 42 26 28 39 14 16 5 36 32 39 73 19 34 34 47 47 33 66 26 16 40 32 28 36 31 108 86 74 77 94 92 64 47 52 75 81 48 20 31 62 80 46 15 28 61 88 59 40 46 71
5 34 0 28 84 52 12 48 27 57 67 9 47 49 33 51 40 60 32 37 32 30 3 36 71 57 16 34 31 49 78 3 53 21 35 44 41 60 37 53 84 71 74 91 116 62 44 48 72 102 48 18 28 60 94 48 19 28 61 95 63 45 49 73 103
23 11 28 0 57 65 16 52 25 41 39 26 54 27 9 34 18 33 28 10 7 10 30 22 44 62 16 23 23 38 50 27 56 16 9 31 23 33 26 28 98 75 65 72 92 82 53 37 48 76 73 39 10 33 67 76 43 20 37 69 87 61 48 57 81
79 50 84 57 0 118 73 100 77 69 27 83 104 55 57 66 57 27 78 51 56 55 86 68 18 109 69 70 73 75 23 82 102 71 53 70 63 27 71 46 149 120 95 77 74 137 105 75 52 47 130 96 63 31 21 130 95 61 27 14 135 102 71 46 39
54 76 52 65 118 0 56 22 42 57 93 45 15 65 62 57 61 91 40 68 64 73 53 51 101 18 63 48 45 48 103 55 24 50 66 50 56 92 47 74 34 27 53 85 119 24 13 47 82 116 40 35 57 88 121 66 62 77 102 131 93 90 101 120 146
7 23 12 16 73 56 0 48 23 49 55 12 49 39 22 43 30 48 27 25 21 19 15 28 60 57 8 27 24 43 66 11 53 14 24 37 32 48 30 42 89 72 69 83 106 70 46 42 62 91 59 26 17 49 83 60 28 21 50 84 73 50 47 65 93
49 63 48 52 100 22 48 0 28 36 74 40 7 45 47 37 43 73 25 53 49 61 50 33 83 10 55 31 29 27 83 51 6 38 50 30 38 74 29 54 50 24 34 64 97 45 12 26 61 95 56 36 43 69 101 77 64 68 87 113 102 92 94 108 131
25 35 27 25 77 42 23 28 0 31 54 20 30 28 21 26 21 50 5 27 22 33 30 12 61 38 29 10 5 22 64 29 32 10 25 18 19 51 12 35 74 52 48 65 93 61 30 22 50 83 59 26 16 48 82 70 45 41 60 90 89 71 68 81 105
54 49 57 41 69 57 49 36 31 0 43 49 42 17 32 7 23 45 27 35 34 49 59 22 52 44 53 23 27 11 50 58 36 36 34 13 18 46 20 25 84 52 27 35 64 80 46 11 25 59 86 55 33 40 67 100 75 60 64 83 119 99 88 90 105
62 37 67 39 27 93 55 74 54 43 0 64 80 30 36 40 33 9 54 31 35 41 69 43 9 84 54 46 50 49 12 66 76 50 33 45 38 11 47 21 124 94 69 55 62 114 81 50 28 39 111 76 41 7 29 114 81 51 30 41 125 95 70 57 63
9 35 9 26 83 45 12 40 20 49 64 0 39 43 29 44 35 58 24 34 29 31 11 29 69 49 19 27 23 41 75 11 45 15 32 37 35 58 30 49 78 63 66 84 110 58 36 41 66 98 48 14 23 58 92 53 26 32 62 95 70 53 56 77 105
48 65 47 54 104 15 49 7 30 42 80 39 0 51 50 42 48 77 28 56 52 63 49 37 88 10 56 35 32 33 88 50 10 39 54 36 42 78 34 60 45 25 40 71 104 38 6 32 67 101 50 33 46 74 106 72 61 69 90 118 97 89 94 111 134
45 33 49 27 55 65 39 45 28 17 30 43 51 0 18 12 9 29 27 19 20 34 52 16 38 55 41 19 23 21 38 49 47 28 19 16 10 30 18 9 95 65 44 46 68 86 52 21 24 56 86 53 22 25 56 95 66 46 47 69 111 87 73 73 89
28 18 33 9 57 62 22 47 21 32 36 29 50 18 0 26 10 31 23 7 3 18 35 15 42 57 23 17 18 30 47 32 50 15 5 23 15 31 19 21 94 70 57 64 85 80 50 29 41 70 75 41 6 30 64 80 49 29 41 70 94 69 56 63 85
48 42 51 34 66 57 43 37 26 7 40 44 42 12 26 0 17 40 23 29 28 43 54 16 48 45 47 18 22 10 47 52 38 31 27 9 12 42 15 20 85 55 33 40 68 79 45 11 26 60 83 51 27 35 65 96 69 54 58 80 114 93 82 84 100
36 26 40 18 57 61 30 43 21 23 33 35 48 9 10 17 0 30 21 13 11 27 43 11 41 53 32 14 17 22 43 40 46 20 11 15 7 31 14 15 92 65 49 54 77 81 48 22 33 64 79 45 13 27 61 87 57 38 45 71 102 78 65 69 88
55 28 60 33 27 91 48 73 50 45 9 58 77 29 31 40 30 0 51 25 30 33 62 41 12 83 46 43 47 49 20 59 75 45 27 44 36 2 44 21 122 94 71 62 70 110 78 49 34 48 105 71 36 6 35 107 74 42 22 41 116 86 61 50 60
30 39 32 28 78 40 27 25 5 27 54 24 28 27 23 23 21 51 0 29 25 37 34 11 62 35 33 8 5 18 64 33 29 14 27 15 18 52 9 35 72 48 43 62 90 60 28 18 48 82 61 28 19 48 82 73 49 45 63 91 93 75 72 84 107
32 14 37 10 51 68 25 53 27 35 31 34 56 19 7 29 13 25 29 0 6 16 39 20 36 63 25 23 24 34 42 36 56 21 3 27 19 25 25 19 101 76 61 64 83 87 56 34 40 66 81 46 12 24 59 85 52 27 34 63 97 70 54 58 78
28 16 32 7 56 64 21 49 22 34 35 29 52 20 3 28 11 30 25 6 0 16 35 17 41 58 22 19 20 32 46 32 52 16 3 25 17 30 21 22 96 72 59 65 86 82 51 31 42 70 76 41 7 29 64 80 49 27 39 69 93 68 54 61 83
25 5 30 10 55 73 19 61 33 49 41 31 63 34 18 43 27 33 37 16 16 0 32 32 43 71 15 33 33 47 52 28 65 24 17 40 32 32 36 34 106 85 74 79 97 88 61 47 55 79 77 44 19 35 67 76 42 12 31 65 84 56 39 48 75
8 36 3 30 86 53 15 50 30 59 69 11 49 52 35 54 43 62 34 39 35 32 0 39 74 58 18 37 33 52 80 4 55 24 38 47 44 62 40 56 85 73 77 94 119 62 45 51 75 105 47 18 31 63 97 46 16 29 62 96 60 42 49 73 104
33 32 36 22 68 51 28 33 12 22 43 29 37 16 15 16 11 41 11 20 17 32 39 0 51 43 32 3 8 16 53 37 36 15 18 10 7 42 5 24 82 56 44 56 82 71 38 16 39 72 71 37 13 38 71 81 54 41 54 81 98 78 69 77 98
66 39 71 44 18 101 60 83 61 52 9 69 88 38 42 48 41 12 62 36 41 43 74 51 0 92 57 54 57 58 12 70 85 56 38 53 46 12 54 29 132 103 78 63 65 121 89 58 36 41 117 82 48 14 24 118 85 52 25 32 127 96 69 51 55
57 73 57 62 109 18 57 10 38 44 84 49 10 55 57 45 53 83 35 63 58 71 58 43 92 0 65 41 39 35 92 59 8 47 60 40 47 84 39 64 41 15 35 68 102 41 15 35 68 102 57 43 53 79 109 80 71 77 97 123 106 99 103 118 140
11 19 16 16 69 63 8 55 29 53 54 19 56 41 23 47 32 46 33 25 22 15 18 32 57 65 0 32 30 48 65 14 60 19 24 41 36 46 36 43 96 79 75 86 107 77 53 47 64 91 64 32 20 47 81 62 28 14 45 79 72 47 40 58 87
32 34 34 23 70 48 27 31 10 23 46 27 35 19 17 18 14 43 8 23 19 33 37 3 54 41 32 0 5 16 56 36 34 14 20 10 10 44 4 27 79 54 43 57 84 68 35 15 41 74 68 35 14 41 74 79 53 42 56 84 97 77 70 79 100
28 34 31 23 73 45 24 29 5 27 50 23 32 23 18 22 17 47 5 24 20 33 33 8 57 39 30 5 0 19 60 32 33 11 22 14 14 47 8 31 77 53 46 61 89 64 32 19 46 79 63 30 14 44 78 74 49 41 58 87 93 74 68 80 102
47 47 49 38 75 48 43 27 22 11 49 41 33 21 30 10 22 49 18 34 32 47 52 16 58 35 48 16 19 0 57 51 28 30 32 8 16 51 13 30 75 45 28 44 74 70 36 1 35 69 76 46 29 45 75 90 67 57 66 89 110 92 85 91 109
73 47 78 50 23 103 66 83 64 50 12 75 88 38 47 47 43 20 64 42 46 52 80 53 12 92 65 56 60 57 0 77 84 61 44 53 47 21 56 30 132 101 73 55 54 124 90 57 30 30 121 87 52 18 19 126 92 61 36 37 135 105 79 62 62
5 33 3 27 82 55 11 51 29 58 66 11 50 49 32 52 40 59 33 36 32 28 4 37 70 59 14 36 32 51 77 0 56 22 35 45 42 59 39 53 87 74 76 92 117 65 46 50 72 102 50 21 28 60 93 49 18 26 59 93 62 43 46 70 100
54 66 53 56 102 24 53 6 32 36 76 45 10 47 50 38 46 75 29 56 52 65 55 36 85 8 60 34 33 28 84 56 0 42 54 32 40 76 32 56 48 20 30 62 96 47 16 27 61 95 60 41 47 71 102 82 69 72 90 115 107 97 99 112 134
18 26 21 16 71 50 14 38 10 36 50 15 39 28 15 31 20 45 14 21 16 24 24 15 56 47 19 14 11 30 61 22 42 0 19 24 20 45 17 34 83 62 56 70 96 67 38 29 52 83 61 26 9 44 79 68 39 31 53 84 84 63 58 72 97
30 16 35 9 53 66 24 50 25 34 33 32 54 19 5 27 11 27 27 3 3 17 38 18 38 60 24 20 22 32 44 35 54 19 0 25 17 27 22 19 98 73 59 64 84 84 54 32 40 68 79 44 10 26 61 83 51 28 37 66 96 70 55 60 81
41 40 44 31 70 50 37 30 18 13 45 37 36 16 23 9 15 44 15 27 25 40 47 10 53 40 41 10 14 8 53 45 32 24 25 0 9 45 7 25 80 51 35 48 76 72 38 7 34 68 75 43 22 40 71 87 62 50 60 84 106 86 78 84 103
38 32 41 23 63 56 32 38 19 18 38 35 42 10 15 12 7 36 18 19 17 32 44 7 46 47 36 10 14 16 47 42 40 20 17 9 0 37 9 18 87 59 43 51 76 77 44 16 32 65 77 44 16 32 65 87 59 43 51 76 104 82 71 76 94
55 28 60 33 27 92 48 74 51 46 11 58 78 30 31 42 31 2 52 25 30 32 62 42 12 84 46 44 47 51 21 59 76 45 27 45 37 0 45 22 123 95 73 64 72 111 79 51 36 49 105 71 37 8 35 107 73 41 20 40 116 85 60 48 59
35 36 37 26 71 47 30 29 12 20 47 30 34 18 19 15 14 44 9 25 21 36 40 5 54 39 36 4 8 13 56 39 32 17 22 7 9 45 0 27 78 51 40 54 82 68 35 12 39 73 69 37 17 41 74 81 56 45 58 85 100 80 73 82 102
49 31 53 28 46 74 42 54 35 25 21 49 60 9 21 20 15 21 35 19 22 34 56 24 29 64 43 27 31 30 30 53 56 34 19 25 18 22 27 0 104 74 52 47 65 95 61 30 21 50 93 59 26 16 48 101 70 45 40 60 114 88 70 67 80
87 108 84 98 149 34 89 50 74 84 124 78 45 95 94 85 92 122 72 101 96 106 85 82 132 41 96 79 77 75 132 87 48 83 98 80 87 123 78 104 0 35 70 104 139 29 45 75 108 142 57 67 90 119 150 86 92 110 134 162 114 119 133 153 178
72 86 71 75 120 27 72 24 52 52 94 63 25 65 70 55 65 94 48 76 72 85 73 56 103 15 79 54 53 45 101 74 20 62 73 51 59 95 51 74 35 0 35 70 104 45 29 45 75 108 67 57 66 89 118 92 85 92 109 134 119 113 118 132 153
73 74 74 65 95 53 69 34 48 27 69 66 40 44 57 33 49 71 43 61 59 74 77 44 78 35 75 43 46 28 73 76 30 56 59 35 43 73 40 52 70 35 0 35 70 75 45 28 45 75 90 66 56 66 89 110 92 84 91 109 133 118 112 117 131
88 77 91 72 77 85 83 64 65 35 55 84 71 46 64 40 54 62 62 64 65 79 94 56 63 68 86 57 61 44 55 92 62 70 64 48 51 64 54 47 104 70 35 0 35 108 75 45 28 45 119 89 66 56 66 134 109 91 84 90 153 132 117 111 116
112 94 116 92 74 119 106 97 93 64 62 110 104 68 85 68 77 70 90 83 86 97 119 82 65 102 107 84 89 74 54 117 96 96 84 76 76 72 82 65 139 104 70 35 0 142 108 75 45 28 150 118 89 66 55 162 134 109 90 83 178 153 131 116 110
66 92 62 82 137 24 70 45 61 80 114 58 38 86 80 79 81 110 60 87 82 88 62 71 121 41 77 68 64 70 124 65 47 67 84 72 77 111 68 95 29 45 75 108 142 0 35 70 104 139 29 45 75 108 142 57 67 90 119 150 86 92 110 134 162
45 64 44 53 105 13 46 12 30 46 81 36 6 52 50 45 48 78 28 56 51 61 45 38 89 15 53 35 32 36 90 46 16 38 54 38 44 79 35 61 45 29 45 75 108 35 0 35 70 104 45 29 45 75 108 67 57 66 89 118 92 85 92 109 134
46 47 48 37 75 47 42 26 22 11 50 41 32 21 29 11 22 49 18 34 31 47 51 16 58 35 47 15 19 1 57 50 27 29 32 7 16 51 12 30 75 45 28 45 75 70 35 0 35 70 75 45 28 45 75 90 66 56 66 89 110 92 84 91 109
68 52 72 48 52 82 62 61 50 25 28 66 67 24 41 26 33 34 48 40 42 55 75 39 36 68 64 41 46 35 30 72 61 52 40 34 32 36 39 21 108 75 45 28 45 104 70 35 0 35 108 75 45 28 45 119 89 66 56 66 134 109 91 84 90
98 75 102 76 47 116 91 95 83 59 39 98 101 56 70 60 64 48 82 66 70 79 105 72 41 102 91 74 79 69 30 102 95 83 68 68 65 49 73 50 142 108 75 45 28 139 104 70 35 0 142 108 75 45 28 150 118 89 66 55 162 134 109 90 83
53 81 48 73 130 40 59 56 59 86 111 48 50 86 75 83 79 105 61 81 76 77 47 71 117 57 64 68 63 76 121 50 60 61 79 75 77 105 69 93 57 67 90 119 150 29 45 75 108 142 0 35 70 104 139 29 45 75 108 142 57 67 90 119 150
21 48 18 39 96 35 26 36 26 55 76 14 33 53 41 51 45 71 28 46 41 44 18 37 82 43 32 35 30 46 87 21 41 26 44 43 44 71 37 59 67 57 66 89 118 45 29 45 75 108 35 0 35 70 104 45 29 45 75 108 67 57 66 89 118
24 20 28 10 63 57 17 43 16 33 41 23 46 22 6 27 13 36 19 12 7 19 31 13 48 53 20 14 14 29 52 28 47 9 10 22 16 37 17 26 90 66 56 66 89 75 45 28 45 75 70 35 0 35 70 75 45 28 45 75 90 66 56 66 89
56 31 60 33 31 88 49 69 48 40 7 58 74 25 30 35 27 6 48 24 29 35 63 38 14 79 47 41 44 45 18 60 71 44 26 40 32 8 41 16 119 89 66 56 66 108 75 45 28 45 104 70 35 0 35 108 75 45 28 45 119 89 66 56 66
90 62 94 67 21 121 83 101 82 67 29 92 106 56 64 65 61 35 82 59 64 67 97 71 24 109 81 74 78 75 19 93 102 79 61 71 65 35 74 48 150 118 89 66 55 142 108 75 45 28 139 104 70 35 0 142 108 75 45 28 150 118 89 66 55
53 80 48 76 130 66 60 77 70 100 114 53 72 95 80 96 87 107 73 85 80 76 46 81 118 80 62 79 74 90 126 49 82 68 83 87 87 107 81 101 86 92 110 134 162 57 67 90 119 150 29 45 75 108 142 0 35 70 104 139 29 45 75 108 142
22 46 19 43 95 62 28 64 45 75 81 26 61 66 49 69 57 74 49 52 49 42 16 54 85 71 28 53 49 67 92 18 69 39 51 62 59 73 56 70 92 85 92 109 134 67 57 66 89 118 45 29 45 75 108 35 0 35 70 104 45 29 45 75 108
24 15 28 20 61 77 21 68 41 60 51 32 69 46 29 54 38 42 45 27 27 12 29 41 52 77 14 42 41 57 61 26 72 31 28 50 43 41 45 45 110 92 84 91 109 90 66 56 66 89 75 45 28 45 75 70 35 0 35 70 75 45 28 45 75
56 28 61 37 27 102 50 87 60 64 30 62 90 47 41 58 45 22 63 34 39 31 62 54 25 97 45 56 58 66 36 59 90 53 37 60 51 20 58 40 134 109 91 84 90 119 89 66 56 66 108 75 45 28 45 104 70 35 0 35 108 75 45 28 45
90 61 95 69 14 131 84 113 90 83 41 95 118 69 70 80 71 41 91 63 69 65 96 81 32 123 79 84 87 89 37 93 115 84 66 84 76 40 85 60 162 134 109 90 83 150 118 89 66 55 142 108 75 45 28 139 104 70 35 0 142 108 75 45 28
67 88 63 87 135 93 73 102 89 119 125 70 97 111 94 114 102 116 93 97 93 84 60 98 127 106 72 97 93 110 135 62 107 84 96 106 104 116 100 114 114 119 133 153 178 86 92 110 134 162 57 67 90 119 150 29 45 75 108 142 0 35 70 104 139
46 59 45 61 102 90 50 92 71 99 95 53 89 87 69 93 78 86 75 70 68 56 42 78 96 99 47 77 74 92 105 43 97 63 70 86 82 85 80 88 119 113 118 132 153 92 85 92 109 134 67 57 66 89 118 45 29 45 75 108 35 0 35 70 104
47 40 49 48 71 101 47 94 68 88 70 56 94 73 56 82 65 61 72 54 54 39 49 69 69 103 40 70 68 85 79 46 99 58 55 78 71 60 73 70 133 118 112 117 131 110 92 84 91 109 90 66 56 66 89 75 45 28 45 75 70 35 0 35 70
69 46 73 57 46 120 65 108 81 90 57 77 111 73 63 84 69 50 84 58 61 48 73 77 51 118 58 79 80 91 62 70 112 72 60 84 76 48 82 67 153 132 117 111 116 134 109 91 84 90 119 89 66 56 66 108 75 45 28 45 104 70 35 0 35
98 71 103 81 39 146 93 131 105 105 63 105 134 89 85 100 88 60 107 78 83 75 104 98 55 140 87 100 102 109 62 100 134 97 81 103 94 59 102 80 178 153 131 116 110 162 134 109 90 83 150 118 89 66 55 142 108 75 45 28 139 104 70 35 0
