0 23 45 34 47 27 96 80 68 64 45 90 16 54 22 58 44 74 54 53 7 29 50 58 43 30 68 62 43 65 53 59 23 52 65 96 46 38 52 59 136 107 82 66 67 125 92 62 40 42 120 85 51 18 22 121 87 53 24 28 128 97 68 49 51
23 0 63 35 57 41 96 83 59 80 45 87 9 58 10 65 45 82 51 56 25 32 68 48 53 43 65 73 33 80 51 50 21 57 48 96 45 53 50 62 131 99 69 47 45 125 91 57 25 21 125 91 57 24 20 131 99 69 46 44 142 113 88 72 70
45 63 0 40 27 23 77 56 71 20 45 76 54 39 56 36 43 44 53 42 39 39 7 66 25 22 61 29 60 23 50 67 47 36 84 76 46 13 50 45 121 100 89 91 105 102 77 62 65 83 88 57 35 40 66 82 47 13 24 58 85 53 27 33 62
34 35 40 0 23 20 64 49 37 52 12 57 29 23 26 31 11 48 21 21 28 5 46 29 20 20 35 39 20 50 20 31 15 23 45 63 13 28 19 28 103 74 54 52 70 93 59 30 26 54 90 56 22 16 50 97 65 40 38 60 110 84 66 64 79
47 57 27 23 0 22 54 34 46 31 23 51 49 13 48 12 20 28 28 16 41 26 31 43 5 19 35 17 41 28 26 44 36 10 63 53 23 16 25 19 97 75 64 72 92 81 52 36 48 76 73 38 9 33 68 75 43 21 38 70 87 61 49 58 82
27 41 23 20 22 0 74 55 55 39 29 69 33 31 34 33 27 48 38 31 21 17 29 48 18 3 50 35 39 40 36 50 24 28 64 73 30 13 35 37 116 90 73 70 83 102 71 47 43 62 94 60 27 18 48 94 60 28 19 49 103 73 49 45 63
96 96 77 64 54 74 0 21 44 69 53 13 92 44 87 43 53 36 46 44 90 69 80 54 57 71 32 49 66 64 46 52 77 46 72 2 52 69 46 38 44 35 53 83 115 29 9 42 76 111 37 24 47 79 113 59 52 66 91 122 85 80 90 110 136
80 83 56 49 34 55 21 0 42 49 39 24 77 26 74 23 39 16 36 28 73 53 59 48 38 53 26 28 57 43 34 48 63 28 70 20 39 49 35 22 65 51 57 80 109 47 23 36 67 100 42 10 29 63 98 55 36 45 72 104 76 64 69 89 116
68 59 71 37 46 55 44 42 0 75 27 33 58 34 52 42 29 53 19 31 63 41 76 12 46 54 17 55 27 71 21 10 45 37 29 45 26 59 22 31 73 40 19 39 72 71 37 10 36 70 80 52 38 51 79 96 75 66 74 95 117 100 94 99 116
64 80 20 52 31 39 69 49 75 0 53 71 71 41 72 34 51 34 58 45 58 52 18 73 33 37 62 22 71 6 56 74 62 39 94 67 53 27 55 45 113 98 93 102 120 90 71 66 77 100 73 46 38 56 85 63 29 12 43 78 65 34 21 47 79
45 45 45 12 23 29 53 39 27 53 0 45 39 16 35 25 3 41 9 13 40 17 51 21 21 28 24 36 20 50 8 22 25 17 41 52 1 33 7 18 91 63 45 50 73 82 48 19 29 61 81 47 17 28 61 90 61 43 48 72 106 83 70 73 90
90 87 76 57 51 69 13 24 33 71 45 0 83 39 79 41 46 40 37 39 84 62 80 43 54 67 22 50 56 66 38 41 69 42 61 14 44 67 38 33 47 27 41 71 104 39 5 31 66 101 49 31 43 72 105 70 59 66 88 116 95 87 92 108 132
16 9 54 29 49 33 92 77 58 71 39 83 0 52 7 58 39 75 46 50 17 25 59 47 45 35 62 65 31 72 47 49 15 51 50 91 40 45 46 56 128 97 70 51 53 120 87 54 26 30 119 84 50 16 22 123 91 60 37 40 134 105 79 64 65
54 58 39 23 13 31 44 26 34 41 16 39 52 0 49 9 15 26 18 5 48 28 44 33 15 28 23 21 36 37 16 34 38 3 55 43 16 28 15 7 86 62 53 65 89 72 41 25 45 76 67 33 5 38 72 74 46 32 49 79 90 68 60 70 93
22 10 56 26 48 34 87 74 52 72 35 79 7 49 0 56 35 73 42 46 22 23 62 41 44 36 57 64 25 72 42 43 12 48 44 87 36 46 41 53 123 92 63 45 50 116 82 48 19 29 116 81 47 17 27 122 90 61 42 47 134 105 82 69 72
58 65 36 31 12 33 43 23 42 34 25 41 58 9 56 0 24 18 27 14 52 34 39 42 16 30 29 13 44 30 24 43 45 9 64 41 25 27 24 12 86 66 61 73 98 69 42 33 53 84 62 27 9 43 78 66 37 26 50 82 81 60 54 68 94
44 45 43 11 20 27 53 39 29 51 3 46 39 15 35 24 0 40 11 12 38 16 49 24 19 26 25 34 22 48 10 25 25 15 44 53 4 31 9 18 92 65 47 52 75 82 49 21 30 62 81 47 15 27 60 89 60 40 46 70 104 81 67 71 89
74 82 44 48 28 48 36 16 53 34 41 40 75 26 73 18 40 0 41 29 68 51 46 56 32 46 37 15 60 28 39 56 62 26 78 34 41 40 39 25 80 66 70 88 114 58 39 45 70 101 46 14 26 60 95 49 23 32 63 96 66 49 54 76 105
54 51 53 21 28 38 46 36 19 58 9 37 46 18 42 27 11 41 0 14 48 26 58 16 28 37 16 39 21 55 3 16 32 20 38 46 8 41 4 17 83 54 37 47 74 75 41 10 32 66 77 44 21 36 68 89 62 48 57 80 107 86 76 81 99
53 56 42 21 16 31 44 28 31 45 13 39 50 5 46 14 12 29 14 0 47 26 47 29 17 29 20 26 32 41 11 30 35 7 51 43 12 31 11 7 85 60 49 60 85 73 41 21 41 73 70 36 8 36 70 78 50 36 50 78 94 73 64 72 94
7 25 39 28 41 21 90 73 63 58 40 84 17 48 22 52 38 68 48 47 0 23 44 54 37 24 63 56 40 59 48 55 20 46 63 90 41 32 47 53 130 102 78 65 70 119 87 57 38 45 113 79 45 13 28 114 80 47 21 33 122 91 64 48 53
29 32 39 5 26 17 69 53 41 52 17 62 25 28 23 34 16 51 26 26 23 0 45 33 22 18 40 42 22 51 25 34 11 26 47 68 18 27 24 32 108 79 58 53 68 97 64 35 26 51 94 60 25 11 45 100 68 41 34 55 112 85 65 61 75
50 68 7 46 31 29 80 59 76 18 51 80 59 44 62 39 49 46 58 47 44 45 0 72 31 28 66 32 66 22 56 73 53 41 90 78 52 19 55 49 124 105 95 97 111 104 80 67 71 89 88 59 40 46 71 80 46 14 27 61 81 48 21 31 63
58 48 66 29 43 48 54 48 12 73 21 43 47 33 41 42 24 56 16 29 54 33 72 0 42 48 23 54 16 70 18 2 35 35 23 54 21 54 19 32 84 51 26 33 63 81 47 13 25 59 88 57 36 41 67 102 77 63 66 85 121 101 90 92 106
43 53 25 20 5 18 57 38 46 33 21 54 45 15 44 16 19 32 28 17 37 22 31 42 0 15 37 20 39 31 26 43 33 12 62 56 22 14 25 21 100 77 65 70 89 85 55 37 46 72 77 43 11 29 63 79 47 22 35 66 91 64 49 56 79
30 43 22 20 19 3 71 53 54 37 28 67 35 28 36 30 26 46 37 29 24 18 28 48 15 0 48 33 39 37 35 49 26 26 64 70 29 10 34 35 114 89 72 70 84 99 69 46 43 64 91 57 25 20 51 91 57 26 21 52 100 70 48 46 65
68 65 61 35 35 50 32 26 17 62 24 22 62 23 57 29 25 37 16 20 63 40 66 23 37 48 0 41 35 58 16 22 47 26 44 32 23 50 17 18 68 41 33 54 85 60 26 11 45 79 65 36 27 51 83 80 59 54 69 95 101 85 82 92 113
62 73 29 39 17 35 49 28 55 22 36 50 65 21 64 13 34 15 39 26 56 42 32 54 20 33 41 0 55 17 37 55 52 20 76 47 36 26 36 24 93 76 73 85 108 73 50 45 64 92 60 28 20 49 83 59 27 18 48 82 71 47 43 62 91
43 33 60 20 41 39 66 57 27 71 20 56 31 36 25 44 22 60 21 32 40 22 66 16 39 39 35 55 0 69 23 18 21 36 25 66 20 47 23 37 99 67 39 32 54 94 60 25 11 45 98 65 36 28 52 109 81 60 55 70 125 102 86 82 93
65 80 23 50 28 40 64 43 71 6 50 66 72 37 72 30 48 28 55 41 59 51 22 70 31 37 58 17 69 0 52 71 61 35 91 62 51 28 52 41 107 92 90 100 119 85 66 62 76 100 67 41 35 56 87 59 25 12 46 81 63 34 27 52 84
53 51 50 20 26 36 46 34 21 56 8 38 47 16 42 24 10 39 3 11 48 25 56 18 26 35 16 37 23 52 0 19 32 18 40 45 7 39 1 15 83 55 39 50 76 74 41 12 33 67 76 43 18 36 68 87 60 46 55 80 104 83 74 79 98
59 50 67 31 44 50 52 48 10 74 22 41 49 34 43 43 25 56 16 30 55 34 73 2 43 49 22 55 18 71 19 0 37 36 23 53 22 55 19 32 82 50 24 33 64 80 45 12 26 60 87 57 36 43 69 102 77 64 68 86 121 102 92 94 108
23 21 47 15 36 24 77 63 45 62 25 69 15 38 12 45 25 62 32 35 20 11 53 35 33 26 47 52 21 61 32 37 0 37 44 77 26 36 31 42 115 84 59 48 59 106 72 40 20 40 105 70 36 9 36 111 79 51 37 50 123 95 73 64 73
52 57 36 23 10 28 46 28 37 39 17 42 51 3 48 9 15 26 20 7 46 26 41 35 12 26 26 20 36 35 18 36 37 0 57 45 17 26 17 9 88 65 56 66 89 74 44 28 45 76 69 34 2 36 71 75 45 29 46 76 90 67 57 67 90
65 48 84 45 63 64 72 70 29 94 41 61 50 55 44 64 44 78 38 51 63 47 90 23 62 64 44 76 25 91 40 23 44 57 0 73 41 72 41 54 95 61 26 11 45 98 65 35 25 50 108 79 57 52 67 124 100 83 79 90 144 123 110 107 115
96 96 76 63 53 73 2 20 45 67 52 14 91 43 87 41 53 34 46 43 90 68 78 54 56 70 32 47 66 62 45 53 77 45 73 0 52 68 46 37 46 36 54 84 116 30 10 42 76 111 36 23 46 79 112 58 50 64 90 121 84 78 88 108 135
46 45 46 13 23 30 52 39 26 53 1 44 40 16 36 25 4 41 8 12 41 18 52 21 22 29 23 36 20 51 7 22 26 17 41 52 0 34 6 18 90 62 44 50 73 81 47 18 29 62 81 47 17 29 62 90 61 43 49 73 106 83 70 74 91
38 53 13 28 16 13 69 49 59 27 33 67 45 28 46 27 31 40 41 31 32 27 19 54 14 10 50 26 47 28 39 55 36 26 72 68 34 0 38 34 113 90 77 79 94 96 68 50 53 74 85 52 24 30 60 83 49 16 23 57 91 61 39 42 67
52 50 50 19 25 35 46 35 22 55 7 38 46 15 41 24 9 39 4 11 47 24 55 19 25 34 17 36 23 52 1 19 31 17 41 46 6 38 0 15 84 56 40 50 76 75 41 13 32 66 76 43 18 35 67 87 60 45 54 79 104 83 73 79 97
59 62 45 28 19 37 38 22 31 45 18 33 56 7 53 12 18 25 17 7 53 32 49 32 21 35 18 24 37 41 15 32 42 9 54 37 18 34 15 0 80 56 49 64 90 66 35 22 46 79 64 29 11 43 77 73 46 37 55 84 90 70 65 76 99
136 131 121 103 97 116 44 65 73 113 91 47 128 86 123 86 92 80 83 85 130 108 124 84 100 114 68 93 99 107 83 82 115 88 95 46 90 113 84 80 0 35 70 104 139 29 45 75 108 142 57 67 90 119 150 86 92 110 134 162 114 119 133 153 178
107 99 100 74 75 90 35 51 40 98 63 27 97 62 92 66 65 66 54 60 102 79 105 51 77 89 41 76 67 92 55 50 84 65 61 36 62 90 56 56 35 0 35 70 104 45 29 45 75 108 67 57 66 89 118 92 85 92 109 134 119 113 118 132 153
82 69 89 54 64 73 53 57 19 93 45 41 70 53 63 61 47 70 37 49 78 58 95 26 65 72 33 73 39 90 39 24 59 56 26 54 44 77 40 49 70 35 0 35 70 75 45 28 45 75 90 66 56 66 89 110 92 84 91 109 133 118 112 117 131
66 47 91 52 72 70 83 80 39 102 50 71 51 65 45 73 52 88 47 60 65 53 97 33 70 70 54 85 32 100 50 33 48 66 11 84 50 79 50 64 104 70 35 0 35 108 75 45 28 45 119 89 66 56 66 134 109 91 84 90 153 132 117 111 116
67 45 105 70 92 83 115 109 72 120 73 104 53 89 50 98 75 114 74 85 70 68 111 63 89 84 85 108 54 119 76 64 59 89 45 116 73 94 76 90 139 104 70 35 0 142 108 75 45 28 150 118 89 66 55 162 134 109 90 83 178 153 131 116 110
125 125 102 93 81 102 29 47 71 90 82 39 120 72 116 69 82 58 75 73 119 97 104 81 85 99 60 73 94 85 74 80 106 74 98 30 81 96 75 66 29 45 75 108 142 0 35 70 104 139 29 45 75 108 142 57 67 90 119 150 86 92 110 134 162
92 91 77 59 52 71 9 23 37 71 48 5 87 41 82 42 49 39 41 41 87 64 80 47 55 69 26 50 60 66 41 45 72 44 65 10 47 68 41 35 45 29 45 75 108 35 0 35 70 104 45 29 45 75 108 67 57 66 89 118 92 85 92 109 134
62 57 62 30 36 47 42 36 10 66 19 31 54 25 48 33 21 45 10 21 57 35 67 13 37 46 11 45 25 62 12 12 40 28 35 42 18 50 13 22 75 45 28 45 75 70 35 0 35 70 75 45 28 45 75 90 66 56 66 89 110 92 84 91 109
40 25 65 26 48 43 76 67 36 77 29 66 26 45 19 53 30 70 32 41 38 26 71 25 46 43 45 64 11 76 33 26 20 45 25 76 29 53 32 46 108 75 45 28 45 104 70 35 0 35 108 75 45 28 45 119 89 66 56 66 134 109 91 84 90
42 21 83 54 76 62 111 100 70 100 61 101 30 76 29 84 62 101 66 73 45 51 89 59 72 64 79 92 45 100 67 60 40 76 50 111 62 74 66 79 142 108 75 45 28 139 104 70 35 0 142 108 75 45 28 150 118 89 66 55 162 134 109 90 83
120 125 88 90 73 94 37 42 80 73 81 49 119 67 116 62 81 46 77 70 113 94 88 88 77 91 65 60 98 67 76 87 105 69 108 36 81 85 76 64 57 67 90 119 150 29 45 75 108 142 0 35 70 104 139 29 45 75 108 142 57 67 90 119 150
85 91 57 56 38 60 24 10 52 46 47 31 84 33 81 27 47 14 44 36 79 60 59 57 43 57 36 28 65 41 43 57 70 34 79 23 47 52 43 29 67 57 66 89 118 45 29 45 75 108 35 0 35 70 104 45 29 45 75 108 67 57 66 89 118
51 57 35 22 9 27 47 29 38 38 17 43 50 5 47 9 15 26 21 8 45 25 40 36 11 25 27 20 36 35 18 36 36 2 57 46 17 24 18 11 90 66 56 66 89 75 45 28 45 75 70 35 0 35 70 75 45 28 45 75 90 66 56 66 89
18 24 40 16 33 18 79 63 51 56 28 72 16 38 17 43 27 60 36 36 13 11 46 41 29 20 51 49 28 56 36 43 9 36 52 79 29 30 35 43 119 89 66 56 66 108 75 45 28 45 104 70 35 0 35 108 75 45 28 45 119 89 66 56 66
22 20 66 50 68 48 113 98 79 85 61 105 22 72 27 78 60 95 68 70 28 45 71 67 63 51 83 83 52 87 68 69 36 71 67 112 62 60 67 77 150 118 89 66 55 142 108 75 45 28 139 104 70 35 0 142 108 75 45 28 150 118 89 66 55
121 131 82 97 75 94 59 55 96 63 90 70 123 74 122 66 89 49 89 78 114 100 80 102 79 91 80 59 109 59 87 102 111 75 124 58 90 83 87 73 86 92 110 134 162 57 67 90 119 150 29 45 75 108 142 0 35 70 104 139 29 45 75 108 142
87 99 47 65 43 60 52 36 75 29 61 59 91 46 90 37 60 23 62 50 80 68 46 77 47 57 59 27 81 25 60 77 79 45 100 50 61 49 60 46 92 85 92 109 134 67 57 66 89 118 45 29 45 75 108 35 0 35 70 104 45 29 45 75 108
53 69 13 40 21 28 66 45 66 12 43 66 60 32 61 26 40 32 48 36 47 41 14 63 22 26 54 18 60 12 46 64 51 29 83 64 43 16 45 37 110 92 84 91 109 90 66 56 66 89 75 45 28 45 75 70 35 0 35 70 75 45 28 45 75
24 46 24 38 38 19 91 72 74 43 48 88 37 49 42 50 46 63 57 50 21 34 27 66 35 21 69 48 55 46 55 68 37 46 79 90 49 23 54 55 134 109 91 84 90 119 89 66 56 66 108 75 45 28 45 104 70 35 0 35 108 75 45 28 45
28 44 58 60 70 49 122 104 95 78 72 116 40 79 47 82 70 96 80 78 33 55 61 85 66 52 95 82 70 81 80 86 50 76 90 121 73 57 79 84 162 134 109 90 83 150 118 89 66 55 142 108 75 45 28 139 104 70 35 0 142 108 75 45 28
128 142 85 110 87 103 85 76 117 65 106 95 134 90 134 81 104 66 107 94 122 112 81 121 91 100 101 71 125 63 104 121 123 90 144 84 106 91 104 90 114 119 133 153 178 86 92 110 134 162 57 67 90 119 150 29 45 75 108 142 0 35 70 104 139
97 113 53 84 61 73 80 64 100 34 83 87 105 68 105 60 81 49 86 73 91 85 48 101 64 70 85 47 102 34 83 102 95 67 123 78 83 61 83 70 119 113 118 132 153 92 85 92 109 134 67 57 66 89 118 45 29 45 75 108 35 0 35 70 104
68 88 27 66 49 49 90 69 94 21 70 92 79 60 82 54 67 54 76 64 64 65 21 90 49 48 82 43 86 27 74 92 73 57 110 88 70 39 73 65 133 118 112 117 131 110 92 84 91 109 90 66 56 66 89 75 45 28 45 75 70 35 0 35 70
49 72 33 64 58 45 110 89 99 47 73 108 64 70 69 68 71 76 81 72 48 61 31 92 56 46 92 62 82 52 79 94 64 67 107 108 74 42 79 76 153 132 117 111 116 134 109 91 84 90 119 89 66 56 66 108 75 45 28 45 104 70 35 0 35
51 70 62 79 82 63 136 116 116 79 90 132 65 93 72 94 89 105 99 94 53 75 63 106 79 65 113 91 93 84 98 108 73 90 115 135 91 67 97 99 178 153 131 116 110 162 134 109 90 83 150 118 89 66 55 142 108 75 45 28 139 104 70 35 0
