0 20 61 52 20 12 30 34 32 16 72 58 11 34 63 26 26 37 38 8 45 43 50 38 10 11 25 50 28 16 73 18 14 28 61 12 23 28 25 10 73 45 33 51 81 65 31 7 40 74 69 39 24 46 78 83 60 52 65 90 103 86 80 89 108
20 0 50 39 14 30 11 18 13 4 57 50 31 15 45 6 14 35 26 26 37 24 36 19 18 24 8 36 10 12 57 4 29 15 44 26 11 29 6 29 90 64 50 58 81 78 46 23 37 68 75 41 9 30 65 83 53 35 46 73 98 75 63 69 89
61 50 0 12 63 63 41 58 51 52 87 10 69 48 29 47 61 31 68 68 18 53 16 49 65 55 42 17 52 46 84 48 59 60 26 72 40 39 50 67 133 101 72 50 48 126 91 58 27 24 125 90 56 23 18 130 97 67 43 40 141 111 85 68 67
52 39 12 0 52 56 30 46 39 41 76 17 60 37 22 35 49 28 57 59 14 42 5 38 55 47 31 5 40 37 73 38 52 49 19 62 30 34 38 59 124 94 67 51 56 116 82 50 25 34 114 79 45 11 26 118 86 55 35 42 129 100 75 62 66
20 14 63 52 0 31 23 17 19 13 53 63 29 22 57 18 8 47 19 22 50 28 49 25 11 28 22 49 15 22 55 16 33 10 55 17 24 40 15 27 81 58 52 67 93 66 36 25 49 81 62 27 10 43 78 70 43 34 54 84 87 67 62 74 98
12 30 63 56 31 0 38 45 42 26 83 59 7 44 70 35 38 35 50 13 46 53 54 48 21 9 33 55 39 22 85 27 6 39 68 20 30 26 36 7 70 39 22 44 76 67 33 8 39 73 75 47 35 52 81 92 71 63 73 96 113 97 91 98 116
30 11 41 30 23 38 0 19 11 14 55 43 40 11 35 6 20 33 29 36 31 19 26 14 29 31 6 26 11 17 55 12 37 20 33 36 10 30 9 39 101 74 57 58 77 88 56 31 33 61 84 50 15 21 55 89 58 33 36 62 102 76 60 61 79
34 18 58 46 17 45 19 0 8 20 40 60 44 10 44 15 10 50 11 38 49 11 42 11 28 40 22 42 9 29 40 21 46 8 44 34 26 46 13 43 97 75 66 74 95 80 52 38 51 79 71 37 10 36 70 73 40 19 39 72 84 59 47 58 83
32 13 51 39 19 42 11 8 0 17 45 53 43 4 39 9 12 43 18 37 41 11 35 7 28 36 15 35 4 24 45 16 42 11 38 35 19 40 7 41 99 75 63 68 88 84 54 35 44 71 77 42 10 29 63 80 47 23 36 67 92 66 51 57 80
16 4 52 41 13 26 14 20 17 0 59 51 27 19 49 10 15 35 27 22 38 27 38 22 15 21 11 38 13 10 60 4 26 16 47 22 12 28 10 26 87 60 47 56 81 75 43 19 37 69 74 40 11 33 67 82 54 38 49 76 99 76 66 73 93
72 57 87 76 53 83 55 40 45 59 0 92 81 45 63 54 46 88 34 73 83 37 71 42 63 79 60 71 47 68 6 60 84 44 64 68 64 84 51 80 120 107 104 113 130 97 80 77 88 110 76 54 49 66 93 63 32 22 49 82 60 26 14 46 80
58 50 10 17 63 59 43 60 53 51 92 0 65 51 37 48 62 25 71 66 14 57 21 53 64 51 42 22 54 44 89 48 54 62 34 69 40 34 51 64 128 96 65 41 40 123 89 54 21 19 124 90 57 27 25 132 100 71 50 49 144 116 92 77 76
11 31 69 60 29 7 40 44 43 27 81 65 0 45 73 36 36 41 48 8 52 53 59 49 18 14 35 59 39 25 83 29 12 38 71 15 33 32 36 2 65 35 25 50 83 60 26 11 45 79 69 42 35 55 86 86 67 62 75 100 108 93 90 99 119
34 15 48 37 22 44 11 10 4 19 45 51 45 0 36 10 16 43 20 39 40 10 33 4 31 38 15 32 7 25 45 18 44 14 35 38 19 40 9 44 102 78 64 68 87 87 57 37 43 69 80 45 13 26 60 82 49 23 33 63 93 66 50 55 77
63 45 29 22 57 70 35 44 39 49 63 37 73 36 0 40 51 48 53 70 35 35 20 34 63 61 39 19 42 48 59 46 67 50 4 70 40 52 42 72 135 107 85 73 76 122 91 63 46 51 115 81 47 19 31 114 80 46 15 28 120 88 59 40 47
26 6 47 35 18 35 6 15 9 10 54 48 36 10 40 0 15 36 25 32 35 19 32 14 24 28 7 32 7 16 54 8 34 15 39 31 11 31 4 35 96 70 55 60 81 83 51 28 37 66 79 44 10 26 61 84 54 32 40 68 98 73 59 64 84
26 14 61 49 8 38 20 10 12 15 46 62 36 16 51 15 0 48 13 29 49 20 46 18 19 34 21 46 10 25 48 17 39 3 50 25 24 42 12 35 88 66 59 70 94 72 43 31 50 80 65 31 6 40 74 70 40 27 47 79 85 62 54 67 91
37 35 31 28 47 35 33 50 43 35 88 25 41 43 48 36 48 0 60 43 15 52 29 46 44 28 29 29 42 25 87 32 30 49 45 48 25 10 38 40 104 71 41 27 47 101 66 32 4 39 105 73 43 30 49 116 88 66 58 69 133 108 91 85 93
38 26 68 57 19 50 29 11 18 27 34 71 48 20 53 25 13 60 0 40 59 18 52 20 30 46 31 52 18 37 36 29 51 12 53 35 35 54 22 46 94 76 71 83 105 74 50 44 61 89 63 30 17 46 80 62 30 17 46 80 74 50 43 61 89
8 26 68 59 22 13 36 38 37 22 73 66 8 39 70 32 29 43 40 0 52 47 57 43 11 17 31 57 33 23 76 25 17 31 68 8 30 34 31 7 66 39 33 56 87 58 24 12 47 81 63 35 28 53 85 79 59 55 71 97 101 85 83 94 115
45 37 18 14 50 46 31 49 41 38 83 14 52 40 35 35 49 15 59 52 0 47 16 42 50 38 29 17 41 30 81 34 42 49 32 56 26 22 38 51 116 84 55 38 48 110 75 41 11 32 111 77 44 19 35 119 88 61 47 55 132 105 84 74 80
43 24 53 42 28 53 19 11 11 27 37 57 53 10 35 19 20 52 18 47 47 0 37 6 38 47 25 37 15 34 36 27 53 18 35 45 29 49 18 52 108 85 74 77 94 91 63 46 52 75 80 47 19 31 63 79 46 15 29 62 88 59 41 47 72
50 36 16 5 49 54 26 42 35 38 71 21 59 33 20 32 46 29 52 57 16 37 0 33 53 46 28 1 37 34 69 35 51 45 17 59 27 33 35 57 122 92 67 53 60 113 79 48 26 39 110 75 41 7 30 114 81 51 31 42 125 96 71 59 65
38 19 49 38 25 48 14 11 7 22 42 53 49 4 34 14 18 46 20 43 42 6 33 0 34 42 19 33 10 29 41 21 48 16 34 41 23 43 13 47 105 81 68 71 89 89 60 41 46 71 81 47 16 27 60 82 49 20 30 62 92 64 47 51 74
10 18 65 55 11 21 29 28 28 15 63 64 18 31 63 24 19 44 30 11 50 38 53 34 0 21 25 53 24 21 65 18 24 21 62 8 26 36 22 17 72 48 42 61 90 61 28 17 47 81 61 29 19 48 81 74 50 45 63 91 94 76 73 84 107
11 24 55 47 28 9 31 40 36 21 79 51 14 38 61 28 34 28 46 17 38 47 46 42 21 0 25 46 33 14 80 21 7 35 59 23 22 18 29 13 78 47 27 41 71 74 39 5 31 66 80 49 30 43 72 94 70 58 66 87 114 95 86 91 107
25 8 42 31 22 33 6 22 15 11 60 42 35 15 39 7 21 29 31 31 29 25 28 19 25 25 0 28 14 11 60 7 31 21 37 32 5 25 10 33 96 69 51 53 74 86 53 25 30 60 83 49 16 23 57 90 60 38 41 66 105 80 65 67 84
50 36 17 5 49 55 26 42 35 38 71 22 59 32 19 32 46 29 52 57 17 37 1 33 53 46 28 0 36 35 68 35 51 45 16 59 28 34 35 58 123 93 67 54 61 113 80 48 27 39 110 75 41 7 30 114 81 51 31 42 125 95 71 58 65
28 10 52 40 15 39 11 9 4 13 47 54 39 7 42 7 10 42 18 33 41 15 37 10 24 33 14 36 0 21 48 13 39 9 41 31 17 38 5 38 95 71 59 66 87 81 51 32 43 72 74 40 6 31 65 79 47 26 39 70 92 67 54 61 84
16 12 46 37 22 22 17 29 24 10 68 44 25 25 48 16 25 25 37 23 30 34 34 29 21 14 11 35 21 0 68 9 20 26 46 26 8 18 17 24 89 59 40 46 71 80 46 15 28 61 81 48 20 31 62 92 64 47 52 75 108 86 74 77 94
73 57 84 73 55 85 55 40 45 60 6 89 83 45 59 54 48 87 36 76 81 36 69 41 65 80 60 68 48 68 0 60 85 46 61 71 64 84 52 82 125 110 106 112 128 102 84 78 87 107 82 58 50 63 89 69 37 22 45 77 66 31 9 40 75
18 4 48 38 16 27 12 21 16 4 60 48 29 18 46 8 17 32 29 25 34 27 35 21 18 21 7 35 13 9 60 0 27 18 44 25 8 26 9 27 90 63 47 54 78 79 46 20 34 65 77 43 12 30 64 85 57 39 47 73 101 78 66 71 91
14 29 59 52 33 6 37 46 42 26 84 54 12 44 67 34 39 30 51 17 42 53 51 48 24 7 31 51 39 20 85 27 0 40 65 24 28 21 35 12 75 42 21 39 71 72 38 8 34 68 80 51 36 49 76 96 74 64 71 93 117 99 92 97 113
28 15 60 49 10 39 20 8 11 16 44 62 38 14 50 15 3 49 12 31 49 18 45 16 21 35 21 45 9 26 46 18 40 0 49 27 24 43 12 37 90 68 61 72 95 73 45 33 50 80 66 32 6 39 74 70 40 25 46 77 84 61 52 65 90
61 44 26 19 55 68 33 44 38 47 64 34 71 35 4 39 50 45 53 68 32 35 17 34 62 59 37 16 41 46 61 44 65 49 0 69 38 49 41 70 133 105 82 70 73 121 89 61 43 49 114 80 46 17 29 114 80 47 18 30 121 90 61 43 49
12 26 72 62 17 20 36 34 35 22 68 69 15 38 70 31 25 48 35 8 56 45 59 41 8 23 32 59 31 26 71 25 24 27 69 0 32 40 29 14 65 41 40 63 93 54 21 18 52 86 57 28 26 55 88 72 52 51 70 98 94 79 78 91 114
23 11 40 30 24 30 10 26 19 12 64 40 33 19 40 11 24 25 35 30 26 29 27 23 26 22 5 28 17 8 64 8 28 24 38 32 0 21 14 32 96 67 48 49 71 86 53 23 27 58 85 51 19 23 56 93 63 42 44 67 108 84 69 70 86
28 29 39 34 40 26 30 46 40 28 84 34 32 40 52 31 42 10 54 34 22 49 33 43 36 18 25 34 38 18 84 26 21 43 49 40 21 0 34 31 95 62 34 29 54 92 57 22 14 48 96 65 38 33 57 109 82 63 60 75 126 104 89 87 98
25 6 50 38 15 36 9 13 7 10 51 51 36 9 42 4 12 38 22 31 38 18 35 13 22 29 10 35 5 17 52 9 35 12 41 29 14 34 0 35 94 69 56 62 84 81 49 28 40 69 76 41 7 29 64 81 50 30 41 70 95 71 58 64 85
10 29 67 59 27 7 39 43 41 26 80 64 2 44 72 35 35 40 46 7 51 52 57 47 17 13 33 58 38 24 82 27 12 37 70 14 32 31 35 0 66 36 26 50 82 61 27 10 44 79 69 41 33 54 85 86 66 61 74 98 108 92 89 98 117
73 90 133 124 81 70 101 97 99 87 120 128 65 102 135 96 88 104 94 66 116 108 122 105 72 78 96 123 95 89 125 90 75 90 133 65 96 95 94 66 0 35 70 104 139 29 45 75 108 142 57 67 90 119 150 86 92 110 134 162 114 119 133 153 178
45 64 101 94 58 39 74 75 75 60 107 96 35 78 107 70 66 71 76 39 84 85 92 81 48 47 69 93 71 59 110 63 42 68 105 41 67 62 69 36 35 0 35 70 104 45 29 45 75 108 67 57 66 89 118 92 85 92 109 134 119 113 118 132 153
33 50 72 67 52 22 57 66 63 47 104 65 25 64 85 55 59 41 71 33 55 74 67 68 42 27 51 67 59 40 106 47 21 61 82 40 48 34 56 26 70 35 0 35 70 75 45 28 45 75 90 66 56 66 89 110 92 84 91 109 133 118 112 117 131
51 58 50 51 67 44 58 74 68 56 113 41 50 68 73 60 70 27 83 56 38 77 53 71 61 41 53 54 66 46 112 54 39 72 70 63 49 29 62 50 104 70 35 0 35 108 75 45 28 45 119 89 66 56 66 134 109 91 84 90 153 132 117 111 116
81 81 48 56 93 76 77 95 88 81 130 40 83 87 76 81 94 47 105 87 48 94 60 89 90 71 74 61 87 71 128 78 71 95 73 93 71 54 84 82 139 104 70 35 0 142 108 75 45 28 150 118 89 66 55 162 134 109 90 83 178 153 131 116 110
65 78 126 116 66 67 88 80 84 75 97 123 60 87 122 83 72 101 74 58 110 91 113 89 61 74 86 113 81 80 102 79 72 73 121 54 86 92 81 61 29 45 75 108 142 0 35 70 104 139 29 45 75 108 142 57 67 90 119 150 86 92 110 134 162
31 46 91 82 36 33 56 52 54 43 80 89 26 57 91 51 43 66 50 24 75 63 79 60 28 39 53 80 51 46 84 46 38 45 89 21 53 57 49 27 45 29 45 75 108 35 0 35 70 104 45 29 45 75 108 67 57 66 89 118 92 85 92 109 134
7 23 58 50 25 8 31 38 35 19 77 54 11 37 63 28 31 32 44 12 41 46 48 41 17 5 25 48 32 15 78 20 8 33 61 18 23 22 28 10 75 45 28 45 75 70 35 0 35 70 75 45 28 45 75 90 66 56 66 89 110 92 84 91 109
40 37 27 25 49 39 33 51 44 37 88 21 45 43 46 37 50 4 61 47 11 52 26 46 47 31 30 27 43 28 87 34 34 50 43 52 27 14 40 44 108 75 45 28 45 104 70 35 0 35 108 75 45 28 45 119 89 66 56 66 134 109 91 84 90
74 68 24 34 81 73 61 79 71 69 110 19 79 69 51 66 80 39 89 81 32 75 39 71 81 66 60 39 72 61 107 65 68 80 49 86 58 48 69 79 142 108 75 45 28 139 104 70 35 0 142 108 75 45 28 150 118 89 66 55 162 134 109 90 83
69 75 125 114 62 75 84 71 77 74 76 124 69 80 115 79 65 105 63 63 111 80 110 81 61 80 83 110 74 81 82 77 80 66 114 57 85 96 76 69 57 67 90 119 150 29 45 75 108 142 0 35 70 104 139 29 45 75 108 142 57 67 90 119 150
39 41 90 79 27 47 50 37 42 40 54 90 42 45 81 44 31 73 30 35 77 47 75 47 29 49 49 75 40 48 58 43 51 32 80 28 51 65 41 41 67 57 66 89 118 45 29 45 75 108 35 0 35 70 104 45 29 45 75 108 67 57 66 89 118
24 9 56 45 10 35 15 10 10 11 49 57 35 13 47 10 6 43 17 28 44 19 41 16 19 30 16 41 6 20 50 12 36 6 46 26 19 38 7 33 90 66 56 66 89 75 45 28 45 75 70 35 0 35 70 75 45 28 45 75 90 66 56 66 89
46 30 23 11 43 52 21 36 29 33 66 27 55 26 19 26 40 30 46 53 19 31 7 27 48 43 23 7 31 31 63 30 49 39 17 55 23 33 29 54 119 89 66 56 66 108 75 45 28 45 104 70 35 0 35 108 75 45 28 45 119 89 66 56 66
78 65 18 26 78 81 55 70 63 67 93 25 86 60 31 61 74 49 80 85 35 63 30 60 81 72 57 30 65 62 89 64 76 74 29 88 56 57 64 85 150 118 89 66 55 142 108 75 45 28 139 104 70 35 0 142 108 75 45 28 150 118 89 66 55
83 83 130 118 70 92 89 73 80 82 63 132 86 82 114 84 70 116 62 79 119 79 114 82 74 94 90 114 79 92 69 85 96 70 114 72 93 109 81 86 86 92 110 134 162 57 67 90 119 150 29 45 75 108 142 0 35 70 104 139 29 45 75 108 142
60 53 97 86 43 71 58 40 47 54 32 100 67 49 80 54 40 88 30 59 88 46 81 49 50 70 60 81 47 64 37 57 74 40 80 52 63 82 50 66 92 85 92 109 134 67 57 66 89 118 45 29 45 75 108 35 0 35 70 104 45 29 45 75 108
52 35 67 55 34 63 33 19 23 38 22 71 62 23 46 32 27 66 17 55 61 15 51 20 45 58 38 51 26 47 22 39 64 25 47 51 42 63 30 61 110 92 84 91 109 90 66 56 66 89 75 45 28 45 75 70 35 0 35 70 75 45 28 45 75
65 46 43 35 54 73 36 39 36 49 49 50 75 33 15 40 47 58 46 71 47 29 31 30 63 66 41 31 39 52 45 47 71 46 18 70 44 60 41 74 134 109 91 84 90 119 89 66 56 66 108 75 45 28 45 104 70 35 0 35 108 75 45 28 45
90 73 40 42 84 96 62 72 67 76 82 49 100 63 28 68 79 69 80 97 55 62 42 62 91 87 66 42 70 75 77 73 93 77 30 98 67 75 70 98 162 134 109 90 83 150 118 89 66 55 142 108 75 45 28 139 104 70 35 0 142 108 75 45 28
103 98 141 129 87 113 102 84 92 99 60 144 108 93 120 98 85 133 74 101 132 88 125 92 94 114 105 125 92 108 66 101 117 84 121 94 108 126 95 108 114 119 133 153 178 86 92 110 134 162 57 67 90 119 150 29 45 75 108 142 0 35 70 104 139
86 75 111 100 67 97 76 59 66 76 26 116 93 66 88 73 62 108 50 85 105 59 96 64 76 95 80 95 67 86 31 78 99 61 90 79 84 104 71 92 119 113 118 132 153 92 85 92 109 134 67 57 66 89 118 45 29 45 75 108 35 0 35 70 104
80 63 85 75 62 91 60 47 51 66 14 92 90 50 59 59 54 91 43 83 84 41 71 47 73 86 65 71 54 74 9 66 92 52 61 78 69 89 58 89 133 118 112 117 131 110 92 84 91 109 90 66 56 66 89 75 45 28 45 75 70 35 0 35 70
89 69 68 62 74 98 61 58 57 73 46 77 99 55 40 64 67 85 61 94 74 47 59 51 84 91 67 58 61 77 40 71 97 65 43 91 70 87 64 98 153 132 117 111 116 134 109 91 84 90 119 89 66 56 66 108 75 45 28 45 104 70 35 0 35
108 89 67 66 98 116 79 83 80 93 80 76 119 77 47 84 91 93 89 115 80 72 65 74 107 107 84 65 84 94 75 91 113 90 49 114 86 98 85 117 178 153 131 116 110 162 134 109 90 83 150 118 89 66 55 142 108 75 45 28 139 104 70 35 0
