0 71 6 39 49 70 64 80 39 14 47 29 8 67 69 43 44 43 35 63 35 73 15 46 52 51 59 60 34 4 52 19 12 32 67 46 52 12 98 59 132 116 101 87 74 63 56 54 57 65 127 110 94 79 65 52 43 40 44 54 123 106 89 73 57 42 31 26 32 45 121 103 86 69 52 36 20 12 23 39 120 103 85 68 51 34 16 3 19 37 121 104 87 70 53 37 23 16 25 40 124 107 91 74 59 45 34 30 36 47 128 112 96 81 67 55 47 44 48 57 133 118 103 89 77 67 60 58 61 68 140 126 112 99 88 79 74 72 74 80
71 0 65 44 35 7 13 21 51 60 25 50 78 77 70 44 28 37 39 10 38 5 58 40 32 36 22 11 50 75 21 65 82 44 76 42 46 66 28 13 67 56 47 45 49 58 70 84 99 115 59 45 34 31 36 48 62 78 94 110 53 37 23 17 26 40 57 74 90 108 50 33 16 3 20 37 55 72 89 106 52 35 20 13 23 39 56 73 90 107 57 42 31 27 33 46 60 76 93 110 65 52 44 41 45 55 68 82 98 114 75 64 57 55 58 66 77 90 104 119 86 77 71 69 72 78 87 99 112 126 97 90 85 83 85 90 99 109 121 134
6 65 0 34 45 64 58 74 35 9 41 24 13 64 65 38 38 37 29 57 29 68 10 41 48 47 54 54 30 10 46 16 17 27 65 41 49 10 92 53 127 111 96 83 70 61 55 54 59 68 121 105 89 74 60 49 41 41 47 58 117 100 84 68 52 38 28 27 36 50 115 98 81 64 47 30 16 14 28 44 114 97 80 62 45 28 11 8 25 42 115 98 81 64 48 32 19 18 30 45 118 102 85 69 54 41 32 31 39 52 123 107 91 76 63 52 45 45 50 61 128 113 99 85 73 64 59 58 63 71 135 121 108 95 85 77 73 72 76 83
39 44 34 0 45 46 43 45 8 26 30 11 45 41 39 5 22 8 12 35 16 48 25 8 45 48 45 35 7 42 24 25 46 9 41 8 56 29 68 34 111 98 87 78 72 71 73 79 88 100 102 88 76 66 59 57 60 67 78 91 95 80 66 54 45 43 47 56 69 83 90 74 58 44 33 29 34 46 61 77 86 69 53 36 22 15 24 40 56 73 85 68 51 33 16 2 20 37 54 72 86 69 52 36 21 14 24 39 56 73 90 73 58 43 32 28 34 46 61 77 95 80 66 54 45 42 46 56 68 83 102 88 76 65 58 56 59 67 78 90
49 35 45 45 0 30 23 53 52 44 17 43 56 85 82 48 25 40 34 32 30 34 41 46 4 4 14 27 48 53 29 52 61 39 85 47 13 50 59 26 84 68 52 38 29 28 37 50 65 82 80 63 47 30 16 15 28 44 61 78 80 62 45 28 10 8 25 43 60 77 81 64 48 32 19 18 30 45 62 79 85 69 54 41 32 31 39 52 67 83 91 76 63 52 45 45 51 61 74 89 99 85 73 64 59 58 63 72 83 96 108 95 85 77 73 72 76 83 93 105 118 107 97 90 87 86 89 95 104 115 128 118 110 104 101 100 103 108 116 125
70 7 64 46 30 0 8 27 54 60 24 51 77 81 75 47 28 39 40 13 38 4 57 43 27 31 17 12 52 74 22 65 81 45 80 44 41 66 30 13 65 52 43 39 43 52 65 79 95 111 58 43 30 25 30 43 58 74 90 107 53 37 21 11 21 37 53 70 88 105 53 35 18 4 18 35 52 70 87 104 55 40 25 18 25 39 55 72 89 106 62 48 37 32 37 47 61 77 93 109 70 58 50 46 50 58 70 83 98 114 80 70 63 61 63 70 80 92 105 120 91 83 77 75 76 82 91 101 114 127 103 96 91 89 90 95 102 112 123 136
64 13 58 43 23 8 0 33 51 54 18 47 71 80 75 45 23 37 36 14 33 12 51 41 19 24 10 11 49 67 20 60 75 41 80 43 33 61 38 11 70 56 44 37 38 46 58 72 87 103 64 48 33 23 25 36 50 66 83 100 60 43 26 11 13 29 46 63 80 97 60 43 26 10 12 29 46 63 80 97 63 47 32 22 23 35 50 66 82 99 69 55 43 36 36 44 57 71 87 103 77 65 55 49 50 56 66 79 93 108 87 76 68 63 64 69 77 88 101 115 98 88 81 77 78 82 89 99 110 123 109 101 95 91 92 95 101 110 120 132
80 21 74 45 53 27 33 0 50 67 40 54 87 67 59 43 38 39 45 22 46 25 65 39 51 55 42 26 52 83 30 69 89 49 66 40 65 72 26 27 75 67 63 64 69 78 89 102 116 131 64 54 49 50 57 67 80 94 109 125 54 42 35 37 45 58 72 88 104 121 46 31 22 24 36 51 67 83 100 117 42 25 9 13 30 47 64 81 99 116 42 25 10 14 30 47 64 81 99 116 47 33 23 25 37 51 67 84 101 118 55 44 37 38 47 59 73 89 105 121 65 56 51 52 58 68 81 95 110 126 77 69 65 66 71 79 90 103 117 132
39 51 35 8 52 54 51 50 0 26 37 13 45 34 33 8 29 15 19 42 23 55 27 13 53 55 52 42 6 42 32 23 45 14 35 11 62 28 74 41 118 106 95 86 80 77 79 84 92 102 109 96 83 73 66 63 65 71 81 92 102 87 73 62 53 49 52 59 70 84 96 80 65 51 40 36 39 48 62 76 91 75 58 43 29 22 27 39 55 71 89 72 55 38 21 8 18 34 51 68 89 72 55 37 21 8 17 34 51 68 91 74 58 42 29 21 26 39 55 71 95 80 65 51 40 35 38 48 61 76 102 87 73 61 53 49 51 59 70 83
14 60 9 26 44 60 54 67 26 0 37 15 20 56 57 30 33 30 23 51 23 63 4 33 47 47 51 49 21 17 40 10 23 19 57 33 50 7 87 48 124 109 95 82 71 63 60 61 67 76 117 102 86 72 60 50 46 48 55 66 113 96 80 64 50 38 32 35 44 58 109 92 75 59 43 28 18 23 36 52 108 91 73 56 39 22 6 15 32 49 108 91 74 57 40 24 11 18 33 50 111 94 77 61 46 33 25 28 40 54 115 99 83 68 55 44 39 41 49 62 120 105 90 77 65 57 53 54 61 71 127 113 99 87 77 70 66 68 73 82
47 25 41 30 17 24 18 40 37 37 0 31 54 70 66 33 9 24 20 19 17 27 34 29 17 20 16 15 34 50 12 44 58 26 69 31 30 43 52 14 87 72 59 49 44 45 52 63 77 92 81 65 50 37 30 31 41 55 70 86 77 60 43 28 16 19 33 49 66 83 75 58 41 23 6 12 30 47 64 81 76 59 43 27 15 18 32 49 66 83 80 64 49 36 28 30 40 54 70 86 86 71 58 48 42 43 51 62 76 91 94 81 69 60 56 57 63 72 85 98 103 91 81 74 70 71 75 84 94 107 113 102 93 87 84 84 88 95 105 116
29 50 24 11 43 51 47 54 13 15 31 0 35 46 45 15 24 15 11 40 14 53 15 18 44 46 46 39 7 32 29 16 37 6 47 18 52 19 75 38 115 102 89 79 71 66 67 71 79 90 108 93 79 67 58 53 53 59 68 81 102 86 71 57 46 39 39 47 59 73 97 81 64 49 35 25 26 37 51 67 95 78 61 44 27 13 14 29 46 63 95 77 60 43 26 9 11 28 45 62 96 79 63 46 31 20 21 33 48 65 100 84 68 53 41 33 34 42 55 70 105 90 76 63 53 47 47 54 64 77 112 98 85 74 65 61 61 66 75 86
8 78 13 45 56 77 71 87 45 20 54 35 0 70 73 49 51 49 42 70 42 80 22 52 59 57 66 67 40 4 59 23 7 39 71 52 58 17 105 66 138 123 107 93 79 68 59 55 55 61 134 117 101 85 71 57 47 41 42 50 130 113 96 80 64 49 35 27 29 40 128 111 93 76 59 43 26 14 18 32 127 110 93 75 58 41 23 6 12 30 128 111 94 77 60 43 28 17 20 33 131 114 97 81 65 50 37 30 32 41 134 118 102 87 72 59 49 44 45 52 140 124 109 95 81 70 62 57 58 64 146 131 117 104 92 82 75 71 72 76
67 77 64 41 85 81 80 67 34 56 70 46 70 0 9 38 61 46 52 68 56 81 58 41 86 88 84 70 40 67 61 48 67 48 2 39 96 55 93 70 141 131 123 117 113 111 112 116 122 131 130 119 110 103 99 97 99 103 110 119 120 108 98 90 85 83 85 90 98 108 111 98 86 77 71 69 72 78 87 98 102 88 76 65 58 55 58 66 76 89 95 80 66 53 45 41 45 55 67 82 90 74 58 44 32 27 33 45 60 76 87 70 53 36 21 14 23 38 55 72 86 69 51 34 17 2 19 36 54 71 87 70 53 37 23 15 24 39 56 72
69 70 65 39 82 75 75 59 33 57 66 45 73 9 0 35 58 42 50 62 54 75 58 37 82 85 79 65 39 70 56 50 71 46 8 35 93 57 85 65 134 125 117 112 109 108 111 116 123 133 123 113 104 98 95 95 98 103 112 122 112 101 92 85 81 81 84 91 100 112 103 90 79 71 67 67 71 79 90 102 94 80 68 58 53 53 58 68 80 94 87 72 58 46 39 39 46 58 72 87 82 65 50 36 26 26 36 50 66 82 79 62 45 28 13 14 29 45 62 79 78 61 44 26 10 10 27 44 61 79 80 63 47 32 20 21 32 48 64 81
43 44 38 5 48 47 45 43 8 30 33 15 49 38 35 0 24 9 16 35 20 49 29 5 49 51 47 36 10 46 26 28 50 13 37 4 59 33 67 35 111 99 89 80 76 74 77 84 93 104 102 89 77 68 62 60 64 72 83 95 95 80 67 55 48 47 51 61 73 87 88 73 58 44 35 33 39 51 65 81 84 68 51 35 22 19 29 44 60 76 82 65 48 31 14 7 23 40 57 74 83 66 49 32 17 11 25 41 58 75 86 69 54 39 28 25 33 46 62 78 91 76 61 49 41 39 44 55 68 83 98 84 71 61 54 53 57 65 77 90
44 28 38 22 25 28 23 38 29 33 9 24 51 61 58 24 0 16 13 19 11 30 30 21 25 28 23 17 26 48 9 38 55 18 61 23 37 39 54 16 92 78 66 57 52 52 58 68 81 95 85 70 56 45 38 39 46 58 73 88 80 64 48 34 24 25 36 51 67 83 77 60 43 26 12 14 30 46 63 81 77 60 42 25 9 12 29 46 63 80 79 62 46 31 21 22 34 49 66 82 84 68 54 42 34 35 44 56 71 87 90 76 64 54 48 49 55 65 78 93 99 86 75 66 62 62 67 76 87 100 108 96 87 80 76 76 80 88 98 109
43 37 37 8 40 39 37 39 15 30 24 15 49 46 42 9 16 0 10 27 13 41 28 6 40 43 38 28 14 46 17 31 51 11 46 8 51 34 61 27 104 91 80 72 67 67 71 78 89 101 95 81 69 59 53 53 58 67 79 93 88 73 59 47 40 39 46 57 71 86 83 67 51 37 26 25 35 49 64 81 80 63 46 29 14 13 27 44 61 78 80 62 45 28 11 9 26 43 60 77 82 65 48 33 21 20 31 46 63 79 86 70 55 43 34 33 41 53 68 84 92 78 65 54 48 47 53 63 75 90 100 87 75 67 61 61 65 74 85 98
35 39 29 12 34 40 36 45 19 23 20 11 42 52 50 16 13 10 0 30 4 42 21 15 35 37 35 29 15 38 19 26 45 6 52 17 44 28 65 27 105 91 78 68 62 59 62 69 79 92 97 82 68 57 48 45 49 58 70 84 91 75 60 46 35 31 36 48 62 77 88 71 54 38 24 17 25 40 56 73 86 69 51 34 17 4 19 36 54 71 87 69 52 36 20 12 22 38 55 72 90 73 57 42 30 25 31 44 59 75 95 79 65 52 43 39 43 53 66 81 101 87 74 63 56 53 56 64 75 88 109 96 85 75 69 67 70 76 85 97
63 10 57 35 32 13 14 22 42 51 19 40 70 68 62 35 19 27 30 0 29 14 49 30 30 34 22 5 41 66 12 55 73 35 67 32 44 57 36 6 77 65 55 51 51 58 68 81 95 110 68 55 43 37 38 46 59 73 89 105 62 46 32 23 25 37 51 67 84 101 59 42 25 10 14 30 47 64 82 99 59 41 24 9 14 30 47 64 82 99 62 46 31 22 24 36 51 67 84 101 68 54 42 36 37 45 58 73 88 104 76 64 54 50 50 57 67 80 95 110 86 75 67 64 64 69 78 89 102 116 97 88 81 78 78 82 90 100 111 124
35 38 29 16 30 38 33 46 23 23 17 14 42 56 54 20 11 13 4 29 0 41 21 19 31 33 32 27 18 38 18 28 45 9 56 20 41 29 64 26 102 88 76 65 58 56 58 66 77 89 95 80 66 54 45 42 45 55 67 82 90 74 58 44 32 28 33 45 60 76 87 70 53 37 21 14 23 39 55 72 86 69 51 34 17 2 19 36 54 71 87 70 53 37 22 15 24 39 56 72 91 74 59 45 34 29 35 46 61 76 96 81 67 55 46 43 47 56 68 83 103 89 77 66 59 57 60 67 78 90 112 99 88 79 73 71 73 79 88 100
73 5 68 48 34 4 12 25 55 63 27 53 80 81 75 49 30 41 42 14 41 0 60 44 31 35 21 14 54 77 24 68 84 48 80 46 44 69 26 15 63 51 43 40 45 55 69 83 99 115 55 41 30 26 33 46 61 78 94 111 50 34 19 13 24 40 57 74 91 108 49 32 15 5 21 39 56 73 91 108 52 36 22 17 27 42 58 75 92 109 58 44 34 31 37 49 64 79 95 112 67 55 47 45 50 59 72 86 101 117 77 67 61 59 63 70 81 94 108 122 88 80 75 74 76 82 92 103 116 130 101 93 89 88 90 95 103 113 125 138
15 58 10 25 41 57 51 65 27 4 34 15 22 58 58 29 30 28 21 49 21 60 0 32 43 43 48 47 21 18 38 13 25 18 58 32 47 10 84 45 120 105 91 79 68 60 57 59 66 76 114 99 83 69 57 47 43 46 54 66 110 93 77 61 47 35 29 33 44 58 107 90 73 56 40 25 16 22 37 53 106 89 71 54 37 19 2 16 34 51 107 89 72 55 39 23 13 21 36 52 109 93 76 60 45 33 27 31 43 57 114 98 82 68 55 45 41 44 53 65 119 104 90 77 66 58 55 57 64 74 127 112 99 88 78 72 69 70 76 85
46 40 41 8 46 43 41 39 13 33 29 18 52 41 37 5 21 6 15 30 19 44 32 0 46 49 43 31 14 49 21 32 54 14 40 3 57 36 62 31 106 94 84 77 72 72 76 84 94 106 97 84 72 64 59 59 63 72 84 97 90 75 62 51 45 45 51 62 75 90 84 68 53 40 31 31 40 53 68 84 80 63 46 30 18 18 31 47 63 80 78 61 43 26 9 10 27 44 61 79 79 62 45 29 16 16 30 46 63 80 83 66 51 37 28 28 38 51 67 83 88 73 60 49 42 42 49 60 73 88 96 82 70 61 56 56 61 70 82 95
52 32 48 45 4 27 19 51 53 47 17 44 59 86 82 49 25 40 35 30 31 31 43 46 0 5 10 25 49 56 28 55 64 40 85 48 15 53 56 24 80 64 49 36 28 29 39 53 69 85 77 60 43 27 14 17 31 48 65 82 76 59 41 24 7 12 29 46 63 81 78 61 44 29 17 20 33 49 65 82 82 66 51 38 31 32 41 55 70 86 88 73 60 50 45 45 52 63 77 92 96 83 71 63 58 59 65 74 86 99 105 93 83 76 72 73 77 85 95 108 115 105 96 90 86 87 90 97 106 117 126 116 109 103 100 101 104 109 118 128
51 36 47 48 4 31 24 55 55 47 20 46 57 88 85 51 28 43 37 34 33 35 43 49 5 0 15 30 51 55 32 55 63 42 88 51 10 53 60 29 83 66 51 36 26 25 34 49 64 81 80 63 46 29 14 12 27 44 61 78 80 62 45 28 11 9 26 43 60 77 82 65 49 33 22 21 32 47 63 79 86 70 56 43 35 34 41 54 68 84 93 78 65 55 48 48 53 63 76 90 101 87 76 67 62 62 66 74 85 98 110 98 88 80 76 75 79 86 95 107 120 109 100 93 90 89 92 98 107 117 131 121 113 107 104 103 106 111 118 128
59 22 54 45 14 17 10 42 52 51 16 46 66 84 79 47 23 38 35 22 32 21 48 43 10 15 0 17 49 63 23 58 71 41 83 45 24 57 46 17 73 58 44 34 31 37 49 63 79 95 69 52 36 22 17 26 41 58 74 91 67 49 32 15 4 21 38 55 73 90 68 51 34 19 13 24 40 57 74 91 72 56 41 30 27 33 46 61 77 94 78 64 52 43 41 45 55 68 83 98 86 74 63 56 55 58 66 77 90 105 96 85 76 70 69 71 78 88 99 112 106 96 89 84 83 85 90 99 109 121 118 109 102 98 97 98 103 111 120 131
60 11 54 35 27 12 11 26 42 49 15 39 67 70 65 36 17 28 29 5 27 14 47 31 25 30 17 0 41 64 11 54 71 34 70 33 40 55 38 2 77 64 53 47 47 53 63 76 91 106 69 54 42 34 34 42 54 69 85 101 64 47 32 20 20 32 47 64 80 97 61 44 27 10 10 27 44 61 79 96 62 45 28 14 14 28 45 62 79 96 66 50 36 26 26 36 50 66 82 99 72 58 47 40 40 47 58 72 87 103 81 69 59 54 54 59 68 80 94 109 91 80 72 68 67 72 79 90 102 116 102 92 85 82 81 85 91 101 112 124
34 50 30 7 48 52 49 52 6 21 34 7 40 40 39 10 26 14 15 41 18 54 21 14 49 51 49 41 0 37 30 19 41 9 40 13 58 24 74 40 117 104 92 83 76 72 73 78 86 97 109 95 82 71 62 59 60 65 75 87 102 87 72 60 50 45 46 54 65 78 97 80 65 50 38 31 33 43 56 72 93 76 59 43 28 17 21 35 50 67 92 74 57 40 22 6 13 31 48 65 92 75 58 41 25 13 18 33 49 66 95 79 63 47 34 27 29 40 54 70 100 84 70 56 46 40 42 50 62 76 107 92 79 67 59 54 55 62 72 84
4 75 10 42 53 74 67 83 42 17 50 32 4 67 70 46 48 46 38 66 38 77 18 49 56 55 63 64 37 0 55 20 9 36 68 49 56 14 101 62 135 120 105 90 77 66 58 55 57 64 130 114 98 83 68 55 46 41 44 52 127 110 93 77 61 46 34 27 31 43 124 107 90 73 56 39 24 14 21 36 124 106 89 72 54 37 20 3 16 33 124 107 90 73 56 40 25 15 22 36 127 110 94 77 62 47 35 29 33 44 131 115 99 83 69 57 47 43 45 54 136 121 106 91 79 68 60 57 58 65 143 128 114 101 89 80 73 70 72 77
52 21 46 24 29 22 20 30 32 40 12 29 59 61 56 26 9 17 19 12 18 24 38 21 28 32 23 11 30 55 0 44 62 24 61 23 41 46 47 10 87 74 63 56 53 56 64 75 88 102 79 65 52 43 39 43 53 66 80 96 73 57 42 30 25 31 44 59 75 91 70 53 36 20 11 22 38 54 71 89 69 52 34 17 4 19 36 53 71 88 71 54 38 24 18 26 40 56 73 90 76 60 47 36 32 37 48 62 77 93 83 69 57 49 46 49 58 70 84 99 91 79 69 62 60 62 69 80 92 106 101 90 82 76 74 76 82 90 101 114
19 65 16 25 52 65 60 69 23 10 44 16 23 48 50 28 38 31 26 55 28 68 13 32 55 55 58 54 19 20 44 0 23 21 49 31 59 7 90 53 130 115 102 90 80 73 69 70 75 83 123 107 93 80 68 60 55 56 62 72 117 101 85 71 57 47 41 43 51 62 113 96 80 64 48 35 28 30 40 54 110 93 76 59 42 26 14 18 33 49 109 92 75 57 40 23 6 13 30 47 110 93 76 59 43 27 16 20 34 50 113 97 80 64 50 37 30 32 42 55 118 102 86 72 59 49 43 45 52 64 124 108 94 81 70 61 57 58 64 74
12 82 17 46 61 81 75 89 45 23 58 37 7 67 71 50 55 51 45 73 45 84 25 54 64 63 71 71 41 9 62 23 0 41 68 53 64 18 108 70 143 128 113 99 85 74 65 60 60 65 138 122 106 91 76 63 53 47 47 53 134 117 101 84 69 54 41 33 33 42 131 114 97 80 63 47 32 20 21 32 130 113 95 78 61 44 27 10 10 27 130 113 96 79 62 45 28 13 14 28 132 115 98 82 65 50 35 25 26 36 135 119 103 87 72 57 46 39 39 46 140 124 109 94 80 67 58 52 52 58 146 131 116 102 89 79 70 66 66 70
32 44 27 9 39 45 41 49 14 19 26 6 39 48 46 13 18 11 6 35 9 48 18 14 40 42 41 34 9 36 24 21 41 0 48 15 49 24 69 33 110 96 84 74 67 64 65 71 80 92 102 88 74 62 54 50 52 59 70 83 96 80 65 52 41 36 39 48 61 76 92 75 59 43 30 22 26 39 54 71 90 73 55 38 22 8 17 33 50 68 90 72 55 38 21 8 17 33 50 68 92 75 59 43 29 21 26 39 54 70 96 80 65 51 40 35 38 48 61 76 102 87 74 62 53 49 51 58 69 83 110 96 84 73 66 63 64 70 80 91
67 76 65 41 85 80 80 66 35 57 69 47 71 2 8 37 61 46 52 67 56 80 58 40 85 88 83 70 40 68 61 49 68 48 0 38 96 56 92 69 140 131 122 116 112 111 113 117 123 131 129 119 110 103 99 97 99 104 111 120 119 107 97 90 85 83 85 91 99 109 110 97 86 77 71 69 72 78 88 99 101 87 75 64 57 55 59 67 77 90 94 79 65 53 44 41 46 56 68 83 89 72 57 42 31 28 34 46 61 77 85 68 52 35 20 14 24 40 56 73 84 67 50 33 15 3 20 38 55 72 86 69 52 36 22 16 25 41 57 74
46 42 41 8 47 44 43 40 11 33 31 18 52 39 35 4 23 8 17 32 20 46 32 3 48 51 45 33 13 49 23 31 53 15 38 0 59 36 63 33 108 96 86 79 74 74 78 85 95 107 99 86 74 66 61 60 65 73 85 98 91 77 64 53 47 47 52 63 76 90 85 69 54 42 33 33 41 53 68 84 81 64 48 32 20 20 31 47 63 80 79 62 44 27 10 9 26 43 61 78 80 62 45 29 14 14 28 45 62 79 83 66 51 37 27 26 36 50 65 82 88 73 59 47 40 40 47 58 72 87 95 81 69 59 54 54 59 68 80 94
52 46 49 56 13 41 33 65 62 50 30 52 58 96 93 59 37 51 44 44 41 44 47 57 15 10 24 40 58 56 41 59 64 49 96 59 0 56 69 39 87 70 53 37 22 16 25 40 56 73 85 68 51 33 16 3 20 37 54 72 86 69 52 36 21 14 24 39 56 73 89 73 57 43 32 27 33 46 60 76 95 79 65 53 44 41 45 55 68 82 102 88 75 65 58 55 58 66 77 90 110 97 86 77 71 69 72 78 87 99 120 108 98 90 85 83 85 90 99 109 130 119 110 103 99 97 99 103 110 120 141 131 123 116 112 111 112 116 123 131
12 66 10 29 50 66 61 72 28 7 43 19 17 55 57 33 39 34 28 57 29 69 10 36 53 53 57 55 24 14 46 7 18 24 56 36 56 0 92 54 130 115 101 88 77 69 64 64 68 76 123 108 93 79 66 56 50 50 56 66 118 102 86 71 56 44 37 36 44 56 115 98 81 65 49 34 23 23 34 49 113 96 79 61 44 27 12 12 27 44 113 96 79 61 44 27 11 11 27 44 115 98 81 64 48 34 23 23 34 48 118 102 86 70 56 44 36 36 43 56 123 107 92 78 65 55 49 49 55 65 129 114 100 87 76 68 63 63 67 76
98 28 92 68 59 30 38 26 74 87 52 75 105 93 85 67 54 61 65 36 64 26 84 62 56 60 46 38 74 101 47 90 108 69 92 63 69 92 0 40 51 45 46 54 65 78 93 108 124 140 38 31 33 42 56 71 87 103 120 137 28 18 20 34 50 66 83 100 117 134 23 6 12 30 47 64 82 99 116 133 26 14 18 32 48 65 82 100 117 134 35 28 29 40 54 69 86 102 119 136 47 42 43 50 62 76 91 107 123 139 60 56 56 62 72 84 98 113 128 144 73 70 70 75 83 94 106 120 135 150 87 84 84 88 95 105 116 129 142 157
59 13 53 34 26 13 11 27 41 48 14 38 66 70 65 35 16 27 27 6 26 15 45 31 24 29 17 2 40 62 10 53 70 33 69 33 39 54 40 0 78 65 54 48 47 52 62 75 89 105 70 55 43 34 33 41 53 68 83 99 65 49 33 21 20 31 46 62 79 96 63 45 28 11 9 25 43 60 77 94 63 46 30 15 13 27 44 61 78 95 67 51 37 27 26 35 49 64 81 97 73 59 48 40 39 46 57 71 86 102 82 70 60 54 53 58 67 79 93 108 92 81 73 68 67 71 79 89 101 115 103 93 86 82 81 84 91 100 111 123
132 67 127 111 84 65 70 75 118 124 87 115 138 141 134 111 92 104 105 77 102 63 120 106 80 83 73 77 117 135 87 130 143 110 140 108 87 130 51 78 0 18 35 52 70 87 104 122 139 156 15 23 38 54 71 88 105 122 140 157 29 34 45 60 75 91 108 125 142 159 43 47 55 68 82 97 113 129 145 162 58 60 67 77 90 104 119 134 150 166 72 74 80 88 99 112 126 140 156 171 86 88 93 100 110 122 134 148 162 177 100 102 106 112 121 132 144 156 170 184 115 116 119 125 133 143 154 166 179 192 129 130 133 138 145 154 164 176 188 201
116 56 111 98 68 52 56 67 106 109 72 102 123 131 125 99 78 91 91 65 88 51 105 94 64 66 58 64 104 120 74 115 128 96 131 96 70 115 45 65 18 0 18 35 52 70 87 104 122 139 23 15 23 38 54 71 88 105 122 140 34 29 34 45 60 75 91 108 125 142 47 43 46 55 67 82 97 112 129 145 60 57 60 67 77 90 104 118 134 150 74 72 73 79 88 99 112 126 140 155 88 86 87 92 100 110 121 134 148 162 102 100 101 105 112 121 131 143 156 170 116 114 115 119 125 133 142 153 165 178 130 128 129 132 138 145 154 164 175 187
101 47 96 87 52 43 44 63 95 95 59 89 107 123 117 89 66 80 78 55 76 43 91 84 49 51 44 53 92 105 63 102 113 84 122 86 53 101 46 54 35 18 0 18 35 52 70 87 104 122 38 23 15 23 38 54 71 88 105 122 45 34 29 34 45 60 75 91 108 125 55 46 43 46 55 67 81 97 112 129 67 60 57 60 67 77 90 104 118 134 80 73 71 73 79 88 99 112 126 140 93 87 85 87 92 99 109 121 134 148 106 101 99 101 105 112 121 131 143 156 119 115 114 115 118 124 132 142 153 165 133 129 128 129 132 137 144 153 163 175
87 45 83 78 38 39 37 64 86 82 49 79 93 117 112 80 57 72 68 51 65 40 79 77 36 36 34 47 83 90 56 90 99 74 116 79 37 88 54 48 52 35 18 0 18 35 52 70 87 104 54 38 23 15 23 38 54 71 88 105 60 45 34 29 33 45 59 75 91 108 68 55 46 43 46 55 67 81 97 112 77 67 60 57 59 66 77 89 103 118 88 79 73 71 73 79 88 99 112 125 100 92 87 85 87 91 99 109 121 134 112 105 101 99 100 105 111 120 131 143 125 119 115 113 114 118 124 132 141 152 138 132 129 127 128 131 137 144 153 163
74 49 70 72 29 43 38 69 80 71 44 71 79 113 109 76 52 67 62 51 58 45 68 72 28 26 31 47 76 77 53 80 85 67 112 74 22 77 65 47 70 52 35 18 0 18 35 52 70 87 71 54 38 23 15 23 38 54 71 88 75 60 45 33 29 33 45 59 75 91 82 67 55 46 43 46 55 67 81 96 90 77 67 59 57 59 66 77 89 103 99 88 79 73 71 73 78 87 99 111 110 100 92 87 85 86 91 99 109 120 121 112 105 100 99 100 104 111 120 130 133 125 118 114 113 114 117 123 131 141 145 138 132 128 127 127 131 136 143 152
63 58 61 71 28 52 46 78 77 63 45 66 68 111 108 74 52 67 59 58 56 55 60 72 29 25 37 53 72 66 56 73 74 64 111 74 16 69 78 52 87 70 52 35 18 0 18 35 52 70 88 71 54 38 23 14 23 38 54 71 91 75 60 45 33 28 33 45 59 75 97 82 67 55 46 42 46 55 67 81 104 90 77 66 59 56 59 66 76 89 112 99 88 79 73 70 72 78 87 98 122 110 99 91 86 84 86 91 98 108 132 121 112 105 100 98 99 104 110 119 143 133 124 118 114 112 113 117 123 131 154 145 137 131 127 126 127 130 135 143
56 70 55 73 37 65 58 89 79 60 52 67 59 112 111 77 58 71 62 68 58 69 57 76 39 34 49 63 73 58 64 69 65 65 113 78 25 64 93 62 104 87 70 52 35 18 0 18 35 52 105 88 71 54 38 23 14 23 38 54 108 91 75 59 45 33 28 33 45 59 113 97 81 67 55 46 42 46 54 67 119 104 90 77 66 59 56 59 66 76 126 112 99 88 78 72 70 72 78 87 134 121 109 99 91 86 84 85 90 98 144 131 121 111 104 99 98 99 103 110 154 142 132 124 117 113 112 113 116 122 164 154 144 137 131 127 125 126 130 135
54 84 54 79 50 79 72 102 84 61 63 71 55 116 116 84 68 78 69 81 66 83 59 84 53 49 63 76 78 55 75 70 60 71 117 85 40 64 108 75 122 104 87 70 52 35 18 0 18 35 122 105 88 71 54 38 23 14 23 38 125 108 91 75 59 45 33 28 33 45 129 112 97 81 67 55 46 42 45 54 134 118 104 89 77 66 59 56 58 65 140 126 112 99 87 78 72 70 72 77 148 134 121 109 99 91 85 83 85 90 156 143 131 120 111 104 99 97 99 103 166 153 142 132 123 117 113 111 112 116 176 164 153 144 136 130 126 125 126 129
57 99 59 88 65 95 87 116 92 67 77 79 55 122 123 93 81 89 79 95 77 99 66 94 69 64 79 91 86 57 88 75 60 80 123 95 56 68 124 89 139 122 104 87 70 52 35 18 0 18 140 122 105 88 71 54 38 23 14 23 142 125 108 91 75 59 45 33 28 33 145 129 112 97 81 67 54 45 42 45 150 134 118 103 89 76 66 58 55 58 156 140 126 112 99 87 78 72 69 71 162 148 134 121 109 98 90 85 83 85 170 156 143 131 120 110 103 99 97 98 179 165 153 141 131 123 116 112 110 112 188 175 163 153 143 135 130 126 124 125
65 115 68 100 82 111 103 131 102 76 92 90 61 131 133 104 95 101 92 110 89 115 76 106 85 81 95 106 97 64 102 83 65 92 131 107 73 76 140 105 156 139 122 104 87 70 52 35 18 0 157 140 122 105 88 71 54 38 23 14 159 142 125 108 91 75 59 45 33 28 162 145 129 112 96 81 67 54 45 42 166 150 134 118 103 89 76 65 58 55 171 155 140 125 111 98 87 77 71 69 177 162 148 134 120 108 98 90 85 83 184 170 156 143 130 119 110 103 98 96 192 178 165 152 141 131 122 116 112 110 201 187 175 163 152 143 135 129 125 124
127 59 121 102 80 58 64 64 109 117 81 108 134 130 123 102 85 95 97 68 95 55 114 97 77 80 69 69 109 130 79 123 138 102 129 99 85 123 38 70 15 23 38 54 71 88 105 122 140 157 0 18 35 52 70 87 104 122 139 156 15 23 38 54 71 88 105 122 140 157 29 34 45 60 75 91 108 125 142 159 43 47 55 68 82 97 113 129 145 162 58 60 67 77 90 104 119 134 150 166 72 74 80 88 99 112 126 140 156 171 86 88 93 100 110 122 134 148 162 177 100 102 106 112 121 132 144 156 170 184 115 116 119 125 133 143 154 166 179 192
110 45 105 88 63 43 48 54 96 102 65 93 117 119 113 89 70 81 82 55 80 41 99 84 60 63 52 54 95 114 65 107 122 88 119 86 68 108 31 55 23 15 23 38 54 71 88 105 122 140 18 0 18 35 52 70 87 104 122 139 23 15 23 38 54 71 88 105 122 140 34 29 34 45 60 75 91 108 125 142 47 43 46 55 67 82 97 112 129 145 60 57 60 67 77 90 104 118 134 150 74 72 73 79 88 99 112 126 140 155 88 86 87 92 100 110 121 134 148 162 102 100 101 105 112 121 131 143 156 170 116 114 115 119 125 133 142 153 165 178
94 34 89 76 47 30 33 49 83 86 50 79 101 110 104 77 56 69 68 43 66 30 83 72 43 46 36 42 82 98 52 93 106 74 110 74 51 93 33 43 38 23 15 23 38 54 71 88 105 122 35 18 0 18 35 52 70 87 104 122 38 23 15 23 38 54 71 88 105 122 45 34 29 34 45 60 75 91 108 125 55 46 43 46 55 67 81 97 112 129 67 60 57 60 67 77 90 104 118 134 80 73 71 73 79 88 99 112 126 140 93 87 85 87 92 99 109 121 134 148 106 101 99 101 105 112 121 131 143 156 119 115 114 115 118 124 132 142 153 165
79 31 74 66 30 25 23 50 73 72 37 67 85 103 98 68 45 59 57 37 54 26 69 64 27 29 22 34 71 83 43 80 91 62 103 66 33 79 42 34 54 38 23 15 23 38 54 71 88 105 52 35 18 0 18 35 52 70 87 104 54 38 23 15 23 38 54 71 88 105 60 45 34 29 33 45 59 75 91 108 68 55 46 43 46 55 67 81 97 112 77 67 60 57 59 66 77 89 103 118 88 79 73 71 73 79 88 99 112 125 100 92 87 85 87 91 99 109 121 134 112 105 101 99 100 105 111 120 131 143 125 119 115 113 114 118 124 132 141 152
65 36 60 59 16 30 25 57 66 60 30 58 71 99 95 62 38 53 48 38 45 33 57 59 14 14 17 34 62 68 39 68 76 54 99 61 16 66 56 33 71 54 38 23 15 23 38 54 71 88 70 52 35 18 0 18 35 52 70 87 71 54 38 23 15 23 38 54 71 88 75 60 45 33 29 33 45 59 75 91 82 67 55 46 43 46 55 67 81 96 90 77 67 59 57 59 66 77 89 103 99 88 79 73 71 73 78 87 99 111 110 100 92 87 85 86 91 99 109 120 121 112 105 100 99 100 104 111 120 130 133 125 118 114 113 114 117 123 131 141
52 48 49 57 15 43 36 67 63 50 31 53 57 97 95 60 39 53 45 46 42 46 47 59 17 12 26 42 59 55 43 60 63 50 97 60 3 56 71 41 88 71 54 38 23 14 23 38 54 71 87 70 52 35 18 0 18 35 52 70 88 71 54 38 23 14 23 38 54 71 91 75 60 45 33 28 33 45 59 75 97 82 67 55 46 42 46 55 67 81 104 90 77 66 59 56 59 66 76 89 112 99 88 79 73 70 72 78 87 98 122 110 99 91 86 84 86 91 98 108 132 121 112 105 100 98 99 104 110 119 143 133 124 118 114 112 113 117 123 131
43 62 41 60 28 58 50 80 65 46 41 53 47 99 98 64 46 58 49 59 45 61 43 63 31 27 41 54 60 46 53 55 53 52 99 65 20 50 87 53 105 88 71 54 38 23 14 23 38 54 104 87 70 52 35 18 0 18 35 52 105 88 71 54 38 23 14 23 38 54 108 91 75 59 45 33 28 33 45 59 113 97 81 67 55 46 42 46 54 67 119 104 90 77 66 59 56 59 66 76 126 112 99 88 78 72 70 72 78 87 134 121 109 99 91 86 84 85 90 98 144 131 121 111 104 99 98 99 103 110 154 142 132 124 117 113 112 113 116 122
40 78 41 67 44 74 66 94 71 48 55 59 41 103 103 72 58 67 58 73 55 78 46 72 48 44 58 69 65 41 66 56 47 59 104 73 37 50 103 68 122 105 88 71 54 38 23 14 23 38 122 104 87 70 52 35 18 0 18 35 122 105 88 71 54 38 23 14 23 38 125 108 91 75 59 45 33 28 33 45 129 112 97 81 67 55 46 42 45 54 134 118 104 89 77 66 59 56 58 65 140 126 112 99 87 78 72 70 72 77 148 134 121 109 99 91 85 83 85 90 156 143 131 120 111 104 99 97 99 103 166 153 142 132 123 117 113 111 112 116
44 94 47 78 61 90 83 109 81 55 70 68 42 110 112 83 73 79 70 89 67 94 54 84 65 61 74 85 75 44 80 62 47 70 111 85 54 56 120 83 140 122 105 88 71 54 38 23 14 23 139 122 104 87 70 52 35 18 0 18 140 122 105 88 71 54 38 23 14 23 142 125 108 91 75 59 45 33 28 33 145 129 112 97 81 67 54 45 42 45 150 134 118 103 89 76 66 58 55 58 156 140 126 112 99 87 78 72 69 71 162 148 134 121 109 98 90 85 83 85 170 156 143 131 120 110 103 99 97 98 179 165 153 141 131 123 116 112 110 112
54 110 58 91 78 107 100 125 92 66 86 81 50 119 122 95 88 93 84 105 82 111 66 97 82 78 91 101 87 52 96 72 53 83 120 98 72 66 137 99 157 140 122 105 88 71 54 38 23 14 156 139 122 104 87 70 52 35 18 0 157 140 122 105 88 71 54 38 23 14 159 142 125 108 91 75 59 45 33 28 162 145 129 112 96 81 67 54 45 42 166 150 134 118 103 89 76 65 58 55 171 155 140 125 111 98 87 77 71 69 177 162 148 134 120 108 98 90 85 83 184 170 156 143 130 119 110 103 98 96 192 178 165 152 141 131 122 116 112 110
123 53 117 95 80 53 60 54 102 113 77 102 130 120 112 95 80 88 91 62 90 50 110 90 76 80 67 64 102 127 73 117 134 96 119 91 86 118 28 65 29 34 45 60 75 91 108 125 142 159 15 23 38 54 71 88 105 122 140 157 0 18 35 52 70 87 104 122 139 156 15 23 38 54 71 88 105 122 140 157 29 34 45 60 75 91 108 125 142 159 43 47 55 68 82 97 113 129 145 162 58 60 67 77 90 104 119 134 150 166 72 74 80 88 99 112 126 140 156 171 86 88 93 100 110 122 134 148 162 177 100 102 106 112 121 132 144 156 170 184
106 37 100 80 62 37 43 42 87 96 60 86 113 108 101 80 64 73 75 46 74 34 93 75 59 62 49 47 87 110 57 101 117 80 107 77 69 102 18 49 34 29 34 45 60 75 91 108 125 142 23 15 23 38 54 71 88 105 122 140 18 0 18 35 52 70 87 104 122 139 23 15 23 38 54 71 88 105 122 140 34 29 34 45 60 75 91 108 125 142 47 43 46 55 67 82 97 112 129 145 60 57 60 67 77 90 104 118 134 150 74 72 73 79 88 99 112 126 140 155 88 86 87 92 100 110 121 134 148 162 102 100 101 105 112 121 131 143 156 170
89 23 84 66 45 21 26 35 73 80 43 71 96 98 92 67 48 59 60 32 58 19 77 62 41 45 32 32 72 93 42 85 101 65 97 64 52 86 20 33 45 34 29 34 45 60 75 91 108 125 38 23 15 23 38 54 71 88 105 122 35 18 0 18 35 52 70 87 104 122 38 23 15 23 38 54 71 88 105 122 45 34 29 34 45 60 75 91 108 125 55 46 43 46 55 67 81 97 112 129 67 60 57 60 67 77 90 104 118 134 80 73 71 73 79 88 99 112 126 140 93 87 85 87 92 99 109 121 134 148 106 101 99 101 105 112 121 131 143 156
73 17 68 54 28 11 11 37 62 64 28 57 80 90 85 55 34 47 46 23 44 13 61 51 24 28 15 20 60 77 30 71 84 52 90 53 36 71 34 21 60 45 34 29 33 45 59 75 91 108 54 38 23 15 23 38 54 71 88 105 52 35 18 0 18 35 52 70 87 104 54 38 23 15 23 38 54 71 88 105 60 45 34 29 33 45 59 75 91 108 68 55 46 43 46 55 67 81 97 112 77 67 60 57 59 66 77 89 103 118 88 79 73 71 73 79 88 99 112 125 100 92 87 85 87 91 99 109 121 134 112 105 101 99 100 105 111 120 131 143
57 26 52 45 10 21 13 45 53 50 16 46 64 85 81 48 24 40 35 25 32 24 47 45 7 11 4 20 50 61 25 57 69 41 85 47 21 56 50 20 75 60 45 33 29 33 45 59 75 91 71 54 38 23 15 23 38 54 71 88 70 52 35 18 0 18 35 52 70 87 71 54 38 23 15 23 38 54 71 88 75 60 45 33 29 33 45 59 75 91 82 67 55 46 43 46 55 67 81 96 90 77 67 59 57 59 66 77 89 103 99 88 79 73 71 73 78 87 99 111 110 100 92 87 85 86 91 99 109 120 121 112 105 100 99 100 104 111 120 130
42 40 38 43 8 37 29 58 49 38 19 39 49 83 81 47 25 39 31 37 28 40 35 45 12 9 21 32 45 46 31 47 54 36 83 47 14 44 66 31 91 75 60 45 33 28 33 45 59 75 88 71 54 38 23 14 23 38 54 71 87 70 52 35 18 0 18 35 52 70 88 71 54 38 23 14 23 38 54 71 91 75 60 45 33 28 33 45 59 75 97 82 67 55 46 42 46 55 67 81 104 90 77 66 59 56 59 66 76 89 112 99 88 79 73 70 72 78 87 98 122 110 99 91 86 84 86 91 98 108 132 121 112 105 100 98 99 104 110 119
31 57 28 47 25 53 46 72 52 32 33 39 35 85 84 51 36 46 36 51 33 57 29 51 29 26 38 47 46 34 44 41 41 39 85 52 24 37 83 46 108 91 75 59 45 33 28 33 45 59 105 88 71 54 38 23 14 23 38 54 104 87 70 52 35 18 0 18 35 52 105 88 71 54 38 23 14 23 38 54 108 91 75 59 45 33 28 33 45 59 113 97 81 67 55 46 42 46 54 67 119 104 90 77 66 59 56 59 66 76 126 112 99 88 78 72 70 72 78 87 134 121 109 99 91 86 84 85 90 98 144 131 121 111 104 99 98 99 103 110
26 74 27 56 43 70 63 88 59 35 49 47 27 90 91 61 51 57 48 67 45 74 33 62 46 43 55 64 54 27 59 43 33 48 91 63 39 36 100 62 125 108 91 75 59 45 33 28 33 45 122 105 88 71 54 38 23 14 23 38 122 104 87 70 52 35 18 0 18 35 122 105 88 71 54 38 23 14 23 38 125 108 91 75 59 45 33 28 33 45 129 112 97 81 67 55 46 42 45 54 134 118 104 89 77 66 59 56 58 65 140 126 112 99 87 78 72 70 72 77 148 134 121 109 99 91 85 83 85 90 156 143 131 120 111 104 99 97 99 103
32 90 36 69 60 88 80 104 70 44 66 59 29 98 100 73 67 71 62 84 60 91 44 75 63 60 73 80 65 31 75 51 33 61 99 76 56 44 117 79 142 125 108 91 75 59 45 33 28 33 140 122 105 88 71 54 38 23 14 23 139 122 104 87 70 52 35 18 0 18 140 122 105 88 71 54 38 23 14 23 142 125 108 91 75 59 45 33 28 33 145 129 112 97 81 67 54 45 42 45 150 134 118 103 89 76 66 58 55 58 156 140 126 112 99 87 78 72 69 71 162 148 134 121 109 98 90 85 83 85 170 156 143 131 120 110 103 99 97 98
45 108 50 83 77 105 97 121 84 58 83 73 40 108 112 87 83 86 77 101 76 108 58 90 81 77 90 97 78 43 91 62 42 76 109 90 73 56 134 96 159 142 125 108 91 75 59 45 33 28 157 140 122 105 88 71 54 38 23 14 156 139 122 104 87 70 52 35 18 0 157 140 122 105 88 71 54 38 23 14 159 142 125 108 91 75 59 45 33 28 162 145 129 112 96 81 67 54 45 42 166 150 134 118 103 89 76 65 58 55 171 155 140 125 111 98 87 77 71 69 177 162 148 134 120 108 98 90 85 83 184 170 156 143 130 119 110 103 98 96
121 50 115 90 81 53 60 46 96 109 75 97 128 111 103 88 77 83 88 59 87 49 107 84 78 82 68 61 97 124 70 113 131 92 110 85 89 115 23 63 43 47 55 68 82 97 113 129 145 162 29 34 45 60 75 91 108 125 142 159 15 23 38 54 71 88 105 122 140 157 0 18 35 52 70 87 104 122 139 156 15 23 38 54 71 88 105 122 140 157 29 34 45 60 75 91 108 125 142 159 43 47 55 68 82 97 113 129 145 162 58 60 67 77 90 104 119 134 150 166 72 74 80 88 99 112 126 140 156 171 86 88 93 100 110 122 134 148 162 177
103 33 98 74 64 35 43 31 80 92 58 81 111 98 90 73 60 67 71 42 70 32 90 68 61 65 51 44 80 107 53 96 114 75 97 69 73 98 6 45 47 43 46 55 67 82 97 112 129 145 34 29 34 45 60 75 91 108 125 142 23 15 23 38 54 71 88 105 122 140 18 0 18 35 52 70 87 104 122 139 23 15 23 38 54 71 88 105 122 140 34 29 34 45 60 75 91 108 125 142 47 43 46 55 67 82 97 112 129 145 60 57 60 67 77 90 104 118 134 150 74 72 73 79 88 99 112 126 140 155 88 86 87 92 100 110 121 134 148 162
86 16 81 58 48 18 26 22 65 75 41 64 93 86 79 58 43 51 54 25 53 15 73 53 44 49 34 27 65 90 36 80 97 59 86 54 57 81 12 28 55 46 43 46 55 67 81 97 112 129 45 34 29 34 45 60 75 91 108 125 38 23 15 23 38 54 71 88 105 122 35 18 0 18 35 52 70 87 104 122 38 23 15 23 38 54 71 88 105 122 45 34 29 34 45 60 75 91 108 125 55 46 43 46 55 67 81 97 112 129 67 60 57 60 67 77 90 104 118 134 80 73 71 73 79 88 99 112 126 140 93 87 85 87 92 99 109 121 134 148
69 3 64 44 32 4 10 24 51 59 23 49 76 77 71 44 26 37 38 10 37 5 56 40 29 33 19 10 50 73 20 64 80 43 77 42 43 65 30 11 68 55 46 43 46 55 67 81 97 112 60 45 34 29 33 45 59 75 91 108 54 38 23 15 23 38 54 71 88 105 52 35 18 0 18 35 52 70 87 104 54 38 23 15 23 38 54 71 88 105 60 45 34 29 33 45 59 75 91 108 68 55 46 43 46 55 67 81 97 112 77 67 60 57 59 66 77 89 103 118 88 79 73 71 73 79 88 99 112 125 100 92 87 85 87 91 99 109 121 134
52 20 47 33 19 18 12 36 40 43 6 35 59 71 67 35 12 26 24 14 21 21 40 31 17 22 13 10 38 56 11 48 63 30 71 33 32 49 47 9 82 67 55 46 43 46 55 67 81 96 75 60 45 33 29 33 45 59 75 91 71 54 38 23 15 23 38 54 71 88 70 52 35 18 0 18 35 52 70 87 71 54 38 23 15 23 38 54 71 88 75 60 45 33 29 33 45 59 75 91 82 67 55 46 43 46 55 67 81 96 90 77 67 59 57 59 66 77 89 103 99 88 79 73 71 73 78 87 99 111 110 100 92 87 85 86 91 99 109 120
36 37 30 29 18 35 29 51 36 28 12 25 43 69 67 33 14 25 17 30 14 39 25 31 20 21 24 27 31 39 22 35 47 22 69 33 27 34 64 25 97 82 67 55 46 42 46 55 67 81 91 75 60 45 33 28 33 45 59 75 88 71 54 38 23 14 23 38 54 71 87 70 52 35 18 0 18 35 52 70 88 71 54 38 23 14 23 38 54 71 91 75 60 45 33 28 33 45 59 75 97 82 67 55 46 42 46 55 67 81 104 90 77 66 59 56 59 66 76 89 112 99 88 79 73 70 72 78 87 98 122 110 99 91 86 84 86 91 98 108
20 55 16 34 30 52 46 67 39 18 30 26 26 72 71 39 30 35 25 47 23 56 16 40 33 32 40 44 33 24 38 28 32 26 72 41 33 23 82 43 113 97 81 67 55 46 42 46 54 67 108 91 75 59 45 33 28 33 45 59 105 88 71 54 38 23 14 23 38 54 104 87 70 52 35 18 0 18 35 52 105 88 71 54 38 23 14 23 38 54 108 91 75 59 45 33 28 33 45 59 113 97 81 67 55 46 42 46 54 67 119 104 90 77 66 59 56 59 66 76 126 112 99 88 78 72 70 72 78 87 134 121 109 99 91 86 84 85 90 98
12 72 14 46 45 70 63 83 48 23 47 37 14 78 79 51 46 49 40 64 39 73 22 53 49 47 57 61 43 14 54 30 20 39 78 53 46 23 99 60 129 112 97 81 67 55 46 42 45 54 125 108 91 75 59 45 33 28 33 45 122 105 88 71 54 38 23 14 23 38 122 104 87 70 52 35 18 0 18 35 122 105 88 71 54 38 23 14 23 38 125 108 91 75 59 45 33 28 33 45 129 112 97 81 67 55 46 42 45 54 134 118 104 89 77 66 59 56 58 65 140 126 112 99 87 78 72 70 72 77 148 134 121 109 99 91 85 83 85 90
23 89 28 61 62 87 80 100 62 36 64 51 18 87 90 65 63 64 56 82 55 91 37 68 65 63 74 79 56 21 71 40 21 54 88 68 60 34 116 77 145 129 112 97 81 67 54 45 42 45 142 125 108 91 75 59 45 33 28 33 140 122 105 88 71 54 38 23 14 23 139 122 104 87 70 52 35 18 0 18 140 122 105 88 71 54 38 23 14 23 142 125 108 91 75 59 45 33 28 33 145 129 112 97 81 67 54 45 42 45 150 134 118 103 89 76 66 58 55 58 156 140 126 112 99 87 78 72 69 71 162 148 134 121 109 98 90 85 83 85
39 106 44 77 79 104 97 117 76 52 81 67 32 98 102 81 81 81 73 99 72 108 53 84 82 79 91 96 72 36 89 54 32 71 99 84 76 49 133 94 162 145 129 112 96 81 67 54 45 42 159 142 125 108 91 75 59 45 33 28 157 140 122 105 88 71 54 38 23 14 156 139 122 104 87 70 52 35 18 0 157 140 122 105 88 71 54 38 23 14 159 142 125 108 91 75 59 45 33 28 162 145 129 112 96 81 67 54 45 42 166 150 134 118 103 89 76 65 58 55 171 155 140 125 111 98 87 77 71 69 177 162 148 134 120 108 98 90 85 83
120 52 114 86 85 55 63 42 91 108 76 95 127 102 94 84 77 80 86 59 86 52 106 80 82 86 72 62 93 124 69 110 130 90 101 81 95 113 26 63 58 60 67 77 90 104 119 134 150 166 43 47 55 68 82 97 113 129 145 162 29 34 45 60 75 91 108 125 142 159 15 23 38 54 71 88 105 122 140 157 0 18 35 52 70 87 104 122 139 156 15 23 38 54 71 88 105 122 140 157 29 34 45 60 75 91 108 125 142 159 43 47 55 68 82 97 113 129 145 162 58 60 67 77 90 104 119 134 150 166 72 74 80 88 99 112 126 140 156 171
103 35 97 69 69 40 47 25 75 91 59 78 110 88 80 68 60 63 69 41 69 36 89 63 66 70 56 45 76 106 52 93 113 73 87 64 79 96 14 46 60 57 60 67 77 90 104 118 134 150 47 43 46 55 67 82 97 112 129 145 34 29 34 45 60 75 91 108 125 142 23 15 23 38 54 71 88 105 122 140 18 0 18 35 52 70 87 104 122 139 23 15 23 38 54 71 88 105 122 140 34 29 34 45 60 75 91 108 125 142 47 43 46 55 67 82 97 112 129 145 60 57 60 67 77 90 104 118 134 150 74 72 73 79 88 99 112 126 140 155
85 20 80 53 54 25 32 9 58 73 43 61 93 76 68 51 42 46 51 24 51 22 71 46 51 56 41 28 59 89 34 76 95 55 75 48 65 79 18 30 67 60 57 60 67 77 90 104 118 134 55 46 43 46 55 67 81 97 112 129 45 34 29 34 45 60 75 91 108 125 38 23 15 23 38 54 71 88 105 122 35 18 0 18 35 52 70 87 104 122 38 23 15 23 38 54 71 88 105 122 45 34 29 34 45 60 75 91 108 125 55 46 43 46 55 67 81 97 112 129 67 60 57 60 67 77 90 104 118 134 80 73 71 73 79 88 99 112 126 140
68 13 62 36 41 18 22 13 43 56 27 44 75 65 58 35 25 29 34 9 34 17 54 30 38 43 30 14 43 72 17 59 78 38 64 32 53 61 32 15 77 67 60 57 59 66 77 89 103 118 68 55 46 43 46 55 67 81 97 112 60 45 34 29 33 45 59 75 91 108 54 38 23 15 23 38 54 71 88 105 52 35 18 0 18 35 52 70 87 104 54 38 23 15 23 38 54 71 88 105 60 45 34 29 33 45 59 75 91 108 68 55 46 43 46 55 67 81 97 112 77 67 60 57 59 66 77 89 103 118 88 79 73 71 73 79 88 99 112 125
51 23 45 22 32 25 23 30 29 39 15 27 58 58 53 22 9 14 17 14 17 27 37 18 31 35 27 14 28 54 4 42 61 22 57 20 44 44 48 13 90 77 67 59 57 59 66 77 89 103 82 67 55 46 43 46 55 67 81 96 75 60 45 33 29 33 45 59 75 91 71 54 38 23 15 23 38 54 71 88 70 52 35 18 0 18 35 52 70 87 71 54 38 23 15 23 38 54 71 88 75 60 45 33 29 33 45 59 75 91 82 67 55 46 43 46 55 67 81 96 90 77 67 59 57 59 66 77 89 103 99 88 79 73 71 73 78 87 99 111
34 39 28 15 31 39 35 47 22 22 18 13 41 55 53 19 12 13 4 30 2 42 19 18 32 34 33 28 17 37 19 26 44 8 55 20 41 27 65 27 104 90 77 66 59 56 59 66 76 89 97 82 67 55 46 42 46 55 67 81 91 75 60 45 33 28 33 45 59 75 88 71 54 38 23 14 23 38 54 71 87 70 52 35 18 0 18 35 52 70 88 71 54 38 23 14 23 38 54 71 91 75 60 45 33 28 33 45 59 75 97 82 67 55 46 42 46 55 67 81 104 90 77 66 59 56 59 66 76 89 112 99 88 79 73 70 72 78 87 98
16 56 11 24 39 55 50 64 27 6 32 14 23 58 58 29 29 27 19 47 19 58 2 31 41 41 46 45 21 20 36 14 27 17 59 31 45 12 82 44 119 104 90 77 66 59 56 59 66 76 113 97 81 67 55 46 42 46 54 67 108 91 75 59 45 33 28 33 45 59 105 88 71 54 38 23 14 23 38 54 104 87 70 52 35 18 0 18 35 52 105 88 71 54 38 23 14 23 38 54 108 91 75 59 45 33 28 33 45 59 113 97 81 67 55 46 42 46 54 67 119 104 90 77 66 59 56 59 66 76 126 112 99 88 78 72 70 72 78 87
3 73 8 40 52 72 66 81 39 15 49 29 6 66 68 44 46 44 36 64 36 75 16 47 55 54 61 62 35 3 53 18 10 33 67 47 55 12 100 61 134 118 104 89 77 66 59 56 58 65 129 112 97 81 67 55 46 42 45 54 125 108 91 75 59 45 33 28 33 45 122 105 88 71 54 38 23 14 23 38 122 104 87 70 52 35 18 0 18 35 122 105 88 71 54 38 23 14 23 38 125 108 91 75 59 45 33 28 33 45 129 112 97 81 67 55 46 42 45 54 134 118 104 89 77 66 59 56 58 65 140 126 112 99 87 78 72 70 72 77
19 90 25 56 67 89 82 99 55 32 66 46 12 76 80 60 63 61 54 82 54 92 34 63 70 68 77 79 50 16 71 33 10 50 77 63 68 27 117 78 150 134 118 103 89 76 66 58 55 58 145 129 112 97 81 67 54 45 42 45 142 125 108 91 75 59 45 33 28 33 140 122 105 88 71 54 38 23 14 23 139 122 104 87 70 52 35 18 0 18 140 122 105 88 71 54 38 23 14 23 142 125 108 91 75 59 45 33 28 33 145 129 112 97 81 67 54 45 42 45 150 134 118 103 89 76 66 58 55 58 156 140 126 112 99 87 78 72 69 71
37 107 42 73 83 106 99 116 71 49 83 63 30 89 94 76 80 78 71 99 71 109 51 80 86 84 94 96 67 33 88 49 27 68 90 80 82 44 134 95 166 150 134 118 103 89 76 65 58 55 162 145 129 112 96 81 67 54 45 42 159 142 125 108 91 75 59 45 33 28 157 140 122 105 88 71 54 38 23 14 156 139 122 104 87 70 52 35 18 0 157 140 122 105 88 71 54 38 23 14 159 142 125 108 91 75 59 45 33 28 162 145 129 112 96 81 67 54 45 42 166 150 134 118 103 89 76 65 58 55 171 155 140 125 111 98 87 77 71 69
121 57 115 85 91 62 69 42 89 108 80 95 128 95 87 82 79 80 87 62 87 58 107 78 88 93 78 66 92 124 71 109 130 90 94 79 102 113 35 67 72 74 80 88 99 112 126 140 156 171 58 60 67 77 90 104 119 134 150 166 43 47 55 68 82 97 113 129 145 162 29 34 45 60 75 91 108 125 142 159 15 23 38 54 71 88 105 122 140 157 0 18 35 52 70 87 104 122 139 156 15 23 38 54 71 88 105 122 140 157 29 34 45 60 75 91 108 125 142 159 43 47 55 68 82 97 113 129 145 162 58 60 67 77 90 104 119 134 150 166
104 42 98 68 76 48 55 25 72 91 64 77 111 80 72 65 62 62 69 46 70 44 89 61 73 78 64 50 74 107 54 92 113 72 79 62 88 96 28 51 74 72 73 79 88 99 112 126 140 155 60 57 60 67 77 90 104 118 134 150 47 43 46 55 67 82 97 112 129 145 34 29 34 45 60 75 91 108 125 142 23 15 23 38 54 71 88 105 122 140 18 0 18 35 52 70 87 104 122 139 23 15 23 38 54 71 88 105 122 140 34 29 34 45 60 75 91 108 125 142 47 43 46 55 67 82 97 112 129 145 60 57 60 67 77 90 104 118 134 150
87 31 81 51 63 37 43 10 55 74 49 60 94 66 58 48 46 45 52 31 53 34 72 43 60 65 52 36 57 90 38 75 96 55 65 44 75 79 29 37 80 73 71 73 79 88 99 112 126 140 67 60 57 60 67 77 90 104 118 134 55 46 43 46 55 67 81 97 112 129 45 34 29 34 45 60 75 91 108 125 38 23 15 23 38 54 71 88 105 122 35 18 0 18 35 52 70 87 104 122 38 23 15 23 38 54 71 88 105 122 45 34 29 34 45 60 75 91 108 125 55 46 43 46 55 67 81 97 112 129 67 60 57 60 67 77 90 104 118 134
70 27 64 33 52 32 36 14 38 57 36 43 77 53 46 31 31 28 36 22 37 31 55 26 50 55 43 26 40 73 24 57 79 38 53 27 65 61 40 27 88 79 73 71 73 79 88 99 112 125 77 67 60 57 59 66 77 89 103 118 68 55 46 43 46 55 67 81 97 112 60 45 34 29 33 45 59 75 91 108 54 38 23 15 23 38 54 71 88 105 52 35 18 0 18 35 52 70 87 104 54 38 23 15 23 38 54 71 88 105 60 45 34 29 33 45 59 75 91 108 68 55 46 43 46 55 67 81 97 112 77 67 60 57 59 66 77 89 103 118
53 33 48 16 45 37 36 30 21 40 28 26 60 45 39 14 21 11 20 24 22 37 39 9 45 48 41 26 22 56 18 40 62 21 44 10 58 44 54 26 99 88 79 73 71 73 78 87 99 111 90 77 67 59 57 59 66 77 89 103 82 67 55 46 43 46 55 67 81 96 75 60 45 33 29 33 45 59 75 91 71 54 38 23 15 23 38 54 71 88 70 52 35 18 0 18 35 52 70 87 71 54 38 23 15 23 38 54 71 88 75 60 45 33 29 33 45 59 75 91 82 67 55 46 43 46 55 67 81 96 90 77 67 59 57 59 66 77 89 103
37 46 32 2 45 47 44 47 8 24 30 9 43 41 39 7 22 9 12 36 15 49 23 10 45 48 45 36 6 40 26 23 45 8 41 9 55 27 69 35 112 99 88 79 73 70 72 78 87 98 104 90 77 66 59 56 59 66 76 89 97 82 67 55 46 42 46 55 67 81 91 75 60 45 33 28 33 45 59 75 88 71 54 38 23 14 23 38 54 71 87 70 52 35 18 0 18 35 52 70 88 71 54 38 23 14 23 38 54 71 91 75 60 45 33 28 33 45 59 75 97 82 67 55 46 42 46 55 67 81 104 90 77 66 59 56 59 66 76 89
23 60 19 20 51 61 57 64 18 11 40 11 28 45 46 23 34 26 22 51 24 64 13 27 52 53 55 50 13 25 40 6 28 17 46 26 58 11 86 49 126 112 99 88 78 72 70 72 78 87 119 104 90 77 66 59 56 59 66 76 113 97 81 67 55 46 42 46 54 67 108 91 75 59 45 33 28 33 45 59 105 88 71 54 38 23 14 23 38 54 104 87 70 52 35 18 0 18 35 52 105 88 71 54 38 23 14 23 38 54 108 91 75 59 45 33 28 33 45 59 113 97 81 67 55 46 42 46 54 67 119 104 90 77 66 59 56 59 66 76
16 76 18 37 61 77 71 81 34 18 54 28 17 55 58 40 49 43 38 67 39 79 21 44 63 63 68 66 31 15 56 13 13 33 56 43 66 11 102 64 140 126 112 99 87 78 72 70 72 77 134 118 104 89 77 66 59 56 58 65 129 112 97 81 67 55 46 42 45 54 125 108 91 75 59 45 33 28 33 45 122 105 88 71 54 38 23 14 23 38 122 104 87 70 52 35 18 0 18 35 122 105 88 71 54 38 23 14 23 38 125 108 91 75 59 45 33 28 33 45 129 112 97 81 67 55 46 42 45 54 134 118 104 89 77 66 59 56 58 65
25 93 30 54 74 93 87 99 51 33 70 45 20 67 72 57 66 60 55 84 56 95 36 61 77 76 83 82 48 22 73 30 14 50 68 61 77 27 119 81 156 140 126 112 99 87 78 72 69 71 150 134 118 103 89 76 66 58 55 58 145 129 112 97 81 67 54 45 42 45 142 125 108 91 75 59 45 33 28 33 140 122 105 88 71 54 38 23 14 23 139 122 104 87 70 52 35 18 0 18 140 122 105 88 71 54 38 23 14 23 142 125 108 91 75 59 45 33 28 33 145 129 112 97 81 67 54 45 42 45 150 134 118 103 89 76 66 58 55 58
40 110 45 72 89 109 103 116 68 50 86 62 33 82 87 74 82 77 72 101 72 112 52 79 92 90 98 99 65 36 90 47 28 68 83 78 90 44 136 97 171 155 140 125 111 98 87 77 71 69 166 150 134 118 103 89 76 65 58 55 162 145 129 112 96 81 67 54 45 42 159 142 125 108 91 75 59 45 33 28 157 140 122 105 88 71 54 38 23 14 156 139 122 104 87 70 52 35 18 0 157 140 122 105 88 71 54 38 23 14 159 142 125 108 91 75 59 45 33 28 162 145 129 112 96 81 67 54 45 42 166 150 134 118 103 89 76 65 58 55
124 65 118 86 99 70 77 47 89 111 86 96 131 90 82 83 84 82 90 68 91 67 109 79 96 101 86 72 92 127 76 110 132 92 89 80 110 115 47 73 86 88 93 100 110 122 134 148 162 177 72 74 80 88 99 112 126 140 156 171 58 60 67 77 90 104 119 134 150 166 43 47 55 68 82 97 113 129 145 162 29 34 45 60 75 91 108 125 142 159 15 23 38 54 71 88 105 122 140 157 0 18 35 52 70 87 104 122 139 156 15 23 38 54 71 88 105 122 140 157 29 34 45 60 75 91 108 125 142 159 43 47 55 68 82 97 113 129 145 162
107 52 102 69 85 58 65 33 72 94 71 79 114 74 65 66 68 65 73 54 74 55 93 62 83 87 74 58 75 110 60 93 115 75 72 62 97 98 42 59 88 86 87 92 100 110 121 134 148 162 74 72 73 79 88 99 112 126 140 155 60 57 60 67 77 90 104 118 134 150 47 43 46 55 67 82 97 112 129 145 34 29 34 45 60 75 91 108 125 142 23 15 23 38 54 71 88 105 122 140 18 0 18 35 52 70 87 104 122 139 23 15 23 38 54 71 88 105 122 140 34 29 34 45 60 75 91 108 125 142 47 43 46 55 67 82 97 112 129 145
91 44 85 52 73 50 55 23 55 77 58 63 97 58 50 49 54 48 57 42 59 47 76 45 71 76 63 47 58 94 47 76 98 59 57 45 86 81 43 48 93 87 85 87 92 99 109 121 134 148 80 73 71 73 79 88 99 112 126 140 67 60 57 60 67 77 90 104 118 134 55 46 43 46 55 67 81 97 112 129 45 34 29 34 45 60 75 91 108 125 38 23 15 23 38 54 71 88 105 122 35 18 0 18 35 52 70 87 104 122 38 23 15 23 38 54 71 88 105 122 45 34 29 34 45 60 75 91 108 125 55 46 43 46 55 67 81 97 112 129
74 41 69 36 64 46 49 25 37 61 48 46 81 44 36 32 42 33 42 36 45 45 60 29 63 67 56 40 41 77 36 59 82 43 42 29 77 64 50 40 100 92 87 85 87 91 99 109 121 134 88 79 73 71 73 79 88 99 112 125 77 67 60 57 59 66 77 89 103 118 68 55 46 43 46 55 67 81 97 112 60 45 34 29 33 45 59 75 91 108 54 38 23 15 23 38 54 71 88 105 52 35 18 0 18 35 52 70 87 104 54 38 23 15 23 38 54 71 88 105 60 45 34 29 33 45 59 75 91 108 68 55 46 43 46 55 67 81 97 112
59 45 54 21 59 50 50 37 21 46 42 31 65 32 26 17 34 21 30 37 34 50 45 16 58 62 55 40 25 62 32 43 65 29 31 14 71 48 62 39 110 100 92 87 85 86 91 99 109 120 99 88 79 73 71 73 78 87 99 111 90 77 67 59 57 59 66 77 89 103 82 67 55 46 43 46 55 67 81 96 75 60 45 33 29 33 45 59 75 91 71 54 38 23 15 23 38 54 71 88 70 52 35 18 0 18 35 52 70 87 71 54 38 23 15 23 38 54 71 88 75 60 45 33 29 33 45 59 75 91 82 67 55 46 43 46 55 67 81 96
45 55 41 14 58 58 56 51 8 33 43 20 50 27 26 11 35 20 25 45 29 59 33 16 59 62 58 47 13 47 37 27 50 21 28 14 69 34 76 46 122 110 99 91 86 84 86 91 98 108 112 99 88 79 73 70 72 78 87 98 104 90 77 66 59 56 59 66 76 89 97 82 67 55 46 42 46 55 67 81 91 75 60 45 33 28 33 45 59 75 88 71 54 38 23 14 23 38 54 71 87 70 52 35 18 0 18 35 52 70 88 71 54 38 23 14 23 38 54 71 91 75 60 45 33 28 33 45 59 75 97 82 67 55 46 42 46 55 67 81
34 68 32 24 63 70 66 67 17 25 51 21 37 33 36 25 44 31 31 58 35 72 27 30 65 66 66 58 18 35 48 16 35 26 34 28 72 23 91 57 134 121 109 99 91 86 84 85 90 98 126 112 99 88 78 72 70 72 78 87 119 104 90 77 66 59 56 59 66 76 113 97 81 67 55 46 42 46 54 67 108 91 75 59 45 33 28 33 45 59 105 88 71 54 38 23 14 23 38 54 104 87 70 52 35 18 0 18 35 52 105 88 71 54 38 23 14 23 38 54 108 91 75 59 45 33 28 33 45 59 113 97 81 67 55 46 42 46 54 67
30 82 31 39 72 83 79 84 34 28 62 33 30 45 50 41 56 46 44 73 46 86 31 46 74 74 77 72 33 29 62 20 25 39 46 45 78 23 107 71 148 134 121 109 99 91 85 83 85 90 140 126 112 99 87 78 72 70 72 77 134 118 104 89 77 66 59 56 58 65 129 112 97 81 67 55 46 42 45 54 125 108 91 75 59 45 33 28 33 45 122 105 88 71 54 38 23 14 23 38 122 104 87 70 52 35 18 0 18 35 122 105 88 71 54 38 23 14 23 38 125 108 91 75 59 45 33 28 33 45 129 112 97 81 67 55 46 42 45 54
36 98 39 56 83 98 93 101 51 40 76 48 32 60 66 58 71 63 59 88 61 101 43 63 86 85 90 87 49 33 77 34 26 54 61 62 87 34 123 86 162 148 134 121 109 98 90 85 83 85 156 140 126 112 99 87 78 72 69 71 150 134 118 103 89 76 66 58 55 58 145 129 112 97 81 67 54 45 42 45 142 125 108 91 75 59 45 33 28 33 140 122 105 88 71 54 38 23 14 23 139 122 104 87 70 52 35 18 0 18 140 122 105 88 71 54 38 23 14 23 142 125 108 91 75 59 45 33 28 33 145 129 112 97 81 67 54 45 42 45
47 114 52 73 96 114 108 118 68 54 91 65 41 76 82 75 87 79 75 104 76 117 57 80 99 98 105 103 66 44 93 50 36 70 77 79 99 48 139 102 177 162 148 134 120 108 98 90 85 83 171 155 140 125 111 98 87 77 71 69 166 150 134 118 103 89 76 65 58 55 162 145 129 112 96 81 67 54 45 42 159 142 125 108 91 75 59 45 33 28 157 140 122 105 88 71 54 38 23 14 156 139 122 104 87 70 52 35 18 0 157 140 122 105 88 71 54 38 23 14 159 142 125 108 91 75 59 45 33 28 162 145 129 112 96 81 67 54 45 42
128 75 123 90 108 80 87 55 91 115 94 100 134 87 79 86 90 86 95 76 96 77 114 83 105 110 96 81 95 131 83 113 135 96 85 83 120 118 60 82 100 102 106 112 121 132 144 156 170 184 86 88 93 100 110 122 134 148 162 177 72 74 80 88 99 112 126 140 156 171 58 60 67 77 90 104 119 134 150 166 43 47 55 68 82 97 113 129 145 162 29 34 45 60 75 91 108 125 142 159 15 23 38 54 71 88 105 122 140 157 0 18 35 52 70 87 104 122 139 156 15 23 38 54 71 88 105 122 140 157 29 34 45 60 75 91 108 125 142 159
112 64 107 73 95 70 76 44 74 99 81 84 118 70 62 69 76 70 79 64 81 67 98 66 93 98 85 69 79 115 69 97 119 80 68 66 108 102 56 70 102 100 101 105 112 121 131 143 156 170 88 86 87 92 100 110 121 134 148 162 74 72 73 79 88 99 112 126 140 155 60 57 60 67 77 90 104 118 134 150 47 43 46 55 67 82 97 112 129 145 34 29 34 45 60 75 91 108 125 142 23 15 23 38 54 71 88 105 122 140 18 0 18 35 52 70 87 104 122 139 23 15 23 38 54 71 88 105 122 140 34 29 34 45 60 75 91 108 125 142
96 57 91 58 85 63 68 37 58 83 69 68 102 53 45 54 64 55 65 54 67 61 82 51 83 88 76 59 63 99 57 80 103 65 52 51 98 86 56 60 106 101 99 101 105 112 121 131 143 156 93 87 85 87 92 99 109 121 134 148 80 73 71 73 79 88 99 112 126 140 67 60 57 60 67 77 90 104 118 134 55 46 43 46 55 67 81 97 112 129 45 34 29 34 45 60 75 91 108 125 38 23 15 23 38 54 71 88 105 122 35 18 0 18 35 52 70 87 104 122 38 23 15 23 38 54 71 88 105 122 45 34 29 34 45 60 75 91 108 125
81 55 76 43 77 61 63 38 42 68 60 53 87 36 28 39 54 43 52 50 55 59 68 37 76 80 70 54 47 83 49 64 87 51 35 37 90 70 62 54 112 105 101 99 100 105 111 120 131 143 100 92 87 85 87 91 99 109 121 134 88 79 73 71 73 79 88 99 112 125 77 67 60 57 59 66 77 89 103 118 68 55 46 43 46 55 67 81 97 112 60 45 34 29 33 45 59 75 91 108 54 38 23 15 23 38 54 71 88 105 52 35 18 0 18 35 52 70 87 104 54 38 23 15 23 38 54 71 88 105 60 45 34 29 33 45 59 75 91 108
67 58 63 32 73 63 64 47 29 55 56 41 72 21 13 28 48 34 43 50 46 63 55 28 72 76 69 54 34 69 46 50 72 40 20 27 85 56 72 53 121 112 105 100 99 100 104 111 120 130 110 100 92 87 85 86 91 99 109 120 99 88 79 73 71 73 78 87 99 111 90 77 67 59 57 59 66 77 89 103 82 67 55 46 43 46 55 67 81 96 75 60 45 33 29 33 45 59 75 91 71 54 38 23 15 23 38 54 71 88 70 52 35 18 0 18 35 52 70 87 71 54 38 23 15 23 38 54 71 88 75 60 45 33 29 33 45 59 75 91
55 66 52 28 72 70 69 59 21 44 57 33 59 14 14 25 49 33 39 57 43 70 45 28 73 75 71 59 27 57 49 37 57 35 14 26 83 44 84 58 132 121 112 105 100 98 99 104 110 119 122 110 99 91 86 84 86 91 98 108 112 99 88 79 73 70 72 78 87 98 104 90 77 66 59 56 59 66 76 89 97 82 67 55 46 42 46 55 67 81 91 75 60 45 33 28 33 45 59 75 88 71 54 38 23 14 23 38 54 71 87 70 52 35 18 0 18 35 52 70 88 71 54 38 23 14 23 38 54 71 91 75 60 45 33 28 33 45 59 75
47 77 45 34 76 80 77 73 26 39 63 34 49 23 29 33 55 41 43 67 47 81 41 38 77 79 78 68 29 47 58 30 46 38 24 36 85 36 98 67 144 131 121 111 104 99 98 99 103 110 134 121 109 99 91 86 84 85 90 98 126 112 99 88 78 72 70 72 78 87 119 104 90 77 66 59 56 59 66 76 113 97 81 67 55 46 42 46 54 67 108 91 75 59 45 33 28 33 45 59 105 88 71 54 38 23 14 23 38 54 104 87 70 52 35 18 0 18 35 52 105 88 71 54 38 23 14 23 38 54 108 91 75 59 45 33 28 33 45 59
44 90 45 46 83 92 88 89 39 41 72 42 44 38 45 46 65 53 53 80 56 94 44 51 85 86 88 80 40 43 70 32 39 48 40 50 90 36 113 79 156 143 131 120 111 104 99 97 99 103 148 134 121 109 99 91 85 83 85 90 140 126 112 99 87 78 72 70 72 77 134 118 104 89 77 66 59 56 58 65 129 112 97 81 67 55 46 42 45 54 125 108 91 75 59 45 33 28 33 45 122 105 88 71 54 38 23 14 23 38 122 104 87 70 52 35 18 0 18 35 122 105 88 71 54 38 23 14 23 38 125 108 91 75 59 45 33 28 33 45
48 104 50 61 93 105 101 105 55 49 85 55 45 55 62 62 78 68 66 95 68 108 53 67 95 95 99 94 54 45 84 42 39 61 56 65 99 43 128 93 170 156 143 131 120 110 103 99 97 98 162 148 134 121 109 98 90 85 83 85 156 140 126 112 99 87 78 72 69 71 150 134 118 103 89 76 66 58 55 58 145 129 112 97 81 67 54 45 42 45 142 125 108 91 75 59 45 33 28 33 140 122 105 88 71 54 38 23 14 23 139 122 104 87 70 52 35 18 0 18 140 122 105 88 71 54 38 23 14 23 142 125 108 91 75 59 45 33 28 33
57 119 61 77 105 120 115 121 71 62 98 70 52 72 79 78 93 84 81 110 83 122 65 83 108 107 112 109 70 54 99 55 46 76 73 82 109 56 144 108 184 170 156 143 130 119 110 103 98 96 177 162 148 134 120 108 98 90 85 83 171 155 140 125 111 98 87 77 71 69 166 150 134 118 103 89 76 65 58 55 162 145 129 112 96 81 67 54 45 42 159 142 125 108 91 75 59 45 33 28 157 140 122 105 88 71 54 38 23 14 156 139 122 104 87 70 52 35 18 0 157 140 122 105 88 71 54 38 23 14 159 142 125 108 91 75 59 45 33 28
133 86 128 95 118 91 98 65 95 120 103 105 140 86 78 91 99 92 101 86 103 88 119 88 115 120 106 91 100 136 91 118 140 102 84 88 130 123 73 92 115 116 119 125 133 143 154 166 179 192 100 102 106 112 121 132 144 156 170 184 86 88 93 100 110 122 134 148 162 177 72 74 80 88 99 112 126 140 156 171 58 60 67 77 90 104 119 134 150 166 43 47 55 68 82 97 113 129 145 162 29 34 45 60 75 91 108 125 142 159 15 23 38 54 71 88 105 122 140 157 0 18 35 52 70 87 104 122 139 156 15 23 38 54 71 88 105 122 140 157
118 77 113 80 107 83 88 56 80 105 91 90 124 69 61 76 86 78 87 75 89 80 104 73 105 109 96 80 84 121 79 102 124 87 67 73 119 107 70 81 116 114 115 119 125 133 142 153 165 178 102 100 101 105 112 121 131 143 156 170 88 86 87 92 100 110 121 134 148 162 74 72 73 79 88 99 112 126 140 155 60 57 60 67 77 90 104 118 134 150 47 43 46 55 67 82 97 112 129 145 34 29 34 45 60 75 91 108 125 142 23 15 23 38 54 71 88 105 122 140 18 0 18 35 52 70 87 104 122 139 23 15 23 38 54 71 88 105 122 140
103 71 99 66 97 77 81 51 65 90 81 76 109 51 44 61 75 65 74 67 77 75 90 60 96 100 89 72 70 106 69 86 109 74 50 59 110 92 70 73 119 115 114 115 118 124 132 142 153 165 106 101 99 101 105 112 121 131 143 156 93 87 85 87 92 99 109 121 134 148 80 73 71 73 79 88 99 112 126 140 67 60 57 60 67 77 90 104 118 134 55 46 43 46 55 67 81 97 112 129 45 34 29 34 45 60 75 91 108 125 38 23 15 23 38 54 71 88 105 122 35 18 0 18 35 52 70 87 104 122 38 23 15 23 38 54 71 88 105 122
89 69 85 54 90 75 77 52 51 77 74 63 95 34 26 49 66 54 63 64 66 74 77 49 90 93 84 68 56 91 62 72 94 62 33 47 103 78 75 68 125 119 115 113 114 118 124 132 141 152 112 105 101 99 100 105 111 120 131 143 100 92 87 85 87 91 99 109 121 134 88 79 73 71 73 79 88 99 112 125 77 67 60 57 59 66 77 89 103 118 68 55 46 43 46 55 67 81 97 112 60 45 34 29 33 45 59 75 91 108 54 38 23 15 23 38 54 71 88 105 52 35 18 0 18 35 52 70 87 104 54 38 23 15 23 38 54 71 88 105
77 72 73 45 87 76 78 58 40 65 70 53 81 17 10 41 62 48 56 64 59 76 66 42 86 90 83 67 46 79 60 59 80 53 15 40 99 65 83 67 133 125 118 114 113 114 117 123 131 141 121 112 105 100 99 100 104 111 120 130 110 100 92 87 85 86 91 99 109 120 99 88 79 73 71 73 78 87 99 111 90 77 67 59 57 59 66 77 89 103 82 67 55 46 43 46 55 67 81 96 75 60 45 33 29 33 45 59 75 91 71 54 38 23 15 23 38 54 71 88 70 52 35 18 0 18 35 52 70 87 71 54 38 23 15 23 38 54 71 88
67 78 64 42 86 82 82 68 35 57 71 47 70 2 10 39 62 47 53 69 57 82 58 42 87 89 85 72 40 68 62 49 67 49 3 40 97 55 94 71 143 133 124 118 114 112 113 117 123 131 132 121 112 105 100 98 99 104 110 119 122 110 99 91 86 84 86 91 98 108 112 99 88 79 73 70 72 78 87 98 104 90 77 66 59 56 59 66 76 89 97 82 67 55 46 42 46 55 67 81 91 75 60 45 33 28 33 45 59 75 88 71 54 38 23 14 23 38 54 71 87 70 52 35 18 0 18 35 52 70 88 71 54 38 23 14 23 38 54 71
60 87 59 46 89 91 89 81 38 53 75 47 62 19 27 44 67 53 56 78 60 92 55 49 90 92 90 79 42 60 69 43 58 51 20 47 99 49 106 79 154 142 132 124 117 113 112 113 116 122 144 131 121 111 104 99 98 99 103 110 134 121 109 99 91 86 84 85 90 98 126 112 99 88 78 72 70 72 78 87 119 104 90 77 66 59 56 59 66 76 113 97 81 67 55 46 42 46 54 67 108 91 75 59 45 33 28 33 45 59 105 88 71 54 38 23 14 23 38 54 104 87 70 52 35 18 0 18 35 52 105 88 71 54 38 23 14 23 38 54
58 99 58 56 95 101 99 95 48 54 84 54 57 36 44 55 76 63 64 89 67 103 57 60 97 98 99 90 50 57 80 45 52 58 38 58 103 49 120 89 166 153 142 132 123 117 113 111 112 116 156 143 131 120 111 104 99 97 99 103 148 134 121 109 99 91 85 83 85 90 140 126 112 99 87 78 72 70 72 77 134 118 104 89 77 66 59 56 58 65 129 112 97 81 67 55 46 42 45 54 125 108 91 75 59 45 33 28 33 45 122 105 88 71 54 38 23 14 23 38 122 104 87 70 52 35 18 0 18 35 122 105 88 71 54 38 23 14 23 38
61 112 63 68 104 114 110 110 61 61 94 64 58 54 61 68 87 75 75 102 78 116 64 73 106 107 109 102 62 58 92 52 52 69 55 72 110 55 135 101 179 165 153 141 131 123 116 112 110 112 170 156 143 131 120 110 103 99 97 98 162 148 134 121 109 98 90 85 83 85 156 140 126 112 99 87 78 72 69 71 150 134 118 103 89 76 66 58 55 58 145 129 112 97 81 67 54 45 42 45 142 125 108 91 75 59 45 33 28 33 140 122 105 88 71 54 38 23 14 23 139 122 104 87 70 52 35 18 0 18 140 122 105 88 71 54 38 23 14 23
68 126 71 83 115 127 123 126 76 71 107 77 64 71 79 83 100 90 88 116 90 130 74 88 117 117 121 116 76 65 106 64 58 83 72 87 120 65 150 115 192 178 165 152 141 131 122 116 112 110 184 170 156 143 130 119 110 103 98 96 177 162 148 134 120 108 98 90 85 83 171 155 140 125 111 98 87 77 71 69 166 150 134 118 103 89 76 65 58 55 162 145 129 112 96 81 67 54 45 42 159 142 125 108 91 75 59 45 33 28 157 140 122 105 88 71 54 38 23 14 156 139 122 104 87 70 52 35 18 0 157 140 122 105 88 71 54 38 23 14
140 97 135 102 128 103 109 77 102 127 113 112 146 87 80 98 108 100 109 97 112 101 127 96 126 131 118 102 107 143 101 124 146 110 86 95 141 129 87 103 129 130 133 138 145 154 164 176 188 201 115 116 119 125 133 143 154 166 179 192 100 102 106 112 121 132 144 156 170 184 86 88 93 100 110 122 134 148 162 177 72 74 80 88 99 112 126 140 156 171 58 60 67 77 90 104 119 134 150 166 43 47 55 68 82 97 113 129 145 162 29 34 45 60 75 91 108 125 142 159 15 23 38 54 71 88 105 122 140 157 0 18 35 52 70 87 104 122 139 156
126 90 121 88 118 96 101 69 87 113 102 98 131 70 63 84 96 87 96 88 99 93 112 82 116 121 109 92 92 128 90 108 131 96 69 81 131 114 84 93 130 128 129 132 138 145 154 164 175 187 116 114 115 119 125 133 142 153 165 178 102 100 101 105 112 121 131 143 156 170 88 86 87 92 100 110 121 134 148 162 74 72 73 79 88 99 112 126 140 155 60 57 60 67 77 90 104 118 134 150 47 43 46 55 67 82 97 112 129 145 34 29 34 45 60 75 91 108 125 142 23 15 23 38 54 71 88 105 122 140 18 0 18 35 52 70 87 104 122 139
112 85 108 76 110 91 95 65 73 99 93 85 117 53 47 71 87 75 85 81 88 89 99 70 109 113 102 85 79 114 82 94 116 84 52 69 123 100 84 86 133 129 128 129 132 137 144 153 163 175 119 115 114 115 118 124 132 142 153 165 106 101 99 101 105 112 121 131 143 156 93 87 85 87 92 99 109 121 134 148 80 73 71 73 79 88 99 112 126 140 67 60 57 60 67 77 90 104 118 134 55 46 43 46 55 67 81 97 112 129 45 34 29 34 45 60 75 91 108 125 38 23 15 23 38 54 71 88 105 122 35 18 0 18 35 52 70 87 104 122
99 83 95 65 104 89 91 66 61 87 87 74 104 37 32 61 80 67 75 78 79 88 88 61 103 107 98 82 67 101 76 81 102 73 36 59 116 87 88 82 138 132 129 127 128 131 137 144 153 163 125 119 115 113 114 118 124 132 141 152 112 105 101 99 100 105 111 120 131 143 100 92 87 85 87 91 99 109 121 134 88 79 73 71 73 79 88 99 112 125 77 67 60 57 59 66 77 89 103 118 68 55 46 43 46 55 67 81 97 112 60 45 34 29 33 45 59 75 91 108 54 38 23 15 23 38 54 71 88 105 52 35 18 0 18 35 52 70 87 104
88 85 85 58 101 90 92 71 53 77 84 65 92 23 20 54 76 61 69 78 73 90 78 56 100 104 97 81 59 89 74 70 89 66 22 54 112 76 95 81 145 138 132 128 127 127 131 136 143 152 133 125 118 114 113 114 117 123 131 141 121 112 105 100 99 100 104 111 120 130 110 100 92 87 85 86 91 99 109 120 99 88 79 73 71 73 78 87 99 111 90 77 67 59 57 59 66 77 89 103 82 67 55 46 43 46 55 67 81 96 75 60 45 33 29 33 45 59 75 91 71 54 38 23 15 23 38 54 71 88 70 52 35 18 0 18 35 52 70 87
79 90 77 56 100 95 95 79 49 70 84 61 82 15 21 53 76 61 67 82 71 95 72 56 101 103 98 85 54 80 76 61 79 63 16 54 111 68 105 84 154 145 137 131 127 126 127 130 135 143 143 133 124 118 114 112 113 117 123 131 132 121 112 105 100 98 99 104 110 119 122 110 99 91 86 84 86 91 98 108 112 99 88 79 73 70 72 78 87 98 104 90 77 66 59 56 59 66 76 89 97 82 67 55 46 42 46 55 67 81 91 75 60 45 33 28 33 45 59 75 88 71 54 38 23 14 23 38 54 71 87 70 52 35 18 0 18 35 52 70
74 99 73 59 103 102 101 90 51 66 88 61 75 24 32 57 80 65 70 90 73 103 69 61 104 106 103 91 55 73 82 57 70 64 25 59 112 63 116 91 164 154 144 137 131 127 125 126 130 135 154 142 132 124 117 113 112 113 116 122 144 131 121 111 104 99 98 99 103 110 134 121 109 99 91 86 84 85 90 98 126 112 99 88 78 72 70 72 78 87 119 104 90 77 66 59 56 59 66 76 113 97 81 67 55 46 42 46 54 67 108 91 75 59 45 33 28 33 45 59 105 88 71 54 38 23 14 23 38 54 104 87 70 52 35 18 0 18 35 52
72 109 72 67 108 112 110 103 59 68 95 66 71 39 48 65 88 74 76 100 79 113 70 70 109 111 111 101 62 70 90 58 66 70 41 68 116 63 129 100 176 164 153 144 136 130 126 125 126 129 166 153 142 132 123 117 113 111 112 116 156 143 131 120 111 104 99 97 99 103 148 134 121 109 99 91 85 83 85 90 140 126 112 99 87 78 72 70 72 77 134 118 104 89 77 66 59 56 58 65 129 112 97 81 67 55 46 42 45 54 125 108 91 75 59 45 33 28 33 45 122 105 88 71 54 38 23 14 23 38 122 104 87 70 52 35 18 0 18 35
74 121 76 78 116 123 120 117 70 73 105 75 72 56 64 77 98 85 85 111 88 125 76 82 118 118 120 112 72 72 101 64 66 80 57 80 123 67 142 111 188 175 163 153 143 135 130 126 124 125 179 165 153 141 131 123 116 112 110 112 170 156 143 131 120 110 103 99 97 98 162 148 134 121 109 98 90 85 83 85 156 140 126 112 99 87 78 72 69 71 150 134 118 103 89 76 66 58 55 58 145 129 112 97 81 67 54 45 42 45 142 125 108 91 75 59 45 33 28 33 140 122 105 88 71 54 38 23 14 23 139 122 104 87 70 52 35 18 0 18
80 134 83 90 125 136 132 132 83 82 116 86 76 72 81 90 109 98 97 124 100 138 85 95 128 128 131 124 84 77 114 74 70 91 74 94 131 76 157 123 201 187 175 163 152 143 135 129 125 124 192 178 165 152 141 131 122 116 112 110 184 170 156 143 130 119 110 103 98 96 177 162 148 134 120 108 98 90 85 83 171 155 140 125 111 98 87 77 71 69 166 150 134 118 103 89 76 65 58 55 162 145 129 112 96 81 67 54 45 42 159 142 125 108 91 75 59 45 33 28 157 140 122 105 88 71 54 38 23 14 156 139 122 104 87 70 52 35 18 0
