0 69 10 19 7 31 29 22 56 28 31 34 28 39 28 43 35 20 34 64 10 75 38 18 36 37 15 26 62 18 8 30 4 31 25 5 20 14 23 67 115 101 88 76 67 62 61 65 74 85 108 93 78 65 55 48 48 53 63 75 103 87 71 56 43 35 34 41 53 68 99 82 65 49 34 22 20 31 46 62 97 80 63 46 28 12 9 25 42 60 98 81 63 46 30 14 12 26 43 60 100 83 67 51 36 26 25 34 48 64 104 88 73 59 47 39 38 45 56 70 110 95 81 69 58 52 52 57 66 78 117 103 91 80 71 66 66 69 77 88
69 0 61 51 72 99 42 50 13 93 98 35 94 34 44 63 35 88 36 9 74 13 35 55 48 100 61 47 10 87 62 39 70 93 48 74 49 83 89 3 49 39 35 40 50 64 79 95 111 127 40 27 21 28 42 57 74 91 107 124 35 18 7 20 37 54 71 88 106 123 35 18 8 20 37 54 71 88 106 123 40 28 22 29 42 58 74 91 108 125 50 40 36 41 51 64 79 95 111 128 61 53 51 54 62 73 87 101 116 132 73 67 65 67 74 83 95 109 123 138 86 81 79 81 86 95 105 117 131 145 99 95 93 95 99 107 116 127 140 153
10 61 0 10 15 38 20 18 48 38 37 27 34 30 22 45 27 29 26 57 13 66 32 16 27 41 16 22 54 27 4 23 13 40 21 14 13 23 29 59 106 92 78 67 58 54 55 61 71 84 100 84 69 56 45 40 42 50 62 76 95 79 62 47 34 26 29 40 54 70 92 75 58 41 25 13 17 33 49 66 92 74 57 40 23 6 14 31 48 65 93 76 59 43 28 18 21 35 51 67 97 80 65 50 38 31 34 43 57 72 102 87 73 60 50 45 47 54 65 79 109 95 82 71 63 59 60 66 75 87 117 104 93 83 76 73 74 79 87 97
19 51 10 0 23 48 11 13 39 46 47 18 43 21 15 43 18 38 16 47 23 57 23 14 21 50 18 16 45 36 12 14 21 48 16 23 6 32 38 49 97 82 70 59 52 51 55 64 76 89 90 75 60 47 39 37 43 54 67 83 85 69 53 38 26 23 32 46 61 78 83 66 48 32 16 10 24 41 58 75 83 65 48 31 14 8 23 40 57 75 85 68 52 36 24 21 30 44 60 77 89 73 59 46 37 35 41 52 66 82 95 81 68 57 50 48 53 62 74 88 103 90 78 69 64 62 66 73 84 96 112 100 90 82 77 76 79 85 94 106
7 72 15 23 0 30 34 23 59 23 32 37 29 43 29 40 37 17 37 66 15 79 39 18 41 39 13 27 64 17 13 33 4 26 25 7 23 12 24 69 119 105 92 81 73 68 67 71 79 89 111 96 82 70 60 54 54 58 67 79 105 89 74 60 48 41 40 46 57 71 101 84 68 52 38 28 26 35 49 64 98 81 64 47 30 16 14 27 44 60 97 80 63 45 28 11 8 25 42 60 99 82 65 48 33 20 19 30 45 62 102 86 70 55 42 33 32 40 52 67 107 92 77 64 53 46 46 51 61 74 114 100 86 75 65 60 59 64 72 83
31 99 38 48 30 0 58 52 86 26 7 64 7 67 58 67 65 16 64 94 26 104 68 47 59 16 43 56 92 14 37 61 30 30 55 26 50 19 11 96 143 128 114 100 88 77 69 66 66 71 137 122 106 91 78 66 57 52 53 59 133 116 100 84 69 55 44 38 40 48 129 112 96 79 63 47 33 25 27 38 128 110 93 76 59 42 25 12 16 31 127 110 93 75 58 41 24 7 13 30 128 111 94 77 61 44 30 19 22 35 131 114 98 82 66 52 40 33 34 43 135 119 103 88 74 61 52 46 47 54 141 125 110 96 83 72 64 60 61 66
29 42 20 11 34 58 0 20 30 56 56 13 53 10 17 48 13 49 10 40 32 47 21 23 14 58 27 21 37 47 22 12 32 59 21 34 13 43 47 40 86 72 59 48 43 44 51 63 77 92 80 64 50 37 29 31 41 55 70 86 77 60 43 27 16 19 33 49 66 83 75 58 41 23 6 12 30 47 64 81 77 60 43 27 16 19 33 49 66 83 80 64 49 37 29 31 41 55 70 86 86 72 59 48 43 44 51 63 77 91 94 81 70 61 57 58 63 73 85 99 103 91 81 74 71 71 76 84 95 107 113 103 94 88 85 85 89 96 105 116
22 50 18 13 23 52 20 0 38 43 52 17 49 27 7 30 17 39 18 45 30 58 17 5 33 58 11 5 42 39 17 13 22 44 3 26 9 34 44 48 98 85 75 66 62 63 68 77 88 101 90 76 63 54 48 49 56 66 79 93 83 68 53 41 35 36 44 57 72 87 78 62 46 31 21 23 35 50 66 83 76 59 42 25 9 13 29 46 64 81 76 59 42 26 11 14 30 47 64 81 79 63 47 33 24 26 37 51 67 84 84 69 55 44 38 39 47 59 73 89 92 78 66 56 51 52 58 68 81 95 100 88 77 69 65 66 71 79 90 103
56 13 48 39 59 86 30 38 0 80 85 22 81 22 31 54 22 75 23 11 61 21 23 43 37 87 48 35 9 74 49 27 58 81 36 61 37 70 76 11 61 49 41 40 46 57 71 85 101 117 53 38 28 26 35 48 64 80 97 113 47 31 16 13 27 43 60 77 94 111 46 29 12 8 24 42 59 76 93 111 49 34 21 19 30 45 61 78 95 112 56 43 34 32 40 52 67 82 98 115 65 54 47 46 52 61 74 88 104 119 76 67 61 60 64 72 83 96 110 125 87 80 75 74 78 84 94 105 118 132 100 93 89 88 91 97 105 116 127 141
28 93 38 46 23 26 56 43 80 0 32 58 29 66 49 47 59 13 59 87 32 100 59 38 64 40 32 46 84 18 35 54 26 5 45 25 45 17 28 90 140 127 115 104 95 88 85 85 89 96 132 118 104 93 82 75 71 72 76 84 125 110 95 82 71 62 58 58 64 73 119 103 88 73 60 50 44 45 52 63 115 98 82 66 51 38 30 31 41 54 112 95 78 61 44 29 17 19 32 48 111 93 76 59 42 24 7 11 29 46 112 94 77 60 43 27 15 17 31 48 114 97 81 65 49 36 28 29 39 53 118 102 86 72 58 47 41 42 50 61
31 98 37 47 32 7 56 52 85 32 0 64 4 65 58 70 64 21 63 94 24 102 68 48 56 9 45 57 91 17 37 60 31 36 55 27 50 22 9 95 141 125 110 96 83 72 63 59 60 65 136 119 104 88 74 61 51 45 46 53 132 115 98 82 66 52 39 32 33 42 129 112 95 78 61 45 29 18 21 33 128 111 93 76 59 41 24 7 12 29 128 111 94 77 60 43 26 13 16 31 130 113 97 80 64 48 35 26 27 38 134 117 101 85 70 57 46 39 40 48 139 123 107 93 79 67 58 53 54 60 144 129 115 101 89 78 71 67 67 72
34 35 27 18 37 64 13 17 22 58 64 0 60 14 10 39 1 53 3 30 40 42 9 21 26 67 27 15 28 52 28 5 36 60 15 39 15 48 55 33 82 69 59 52 50 55 63 75 89 104 75 60 47 38 36 42 53 67 82 98 69 53 38 26 23 31 45 61 77 94 66 49 32 15 9 24 40 57 75 92 66 48 31 15 8 23 40 57 74 92 68 52 37 25 21 30 45 60 77 94 74 59 46 37 35 41 52 66 82 98 82 69 58 51 49 54 63 75 88 103 91 79 70 64 63 67 74 84 97 110 101 91 83 78 77 80 86 95 106 119
28 94 34 43 29 7 53 49 81 29 4 60 0 62 55 67 60 18 59 90 21 99 65 45 53 12 41 53 88 14 33 57 28 34 52 23 46 18 6 92 138 123 108 94 81 70 63 59 61 67 132 116 101 86 71 59 50 46 48 55 128 112 95 79 63 49 38 32 35 45 126 108 91 75 58 42 27 18 23 37 124 107 90 72 55 38 21 5 16 33 125 108 90 73 56 39 23 11 18 34 127 110 93 76 60 45 32 25 29 40 130 114 98 82 67 54 43 38 41 50 135 119 104 89 76 64 56 52 54 61 141 126 112 98 86 76 69 66 67 73
39 34 30 21 43 67 10 27 22 66 65 14 62 0 22 53 13 59 11 32 41 37 22 31 16 67 36 27 30 56 32 16 41 68 27 43 21 53 57 32 77 62 49 40 37 42 52 66 81 96 71 55 40 28 23 30 44 59 75 92 68 51 34 18 9 22 38 55 72 90 68 50 33 17 7 21 38 55 72 89 70 54 38 25 20 28 42 58 75 91 76 61 47 37 34 39 50 64 79 95 83 70 58 51 48 52 61 72 86 101 92 80 70 64 62 65 72 82 95 108 102 91 83 78 76 79 84 93 104 117 113 104 96 92 90 92 97 105 115 126
28 44 22 15 29 58 17 7 31 49 58 10 55 22 0 32 11 46 12 38 35 52 11 12 31 63 18 5 35 45 22 7 28 50 6 32 10 40 50 41 91 79 68 61 58 61 67 77 90 104 83 69 57 48 44 47 56 68 82 97 76 61 47 35 30 35 46 60 75 91 72 55 39 24 16 23 38 54 71 88 70 53 36 18 2 17 35 52 69 86 71 54 38 22 13 21 37 53 70 87 75 59 44 32 27 32 43 58 74 90 81 67 54 45 41 44 53 66 80 95 89 76 65 58 55 57 64 75 88 102 99 87 78 71 69 71 77 86 97 110
43 63 45 43 40 67 48 30 54 47 70 39 67 53 32 0 40 51 42 55 53 74 33 30 62 77 30 28 53 54 42 38 41 45 28 46 38 49 63 61 110 101 94 90 89 92 97 105 116 127 99 89 81 76 75 78 85 94 105 118 89 77 68 62 61 65 73 83 96 110 80 67 56 49 47 52 62 74 88 103 72 58 44 35 33 40 52 66 82 98 67 51 35 23 20 30 44 60 77 94 65 47 30 13 7 23 41 58 75 92 65 48 31 16 11 25 41 58 75 93 69 53 38 27 25 33 47 62 78 95 75 61 48 40 38 44 55 69 84 99
35 35 27 18 37 65 13 17 22 59 64 1 60 13 11 40 0 54 3 30 40 42 10 22 25 67 27 15 28 52 28 5 36 60 16 39 15 48 55 33 82 69 58 51 50 54 63 75 89 104 74 60 47 38 36 42 53 67 82 98 69 52 37 25 22 31 45 61 77 94 66 48 31 15 9 23 40 57 74 92 66 48 31 15 9 23 40 57 74 92 69 53 37 25 22 31 45 61 77 94 74 60 47 38 36 42 53 67 82 98 82 69 58 51 50 54 63 75 89 104 91 80 71 65 64 67 75 85 97 111 102 92 84 79 78 81 87 96 107 119
20 88 29 38 17 16 49 39 75 13 21 53 18 59 46 51 54 0 53 83 21 95 56 34 54 29 29 43 80 6 27 49 18 18 42 16 39 7 16 86 135 120 107 95 85 77 73 73 77 84 127 112 98 85 73 64 59 59 64 73 122 106 90 76 63 52 46 46 52 62 117 100 84 68 53 41 32 32 40 53 114 97 80 63 47 31 19 19 31 47 113 96 78 61 44 27 10 10 27 44 113 96 79 62 45 29 15 15 29 45 116 99 82 66 50 37 27 27 36 50 120 103 88 73 59 47 40 40 47 58 125 110 95 81 69 59 54 54 59 68
34 36 26 16 37 64 10 18 23 59 63 3 59 11 12 42 3 53 0 31 39 42 12 22 23 66 27 16 29 52 27 5 35 60 17 38 14 48 54 33 82 69 57 50 48 52 61 73 86 101 75 60 46 37 34 39 50 64 80 96 69 53 37 24 20 28 43 59 75 92 67 50 32 16 6 21 38 56 73 90 67 50 33 17 10 23 39 56 73 90 71 55 40 28 24 31 45 60 76 93 77 62 49 40 38 43 53 67 81 97 84 71 61 54 52 55 64 75 89 103 94 82 73 67 66 68 75 85 97 111 104 94 86 81 80 82 88 96 107 119
64 9 57 47 66 94 40 45 11 87 94 30 90 32 38 55 30 83 31 0 70 21 28 50 47 97 55 41 3 82 58 34 65 87 42 69 45 77 85 7 57 47 44 46 55 67 81 96 112 128 46 35 29 34 45 59 74 91 107 124 39 24 15 22 37 53 70 87 104 121 36 19 2 17 34 51 69 86 103 121 39 23 14 22 37 53 70 87 104 121 46 34 28 33 44 58 74 90 107 124 56 46 42 45 54 66 80 95 111 127 67 59 56 59 66 76 88 102 117 133 79 73 71 72 78 87 98 111 124 139 92 87 85 86 91 98 108 120 133 146
10 74 13 23 15 26 32 30 61 32 24 40 21 41 35 53 40 21 39 70 0 78 45 27 34 28 24 34 67 17 14 36 13 36 33 9 26 15 16 71 118 103 88 75 64 57 54 57 64 75 112 96 80 66 53 44 40 44 53 66 108 91 74 59 44 32 26 31 43 58 105 88 71 54 37 22 12 21 37 54 104 87 70 53 35 18 3 18 35 52 106 89 72 55 39 24 16 24 38 55 109 92 76 61 46 35 30 35 46 60 113 98 83 69 56 48 44 47 56 68 120 105 91 78 68 61 58 60 67 78 127 113 101 89 80 74 72 74 80 88
75 13 66 57 79 104 47 58 21 100 102 42 99 37 52 74 42 95 42 21 78 0 44 63 49 103 68 56 22 93 68 46 77 101 57 79 56 89 94 14 40 28 23 30 43 59 75 92 109 125 34 18 9 22 38 55 72 89 107 124 34 17 6 20 37 55 72 89 106 124 39 26 20 28 42 58 74 91 108 125 48 38 34 39 50 64 79 95 111 128 59 51 48 52 61 72 86 101 116 132 71 65 63 65 72 82 94 108 123 138 84 78 77 79 85 93 104 117 130 145 97 92 91 93 98 105 115 126 139 152 110 106 105 106 111 117 126 136 148 161
38 35 32 23 39 68 21 17 23 59 68 9 65 22 11 33 10 56 12 28 45 44 0 22 34 73 27 13 26 55 32 10 38 59 14 42 19 50 60 32 83 72 63 58 58 63 72 84 97 112 74 61 50 44 44 51 62 75 90 105 67 52 39 30 31 40 53 68 84 100 62 45 30 17 18 31 47 63 80 97 60 43 26 8 10 27 45 62 79 96 62 45 29 16 17 30 47 63 80 97 66 51 38 29 30 39 52 68 84 100 74 60 49 43 43 50 61 74 89 105 83 71 62 57 57 62 71 83 97 111 93 83 75 71 71 75 83 93 105 119
18 55 16 14 18 47 23 5 43 38 48 21 45 31 12 30 22 34 22 50 27 63 22 0 35 54 6 9 47 34 14 17 18 39 8 22 11 29 40 53 103 90 79 70 65 65 69 76 87 99 95 81 68 58 52 51 56 65 77 91 88 73 58 46 38 37 44 55 69 84 83 67 51 36 25 23 33 47 63 80 81 63 46 29 14 11 26 43 60 77 80 63 46 29 13 10 25 42 60 77 83 66 50 35 23 22 32 46 62 79 87 72 57 44 36 35 42 54 68 84 94 79 67 56 50 49 54 64 76 90 102 89 77 69 63 63 67 75 85 98
36 48 27 21 41 59 14 33 37 64 56 26 53 16 31 62 25 54 23 47 34 49 34 35 0 56 38 34 44 51 29 26 39 66 34 39 25 48 48 46 86 70 55 42 32 31 38 51 65 81 82 66 49 33 20 17 29 44 60 77 81 64 46 29 12 7 24 41 59 76 82 65 48 32 17 14 27 43 60 77 85 69 53 39 29 28 36 49 64 80 91 76 62 50 43 41 47 58 71 86 98 84 72 62 56 55 60 68 80 93 107 94 83 75 70 69 73 80 90 102 116 105 95 88 84 83 86 92 101 111 127 116 108 101 98 97 99 105 112 122
37 100 41 50 39 16 58 58 87 40 9 67 12 67 63 77 67 29 66 97 28 103 73 54 56 0 51 62 94 25 41 64 37 45 60 33 54 29 15 98 142 126 110 95 81 69 58 52 52 56 137 121 104 88 73 59 47 39 38 44 134 117 100 84 67 51 37 26 25 34 132 115 98 81 64 47 30 15 12 26 132 115 98 80 63 46 29 12 9 25 133 116 99 82 66 49 34 22 20 31 136 119 103 87 71 56 43 34 33 41 140 124 108 93 78 65 54 48 47 52 145 130 115 100 87 76 66 61 60 65 152 137 123 109 97 87 79 75 74 77
15 61 16 18 13 43 27 11 48 32 45 27 41 36 18 30 27 29 27 55 24 68 27 6 38 51 0 14 52 30 13 23 14 33 13 18 15 25 36 58 108 95 84 75 69 67 70 77 86 98 100 86 73 63 56 53 57 65 76 89 93 78 64 51 42 40 44 54 67 82 88 72 56 41 30 26 32 45 60 76 85 68 51 34 19 12 23 39 56 73 85 67 50 33 16 4 21 38 55 72 86 69 53 37 23 18 26 41 57 74 90 74 59 45 35 31 37 49 63 78 96 81 67 56 48 45 49 58 71 85 103 90 78 68 61 59 62 70 80 93
26 47 22 16 27 56 21 5 35 46 57 15 53 27 5 28 15 43 16 41 34 56 13 9 34 62 14 0 39 43 21 12 26 47 2 30 11 38 48 45 95 83 73 66 63 64 70 80 92 105 87 73 61 52 49 51 58 70 83 98 80 64 51 40 35 38 48 61 76 92 75 58 42 28 21 26 39 54 71 87 72 55 38 21 7 17 34 51 68 85 72 55 38 21 9 18 34 51 68 85 75 59 43 30 23 27 40 55 71 88 80 65 52 41 36 39 49 62 77 92 88 74 63 54 50 53 60 71 84 98 97 84 74 67 64 66 72 81 93 106
62 10 54 45 64 92 37 42 9 84 91 28 88 30 35 53 28 80 29 3 67 22 26 47 44 94 52 39 0 79 55 32 63 85 40 66 42 75 82 8 58 49 44 46 53 65 79 93 109 125 49 36 30 32 43 56 72 88 104 121 42 26 16 20 35 51 67 84 102 119 39 22 4 14 31 49 66 83 100 118 41 26 15 20 34 50 67 84 101 119 48 35 28 31 42 56 71 88 104 121 57 47 42 44 52 64 78 93 109 125 69 60 57 58 64 74 86 100 115 130 81 74 71 72 77 85 96 108 122 136 93 87 85 86 90 97 106 118 130 144
18 87 27 36 17 14 47 39 74 18 17 52 14 56 45 54 52 6 52 82 17 93 55 34 51 25 30 43 79 0 25 48 17 23 41 14 38 6 11 84 133 118 104 92 81 73 68 68 72 80 126 110 96 82 70 60 55 54 59 68 120 104 89 73 60 48 41 41 47 58 117 100 83 67 51 37 28 27 36 50 114 97 80 63 46 30 15 15 28 45 114 96 79 62 44 27 10 9 26 43 115 98 81 64 47 32 19 18 30 46 118 101 85 69 54 41 32 31 40 52 122 106 91 76 63 52 45 45 51 61 128 113 98 85 73 64 59 59 63 72
8 62 4 12 13 37 22 17 49 35 37 28 33 32 22 42 28 27 27 58 14 68 32 14 29 41 13 21 55 25 0 24 10 38 20 12 14 21 28 60 108 94 80 69 61 57 58 64 74 86 101 86 71 58 48 43 45 52 64 78 96 80 64 49 36 29 31 42 56 71 93 76 59 42 27 16 20 34 50 67 92 74 57 40 22 5 13 31 48 65 93 76 59 42 26 15 19 33 50 66 96 79 63 48 36 28 31 41 55 71 101 85 71 58 47 42 44 51 63 77 107 93 80 68 60 56 57 63 73 85 115 102 90 80 73 70 71 76 84 95
30 39 23 14 33 61 12 13 27 54 60 5 57 16 7 38 5 49 5 34 36 46 10 17 26 64 23 12 32 48 24 0 32 56 12 35 11 44 51 37 86 73 62 55 52 55 63 74 87 102 79 64 51 41 38 42 52 65 80 95 73 57 42 29 24 30 43 58 74 91 69 52 36 19 10 21 37 54 71 88 69 52 35 18 5 19 36 53 71 88 71 55 39 25 19 26 41 56 73 90 76 61 48 37 33 38 49 62 78 94 83 70 58 50 47 50 59 71 84 99 92 80 70 63 61 64 71 81 93 106 102 91 83 77 75 77 83 91 102 115
4 70 13 21 4 30 32 22 58 26 31 36 28 41 28 41 36 18 35 65 13 77 38 18 39 37 14 26 63 17 10 32 0 28 25 5 22 13 23 68 117 103 90 79 70 65 64 68 76 87 110 94 80 68 57 51 51 56 65 77 104 88 72 58 46 38 37 44 55 69 100 83 66 50 36 25 23 33 47 63 98 80 63 46 29 13 11 26 43 60 97 80 63 46 29 12 10 26 43 60 99 82 66 50 35 23 22 32 47 63 103 87 71 57 44 36 35 42 54 68 109 93 79 66 56 49 49 54 64 76 116 101 88 77 68 63 62 67 75 85
31 93 40 48 26 30 59 44 81 5 36 60 34 68 50 45 60 18 60 87 36 101 59 39 66 45 33 47 85 23 38 56 28 0 45 29 47 22 33 91 141 128 117 106 98 92 89 90 94 101 133 119 106 95 85 79 76 76 81 89 125 110 97 84 73 65 62 63 68 78 119 103 88 74 62 53 48 49 56 67 114 97 81 66 52 40 34 36 45 58 110 93 77 60 44 30 20 24 36 52 109 92 74 57 40 23 8 15 31 48 109 92 75 57 40 24 10 16 32 49 111 94 77 61 45 31 23 26 38 53 115 98 83 67 54 43 37 39 47 60
25 48 21 16 25 55 21 3 36 45 55 15 52 27 6 28 16 42 17 42 33 57 14 8 34 60 13 2 40 41 20 12 25 45 0 29 10 37 47 46 96 84 74 66 63 64 70 79 91 104 88 74 62 53 49 50 58 69 82 96 81 66 52 40 35 37 47 60 74 90 76 59 44 29 21 25 38 53 69 86 73 56 39 22 7 16 32 49 67 84 74 56 39 23 9 16 33 50 67 84 76 60 44 31 23 26 39 54 70 86 82 67 53 42 37 39 48 61 75 91 89 75 63 55 51 52 59 70 83 97 98 85 75 68 65 66 71 80 92 105
5 74 14 23 7 26 34 26 61 25 27 39 23 43 32 46 39 16 38 69 9 79 42 22 39 33 18 30 66 14 12 35 5 29 29 0 25 10 19 71 119 105 91 80 70 64 62 65 72 83 113 97 83 69 58 50 48 52 61 73 107 91 75 60 47 37 34 40 51 65 104 87 70 54 38 25 21 29 43 59 102 84 67 50 33 16 7 21 38 56 102 85 67 50 33 17 9 22 39 56 104 87 70 54 39 27 22 30 44 59 108 92 76 61 48 39 36 41 52 66 113 98 84 70 60 52 50 54 62 74 120 106 93 81 72 66 64 67 74 84
20 49 13 6 23 50 13 9 37 45 50 15 46 21 10 38 15 39 14 45 26 56 19 11 25 54 15 11 42 38 14 11 22 47 10 25 0 34 41 47 96 82 70 61 55 55 60 69 81 94 89 74 60 48 41 41 48 59 72 87 83 67 51 38 28 28 37 50 66 82 80 63 46 29 15 15 29 45 62 79 79 62 44 27 10 9 26 43 61 78 80 64 47 31 19 19 31 46 63 80 84 69 54 41 32 32 40 53 68 83 91 76 63 52 45 45 51 62 75 89 98 85 73 64 59 59 64 72 84 97 107 95 85 77 73 73 77 84 94 106
14 83 23 32 12 19 43 34 70 17 22 48 18 53 40 49 48 7 48 77 15 89 50 29 48 29 25 38 75 6 21 44 13 22 37 10 34 0 15 80 129 114 101 89 79 72 68 69 74 83 122 106 92 79 67 59 55 56 62 72 116 100 84 70 56 46 41 42 51 62 112 95 79 63 47 34 27 30 40 55 109 92 75 58 41 25 14 18 33 50 109 91 74 57 39 22 5 14 31 48 110 93 76 59 42 27 17 21 34 50 113 96 80 64 49 37 30 33 43 56 117 101 86 72 59 49 44 46 53 65 123 108 94 81 70 62 58 59 65 75
23 89 29 38 24 11 47 44 76 28 9 55 6 57 50 63 55 16 54 85 16 94 60 40 48 15 36 48 82 11 28 51 23 33 47 19 41 15 0 87 133 118 103 89 77 67 60 58 61 69 127 111 96 81 67 55 47 44 48 58 123 106 90 74 59 45 34 31 36 48 120 103 86 69 53 37 23 17 26 41 119 102 85 67 50 33 16 4 20 37 120 103 86 68 51 35 19 12 23 39 122 105 89 72 56 42 30 26 32 45 126 110 94 78 64 51 43 40 44 54 131 115 100 86 73 63 56 54 57 65 137 123 108 95 84 75 69 67 70 77
67 3 59 49 69 96 40 48 11 90 95 33 92 32 41 61 33 86 33 7 71 14 32 53 46 98 58 45 8 84 60 37 68 91 46 71 47 80 87 0 51 41 37 40 50 63 78 93 109 126 42 29 22 28 41 56 72 89 106 123 37 20 8 19 35 52 69 86 104 121 37 20 7 18 35 52 69 86 103 121 42 28 21 27 40 55 72 88 105 122 50 40 35 39 49 62 77 93 109 125 61 53 49 52 60 71 84 99 114 130 73 66 63 65 72 81 93 106 121 136 86 80 78 79 84 92 103 115 128 143 99 94 92 93 97 104 114 125 137 150
115 49 106 97 119 143 86 98 61 140 141 82 138 77 91 110 82 135 82 57 118 40 83 103 86 142 108 95 58 133 108 86 117 141 96 119 96 129 133 51 0 18 35 52 70 87 104 122 139 156 15 23 38 54 71 88 105 122 140 157 29 34 45 60 75 91 108 125 142 159 43 47 55 68 82 97 113 129 145 162 58 60 67 77 90 104 119 134 150 166 72 74 80 88 99 112 126 140 156 171 86 88 93 100 110 122 134 148 162 177 100 102 106 112 121 132 144 156 170 184 115 116 119 125 133 143 154 166 179 192 129 130 133 138 145 154 164 176 188 201
101 39 92 82 105 128 72 85 49 127 125 69 123 62 79 101 69 120 69 47 103 28 72 90 70 126 95 83 49 118 94 73 103 128 84 105 82 114 118 41 18 0 18 35 52 70 87 104 122 139 23 15 23 38 54 71 88 105 122 140 34 29 34 45 60 75 91 108 125 142 47 43 46 55 67 82 97 112 129 145 60 57 60 67 77 90 104 118 134 150 74 72 73 79 88 99 112 126 140 155 88 86 87 92 100 110 121 134 148 162 102 100 101 105 112 121 131 143 156 170 116 114 115 119 125 133 142 153 165 178 130 128 129 132 138 145 154 164 175 187
88 35 78 70 92 114 59 75 41 115 110 59 108 49 68 94 58 107 57 44 88 23 63 79 55 110 84 73 44 104 80 62 90 117 74 91 70 101 103 37 35 18 0 18 35 52 70 87 104 122 38 23 15 23 38 54 71 88 105 122 45 34 29 34 45 60 75 91 108 125 55 46 43 46 55 67 81 97 112 129 67 60 57 60 67 77 90 104 118 134 80 73 71 73 79 88 99 112 126 140 93 87 85 87 92 99 109 121 134 148 106 101 99 101 105 112 121 131 143 156 119 115 114 115 118 124 132 142 153 165 133 129 128 129 132 137 144 153 163 175
76 40 67 59 81 100 48 66 40 104 96 52 94 40 61 90 51 95 50 46 75 30 58 70 42 95 75 66 46 92 69 55 79 106 66 80 61 89 89 40 52 35 18 0 18 35 52 70 87 104 54 38 23 15 23 38 54 71 88 105 60 45 34 29 33 45 59 75 91 108 68 55 46 43 46 55 67 81 97 112 77 67 60 57 59 66 77 89 103 118 88 79 73 71 73 79 88 99 112 125 100 92 87 85 87 91 99 109 121 134 112 105 101 99 100 105 111 120 131 143 125 119 115 113 114 118 124 132 141 152 138 132 129 127 128 131 137 144 153 163
67 50 58 52 73 88 43 62 46 95 83 50 81 37 58 89 50 85 48 55 64 43 58 65 32 81 69 63 53 81 61 52 70 98 63 70 55 79 77 50 70 52 35 18 0 18 35 52 70 87 71 54 38 23 15 23 38 54 71 88 75 60 45 33 29 33 45 59 75 91 82 67 55 46 43 46 55 67 81 96 90 77 67 59 57 59 66 77 89 103 99 88 79 73 71 73 78 87 99 111 110 100 92 87 85 86 91 99 109 120 121 112 105 100 99 100 104 111 120 130 133 125 118 114 113 114 117 123 131 141 145 138 132 128 127 127 131 136 143 152
62 64 54 51 68 77 44 63 57 88 72 55 70 42 61 92 54 77 52 67 57 59 63 65 31 69 67 64 65 73 57 55 65 92 64 64 55 72 67 63 87 70 52 35 18 0 18 35 52 70 88 71 54 38 23 14 23 38 54 71 91 75 60 45 33 28 33 45 59 75 97 82 67 55 46 42 46 55 67 81 104 90 77 66 59 56 59 66 76 89 112 99 88 79 73 70 72 78 87 98 122 110 99 91 86 84 86 91 98 108 132 121 112 105 100 98 99 104 110 119 143 133 124 118 114 112 113 117 123 131 154 145 137 131 127 126 127 130 135 143
61 79 55 55 67 69 51 68 71 85 63 63 63 52 67 97 63 73 61 81 54 75 72 69 38 58 70 70 79 68 58 63 64 89 70 62 60 68 60 78 104 87 70 52 35 18 0 18 35 52 105 88 71 54 38 23 14 23 38 54 108 91 75 59 45 33 28 33 45 59 113 97 81 67 55 46 42 46 54 67 119 104 90 77 66 59 56 59 66 76 126 112 99 88 78 72 70 72 78 87 134 121 109 99 91 86 84 85 90 98 144 131 121 111 104 99 98 99 103 110 154 142 132 124 117 113 112 113 116 122 164 154 144 137 131 127 125 126 130 135
65 95 61 64 71 66 63 77 85 85 59 75 59 66 77 105 75 73 73 96 57 92 84 76 51 52 77 80 93 68 64 74 68 90 79 65 69 69 58 93 122 104 87 70 52 35 18 0 18 35 122 105 88 71 54 38 23 14 23 38 125 108 91 75 59 45 33 28 33 45 129 112 97 81 67 55 46 42 45 54 134 118 104 89 77 66 59 56 58 65 140 126 112 99 87 78 72 70 72 77 148 134 121 109 99 91 85 83 85 90 156 143 131 120 111 104 99 97 99 103 166 153 142 132 123 117 113 111 112 116 176 164 153 144 136 130 126 125 126 129
74 111 71 76 79 66 77 88 101 89 60 89 61 81 90 116 89 77 86 112 64 109 97 87 65 52 86 92 109 72 74 87 76 94 91 72 81 74 61 109 139 122 104 87 70 52 35 18 0 18 140 122 105 88 71 54 38 23 14 23 142 125 108 91 75 59 45 33 28 33 145 129 112 97 81 67 54 45 42 45 150 134 118 103 89 76 66 58 55 58 156 140 126 112 99 87 78 72 69 71 162 148 134 121 109 98 90 85 83 85 170 156 143 131 120 110 103 99 97 98 179 165 153 141 131 123 116 112 110 112 188 175 163 153 143 135 130 126 124 125
85 127 84 89 89 71 92 101 117 96 65 104 67 96 104 127 104 84 101 128 75 125 112 99 81 56 98 105 125 80 86 102 87 101 104 83 94 83 69 126 156 139 122 104 87 70 52 35 18 0 157 140 122 105 88 71 54 38 23 14 159 142 125 108 91 75 59 45 33 28 162 145 129 112 96 81 67 54 45 42 166 150 134 118 103 89 76 65 58 55 171 155 140 125 111 98 87 77 71 69 177 162 148 134 120 108 98 90 85 83 184 170 156 143 130 119 110 103 98 96 192 178 165 152 141 131 122 116 112 110 201 187 175 163 152 143 135 129 125 124
108 40 100 90 111 137 80 90 53 132 136 75 132 71 83 99 74 127 75 46 112 34 74 95 82 137 100 87 49 126 101 79 110 133 88 113 89 122 127 42 15 23 38 54 71 88 105 122 140 157 0 18 35 52 70 87 104 122 139 156 15 23 38 54 71 88 105 122 140 157 29 34 45 60 75 91 108 125 142 159 43 47 55 68 82 97 113 129 145 162 58 60 67 77 90 104 119 134 150 166 72 74 80 88 99 112 126 140 156 171 86 88 93 100 110 122 134 148 162 177 100 102 106 112 121 132 144 156 170 184 115 116 119 125 133 143 154 166 179 192
93 27 84 75 96 122 64 76 38 118 119 60 116 55 69 89 60 112 60 35 96 18 61 81 66 121 86 73 36 110 86 64 94 119 74 97 74 106 111 29 23 15 23 38 54 71 88 105 122 140 18 0 18 35 52 70 87 104 122 139 23 15 23 38 54 71 88 105 122 140 34 29 34 45 60 75 91 108 125 142 47 43 46 55 67 82 97 112 129 145 60 57 60 67 77 90 104 118 134 150 74 72 73 79 88 99 112 126 140 155 88 86 87 92 100 110 121 134 148 162 102 100 101 105 112 121 131 143 156 170 116 114 115 119 125 133 142 153 165 178
78 21 69 60 82 106 50 63 28 104 104 47 101 40 57 81 47 98 46 29 80 9 50 68 49 104 73 61 30 96 71 51 80 106 62 83 60 92 96 22 38 23 15 23 38 54 71 88 105 122 35 18 0 18 35 52 70 87 104 122 38 23 15 23 38 54 71 88 105 122 45 34 29 34 45 60 75 91 108 125 55 46 43 46 55 67 81 97 112 129 67 60 57 60 67 77 90 104 118 134 80 73 71 73 79 88 99 112 126 140 93 87 85 87 92 99 109 121 134 148 106 101 99 101 105 112 121 131 143 156 119 115 114 115 118 124 132 142 153 165
65 28 56 47 70 91 37 54 26 93 88 38 86 28 48 76 38 85 37 34 66 22 44 58 33 88 63 52 32 82 58 41 68 95 53 69 48 79 81 28 54 38 23 15 23 38 54 71 88 105 52 35 18 0 18 35 52 70 87 104 54 38 23 15 23 38 54 71 88 105 60 45 34 29 33 45 59 75 91 108 68 55 46 43 46 55 67 81 97 112 77 67 60 57 59 66 77 89 103 118 88 79 73 71 73 79 88 99 112 125 100 92 87 85 87 91 99 109 121 134 112 105 101 99 100 105 111 120 131 143 125 119 115 113 114 118 124 132 141 152
55 42 45 39 60 78 29 48 35 82 74 36 71 23 44 75 36 73 34 45 53 38 44 52 20 73 56 49 43 70 48 38 57 85 49 58 41 67 67 41 71 54 38 23 15 23 38 54 71 88 70 52 35 18 0 18 35 52 70 87 71 54 38 23 15 23 38 54 71 88 75 60 45 33 29 33 45 59 75 91 82 67 55 46 43 46 55 67 81 96 90 77 67 59 57 59 66 77 89 103 99 88 79 73 71 73 78 87 99 111 110 100 92 87 85 86 91 99 109 120 121 112 105 100 99 100 104 111 120 130 133 125 118 114 113 114 117 123 131 141
48 57 40 37 54 66 31 49 48 75 61 42 59 30 47 78 42 64 39 59 44 55 51 51 17 59 53 51 56 60 43 42 51 79 50 50 41 59 55 56 88 71 54 38 23 14 23 38 54 71 87 70 52 35 18 0 18 35 52 70 88 71 54 38 23 14 23 38 54 71 91 75 60 45 33 28 33 45 59 75 97 82 67 55 46 42 46 55 67 81 104 90 77 66 59 56 59 66 76 89 112 99 88 79 73 70 72 78 87 98 122 110 99 91 86 84 86 91 98 108 132 121 112 105 100 98 99 104 110 119 143 133 124 118 114 112 113 117 123 131
48 74 42 43 54 57 41 56 64 71 51 53 50 44 56 85 53 59 50 74 40 72 62 56 29 47 57 58 72 55 45 52 51 76 58 48 48 55 47 72 105 88 71 54 38 23 14 23 38 54 104 87 70 52 35 18 0 18 35 52 105 88 71 54 38 23 14 23 38 54 108 91 75 59 45 33 28 33 45 59 113 97 81 67 55 46 42 46 54 67 119 104 90 77 66 59 56 59 66 76 126 112 99 88 78 72 70 72 78 87 134 121 109 99 91 86 84 85 90 98 144 131 121 111 104 99 98 99 103 110 154 142 132 124 117 113 112 113 116 122
53 91 50 54 58 52 55 66 80 72 45 67 46 59 68 94 67 59 64 91 44 89 75 65 44 39 65 70 88 54 52 65 56 76 69 52 59 56 44 89 122 105 88 71 54 38 23 14 23 38 122 104 87 70 52 35 18 0 18 35 122 105 88 71 54 38 23 14 23 38 125 108 91 75 59 45 33 28 33 45 129 112 97 81 67 55 46 42 45 54 134 118 104 89 77 66 59 56 58 65 140 126 112 99 87 78 72 70 72 77 148 134 121 109 99 91 85 83 85 90 156 143 131 120 111 104 99 97 99 103 166 153 142 132 123 117 113 111 112 116
63 107 62 67 67 53 70 79 97 76 46 82 48 75 82 105 82 64 80 107 53 107 90 77 60 38 76 83 104 59 64 80 65 81 82 61 72 62 48 106 140 122 105 88 71 54 38 23 14 23 139 122 104 87 70 52 35 18 0 18 140 122 105 88 71 54 38 23 14 23 142 125 108 91 75 59 45 33 28 33 145 129 112 97 81 67 54 45 42 45 150 134 118 103 89 76 66 58 55 58 156 140 126 112 99 87 78 72 69 71 162 148 134 121 109 98 90 85 83 85 170 156 143 131 120 110 103 99 97 98 179 165 153 141 131 123 116 112 110 112
75 124 76 83 79 59 86 93 113 84 53 98 55 92 97 118 98 73 96 124 66 124 105 91 77 44 89 98 121 68 78 95 77 89 96 73 87 72 58 123 157 140 122 105 88 71 54 38 23 14 156 139 122 104 87 70 52 35 18 0 157 140 122 105 88 71 54 38 23 14 159 142 125 108 91 75 59 45 33 28 162 145 129 112 96 81 67 54 45 42 166 150 134 118 103 89 76 65 58 55 171 155 140 125 111 98 87 77 71 69 177 162 148 134 120 108 98 90 85 83 184 170 156 143 130 119 110 103 98 96 192 178 165 152 141 131 122 116 112 110
103 35 95 85 105 133 77 83 47 125 132 69 128 68 76 89 69 122 69 39 108 34 67 88 81 134 93 80 42 120 96 73 104 125 81 107 83 116 123 37 29 34 45 60 75 91 108 125 142 159 15 23 38 54 71 88 105 122 140 157 0 18 35 52 70 87 104 122 139 156 15 23 38 54 71 88 105 122 140 157 29 34 45 60 75 91 108 125 142 159 43 47 55 68 82 97 113 129 145 162 58 60 67 77 90 104 119 134 150 166 72 74 80 88 99 112 126 140 156 171 86 88 93 100 110 122 134 148 162 177 100 102 106 112 121 132 144 156 170 184
87 18 79 69 89 116 60 68 31 110 115 53 112 51 61 77 52 106 53 24 91 17 52 73 64 117 78 64 26 104 80 57 88 110 66 91 67 100 106 20 34 29 34 45 60 75 91 108 125 142 23 15 23 38 54 71 88 105 122 140 18 0 18 35 52 70 87 104 122 139 23 15 23 38 54 71 88 105 122 140 34 29 34 45 60 75 91 108 125 142 47 43 46 55 67 82 97 112 129 145 60 57 60 67 77 90 104 118 134 150 74 72 73 79 88 99 112 126 140 155 88 86 87 92 100 110 121 134 148 162 102 100 101 105 112 121 131 143 156 170
71 7 62 53 74 100 43 53 16 95 98 38 95 34 47 68 37 90 37 15 74 6 39 58 46 100 64 51 16 89 64 42 72 97 52 75 51 84 90 8 45 34 29 34 45 60 75 91 108 125 38 23 15 23 38 54 71 88 105 122 35 18 0 18 35 52 70 87 104 122 38 23 15 23 38 54 71 88 105 122 45 34 29 34 45 60 75 91 108 125 55 46 43 46 55 67 81 97 112 129 67 60 57 60 67 77 90 104 118 134 80 73 71 73 79 88 99 112 126 140 93 87 85 87 92 99 109 121 134 148 106 101 99 101 105 112 121 131 143 156
56 20 47 38 60 84 27 41 13 82 82 26 79 18 35 62 25 76 24 22 59 20 30 46 29 84 51 40 20 73 49 29 58 84 40 60 38 70 74 19 60 45 34 29 33 45 59 75 91 108 54 38 23 15 23 38 54 71 88 105 52 35 18 0 18 35 52 70 87 104 54 38 23 15 23 38 54 71 88 105 60 45 34 29 33 45 59 75 91 108 68 55 46 43 46 55 67 81 97 112 77 67 60 57 59 66 77 89 103 118 88 79 73 71 73 79 88 99 112 125 100 92 87 85 87 91 99 109 121 134 112 105 101 99 100 105 111 120 131 143
43 37 34 26 48 69 16 35 27 71 66 23 63 9 30 61 22 63 20 37 44 37 31 38 12 67 42 35 35 60 36 24 46 73 35 47 28 56 59 35 75 60 45 33 29 33 45 59 75 91 71 54 38 23 15 23 38 54 71 88 70 52 35 18 0 18 35 52 70 87 71 54 38 23 15 23 38 54 71 88 75 60 45 33 29 33 45 59 75 91 82 67 55 46 43 46 55 67 81 96 90 77 67 59 57 59 66 77 89 103 99 88 79 73 71 73 78 87 99 111 110 100 92 87 85 86 91 99 109 120 121 112 105 100 99 100 104 111 120 130
35 54 26 23 41 55 19 36 43 62 52 31 49 22 35 65 31 52 28 53 32 55 40 37 7 51 40 38 51 48 29 30 38 65 37 37 28 46 45 52 91 75 60 45 33 28 33 45 59 75 88 71 54 38 23 14 23 38 54 71 87 70 52 35 18 0 18 35 52 70 88 71 54 38 23 14 23 38 54 71 91 75 60 45 33 28 33 45 59 75 97 82 67 55 46 42 46 55 67 81 104 90 77 66 59 56 59 66 76 89 112 99 88 79 73 70 72 78 87 98 122 110 99 91 86 84 86 91 98 108 132 121 112 105 100 98 99 104 110 119
34 71 29 32 40 44 33 44 60 58 39 45 38 38 46 73 45 46 43 70 26 72 53 44 24 37 44 48 67 41 31 43 37 62 47 34 37 41 34 69 108 91 75 59 45 33 28 33 45 59 105 88 71 54 38 23 14 23 38 54 104 87 70 52 35 18 0 18 35 52 105 88 71 54 38 23 14 23 38 54 108 91 75 59 45 33 28 33 45 59 113 97 81 67 55 46 42 46 54 67 119 104 90 77 66 59 56 59 66 76 126 112 99 88 78 72 70 72 78 87 134 121 109 99 91 86 84 85 90 98 144 131 121 111 104 99 98 99 103 110
41 88 40 46 46 38 49 57 77 58 32 61 32 55 60 83 61 46 59 87 31 89 68 55 41 26 54 61 84 41 42 58 44 63 60 40 50 42 31 86 125 108 91 75 59 45 33 28 33 45 122 105 88 71 54 38 23 14 23 38 122 104 87 70 52 35 18 0 18 35 122 105 88 71 54 38 23 14 23 38 125 108 91 75 59 45 33 28 33 45 129 112 97 81 67 55 46 42 45 54 134 118 104 89 77 66 59 56 58 65 140 126 112 99 87 78 72 70 72 77 148 134 121 109 99 91 85 83 85 90 156 143 131 120 111 104 99 97 99 103
53 106 54 61 57 40 66 72 94 64 33 77 35 72 75 96 77 52 75 104 43 106 84 69 59 25 67 76 102 47 56 74 55 68 74 51 66 51 36 104 142 125 108 91 75 59 45 33 28 33 140 122 105 88 71 54 38 23 14 23 139 122 104 87 70 52 35 18 0 18 140 122 105 88 71 54 38 23 14 23 142 125 108 91 75 59 45 33 28 33 145 129 112 97 81 67 54 45 42 45 150 134 118 103 89 76 66 58 55 58 156 140 126 112 99 87 78 72 69 71 162 148 134 121 109 98 90 85 83 85 170 156 143 131 120 110 103 99 97 98
68 123 70 78 71 48 83 87 111 73 42 94 45 90 91 110 94 62 92 121 58 124 100 84 76 34 82 92 119 58 71 91 69 78 90 65 82 62 48 121 159 142 125 108 91 75 59 45 33 28 157 140 122 105 88 71 54 38 23 14 156 139 122 104 87 70 52 35 18 0 157 140 122 105 88 71 54 38 23 14 159 142 125 108 91 75 59 45 33 28 162 145 129 112 96 81 67 54 45 42 166 150 134 118 103 89 76 65 58 55 171 155 140 125 111 98 87 77 71 69 177 162 148 134 120 108 98 90 85 83 184 170 156 143 130 119 110 103 98 96
99 35 92 83 101 129 75 78 46 119 129 66 126 68 72 80 66 117 67 36 105 39 62 83 82 132 88 75 39 117 93 69 100 119 76 104 80 112 120 37 43 47 55 68 82 97 113 129 145 162 29 34 45 60 75 91 108 125 142 159 15 23 38 54 71 88 105 122 140 157 0 18 35 52 70 87 104 122 139 156 15 23 38 54 71 88 105 122 140 157 29 34 45 60 75 91 108 125 142 159 43 47 55 68 82 97 113 129 145 162 58 60 67 77 90 104 119 134 150 166 72 74 80 88 99 112 126 140 156 171 86 88 93 100 110 122 134 148 162 177
82 18 75 66 84 112 58 62 29 103 112 49 108 50 55 67 48 100 50 19 88 26 45 67 65 115 72 58 22 100 76 52 83 103 59 87 63 95 103 20 47 43 46 55 67 82 97 112 129 145 34 29 34 45 60 75 91 108 125 142 23 15 23 38 54 71 88 105 122 140 18 0 18 35 52 70 87 104 122 139 23 15 23 38 54 71 88 105 122 140 34 29 34 45 60 75 91 108 125 142 47 43 46 55 67 82 97 112 129 145 60 57 60 67 77 90 104 118 134 150 74 72 73 79 88 99 112 126 140 155 88 86 87 92 100 110 121 134 148 162
65 8 58 48 68 96 41 46 12 88 95 32 91 33 39 56 31 84 32 2 71 20 30 51 48 98 56 42 4 83 59 36 66 88 44 70 46 79 86 7 55 46 43 46 55 67 81 97 112 129 45 34 29 34 45 60 75 91 108 125 38 23 15 23 38 54 71 88 105 122 35 18 0 18 35 52 70 87 104 122 38 23 15 23 38 54 71 88 105 122 45 34 29 34 45 60 75 91 108 125 55 46 43 46 55 67 81 97 112 129 67 60 57 60 67 77 90 104 118 134 80 73 71 73 79 88 99 112 126 140 93 87 85 87 92 99 109 121 134 148
49 20 41 32 52 79 23 31 8 73 78 15 75 17 24 49 15 68 16 17 54 28 17 36 32 81 41 28 14 67 42 19 50 74 29 54 29 63 69 18 68 55 46 43 46 55 67 81 97 112 60 45 34 29 33 45 59 75 91 108 54 38 23 15 23 38 54 71 88 105 52 35 18 0 18 35 52 70 87 104 54 38 23 15 23 38 54 71 88 105 60 45 34 29 33 45 59 75 91 108 68 55 46 43 46 55 67 81 97 112 77 67 60 57 59 66 77 89 103 118 88 79 73 71 73 79 88 99 112 125 100 92 87 85 87 91 99 109 121 134
34 37 25 16 38 63 6 21 24 60 61 9 58 7 16 47 9 53 6 34 37 42 18 25 17 64 30 21 31 51 27 10 36 62 21 38 15 47 53 35 82 67 55 46 43 46 55 67 81 96 75 60 45 33 29 33 45 59 75 91 71 54 38 23 15 23 38 54 71 88 70 52 35 18 0 18 35 52 70 87 71 54 38 23 15 23 38 54 71 88 75 60 45 33 29 33 45 59 75 91 82 67 55 46 43 46 55 67 81 96 90 77 67 59 57 59 66 77 89 103 99 88 79 73 71 73 78 87 99 111 110 100 92 87 85 86 91 99 109 120
22 54 13 10 28 47 12 23 42 50 45 24 42 21 23 52 23 41 21 51 22 58 31 23 14 47 26 26 49 37 16 21 25 53 25 25 15 34 37 52 97 82 67 55 46 42 46 55 67 81 91 75 60 45 33 28 33 45 59 75 88 71 54 38 23 14 23 38 54 71 87 70 52 35 18 0 18 35 52 70 88 71 54 38 23 14 23 38 54 71 91 75 60 45 33 28 33 45 59 75 97 82 67 55 46 42 46 55 67 81 104 90 77 66 59 56 59 66 76 89 112 99 88 79 73 70 72 78 87 98 122 110 99 91 86 84 86 91 98 108
20 71 17 24 26 33 30 35 59 44 29 40 27 38 38 62 40 32 38 69 12 74 47 33 27 30 32 39 66 28 20 37 23 48 38 21 29 27 23 69 113 97 81 67 55 46 42 46 54 67 108 91 75 59 45 33 28 33 45 59 105 88 71 54 38 23 14 23 38 54 104 87 70 52 35 18 0 18 35 52 105 88 71 54 38 23 14 23 38 54 108 91 75 59 45 33 28 33 45 59 113 97 81 67 55 46 42 46 54 67 119 104 90 77 66 59 56 59 66 76 126 112 99 88 78 72 70 72 78 87 134 121 109 99 91 86 84 85 90 98
31 88 33 41 35 25 47 50 76 45 18 57 18 55 54 74 57 32 56 86 21 91 63 47 43 15 45 54 83 27 34 54 33 49 53 29 45 30 17 86 129 112 97 81 67 55 46 42 45 54 125 108 91 75 59 45 33 28 33 45 122 105 88 71 54 38 23 14 23 38 122 104 87 70 52 35 18 0 18 35 122 105 88 71 54 38 23 14 23 38 125 108 91 75 59 45 33 28 33 45 129 112 97 81 67 55 46 42 45 54 134 118 104 89 77 66 59 56 58 65 140 126 112 99 87 78 72 70 72 77 148 134 121 109 99 91 85 83 85 90
46 106 49 58 49 27 64 66 93 52 21 75 23 72 71 88 74 40 73 103 37 108 80 63 60 12 60 71 100 36 50 71 47 56 69 43 62 40 26 103 145 129 112 97 81 67 54 45 42 45 142 125 108 91 75 59 45 33 28 33 140 122 105 88 71 54 38 23 14 23 139 122 104 87 70 52 35 18 0 18 140 122 105 88 71 54 38 23 14 23 142 125 108 91 75 59 45 33 28 33 145 129 112 97 81 67 54 45 42 45 150 134 118 103 89 76 66 58 55 58 156 140 126 112 99 87 78 72 69 71 162 148 134 121 109 98 90 85 83 85
62 123 66 75 64 38 81 83 111 63 33 92 37 89 88 103 92 53 90 121 54 125 97 80 77 26 76 87 118 50 67 88 63 67 86 59 79 55 41 121 162 145 129 112 96 81 67 54 45 42 159 142 125 108 91 75 59 45 33 28 157 140 122 105 88 71 54 38 23 14 156 139 122 104 87 70 52 35 18 0 157 140 122 105 88 71 54 38 23 14 159 142 125 108 91 75 59 45 33 28 162 145 129 112 96 81 67 54 45 42 166 150 134 118 103 89 76 65 58 55 171 155 140 125 111 98 87 77 71 69 177 162 148 134 120 108 98 90 85 83
97 40 92 83 98 128 77 76 49 115 128 66 124 70 70 72 66 114 67 39 104 48 60 81 85 132 85 72 41 114 92 69 98 114 73 102 79 109 119 42 58 60 67 77 90 104 119 134 150 166 43 47 55 68 82 97 113 129 145 162 29 34 45 60 75 91 108 125 142 159 15 23 38 54 71 88 105 122 140 157 0 18 35 52 70 87 104 122 139 156 15 23 38 54 71 88 105 122 140 157 29 34 45 60 75 91 108 125 142 159 43 47 55 68 82 97 113 129 145 162 58 60 67 77 90 104 119 134 150 166 72 74 80 88 99 112 126 140 156 171
80 28 74 65 81 110 60 59 34 98 111 48 107 54 53 58 48 97 50 23 87 38 43 63 69 115 68 55 26 97 74 52 80 97 56 84 62 92 102 28 60 57 60 67 77 90 104 118 134 150 47 43 46 55 67 82 97 112 129 145 34 29 34 45 60 75 91 108 125 142 23 15 23 38 54 71 88 105 122 140 18 0 18 35 52 70 87 104 122 139 23 15 23 38 54 71 88 105 122 140 34 29 34 45 60 75 91 108 125 142 47 43 46 55 67 82 97 112 129 145 60 57 60 67 77 90 104 118 134 150 74 72 73 79 88 99 112 126 140 155
63 22 57 48 64 93 43 42 21 82 93 31 90 38 36 44 31 80 33 14 70 34 26 46 53 98 51 38 15 80 57 35 63 81 39 67 44 75 85 21 67 60 57 60 67 77 90 104 118 134 55 46 43 46 55 67 81 97 112 129 45 34 29 34 45 60 75 91 108 125 38 23 15 23 38 54 71 88 105 122 35 18 0 18 35 52 70 87 104 122 38 23 15 23 38 54 71 88 105 122 45 34 29 34 45 60 75 91 108 125 55 46 43 46 55 67 81 97 112 129 67 60 57 60 67 77 90 104 118 134 80 73 71 73 79 88 99 112 126 140
46 29 40 31 47 76 27 25 19 66 76 15 72 25 18 35 15 63 17 22 53 39 8 29 39 80 34 21 20 63 40 18 46 66 22 50 27 58 67 27 77 67 60 57 59 66 77 89 103 118 68 55 46 43 46 55 67 81 97 112 60 45 34 29 33 45 59 75 91 108 54 38 23 15 23 38 54 71 88 105 52 35 18 0 18 35 52 70 87 104 54 38 23 15 23 38 54 71 88 105 60 45 34 29 33 45 59 75 91 108 68 55 46 43 46 55 67 81 97 112 77 67 60 57 59 66 77 89 103 118 88 79 73 71 73 79 88 99 112 125
28 42 23 14 30 59 16 9 30 51 59 8 55 20 2 33 9 47 10 37 35 50 10 14 29 63 19 7 34 46 22 5 29 52 7 33 10 41 50 40 90 77 67 59 57 59 66 77 89 103 82 67 55 46 43 46 55 67 81 96 75 60 45 33 29 33 45 59 75 91 71 54 38 23 15 23 38 54 71 88 70 52 35 18 0 18 35 52 70 87 71 54 38 23 15 23 38 54 71 88 75 60 45 33 29 33 45 59 75 91 82 67 55 46 43 46 55 67 81 96 90 77 67 59 57 59 66 77 89 103 99 88 79 73 71 73 78 87 99 111
12 58 6 8 16 42 19 13 45 38 41 23 38 28 17 40 23 31 23 53 18 64 27 11 28 46 12 17 50 30 5 19 13 40 16 16 9 25 33 55 104 90 77 66 59 56 59 66 76 89 97 82 67 55 46 42 46 55 67 81 91 75 60 45 33 28 33 45 59 75 88 71 54 38 23 14 23 38 54 71 87 70 52 35 18 0 18 35 52 70 88 71 54 38 23 14 23 38 54 71 91 75 60 45 33 28 33 45 59 75 97 82 67 55 46 42 46 55 67 81 104 90 77 66 59 56 59 66 76 89 112 99 88 79 73 70 72 78 87 98
9 74 14 23 14 25 33 29 61 30 24 40 21 42 35 52 40 19 39 70 3 79 45 26 36 29 23 34 67 15 13 36 11 34 32 7 26 14 16 72 119 104 90 77 66 59 56 59 66 76 113 97 81 67 55 46 42 46 54 67 108 91 75 59 45 33 28 33 45 59 105 88 71 54 38 23 14 23 38 54 104 87 70 52 35 18 0 18 35 52 105 88 71 54 38 23 14 23 38 54 108 91 75 59 45 33 28 33 45 59 113 97 81 67 55 46 42 46 54 67 119 104 90 77 66 59 56 59 66 76 126 112 99 88 78 72 70 72 78 87
25 91 31 40 27 12 49 46 78 31 7 57 5 58 52 66 57 19 56 87 18 95 62 43 49 12 39 51 84 15 31 53 26 36 49 21 43 18 4 88 134 118 104 89 77 66 59 56 58 65 129 112 97 81 67 55 46 42 45 54 125 108 91 75 59 45 33 28 33 45 122 105 88 71 54 38 23 14 23 38 122 104 87 70 52 35 18 0 18 35 122 105 88 71 54 38 23 14 23 38 125 108 91 75 59 45 33 28 33 45 129 112 97 81 67 55 46 42 45 54 134 118 104 89 77 66 59 56 58 65 140 126 112 99 87 78 72 70 72 77
42 108 48 57 44 16 66 64 95 41 12 74 16 75 69 82 74 31 73 104 35 111 79 60 64 9 56 68 101 28 48 71 43 45 67 38 61 33 20 105 150 134 118 103 89 76 66 58 55 58 145 129 112 97 81 67 54 45 42 45 142 125 108 91 75 59 45 33 28 33 140 122 105 88 71 54 38 23 14 23 139 122 104 87 70 52 35 18 0 18 140 122 105 88 71 54 38 23 14 23 142 125 108 91 75 59 45 33 28 33 145 129 112 97 81 67 54 45 42 45 150 134 118 103 89 76 66 58 55 58 156 140 126 112 99 87 78 72 69 71
60 125 65 75 60 31 83 81 112 54 29 92 33 91 86 98 92 47 90 121 52 128 96 77 80 25 73 85 119 45 65 88 60 58 84 56 78 50 37 122 166 150 134 118 103 89 76 65 58 55 162 145 129 112 96 81 67 54 45 42 159 142 125 108 91 75 59 45 33 28 157 140 122 105 88 71 54 38 23 14 156 139 122 104 87 70 52 35 18 0 157 140 122 105 88 71 54 38 23 14 159 142 125 108 91 75 59 45 33 28 162 145 129 112 96 81 67 54 45 42 166 150 134 118 103 89 76 65 58 55 171 155 140 125 111 98 87 77 71 69
98 50 93 85 97 127 80 76 56 112 128 68 125 76 71 67 69 113 71 46 106 59 62 80 91 133 85 72 48 114 93 71 97 110 74 102 80 109 120 50 72 74 80 88 99 112 126 140 156 171 58 60 67 77 90 104 119 134 150 166 43 47 55 68 82 97 113 129 145 162 29 34 45 60 75 91 108 125 142 159 15 23 38 54 71 88 105 122 140 157 0 18 35 52 70 87 104 122 139 156 15 23 38 54 71 88 105 122 140 157 29 34 45 60 75 91 108 125 142 159 43 47 55 68 82 97 113 129 145 162 58 60 67 77 90 104 119 134 150 166
81 40 76 68 80 110 64 59 43 95 111 52 108 61 54 51 53 96 55 34 89 51 45 63 76 116 67 55 35 96 76 55 80 93 56 85 64 91 103 40 74 72 73 79 88 99 112 126 140 155 60 57 60 67 77 90 104 118 134 150 47 43 46 55 67 82 97 112 129 145 34 29 34 45 60 75 91 108 125 142 23 15 23 38 54 71 88 105 122 140 18 0 18 35 52 70 87 104 122 139 23 15 23 38 54 71 88 105 122 140 34 29 34 45 60 75 91 108 125 142 47 43 46 55 67 82 97 112 129 145 60 57 60 67 77 90 104 118 134 150
63 36 59 52 63 93 49 42 34 78 94 37 90 47 38 35 37 78 40 28 72 48 29 46 62 99 50 38 28 79 59 39 63 77 39 67 47 74 86 35 80 73 71 73 79 88 99 112 126 140 67 60 57 60 67 77 90 104 118 134 55 46 43 46 55 67 81 97 112 129 45 34 29 34 45 60 75 91 108 125 38 23 15 23 38 54 71 88 105 122 35 18 0 18 35 52 70 87 104 122 38 23 15 23 38 54 71 88 105 122 45 34 29 34 45 60 75 91 108 125 55 46 43 46 55 67 81 97 112 129 67 60 57 60 67 77 90 104 118 134
46 41 43 36 45 75 37 26 32 61 77 25 73 37 22 23 25 61 28 33 55 52 16 29 50 82 33 21 31 62 42 25 46 60 23 50 31 57 68 39 88 79 73 71 73 79 88 99 112 125 77 67 60 57 59 66 77 89 103 118 68 55 46 43 46 55 67 81 97 112 60 45 34 29 33 45 59 75 91 108 54 38 23 15 23 38 54 71 88 105 52 35 18 0 18 35 52 70 87 104 54 38 23 15 23 38 54 71 88 105 60 45 34 29 33 45 59 75 91 108 68 55 46 43 46 55 67 81 97 112 77 67 60 57 59 66 77 89 103 118
30 51 28 24 28 58 29 11 40 44 60 21 56 34 13 20 22 44 24 44 39 61 17 13 43 66 16 9 42 44 26 19 29 44 9 33 19 39 51 49 99 88 79 73 71 73 78 87 99 111 90 77 67 59 57 59 66 77 89 103 82 67 55 46 43 46 55 67 81 96 75 60 45 33 29 33 45 59 75 91 71 54 38 23 15 23 38 54 71 88 70 52 35 18 0 18 35 52 70 87 71 54 38 23 15 23 38 54 71 88 75 60 45 33 29 33 45 59 75 91 82 67 55 46 43 46 55 67 81 96 90 77 67 59 57 59 66 77 89 103
14 64 18 21 11 41 31 14 52 29 43 30 39 39 21 30 31 27 31 58 24 72 30 10 41 49 4 18 56 27 15 26 12 30 16 17 19 22 35 62 112 99 88 79 73 70 72 78 87 98 104 90 77 66 59 56 59 66 76 89 97 82 67 55 46 42 46 55 67 81 91 75 60 45 33 28 33 45 59 75 88 71 54 38 23 14 23 38 54 71 87 70 52 35 18 0 18 35 52 70 88 71 54 38 23 14 23 38 54 71 91 75 60 45 33 28 33 45 59 75 97 82 67 55 46 42 46 55 67 81 104 90 77 66 59 56 59 66 76 89
12 79 21 30 8 24 41 30 67 17 26 45 23 50 37 44 45 10 45 74 16 86 47 25 47 34 21 34 71 10 19 41 10 20 33 9 31 5 19 77 126 112 99 88 78 72 70 72 78 87 119 104 90 77 66 59 56 59 66 76 113 97 81 67 55 46 42 46 54 67 108 91 75 59 45 33 28 33 45 59 105 88 71 54 38 23 14 23 38 54 104 87 70 52 35 18 0 18 35 52 105 88 71 54 38 23 14 23 38 54 108 91 75 59 45 33 28 33 45 59 113 97 81 67 55 46 42 46 54 67 119 104 90 77 66 59 56 59 66 76
26 95 35 44 25 7 55 47 82 19 13 60 11 64 53 60 61 10 60 90 24 101 63 42 58 22 38 51 88 9 33 56 26 24 50 22 46 14 12 93 140 126 112 99 87 78 72 70 72 77 134 118 104 89 77 66 59 56 58 65 129 112 97 81 67 55 46 42 45 54 125 108 91 75 59 45 33 28 33 45 122 105 88 71 54 38 23 14 23 38 122 104 87 70 52 35 18 0 18 35 122 105 88 71 54 38 23 14 23 38 125 108 91 75 59 45 33 28 33 45 129 112 97 81 67 55 46 42 45 54 134 118 104 89 77 66 59 56 58 65
43 111 51 60 42 13 70 64 98 32 16 77 18 79 70 77 77 27 76 107 38 116 80 60 71 20 55 68 104 26 50 73 43 36 67 39 63 31 23 109 156 140 126 112 99 87 78 72 69 71 150 134 118 103 89 76 66 58 55 58 145 129 112 97 81 67 54 45 42 45 142 125 108 91 75 59 45 33 28 33 140 122 105 88 71 54 38 23 14 23 139 122 104 87 70 52 35 18 0 18 140 122 105 88 71 54 38 23 14 23 142 125 108 91 75 59 45 33 28 33 145 129 112 97 81 67 54 45 42 45 150 134 118 103 89 76 66 58 55 58
60 128 67 77 60 30 86 81 115 48 31 94 34 95 87 94 94 44 93 124 55 132 97 77 86 31 72 85 121 43 66 90 60 52 84 56 80 48 39 125 171 155 140 125 111 98 87 77 71 69 166 150 134 118 103 89 76 65 58 55 162 145 129 112 96 81 67 54 45 42 159 142 125 108 91 75 59 45 33 28 157 140 122 105 88 71 54 38 23 14 156 139 122 104 87 70 52 35 18 0 157 140 122 105 88 71 54 38 23 14 159 142 125 108 91 75 59 45 33 28 162 145 129 112 96 81 67 54 45 42 166 150 134 118 103 89 76 65 58 55
100 61 97 89 99 128 86 79 65 111 130 74 127 83 75 65 74 113 77 56 109 71 66 83 98 136 86 75 57 115 96 76 99 109 76 104 84 110 122 61 86 88 93 100 110 122 134 148 162 177 72 74 80 88 99 112 126 140 156 171 58 60 67 77 90 104 119 134 150 166 43 47 55 68 82 97 113 129 145 162 29 34 45 60 75 91 108 125 142 159 15 23 38 54 71 88 105 122 140 157 0 18 35 52 70 87 104 122 139 156 15 23 38 54 71 88 105 122 140 157 29 34 45 60 75 91 108 125 142 159 43 47 55 68 82 97 113 129 145 162
83 53 80 73 82 111 72 63 54 93 113 59 110 70 59 47 60 96 62 46 92 65 51 66 84 119 69 59 47 98 79 61 82 92 60 87 69 93 105 53 88 86 87 92 100 110 121 134 148 162 74 72 73 79 88 99 112 126 140 155 60 57 60 67 77 90 104 118 134 150 47 43 46 55 67 82 97 112 129 145 34 29 34 45 60 75 91 108 125 142 23 15 23 38 54 71 88 105 122 140 18 0 18 35 52 70 87 104 122 139 23 15 23 38 54 71 88 105 122 140 34 29 34 45 60 75 91 108 125 142 47 43 46 55 67 82 97 112 129 145
67 51 65 59 65 94 59 47 47 76 97 46 93 58 44 30 47 79 49 42 76 63 38 50 72 103 53 43 42 81 63 48 66 74 44 70 54 76 89 49 93 87 85 87 92 99 109 121 134 148 80 73 71 73 79 88 99 112 126 140 67 60 57 60 67 77 90 104 118 134 55 46 43 46 55 67 81 97 112 129 45 34 29 34 45 60 75 91 108 125 38 23 15 23 38 54 71 88 105 122 35 18 0 18 35 52 70 87 104 122 38 23 15 23 38 54 71 88 105 122 45 34 29 34 45 60 75 91 108 125 55 46 43 46 55 67 81 97 112 129
51 54 50 46 48 77 48 33 46 59 80 37 76 51 32 13 38 62 40 45 61 65 29 35 62 87 37 30 44 64 48 37 50 57 31 54 41 59 72 52 100 92 87 85 87 91 99 109 121 134 88 79 73 71 73 79 88 99 112 125 77 67 60 57 59 66 77 89 103 118 68 55 46 43 46 55 67 81 97 112 60 45 34 29 33 45 59 75 91 108 54 38 23 15 23 38 54 71 88 105 52 35 18 0 18 35 52 70 87 104 54 38 23 15 23 38 54 71 88 105 60 45 34 29 33 45 59 75 91 108 68 55 46 43 46 55 67 81 97 112
36 62 38 37 33 61 43 24 52 42 64 35 60 48 27 7 36 45 38 54 46 72 30 23 56 71 23 23 52 47 36 33 35 40 23 39 32 42 56 60 110 100 92 87 85 86 91 99 109 120 99 88 79 73 71 73 78 87 99 111 90 77 67 59 57 59 66 77 89 103 82 67 55 46 43 46 55 67 81 96 75 60 45 33 29 33 45 59 75 91 71 54 38 23 15 23 38 54 71 88 70 52 35 18 0 18 35 52 70 87 71 54 38 23 15 23 38 54 71 88 75 60 45 33 29 33 45 59 75 91 82 67 55 46 43 46 55 67 81 96
26 73 31 35 20 44 44 26 61 24 48 41 45 52 32 23 42 29 43 66 35 82 39 22 55 56 18 27 64 32 28 38 23 23 26 27 32 27 42 71 122 110 99 91 86 84 86 91 98 108 112 99 88 79 73 70 72 78 87 98 104 90 77 66 59 56 59 66 76 89 97 82 67 55 46 42 46 55 67 81 91 75 60 45 33 28 33 45 59 75 88 71 54 38 23 14 23 38 54 71 87 70 52 35 18 0 18 35 52 70 88 71 54 38 23 14 23 38 54 71 91 75 60 45 33 28 33 45 59 75 97 82 67 55 46 42 46 55 67 81
25 87 34 41 19 30 51 37 74 7 35 52 32 61 43 41 53 15 53 80 30 94 52 32 60 43 26 40 78 19 31 49 22 8 39 22 40 17 30 84 134 121 109 99 91 86 84 85 90 98 126 112 99 88 78 72 70 72 78 87 119 104 90 77 66 59 56 59 66 76 113 97 81 67 55 46 42 46 54 67 108 91 75 59 45 33 28 33 45 59 105 88 71 54 38 23 14 23 38 54 104 87 70 52 35 18 0 18 35 52 105 88 71 54 38 23 14 23 38 54 108 91 75 59 45 33 28 33 45 59 113 97 81 67 55 46 42 46 54 67
34 101 43 52 30 19 63 51 88 11 26 66 25 72 58 58 67 15 67 95 35 108 68 46 68 34 41 55 93 18 41 62 32 15 54 30 53 21 26 99 148 134 121 109 99 91 85 83 85 90 140 126 112 99 87 78 72 70 72 77 134 118 104 89 77 66 59 56 58 65 129 112 97 81 67 55 46 42 45 54 125 108 91 75 59 45 33 28 33 45 122 105 88 71 54 38 23 14 23 38 122 104 87 70 52 35 18 0 18 35 122 105 88 71 54 38 23 14 23 38 125 108 91 75 59 45 33 28 33 45 129 112 97 81 67 55 46 42 45 54
48 116 57 66 45 22 77 67 104 29 27 82 29 86 74 75 82 29 81 111 46 123 84 62 80 33 57 71 109 30 55 78 47 31 70 44 68 34 32 114 162 148 134 121 109 98 90 85 83 85 156 140 126 112 99 87 78 72 69 71 150 134 118 103 89 76 66 58 55 58 145 129 112 97 81 67 54 45 42 45 142 125 108 91 75 59 45 33 28 33 140 122 105 88 71 54 38 23 14 23 139 122 104 87 70 52 35 18 0 18 140 122 105 88 71 54 38 23 14 23 142 125 108 91 75 59 45 33 28 33 145 129 112 97 81 67 54 45 42 45
64 132 72 82 62 35 91 84 119 46 38 98 40 101 90 92 98 45 97 127 60 138 100 79 93 41 74 88 125 46 71 94 63 48 86 59 83 50 45 130 177 162 148 134 120 108 98 90 85 83 171 155 140 125 111 98 87 77 71 69 166 150 134 118 103 89 76 65 58 55 162 145 129 112 96 81 67 54 45 42 159 142 125 108 91 75 59 45 33 28 157 140 122 105 88 71 54 38 23 14 156 139 122 104 87 70 52 35 18 0 157 140 122 105 88 71 54 38 23 14 159 142 125 108 91 75 59 45 33 28 162 145 129 112 96 81 67 54 45 42
104 73 102 95 102 131 94 84 76 112 134 82 130 92 81 65 82 116 84 67 113 84 74 87 107 140 90 80 69 118 101 83 103 109 82 108 91 113 126 73 100 102 106 112 121 132 144 156 170 184 86 88 93 100 110 122 134 148 162 177 72 74 80 88 99 112 126 140 156 171 58 60 67 77 90 104 119 134 150 166 43 47 55 68 82 97 113 129 145 162 29 34 45 60 75 91 108 125 142 159 15 23 38 54 71 88 105 122 140 157 0 18 35 52 70 87 104 122 139 156 15 23 38 54 71 88 105 122 140 157 29 34 45 60 75 91 108 125 142 159
88 67 87 81 86 114 81 69 67 94 117 69 114 80 67 48 69 99 71 59 98 78 60 72 94 124 74 65 60 101 85 70 87 92 67 92 76 96 110 66 102 100 101 105 112 121 131 143 156 170 88 86 87 92 100 110 121 134 148 162 74 72 73 79 88 99 112 126 140 155 60 57 60 67 77 90 104 118 134 150 47 43 46 55 67 82 97 112 129 145 34 29 34 45 60 75 91 108 125 142 23 15 23 38 54 71 88 105 122 140 18 0 18 35 52 70 87 104 122 139 23 15 23 38 54 71 88 105 122 140 34 29 34 45 60 75 91 108 125 142
73 65 73 68 70 98 70 55 61 77 101 58 98 70 54 31 58 82 61 56 83 77 49 57 83 108 59 52 57 85 71 58 71 75 53 76 63 80 94 63 106 101 99 101 105 112 121 131 143 156 93 87 85 87 92 99 109 121 134 148 80 73 71 73 79 88 99 112 126 140 67 60 57 60 67 77 90 104 118 134 55 46 43 46 55 67 81 97 112 129 45 34 29 34 45 60 75 91 108 125 38 23 15 23 38 54 71 88 105 122 35 18 0 18 35 52 70 87 104 122 38 23 15 23 38 54 71 88 105 122 45 34 29 34 45 60 75 91 108 125
59 67 60 57 55 82 61 44 60 60 85 51 82 64 45 16 51 66 54 59 69 79 43 44 75 93 45 41 58 69 58 50 57 57 42 61 52 64 78 65 112 105 101 99 100 105 111 120 131 143 100 92 87 85 87 91 99 109 121 134 88 79 73 71 73 79 88 99 112 125 77 67 60 57 59 66 77 89 103 118 68 55 46 43 46 55 67 81 97 112 60 45 34 29 33 45 59 75 91 108 54 38 23 15 23 38 54 71 88 105 52 35 18 0 18 35 52 70 87 104 54 38 23 15 23 38 54 71 88 105 60 45 34 29 33 45 59 75 91 108
47 74 50 50 42 66 57 38 64 43 70 49 67 62 41 11 50 50 52 66 56 85 43 36 70 78 35 36 64 54 47 47 44 40 37 48 45 49 64 72 121 112 105 100 99 100 104 111 120 130 110 100 92 87 85 86 91 99 109 120 99 88 79 73 71 73 78 87 99 111 90 77 67 59 57 59 66 77 89 103 82 67 55 46 43 46 55 67 81 96 75 60 45 33 29 33 45 59 75 91 71 54 38 23 15 23 38 54 71 88 70 52 35 18 0 18 35 52 70 87 71 54 38 23 15 23 38 54 71 88 75 60 45 33 29 33 45 59 75 91
39 83 45 48 33 52 58 39 72 27 57 54 54 65 44 25 54 37 55 76 48 93 50 35 69 65 31 39 74 41 42 50 36 24 39 39 45 37 51 81 132 121 112 105 100 98 99 104 110 119 122 110 99 91 86 84 86 91 98 108 112 99 88 79 73 70 72 78 87 98 104 90 77 66 59 56 59 66 76 89 97 82 67 55 46 42 46 55 67 81 91 75 60 45 33 28 33 45 59 75 88 71 54 38 23 14 23 38 54 71 87 70 52 35 18 0 18 35 52 70 88 71 54 38 23 14 23 38 54 71 91 75 60 45 33 28 33 45 59 75
38 95 47 53 32 40 63 47 83 15 46 63 43 72 53 41 63 27 64 88 44 104 61 42 73 54 37 49 86 32 44 59 35 10 48 36 51 30 43 93 144 131 121 111 104 99 98 99 103 110 134 121 109 99 91 86 84 85 90 98 126 112 99 88 78 72 70 72 78 87 119 104 90 77 66 59 56 59 66 76 113 97 81 67 55 46 42 46 54 67 108 91 75 59 45 33 28 33 45 59 105 88 71 54 38 23 14 23 38 54 104 87 70 52 35 18 0 18 35 52 105 88 71 54 38 23 14 23 38 54 108 91 75 59 45 33 28 33 45 59
45 109 54 62 40 33 73 59 96 17 39 75 38 82 66 58 75 27 75 102 47 117 74 54 80 48 49 62 100 31 51 71 42 16 61 41 62 33 40 106 156 143 131 120 111 104 99 97 99 103 148 134 121 109 99 91 85 83 85 90 140 126 112 99 87 78 72 70 72 77 134 118 104 89 77 66 59 56 58 65 129 112 97 81 67 55 46 42 45 54 125 108 91 75 59 45 33 28 33 45 122 105 88 71 54 38 23 14 23 38 122 104 87 70 52 35 18 0 18 35 122 105 88 71 54 38 23 14 23 38 125 108 91 75 59 45 33 28 33 45
56 123 65 74 52 34 85 73 110 31 40 88 41 95 80 75 89 36 89 117 56 130 89 68 90 47 63 77 115 40 63 84 54 32 75 52 75 43 44 121 170 156 143 131 120 110 103 99 97 98 162 148 134 121 109 98 90 85 83 85 156 140 126 112 99 87 78 72 69 71 150 134 118 103 89 76 66 58 55 58 145 129 112 97 81 67 54 45 42 45 142 125 108 91 75 59 45 33 28 33 140 122 105 88 71 54 38 23 14 23 139 122 104 87 70 52 35 18 0 18 140 122 105 88 71 54 38 23 14 23 142 125 108 91 75 59 45 33 28 33
70 138 79 88 67 43 99 89 125 48 48 103 50 108 95 93 104 50 103 133 68 145 105 84 102 52 78 92 130 52 77 99 68 49 91 66 89 56 54 136 184 170 156 143 130 119 110 103 98 96 177 162 148 134 120 108 98 90 85 83 171 155 140 125 111 98 87 77 71 69 166 150 134 118 103 89 76 65 58 55 162 145 129 112 96 81 67 54 45 42 159 142 125 108 91 75 59 45 33 28 157 140 122 105 88 71 54 38 23 14 156 139 122 104 87 70 52 35 18 0 157 140 122 105 88 71 54 38 23 14 159 142 125 108 91 75 59 45 33 28
110 86 109 103 107 135 103 92 87 114 139 91 135 102 89 69 91 120 94 79 120 97 83 94 116 145 96 88 81 122 107 92 109 111 89 113 98 117 131 86 115 116 119 125 133 143 154 166 179 192 100 102 106 112 121 132 144 156 170 184 86 88 93 100 110 122 134 148 162 177 72 74 80 88 99 112 126 140 156 171 58 60 67 77 90 104 119 134 150 166 43 47 55 68 82 97 113 129 145 162 29 34 45 60 75 91 108 125 142 159 15 23 38 54 71 88 105 122 140 157 0 18 35 52 70 87 104 122 139 156 15 23 38 54 71 88 105 122 140 157
95 81 95 90 92 119 91 78 80 97 123 79 119 91 76 53 80 103 82 73 105 92 71 79 105 130 81 74 74 106 93 80 93 94 75 98 85 101 115 80 116 114 115 119 125 133 142 153 165 178 102 100 101 105 112 121 131 143 156 170 88 86 87 92 100 110 121 134 148 162 74 72 73 79 88 99 112 126 140 155 60 57 60 67 77 90 104 118 134 150 47 43 46 55 67 82 97 112 129 145 34 29 34 45 60 75 91 108 125 142 23 15 23 38 54 71 88 105 122 140 18 0 18 35 52 70 87 104 122 139 23 15 23 38 54 71 88 105 122 140
81 79 82 78 77 103 81 66 75 81 107 70 104 83 65 38 71 88 73 71 91 91 62 67 95 115 67 63 71 91 80 70 79 77 63 84 73 86 100 78 119 115 114 115 118 124 132 142 153 165 106 101 99 101 105 112 121 131 143 156 93 87 85 87 92 99 109 121 134 148 80 73 71 73 79 88 99 112 126 140 67 60 57 60 67 77 90 104 118 134 55 46 43 46 55 67 81 97 112 129 45 34 29 34 45 60 75 91 108 125 38 23 15 23 38 54 71 88 105 122 35 18 0 18 35 52 70 87 104 122 38 23 15 23 38 54 71 88 105 122
69 81 71 69 64 88 74 56 74 65 93 64 89 78 58 27 65 73 67 72 78 93 57 56 88 100 56 54 72 76 68 63 66 61 55 70 64 72 86 79 125 119 115 113 114 118 124 132 141 152 112 105 101 99 100 105 111 120 131 143 100 92 87 85 87 91 99 109 121 134 88 79 73 71 73 79 88 99 112 125 77 67 60 57 59 66 77 89 103 118 68 55 46 43 46 55 67 81 97 112 60 45 34 29 33 45 59 75 91 108 54 38 23 15 23 38 54 71 88 105 52 35 18 0 18 35 52 70 87 104 54 38 23 15 23 38 54 71 88 105
58 86 63 64 53 74 71 51 78 49 79 63 76 76 55 25 64 59 66 78 68 98 57 50 84 87 48 50 77 63 60 61 56 45 51 60 59 59 73 84 133 125 118 114 113 114 117 123 131 141 121 112 105 100 99 100 104 111 120 130 110 100 92 87 85 86 91 99 109 120 99 88 79 73 71 73 78 87 99 111 90 77 67 59 57 59 66 77 89 103 82 67 55 46 43 46 55 67 81 96 75 60 45 33 29 33 45 59 75 91 71 54 38 23 15 23 38 54 71 88 70 52 35 18 0 18 35 52 70 87 71 54 38 23 15 23 38 54 71 88
52 95 59 62 46 61 71 52 84 36 67 67 64 79 57 33 67 47 68 87 61 105 62 49 83 76 45 53 85 52 56 64 49 31 52 52 59 49 63 92 143 133 124 118 114 112 113 117 123 131 132 121 112 105 100 98 99 104 110 119 122 110 99 91 86 84 86 91 98 108 112 99 88 79 73 70 72 78 87 98 104 90 77 66 59 56 59 66 76 89 97 82 67 55 46 42 46 55 67 81 91 75 60 45 33 28 33 45 59 75 88 71 54 38 23 14 23 38 54 71 87 70 52 35 18 0 18 35 52 70 88 71 54 38 23 14 23 38 54 71
52 105 60 66 46 52 76 58 94 28 58 74 56 84 64 47 75 40 75 98 58 115 71 54 86 66 49 60 96 45 57 71 49 23 59 50 64 44 56 103 154 142 132 124 117 113 112 113 116 122 144 131 121 111 104 99 98 99 103 110 134 121 109 99 91 86 84 85 90 98 126 112 99 88 78 72 70 72 78 87 119 104 90 77 66 59 56 59 66 76 113 97 81 67 55 46 42 46 54 67 108 91 75 59 45 33 28 33 45 59 105 88 71 54 38 23 14 23 38 54 104 87 70 52 35 18 0 18 35 52 105 88 71 54 38 23 14 23 38 54
57 117 66 73 51 46 84 68 105 29 53 84 52 93 75 62 85 40 85 111 60 126 83 64 92 61 58 71 108 45 63 81 54 26 70 54 72 46 54 115 166 153 142 132 123 117 113 111 112 116 156 143 131 120 111 104 99 97 99 103 148 134 121 109 99 91 85 83 85 90 140 126 112 99 87 78 72 70 72 77 134 118 104 89 77 66 59 56 58 65 129 112 97 81 67 55 46 42 45 54 125 108 91 75 59 45 33 28 33 45 122 105 88 71 54 38 23 14 23 38 122 104 87 70 52 35 18 0 18 35 122 105 88 71 54 38 23 14 23 38
66 131 75 84 61 47 95 81 118 39 54 97 54 104 88 78 97 47 97 124 67 139 97 76 101 60 71 84 122 51 73 93 64 38 83 62 84 53 57 128 179 165 153 141 131 123 116 112 110 112 170 156 143 131 120 110 103 99 97 98 162 148 134 121 109 98 90 85 83 85 156 140 126 112 99 87 78 72 69 71 150 134 118 103 89 76 66 58 55 58 145 129 112 97 81 67 54 45 42 45 142 125 108 91 75 59 45 33 28 33 140 122 105 88 71 54 38 23 14 23 139 122 104 87 70 52 35 18 0 18 140 122 105 88 71 54 38 23 14 23
78 145 87 96 74 54 107 95 132 53 60 110 61 117 102 95 111 58 111 139 78 152 111 90 111 65 85 98 136 61 85 106 76 53 97 74 97 65 65 143 192 178 165 152 141 131 122 116 112 110 184 170 156 143 130 119 110 103 98 96 177 162 148 134 120 108 98 90 85 83 171 155 140 125 111 98 87 77 71 69 166 150 134 118 103 89 76 65 58 55 162 145 129 112 96 81 67 54 45 42 159 142 125 108 91 75 59 45 33 28 157 140 122 105 88 71 54 38 23 14 156 139 122 104 87 70 52 35 18 0 157 140 122 105 88 71 54 38 23 14
117 99 117 112 114 141 113 100 100 118 144 101 141 113 99 75 102 125 104 92 127 110 93 102 127 152 103 97 93 128 115 102 116 115 98 120 107 123 137 99 129 130 133 138 145 154 164 176 188 201 115 116 119 125 133 143 154 166 179 192 100 102 106 112 121 132 144 156 170 184 86 88 93 100 110 122 134 148 162 177 72 74 80 88 99 112 126 140 156 171 58 60 67 77 90 104 119 134 150 166 43 47 55 68 82 97 113 129 145 162 29 34 45 60 75 91 108 125 142 159 15 23 38 54 71 88 105 122 140 157 0 18 35 52 70 87 104 122 139 156
103 95 104 100 100 125 103 88 93 102 129 91 126 104 87 61 92 110 94 87 113 106 83 89 116 137 90 84 87 113 102 91 101 98 85 106 95 108 123 94 130 128 129 132 138 145 154 164 175 187 116 114 115 119 125 133 142 153 165 178 102 100 101 105 112 121 131 143 156 170 88 86 87 92 100 110 121 134 148 162 74 72 73 79 88 99 112 126 140 155 60 57 60 67 77 90 104 118 134 150 47 43 46 55 67 82 97 112 129 145 34 29 34 45 60 75 91 108 125 142 23 15 23 38 54 71 88 105 122 140 18 0 18 35 52 70 87 104 122 139
91 93 93 90 86 110 94 77 89 86 115 83 112 96 78 48 84 95 86 85 101 105 75 77 108 123 78 74 85 98 90 83 88 83 75 93 85 94 108 92 133 129 128 129 132 137 144 153 163 175 119 115 114 115 118 124 132 142 153 165 106 101 99 101 105 112 121 131 143 156 93 87 85 87 92 99 109 121 134 148 80 73 71 73 79 88 99 112 126 140 67 60 57 60 67 77 90 104 118 134 55 46 43 46 55 67 81 97 112 129 45 34 29 34 45 60 75 91 108 125 38 23 15 23 38 54 71 88 105 122 35 18 0 18 35 52 70 87 104 122
80 95 83 82 75 96 88 69 88 72 101 78 98 92 71 40 79 81 81 86 89 106 71 69 101 109 68 67 86 85 80 77 77 67 68 81 77 81 95 93 138 132 129 127 128 131 137 144 153 163 125 119 115 113 114 118 124 132 141 152 112 105 101 99 100 105 111 120 131 143 100 92 87 85 87 91 99 109 121 134 88 79 73 71 73 79 88 99 112 125 77 67 60 57 59 66 77 89 103 118 68 55 46 43 46 55 67 81 97 112 60 45 34 29 33 45 59 75 91 108 54 38 23 15 23 38 54 71 88 105 52 35 18 0 18 35 52 70 87 104
71 99 76 77 65 83 85 65 91 58 89 77 86 90 69 38 78 69 80 91 80 111 71 63 98 97 61 64 90 73 73 75 68 54 65 72 73 70 84 97 145 138 132 128 127 127 131 136 143 152 133 125 118 114 113 114 117 123 131 141 121 112 105 100 99 100 104 111 120 130 110 100 92 87 85 86 91 99 109 120 99 88 79 73 71 73 78 87 99 111 90 77 67 59 57 59 66 77 89 103 82 67 55 46 43 46 55 67 81 96 75 60 45 33 29 33 45 59 75 91 71 54 38 23 15 23 38 54 71 88 70 52 35 18 0 18 35 52 70 87
66 107 73 76 60 72 85 66 97 47 78 80 76 92 71 44 81 59 82 98 74 117 75 63 97 87 59 66 97 64 70 77 63 43 66 66 73 62 75 104 154 145 137 131 127 126 127 130 135 143 143 133 124 118 114 112 113 117 123 131 132 121 112 105 100 98 99 104 110 119 122 110 99 91 86 84 86 91 98 108 112 99 88 79 73 70 72 78 87 98 104 90 77 66 59 56 59 66 76 89 97 82 67 55 46 42 46 55 67 81 91 75 60 45 33 28 33 45 59 75 88 71 54 38 23 14 23 38 54 71 87 70 52 35 18 0 18 35 52 70
66 116 74 79 59 64 89 71 105 41 71 86 69 97 77 55 87 54 88 108 72 126 83 67 99 79 62 72 106 59 71 83 62 37 71 64 77 58 69 114 164 154 144 137 131 127 125 126 130 135 154 142 132 124 117 113 112 113 116 122 144 131 121 111 104 99 98 99 103 110 134 121 109 99 91 86 84 85 90 98 126 112 99 88 78 72 70 72 78 87 119 104 90 77 66 59 56 59 66 76 113 97 81 67 55 46 42 46 54 67 108 91 75 59 45 33 28 33 45 59 105 88 71 54 38 23 14 23 38 54 104 87 70 52 35 18 0 18 35 52
69 127 79 85 64 60 96 79 116 42 67 95 66 105 86 69 96 54 96 120 74 136 93 75 105 75 70 81 118 59 76 91 67 39 80 67 84 59 67 125 176 164 153 144 136 130 126 125 126 129 166 153 142 132 123 117 113 111 112 116 156 143 131 120 111 104 99 97 99 103 148 134 121 109 99 91 85 83 85 90 140 126 112 99 87 78 72 70 72 77 134 118 104 89 77 66 59 56 58 65 129 112 97 81 67 55 46 42 45 54 125 108 91 75 59 45 33 28 33 45 122 105 88 71 54 38 23 14 23 38 122 104 87 70 52 35 18 0 18 35
77 140 87 94 72 61 105 90 127 50 67 106 67 115 97 84 107 59 107 133 80 148 105 85 112 74 80 93 130 63 84 102 75 47 92 74 94 65 70 137 188 175 163 153 143 135 130 126 124 125 179 165 153 141 131 123 116 112 110 112 170 156 143 131 120 110 103 99 97 98 162 148 134 121 109 98 90 85 83 85 156 140 126 112 99 87 78 72 69 71 150 134 118 103 89 76 66 58 55 58 145 129 112 97 81 67 54 45 42 45 142 125 108 91 75 59 45 33 28 33 140 122 105 88 71 54 38 23 14 23 139 122 104 87 70 52 35 18 0 18
88 153 97 106 83 66 116 103 141 61 72 119 73 126 110 99 119 68 119 146 88 161 119 98 122 77 93 106 144 72 95 115 85 60 105 84 106 75 77 150 201 187 175 163 152 143 135 129 125 124 192 178 165 152 141 131 122 116 112 110 184 170 156 143 130 119 110 103 98 96 177 162 148 134 120 108 98 90 85 83 171 155 140 125 111 98 87 77 71 69 166 150 134 118 103 89 76 65 58 55 162 145 129 112 96 81 67 54 45 42 159 142 125 108 91 75 59 45 33 28 157 140 122 105 88 71 54 38 23 14 156 139 122 104 87 70 52 35 18 0
