0 8 110 29 30 50 20 89 16 43 31 32 36 11 31 71 45 38 52 25 3 10 103 21 34 57 38 90 23 32 20 55 57 19 52 67 43 19 44 28 131 118 106 95 87 82 80 82 88 96 123 109 95 84 74 68 66 69 75 85 116 101 86 73 62 55 52 55 63 75 110 94 78 64 51 42 38 43 53 66 106 89 73 57 42 29 25 31 44 59 103 86 69 52 35 19 11 22 38 55 103 86 68 51 34 17 4 20 37 54 105 88 71 54 38 24 18 26 40 57 108 91 75 60 46 36 32 37 48 62 113 97 82 69 57 49 46 49 58 70
8 0 114 22 36 54 14 94 20 36 34 27 38 7 25 71 37 43 52 23 11 10 108 25 40 61 31 94 25 24 26 58 51 14 51 68 36 26 46 23 135 121 109 97 88 81 78 78 82 90 127 113 99 86 76 68 64 65 70 78 121 105 90 77 64 55 50 51 57 68 116 99 84 68 54 43 36 38 46 59 112 95 79 62 46 32 23 25 36 51 110 93 76 59 42 25 10 14 30 47 110 93 76 59 41 24 9 14 30 47 112 95 78 62 46 31 21 24 36 51 115 99 83 68 53 42 35 36 45 58 120 105 90 76 63 54 49 50 56 67
110 114 0 121 81 61 113 21 95 128 81 111 80 111 118 74 146 72 81 101 107 105 10 90 77 55 131 23 90 131 90 63 129 110 89 64 137 93 74 110 26 26 35 49 65 81 98 115 132 149 14 13 28 44 61 78 96 113 130 147 11 10 26 43 61 78 95 112 130 147 21 21 32 47 63 80 97 114 131 148 35 34 42 54 69 84 100 117 134 150 48 48 54 64 76 91 106 122 138 154 62 62 67 75 86 99 113 128 143 159 77 76 80 87 96 108 121 135 149 165 91 90 93 99 108 118 130 143 157 171 105 105 107 112 120 129 140 152 165 179
29 22 121 0 50 61 10 100 34 14 43 12 41 19 5 64 25 53 46 20 31 23 116 37 54 67 11 99 33 11 39 59 29 14 42 65 18 44 48 11 139 123 108 95 82 71 64 61 62 68 133 117 101 86 72 60 51 47 49 56 129 112 96 79 64 50 39 33 36 46 126 109 92 75 58 42 28 19 24 37 124 107 90 73 55 38 21 6 16 33 125 107 90 73 56 39 22 10 18 34 126 109 93 76 60 44 31 24 28 40 130 113 97 81 66 53 42 37 40 49 135 119 103 89 75 63 55 51 53 60 140 125 111 97 85 75 68 65 66 72
30 36 81 50 0 24 41 61 18 62 14 46 23 35 50 59 72 12 43 34 27 29 74 14 5 31 61 62 19 57 12 35 72 37 48 50 67 12 29 43 104 92 82 75 71 72 76 84 95 107 94 81 70 61 57 58 64 73 85 99 87 72 59 49 43 44 52 63 77 92 80 65 50 37 29 31 41 55 70 86 77 60 43 27 16 19 33 49 66 83 75 58 41 23 6 12 30 47 64 81 77 60 43 27 15 19 33 49 66 83 80 64 49 36 29 31 41 54 70 86 86 72 59 48 43 44 51 63 76 91 94 81 69 61 57 57 63 73 85 98
50 54 61 61 24 0 53 40 35 70 20 52 21 50 59 42 85 13 33 41 47 45 55 29 21 8 72 41 30 71 30 16 75 50 40 31 78 35 19 51 82 69 58 52 50 55 64 76 90 104 74 59 47 38 36 43 54 68 83 99 68 52 37 25 23 32 46 61 78 95 65 48 31 15 10 24 41 58 75 92 65 48 31 14 9 24 41 58 75 92 68 52 36 24 22 31 45 61 78 94 73 59 46 37 35 42 53 67 82 98 81 68 57 51 49 54 63 75 89 104 90 79 70 64 63 67 74 85 97 111 101 91 83 78 77 80 86 96 107 119
20 14 113 10 41 53 0 93 24 24 34 13 34 9 12 62 33 44 43 14 22 13 108 28 44 59 21 92 24 18 29 53 37 4 40 61 27 34 41 10 132 117 103 90 79 70 65 65 68 76 126 110 95 81 68 58 52 51 56 65 121 104 88 73 59 46 38 37 44 55 117 100 84 67 51 36 25 24 33 47 115 98 81 64 47 30 14 11 26 43 115 98 81 63 46 29 13 9 25 42 117 100 83 66 50 35 23 21 31 46 120 103 87 71 57 44 35 34 41 53 125 109 93 79 66 55 49 48 53 63 131 116 101 88 77 68 62 61 66 74
89 94 21 100 61 40 93 0 74 108 60 90 59 90 98 57 125 51 62 80 87 84 17 69 57 34 110 8 69 110 69 43 109 89 70 46 117 73 53 90 44 35 33 40 52 67 82 98 115 132 34 22 20 30 45 61 78 95 112 129 29 12 8 24 41 59 76 93 110 128 31 16 12 26 42 59 76 94 111 128 38 27 26 34 48 63 80 96 113 130 48 41 39 45 56 70 85 101 117 133 61 54 53 58 67 79 92 107 122 138 73 68 68 71 78 89 101 114 129 144 87 82 82 85 91 100 110 123 136 151 100 96 96 98 103 111 121 132 145 158
16 20 95 34 18 35 24 74 0 46 16 30 22 18 34 58 55 23 40 20 14 12 88 6 21 42 44 75 9 40 6 40 57 21 42 53 50 12 30 27 116 103 91 81 74 70 71 75 84 94 108 94 80 69 60 56 57 63 73 85 101 86 71 58 48 42 44 51 63 76 96 80 64 49 36 28 30 41 55 70 93 76 59 43 27 15 19 33 49 66 92 75 58 40 23 6 13 30 47 64 93 76 59 43 27 16 19 33 49 66 97 80 64 49 37 29 31 41 55 70 102 86 72 59 48 43 44 52 63 77 108 94 81 70 61 57 58 64 73 85
43 36 128 14 62 70 24 108 46 0 53 18 50 32 13 65 25 64 49 30 45 36 124 49 65 75 9 105 44 17 51 66 17 26 43 69 12 57 55 20 144 128 112 97 83 70 59 53 51 55 139 123 106 90 75 61 48 39 38 43 136 119 102 86 69 53 38 27 24 32 135 117 100 83 66 49 32 16 11 24 134 117 100 82 65 48 31 14 7 23 136 118 101 84 68 51 36 23 19 29 138 121 105 89 73 58 44 35 33 39 142 126 110 95 80 67 55 48 46 51 147 132 117 102 89 77 67 61 60 64 154 139 124 111 99 88 80 75 74 77
31 34 81 43 14 20 34 60 16 53 0 35 10 31 41 46 66 11 30 23 29 25 75 10 15 27 53 60 10 51 12 26 61 30 34 39 60 20 17 33 101 88 76 66 60 59 63 70 81 94 94 79 65 54 47 45 50 59 72 86 88 72 57 43 33 31 38 50 65 80 84 67 50 35 21 17 28 43 59 76 82 65 48 31 13 6 23 40 57 74 83 66 49 33 18 13 25 41 58 75 86 70 54 40 29 27 34 47 63 79 92 76 62 50 42 40 46 56 69 84 99 85 72 62 56 54 58 67 78 91 107 94 83 75 69 68 71 78 88 100
32 27 111 12 46 52 13 90 30 18 35 0 32 21 8 53 37 46 35 12 33 23 106 32 48 57 21 88 27 23 35 49 28 13 30 54 27 41 37 4 128 112 97 83 70 60 53 52 56 65 123 106 90 75 61 48 40 38 44 55 119 102 85 69 53 38 27 25 33 47 117 100 82 65 48 32 16 12 25 41 117 99 82 65 47 30 13 7 23 40 118 101 84 67 51 35 22 19 29 44 121 104 88 72 57 44 34 32 39 51 125 109 94 79 66 55 48 46 51 61 131 116 102 88 76 67 61 60 64 72 138 124 110 98 88 80 75 74 77 83
36 38 80 41 23 21 34 59 22 50 10 32 0 33 39 38 66 17 20 21 35 28 75 18 24 26 51 58 13 51 20 20 55 30 25 32 58 29 9 31 99 84 71 60 52 50 53 62 73 87 92 77 62 49 39 36 41 51 65 80 88 71 55 40 27 22 29 43 58 75 86 68 51 34 18 8 21 38 55 72 85 68 51 34 17 7 21 37 55 72 88 71 55 39 26 21 28 42 58 74 92 76 61 48 38 35 40 50 64 79 98 84 70 59 51 49 52 61 73 86 106 93 81 71 65 63 65 72 82 95 115 103 92 84 78 77 79 85 93 104
11 7 111 19 35 50 9 90 18 32 31 21 33 0 21 65 38 40 46 17 13 6 105 22 38 57 28 90 21 23 23 53 46 8 45 63 34 26 41 18 131 117 104 92 82 75 72 72 77 85 124 109 94 81 70 62 58 59 64 74 118 102 87 72 59 49 44 45 53 64 113 97 80 65 50 37 30 32 42 56 110 93 76 60 43 28 17 20 34 50 109 92 75 57 40 23 6 13 30 47 110 93 76 59 42 26 14 18 33 49 113 96 79 63 48 35 27 29 40 54 117 101 85 70 57 47 41 42 50 62 122 107 93 79 68 59 55 56 62 72
31 25 118 5 50 59 12 98 34 13 41 8 39 21 0 60 29 52 42 18 33 24 113 37 53 64 13 96 32 15 39 56 26 14 38 62 19 44 45 8 135 120 105 91 78 67 59 56 58 65 130 114 98 83 68 56 46 42 45 54 126 109 93 76 61 46 34 29 33 44 124 107 89 72 56 39 24 15 22 37 123 106 88 71 54 36 19 2 17 34 124 106 89 72 55 39 23 14 21 36 126 109 92 76 60 46 33 28 32 43 130 114 98 82 68 55 46 42 44 53 135 119 104 90 77 66 58 55 57 64 141 127 112 99 88 78 72 69 71 76
71 71 74 64 59 42 62 57 58 65 46 53 38 65 60 0 88 49 20 49 70 62 73 55 57 38 71 52 49 75 57 26 60 59 23 13 76 66 30 54 83 66 49 33 18 14 26 42 58 75 82 65 48 30 13 5 23 40 57 74 84 67 50 34 20 17 27 43 59 76 88 72 56 43 33 30 37 49 64 80 93 78 65 53 46 44 49 59 72 86 101 87 75 65 59 58 62 70 81 94 110 97 86 78 73 72 75 82 91 103 119 108 98 91 87 86 88 94 102 113 130 120 111 104 101 100 102 107 114 123 141 132 124 118 115 114 115 120 126 135
45 37 146 25 72 85 33 125 55 25 66 37 66 38 29 88 0 76 71 45 47 43 140 59 75 91 17 124 57 15 60 84 38 36 66 90 13 63 73 36 163 148 133 119 106 94 84 76 72 72 158 142 126 111 97 84 72 63 59 59 153 137 120 104 89 75 61 51 45 45 150 133 116 99 83 67 52 40 32 32 147 130 113 96 79 62 46 30 19 20 146 129 112 94 77 60 43 25 8 11 147 130 112 95 78 61 44 28 14 15 149 131 115 98 81 65 49 36 26 27 152 135 118 102 86 71 58 46 40 40 156 140 124 108 94 80 68 58 53 54
38 43 72 53 12 13 44 51 23 64 11 46 17 40 52 49 76 0 35 34 36 34 65 18 9 20 64 52 20 62 18 24 71 41 41 39 70 23 20 44 94 81 71 63 60 62 68 78 90 104 85 71 59 50 46 49 56 68 82 96 78 63 49 38 32 36 46 59 75 91 74 57 41 27 18 24 38 53 70 87 72 54 37 20 5 16 33 51 68 85 72 55 39 22 11 19 35 52 69 86 76 60 45 32 25 29 41 56 72 88 82 67 54 44 39 42 51 63 78 93 89 76 65 56 53 55 62 73 85 100 98 86 77 70 67 69 74 83 95 108
52 52 81 46 43 33 43 62 40 49 30 35 20 46 42 20 71 35 0 30 51 43 78 37 43 33 54 58 31 57 39 21 48 40 9 20 60 48 16 36 95 79 63 49 37 31 34 44 58 73 92 75 58 42 27 17 22 36 52 68 90 73 56 38 21 4 15 32 49 67 91 74 57 40 24 13 19 34 51 68 94 77 61 46 33 26 30 41 56 71 99 83 69 55 45 40 43 51 63 77 105 91 78 66 58 54 56 62 73 85 113 100 88 78 71 68 69 75 83 95 122 110 99 91 85 82 83 88 95 105 132 121 111 104 98 96 97 101 107 116
25 23 101 20 34 41 14 80 20 30 23 12 21 17 18 49 45 34 30 0 26 15 96 21 36 47 31 79 15 30 24 40 39 11 28 47 37 31 28 10 119 104 90 77 66 58 55 58 65 75 113 97 82 67 55 45 41 44 53 66 109 92 76 60 45 33 27 32 44 58 106 89 72 55 38 23 14 22 37 53 105 88 71 53 36 19 2 17 34 52 106 89 72 55 39 24 15 23 37 54 109 92 76 61 46 34 29 33 45 59 114 98 83 68 56 47 43 46 55 67 120 105 91 78 67 60 57 59 66 76 127 113 100 89 79 73 71 72 78 87
3 11 107 31 27 47 22 87 14 45 29 33 35 13 33 70 47 36 51 26 0 11 100 19 31 55 41 87 22 35 18 54 59 20 52 66 46 16 43 29 129 116 104 94 86 81 80 83 89 97 120 106 93 82 73 68 66 70 77 87 113 98 84 71 61 54 53 57 65 77 107 91 76 62 49 41 39 44 55 68 103 86 70 54 39 28 25 33 46 61 101 83 66 49 33 17 12 24 41 58 100 83 66 48 31 14 6 22 39 57 102 85 68 51 36 22 19 28 43 59 105 89 73 58 44 35 32 39 50 65 110 95 80 67 55 48 46 51 60 72
10 10 105 23 29 45 13 84 12 36 25 23 28 6 24 62 43 34 43 15 11 0 99 17 33 52 33 84 16 29 18 48 49 10 43 59 39 21 37 19 126 112 99 87 78 72 70 72 78 87 118 103 89 77 66 59 56 59 66 77 112 96 81 67 55 46 42 46 55 68 108 91 75 59 45 33 29 34 45 60 105 88 71 54 37 22 15 23 38 55 104 86 69 52 34 17 1 18 36 53 105 87 70 54 37 22 14 23 38 55 107 91 74 59 44 33 28 33 45 60 112 96 81 67 54 45 42 46 55 67 118 103 89 76 66 58 56 58 66 76
103 108 10 116 74 55 108 17 88 124 75 106 75 105 113 73 140 65 78 96 100 99 0 83 70 49 126 22 84 125 83 59 126 104 86 62 132 86 69 105 36 34 40 52 66 82 98 114 131 148 23 20 30 45 61 77 94 111 128 145 14 7 23 41 58 75 92 110 127 144 16 11 25 41 58 75 93 110 127 144 27 25 33 47 62 79 95 112 129 146 40 39 45 55 69 84 100 116 132 149 54 53 57 66 78 91 106 121 137 153 68 67 70 78 88 100 113 128 143 158 82 81 84 90 99 110 122 135 150 164 96 95 98 103 111 120 132 144 158 172
21 25 90 37 14 29 28 69 6 49 10 32 18 22 37 55 59 18 37 21 19 17 83 0 17 37 48 69 7 45 3 36 59 24 40 49 54 12 26 30 111 97 86 76 69 67 69 74 84 95 103 88 75 64 56 53 55 62 73 86 96 81 66 53 43 39 42 51 64 79 91 75 59 44 31 25 30 42 57 73 89 72 54 38 22 11 20 36 52 69 88 71 54 36 19 4 17 34 52 69 90 73 56 40 26 18 24 38 54 71 94 78 62 48 37 32 36 46 60 75 99 84 70 58 49 46 49 57 68 82 107 93 80 70 63 60 62 68 78 90
34 40 77 54 5 21 44 57 21 65 15 48 24 38 53 57 75 9 43 36 31 33 70 17 0 28 64 59 22 61 15 33 74 41 48 48 71 16 28 46 100 88 78 72 69 70 76 85 96 109 90 77 66 58 55 57 64 74 87 101 83 68 55 45 41 44 52 65 79 94 76 61 46 33 27 31 42 57 73 89 73 56 39 23 13 20 35 52 69 86 72 54 37 20 3 16 33 50 68 85 73 57 40 25 16 22 37 53 70 86 78 62 48 36 30 34 45 58 74 90 84 70 58 48 44 47 55 67 80 95 92 80 69 61 58 60 67 76 89 102
57 61 55 67 31 8 59 34 42 75 27 57 26 57 64 38 91 20 33 47 55 52 49 37 28 0 77 33 36 77 37 14 78 56 41 26 83 43 21 57 75 61 51 45 45 51 62 75 90 106 67 52 39 31 31 40 53 68 84 101 62 46 30 18 18 31 47 64 81 98 60 43 26 8 10 27 45 62 79 96 62 45 29 16 16 30 46 63 80 97 66 51 37 28 29 38 52 67 83 100 73 60 49 42 42 49 60 74 89 105 82 70 61 56 56 61 71 83 96 111 92 82 74 70 70 74 82 92 105 118 103 94 88 84 84 87 94 103 114 127
38 31 131 11 61 72 21 110 44 9 53 21 51 28 13 71 17 64 54 31 41 33 126 48 64 77 0 109 44 9 50 69 25 24 49 74 7 54 57 21 148 132 117 102 89 77 67 61 60 63 143 126 110 95 80 67 55 48 46 51 139 122 105 89 73 58 45 35 32 39 136 119 102 85 68 52 36 23 19 28 135 118 100 83 66 49 31 14 6 22 135 118 101 84 66 49 33 17 11 24 137 120 103 86 70 54 39 27 24 32 140 124 107 91 76 61 49 40 38 43 145 129 113 98 84 71 60 53 52 56 150 135 120 106 93 81 72 67 65 68
90 94 23 99 62 41 92 8 75 105 60 88 58 90 96 52 124 52 58 79 87 84 22 69 59 33 109 0 69 109 70 40 106 88 66 41 115 74 52 88 42 30 27 33 46 61 77 93 110 127 35 19 13 24 39 56 73 90 108 125 33 15 4 20 38 55 72 90 107 124 37 23 17 26 41 57 74 91 108 125 45 35 31 37 49 63 78 95 111 128 56 48 45 49 59 71 85 100 116 132 68 61 59 63 70 80 93 107 122 137 81 75 74 76 82 91 102 115 129 144 94 89 88 90 95 103 113 124 137 151 107 103 102 104 108 115 124 135 146 159
23 25 90 33 19 30 24 69 9 44 10 27 13 21 32 49 57 20 31 15 22 16 84 7 22 36 44 69 0 42 10 33 53 21 34 45 50 19 22 25 110 96 84 73 65 61 62 68 77 89 103 88 74 62 52 47 49 56 67 80 97 81 66 52 40 34 36 45 58 73 94 77 60 44 29 20 23 36 51 68 92 74 57 40 23 7 14 31 48 65 92 75 58 41 24 11 16 32 49 66 95 78 62 46 32 24 27 38 53 69 99 83 68 55 44 38 40 48 60 75 105 90 77 65 56 52 53 59 70 82 113 99 87 77 69 66 66 72 80 92
32 24 131 11 57 71 18 110 40 17 51 23 51 23 15 75 15 62 57 30 35 29 125 45 61 77 9 109 42 0 46 70 34 22 53 76 12 49 58 22 149 134 119 105 93 82 74 69 68 72 143 127 112 97 83 71 61 55 54 59 138 122 106 90 75 61 49 42 41 47 135 118 101 84 68 53 39 29 27 36 133 115 98 81 64 47 31 17 14 27 132 115 98 80 63 46 28 11 7 25 133 116 99 82 65 48 32 19 17 29 135 119 102 85 70 54 41 32 30 38 139 123 107 91 76 63 52 45 44 50 144 129 113 99 85 73 64 58 58 62
20 26 90 39 12 30 29 69 6 51 12 35 20 23 39 57 60 18 39 24 18 18 83 3 15 37 50 70 10 46 0 37 62 26 43 51 56 10 28 32 111 98 87 78 71 69 71 77 86 98 103 89 76 65 58 55 58 65 76 89 96 81 66 54 45 41 45 54 67 81 91 74 59 44 32 27 33 45 59 75 88 71 54 37 22 13 22 38 54 71 87 69 52 35 17 2 18 36 53 70 88 71 54 38 23 15 24 39 55 72 91 75 60 45 34 29 34 46 60 76 97 82 68 55 47 43 47 56 68 82 104 90 77 67 60 57 60 67 77 90
55 58 63 59 35 16 53 43 40 66 26 49 20 53 56 26 84 24 21 40 54 48 59 36 33 14 69 40 33 70 37 0 67 50 29 16 75 45 12 49 80 65 51 41 36 40 49 62 77 93 74 58 42 29 22 28 40 56 72 88 71 54 37 21 8 18 35 52 69 86 71 54 37 20 7 18 34 52 69 86 74 57 42 28 21 26 39 55 71 88 79 64 50 40 35 38 48 62 76 92 86 73 61 52 49 51 59 70 84 98 95 83 73 66 63 65 71 80 92 106 105 94 85 79 77 78 83 92 102 114 116 106 98 93 91 92 96 103 113 124
57 51 129 29 72 75 37 109 57 17 61 28 55 46 26 60 38 71 48 39 59 49 126 59 74 78 25 106 53 34 62 67 0 39 41 67 26 69 58 31 142 126 109 93 77 62 49 39 35 40 139 122 105 88 72 55 40 27 21 28 138 121 103 86 69 52 35 18 8 20 138 121 103 86 69 52 35 18 7 20 139 122 105 88 72 55 40 27 21 28 142 125 109 93 77 62 49 38 35 39 146 130 114 99 84 71 59 51 49 52 152 136 121 106 93 81 71 64 62 65 158 143 129 115 103 92 83 78 76 78 165 151 137 125 113 104 96 91 90 91
19 14 110 14 37 50 4 89 21 26 30 13 30 8 14 59 36 41 40 11 20 10 104 24 41 56 24 88 21 22 26 50 39 0 38 58 31 31 38 10 129 114 100 87 77 69 64 65 69 78 122 107 92 78 65 56 51 51 57 67 117 101 85 70 56 44 37 37 45 58 114 97 80 64 48 33 23 24 35 50 112 95 77 60 43 26 11 13 29 46 112 94 77 60 43 26 10 12 29 46 113 96 79 63 47 32 22 23 34 49 117 100 84 69 54 42 35 36 44 56 122 106 91 77 64 54 49 49 55 66 128 113 99 86 75 67 62 63 68 76
52 51 89 42 48 40 40 70 42 43 34 30 25 45 38 23 66 41 9 28 52 43 86 40 48 41 49 66 34 53 43 29 41 38 0 27 55 52 22 32 102 86 69 54 40 31 29 37 50 65 99 82 65 48 32 18 16 28 44 60 98 81 63 46 29 11 7 24 41 59 99 82 65 48 32 18 16 28 44 60 102 85 69 54 40 30 29 37 50 65 107 91 76 62 51 43 42 48 59 72 113 98 85 73 63 57 56 61 69 81 121 107 95 84 76 71 70 74 81 91 129 117 105 96 89 85 84 87 93 102 139 127 117 108 102 98 98 100 105 113
67 68 64 65 50 31 61 46 53 69 39 54 32 63 62 13 90 39 20 47 66 59 62 49 48 26 74 41 45 76 51 16 67 58 27 0 80 59 23 55 76 60 44 30 21 25 38 53 69 86 73 56 39 22 8 16 32 49 67 84 73 56 39 22 9 16 33 50 67 84 76 60 44 30 22 26 38 53 70 86 81 66 52 41 36 38 48 60 75 91 89 75 63 54 50 52 59 69 82 97 97 85 75 67 64 65 71 80 91 105 107 96 87 81 78 79 84 91 101 113 118 108 100 94 92 93 97 103 112 123 129 120 113 108 106 107 110 116 124 134
43 36 137 18 67 78 27 117 50 12 60 27 58 34 19 76 13 70 60 37 46 39 132 54 71 83 7 115 50 12 56 75 26 31 55 80 0 60 64 27 154 138 123 108 94 82 71 64 60 62 149 133 117 101 86 72 60 51 47 49 145 128 112 95 79 64 50 38 33 36 143 125 108 91 75 58 42 28 19 24 141 124 107 90 72 55 38 21 6 16 142 124 107 90 73 56 39 22 10 18 143 126 109 92 76 59 44 31 23 28 146 130 113 97 81 66 53 42 37 40 150 134 118 103 88 75 63 55 51 53 156 140 125 111 97 85 75 68 65 66
19 26 93 44 12 35 34 73 12 57 20 41 29 26 44 66 63 23 48 31 16 21 86 12 16 43 54 74 19 49 10 45 69 31 52 59 60 0 36 38 115 103 93 85 80 78 80 86 95 106 106 93 81 72 66 64 67 74 84 96 98 84 71 60 52 50 54 62 74 87 92 76 62 49 39 36 41 52 65 80 87 71 54 39 27 22 30 43 59 75 85 68 50 33 17 9 22 38 55 73 85 67 50 33 17 7 21 38 55 73 87 70 54 38 26 21 29 43 59 75 91 76 61 47 38 35 40 51 65 80 98 83 70 58 51 49 52 61 73 87
44 46 74 48 29 19 41 53 30 55 17 37 9 41 45 30 73 20 16 28 43 37 69 26 28 21 57 52 22 58 28 12 58 38 22 23 64 36 0 37 91 76 63 51 44 43 48 59 72 86 86 70 54 41 31 29 37 50 65 81 82 65 48 32 18 16 28 44 60 77 81 64 46 29 12 7 24 41 58 76 82 65 48 32 18 16 28 43 60 77 86 70 54 40 31 29 37 50 65 81 91 76 63 51 44 43 48 59 72 86 99 85 73 63 58 57 61 69 81 94 107 95 84 76 71 71 74 81 91 103 117 106 96 89 85 84 87 93 102 113
28 23 110 11 43 51 10 90 27 20 33 4 31 18 8 54 36 44 36 10 29 19 105 30 46 57 21 88 25 22 32 49 31 10 32 55 27 38 37 0 128 112 98 84 72 62 56 55 60 69 122 106 90 75 62 50 43 42 48 58 118 101 85 69 53 39 29 28 36 50 116 99 82 65 48 31 17 15 28 44 115 98 80 63 46 29 11 7 24 42 116 99 82 65 48 32 19 17 28 44 119 102 85 69 54 41 31 30 38 50 123 107 91 76 63 51 44 43 49 59 128 113 99 85 73 63 58 57 61 70 135 121 107 95 84 76 71 71 74 81
131 135 26 139 104 82 132 44 116 144 101 128 99 131 135 83 163 94 95 119 129 126 36 111 100 75 148 42 110 149 111 80 142 129 102 76 154 115 91 128 0 18 35 52 70 87 104 122 139 156 15 23 38 54 71 88 105 122 140 157 29 34 45 60 75 91 108 125 142 159 43 47 55 68 82 97 113 129 145 162 58 60 67 77 90 104 119 134 150 166 72 74 80 88 99 112 126 140 156 171 86 88 93 100 110 122 134 148 162 177 100 102 106 112 121 132 144 156 170 184 115 116 119 125 133 143 154 166 179 192 129 130 133 138 145 154 164 176 188 201
118 121 26 123 92 69 117 35 103 128 88 112 84 117 120 66 148 81 79 104 116 112 34 97 88 61 132 30 96 134 98 65 126 114 86 60 138 103 76 112 18 0 18 35 52 70 87 104 122 139 23 15 23 38 54 71 88 105 122 140 34 29 34 45 60 75 91 108 125 142 47 43 46 55 67 82 97 112 129 145 60 57 60 67 77 90 104 118 134 150 74 72 73 79 88 99 112 126 140 155 88 86 87 92 100 110 121 134 148 162 102 100 101 105 112 121 131 143 156 170 116 114 115 119 125 133 142 153 165 178 130 128 129 132 138 145 154 164 175 187
106 109 35 108 82 58 103 33 91 112 76 97 71 104 105 49 133 71 63 90 104 99 40 86 78 51 117 27 84 119 87 51 109 100 69 44 123 93 63 98 35 18 0 18 35 52 70 87 104 122 38 23 15 23 38 54 71 88 105 122 45 34 29 34 45 60 75 91 108 125 55 46 43 46 55 67 81 97 112 129 67 60 57 60 67 77 90 104 118 134 80 73 71 73 79 88 99 112 126 140 93 87 85 87 92 99 109 121 134 148 106 101 99 101 105 112 121 131 143 156 119 115 114 115 118 124 132 142 153 165 133 129 128 129 132 137 144 153 163 175
95 97 49 95 75 52 90 40 81 97 66 83 60 92 91 33 119 63 49 77 94 87 52 76 72 45 102 33 73 105 78 41 93 87 54 30 108 85 51 84 52 35 18 0 18 35 52 70 87 104 54 38 23 15 23 38 54 71 88 105 60 45 34 29 33 45 59 75 91 108 68 55 46 43 46 55 67 81 97 112 77 67 60 57 59 66 77 89 103 118 88 79 73 71 73 79 88 99 112 125 100 92 87 85 87 91 99 109 121 134 112 105 101 99 100 105 111 120 131 143 125 119 115 113 114 118 124 132 141 152 138 132 129 127 128 131 137 144 153 163
87 88 65 82 71 50 79 52 74 83 60 70 52 82 78 18 106 60 37 66 86 78 66 69 69 45 89 46 65 93 71 36 77 77 40 21 94 80 44 72 70 52 35 18 0 18 35 52 70 87 71 54 38 23 15 23 38 54 71 88 75 60 45 33 29 33 45 59 75 91 82 67 55 46 43 46 55 67 81 96 90 77 67 59 57 59 66 77 89 103 99 88 79 73 71 73 78 87 99 111 110 100 92 87 85 86 91 99 109 120 121 112 105 100 99 100 104 111 120 130 133 125 118 114 113 114 117 123 131 141 145 138 132 128 127 127 131 136 143 152
82 81 81 71 72 55 70 67 70 70 59 60 50 75 67 14 94 62 31 58 81 72 82 67 70 51 77 61 61 82 69 40 62 69 31 25 82 78 43 62 87 70 52 35 18 0 18 35 52 70 88 71 54 38 23 14 23 38 54 71 91 75 60 45 33 28 33 45 59 75 97 82 67 55 46 42 46 55 67 81 104 90 77 66 59 56 59 66 76 89 112 99 88 79 73 70 72 78 87 98 122 110 99 91 86 84 86 91 98 108 132 121 112 105 100 98 99 104 110 119 143 133 124 118 114 112 113 117 123 131 154 145 137 131 127 126 127 130 135 143
80 78 98 64 76 64 65 82 71 59 63 53 53 72 59 26 84 68 34 55 80 70 98 69 76 62 67 77 62 74 71 49 49 64 29 38 71 80 48 56 104 87 70 52 35 18 0 18 35 52 105 88 71 54 38 23 14 23 38 54 108 91 75 59 45 33 28 33 45 59 113 97 81 67 55 46 42 46 54 67 119 104 90 77 66 59 56 59 66 76 126 112 99 88 78 72 70 72 78 87 134 121 109 99 91 86 84 85 90 98 144 131 121 111 104 99 98 99 103 110 154 142 132 124 117 113 112 113 116 122 164 154 144 137 131 127 125 126 130 135
82 78 115 61 84 76 65 98 75 53 70 52 62 72 56 42 76 78 44 58 83 72 114 74 85 75 61 93 68 69 77 62 39 65 37 53 64 86 59 55 122 104 87 70 52 35 18 0 18 35 122 105 88 71 54 38 23 14 23 38 125 108 91 75 59 45 33 28 33 45 129 112 97 81 67 55 46 42 45 54 134 118 104 89 77 66 59 56 58 65 140 126 112 99 87 78 72 70 72 77 148 134 121 109 99 91 85 83 85 90 156 143 131 120 111 104 99 97 99 103 166 153 142 132 123 117 113 111 112 116 176 164 153 144 136 130 126 125 126 129
88 82 132 62 95 90 68 115 84 51 81 56 73 77 58 58 72 90 58 65 89 78 131 84 96 90 60 110 77 68 86 77 35 69 50 69 60 95 72 60 139 122 104 87 70 52 35 18 0 18 140 122 105 88 71 54 38 23 14 23 142 125 108 91 75 59 45 33 28 33 145 129 112 97 81 67 54 45 42 45 150 134 118 103 89 76 66 58 55 58 156 140 126 112 99 87 78 72 69 71 162 148 134 121 109 98 90 85 83 85 170 156 143 131 120 110 103 99 97 98 179 165 153 141 131 123 116 112 110 112 188 175 163 153 143 135 130 126 124 125
96 90 149 68 107 104 76 132 94 55 94 65 87 85 65 75 72 104 73 75 97 87 148 95 109 106 63 127 89 72 98 93 40 78 65 86 62 106 86 69 156 139 122 104 87 70 52 35 18 0 157 140 122 105 88 71 54 38 23 14 159 142 125 108 91 75 59 45 33 28 162 145 129 112 96 81 67 54 45 42 166 150 134 118 103 89 76 65 58 55 171 155 140 125 111 98 87 77 71 69 177 162 148 134 120 108 98 90 85 83 184 170 156 143 130 119 110 103 98 96 192 178 165 152 141 131 122 116 112 110 201 187 175 163 152 143 135 129 125 124
123 127 14 133 94 74 126 34 108 139 94 123 92 124 130 82 158 85 92 113 120 118 23 103 90 67 143 35 103 143 103 74 139 122 99 73 149 106 86 122 15 23 38 54 71 88 105 122 140 157 0 18 35 52 70 87 104 122 139 156 15 23 38 54 71 88 105 122 140 157 29 34 45 60 75 91 108 125 142 159 43 47 55 68 82 97 113 129 145 162 58 60 67 77 90 104 119 134 150 166 72 74 80 88 99 112 126 140 156 171 86 88 93 100 110 122 134 148 162 177 100 102 106 112 121 132 144 156 170 184 115 116 119 125 133 143 154 166 179 192
109 113 13 117 81 59 110 22 94 123 79 106 77 109 114 65 142 71 75 97 106 103 20 88 77 52 126 19 88 127 89 58 122 107 82 56 133 93 70 106 23 15 23 38 54 71 88 105 122 140 18 0 18 35 52 70 87 104 122 139 23 15 23 38 54 71 88 105 122 140 34 29 34 45 60 75 91 108 125 142 47 43 46 55 67 82 97 112 129 145 60 57 60 67 77 90 104 118 134 150 74 72 73 79 88 99 112 126 140 155 88 86 87 92 100 110 121 134 148 162 102 100 101 105 112 121 131 143 156 170 116 114 115 119 125 133 142 153 165 178
95 99 28 101 70 47 95 20 80 106 65 90 62 94 98 48 126 59 58 82 93 89 30 75 66 39 110 13 74 112 76 42 105 92 65 39 117 81 54 90 38 23 15 23 38 54 71 88 105 122 35 18 0 18 35 52 70 87 104 122 38 23 15 23 38 54 71 88 105 122 45 34 29 34 45 60 75 91 108 125 55 46 43 46 55 67 81 97 112 129 67 60 57 60 67 77 90 104 118 134 80 73 71 73 79 88 99 112 126 140 93 87 85 87 92 99 109 121 134 148 106 101 99 101 105 112 121 131 143 156 119 115 114 115 118 124 132 142 153 165
84 86 44 86 61 38 81 30 69 90 54 75 49 81 83 30 111 50 42 67 82 77 45 64 58 31 95 24 62 97 65 29 88 78 48 22 101 72 41 75 54 38 23 15 23 38 54 71 88 105 52 35 18 0 18 35 52 70 87 104 54 38 23 15 23 38 54 71 88 105 60 45 34 29 33 45 59 75 91 108 68 55 46 43 46 55 67 81 97 112 77 67 60 57 59 66 77 89 103 118 88 79 73 71 73 79 88 99 112 125 100 92 87 85 87 91 99 109 121 134 112 105 101 99 100 105 111 120 131 143 125 119 115 113 114 118 124 132 141 152
74 76 61 72 57 36 68 45 60 75 47 61 39 70 68 13 97 46 27 55 73 66 61 56 55 31 80 39 52 83 58 22 72 65 32 8 86 66 31 62 71 54 38 23 15 23 38 54 71 88 70 52 35 18 0 18 35 52 70 87 71 54 38 23 15 23 38 54 71 88 75 60 45 33 29 33 45 59 75 91 82 67 55 46 43 46 55 67 81 96 90 77 67 59 57 59 66 77 89 103 99 88 79 73 71 73 78 87 99 111 110 100 92 87 85 86 91 99 109 120 121 112 105 100 99 100 104 111 120 130 133 125 118 114 113 114 117 123 131 141
68 68 78 60 58 43 58 61 56 61 45 48 36 62 56 5 84 49 17 45 68 59 77 53 57 40 67 56 47 71 55 28 55 56 18 16 72 64 29 50 88 71 54 38 23 14 23 38 54 71 87 70 52 35 18 0 18 35 52 70 88 71 54 38 23 14 23 38 54 71 91 75 60 45 33 28 33 45 59 75 97 82 67 55 46 42 46 55 67 81 104 90 77 66 59 56 59 66 76 89 112 99 88 79 73 70 72 78 87 98 122 110 99 91 86 84 86 91 98 108 132 121 112 105 100 98 99 104 110 119 143 133 124 118 114 112 113 117 123 131
66 64 96 51 64 54 52 78 57 48 50 40 41 58 46 23 72 56 22 41 66 56 94 55 64 53 55 73 49 61 58 40 40 51 16 32 60 67 37 43 105 88 71 54 38 23 14 23 38 54 104 87 70 52 35 18 0 18 35 52 105 88 71 54 38 23 14 23 38 54 108 91 75 59 45 33 28 33 45 59 113 97 81 67 55 46 42 46 54 67 119 104 90 77 66 59 56 59 66 76 126 112 99 88 78 72 70 72 78 87 134 121 109 99 91 86 84 85 90 98 144 131 121 111 104 99 98 99 103 110 154 142 132 124 117 113 112 113 116 122
69 65 113 47 73 68 51 95 63 39 59 38 51 59 42 40 63 68 36 44 70 59 111 62 74 68 48 90 56 55 65 56 27 51 28 49 51 74 50 42 122 105 88 71 54 38 23 14 23 38 122 104 87 70 52 35 18 0 18 35 122 105 88 71 54 38 23 14 23 38 125 108 91 75 59 45 33 28 33 45 129 112 97 81 67 55 46 42 45 54 134 118 104 89 77 66 59 56 58 65 140 126 112 99 87 78 72 70 72 77 148 134 121 109 99 91 85 83 85 90 156 143 131 120 111 104 99 97 99 103 166 153 142 132 123 117 113 111 112 116
75 70 130 49 85 83 56 112 73 38 72 44 65 64 45 57 59 82 52 53 77 66 128 73 87 84 46 108 67 54 76 72 21 57 44 67 47 84 65 48 140 122 105 88 71 54 38 23 14 23 139 122 104 87 70 52 35 18 0 18 140 122 105 88 71 54 38 23 14 23 142 125 108 91 75 59 45 33 28 33 145 129 112 97 81 67 54 45 42 45 150 134 118 103 89 76 66 58 55 58 156 140 126 112 99 87 78 72 69 71 162 148 134 121 109 98 90 85 83 85 170 156 143 131 120 110 103 99 97 98 179 165 153 141 131 123 116 112 110 112
85 78 147 56 99 99 65 129 85 43 86 55 80 74 54 74 59 96 68 66 87 77 145 86 101 101 51 125 80 59 89 88 28 67 60 84 49 96 81 58 157 140 122 105 88 71 54 38 23 14 156 139 122 104 87 70 52 35 18 0 157 140 122 105 88 71 54 38 23 14 159 142 125 108 91 75 59 45 33 28 162 145 129 112 96 81 67 54 45 42 166 150 134 118 103 89 76 65 58 55 171 155 140 125 111 98 87 77 71 69 177 162 148 134 120 108 98 90 85 83 184 170 156 143 130 119 110 103 98 96 192 178 165 152 141 131 122 116 112 110
116 121 11 129 87 68 121 29 101 136 88 119 88 118 126 84 153 78 90 109 113 112 14 96 83 62 139 33 97 138 96 71 138 117 98 73 145 98 82 118 29 34 45 60 75 91 108 125 142 159 15 23 38 54 71 88 105 122 140 157 0 18 35 52 70 87 104 122 139 156 15 23 38 54 71 88 105 122 140 157 29 34 45 60 75 91 108 125 142 159 43 47 55 68 82 97 113 129 145 162 58 60 67 77 90 104 119 134 150 166 72 74 80 88 99 112 126 140 156 171 86 88 93 100 110 122 134 148 162 177 100 102 106 112 121 132 144 156 170 184
101 105 10 112 72 52 104 12 86 119 72 102 71 102 109 67 137 63 73 92 98 96 7 81 68 46 122 15 81 122 81 54 121 101 81 56 128 84 65 101 34 29 34 45 60 75 91 108 125 142 23 15 23 38 54 71 88 105 122 140 18 0 18 35 52 70 87 104 122 139 23 15 23 38 54 71 88 105 122 140 34 29 34 45 60 75 91 108 125 142 47 43 46 55 67 82 97 112 129 145 60 57 60 67 77 90 104 118 134 150 74 72 73 79 88 99 112 126 140 155 88 86 87 92 100 110 121 134 148 162 102 100 101 105 112 121 131 143 156 170
86 90 26 96 59 37 88 8 71 102 57 85 55 87 93 50 120 49 56 76 84 81 23 66 55 30 105 4 66 106 66 37 103 85 63 39 112 71 48 85 45 34 29 34 45 60 75 91 108 125 38 23 15 23 38 54 71 88 105 122 35 18 0 18 35 52 70 87 104 122 38 23 15 23 38 54 71 88 105 122 45 34 29 34 45 60 75 91 108 125 55 46 43 46 55 67 81 97 112 129 67 60 57 60 67 77 90 104 118 134 80 73 71 73 79 88 99 112 126 140 93 87 85 87 92 99 109 121 134 148 106 101 99 101 105 112 121 131 143 156
73 77 43 79 49 25 73 24 58 86 43 69 40 72 76 34 104 38 38 60 71 67 41 53 45 18 89 20 52 90 54 21 86 70 46 22 95 60 32 69 60 45 34 29 33 45 59 75 91 108 54 38 23 15 23 38 54 71 88 105 52 35 18 0 18 35 52 70 87 104 54 38 23 15 23 38 54 71 88 105 60 45 34 29 33 45 59 75 91 108 68 55 46 43 46 55 67 81 97 112 77 67 60 57 59 66 77 89 103 118 88 79 73 71 73 79 88 99 112 125 100 92 87 85 87 91 99 109 121 134 112 105 101 99 100 105 111 120 131 143
62 64 61 64 43 23 59 41 48 69 33 53 27 59 61 20 89 32 21 45 61 55 58 43 41 18 73 38 40 75 45 8 69 56 29 9 79 52 18 53 75 60 45 33 29 33 45 59 75 91 71 54 38 23 15 23 38 54 71 88 70 52 35 18 0 18 35 52 70 87 71 54 38 23 15 23 38 54 71 88 75 60 45 33 29 33 45 59 75 91 82 67 55 46 43 46 55 67 81 96 90 77 67 59 57 59 66 77 89 103 99 88 79 73 71 73 78 87 99 111 110 100 92 87 85 86 91 99 109 120 121 112 105 100 99 100 104 111 120 130
55 55 78 50 44 32 46 59 42 53 31 38 22 49 46 17 75 36 4 33 54 46 75 39 44 31 58 55 34 61 41 18 52 44 11 16 64 50 16 39 91 75 60 45 33 28 33 45 59 75 88 71 54 38 23 14 23 38 54 71 87 70 52 35 18 0 18 35 52 70 88 71 54 38 23 14 23 38 54 71 91 75 60 45 33 28 33 45 59 75 97 82 67 55 46 42 46 55 67 81 104 90 77 66 59 56 59 66 76 89 112 99 88 79 73 70 72 78 87 98 122 110 99 91 86 84 86 91 98 108 132 121 112 105 100 98 99 104 110 119
52 50 95 39 52 46 38 76 44 38 38 27 29 44 34 27 61 46 15 27 53 42 92 42 52 47 45 72 36 49 45 35 35 37 7 33 50 54 28 29 108 91 75 59 45 33 28 33 45 59 105 88 71 54 38 23 14 23 38 54 104 87 70 52 35 18 0 18 35 52 105 88 71 54 38 23 14 23 38 54 108 91 75 59 45 33 28 33 45 59 113 97 81 67 55 46 42 46 54 67 119 104 90 77 66 59 56 59 66 76 126 112 99 88 78 72 70 72 78 87 134 121 109 99 91 86 84 85 90 98 144 131 121 111 104 99 98 99 103 110
55 51 112 33 63 61 37 93 51 27 50 25 43 45 29 43 51 59 32 32 57 46 110 51 65 64 35 90 45 42 54 52 18 37 24 50 38 62 44 28 125 108 91 75 59 45 33 28 33 45 122 105 88 71 54 38 23 14 23 38 122 104 87 70 52 35 18 0 18 35 122 105 88 71 54 38 23 14 23 38 125 108 91 75 59 45 33 28 33 45 129 112 97 81 67 55 46 42 45 54 134 118 104 89 77 66 59 56 58 65 140 126 112 99 87 78 72 70 72 77 148 134 121 109 99 91 85 83 85 90 156 143 131 120 111 104 99 97 99 103
63 57 130 36 77 78 44 110 63 24 65 33 58 53 33 59 45 75 49 44 65 55 127 64 79 81 32 107 58 41 67 69 8 45 41 67 33 74 60 36 142 125 108 91 75 59 45 33 28 33 140 122 105 88 71 54 38 23 14 23 139 122 104 87 70 52 35 18 0 18 140 122 105 88 71 54 38 23 14 23 142 125 108 91 75 59 45 33 28 33 145 129 112 97 81 67 54 45 42 45 150 134 118 103 89 76 66 58 55 58 156 140 126 112 99 87 78 72 69 71 162 148 134 121 109 98 90 85 83 85 170 156 143 131 120 110 103 99 97 98
75 68 147 46 92 95 55 128 76 32 80 47 75 64 44 76 45 91 67 58 77 68 144 79 94 98 39 124 73 47 81 86 20 58 59 84 36 87 77 50 159 142 125 108 91 75 59 45 33 28 157 140 122 105 88 71 54 38 23 14 156 139 122 104 87 70 52 35 18 0 157 140 122 105 88 71 54 38 23 14 159 142 125 108 91 75 59 45 33 28 162 145 129 112 96 81 67 54 45 42 166 150 134 118 103 89 76 65 58 55 171 155 140 125 111 98 87 77 71 69 177 162 148 134 120 108 98 90 85 83 184 170 156 143 130 119 110 103 98 96
110 116 21 126 80 65 117 31 96 135 84 117 86 113 124 88 150 74 91 106 107 108 16 91 76 60 136 37 94 135 91 71 138 114 99 76 143 92 81 116 43 47 55 68 82 97 113 129 145 162 29 34 45 60 75 91 108 125 142 159 15 23 38 54 71 88 105 122 140 157 0 18 35 52 70 87 104 122 139 156 15 23 38 54 71 88 105 122 140 157 29 34 45 60 75 91 108 125 142 159 43 47 55 68 82 97 113 129 145 162 58 60 67 77 90 104 119 134 150 166 72 74 80 88 99 112 126 140 156 171 86 88 93 100 110 122 134 148 162 177
94 99 21 109 65 48 100 16 80 117 67 100 68 97 107 72 133 57 74 89 91 91 11 75 61 43 119 23 77 118 74 54 121 97 82 60 125 76 64 99 47 43 46 55 67 82 97 112 129 145 34 29 34 45 60 75 91 108 125 142 23 15 23 38 54 71 88 105 122 140 18 0 18 35 52 70 87 104 122 139 23 15 23 38 54 71 88 105 122 140 34 29 34 45 60 75 91 108 125 142 47 43 46 55 67 82 97 112 129 145 60 57 60 67 77 90 104 118 134 150 74 72 73 79 88 99 112 126 140 155 88 86 87 92 100 110 121 134 148 162
78 84 32 92 50 31 84 12 64 100 50 82 51 80 89 56 116 41 57 72 76 75 25 59 46 26 102 17 60 101 59 37 103 80 65 44 108 62 46 82 55 46 43 46 55 67 81 97 112 129 45 34 29 34 45 60 75 91 108 125 38 23 15 23 38 54 71 88 105 122 35 18 0 18 35 52 70 87 104 122 38 23 15 23 38 54 71 88 105 122 45 34 29 34 45 60 75 91 108 125 55 46 43 46 55 67 81 97 112 129 67 60 57 60 67 77 90 104 118 134 80 73 71 73 79 88 99 112 126 140 93 87 85 87 92 99 109 121 134 148
64 68 47 75 37 15 67 26 49 83 35 65 34 65 72 43 99 27 40 55 62 59 41 44 33 8 85 26 44 84 44 20 86 64 48 30 91 49 29 65 68 55 46 43 46 55 67 81 97 112 60 45 34 29 33 45 59 75 91 108 54 38 23 15 23 38 54 71 88 105 52 35 18 0 18 35 52 70 87 104 54 38 23 15 23 38 54 71 88 105 60 45 34 29 33 45 59 75 91 108 68 55 46 43 46 55 67 81 97 112 77 67 60 57 59 66 77 89 103 118 88 79 73 71 73 79 88 99 112 125 100 92 87 85 87 91 99 109 121 134
51 54 63 58 29 10 51 42 36 66 21 48 18 50 56 33 83 18 24 38 49 45 58 31 27 10 68 41 29 68 32 7 69 48 32 22 75 39 12 48 82 67 55 46 43 46 55 67 81 96 75 60 45 33 29 33 45 59 75 91 71 54 38 23 15 23 38 54 71 88 70 52 35 18 0 18 35 52 70 87 71 54 38 23 15 23 38 54 71 88 75 60 45 33 29 33 45 59 75 91 82 67 55 46 43 46 55 67 81 96 90 77 67 59 57 59 66 77 89 103 99 88 79 73 71 73 78 87 99 111 110 100 92 87 85 86 91 99 109 120
42 43 80 42 31 24 36 59 28 49 17 32 8 37 39 30 67 24 13 23 41 33 75 25 31 27 52 57 20 53 27 18 52 33 18 26 58 36 7 31 97 82 67 55 46 42 46 55 67 81 91 75 60 45 33 28 33 45 59 75 88 71 54 38 23 14 23 38 54 71 87 70 52 35 18 0 18 35 52 70 88 71 54 38 23 14 23 38 54 71 91 75 60 45 33 28 33 45 59 75 97 82 67 55 46 42 46 55 67 81 104 90 77 66 59 56 59 66 76 89 112 99 88 79 73 70 72 78 87 98 122 110 99 91 86 84 86 91 98 108
38 36 97 28 41 41 25 76 30 32 28 16 21 30 24 37 52 38 19 14 39 29 93 30 42 45 36 74 23 39 33 34 35 23 16 38 42 41 24 17 113 97 81 67 55 46 42 46 54 67 108 91 75 59 45 33 28 33 45 59 105 88 71 54 38 23 14 23 38 54 104 87 70 52 35 18 0 18 35 52 105 88 71 54 38 23 14 23 38 54 108 91 75 59 45 33 28 33 45 59 113 97 81 67 55 46 42 46 54 67 119 104 90 77 66 59 56 59 66 76 126 112 99 88 78 72 70 72 78 87 134 121 109 99 91 86 84 85 90 98
43 38 114 19 55 58 24 94 41 16 43 12 38 32 15 49 40 53 34 22 44 34 110 42 57 62 23 91 36 29 45 52 18 24 28 53 28 52 41 15 129 112 97 81 67 55 46 42 45 54 125 108 91 75 59 45 33 28 33 45 122 105 88 71 54 38 23 14 23 38 122 104 87 70 52 35 18 0 18 35 122 105 88 71 54 38 23 14 23 38 125 108 91 75 59 45 33 28 33 45 129 112 97 81 67 55 46 42 45 54 134 118 104 89 77 66 59 56 58 65 140 126 112 99 87 78 72 70 72 77 148 134 121 109 99 91 85 83 85 90
53 46 131 24 70 75 33 111 55 11 59 25 55 42 22 64 32 70 51 37 55 45 127 57 73 79 19 108 51 27 59 69 7 35 44 70 19 65 58 28 145 129 112 97 81 67 54 45 42 45 142 125 108 91 75 59 45 33 28 33 140 122 105 88 71 54 38 23 14 23 139 122 104 87 70 52 35 18 0 18 140 122 105 88 71 54 38 23 14 23 142 125 108 91 75 59 45 33 28 33 145 129 112 97 81 67 54 45 42 45 150 134 118 103 89 76 66 58 55 58 156 140 126 112 99 87 78 72 69 71 162 148 134 121 109 98 90 85 83 85
66 59 148 37 86 92 47 128 70 24 76 41 72 56 37 80 32 87 68 53 68 60 144 73 89 96 28 125 68 36 75 86 20 50 60 86 24 80 76 44 162 145 129 112 96 81 67 54 45 42 159 142 125 108 91 75 59 45 33 28 157 140 122 105 88 71 54 38 23 14 156 139 122 104 87 70 52 35 18 0 157 140 122 105 88 71 54 38 23 14 159 142 125 108 91 75 59 45 33 28 162 145 129 112 96 81 67 54 45 42 166 150 134 118 103 89 76 65 58 55 171 155 140 125 111 98 87 77 71 69 177 162 148 134 120 108 98 90 85 83
106 112 35 124 77 65 115 38 93 134 82 117 85 110 123 93 147 72 94 105 103 105 27 89 73 62 135 45 92 133 88 74 139 112 102 81 141 87 82 115 58 60 67 77 90 104 119 134 150 166 43 47 55 68 82 97 113 129 145 162 29 34 45 60 75 91 108 125 142 159 15 23 38 54 71 88 105 122 140 157 0 18 35 52 70 87 104 122 139 156 15 23 38 54 71 88 105 122 140 157 29 34 45 60 75 91 108 125 142 159 43 47 55 68 82 97 113 129 145 162 58 60 67 77 90 104 119 134 150 166 72 74 80 88 99 112 126 140 156 171
89 95 34 107 60 48 98 27 76 117 65 99 68 93 106 78 130 54 77 88 86 88 25 72 56 45 118 35 74 115 71 57 122 95 85 66 124 71 65 98 60 57 60 67 77 90 104 118 134 150 47 43 46 55 67 82 97 112 129 145 34 29 34 45 60 75 91 108 125 142 23 15 23 38 54 71 88 105 122 140 18 0 18 35 52 70 87 104 122 139 23 15 23 38 54 71 88 105 122 140 34 29 34 45 60 75 91 108 125 142 47 43 46 55 67 82 97 112 129 145 60 57 60 67 77 90 104 118 134 150 74 72 73 79 88 99 112 126 140 155
73 79 42 90 43 31 81 26 59 100 48 82 51 76 88 65 113 37 61 71 70 71 33 54 39 29 100 31 57 98 54 42 105 77 69 52 107 54 48 80 67 60 57 60 67 77 90 104 118 134 55 46 43 46 55 67 81 97 112 129 45 34 29 34 45 60 75 91 108 125 38 23 15 23 38 54 71 88 105 122 35 18 0 18 35 52 70 87 104 122 38 23 15 23 38 54 71 88 105 122 45 34 29 34 45 60 75 91 108 125 55 46 43 46 55 67 81 97 112 129 67 60 57 60 67 77 90 104 118 134 80 73 71 73 79 88 99 112 126 140
57 62 54 73 27 14 64 34 43 82 31 65 34 60 71 53 96 20 46 53 54 54 47 38 23 16 83 37 40 81 37 28 88 60 54 41 90 39 32 63 77 67 60 57 59 66 77 89 103 118 68 55 46 43 46 55 67 81 97 112 60 45 34 29 33 45 59 75 91 108 54 38 23 15 23 38 54 71 88 105 52 35 18 0 18 35 52 70 87 104 54 38 23 15 23 38 54 71 88 105 60 45 34 29 33 45 59 75 91 108 68 55 46 43 46 55 67 81 97 112 77 67 60 57 59 66 77 89 103 118 88 79 73 71 73 79 88 99 112 125
42 46 69 55 16 9 47 48 27 65 13 47 17 43 54 46 79 5 33 36 39 37 62 22 13 16 66 49 23 64 22 21 72 43 40 36 72 27 18 46 90 77 67 59 57 59 66 77 89 103 82 67 55 46 43 46 55 67 81 96 75 60 45 33 29 33 45 59 75 91 71 54 38 23 15 23 38 54 71 88 70 52 35 18 0 18 35 52 70 87 71 54 38 23 15 23 38 54 71 88 75 60 45 33 29 33 45 59 75 91 82 67 55 46 43 46 55 67 81 96 90 77 67 59 57 59 66 77 89 103 99 88 79 73 71 73 78 87 99 111
29 32 84 38 19 24 30 63 15 48 6 30 7 28 36 44 62 16 26 19 28 22 79 11 20 30 49 63 7 47 13 26 55 26 30 38 55 22 16 29 104 90 77 66 59 56 59 66 76 89 97 82 67 55 46 42 46 55 67 81 91 75 60 45 33 28 33 45 59 75 88 71 54 38 23 14 23 38 54 71 87 70 52 35 18 0 18 35 52 70 88 71 54 38 23 14 23 38 54 71 91 75 60 45 33 28 33 45 59 75 97 82 67 55 46 42 46 55 67 81 104 90 77 66 59 56 59 66 76 89 112 99 88 79 73 70 72 78 87 98
25 23 100 21 33 41 14 80 19 31 23 13 21 17 19 49 46 33 30 2 25 15 95 20 35 46 31 78 14 31 22 39 40 11 29 48 38 30 28 11 119 104 90 77 66 59 56 59 66 76 113 97 81 67 55 46 42 46 54 67 108 91 75 59 45 33 28 33 45 59 105 88 71 54 38 23 14 23 38 54 104 87 70 52 35 18 0 18 35 52 105 88 71 54 38 23 14 23 38 54 108 91 75 59 45 33 28 33 45 59 113 97 81 67 55 46 42 46 54 67 119 104 90 77 66 59 56 59 66 76 126 112 99 88 78 72 70 72 78 87
31 25 117 6 49 58 11 96 33 14 40 7 37 20 2 59 30 51 41 17 33 23 112 36 52 63 14 95 31 17 38 55 27 13 37 60 21 43 43 7 134 118 104 89 77 66 59 56 58 65 129 112 97 81 67 55 46 42 45 54 125 108 91 75 59 45 33 28 33 45 122 105 88 71 54 38 23 14 23 38 122 104 87 70 52 35 18 0 18 35 122 105 88 71 54 38 23 14 23 38 125 108 91 75 59 45 33 28 33 45 129 112 97 81 67 55 46 42 45 54 134 118 104 89 77 66 59 56 58 65 140 126 112 99 87 78 72 70 72 77
44 36 134 16 66 75 26 113 49 7 57 23 55 34 17 72 19 68 56 34 46 38 129 52 69 80 6 111 48 14 54 71 21 29 50 75 6 59 60 24 150 134 118 103 89 76 66 58 55 58 145 129 112 97 81 67 54 45 42 45 142 125 108 91 75 59 45 33 28 33 140 122 105 88 71 54 38 23 14 23 139 122 104 87 70 52 35 18 0 18 140 122 105 88 71 54 38 23 14 23 142 125 108 91 75 59 45 33 28 33 145 129 112 97 81 67 54 45 42 45 150 134 118 103 89 76 66 58 55 58 156 140 126 112 99 87 78 72 69 71
59 51 150 33 83 92 43 130 66 23 74 40 72 50 34 86 20 85 71 52 61 55 146 69 86 97 22 128 65 27 71 88 28 46 65 91 16 75 77 42 166 150 134 118 103 89 76 65 58 55 162 145 129 112 96 81 67 54 45 42 159 142 125 108 91 75 59 45 33 28 157 140 122 105 88 71 54 38 23 14 156 139 122 104 87 70 52 35 18 0 157 140 122 105 88 71 54 38 23 14 159 142 125 108 91 75 59 45 33 28 162 145 129 112 96 81 67 54 45 42 166 150 134 118 103 89 76 65 58 55 171 155 140 125 111 98 87 77 71 69
103 110 48 125 75 68 115 48 92 136 83 118 88 109 124 101 146 72 99 106 101 104 40 88 72 66 135 56 92 132 87 79 142 112 107 89 142 85 86 116 72 74 80 88 99 112 126 140 156 171 58 60 67 77 90 104 119 134 150 166 43 47 55 68 82 97 113 129 145 162 29 34 45 60 75 91 108 125 142 159 15 23 38 54 71 88 105 122 140 157 0 18 35 52 70 87 104 122 139 156 15 23 38 54 71 88 105 122 140 157 29 34 45 60 75 91 108 125 142 159 43 47 55 68 82 97 113 129 145 162 58 60 67 77 90 104 119 134 150 166
86 93 48 107 58 52 98 41 75 118 66 101 71 92 106 87 129 55 83 89 83 86 39 71 54 51 118 48 75 115 69 64 125 94 91 75 124 68 70 99 74 72 73 79 88 99 112 126 140 155 60 57 60 67 77 90 104 118 134 150 47 43 46 55 67 82 97 112 129 145 34 29 34 45 60 75 91 108 125 142 23 15 23 38 54 71 88 105 122 140 18 0 18 35 52 70 87 104 122 139 23 15 23 38 54 71 88 105 122 140 34 29 34 45 60 75 91 108 125 142 47 43 46 55 67 82 97 112 129 145 60 57 60 67 77 90 104 118 134 150
69 76 54 90 41 36 81 39 58 101 49 84 55 75 89 75 112 39 69 72 66 69 45 54 37 37 101 45 58 98 52 50 109 77 76 63 107 50 54 82 80 73 71 73 79 88 99 112 126 140 67 60 57 60 67 77 90 104 118 134 55 46 43 46 55 67 81 97 112 129 45 34 29 34 45 60 75 91 108 125 38 23 15 23 38 54 71 88 105 122 35 18 0 18 35 52 70 87 104 122 38 23 15 23 38 54 71 88 105 122 45 34 29 34 45 60 75 91 108 125 55 46 43 46 55 67 81 97 112 129 67 60 57 60 67 77 90 104 118 134
52 59 64 73 23 24 63 45 40 84 33 67 39 57 72 65 94 22 55 55 49 52 55 36 20 28 84 49 41 80 35 40 93 60 62 54 90 33 40 65 88 79 73 71 73 79 88 99 112 125 77 67 60 57 59 66 77 89 103 118 68 55 46 43 46 55 67 81 97 112 60 45 34 29 33 45 59 75 91 108 54 38 23 15 23 38 54 71 88 105 52 35 18 0 18 35 52 70 87 104 54 38 23 15 23 38 54 71 88 105 60 45 34 29 33 45 59 75 91 108 68 55 46 43 46 55 67 81 97 112 77 67 60 57 59 66 77 89 103 118
35 42 76 56 6 22 46 56 23 68 18 51 26 40 55 59 77 11 45 39 33 34 69 19 3 29 66 59 24 63 17 35 77 43 51 50 73 17 31 48 99 88 79 73 71 73 78 87 99 111 90 77 67 59 57 59 66 77 89 103 82 67 55 46 43 46 55 67 81 96 75 60 45 33 29 33 45 59 75 91 71 54 38 23 15 23 38 54 71 88 70 52 35 18 0 18 35 52 70 87 71 54 38 23 15 23 38 54 71 88 75 60 45 33 29 33 45 59 75 91 82 67 55 46 43 46 55 67 81 96 90 77 67 59 57 59 66 77 89 103
19 25 91 39 12 31 29 70 6 51 13 35 21 23 39 58 60 19 40 24 17 17 84 4 16 38 49 71 11 46 2 38 62 26 43 52 56 9 29 32 112 99 88 79 73 70 72 78 87 98 104 90 77 66 59 56 59 66 76 89 97 82 67 55 46 42 46 55 67 81 91 75 60 45 33 28 33 45 59 75 88 71 54 38 23 14 23 38 54 71 87 70 52 35 18 0 18 35 52 70 88 71 54 38 23 14 23 38 54 71 91 75 60 45 33 28 33 45 59 75 97 82 67 55 46 42 46 55 67 81 104 90 77 66 59 56 59 66 76 89
11 10 106 22 30 45 13 85 13 36 25 22 28 6 23 62 43 35 43 15 12 1 100 17 33 52 33 85 16 28 18 48 49 10 42 59 39 22 37 19 126 112 99 88 78 72 70 72 78 87 119 104 90 77 66 59 56 59 66 76 113 97 81 67 55 46 42 46 54 67 108 91 75 59 45 33 28 33 45 59 105 88 71 54 38 23 14 23 38 54 104 87 70 52 35 18 0 18 35 52 105 88 71 54 38 23 14 23 38 54 108 91 75 59 45 33 28 33 45 59 113 97 81 67 55 46 42 46 54 67 119 104 90 77 66 59 56 59 66 76
22 14 122 10 47 61 9 101 30 23 41 19 42 13 14 70 25 52 51 23 24 18 116 34 50 67 17 100 32 11 36 62 38 12 48 69 22 38 50 17 140 126 112 99 87 78 72 70 72 77 134 118 104 89 77 66 59 56 58 65 129 112 97 81 67 55 46 42 45 54 125 108 91 75 59 45 33 28 33 45 122 105 88 71 54 38 23 14 23 38 122 104 87 70 52 35 18 0 18 35 122 105 88 71 54 38 23 14 23 38 125 108 91 75 59 45 33 28 33 45 129 112 97 81 67 55 46 42 45 54 134 118 104 89 77 66 59 56 58 65
38 30 138 18 64 78 25 117 47 19 58 29 58 30 21 81 8 69 63 37 41 36 132 52 68 83 11 116 49 7 53 76 35 29 59 82 10 55 65 28 156 140 126 112 99 87 78 72 69 71 150 134 118 103 89 76 66 58 55 58 145 129 112 97 81 67 54 45 42 45 142 125 108 91 75 59 45 33 28 33 140 122 105 88 71 54 38 23 14 23 139 122 104 87 70 52 35 18 0 18 140 122 105 88 71 54 38 23 14 23 142 125 108 91 75 59 45 33 28 33 145 129 112 97 81 67 54 45 42 45 150 134 118 103 89 76 66 58 55 58
55 47 154 34 81 94 42 133 64 29 75 44 74 47 36 94 11 86 77 54 58 53 149 69 85 100 24 132 66 25 70 92 39 46 72 97 18 73 81 44 171 155 140 125 111 98 87 77 71 69 166 150 134 118 103 89 76 65 58 55 162 145 129 112 96 81 67 54 45 42 159 142 125 108 91 75 59 45 33 28 157 140 122 105 88 71 54 38 23 14 156 139 122 104 87 70 52 35 18 0 157 140 122 105 88 71 54 38 23 14 159 142 125 108 91 75 59 45 33 28 162 145 129 112 96 81 67 54 45 42 166 150 134 118 103 89 76 65 58 55
103 110 62 126 77 73 117 61 93 138 86 121 92 110 126 110 147 76 105 109 100 105 54 90 73 73 137 68 95 133 88 86 146 113 113 97 143 85 91 119 86 88 93 100 110 122 134 148 162 177 72 74 80 88 99 112 126 140 156 171 58 60 67 77 90 104 119 134 150 166 43 47 55 68 82 97 113 129 145 162 29 34 45 60 75 91 108 125 142 159 15 23 38 54 71 88 105 122 140 157 0 18 35 52 70 87 104 122 139 156 15 23 38 54 71 88 105 122 140 157 29 34 45 60 75 91 108 125 142 159 43 47 55 68 82 97 113 129 145 162
86 93 62 109 60 59 100 54 76 121 70 104 76 93 109 97 130 60 91 92 83 87 53 73 57 60 120 61 78 116 71 73 130 96 98 85 126 67 76 102 88 86 87 92 100 110 121 134 148 162 74 72 73 79 88 99 112 126 140 155 60 57 60 67 77 90 104 118 134 150 47 43 46 55 67 82 97 112 129 145 34 29 34 45 60 75 91 108 125 142 23 15 23 38 54 71 88 105 122 140 18 0 18 35 52 70 87 104 122 139 23 15 23 38 54 71 88 105 122 140 34 29 34 45 60 75 91 108 125 142 47 43 46 55 67 82 97 112 129 145
68 76 67 93 43 46 83 53 59 105 54 88 61 76 92 86 112 45 78 76 66 70 57 56 40 49 103 59 62 99 54 61 114 79 85 75 109 50 63 85 93 87 85 87 92 99 109 121 134 148 80 73 71 73 79 88 99 112 126 140 67 60 57 60 67 77 90 104 118 134 55 46 43 46 55 67 81 97 112 129 45 34 29 34 45 60 75 91 108 125 38 23 15 23 38 54 71 88 105 122 35 18 0 18 35 52 70 87 104 122 38 23 15 23 38 54 71 88 105 122 45 34 29 34 45 60 75 91 108 125 55 46 43 46 55 67 81 97 112 129
51 59 75 76 27 37 66 58 43 89 40 72 48 59 76 78 95 32 66 61 48 54 66 40 25 42 86 63 46 82 38 52 99 63 73 67 92 33 51 69 100 92 87 85 87 91 99 109 121 134 88 79 73 71 73 79 88 99 112 125 77 67 60 57 59 66 77 89 103 118 68 55 46 43 46 55 67 81 97 112 60 45 34 29 33 45 59 75 91 108 54 38 23 15 23 38 54 71 88 105 52 35 18 0 18 35 52 70 87 104 54 38 23 15 23 38 54 71 88 105 60 45 34 29 33 45 59 75 91 108 68 55 46 43 46 55 67 81 97 112
34 41 86 60 15 35 50 67 27 73 29 57 38 42 60 73 78 25 58 46 31 37 78 26 16 42 70 70 32 65 23 49 84 47 63 64 76 17 44 54 110 100 92 87 85 86 91 99 109 120 99 88 79 73 71 73 78 87 99 111 90 77 67 59 57 59 66 77 89 103 82 67 55 46 43 46 55 67 81 96 75 60 45 33 29 33 45 59 75 91 71 54 38 23 15 23 38 54 71 88 70 52 35 18 0 18 35 52 70 87 71 54 38 23 15 23 38 54 71 88 75 60 45 33 29 33 45 59 75 91 82 67 55 46 43 46 55 67 81 96
17 24 99 44 19 42 35 79 16 58 27 44 35 26 46 72 61 29 54 34 14 22 91 18 22 49 54 80 24 48 15 51 71 32 57 65 59 7 43 41 122 110 99 91 86 84 86 91 98 108 112 99 88 79 73 70 72 78 87 98 104 90 77 66 59 56 59 66 76 89 97 82 67 55 46 42 46 55 67 81 91 75 60 45 33 28 33 45 59 75 88 71 54 38 23 14 23 38 54 71 87 70 52 35 18 0 18 35 52 70 88 71 54 38 23 14 23 38 54 71 91 75 60 45 33 28 33 45 59 75 97 82 67 55 46 42 46 55 67 81
4 9 113 31 33 53 23 92 19 44 34 34 40 14 33 75 44 41 56 29 6 14 106 24 37 60 39 93 27 32 24 59 59 22 56 71 44 21 48 31 134 121 109 99 91 86 84 85 90 98 126 112 99 88 78 72 70 72 78 87 119 104 90 77 66 59 56 59 66 76 113 97 81 67 55 46 42 46 54 67 108 91 75 59 45 33 28 33 45 59 105 88 71 54 38 23 14 23 38 54 104 87 70 52 35 18 0 18 35 52 105 88 71 54 38 23 14 23 38 54 108 91 75 59 45 33 28 33 45 59 113 97 81 67 55 46 42 46 54 67
20 14 128 24 49 67 21 107 33 35 47 32 50 18 28 82 28 56 62 33 22 23 121 38 53 74 27 107 38 19 39 70 51 23 61 80 31 38 59 30 148 134 121 109 99 91 85 83 85 90 140 126 112 99 87 78 72 70 72 77 134 118 104 89 77 66 59 56 58 65 129 112 97 81 67 55 46 42 45 54 125 108 91 75 59 45 33 28 33 45 122 105 88 71 54 38 23 14 23 38 122 104 87 70 52 35 18 0 18 35 122 105 88 71 54 38 23 14 23 38 125 108 91 75 59 45 33 28 33 45 129 112 97 81 67 55 46 42 45 54
37 30 143 28 66 82 31 122 49 33 63 39 64 33 32 91 14 72 73 45 39 38 137 54 70 89 24 122 53 17 55 84 49 34 69 91 23 55 72 38 162 148 134 121 109 98 90 85 83 85 156 140 126 112 99 87 78 72 69 71 150 134 118 103 89 76 66 58 55 58 145 129 112 97 81 67 54 45 42 45 142 125 108 91 75 59 45 33 28 33 140 122 105 88 71 54 38 23 14 23 139 122 104 87 70 52 35 18 0 18 140 122 105 88 71 54 38 23 14 23 142 125 108 91 75 59 45 33 28 33 145 129 112 97 81 67 54 45 42 45
54 47 159 40 83 98 46 138 66 39 79 51 79 49 43 103 15 88 85 59 57 55 153 71 86 105 32 137 69 29 72 98 52 49 81 105 28 73 86 50 177 162 148 134 120 108 98 90 85 83 171 155 140 125 111 98 87 77 71 69 166 150 134 118 103 89 76 65 58 55 162 145 129 112 96 81 67 54 45 42 159 142 125 108 91 75 59 45 33 28 157 140 122 105 88 71 54 38 23 14 156 139 122 104 87 70 52 35 18 0 157 140 122 105 88 71 54 38 23 14 159 142 125 108 91 75 59 45 33 28 162 145 129 112 96 81 67 54 45 42
105 112 77 130 80 81 120 73 97 142 92 125 98 113 130 119 149 82 113 114 102 107 68 94 78 82 140 81 99 135 91 95 152 117 121 107 146 87 99 123 100 102 106 112 121 132 144 156 170 184 86 88 93 100 110 122 134 148 162 177 72 74 80 88 99 112 126 140 156 171 58 60 67 77 90 104 119 134 150 166 43 47 55 68 82 97 113 129 145 162 29 34 45 60 75 91 108 125 142 159 15 23 38 54 71 88 105 122 140 157 0 18 35 52 70 87 104 122 139 156 15 23 38 54 71 88 105 122 140 157 29 34 45 60 75 91 108 125 142 159
88 95 76 113 64 68 103 68 80 126 76 109 84 96 114 108 131 67 100 98 85 91 67 78 62 70 124 75 83 119 75 83 136 100 107 96 130 70 85 107 102 100 101 105 112 121 131 143 156 170 88 86 87 92 100 110 121 134 148 162 74 72 73 79 88 99 112 126 140 155 60 57 60 67 77 90 104 118 134 150 47 43 46 55 67 82 97 112 129 145 34 29 34 45 60 75 91 108 125 142 23 15 23 38 54 71 88 105 122 140 18 0 18 35 52 70 87 104 122 139 23 15 23 38 54 71 88 105 122 140 34 29 34 45 60 75 91 108 125 142
71 78 80 97 49 57 87 68 64 110 62 94 70 79 98 98 115 54 88 83 68 74 70 62 48 61 107 74 68 102 60 73 121 84 95 87 113 54 73 91 106 101 99 101 105 112 121 131 143 156 93 87 85 87 92 99 109 121 134 148 80 73 71 73 79 88 99 112 126 140 67 60 57 60 67 77 90 104 118 134 55 46 43 46 55 67 81 97 112 129 45 34 29 34 45 60 75 91 108 125 38 23 15 23 38 54 71 88 105 122 35 18 0 18 35 52 70 87 104 122 38 23 15 23 38 54 71 88 105 122 45 34 29 34 45 60 75 91 108 125
54 62 87 81 36 51 71 71 49 95 50 79 59 63 82 91 98 44 78 68 51 59 78 48 36 56 91 76 55 85 45 66 106 69 84 81 97 38 63 76 112 105 101 99 100 105 111 120 131 143 100 92 87 85 87 91 99 109 121 134 88 79 73 71 73 79 88 99 112 125 77 67 60 57 59 66 77 89 103 118 68 55 46 43 46 55 67 81 97 112 60 45 34 29 33 45 59 75 91 108 54 38 23 15 23 38 54 71 88 105 52 35 18 0 18 35 52 70 87 104 54 38 23 15 23 38 54 71 88 105 60 45 34 29 33 45 59 75 91 108
38 46 96 66 29 49 57 78 37 80 42 66 51 48 68 87 81 39 71 56 36 44 88 37 30 56 76 82 44 70 34 63 93 54 76 78 81 26 58 63 121 112 105 100 99 100 104 111 120 130 110 100 92 87 85 86 91 99 109 120 99 88 79 73 71 73 78 87 99 111 90 77 67 59 57 59 66 77 89 103 82 67 55 46 43 46 55 67 81 96 75 60 45 33 29 33 45 59 75 91 71 54 38 23 15 23 38 54 71 88 70 52 35 18 0 18 35 52 70 87 71 54 38 23 15 23 38 54 71 88 75 60 45 33 29 33 45 59 75 91
24 31 108 53 31 54 44 89 29 67 40 55 49 35 55 86 65 42 68 47 22 33 100 32 34 61 61 91 38 54 29 65 81 42 71 79 66 21 57 51 132 121 112 105 100 98 99 104 110 119 122 110 99 91 86 84 86 91 98 108 112 99 88 79 73 70 72 78 87 98 104 90 77 66 59 56 59 66 76 89 97 82 67 55 46 42 46 55 67 81 91 75 60 45 33 28 33 45 59 75 88 71 54 38 23 14 23 38 54 71 87 70 52 35 18 0 18 35 52 70 88 71 54 38 23 14 23 38 54 71 91 75 60 45 33 28 33 45 59 75
18 21 121 42 41 63 35 101 31 55 46 48 52 27 46 88 49 51 69 43 19 28 113 36 45 71 49 102 40 41 34 71 71 35 70 84 53 29 61 44 144 131 121 111 104 99 98 99 103 110 134 121 109 99 91 86 84 85 90 98 126 112 99 88 78 72 70 72 78 87 119 104 90 77 66 59 56 59 66 76 113 97 81 67 55 46 42 46 54 67 108 91 75 59 45 33 28 33 45 59 105 88 71 54 38 23 14 23 38 54 104 87 70 52 35 18 0 18 35 52 105 88 71 54 38 23 14 23 38 54 108 91 75 59 45 33 28 33 45 59
26 24 135 37 54 75 34 114 41 48 56 46 61 29 42 94 36 63 75 46 28 33 128 46 58 83 40 115 48 32 46 80 64 36 74 91 42 43 69 43 156 143 131 120 111 104 99 97 99 103 148 134 121 109 99 91 85 83 85 90 140 126 112 99 87 78 72 70 72 77 134 118 104 89 77 66 59 56 58 65 129 112 97 81 67 55 46 42 45 54 125 108 91 75 59 45 33 28 33 45 122 105 88 71 54 38 23 14 23 38 122 104 87 70 52 35 18 0 18 35 122 105 88 71 54 38 23 14 23 38 125 108 91 75 59 45 33 28 33 45
40 36 149 40 70 89 41 129 55 46 69 51 73 40 44 102 26 78 83 55 43 45 143 60 74 96 38 129 60 30 60 92 62 44 81 101 37 59 81 49 170 156 143 131 120 110 103 99 97 98 162 148 134 121 109 98 90 85 83 85 156 140 126 112 99 87 78 72 69 71 150 134 118 103 89 76 66 58 55 58 145 129 112 97 81 67 54 45 42 45 142 125 108 91 75 59 45 33 28 33 140 122 105 88 71 54 38 23 14 23 139 122 104 87 70 52 35 18 0 18 140 122 105 88 71 54 38 23 14 23 142 125 108 91 75 59 45 33 28 33
57 51 165 49 86 104 53 144 70 51 84 61 86 54 53 113 27 93 95 67 59 60 158 75 90 111 43 144 75 38 76 106 65 56 91 113 40 75 94 59 184 170 156 143 130 119 110 103 98 96 177 162 148 134 120 108 98 90 85 83 171 155 140 125 111 98 87 77 71 69 166 150 134 118 103 89 76 65 58 55 162 145 129 112 96 81 67 54 45 42 159 142 125 108 91 75 59 45 33 28 157 140 122 105 88 71 54 38 23 14 156 139 122 104 87 70 52 35 18 0 157 140 122 105 88 71 54 38 23 14 159 142 125 108 91 75 59 45 33 28
108 115 91 135 86 90 125 87 102 147 99 131 106 117 135 130 152 89 122 120 105 112 82 99 84 92 145 94 105 139 97 105 158 122 129 118 150 91 107 128 115 116 119 125 133 143 154 166 179 192 100 102 106 112 121 132 144 156 170 184 86 88 93 100 110 122 134 148 162 177 72 74 80 88 99 112 126 140 156 171 58 60 67 77 90 104 119 134 150 166 43 47 55 68 82 97 113 129 145 162 29 34 45 60 75 91 108 125 142 159 15 23 38 54 71 88 105 122 140 157 0 18 35 52 70 87 104 122 139 156 15 23 38 54 71 88 105 122 140 157
91 99 90 119 72 79 109 82 86 132 85 116 93 101 119 120 135 76 110 105 89 96 81 84 70 82 129 89 90 123 82 94 143 106 117 108 134 76 95 113 116 114 115 119 125 133 142 153 165 178 102 100 101 105 112 121 131 143 156 170 88 86 87 92 100 110 121 134 148 162 74 72 73 79 88 99 112 126 140 155 60 57 60 67 77 90 104 118 134 150 47 43 46 55 67 82 97 112 129 145 34 29 34 45 60 75 91 108 125 142 23 15 23 38 54 71 88 105 122 140 18 0 18 35 52 70 87 104 122 139 23 15 23 38 54 71 88 105 122 140
75 83 93 103 59 70 93 82 72 117 72 102 81 85 104 111 118 65 99 91 73 81 84 70 58 74 113 88 77 107 68 85 129 91 105 100 118 61 84 99 119 115 114 115 118 124 132 142 153 165 106 101 99 101 105 112 121 131 143 156 93 87 85 87 92 99 109 121 134 148 80 73 71 73 79 88 99 112 126 140 67 60 57 60 67 77 90 104 118 134 55 46 43 46 55 67 81 97 112 129 45 34 29 34 45 60 75 91 108 125 38 23 15 23 38 54 71 88 105 122 35 18 0 18 35 52 70 87 104 122 38 23 15 23 38 54 71 88 105 122
60 68 99 89 48 64 79 85 59 102 62 88 71 70 90 104 102 56 91 78 58 67 90 58 48 70 98 90 65 91 55 79 115 77 96 94 103 47 76 85 125 119 115 113 114 118 124 132 141 152 112 105 101 99 100 105 111 120 131 143 100 92 87 85 87 91 99 109 121 134 88 79 73 71 73 79 88 99 112 125 77 67 60 57 59 66 77 89 103 118 68 55 46 43 46 55 67 81 97 112 60 45 34 29 33 45 59 75 91 108 54 38 23 15 23 38 54 71 88 105 52 35 18 0 18 35 52 70 87 104 54 38 23 15 23 38 54 71 88 105
46 53 108 75 43 63 66 91 48 89 56 76 65 57 77 101 86 53 85 67 44 54 99 49 44 70 84 95 56 76 47 77 103 64 89 92 88 38 71 73 133 125 118 114 113 114 117 123 131 141 121 112 105 100 99 100 104 111 120 130 110 100 92 87 85 86 91 99 109 120 99 88 79 73 71 73 78 87 99 111 90 77 67 59 57 59 66 77 89 103 82 67 55 46 43 46 55 67 81 96 75 60 45 33 29 33 45 59 75 91 71 54 38 23 15 23 38 54 71 88 70 52 35 18 0 18 35 52 70 87 71 54 38 23 15 23 38 54 71 88
36 42 118 63 44 67 55 100 43 77 54 67 63 47 66 100 71 55 82 60 35 45 110 46 47 74 71 103 52 63 43 78 92 54 85 93 75 35 71 63 143 133 124 118 114 112 113 117 123 131 132 121 112 105 100 98 99 104 110 119 122 110 99 91 86 84 86 91 98 108 112 99 88 79 73 70 72 78 87 98 104 90 77 66 59 56 59 66 76 89 97 82 67 55 46 42 46 55 67 81 91 75 60 45 33 28 33 45 59 75 88 71 54 38 23 14 23 38 54 71 87 70 52 35 18 0 18 35 52 70 88 71 54 38 23 14 23 38 54 71
32 35 130 55 51 74 49 110 44 67 58 61 65 41 58 102 58 62 83 57 32 42 122 49 55 82 60 113 53 52 47 83 83 49 84 97 63 40 74 58 154 142 132 124 117 113 112 113 116 122 144 131 121 111 104 99 98 99 103 110 134 121 109 99 91 86 84 85 90 98 126 112 99 88 78 72 70 72 78 87 119 104 90 77 66 59 56 59 66 76 113 97 81 67 55 46 42 46 54 67 108 91 75 59 45 33 28 33 45 59 105 88 71 54 38 23 14 23 38 54 104 87 70 52 35 18 0 18 35 52 105 88 71 54 38 23 14 23 38 54
37 36 143 51 63 85 48 123 52 61 67 60 72 42 55 107 46 73 88 59 39 46 135 57 67 92 53 124 59 45 56 92 78 49 87 103 55 51 81 57 166 153 142 132 123 117 113 111 112 116 156 143 131 120 111 104 99 97 99 103 148 134 121 109 99 91 85 83 85 90 140 126 112 99 87 78 72 70 72 77 134 118 104 89 77 66 59 56 58 65 129 112 97 81 67 55 46 42 45 54 125 108 91 75 59 45 33 28 33 45 122 105 88 71 54 38 23 14 23 38 122 104 87 70 52 35 18 0 18 35 122 105 88 71 54 38 23 14 23 38
48 45 157 53 76 97 53 136 63 60 78 64 82 50 57 114 40 85 95 66 50 55 150 68 80 105 52 137 70 44 68 102 76 55 93 112 51 65 91 61 179 165 153 141 131 123 116 112 110 112 170 156 143 131 120 110 103 99 97 98 162 148 134 121 109 98 90 85 83 85 156 140 126 112 99 87 78 72 69 71 150 134 118 103 89 76 66 58 55 58 145 129 112 97 81 67 54 45 42 45 142 125 108 91 75 59 45 33 28 33 140 122 105 88 71 54 38 23 14 23 139 122 104 87 70 52 35 18 0 18 140 122 105 88 71 54 38 23 14 23
62 58 171 60 91 111 63 151 77 64 91 72 95 62 64 123 40 100 105 76 65 67 164 82 95 118 56 151 82 50 82 114 78 66 102 123 53 80 103 70 192 178 165 152 141 131 122 116 112 110 184 170 156 143 130 119 110 103 98 96 177 162 148 134 120 108 98 90 85 83 171 155 140 125 111 98 87 77 71 69 166 150 134 118 103 89 76 65 58 55 162 145 129 112 96 81 67 54 45 42 159 142 125 108 91 75 59 45 33 28 157 140 122 105 88 71 54 38 23 14 156 139 122 104 87 70 52 35 18 0 157 140 122 105 88 71 54 38 23 14
113 120 105 140 94 101 131 100 108 154 107 138 115 122 141 141 156 98 132 127 110 118 96 107 92 103 150 107 113 144 104 116 165 128 139 129 156 98 117 135 129 130 133 138 145 154 164 176 188 201 115 116 119 125 133 143 154 166 179 192 100 102 106 112 121 132 144 156 170 184 86 88 93 100 110 122 134 148 162 177 72 74 80 88 99 112 126 140 156 171 58 60 67 77 90 104 119 134 150 166 43 47 55 68 82 97 113 129 145 162 29 34 45 60 75 91 108 125 142 159 15 23 38 54 71 88 105 122 140 157 0 18 35 52 70 87 104 122 139 156
97 105 105 125 81 91 116 96 94 139 94 124 103 107 127 132 140 86 121 113 95 103 95 93 80 94 135 103 99 129 90 106 151 113 127 120 140 83 106 121 130 128 129 132 138 145 154 164 175 187 116 114 115 119 125 133 142 153 165 178 102 100 101 105 112 121 131 143 156 170 88 86 87 92 100 110 121 134 148 162 74 72 73 79 88 99 112 126 140 155 60 57 60 67 77 90 104 118 134 150 47 43 46 55 67 82 97 112 129 145 34 29 34 45 60 75 91 108 125 142 23 15 23 38 54 71 88 105 122 140 18 0 18 35 52 70 87 104 122 139
82 90 107 111 69 83 101 96 81 124 83 110 92 93 112 124 124 77 111 100 80 89 98 80 69 88 120 102 87 113 77 98 137 99 117 113 125 70 96 107 133 129 128 129 132 137 144 153 163 175 119 115 114 115 118 124 132 142 153 165 106 101 99 101 105 112 121 131 143 156 93 87 85 87 92 99 109 121 134 148 80 73 71 73 79 88 99 112 126 140 67 60 57 60 67 77 90 104 118 134 55 46 43 46 55 67 81 97 112 129 45 34 29 34 45 60 75 91 108 125 38 23 15 23 38 54 71 88 105 122 35 18 0 18 35 52 70 87 104 122
69 76 112 97 61 78 88 98 70 111 75 98 84 79 99 118 108 70 104 89 67 76 103 70 61 84 106 104 77 99 67 93 125 86 108 108 111 58 89 95 138 132 129 127 128 131 137 144 153 163 125 119 115 113 114 118 124 132 141 152 112 105 101 99 100 105 111 120 131 143 100 92 87 85 87 91 99 109 121 134 88 79 73 71 73 79 88 99 112 125 77 67 60 57 59 66 77 89 103 118 68 55 46 43 46 55 67 81 97 112 60 45 34 29 33 45 59 75 91 108 54 38 23 15 23 38 54 71 88 105 52 35 18 0 18 35 52 70 87 104
57 63 120 85 57 77 77 103 61 99 69 88 78 68 88 115 94 67 98 79 55 66 111 63 58 84 93 108 69 85 60 91 113 75 102 106 97 51 85 84 145 138 132 128 127 127 131 136 143 152 133 125 118 114 113 114 117 123 131 141 121 112 105 100 99 100 104 111 120 130 110 100 92 87 85 86 91 99 109 120 99 88 79 73 71 73 78 87 99 111 90 77 67 59 57 59 66 77 89 103 82 67 55 46 43 46 55 67 81 96 75 60 45 33 29 33 45 59 75 91 71 54 38 23 15 23 38 54 71 88 70 52 35 18 0 18 35 52 70 87
49 54 129 75 57 80 68 111 57 88 68 80 77 59 78 114 80 69 96 73 48 58 120 60 60 87 81 115 66 73 57 92 104 67 98 107 85 49 84 76 154 145 137 131 127 126 127 130 135 143 143 133 124 118 114 112 113 117 123 131 132 121 112 105 100 98 99 104 110 119 122 110 99 91 86 84 86 91 98 108 112 99 88 79 73 70 72 78 87 98 104 90 77 66 59 56 59 66 76 89 97 82 67 55 46 42 46 55 67 81 91 75 60 45 33 28 33 45 59 75 88 71 54 38 23 14 23 38 54 71 87 70 52 35 18 0 18 35 52 70
46 49 140 68 63 86 62 121 58 80 71 75 79 55 72 115 68 74 97 71 46 56 132 62 67 94 72 124 66 64 60 96 96 62 98 110 75 52 87 71 164 154 144 137 131 127 125 126 130 135 154 142 132 124 117 113 112 113 116 122 144 131 121 111 104 99 98 99 103 110 134 121 109 99 91 86 84 85 90 98 126 112 99 88 78 72 70 72 78 87 119 104 90 77 66 59 56 59 66 76 113 97 81 67 55 46 42 46 54 67 108 91 75 59 45 33 28 33 45 59 105 88 71 54 38 23 14 23 38 54 104 87 70 52 35 18 0 18 35 52
49 50 152 65 73 96 61 132 64 75 78 74 85 56 69 120 58 83 101 72 51 58 144 68 76 103 67 135 72 58 67 103 91 63 100 116 68 61 93 71 176 164 153 144 136 130 126 125 126 129 166 153 142 132 123 117 113 111 112 116 156 143 131 120 111 104 99 97 99 103 148 134 121 109 99 91 85 83 85 90 140 126 112 99 87 78 72 70 72 77 134 118 104 89 77 66 59 56 58 65 129 112 97 81 67 55 46 42 45 54 125 108 91 75 59 45 33 28 33 45 122 105 88 71 54 38 23 14 23 38 122 104 87 70 52 35 18 0 18 35
58 56 165 66 85 107 66 145 73 74 88 77 93 62 71 126 53 95 107 78 60 66 158 78 89 114 65 146 80 58 77 113 90 68 105 124 65 73 102 74 188 175 163 153 143 135 130 126 124 125 179 165 153 141 131 123 116 112 110 112 170 156 143 131 120 110 103 99 97 98 162 148 134 121 109 98 90 85 83 85 156 140 126 112 99 87 78 72 69 71 150 134 118 103 89 76 66 58 55 58 145 129 112 97 81 67 54 45 42 45 142 125 108 91 75 59 45 33 28 33 140 122 105 88 71 54 38 23 14 23 139 122 104 87 70 52 35 18 0 18
70 67 179 72 98 119 74 158 85 77 100 83 104 72 76 135 54 108 116 87 72 76 172 90 102 127 68 159 92 62 90 124 91 76 113 134 66 87 113 81 201 187 175 163 152 143 135 129 125 124 192 178 165 152 141 131 122 116 112 110 184 170 156 143 130 119 110 103 98 96 177 162 148 134 120 108 98 90 85 83 171 155 140 125 111 98 87 77 71 69 166 150 134 118 103 89 76 65 58 55 162 145 129 112 96 81 67 54 45 42 159 142 125 108 91 75 59 45 33 28 157 140 122 105 88 71 54 38 23 14 156 139 122 104 87 70 52 35 18 0
