0 58 27 29 13 34 76 24 36 18 13 22 20 50 28 37 21 23 36 32 6 22 28 41 74 15 62 49 70 19 14 26 36 46 21 22 51 26 60 27 72 49 45 63 92 60 28 19 49 83 60 27 18 49 82 72 48 44 62 91 91 74 71 84 107
58 0 69 32 46 33 37 36 23 41 68 45 77 67 36 45 40 37 90 87 61 67 53 68 49 44 43 10 49 40 58 34 47 65 41 58 18 46 114 83 130 105 87 81 89 114 85 62 54 66 104 71 41 26 46 101 66 32 5 39 105 73 44 31 49
27 69 0 38 29 56 74 35 48 33 34 25 34 77 34 62 42 42 51 45 21 5 18 67 66 34 55 60 62 37 40 37 61 73 30 48 69 24 71 42 73 41 20 40 72 71 37 9 36 70 79 51 37 50 78 96 74 65 73 94 117 100 93 99 115
29 32 38 0 16 25 49 5 10 12 40 13 48 59 6 37 18 15 63 60 30 36 23 54 49 16 38 23 47 13 34 3 38 56 9 38 32 16 88 55 100 74 57 58 78 88 56 30 34 62 84 49 15 21 56 89 57 33 36 63 102 76 60 61 80
13 46 29 16 0 27 64 12 24 5 25 12 33 52 16 34 13 13 48 44 16 26 22 45 63 5 51 37 59 8 20 13 34 49 9 26 41 17 72 40 85 60 49 60 85 72 40 21 41 73 70 36 8 36 70 78 50 36 50 78 95 73 64 73 94
34 33 56 25 27 0 65 26 21 23 40 34 49 37 30 14 14 14 60 58 39 52 45 35 70 22 60 28 69 19 29 24 15 34 29 27 20 39 83 54 102 82 75 83 102 83 58 47 59 84 71 39 19 41 73 69 35 10 37 71 78 51 38 52 80
76 37 74 49 64 65 0 52 45 60 88 55 95 101 48 78 65 61 111 107 76 75 57 99 17 64 22 37 21 61 82 51 79 98 55 85 55 54 135 102 145 114 87 66 61 135 102 70 43 33 131 97 62 28 9 133 99 66 36 25 141 109 80 58 51
24 36 35 5 12 26 52 0 14 8 36 10 44 58 6 37 16 13 59 56 26 32 21 52 52 13 41 27 50 10 30 3 37 54 5 35 35 14 84 51 96 69 53 57 79 84 51 27 34 64 80 46 12 25 59 86 56 34 40 67 100 76 61 65 84
36 23 48 10 24 21 45 14 0 19 47 23 55 57 15 35 20 16 69 66 39 45 33 54 50 22 39 14 48 18 38 12 35 54 19 40 23 26 94 61 108 83 66 66 82 94 63 40 40 64 87 52 19 20 53 89 56 27 27 57 99 71 51 51 71
18 41 33 12 5 23 60 8 19 0 29 12 37 52 14 32 11 9 52 48 20 30 23 45 60 5 48 32 57 5 23 9 32 48 8 28 37 17 76 44 89 64 52 61 85 76 45 25 40 71 72 38 5 33 67 79 50 33 46 74 94 71 60 68 90
13 68 34 40 25 40 88 36 47 29 0 34 9 47 40 39 29 32 24 20 15 29 39 36 86 25 74 60 82 29 13 37 37 43 33 19 59 38 48 15 63 44 49 72 102 48 18 28 60 94 48 18 28 61 95 63 44 49 72 102 85 72 75 92 117
22 45 25 13 12 34 55 10 23 12 34 0 40 63 9 44 22 21 57 52 21 23 12 57 52 16 40 35 49 16 32 12 44 60 6 38 44 6 81 48 90 62 44 50 73 81 47 18 29 62 81 47 17 29 62 90 61 43 49 73 106 83 70 74 91
20 77 34 48 33 49 95 44 55 37 9 40 0 53 48 47 38 40 18 13 20 30 43 41 92 33 80 68 88 37 21 45 46 49 40 27 68 43 41 8 54 36 46 73 105 41 9 31 65 99 46 22 37 68 101 64 50 58 81 110 88 78 83 101 125
50 67 77 59 52 37 101 58 57 52 47 63 53 0 63 23 42 45 52 54 56 72 73 12 106 48 95 64 105 48 37 57 22 5 59 29 50 68 69 52 94 88 94 111 136 69 59 69 91 120 46 31 47 77 109 35 3 36 70 105 43 26 44 75 108
28 36 34 6 16 30 48 6 15 14 40 9 48 63 0 42 22 19 64 60 29 32 18 58 47 18 35 26 44 16 36 7 42 60 8 41 37 11 88 55 99 71 52 53 73 88 55 27 29 58 85 51 17 21 55 92 61 38 40 64 106 81 65 65 82
37 45 62 37 34 14 78 37 35 32 39 44 47 23 42 0 22 24 54 54 43 58 55 23 84 29 73 42 82 28 27 36 2 21 39 21 29 49 76 50 98 83 81 93 115 76 56 53 71 98 61 32 27 54 87 56 22 15 49 84 65 40 36 59 90
21 40 42 18 13 14 65 16 20 11 29 22 38 42 22 22 0 4 51 48 26 38 33 37 67 9 55 32 64 7 19 16 22 39 17 21 31 27 75 44 91 69 61 71 94 75 46 33 50 79 67 33 6 38 72 71 40 24 44 76 85 61 52 63 88
23 37 42 15 13 14 61 13 16 9 32 21 40 45 19 24 4 0 54 51 27 38 32 40 63 9 52 29 61 6 22 13 24 42 15 25 29 25 78 46 94 71 61 70 91 78 49 33 47 76 71 37 5 34 69 75 43 24 41 72 88 63 52 61 85
36 90 51 63 48 60 111 59 69 52 24 57 18 52 64 54 51 54 0 6 37 47 60 41 109 48 97 82 105 52 32 61 52 48 56 34 79 60 25 10 44 40 60 90 122 25 15 48 82 117 30 23 51 84 118 53 50 67 94 125 80 77 89 111 138
32 87 45 60 44 58 107 56 66 48 20 52 13 54 60 54 48 51 6 0 32 41 55 43 104 45 92 79 100 49 30 57 52 50 52 33 77 56 29 5 45 35 54 84 116 29 10 42 77 111 36 24 48 80 113 58 52 66 92 122 84 80 89 110 136
6 61 21 30 16 39 76 26 39 20 15 21 20 56 29 43 26 27 37 32 0 16 25 47 73 18 61 52 69 22 19 28 42 52 22 28 56 24 60 28 70 45 39 58 88 60 26 14 46 80 63 32 22 49 82 76 54 49 65 93 97 80 76 88 109
22 67 5 36 26 52 75 32 45 30 29 23 30 72 32 58 38 38 47 41 16 0 18 63 68 30 56 58 63 33 35 34 57 68 27 43 66 23 68 38 71 40 24 44 76 67 33 6 38 72 75 47 33 50 79 91 70 61 71 94 112 95 89 96 114
28 53 18 23 22 45 57 21 33 23 39 12 43 73 18 55 33 32 60 55 25 18 0 66 50 26 38 43 46 27 40 22 54 70 17 47 55 7 83 51 89 58 35 39 65 83 48 14 22 57 86 54 28 33 61 98 71 54 56 77 116 94 81 83 97
41 68 67 54 45 35 99 52 54 45 36 57 41 12 58 23 37 40 41 43 47 63 66 0 103 41 92 63 101 42 28 52 21 8 53 20 52 62 59 40 84 76 84 103 129 59 48 60 85 116 39 20 41 74 107 35 9 37 72 106 51 38 52 80 112
74 49 66 49 63 70 17 52 50 60 86 52 92 106 47 84 67 63 109 104 73 68 50 103 0 64 13 45 6 62 82 52 84 103 54 87 64 49 132 100 138 106 76 51 44 132 98 64 32 18 132 97 63 30 15 137 105 74 48 41 148 118 92 73 68
15 44 34 16 5 22 64 13 22 5 25 16 33 48 18 29 9 9 48 45 18 30 26 41 64 0 53 35 62 5 18 13 29 45 12 23 38 21 72 40 86 63 53 64 88 72 42 25 44 75 68 34 4 37 71 75 46 32 48 78 91 69 60 70 93
62 43 55 38 51 60 22 41 39 48 74 40 80 95 35 73 55 52 97 92 61 56 38 92 13 53 0 37 10 50 70 40 74 93 42 75 56 37 120 88 127 95 66 46 47 120 86 52 22 25 120 86 52 20 24 126 94 64 43 45 138 109 85 70 71
49 10 60 23 37 28 37 27 14 32 60 35 68 64 26 42 32 29 82 79 52 58 43 63 45 35 37 0 45 31 51 25 43 62 32 52 19 37 106 74 121 96 78 73 84 106 76 52 45 62 98 64 32 19 46 97 63 30 14 44 104 73 48 40 58
70 49 62 47 59 69 21 50 48 57 82 49 88 105 44 82 64 61 105 100 69 63 46 101 6 62 10 45 0 59 79 49 83 102 51 84 64 45 128 96 134 101 71 46 41 128 94 60 27 17 129 94 61 29 20 135 103 73 50 45 147 118 92 75 72
19 40 37 13 8 19 61 10 18 5 29 16 37 48 16 28 7 6 52 49 22 33 27 42 62 5 50 31 59 0 21 11 28 45 11 25 34 21 76 44 91 67 56 65 88 76 46 28 44 74 71 36 2 34 69 76 46 29 44 74 91 67 57 66 88
14 58 40 34 20 29 82 30 38 23 13 32 21 37 36 27 19 22 32 30 19 35 40 28 82 18 70 51 79 21 0 31 25 33 29 9 48 36 56 26 74 56 57 76 104 56 30 32 60 93 50 16 20 55 89 59 35 37 63 94 78 62 62 80 107
26 34 37 3 13 24 51 3 12 9 37 12 45 57 7 36 16 13 61 57 28 34 22 52 52 13 40 25 49 11 31 0 36 54 7 35 33 16 85 52 97 71 55 59 79 85 53 29 35 64 81 46 12 24 59 86 55 33 39 66 100 75 60 63 82
36 47 61 38 34 15 79 37 35 32 37 44 46 22 42 2 22 24 52 52 42 57 54 21 84 29 74 43 83 28 25 36 0 20 39 19 31 49 74 48 96 81 80 93 115 74 54 52 71 98 59 30 27 55 88 55 21 17 51 85 65 40 38 61 92
46 65 73 56 49 34 98 54 54 48 43 60 49 5 60 21 39 42 48 50 52 68 70 8 103 45 93 62 102 45 33 54 20 0 55 25 48 65 66 48 91 84 90 108 132 66 56 65 88 117 45 27 44 74 107 36 2 34 69 103 47 30 45 75 107
21 41 30 9 9 29 55 5 19 8 33 6 40 59 8 39 17 15 56 52 22 27 17 53 54 12 42 32 51 11 29 7 39 55 0 34 40 11 80 48 92 65 49 55 77 80 48 22 33 64 78 44 12 28 62 86 57 38 45 71 102 78 65 70 89
22 58 48 38 26 27 85 35 40 28 19 38 27 29 41 21 21 25 34 33 28 43 47 20 87 23 75 52 84 25 9 35 19 25 34 0 46 43 57 29 77 63 66 84 111 57 35 41 67 98 47 13 24 58 93 52 27 33 63 96 70 53 57 78 106
51 18 69 32 41 20 55 35 23 37 59 44 68 50 37 29 31 29 79 77 56 66 55 52 64 38 56 19 64 34 48 33 31 48 40 46 0 48 102 73 121 100 88 89 102 102 77 60 62 80 89 58 34 37 63 84 49 15 21 56 88 55 30 33 61
26 46 24 16 17 39 54 14 26 17 38 6 43 68 11 49 27 25 60 56 24 23 7 62 49 21 37 37 45 21 36 16 49 65 11 43 48 0 84 51 92 62 41 45 68 84 50 18 24 57 85 51 22 28 59 95 66 47 50 72 111 88 75 76 92
60 114 71 88 72 83 135 84 94 76 48 81 41 69 88 76 75 78 25 29 60 68 83 59 132 72 120 106 128 76 56 85 74 66 80 57 102 84 0 33 29 45 75 108 142 1 35 70 104 139 29 45 75 108 142 57 67 90 119 150 86 92 110 134 162
27 83 42 55 40 54 102 51 61 44 15 48 8 52 55 50 44 46 10 5 28 38 51 40 100 40 88 74 96 44 26 52 48 48 48 29 73 51 33 0 49 37 52 81 113 33 9 39 73 107 39 21 43 75 109 59 49 62 87 117 84 78 86 105 131
72 130 73 100 85 102 145 96 108 89 63 90 54 94 99 98 91 94 44 45 70 71 89 84 138 86 127 121 134 91 74 97 96 91 92 77 121 92 29 49 0 35 70 104 139 29 45 75 108 142 57 67 90 119 150 86 92 110 134 162 114 119 133 153 178
49 105 41 74 60 82 114 69 83 64 44 62 36 88 71 83 69 71 40 35 45 40 58 76 106 63 95 96 101 67 56 71 81 84 65 63 100 62 45 37 35 0 35 70 104 45 29 45 75 108 67 57 66 89 118 92 85 92 109 134 119 113 118 132 153
45 87 20 57 49 75 87 53 66 52 49 44 46 94 52 81 61 61 60 54 39 24 35 84 76 53 66 78 71 56 57 55 80 90 49 66 88 41 75 52 70 35 0 35 70 75 45 28 45 75 90 66 56 66 89 110 92 84 91 109 133 118 112 117 131
63 81 40 58 60 83 66 57 66 61 72 50 73 111 53 93 71 70 90 84 58 44 39 103 51 64 46 73 46 65 76 59 93 108 55 84 89 45 108 81 104 70 35 0 35 108 75 45 28 45 119 89 66 56 66 134 109 91 84 90 153 132 117 111 116
92 89 72 78 85 102 61 79 82 85 102 73 105 136 73 115 94 91 122 116 88 76 65 129 44 88 47 84 41 88 104 79 115 132 77 111 102 68 142 113 139 104 70 35 0 142 108 75 45 28 150 118 89 66 55 162 134 109 90 83 178 153 131 116 110
60 114 71 88 72 83 135 84 94 76 48 81 41 69 88 76 75 78 25 29 60 67 83 59 132 72 120 106 128 76 56 85 74 66 80 57 102 84 1 33 29 45 75 108 142 0 35 70 104 139 29 45 75 108 142 57 67 90 119 150 86 92 110 134 162
28 85 37 56 40 58 102 51 63 45 18 47 9 59 55 56 46 49 15 10 26 33 48 48 98 42 86 76 94 46 30 53 54 56 48 35 77 50 35 9 45 29 45 75 108 35 0 35 70 104 45 29 45 75 108 67 57 66 89 118 92 85 92 109 134
19 62 9 30 21 47 70 27 40 25 28 18 31 69 27 53 33 33 48 42 14 6 14 60 64 25 52 52 60 28 32 29 52 65 22 41 60 18 70 39 75 45 28 45 75 70 35 0 35 70 75 45 28 45 75 90 66 56 66 89 110 92 84 91 109
49 54 36 34 41 59 43 34 40 40 60 29 65 91 29 71 50 47 82 77 46 38 22 85 32 44 22 45 27 44 60 35 71 88 33 67 62 24 104 73 108 75 45 28 45 104 70 35 0 35 108 75 45 28 45 119 89 66 56 66 134 109 91 84 90
83 66 70 62 73 84 33 64 64 71 94 62 99 120 58 98 79 76 117 111 80 72 57 116 18 75 25 62 17 74 93 64 98 117 64 98 80 57 139 107 142 108 75 45 28 139 104 70 35 0 142 108 75 45 28 150 118 89 66 55 162 134 109 90 83
60 104 79 84 70 71 131 80 87 72 48 81 46 46 85 61 67 71 30 36 63 75 86 39 132 68 120 98 129 71 50 81 59 45 78 47 89 85 29 39 57 67 90 119 150 29 45 75 108 142 0 35 70 104 139 29 45 75 108 142 57 67 90 119 150
27 71 51 49 36 39 97 46 52 38 18 47 22 31 51 32 33 37 23 24 32 47 54 20 97 34 86 64 94 36 16 46 30 27 44 13 58 51 45 21 67 57 66 89 118 45 29 45 75 108 35 0 35 70 104 45 29 45 75 108 67 57 66 89 118
18 41 37 15 8 19 62 12 19 5 28 17 37 47 17 27 6 5 51 48 22 33 28 41 63 4 52 32 61 2 20 12 27 44 12 24 34 22 75 43 90 66 56 66 89 75 45 28 45 75 70 35 0 35 70 75 45 28 45 75 90 66 56 66 89
49 26 50 21 36 41 28 25 20 33 61 29 68 77 21 54 38 34 84 80 49 50 33 74 30 37 20 19 29 34 55 24 55 74 28 58 37 28 108 75 119 89 66 56 66 108 75 45 28 45 104 70 35 0 35 108 75 45 28 45 119 89 66 56 66
82 46 78 56 70 73 9 59 53 67 95 62 101 109 55 87 72 69 118 113 82 79 61 107 15 71 24 46 20 69 89 59 88 107 62 93 63 59 142 109 150 118 89 66 55 142 108 75 45 28 139 104 70 35 0 142 108 75 45 28 150 118 89 66 55
72 101 96 89 78 69 133 86 89 79 63 90 64 35 92 56 71 75 53 58 76 91 98 35 137 75 126 97 135 76 59 86 55 36 86 52 84 95 57 59 86 92 110 134 162 57 67 90 119 150 29 45 75 108 142 0 35 70 104 139 29 45 75 108 142
48 66 74 57 50 35 99 56 56 50 44 61 50 3 61 22 40 43 50 52 54 70 71 9 105 46 94 63 103 46 35 55 21 2 57 27 49 66 67 49 92 85 92 109 134 67 57 66 89 118 45 29 45 75 108 35 0 35 70 104 45 29 45 75 108
44 32 65 33 36 10 66 34 27 33 49 43 58 36 38 15 24 24 67 66 49 61 54 37 74 32 64 30 73 29 37 33 17 34 38 33 15 47 90 62 110 92 84 91 109 90 66 56 66 89 75 45 28 45 75 70 35 0 35 70 75 45 28 45 75
62 5 73 36 50 37 36 40 27 46 72 49 81 70 40 49 44 41 94 92 65 71 56 72 48 48 43 14 50 44 63 39 51 69 45 63 21 50 119 87 134 109 91 84 90 119 89 66 56 66 108 75 45 28 45 104 70 35 0 35 108 75 45 28 45
91 39 94 63 78 71 25 67 57 74 102 73 110 105 64 84 76 72 125 122 93 94 77 106 41 78 45 44 45 74 94 66 85 103 71 96 56 72 150 117 162 134 109 90 83 150 118 89 66 55 142 108 75 45 28 139 104 70 35 0 142 108 75 45 28
91 105 117 102 95 78 141 100 99 94 85 106 88 43 106 65 85 88 80 84 97 112 116 51 148 91 138 104 147 91 78 100 65 47 102 70 88 111 86 84 114 119 133 153 178 86 92 110 134 162 57 67 90 119 150 29 45 75 108 142 0 35 70 104 139
74 73 100 76 73 51 109 76 71 71 72 83 78 26 81 40 61 63 77 80 80 95 94 38 118 69 109 73 118 67 62 75 40 30 78 53 55 88 92 78 119 113 118 132 153 92 85 92 109 134 67 57 66 89 118 45 29 45 75 108 35 0 35 70 104
71 44 93 60 64 38 80 61 51 60 75 70 83 44 65 36 52 52 89 89 76 89 81 52 92 60 85 48 92 57 62 60 38 45 65 57 30 75 110 86 133 118 112 117 131 110 92 84 91 109 90 66 56 66 89 75 45 28 45 75 70 35 0 35 70
84 31 99 61 73 52 58 65 51 68 92 74 101 75 65 59 63 61 111 110 88 96 83 80 73 70 70 40 75 66 80 63 61 75 70 78 33 76 134 105 153 132 117 111 116 134 109 91 84 90 119 89 66 56 66 108 75 45 28 45 104 70 35 0 35
107 49 115 80 94 80 51 84 71 90 117 91 125 108 82 90 88 85 138 136 109 114 97 112 68 93 71 58 72 88 107 82 92 107 89 106 61 92 162 131 178 153 131 116 110 162 134 109 90 83 150 118 89 66 55 142 108 75 45 28 139 104 70 35 0
