0 36 23 28 65 17 80 14 29 37 21 8 70 5 37 57 78 33 17 25 7 38 18 29 32 19 75 20 29 31 27 21 63 49 27 55 80 24 11 12 68 50 54 76 104 51 24 31 62 95 47 14 25 59 93 59 38 43 68 99 80 66 68 86 112
36 0 36 25 62 24 75 26 41 6 30 29 63 32 58 67 67 30 43 45 32 33 29 31 37 40 68 22 46 8 35 31 59 53 44 67 65 17 42 32 64 32 18 45 79 63 30 14 44 78 74 49 41 58 87 93 74 69 80 102 115 100 97 105 122
23 36 0 14 43 15 58 15 7 34 6 21 47 23 60 36 57 48 11 47 18 18 9 10 10 7 53 15 51 29 5 40 41 26 49 35 60 34 17 31 86 62 52 63 87 73 41 24 43 74 69 34 5 36 71 76 47 33 49 78 92 70 61 71 93
28 25 14 0 42 13 56 15 17 22 9 23 44 27 63 42 52 45 24 50 22 11 12 7 12 20 50 10 53 18 11 39 39 29 50 42 53 28 27 33 83 55 39 50 77 74 40 12 34 67 75 42 18 36 69 86 60 46 55 80 104 83 74 80 98
65 62 43 42 0 54 15 55 38 57 45 63 7 65 102 24 19 86 52 89 60 31 49 38 34 48 11 51 93 57 39 80 3 19 91 27 26 69 59 72 124 94 68 54 60 114 81 49 27 38 111 77 42 8 28 115 83 52 31 41 126 96 72 58 64
17 24 15 13 54 0 68 3 22 23 10 11 57 14 50 50 65 34 19 37 11 24 7 16 21 17 63 4 40 17 16 27 51 39 38 49 66 19 19 20 72 47 41 60 88 61 28 15 46 80 62 31 20 48 81 75 52 46 63 91 95 78 74 85 107
80 75 58 56 15 68 0 69 52 69 60 77 13 80 117 33 16 100 66 104 75 45 63 52 49 62 8 66 107 70 54 94 17 33 105 37 25 83 73 87 138 107 80 60 57 129 95 63 36 31 126 91 56 22 14 129 95 63 35 31 137 107 79 59 57
14 26 15 15 55 3 69 0 21 25 10 9 58 12 49 50 66 34 18 35 8 25 7 17 21 16 64 6 39 20 17 26 52 39 37 49 67 20 17 18 72 48 43 62 90 60 28 18 48 82 61 28 19 48 82 73 49 45 63 91 93 75 72 84 107
29 41 7 17 38 22 52 21 0 38 12 28 42 30 66 29 52 55 15 53 24 17 15 11 8 11 48 21 57 34 7 46 35 20 56 28 56 40 22 38 93 68 56 63 85 79 48 28 41 70 74 40 5 30 65 80 49 30 42 71 94 70 57 64 86
37 6 34 22 57 23 69 25 38 0 28 30 57 34 63 62 61 35 41 50 32 28 28 28 33 38 63 21 51 7 32 36 54 48 48 63 59 21 42 35 70 38 19 41 74 69 35 11 38 72 78 51 38 53 81 95 74 66 75 97 117 100 94 101 117
21 30 6 9 45 10 60 10 12 28 0 18 49 21 58 41 58 44 15 44 15 17 4 8 12 11 55 9 48 23 7 36 43 30 46 40 60 28 18 28 82 57 46 59 85 70 37 18 41 74 68 34 11 39 73 78 51 39 54 82 95 74 67 76 98
8 29 21 23 63 11 77 9 28 30 18 0 66 4 40 57 74 29 20 27 5 34 14 26 29 20 72 14 30 24 24 19 60 47 28 55 76 18 15 10 66 45 47 69 98 52 21 24 56 90 52 21 25 56 90 66 45 47 69 99 87 73 73 89 113
70 63 47 44 7 57 13 58 42 57 49 66 0 69 106 30 13 88 57 93 64 34 53 41 38 53 6 54 96 58 43 83 7 24 94 33 20 72 63 76 126 95 68 51 54 118 84 51 25 32 116 81 47 14 25 121 88 58 36 42 132 102 78 63 66
5 32 23 27 65 14 80 12 30 34 21 4 69 0 38 58 77 29 20 24 6 37 17 28 31 21 75 17 28 27 27 18 63 49 26 57 79 19 14 9 65 46 50 72 102 50 21 28 60 93 49 18 26 59 93 63 43 47 70 100 84 70 72 89 114
37 58 60 63 102 50 117 49 66 63 58 40 106 38 0 93 114 32 53 14 43 74 54 65 68 56 112 53 13 58 64 27 100 85 15 91 115 42 46 31 44 49 73 103 135 17 29 61 95 130 18 29 62 96 130 45 50 74 104 136 73 76 93 118 147
57 67 36 42 24 50 33 50 29 62 41 57 30 58 93 0 42 84 40 81 53 34 44 36 31 38 33 49 85 60 34 75 24 15 84 4 49 68 48 66 122 96 78 73 83 107 77 53 45 61 99 65 33 18 45 98 64 30 14 44 105 74 48 40 57
78 67 57 52 19 65 16 66 52 61 58 74 13 77 114 42 0 94 67 101 73 41 61 50 47 63 10 62 104 63 52 90 19 36 102 45 9 77 73 84 131 98 68 45 43 125 90 56 24 20 125 91 57 25 22 132 99 70 48 46 143 114 90 74 72
33 30 48 45 86 34 100 34 55 35 44 29 88 29 32 84 94 0 48 23 33 56 41 49 54 48 94 36 21 32 50 13 83 72 19 83 93 17 43 22 39 20 42 74 108 34 9 38 72 107 50 38 52 81 112 74 66 75 97 124 100 94 100 117 141
17 43 11 24 52 19 66 18 15 41 15 20 57 20 53 40 67 48 0 41 15 29 14 21 21 5 62 21 46 36 16 37 50 34 44 38 70 36 8 28 84 64 59 73 98 68 40 32 54 85 60 26 10 45 79 66 37 28 52 83 81 60 55 70 96
25 45 47 50 89 37 104 35 53 50 44 27 93 24 14 81 101 23 41 0 30 60 41 52 55 44 99 40 5 44 50 15 87 73 5 79 102 29 34 18 47 42 61 90 122 27 17 48 82 116 29 21 49 83 117 51 47 65 92 124 78 75 87 109 136
7 32 18 22 60 11 75 8 24 32 15 5 64 6 43 53 73 33 15 30 0 32 12 23 26 16 70 14 33 26 21 23 58 44 32 51 74 22 11 14 70 50 49 70 98 55 25 25 55 89 53 21 21 53 88 65 43 43 65 95 85 69 69 85 109
38 33 18 11 31 24 45 25 17 28 17 34 34 37 74 34 41 56 29 60 32 0 21 10 10 25 39 21 63 27 14 50 28 20 61 35 43 39 35 43 93 64 44 46 69 85 51 20 25 57 85 51 21 26 58 94 65 45 48 70 110 86 72 74 90
18 29 9 12 49 7 63 7 15 28 4 14 53 17 54 44 61 41 14 41 12 21 0 12 15 11 58 7 44 22 10 32 47 33 42 43 63 26 16 24 78 54 46 61 88 66 34 19 44 78 65 31 13 43 76 75 49 40 57 85 93 74 68 78 101
29 31 10 7 38 16 52 17 11 28 8 26 41 28 65 36 50 49 21 52 23 10 12 0 6 17 47 14 55 24 5 42 35 24 53 36 52 33 26 35 87 60 45 53 78 77 44 18 34 66 76 42 13 32 65 85 57 40 49 75 101 79 68 74 93
32 37 10 12 34 21 49 21 8 33 12 29 38 31 68 31 47 54 21 55 26 10 15 6 0 16 44 19 59 30 5 47 32 19 57 31 50 38 27 39 92 66 50 56 78 81 48 23 34 65 78 44 11 28 62 86 56 37 44 71 101 77 64 69 88
19 40 7 20 48 17 62 16 11 38 11 20 53 21 56 38 63 48 5 44 16 25 11 17 16 0 58 18 48 33 12 38 46 30 46 36 66 35 11 29 85 63 57 69 94 70 40 29 50 81 64 29 6 41 76 70 41 29 50 81 85 64 57 70 94
75 68 53 50 11 63 8 64 48 63 55 72 6 75 112 33 10 94 62 99 70 39 58 47 44 58 0 60 102 63 49 89 13 29 100 37 19 77 69 82 131 100 72 53 53 123 90 57 28 28 121 87 52 19 19 126 93 62 38 38 136 107 81 64 64
20 22 15 10 51 4 66 6 21 21 9 14 54 17 53 49 62 36 21 40 14 21 7 14 19 18 60 0 43 16 15 29 49 37 40 48 63 20 21 23 74 48 39 57 85 64 30 13 43 77 66 34 20 45 78 78 54 47 62 89 98 80 75 85 106
29 46 51 53 93 40 107 39 57 51 48 30 96 28 13 85 104 21 46 5 33 63 44 55 59 48 102 43 0 46 54 15 90 76 3 83 104 30 39 21 42 39 61 91 124 22 17 50 84 119 30 25 53 86 120 54 51 69 97 128 81 79 91 113 141
31 8 29 18 57 17 70 20 34 7 23 24 58 27 58 60 63 32 36 44 26 27 22 24 30 33 63 16 46 0 28 31 54 46 43 60 62 16 36 29 69 38 24 47 78 65 30 8 41 75 73 45 34 52 82 89 68 62 73 96 111 94 89 97 116
27 35 5 11 39 16 54 17 7 32 7 24 43 27 64 34 52 50 16 50 21 14 10 5 5 12 49 15 54 28 0 42 37 23 52 34 55 34 22 34 88 62 49 58 82 76 44 22 38 70 73 39 8 33 67 81 52 36 47 75 97 74 64 71 91
21 31 40 39 80 27 94 26 46 36 36 19 83 18 27 75 90 13 37 15 23 50 32 42 47 38 89 29 15 31 42 0 77 65 13 74 90 15 31 10 48 32 47 76 109 35 4 35 70 104 43 25 43 74 107 64 54 64 87 117 89 82 89 107 132
63 59 41 39 3 51 17 52 35 54 43 60 7 63 100 24 19 83 50 87 58 28 47 35 32 46 13 49 90 54 37 77 0 17 88 27 26 67 57 70 121 91 66 52 60 112 78 47 25 38 109 75 40 7 30 114 81 51 33 44 125 96 72 60 67
49 53 26 29 19 39 33 39 20 48 30 47 24 49 85 15 36 72 34 73 44 20 33 24 19 30 29 37 76 46 23 65 17 0 75 17 41 56 41 57 110 83 63 59 74 98 66 39 32 55 94 59 24 11 46 97 64 36 28 52 108 80 59 55 70
27 44 49 50 91 38 105 37 56 48 46 28 94 26 15 84 102 19 44 5 32 61 42 53 57 46 100 40 3 43 52 13 88 75 0 82 102 28 37 19 43 38 59 89 121 24 14 48 82 116 32 25 52 84 118 55 51 68 95 126 82 79 91 112 139
55 67 35 42 27 49 37 49 28 63 40 55 33 57 91 4 45 83 38 79 51 35 43 36 31 36 37 48 83 60 34 74 27 17 82 0 53 68 46 65 121 96 79 75 86 105 76 53 48 64 96 63 31 21 49 95 60 27 14 46 102 71 45 39 58
80 65 60 53 26 66 25 67 56 59 60 76 20 79 115 49 9 93 70 102 74 43 63 52 50 66 19 63 104 62 55 90 26 41 102 53 0 77 76 85 129 96 64 38 35 125 90 56 21 15 127 93 61 32 28 135 104 76 56 54 148 121 97 82 80
24 17 34 28 69 19 83 20 40 21 28 18 72 19 42 68 77 17 36 29 22 39 26 33 38 35 77 20 30 16 34 15 67 56 28 68 77 0 32 16 55 29 33 61 94 49 15 22 56 91 58 35 38 64 96 77 61 63 81 108 101 89 90 103 125
11 42 17 27 59 19 73 17 22 42 18 15 63 14 46 48 73 43 8 34 11 35 16 26 27 11 69 21 39 36 22 31 57 41 37 46 76 32 0 22 78 60 59 77 103 60 34 33 59 91 53 18 17 52 86 60 34 33 59 91 77 59 59 76 103
12 32 31 33 72 20 87 18 38 35 28 10 76 9 31 66 84 22 28 18 14 43 24 35 39 29 82 23 21 29 34 10 70 57 19 65 85 16 22 0 57 40 49 75 106 42 13 31 65 99 45 19 34 66 100 62 46 54 78 108 85 74 79 97 122
68 64 86 83 124 72 138 72 93 70 82 66 126 65 44 122 131 39 84 47 70 93 78 87 92 85 131 74 42 69 88 48 121 110 43 121 129 55 78 57 0 35 70 104 139 29 45 75 108 142 57 67 90 119 150 86 92 110 134 162 114 119 133 153 178
50 32 62 55 94 47 107 48 68 38 57 45 95 46 49 96 98 20 64 42 50 64 54 60 66 63 100 48 39 38 62 32 91 83 38 96 96 29 60 40 35 0 35 70 104 45 29 45 75 108 67 57 66 89 118 92 85 92 109 134 119 113 118 132 153
54 18 52 39 68 41 80 43 56 19 46 47 68 50 73 78 68 42 59 61 49 44 46 45 50 57 72 39 61 24 49 47 66 63 59 79 64 33 59 49 70 35 0 35 70 75 45 28 45 75 90 66 56 66 89 110 92 84 91 109 133 118 112 117 131
76 45 63 50 54 60 60 62 63 41 59 69 51 72 103 73 45 74 73 90 70 46 61 53 56 69 53 57 91 47 58 76 52 59 89 75 38 61 77 75 104 70 35 0 35 108 75 45 28 45 119 89 66 56 66 134 109 91 84 90 153 132 117 111 116
104 79 87 77 60 88 57 90 85 74 85 98 54 102 135 83 43 108 98 122 98 69 88 78 78 94 53 85 124 78 82 109 60 74 121 86 35 94 103 106 139 104 70 35 0 142 108 75 45 28 150 118 89 66 55 162 134 109 90 83 178 153 131 116 110
51 63 73 74 114 61 129 60 79 69 70 52 118 50 17 107 125 34 68 27 55 85 66 77 81 70 123 64 22 65 76 35 112 98 24 105 125 49 60 42 29 45 75 108 142 0 35 70 104 139 29 45 75 108 142 57 67 90 119 150 86 92 110 134 162
24 30 41 40 81 28 95 28 48 35 37 21 84 21 29 77 90 9 40 17 25 51 34 44 48 40 90 30 17 30 44 4 78 66 14 76 90 15 34 13 45 29 45 75 108 35 0 35 70 104 45 29 45 75 108 67 57 66 89 118 92 85 92 109 134
31 14 24 12 49 15 63 18 28 11 18 24 51 28 61 53 56 38 32 48 25 20 19 18 23 29 57 13 50 8 22 35 47 39 48 53 56 22 33 31 75 45 28 45 75 70 35 0 35 70 75 45 28 45 75 90 66 56 66 89 110 92 84 91 109
62 44 43 34 27 46 36 48 41 38 41 56 25 60 95 45 24 72 54 82 55 25 44 34 34 50 28 43 84 41 38 70 25 32 82 48 21 56 59 65 108 75 45 28 45 104 70 35 0 35 108 75 45 28 45 119 89 66 56 66 134 109 91 84 90
95 78 74 67 38 80 31 82 70 72 74 90 32 93 130 61 20 107 85 116 89 57 78 66 65 81 28 77 119 75 70 104 38 55 116 64 15 91 91 99 142 108 75 45 28 139 104 70 35 0 142 108 75 45 28 150 118 89 66 55 162 134 109 90 83
47 74 69 75 111 62 126 61 74 78 68 52 116 49 18 99 125 50 60 29 53 85 65 76 78 64 121 66 30 73 73 43 109 94 32 96 127 58 53 45 57 67 90 119 150 29 45 75 108 142 0 35 70 104 139 29 45 75 108 142 57 67 90 119 150
14 49 34 42 77 31 91 28 40 51 34 21 81 18 29 65 91 38 26 21 21 51 31 42 44 29 87 34 25 45 39 25 75 59 25 63 93 35 18 19 67 57 66 89 118 45 29 45 75 108 35 0 35 70 104 45 29 45 75 108 67 57 66 89 118
25 41 5 18 42 20 56 19 5 38 11 25 47 26 62 33 57 52 10 49 21 21 13 13 11 6 52 20 53 34 8 43 40 24 52 31 61 38 17 34 90 66 56 66 89 75 45 28 45 75 70 35 0 35 70 75 45 28 45 75 90 66 56 66 89
59 58 36 36 8 48 22 48 30 53 39 56 14 59 96 18 25 81 45 83 53 26 43 32 28 41 19 45 86 52 33 74 7 11 84 21 32 64 52 66 119 89 66 56 66 108 75 45 28 45 104 70 35 0 35 108 75 45 28 45 119 89 66 56 66
93 87 71 69 28 81 14 82 65 81 73 90 25 93 130 45 22 112 79 117 88 58 76 65 62 76 19 78 120 82 67 107 30 46 118 49 28 96 86 100 150 118 89 66 55 142 108 75 45 28 139 104 70 35 0 142 108 75 45 28 150 118 89 66 55
59 93 76 86 115 75 129 73 80 95 78 66 121 63 45 98 132 74 66 51 65 94 75 85 86 70 126 78 54 89 81 64 114 97 55 95 135 77 60 62 86 92 110 134 162 57 67 90 119 150 29 45 75 108 142 0 35 70 104 139 29 45 75 108 142
38 74 47 60 83 52 95 49 49 74 51 45 88 43 50 64 99 66 37 47 43 65 49 57 56 41 93 54 51 68 52 54 81 64 51 60 104 61 34 46 92 85 92 109 134 67 57 66 89 118 45 29 45 75 108 35 0 35 70 104 45 29 45 75 108
43 69 33 46 52 46 63 45 30 66 39 47 58 47 74 30 70 75 28 65 43 45 40 40 37 29 62 47 69 62 36 64 51 36 68 27 76 63 33 54 110 92 84 91 109 90 66 56 66 89 75 45 28 45 75 70 35 0 35 70 75 45 28 45 75
68 80 49 55 31 63 35 63 42 75 54 69 36 70 104 14 48 97 52 92 65 48 57 49 44 50 38 62 97 73 47 87 33 28 95 14 56 81 59 78 134 109 91 84 90 119 89 66 56 66 108 75 45 28 45 104 70 35 0 35 108 75 45 28 45
99 102 78 80 41 91 31 91 71 97 82 99 42 100 136 44 46 124 83 124 95 70 85 75 71 81 38 89 128 96 75 117 44 52 126 46 54 108 91 108 162 134 109 90 83 150 118 89 66 55 142 108 75 45 28 139 104 70 35 0 142 108 75 45 28
80 115 92 104 126 95 137 93 94 117 95 87 132 84 73 105 143 100 81 78 85 110 93 101 101 85 136 98 81 111 97 89 125 108 82 102 148 101 77 85 114 119 133 153 178 86 92 110 134 162 57 67 90 119 150 29 45 75 108 142 0 35 70 104 139
66 100 70 83 96 78 107 75 70 100 74 73 102 70 76 74 114 94 60 75 69 86 74 79 77 64 107 80 79 94 74 82 96 80 79 71 121 89 59 74 119 113 118 132 153 92 85 92 109 134 67 57 66 89 118 45 29 45 75 108 35 0 35 70 104
68 97 61 74 72 74 79 72 57 94 67 73 78 72 93 48 90 100 55 87 69 72 68 68 64 57 81 75 91 89 64 89 72 59 91 45 97 90 59 79 133 118 112 117 131 110 92 84 91 109 90 66 56 66 89 75 45 28 45 75 70 35 0 35 70
86 105 71 80 58 85 59 84 64 101 76 89 63 89 118 40 74 117 70 109 85 74 78 74 69 70 64 85 113 97 71 107 60 55 112 39 82 103 76 97 153 132 117 111 116 134 109 91 84 90 119 89 66 56 66 108 75 45 28 45 104 70 35 0 35
112 122 93 98 64 107 57 107 86 117 98 113 66 114 147 57 72 141 96 136 109 90 101 93 88 94 64 106 141 116 91 132 67 70 139 58 80 125 103 122 178 153 131 116 110 162 134 109 90 83 150 118 89 66 55 142 108 75 45 28 139 104 70 35 0
