0 61 7 55 25 59 32 52 58 13 19 38 59 37 60 43 27 65 45 63 7 52 7 57 20 53 37 53 60 51 22 29 67 41 33 45 27 26 47 75 118 106 96 89 84 82 85 90 99 109 108 96 84 76 70 69 71 78 88 99 100 86 73 63 56 55 58 66 77 91 93 78 64 51 43 41 45 55 68 83 88 72 56 41 30 27 34 46 61 77 85 68 51 34 19 13 24 40 57 74 84 66 49 32 15 4 21 38 56 73 85 68 52 36 22 17 26 41 58 75 89 73 58 44 33 30 37 49 63 79 95 80 66 54 46 44 49 58 71 85
61 0 57 89 39 13 33 16 95 62 55 66 69 32 7 61 57 5 17 73 56 9 62 87 45 15 24 10 91 17 41 58 72 25 62 64 81 46 18 83 147 131 116 100 86 73 63 55 53 56 143 126 110 94 78 64 51 42 39 44 139 122 106 89 72 57 42 30 25 32 138 120 103 86 69 52 35 20 12 23 137 120 103 85 68 51 33 16 4 20 138 121 104 87 70 53 37 23 17 26 141 124 107 91 74 59 45 34 31 36 144 128 112 96 81 67 55 47 44 48 149 133 118 103 90 77 67 60 58 61 155 140 126 112 99 88 79 74 72 74
7 57 0 61 24 57 30 50 64 18 22 42 62 36 56 46 31 61 41 67 2 48 5 62 20 51 34 50 65 46 17 33 70 40 37 49 33 27 42 79 124 112 101 93 87 85 86 90 98 107 114 101 90 80 74 71 72 78 86 97 106 92 79 68 60 57 59 65 75 88 99 84 70 57 47 43 45 54 66 79 94 78 62 47 35 29 33 43 58 73 91 74 57 40 25 15 21 36 52 69 89 72 55 38 20 3 15 33 50 67 90 73 56 40 24 14 20 35 52 69 94 77 61 47 34 28 31 43 57 73 99 83 69 56 46 42 44 53 65 79
55 89 61 0 57 80 60 74 6 43 43 24 30 58 84 29 35 91 81 30 60 82 61 6 52 75 71 80 5 88 68 34 35 64 29 26 35 47 84 36 64 52 43 40 45 55 68 83 98 114 56 41 30 26 33 46 61 77 93 110 51 34 19 12 24 40 56 73 91 108 50 32 15 4 21 38 55 73 90 107 52 36 23 17 27 41 58 74 91 108 59 45 34 31 37 49 63 79 95 111 67 56 48 45 49 59 71 85 100 116 77 68 61 59 63 70 81 93 107 122 89 80 75 73 76 82 91 102 115 129 101 94 89 88 90 95 103 113 124 137
25 39 24 57 0 35 7 28 61 24 17 33 47 13 36 33 22 42 26 52 22 30 28 56 7 29 16 30 60 33 16 23 54 17 28 36 43 10 29 64 119 105 92 80 71 65 64 67 75 85 112 97 83 70 59 52 50 54 63 75 106 90 75 60 48 39 36 42 53 67 103 86 69 53 38 26 23 31 45 61 100 83 66 49 32 16 9 23 40 57 100 83 66 49 32 15 8 23 40 57 102 85 69 52 37 24 21 30 44 60 106 90 74 59 46 37 35 40 52 66 111 96 81 68 57 50 48 53 62 74 118 104 90 79 69 64 62 66 73 83
59 13 57 80 35 0 28 7 85 58 50 57 57 25 7 51 50 13 22 62 55 14 61 77 41 7 24 9 81 25 42 51 60 19 54 54 76 39 25 71 136 120 104 88 74 61 50 44 45 52 132 115 99 82 66 52 39 31 32 41 130 112 95 78 61 45 29 18 19 32 129 111 94 77 59 42 25 8 11 28 129 112 95 78 61 44 28 14 16 31 131 114 98 81 65 49 36 27 28 38 135 118 102 86 72 58 47 41 41 49 140 124 108 94 80 68 59 54 55 60 146 131 116 102 90 80 72 68 68 73 153 138 125 112 101 92 85 82 82 86
32 33 30 60 7 28 0 22 65 30 23 37 47 7 30 35 26 36 21 53 28 24 34 59 14 22 11 24 63 28 19 28 54 10 32 38 49 14 24 64 122 107 93 81 70 63 60 62 69 78 116 100 85 71 59 50 46 49 57 68 111 94 78 63 49 38 32 36 46 60 107 90 74 57 41 27 19 24 38 54 106 89 71 54 37 20 5 17 34 51 106 89 72 55 38 22 10 19 35 52 108 92 75 59 44 31 24 29 41 56 112 96 81 66 53 42 38 41 50 63 118 103 88 75 63 55 52 54 61 72 125 110 97 85 75 69 66 67 73 83
52 16 50 74 28 7 22 0 80 51 43 51 53 18 11 46 44 17 19 58 49 12 55 72 34 1 18 8 76 23 36 44 57 12 48 49 69 33 22 68 132 116 100 85 72 60 51 48 50 58 127 111 94 79 63 49 39 34 37 47 124 107 90 74 57 41 27 20 26 39 123 106 88 71 54 37 20 6 17 34 123 106 89 71 54 37 21 9 19 35 125 108 91 74 58 43 29 23 28 40 128 112 95 80 65 51 41 36 40 49 133 117 102 87 73 62 54 50 53 60 139 124 109 96 84 74 67 64 66 72 146 132 118 106 95 86 80 78 79 84
58 95 64 6 61 85 65 80 0 47 47 30 36 64 90 35 40 96 86 35 63 88 64 11 56 80 76 85 8 93 72 38 40 70 34 32 36 52 89 40 60 49 43 42 49 60 73 88 104 120 52 38 29 29 38 51 67 83 99 116 46 30 16 16 29 45 62 79 96 114 44 27 9 9 26 44 61 78 95 113 47 31 18 18 30 46 63 80 97 114 53 40 31 31 40 53 68 83 100 116 62 51 45 45 51 62 75 89 105 121 73 64 59 59 63 72 84 97 111 126 85 77 73 73 77 84 94 106 119 133 97 91 87 87 90 96 105 116 128 141
13 62 18 43 24 58 30 51 47 0 10 26 48 34 60 32 16 65 48 52 17 54 19 45 17 52 39 54 48 55 28 18 56 39 22 34 20 20 50 64 106 94 84 77 72 72 76 84 94 106 97 84 72 64 59 59 63 72 84 97 90 75 62 51 45 45 51 62 75 90 84 68 53 40 31 31 40 53 68 84 80 63 46 30 18 18 31 47 63 80 78 61 43 26 9 10 27 44 61 79 79 62 45 29 16 16 30 46 63 80 83 66 51 37 28 28 38 51 67 83 88 73 60 49 42 42 49 60 73 88 96 82 70 61 56 56 61 70 82 95
19 55 22 43 17 50 23 43 47 10 0 21 41 25 52 25 9 58 43 45 21 46 24 43 11 43 33 46 46 49 26 11 49 31 16 28 27 11 45 57 106 93 81 72 66 64 67 74 84 97 98 83 70 60 52 50 54 63 75 88 91 76 61 48 39 36 42 53 66 81 87 70 54 39 27 23 30 44 60 76 84 67 50 33 17 9 23 39 56 73 84 67 50 32 16 7 22 39 56 73 86 69 53 38 25 21 29 43 59 76 91 75 60 47 37 35 40 51 65 80 97 82 69 58 50 48 52 61 73 87 105 91 80 70 64 62 66 73 83 95
38 66 42 24 33 57 37 51 30 26 21 0 23 35 61 9 13 67 57 26 41 58 44 23 29 52 47 56 27 64 46 11 31 41 6 9 30 24 60 38 86 72 60 51 47 49 57 68 81 96 79 64 50 39 33 36 46 59 74 90 75 58 42 28 19 24 37 53 69 86 73 55 38 21 6 16 33 50 67 84 73 56 39 23 10 18 34 51 68 85 76 60 45 31 24 28 40 55 71 88 82 67 54 43 38 41 50 62 77 92 89 76 64 56 52 54 61 72 84 99 98 86 76 69 66 68 73 82 94 106 108 97 89 83 80 81 86 94 104 115
59 69 62 30 47 57 47 53 36 48 41 23 0 42 63 16 32 69 66 6 61 64 65 26 45 54 57 60 30 73 62 30 9 47 26 14 52 38 69 17 79 63 48 34 26 28 38 53 69 85 76 59 42 26 12 16 31 48 65 82 75 58 41 24 7 13 30 47 64 82 77 61 44 29 19 22 34 50 67 83 82 66 52 39 33 34 43 56 71 87 88 74 61 52 46 47 54 65 79 93 96 84 73 64 60 61 67 76 87 101 106 94 85 78 74 75 79 87 97 109 116 106 97 91 88 89 92 99 108 119 127 118 110 105 102 102 106 111 120 129
37 32 36 58 13 25 7 18 64 34 25 35 42 0 28 31 26 34 24 48 34 24 40 57 17 19 15 23 61 31 25 27 48 7 31 35 51 15 27 59 119 103 89 76 65 57 53 56 63 73 113 97 81 67 54 44 39 42 51 64 109 92 76 60 45 32 26 30 42 57 106 89 72 55 38 22 12 20 35 52 106 89 71 54 37 19 4 17 34 51 107 90 73 56 40 26 17 23 37 54 110 94 78 62 48 36 31 35 45 59 115 99 84 70 58 49 45 47 56 67 121 106 92 80 69 62 59 61 67 77 129 115 102 91 81 75 73 74 79 88
60 7 56 84 36 7 30 11 90 60 52 61 63 28 0 56 54 7 19 68 55 10 61 82 43 10 23 7 86 20 41 54 67 21 57 59 78 42 20 77 142 125 110 95 80 67 57 50 49 54 137 121 104 88 73 58 45 37 35 42 134 117 100 84 67 51 36 24 22 32 133 116 98 81 64 47 30 14 10 25 133 116 98 81 64 47 30 14 10 25 135 117 100 84 67 51 36 24 22 32 137 121 104 88 73 58 45 37 36 42 142 126 110 95 80 67 57 50 49 54 147 132 117 103 89 78 69 64 63 67 154 139 125 112 100 90 82 77 76 80
43 61 46 29 33 51 35 46 35 32 25 9 16 31 56 0 16 62 55 21 45 55 49 27 30 47 45 52 31 62 47 14 24 37 11 4 38 24 58 33 88 73 59 48 41 42 48 60 73 88 82 66 51 37 28 28 37 51 67 83 79 62 45 29 15 16 29 46 63 80 78 61 44 26 9 10 27 44 61 79 80 63 46 31 18 19 31 47 63 80 84 68 53 40 31 32 40 53 68 84 90 75 62 51 45 45 51 62 75 90 98 84 73 64 59 59 64 73 84 97 107 95 84 77 73 73 77 84 94 106 117 106 97 90 87 87 90 96 105 116
27 57 31 35 22 50 26 44 40 16 9 13 32 26 54 16 0 60 47 37 30 50 33 35 17 45 37 48 39 54 34 3 40 33 8 19 28 13 50 49 98 84 72 63 57 57 61 70 81 94 91 76 62 51 44 43 49 59 72 87 85 69 54 40 30 29 37 50 65 81 81 64 48 32 18 16 28 44 61 78 80 63 46 28 11 7 25 42 59 77 81 65 48 32 18 16 28 44 61 78 85 69 54 40 31 29 37 50 66 81 91 76 62 51 44 43 49 59 73 87 98 85 73 63 58 57 61 70 81 95 107 95 84 76 71 71 74 82 91 103
65 5 61 91 42 13 36 17 96 65 58 67 69 34 7 62 60 0 21 74 60 13 66 88 49 16 28 12 93 21 45 60 72 28 64 65 84 48 22 83 148 132 116 100 86 72 61 52 49 52 144 127 110 94 78 63 50 40 35 39 141 124 107 90 73 57 41 28 22 28 139 122 105 88 70 53 36 20 8 19 139 122 105 88 70 53 36 19 7 19 141 124 107 90 73 57 41 27 21 27 143 127 110 94 78 63 49 39 34 38 147 131 115 100 85 71 60 51 48 51 153 137 122 107 94 81 71 64 62 64 159 144 130 116 103 92 84 78 76 77
45 17 41 81 26 22 21 19 86 48 43 57 66 24 19 55 47 21 0 71 40 9 46 80 33 19 11 14 84 8 25 48 71 19 53 58 68 35 4 81 142 127 112 99 87 76 69 66 67 72 136 120 105 90 77 65 56 52 53 60 131 115 99 83 68 54 44 38 40 49 128 111 94 78 61 46 32 24 27 39 126 109 92 74 57 40 24 11 17 32 126 109 91 74 57 39 22 6 14 31 127 110 93 76 59 43 28 19 23 36 130 113 97 81 65 51 39 32 35 44 134 118 102 87 73 60 51 46 48 55 139 124 109 95 82 72 64 60 61 67
63 73 67 30 52 62 53 58 35 52 45 26 6 48 68 21 37 74 71 0 66 69 69 25 50 59 62 65 28 78 67 35 6 52 30 18 54 43 74 13 75 58 43 29 21 26 39 55 71 87 72 55 38 21 7 17 34 51 68 85 72 55 38 21 8 17 34 51 68 85 75 58 43 29 22 27 39 55 71 88 80 65 51 41 36 39 48 62 76 92 87 74 62 54 50 52 59 70 84 98 96 84 74 67 64 66 71 81 92 106 106 95 86 80 78 79 84 92 102 114 117 107 99 94 92 93 97 104 113 124 128 119 112 108 106 107 110 116 125 135
7 56 2 60 22 55 28 49 63 17 21 41 61 34 55 45 30 60 40 66 0 47 7 62 19 49 33 49 65 45 16 32 69 38 37 48 34 26 41 78 123 111 101 92 86 84 85 89 96 106 114 101 89 80 73 70 71 76 85 96 106 92 79 68 59 56 57 64 74 86 99 84 69 57 47 42 44 52 64 78 94 78 62 47 35 28 31 42 56 72 91 74 57 41 25 14 20 35 51 68 90 73 56 38 21 4 15 32 49 67 91 74 57 41 26 15 21 35 51 68 95 78 63 48 36 29 32 43 57 72 100 85 70 57 48 43 45 53 65 79
52 9 48 82 30 14 24 12 88 54 46 58 64 24 10 55 50 13 9 69 47 0 53 81 37 12 15 6 85 12 32 50 68 18 54 58 72 37 11 79 142 126 111 96 83 72 63 58 58 63 137 120 104 89 74 61 50 44 45 51 133 116 99 83 67 52 39 31 31 40 130 113 96 79 62 46 30 18 19 32 129 112 95 77 60 43 26 8 10 27 130 113 95 78 61 44 28 15 16 30 132 115 98 82 66 50 37 28 28 38 135 119 103 87 72 59 47 41 41 48 140 124 109 94 81 69 60 55 55 60 146 131 117 103 91 80 72 68 68 73
7 62 5 61 28 61 34 55 64 19 24 44 65 40 61 49 33 66 46 69 7 53 0 63 24 55 39 55 65 50 22 35 73 44 39 51 31 31 47 81 123 112 102 95 90 88 90 95 102 112 114 101 90 82 76 74 76 82 91 102 105 91 79 69 62 60 63 70 80 92 98 83 69 57 49 46 50 58 70 84 92 76 60 47 36 32 37 48 62 78 88 71 54 38 25 18 26 40 56 73 86 69 51 34 17 4 19 36 54 71 87 69 52 36 20 11 22 38 54 72 89 73 57 42 30 25 31 44 59 75 94 79 64 51 42 39 43 53 66 80
57 87 62 6 56 77 59 72 11 45 43 23 26 57 82 27 35 88 80 25 62 81 63 0 52 73 70 78 5 87 69 33 30 63 28 23 39 47 83 30 63 50 40 36 40 50 63 78 94 110 57 41 28 22 28 41 56 73 89 106 53 36 19 8 19 36 53 70 87 104 53 36 19 7 19 36 53 70 87 104 57 41 28 21 28 41 56 73 89 106 63 50 40 36 40 50 63 78 94 110 72 61 53 50 52 60 72 85 100 115 83 73 66 64 66 72 82 94 107 122 94 86 80 78 80 85 93 104 116 129 106 99 94 92 93 98 105 114 126 138
20 45 20 52 7 41 14 34 56 17 11 29 45 17 43 30 17 49 33 50 19 37 24 52 0 35 23 37 55 39 18 19 53 23 24 33 36 8 35 62 115 101 88 78 70 66 66 71 79 90 107 92 78 66 57 52 52 58 68 81 101 85 70 56 45 38 39 47 59 73 97 80 64 48 34 25 26 37 51 67 94 77 60 43 26 12 15 30 47 64 94 77 59 42 25 9 12 29 46 63 96 79 62 46 31 20 22 34 49 66 99 83 68 53 41 34 35 43 56 71 105 90 76 63 53 48 48 55 65 78 112 98 85 74 66 61 62 67 76 87
53 15 51 75 29 7 22 1 80 52 43 52 54 19 10 47 45 16 19 59 49 12 55 73 35 0 18 7 77 23 36 45 58 13 48 50 70 34 21 68 133 117 101 86 72 60 51 48 50 58 128 112 95 79 64 50 39 34 37 47 125 108 91 74 58 42 28 20 25 38 124 106 89 72 55 38 21 6 17 34 124 107 89 72 55 38 21 9 18 34 126 109 92 75 59 43 30 23 27 40 129 112 96 80 65 52 41 36 39 49 134 118 102 88 74 62 54 50 52 60 139 124 110 96 84 74 67 64 66 72 147 132 119 106 95 86 80 78 79 84
37 24 34 71 16 24 11 18 76 39 33 47 57 15 23 45 37 28 11 62 33 15 39 70 23 18 0 17 74 18 18 38 63 12 43 48 58 25 13 73 132 118 103 90 79 70 65 64 68 75 126 111 95 81 68 58 51 50 55 64 121 105 89 73 59 46 38 37 43 54 118 101 84 68 51 37 25 23 32 46 116 99 82 64 47 30 14 10 25 42 116 99 81 64 47 30 13 9 24 41 118 101 84 67 51 35 23 21 31 45 121 104 88 72 58 45 36 35 41 53 125 110 94 80 67 56 49 48 53 63 132 117 102 89 77 68 63 62 66 74
53 10 50 80 30 9 24 8 85 54 46 56 60 23 7 52 48 12 14 65 49 6 55 78 37 7 17 0 82 17 35 49 64 16 52 55 72 37 16 75 138 123 107 92 79 67 58 53 53 59 134 117 101 85 70 57 45 39 40 48 130 113 96 80 64 48 34 26 27 38 128 111 94 77 60 43 26 13 16 31 128 111 93 76 59 41 24 8 12 29 129 112 95 78 61 45 30 19 21 34 132 115 98 82 66 52 39 32 33 42 136 120 104 88 74 61 51 46 46 53 141 126 111 96 83 72 64 59 60 65 148 133 119 105 94 84 77 73 73 78
60 91 65 5 60 81 63 76 8 48 46 27 30 61 86 31 39 93 84 28 65 85 65 5 55 77 74 82 0 91 72 37 33 67 32 28 40 50 87 33 60 47 38 36 42 53 67 82 98 114 53 38 26 22 31 45 60 77 94 111 49 32 15 9 23 40 57 74 91 109 49 32 15 9 23 40 57 74 91 109 53 37 25 22 31 45 60 77 94 110 60 47 38 36 42 53 67 82 98 114 69 59 51 50 54 63 75 89 103 119 80 71 65 64 67 74 85 97 111 125 92 84 79 78 81 87 96 107 119 133 104 97 93 92 94 99 107 117 129 141
51 17 46 88 33 25 28 23 93 55 49 64 73 31 20 62 54 21 8 78 45 12 50 87 39 23 18 17 91 0 29 55 78 26 60 65 74 42 5 88 149 134 119 106 93 82 74 69 69 72 143 127 112 97 83 71 62 56 55 60 138 122 106 90 75 61 50 42 41 47 135 118 101 85 68 53 39 29 28 36 133 116 98 81 64 47 31 17 15 28 132 115 98 80 63 46 28 11 7 25 133 116 99 82 65 48 32 19 17 29 135 118 102 85 69 54 40 31 30 38 139 123 107 91 76 63 51 44 43 49 144 128 113 98 85 73 63 58 57 61
22 41 17 68 16 42 19 36 72 28 26 46 62 25 41 47 34 45 25 67 16 32 22 69 18 36 18 35 72 29 0 36 69 27 41 50 47 24 25 79 131 118 106 95 86 80 78 80 85 93 124 109 96 84 74 67 64 66 72 82 117 101 87 73 62 54 50 53 61 72 111 95 79 65 51 41 37 40 50 63 107 91 74 58 42 29 23 28 41 56 105 88 71 54 37 20 9 19 35 52 105 88 71 53 36 19 6 18 35 52 107 90 73 57 41 27 20 26 39 55 110 94 78 63 49 38 34 38 48 61 116 100 85 71 60 51 48 50 58 70
29 58 33 34 23 51 28 44 38 18 11 11 30 27 54 14 3 60 48 35 32 50 35 33 19 45 38 49 37 55 36 0 38 33 6 17 28 14 51 47 96 83 71 61 55 55 60 69 80 94 89 74 60 49 42 41 47 58 72 87 84 67 52 38 28 27 36 50 65 81 80 63 46 30 16 15 28 44 61 78 80 62 45 28 11 8 25 43 60 77 81 64 48 32 19 18 30 46 62 79 85 69 54 41 32 31 39 52 67 83 91 76 63 52 46 45 51 61 74 89 99 85 74 65 59 59 63 72 83 96 108 96 85 78 73 73 76 83 93 105
67 72 70 35 54 60 54 57 40 56 49 31 9 48 67 24 40 72 71 6 69 68 73 30 53 58 63 64 33 78 69 38 0 52 34 22 59 46 74 11 77 60 44 29 18 21 34 50 66 83 75 58 41 23 6 13 30 47 64 82 76 59 42 26 13 17 32 48 65 82 80 63 48 35 27 29 39 53 69 85 85 70 57 46 41 42 50 61 75 90 93 79 68 59 54 55 61 71 83 97 102 90 79 72 68 69 74 82 93 106 112 101 92 86 82 83 87 94 103 115 123 113 105 99 96 97 100 106 115 125 134 125 118 113 110 111 113 119 126 136
41 25 40 64 17 19 10 12 70 39 31 41 47 7 21 37 33 28 19 52 38 18 44 63 23 13 12 16 67 26 27 33 52 0 37 40 57 21 23 63 124 109 94 80 68 59 53 53 59 68 119 103 87 72 58 46 40 40 47 59 115 98 81 65 50 36 26 27 37 51 113 96 78 61 44 28 14 15 29 46 112 95 78 60 43 26 9 10 27 45 114 96 80 63 46 31 19 20 32 48 117 100 84 68 53 41 33 33 41 54 121 105 90 75 62 52 46 46 53 63 127 112 98 85 73 65 60 60 65 74 134 120 107 95 85 78 74 74 78 85
33 62 37 29 28 54 32 48 34 22 16 6 26 31 57 11 8 64 53 30 37 54 39 28 24 48 43 52 32 60 41 6 34 37 0 12 29 19 55 42 91 78 65 56 51 52 58 68 81 95 84 69 55 44 37 38 46 59 73 88 79 63 47 33 24 25 36 51 67 84 76 59 42 25 11 14 30 47 64 81 76 59 42 25 9 13 29 47 64 81 79 62 46 31 21 23 35 50 66 83 83 68 54 42 35 36 45 57 72 87 90 76 64 54 49 49 56 66 79 94 98 86 75 67 63 63 68 77 88 101 108 96 87 80 77 77 81 89 99 110
45 64 49 26 36 54 38 49 32 34 28 9 14 35 59 4 19 65 58 18 48 58 51 23 33 50 48 55 28 65 50 17 22 40 12 0 39 27 61 30 85 70 56 45 39 40 48 60 75 90 79 63 47 34 25 27 38 53 69 85 76 59 42 26 12 16 31 48 65 82 75 58 41 24 7 13 30 47 64 82 77 61 44 29 19 22 35 50 67 83 82 66 52 40 33 34 43 57 72 87 88 74 62 52 47 48 55 65 79 93 97 84 73 65 60 61 67 76 87 101 106 94 85 78 74 75 79 87 97 109 116 106 97 91 88 89 93 99 108 119
27 81 33 35 43 76 49 69 36 20 27 30 52 51 78 38 28 84 68 54 34 72 31 39 36 70 58 72 40 74 47 28 59 57 29 39 0 37 70 65 94 85 78 74 74 79 86 96 108 122 84 73 64 60 60 66 75 86 100 114 74 62 51 46 47 53 64 77 92 107 67 52 40 32 33 42 55 70 86 103 61 45 30 19 20 33 49 65 82 99 59 42 24 8 12 29 46 63 81 98 60 43 27 14 16 31 47 64 81 98 64 49 35 27 28 38 52 68 84 101 71 58 47 40 41 49 60 74 90 105 80 68 59 54 55 61 70 83 96 111
26 46 27 47 10 39 14 33 52 20 11 24 38 15 42 24 13 48 35 43 26 37 31 47 8 34 25 37 50 42 24 14 46 21 19 27 37 0 37 55 109 95 82 71 63 59 60 65 75 86 103 87 73 60 50 45 46 53 64 78 97 81 65 51 38 31 33 42 56 71 94 77 60 44 28 18 21 34 50 66 92 75 58 40 23 6 13 30 47 64 93 76 59 42 26 13 17 32 49 65 96 79 63 48 35 27 29 39 54 69 101 85 70 57 46 40 42 50 61 75 107 92 79 67 59 54 55 61 71 83 115 101 89 79 72 68 69 74 82 93
47 18 42 84 29 25 24 22 89 50 45 60 69 27 20 58 50 22 4 74 41 11 47 83 35 21 13 16 87 5 25 51 74 23 55 61 70 37 0 85 145 130 116 102 90 80 72 68 69 73 139 123 108 93 80 68 59 54 55 61 134 118 102 86 71 58 47 41 42 49 131 114 97 80 64 49 36 27 29 39 128 111 94 77 60 43 27 14 17 31 128 111 93 76 59 41 24 7 12 29 129 112 95 78 61 44 29 17 19 33 131 114 98 82 66 51 38 30 32 41 135 119 103 88 73 60 50 44 45 52 140 125 110 95 82 71 62 58 58 64
75 83 79 36 64 71 64 68 40 64 57 38 17 59 77 33 49 83 81 13 78 79 81 30 62 68 73 75 33 88 79 47 11 63 42 30 65 55 85 0 68 51 34 18 10 22 39 56 73 90 68 50 33 16 6 21 38 55 72 89 70 54 38 24 19 28 42 58 74 91 75 60 47 36 33 38 50 64 79 95 82 69 57 50 47 51 60 72 86 101 91 79 69 63 61 64 71 82 94 108 101 91 82 77 75 78 83 92 103 116 112 103 95 91 89 91 96 104 114 125 124 115 109 105 103 105 109 116 125 135 136 128 122 118 117 119 122 128 136 146
118 147 124 64 119 136 122 132 60 106 106 86 79 119 142 88 98 148 142 75 123 142 123 63 115 133 132 138 60 149 131 96 77 124 91 85 94 109 145 68 0 18 35 52 70 87 104 122 139 156 15 23 38 54 71 88 105 122 140 157 29 34 45 60 75 91 108 125 142 159 43 47 55 68 82 97 113 129 145 162 58 60 67 77 90 104 119 134 150 166 72 74 80 88 99 112 126 140 156 171 86 88 93 100 110 122 134 148 162 177 100 102 106 112 121 132 144 156 170 184 115 116 119 125 133 143 154 166 179 192 129 130 133 138 145 154 164 176 188 201
106 131 112 52 105 120 107 116 49 94 93 72 63 103 125 73 84 132 127 58 111 126 112 50 101 117 118 123 47 134 118 83 60 109 78 70 85 95 130 51 18 0 18 35 52 70 87 104 122 139 23 15 23 38 54 71 88 105 122 140 34 29 34 45 60 75 91 108 125 142 47 43 46 55 67 82 97 112 129 145 60 57 60 67 77 90 104 118 134 150 74 72 73 79 88 99 112 126 140 155 88 86 87 92 100 110 121 134 148 162 102 100 101 105 112 121 131 143 156 170 116 114 115 119 125 133 142 153 165 178 130 128 129 132 138 145 154 164 175 187
96 116 101 43 92 104 93 100 43 84 81 60 48 89 110 59 72 116 112 43 101 111 102 40 88 101 103 107 38 119 106 71 44 94 65 56 78 82 116 34 35 18 0 18 35 52 70 87 104 122 38 23 15 23 38 54 71 88 105 122 45 34 29 34 45 60 75 91 108 125 55 46 43 46 55 67 81 97 112 129 67 60 57 60 67 77 90 104 118 134 80 73 71 73 79 88 99 112 126 140 93 87 85 87 92 99 109 121 134 148 106 101 99 101 105 112 121 131 143 156 119 115 114 115 118 124 132 142 153 165 133 129 128 129 132 137 144 153 163 175
89 100 93 40 80 88 81 85 42 77 72 51 34 76 95 48 63 100 99 29 92 96 95 36 78 86 90 92 36 106 95 61 29 80 56 45 74 71 102 18 52 35 18 0 18 35 52 70 87 104 54 38 23 15 23 38 54 71 88 105 60 45 34 29 33 45 59 75 91 108 68 55 46 43 46 55 67 81 97 112 77 67 60 57 59 66 77 89 103 118 88 79 73 71 73 79 88 99 112 125 100 92 87 85 87 91 99 109 121 134 112 105 101 99 100 105 111 120 131 143 125 119 115 113 114 118 124 132 141 152 138 132 129 127 128 131 137 144 153 163
84 86 87 45 71 74 70 72 49 72 66 47 26 65 80 41 57 86 87 21 86 83 90 40 70 72 79 79 42 93 86 55 18 68 51 39 74 63 90 10 70 52 35 18 0 18 35 52 70 87 71 54 38 23 15 23 38 54 71 88 75 60 45 33 29 33 45 59 75 91 82 67 55 46 43 46 55 67 81 96 90 77 67 59 57 59 66 77 89 103 99 88 79 73 71 73 78 87 99 111 110 100 92 87 85 86 91 99 109 120 121 112 105 100 99 100 104 111 120 130 133 125 118 114 113 114 117 123 131 141 145 138 132 128 127 127 131 136 143 152
82 73 85 55 65 61 63 60 60 72 64 49 28 57 67 42 57 72 76 26 84 72 88 50 66 60 70 67 53 82 80 55 21 59 52 40 79 59 80 22 87 70 52 35 18 0 18 35 52 70 88 71 54 38 23 14 23 38 54 71 91 75 60 45 33 28 33 45 59 75 97 82 67 55 46 42 46 55 67 81 104 90 77 66 59 56 59 66 76 89 112 99 88 79 73 70 72 78 87 98 122 110 99 91 86 84 86 91 98 108 132 121 112 105 100 98 99 104 110 119 143 133 124 118 114 112 113 117 123 131 154 145 137 131 127 126 127 130 135 143
85 63 86 68 64 50 60 51 73 76 67 57 38 53 57 48 61 61 69 39 85 63 90 63 66 51 65 58 67 74 78 60 34 53 58 48 86 60 72 39 104 87 70 52 35 18 0 18 35 52 105 88 71 54 38 23 14 23 38 54 108 91 75 59 45 33 28 33 45 59 113 97 81 67 55 46 42 46 54 67 119 104 90 77 66 59 56 59 66 76 126 112 99 88 78 72 70 72 78 87 134 121 109 99 91 86 84 85 90 98 144 131 121 111 104 99 98 99 103 110 154 142 132 124 117 113 112 113 116 122 164 154 144 137 131 127 125 126 130 135
90 55 90 83 67 44 62 48 88 84 74 68 53 56 50 60 70 52 66 55 89 58 95 78 71 48 64 53 82 69 80 69 50 53 68 60 96 65 68 56 122 104 87 70 52 35 18 0 18 35 122 105 88 71 54 38 23 14 23 38 125 108 91 75 59 45 33 28 33 45 129 112 97 81 67 55 46 42 45 54 134 118 104 89 77 66 59 56 58 65 140 126 112 99 87 78 72 70 72 77 148 134 121 109 99 91 85 83 85 90 156 143 131 120 111 104 99 97 99 103 166 153 142 132 123 117 113 111 112 116 176 164 153 144 136 130 126 125 126 129
99 53 98 98 75 45 69 50 104 94 84 81 69 63 49 73 81 49 67 71 96 58 102 94 79 50 68 53 98 69 85 80 66 59 81 75 108 75 69 73 139 122 104 87 70 52 35 18 0 18 140 122 105 88 71 54 38 23 14 23 142 125 108 91 75 59 45 33 28 33 145 129 112 97 81 67 54 45 42 45 150 134 118 103 89 76 66 58 55 58 156 140 126 112 99 87 78 72 69 71 162 148 134 121 109 98 90 85 83 85 170 156 143 131 120 110 103 99 97 98 179 165 153 141 131 123 116 112 110 112 188 175 163 153 143 135 130 126 124 125
109 56 107 114 85 52 78 58 120 106 97 96 85 73 54 88 94 52 72 87 106 63 112 110 90 58 75 59 114 72 93 94 83 68 95 90 122 86 73 90 156 139 122 104 87 70 52 35 18 0 157 140 122 105 88 71 54 38 23 14 159 142 125 108 91 75 59 45 33 28 162 145 129 112 96 81 67 54 45 42 166 150 134 118 103 89 76 65 58 55 171 155 140 125 111 98 87 77 71 69 177 162 148 134 120 108 98 90 85 83 184 170 156 143 130 119 110 103 98 96 192 178 165 152 141 131 122 116 112 110 201 187 175 163 152 143 135 129 125 124
108 143 114 56 112 132 116 127 52 97 98 79 76 113 137 82 91 144 136 72 114 137 114 57 107 128 126 134 53 143 124 89 75 119 84 79 84 103 139 68 15 23 38 54 71 88 105 122 140 157 0 18 35 52 70 87 104 122 139 156 15 23 38 54 71 88 105 122 140 157 29 34 45 60 75 91 108 125 142 159 43 47 55 68 82 97 113 129 145 162 58 60 67 77 90 104 119 134 150 166 72 74 80 88 99 112 126 140 156 171 86 88 93 100 110 122 134 148 162 177 100 102 106 112 121 132 144 156 170 184 115 116 119 125 133 143 154 166 179 192
96 126 101 41 97 115 100 111 38 84 83 64 59 97 121 66 76 127 120 55 101 120 101 41 92 112 111 117 38 127 109 74 58 103 69 63 73 87 123 50 23 15 23 38 54 71 88 105 122 140 18 0 18 35 52 70 87 104 122 139 23 15 23 38 54 71 88 105 122 140 34 29 34 45 60 75 91 108 125 142 47 43 46 55 67 82 97 112 129 145 60 57 60 67 77 90 104 118 134 150 74 72 73 79 88 99 112 126 140 155 88 86 87 92 100 110 121 134 148 162 102 100 101 105 112 121 131 143 156 170 116 114 115 119 125 133 142 153 165 178
84 110 90 30 83 99 85 94 29 72 70 50 42 81 104 51 62 110 105 38 89 104 90 28 78 95 95 101 26 112 96 60 41 87 55 47 64 73 108 33 38 23 15 23 38 54 71 88 105 122 35 18 0 18 35 52 70 87 104 122 38 23 15 23 38 54 71 88 105 122 45 34 29 34 45 60 75 91 108 125 55 46 43 46 55 67 81 97 112 129 67 60 57 60 67 77 90 104 118 134 80 73 71 73 79 88 99 112 126 140 93 87 85 87 92 99 109 121 134 148 106 101 99 101 105 112 121 131 143 156 119 115 114 115 118 124 132 142 153 165
76 94 80 26 70 82 71 79 29 64 60 39 26 67 88 37 51 94 90 21 80 89 82 22 66 79 81 85 22 97 84 49 23 72 44 34 60 60 93 16 54 38 23 15 23 38 54 71 88 105 52 35 18 0 18 35 52 70 87 104 54 38 23 15 23 38 54 71 88 105 60 45 34 29 33 45 59 75 91 108 68 55 46 43 46 55 67 81 97 112 77 67 60 57 59 66 77 89 103 118 88 79 73 71 73 79 88 99 112 125 100 92 87 85 87 91 99 109 121 134 112 105 101 99 100 105 111 120 131 143 125 119 115 113 114 118 124 132 141 152
70 78 74 33 59 66 59 63 38 59 52 33 12 54 73 28 44 78 77 7 73 74 76 28 57 64 68 70 31 83 74 42 6 58 37 25 60 50 80 6 71 54 38 23 15 23 38 54 71 88 70 52 35 18 0 18 35 52 70 87 71 54 38 23 15 23 38 54 71 88 75 60 45 33 29 33 45 59 75 91 82 67 55 46 43 46 55 67 81 96 90 77 67 59 57 59 66 77 89 103 99 88 79 73 71 73 78 87 99 111 110 100 92 87 85 86 91 99 109 120 121 112 105 100 99 100 104 111 120 130 133 125 118 114 113 114 117 123 131 141
69 64 71 46 52 52 50 49 51 59 50 36 16 44 58 28 43 63 65 17 70 61 74 41 52 50 58 57 45 71 67 41 13 46 38 27 66 45 68 21 88 71 54 38 23 14 23 38 54 71 87 70 52 35 18 0 18 35 52 70 88 71 54 38 23 14 23 38 54 71 91 75 60 45 33 28 33 45 59 75 97 82 67 55 46 42 46 55 67 81 104 90 77 66 59 56 59 66 76 89 112 99 88 79 73 70 72 78 87 98 122 110 99 91 86 84 86 91 98 108 132 121 112 105 100 98 99 104 110 119 143 133 124 118 114 112 113 117 123 131
71 51 72 61 50 39 46 39 67 63 54 46 31 39 45 37 49 50 56 34 71 50 76 56 52 39 51 45 60 62 64 47 30 40 46 38 75 46 59 38 105 88 71 54 38 23 14 23 38 54 104 87 70 52 35 18 0 18 35 52 105 88 71 54 38 23 14 23 38 54 108 91 75 59 45 33 28 33 45 59 113 97 81 67 55 46 42 46 54 67 119 104 90 77 66 59 56 59 66 76 126 112 99 88 78 72 70 72 78 87 134 121 109 99 91 86 84 85 90 98 144 131 121 111 104 99 98 99 103 110 154 142 132 124 117 113 112 113 116 122
78 42 78 77 54 31 49 34 83 72 63 59 48 42 37 51 59 40 52 51 76 44 82 73 58 34 50 39 77 56 66 58 47 40 59 53 86 53 54 55 122 105 88 71 54 38 23 14 23 38 122 104 87 70 52 35 18 0 18 35 122 105 88 71 54 38 23 14 23 38 125 108 91 75 59 45 33 28 33 45 129 112 97 81 67 55 46 42 45 54 134 118 104 89 77 66 59 56 58 65 140 126 112 99 87 78 72 70 72 77 148 134 121 109 99 91 85 83 85 90 156 143 131 120 111 104 99 97 99 103 166 153 142 132 123 117 113 111 112 116
88 39 86 93 63 32 57 37 99 84 75 74 65 51 35 67 72 35 53 68 85 45 91 89 68 37 55 40 94 55 72 72 64 47 73 69 100 64 55 72 140 122 105 88 71 54 38 23 14 23 139 122 104 87 70 52 35 18 0 18 140 122 105 88 71 54 38 23 14 23 142 125 108 91 75 59 45 33 28 33 145 129 112 97 81 67 54 45 42 45 150 134 118 103 89 76 66 58 55 58 156 140 126 112 99 87 78 72 69 71 162 148 134 121 109 98 90 85 83 85 170 156 143 131 120 110 103 99 97 98 179 165 153 141 131 123 116 112 110 112
99 44 97 110 75 41 68 47 116 97 88 90 82 64 42 83 87 39 60 85 96 51 102 106 81 47 64 48 111 60 82 87 82 59 88 85 114 78 61 89 157 140 122 105 88 71 54 38 23 14 156 139 122 104 87 70 52 35 18 0 157 140 122 105 88 71 54 38 23 14 159 142 125 108 91 75 59 45 33 28 162 145 129 112 96 81 67 54 45 42 166 150 134 118 103 89 76 65 58 55 171 155 140 125 111 98 87 77 71 69 177 162 148 134 120 108 98 90 85 83 184 170 156 143 130 119 110 103 98 96 192 178 165 152 141 131 122 116 112 110
100 139 106 51 106 130 111 124 46 90 91 75 75 109 134 79 85 141 131 72 106 133 105 53 101 125 121 130 49 138 117 84 76 115 79 76 74 97 134 70 29 34 45 60 75 91 108 125 142 159 15 23 38 54 71 88 105 122 140 157 0 18 35 52 70 87 104 122 139 156 15 23 38 54 71 88 105 122 140 157 29 34 45 60 75 91 108 125 142 159 43 47 55 68 82 97 113 129 145 162 58 60 67 77 90 104 119 134 150 166 72 74 80 88 99 112 126 140 156 171 86 88 93 100 110 122 134 148 162 177 100 102 106 112 121 132 144 156 170 184
86 122 92 34 90 112 94 107 30 75 76 58 58 92 117 62 69 124 115 55 92 116 91 36 85 108 105 113 32 122 101 67 59 98 63 59 62 81 118 54 34 29 34 45 60 75 91 108 125 142 23 15 23 38 54 71 88 105 122 140 18 0 18 35 52 70 87 104 122 139 23 15 23 38 54 71 88 105 122 140 34 29 34 45 60 75 91 108 125 142 47 43 46 55 67 82 97 112 129 145 60 57 60 67 77 90 104 118 134 150 74 72 73 79 88 99 112 126 140 155 88 86 87 92 100 110 121 134 148 162 102 100 101 105 112 121 131 143 156 170
73 106 79 19 75 95 78 90 16 62 61 42 41 76 100 45 54 107 99 38 79 99 79 19 70 91 89 96 15 106 87 52 42 81 47 42 51 65 102 38 45 34 29 34 45 60 75 91 108 125 38 23 15 23 38 54 71 88 105 122 35 18 0 18 35 52 70 87 104 122 38 23 15 23 38 54 71 88 105 122 45 34 29 34 45 60 75 91 108 125 55 46 43 46 55 67 81 97 112 129 67 60 57 60 67 77 90 104 118 134 80 73 71 73 79 88 99 112 126 140 93 87 85 87 92 99 109 121 134 148 106 101 99 101 105 112 121 131 143 156
63 89 68 12 60 78 63 74 16 51 48 28 24 60 84 29 40 90 83 21 68 83 69 8 56 74 73 80 9 90 73 38 26 65 33 26 46 51 86 24 60 45 34 29 33 45 59 75 91 108 54 38 23 15 23 38 54 71 88 105 52 35 18 0 18 35 52 70 87 104 54 38 23 15 23 38 54 71 88 105 60 45 34 29 33 45 59 75 91 108 68 55 46 43 46 55 67 81 97 112 77 67 60 57 59 66 77 89 103 118 88 79 73 71 73 79 88 99 112 125 100 92 87 85 87 91 99 109 121 134 112 105 101 99 100 105 111 120 131 143
56 72 60 24 48 61 49 57 29 45 39 19 7 45 67 15 30 73 68 8 59 67 62 19 45 58 59 64 23 75 62 28 13 50 24 12 47 38 71 19 75 60 45 33 29 33 45 59 75 91 71 54 38 23 15 23 38 54 71 88 70 52 35 18 0 18 35 52 70 87 71 54 38 23 15 23 38 54 71 88 75 60 45 33 29 33 45 59 75 91 82 67 55 46 43 46 55 67 81 96 90 77 67 59 57 59 66 77 89 103 99 88 79 73 71 73 78 87 99 111 110 100 92 87 85 86 91 99 109 120 121 112 105 100 99 100 104 111 120 130
55 57 57 40 39 45 38 41 45 45 36 24 13 32 51 16 29 57 54 17 56 52 60 36 38 42 46 48 40 61 54 27 17 36 25 16 53 31 58 28 91 75 60 45 33 28 33 45 59 75 88 71 54 38 23 14 23 38 54 71 87 70 52 35 18 0 18 35 52 70 88 71 54 38 23 14 23 38 54 71 91 75 60 45 33 28 33 45 59 75 97 82 67 55 46 42 46 55 67 81 104 90 77 66 59 56 59 66 76 89 112 99 88 79 73 70 72 78 87 98 122 110 99 91 86 84 86 91 98 108 132 121 112 105 100 98 99 104 110 119
58 42 59 56 36 29 32 27 62 51 42 37 30 26 36 29 37 41 44 34 57 39 63 53 39 28 38 34 57 50 50 36 32 26 36 31 64 33 47 42 108 91 75 59 45 33 28 33 45 59 105 88 71 54 38 23 14 23 38 54 104 87 70 52 35 18 0 18 35 52 105 88 71 54 38 23 14 23 38 54 108 91 75 59 45 33 28 33 45 59 113 97 81 67 55 46 42 46 54 67 119 104 90 77 66 59 56 59 66 76 126 112 99 88 78 72 70 72 78 87 134 121 109 99 91 86 84 85 90 98 144 131 121 111 104 99 98 99 103 110
66 30 65 73 42 18 36 20 79 62 53 53 47 30 24 46 50 28 38 51 64 31 70 70 47 20 37 26 74 42 53 50 48 27 51 48 77 42 41 58 125 108 91 75 59 45 33 28 33 45 122 105 88 71 54 38 23 14 23 38 122 104 87 70 52 35 18 0 18 35 122 105 88 71 54 38 23 14 23 38 125 108 91 75 59 45 33 28 33 45 129 112 97 81 67 55 46 42 45 54 134 118 104 89 77 66 59 56 58 65 140 126 112 99 87 78 72 70 72 77 148 134 121 109 99 91 85 83 85 90 156 143 131 120 111 104 99 97 99 103
77 25 75 91 53 19 46 26 96 75 66 69 64 42 22 63 65 22 40 68 74 31 80 87 59 25 43 27 91 41 61 65 65 37 67 65 92 56 42 74 142 125 108 91 75 59 45 33 28 33 140 122 105 88 71 54 38 23 14 23 139 122 104 87 70 52 35 18 0 18 140 122 105 88 71 54 38 23 14 23 142 125 108 91 75 59 45 33 28 33 145 129 112 97 81 67 54 45 42 45 150 134 118 103 89 76 66 58 55 58 156 140 126 112 99 87 78 72 69 71 162 148 134 121 109 98 90 85 83 85 170 156 143 131 120 110 103 99 97 98
91 32 88 108 67 32 60 39 114 90 81 86 82 57 32 80 81 28 49 85 86 40 92 104 73 38 54 38 109 47 72 81 82 51 84 82 107 71 49 91 159 142 125 108 91 75 59 45 33 28 157 140 122 105 88 71 54 38 23 14 156 139 122 104 87 70 52 35 18 0 157 140 122 105 88 71 54 38 23 14 159 142 125 108 91 75 59 45 33 28 162 145 129 112 96 81 67 54 45 42 166 150 134 118 103 89 76 65 58 55 171 155 140 125 111 98 87 77 71 69 177 162 148 134 120 108 98 90 85 83 184 170 156 143 130 119 110 103 98 96
93 138 99 50 103 129 107 123 44 84 87 73 77 106 133 78 81 139 128 75 99 130 98 53 97 124 118 128 49 135 111 80 80 113 76 75 67 94 131 75 43 47 55 68 82 97 113 129 145 162 29 34 45 60 75 91 108 125 142 159 15 23 38 54 71 88 105 122 140 157 0 18 35 52 70 87 104 122 139 156 15 23 38 54 71 88 105 122 140 157 29 34 45 60 75 91 108 125 142 159 43 47 55 68 82 97 113 129 145 162 58 60 67 77 90 104 119 134 150 166 72 74 80 88 99 112 126 140 156 171 86 88 93 100 110 122 134 148 162 177
78 120 84 32 86 111 90 106 27 68 70 55 61 89 116 61 64 122 111 58 84 113 83 36 80 106 101 111 32 118 95 63 63 96 59 58 52 77 114 60 47 43 46 55 67 82 97 112 129 145 34 29 34 45 60 75 91 108 125 142 23 15 23 38 54 71 88 105 122 140 18 0 18 35 52 70 87 104 122 139 23 15 23 38 54 71 88 105 122 140 34 29 34 45 60 75 91 108 125 142 47 43 46 55 67 82 97 112 129 145 60 57 60 67 77 90 104 118 134 150 74 72 73 79 88 99 112 126 140 155 88 86 87 92 100 110 121 134 148 162
64 103 70 15 69 94 74 88 9 53 54 38 44 72 98 44 48 105 94 43 69 96 69 19 64 89 84 94 15 101 79 46 48 78 42 41 40 60 97 47 55 46 43 46 55 67 81 97 112 129 45 34 29 34 45 60 75 91 108 125 38 23 15 23 38 54 71 88 105 122 35 18 0 18 35 52 70 87 104 122 38 23 15 23 38 54 71 88 105 122 45 34 29 34 45 60 75 91 108 125 55 46 43 46 55 67 81 97 112 129 67 60 57 60 67 77 90 104 118 134 80 73 71 73 79 88 99 112 126 140 93 87 85 87 92 99 109 121 134 148
51 86 57 4 53 77 57 71 9 40 39 21 29 55 81 26 32 88 78 29 57 79 57 7 48 72 68 77 9 85 65 30 35 61 25 24 32 44 80 36 68 55 46 43 46 55 67 81 97 112 60 45 34 29 33 45 59 75 91 108 54 38 23 15 23 38 54 71 88 105 52 35 18 0 18 35 52 70 87 104 54 38 23 15 23 38 54 71 88 105 60 45 34 29 33 45 59 75 91 108 68 55 46 43 46 55 67 81 97 112 77 67 60 57 59 66 77 89 103 118 88 79 73 71 73 79 88 99 112 125 100 92 87 85 87 91 99 109 121 134
43 69 47 21 38 59 41 54 26 31 27 6 19 38 64 9 18 70 61 22 47 62 49 19 34 55 51 60 23 68 51 16 27 44 11 7 33 28 64 33 82 67 55 46 43 46 55 67 81 96 75 60 45 33 29 33 45 59 75 91 71 54 38 23 15 23 38 54 71 88 70 52 35 18 0 18 35 52 70 87 71 54 38 23 15 23 38 54 71 88 75 60 45 33 29 33 45 59 75 91 82 67 55 46 43 46 55 67 81 96 90 77 67 59 57 59 66 77 89 103 99 88 79 73 71 73 78 87 99 111 110 100 92 87 85 86 91 99 109 120
41 52 43 38 26 42 27 37 44 31 23 16 22 22 47 10 16 53 46 27 42 46 46 36 25 38 37 43 40 53 41 15 29 28 14 13 42 18 49 38 97 82 67 55 46 42 46 55 67 81 91 75 60 45 33 28 33 45 59 75 88 71 54 38 23 14 23 38 54 71 87 70 52 35 18 0 18 35 52 70 88 71 54 38 23 14 23 38 54 71 91 75 60 45 33 28 33 45 59 75 97 82 67 55 46 42 46 55 67 81 104 90 77 66 59 56 59 66 76 89 112 99 88 79 73 70 72 78 87 98 122 110 99 91 86 84 86 91 98 108
45 35 45 55 23 25 19 20 61 40 30 33 34 12 30 27 28 36 32 39 44 30 50 53 26 21 25 26 57 39 37 28 39 14 30 30 55 21 36 50 113 97 81 67 55 46 42 46 54 67 108 91 75 59 45 33 28 33 45 59 105 88 71 54 38 23 14 23 38 54 104 87 70 52 35 18 0 18 35 52 105 88 71 54 38 23 14 23 38 54 108 91 75 59 45 33 28 33 45 59 113 97 81 67 55 46 42 46 54 67 119 104 90 77 66 59 56 59 66 76 126 112 99 88 78 72 70 72 78 87 134 121 109 99 91 86 84 85 90 98
55 20 54 73 31 8 24 6 78 53 44 50 50 20 14 44 44 20 24 55 52 18 58 70 37 6 23 13 74 29 40 44 53 15 47 47 70 34 27 64 129 112 97 81 67 55 46 42 45 54 125 108 91 75 59 45 33 28 33 45 122 105 88 71 54 38 23 14 23 38 122 104 87 70 52 35 18 0 18 35 122 105 88 71 54 38 23 14 23 38 125 108 91 75 59 45 33 28 33 45 129 112 97 81 67 55 46 42 45 54 134 118 104 89 77 66 59 56 58 65 140 126 112 99 87 78 72 70 72 77 148 134 121 109 99 91 85 83 85 90
68 12 66 90 45 11 38 17 95 68 60 67 67 35 10 61 61 8 27 71 64 19 70 87 51 17 32 16 91 28 50 61 69 29 64 64 86 50 29 79 145 129 112 97 81 67 54 45 42 45 142 125 108 91 75 59 45 33 28 33 140 122 105 88 71 54 38 23 14 23 139 122 104 87 70 52 35 18 0 18 140 122 105 88 71 54 38 23 14 23 142 125 108 91 75 59 45 33 28 33 145 129 112 97 81 67 54 45 42 45 150 134 118 103 89 76 66 58 55 58 156 140 126 112 99 87 78 72 69 71 162 148 134 121 109 98 90 85 83 85
83 23 79 107 61 28 54 34 113 84 76 84 83 52 25 79 78 19 39 88 78 32 84 104 67 34 46 31 109 36 63 78 85 46 81 82 103 66 39 95 162 145 129 112 96 81 67 54 45 42 159 142 125 108 91 75 59 45 33 28 157 140 122 105 88 71 54 38 23 14 156 139 122 104 87 70 52 35 18 0 157 140 122 105 88 71 54 38 23 14 159 142 125 108 91 75 59 45 33 28 162 145 129 112 96 81 67 54 45 42 166 150 134 118 103 89 76 65 58 55 171 155 140 125 111 98 87 77 71 69 177 162 148 134 120 108 98 90 85 83
88 137 94 52 100 129 106 123 47 80 84 73 82 106 133 80 80 139 126 80 94 129 92 57 94 124 116 128 53 133 107 80 85 112 76 77 61 92 128 82 58 60 67 77 90 104 119 134 150 166 43 47 55 68 82 97 113 129 145 162 29 34 45 60 75 91 108 125 142 159 15 23 38 54 71 88 105 122 140 157 0 18 35 52 70 87 104 122 139 156 15 23 38 54 71 88 105 122 140 157 29 34 45 60 75 91 108 125 142 159 43 47 55 68 82 97 113 129 145 162 58 60 67 77 90 104 119 134 150 166 72 74 80 88 99 112 126 140 156 171
72 120 78 36 83 112 89 106 31 63 67 56 66 89 116 63 63 122 109 65 78 112 76 41 77 107 99 111 37 116 91 62 70 95 59 61 45 75 111 69 60 57 60 67 77 90 104 118 134 150 47 43 46 55 67 82 97 112 129 145 34 29 34 45 60 75 91 108 125 142 23 15 23 38 54 71 88 105 122 140 18 0 18 35 52 70 87 104 122 139 23 15 23 38 54 71 88 105 122 140 34 29 34 45 60 75 91 108 125 142 47 43 46 55 67 82 97 112 129 145 60 57 60 67 77 90 104 118 134 150 74 72 73 79 88 99 112 126 140 155
56 103 62 23 66 95 71 89 18 46 50 39 52 71 98 46 46 105 92 51 62 95 60 28 60 89 82 93 25 98 74 45 57 78 42 44 30 58 94 57 67 60 57 60 67 77 90 104 118 134 55 46 43 46 55 67 81 97 112 129 45 34 29 34 45 60 75 91 108 125 38 23 15 23 38 54 71 88 105 122 35 18 0 18 35 52 70 87 104 122 38 23 15 23 38 54 71 88 105 122 45 34 29 34 45 60 75 91 108 125 55 46 43 46 55 67 81 97 112 129 67 60 57 60 67 77 90 104 118 134 80 73 71 73 79 88 99 112 126 140
41 85 47 17 49 78 54 71 18 30 33 23 39 54 81 31 28 88 74 41 47 77 47 21 43 72 64 76 22 81 58 28 46 60 25 29 19 40 77 50 77 67 60 57 59 66 77 89 103 118 68 55 46 43 46 55 67 81 97 112 60 45 34 29 33 45 59 75 91 108 54 38 23 15 23 38 54 71 88 105 52 35 18 0 18 35 52 70 87 104 54 38 23 15 23 38 54 71 88 105 60 45 34 29 33 45 59 75 91 108 68 55 46 43 46 55 67 81 97 112 77 67 60 57 59 66 77 89 103 118 88 79 73 71 73 79 88 99 112 125
30 68 35 27 32 61 37 54 30 18 17 10 33 37 64 18 11 70 57 36 35 60 36 28 26 55 47 59 31 64 42 11 41 43 9 19 20 23 60 47 90 77 67 59 57 59 66 77 89 103 82 67 55 46 43 46 55 67 81 96 75 60 45 33 29 33 45 59 75 91 71 54 38 23 15 23 38 54 71 88 70 52 35 18 0 18 35 52 70 87 71 54 38 23 15 23 38 54 71 88 75 60 45 33 29 33 45 59 75 91 82 67 55 46 43 46 55 67 81 96 90 77 67 59 57 59 66 77 89 103 99 88 79 73 71 73 78 87 99 111
27 51 29 41 16 44 20 37 46 18 9 18 34 19 47 19 7 53 40 39 28 43 32 41 12 38 30 41 45 47 29 8 42 26 13 22 33 6 43 51 104 90 77 66 59 56 59 66 76 89 97 82 67 55 46 42 46 55 67 81 91 75 60 45 33 28 33 45 59 75 88 71 54 38 23 14 23 38 54 71 87 70 52 35 18 0 18 35 52 70 88 71 54 38 23 14 23 38 54 71 91 75 60 45 33 28 33 45 59 75 97 82 67 55 46 42 46 55 67 81 104 90 77 66 59 56 59 66 76 89 112 99 88 79 73 70 72 78 87 98
34 33 33 58 9 28 5 21 63 31 23 34 43 4 30 31 25 36 24 48 31 26 37 56 15 21 14 24 60 31 23 25 50 9 29 35 49 13 27 60 119 104 90 77 66 59 56 59 66 76 113 97 81 67 55 46 42 46 54 67 108 91 75 59 45 33 28 33 45 59 105 88 71 54 38 23 14 23 38 54 104 87 70 52 35 18 0 18 35 52 105 88 71 54 38 23 14 23 38 54 108 91 75 59 45 33 28 33 45 59 113 97 81 67 55 46 42 46 54 67 119 104 90 77 66 59 56 59 66 76 126 112 99 88 78 72 70 72 78 87
46 16 43 74 23 14 17 9 80 47 39 51 56 17 14 47 42 19 11 62 42 8 48 73 30 9 10 8 77 17 28 43 61 10 47 50 65 30 14 72 134 118 104 89 77 66 59 56 58 65 129 112 97 81 67 55 46 42 45 54 125 108 91 75 59 45 33 28 33 45 122 105 88 71 54 38 23 14 23 38 122 104 87 70 52 35 18 0 18 35 122 105 88 71 54 38 23 14 23 38 125 108 91 75 59 45 33 28 33 45 129 112 97 81 67 55 46 42 45 54 134 118 104 89 77 66 59 56 58 65 140 126 112 99 87 78 72 70 72 77
61 4 58 91 40 16 34 19 97 63 56 68 71 34 10 63 59 7 17 76 56 10 62 89 47 18 25 12 94 15 41 60 75 27 64 67 82 47 17 86 150 134 118 103 89 76 66 58 55 58 145 129 112 97 81 67 54 45 42 45 142 125 108 91 75 59 45 33 28 33 140 122 105 88 71 54 38 23 14 23 139 122 104 87 70 52 35 18 0 18 140 122 105 88 71 54 38 23 14 23 142 125 108 91 75 59 45 33 28 33 145 129 112 97 81 67 54 45 42 45 150 134 118 103 89 76 66 58 55 58 156 140 126 112 99 87 78 72 69 71
77 20 73 108 57 31 51 35 114 80 73 85 87 51 25 80 77 19 32 92 72 27 78 106 64 34 42 29 110 28 56 77 90 45 81 83 99 64 31 101 166 150 134 118 103 89 76 65 58 55 162 145 129 112 96 81 67 54 45 42 159 142 125 108 91 75 59 45 33 28 157 140 122 105 88 71 54 38 23 14 156 139 122 104 87 70 52 35 18 0 157 140 122 105 88 71 54 38 23 14 159 142 125 108 91 75 59 45 33 28 162 145 129 112 96 81 67 54 45 42 166 150 134 118 103 89 76 65 58 55 171 155 140 125 111 98 87 77 71 69
85 138 91 59 100 131 106 125 53 78 84 76 88 107 135 84 81 141 126 87 91 130 88 63 94 126 116 129 60 132 105 81 93 114 79 82 59 93 128 91 72 74 80 88 99 112 126 140 156 171 58 60 67 77 90 104 119 134 150 166 43 47 55 68 82 97 113 129 145 162 29 34 45 60 75 91 108 125 142 159 15 23 38 54 71 88 105 122 140 157 0 18 35 52 70 87 104 122 139 156 15 23 38 54 71 88 105 122 140 157 29 34 45 60 75 91 108 125 142 159 43 47 55 68 82 97 113 129 145 162 58 60 67 77 90 104 119 134 150 166
68 121 74 45 83 114 89 108 40 61 67 60 74 90 117 68 65 124 109 74 74 113 71 50 77 109 99 112 47 115 88 64 79 96 62 66 42 76 111 79 74 72 73 79 88 99 112 126 140 155 60 57 60 67 77 90 104 118 134 150 47 43 46 55 67 82 97 112 129 145 34 29 34 45 60 75 91 108 125 142 23 15 23 38 54 71 88 105 122 140 18 0 18 35 52 70 87 104 122 139 23 15 23 38 54 71 88 105 122 140 34 29 34 45 60 75 91 108 125 142 47 43 46 55 67 82 97 112 129 145 60 57 60 67 77 90 104 118 134 150
51 104 57 34 66 98 72 91 31 43 50 45 61 73 100 53 48 107 91 62 57 95 54 40 59 92 81 95 38 98 71 48 68 80 46 52 24 59 93 69 80 73 71 73 79 88 99 112 126 140 67 60 57 60 67 77 90 104 118 134 55 46 43 46 55 67 81 97 112 129 45 34 29 34 45 60 75 91 108 125 38 23 15 23 38 54 71 88 105 122 35 18 0 18 35 52 70 87 104 122 38 23 15 23 38 54 71 88 105 122 45 34 29 34 45 60 75 91 108 125 55 46 43 46 55 67 81 97 112 129 67 60 57 60 67 77 90 104 118 134
34 87 40 31 49 81 55 74 31 26 32 31 52 56 84 40 32 90 74 54 41 78 38 36 42 75 64 78 36 80 54 32 59 63 31 40 8 42 76 63 88 79 73 71 73 79 88 99 112 125 77 67 60 57 59 66 77 89 103 118 68 55 46 43 46 55 67 81 97 112 60 45 34 29 33 45 59 75 91 108 54 38 23 15 23 38 54 71 88 105 52 35 18 0 18 35 52 70 87 104 54 38 23 15 23 38 54 71 88 105 60 45 34 29 33 45 59 75 91 108 68 55 46 43 46 55 67 81 97 112 77 67 60 57 59 66 77 89 103 118
19 70 25 37 32 65 38 58 40 9 16 24 46 40 67 31 18 73 57 50 25 61 25 40 25 59 47 61 42 63 37 19 54 46 21 33 12 26 59 61 99 88 79 73 71 73 78 87 99 111 90 77 67 59 57 59 66 77 89 103 82 67 55 46 43 46 55 67 81 96 75 60 45 33 29 33 45 59 75 91 71 54 38 23 15 23 38 54 71 88 70 52 35 18 0 18 35 52 70 87 71 54 38 23 15 23 38 54 71 88 75 60 45 33 29 33 45 59 75 91 82 67 55 46 43 46 55 67 81 96 90 77 67 59 57 59 66 77 89 103
13 53 15 49 15 49 22 43 53 10 7 28 47 26 51 32 16 57 39 52 14 44 18 50 9 43 30 45 53 46 20 18 55 31 23 34 29 13 41 64 112 99 88 79 73 70 72 78 87 98 104 90 77 66 59 56 59 66 76 89 97 82 67 55 46 42 46 55 67 81 91 75 60 45 33 28 33 45 59 75 88 71 54 38 23 14 23 38 54 71 87 70 52 35 18 0 18 35 52 70 88 71 54 38 23 14 23 38 54 71 91 75 60 45 33 28 33 45 59 75 97 82 67 55 46 42 46 55 67 81 104 90 77 66 59 56 59 66 76 89
24 37 21 63 8 36 10 29 68 27 22 40 54 17 36 40 28 41 22 59 20 28 26 63 12 30 13 30 67 28 9 30 61 19 35 43 46 17 24 71 126 112 99 88 78 72 70 72 78 87 119 104 90 77 66 59 56 59 66 76 113 97 81 67 55 46 42 46 54 67 108 91 75 59 45 33 28 33 45 59 105 88 71 54 38 23 14 23 38 54 104 87 70 52 35 18 0 18 35 52 105 88 71 54 38 23 14 23 38 54 108 91 75 59 45 33 28 33 45 59 113 97 81 67 55 46 42 46 54 67 119 104 90 77 66 59 56 59 66 76
40 23 36 79 23 27 19 23 83 44 39 55 65 23 24 53 44 27 6 70 35 15 40 78 29 23 9 19 82 11 19 46 71 20 50 57 63 32 7 82 140 126 112 99 87 78 72 70 72 77 134 118 104 89 77 66 59 56 58 65 129 112 97 81 67 55 46 42 45 54 125 108 91 75 59 45 33 28 33 45 122 105 88 71 54 38 23 14 23 38 122 104 87 70 52 35 18 0 18 35 122 105 88 71 54 38 23 14 23 38 125 108 91 75 59 45 33 28 33 45 129 112 97 81 67 55 46 42 45 54 134 118 104 89 77 66 59 56 58 65
57 17 52 95 40 28 35 28 100 61 56 71 79 37 22 68 61 21 14 84 51 16 56 94 46 27 24 21 98 7 35 62 83 32 66 72 81 49 12 94 156 140 126 112 99 87 78 72 69 71 150 134 118 103 89 76 66 58 55 58 145 129 112 97 81 67 54 45 42 45 142 125 108 91 75 59 45 33 28 33 140 122 105 88 71 54 38 23 14 23 139 122 104 87 70 52 35 18 0 18 140 122 105 88 71 54 38 23 14 23 142 125 108 91 75 59 45 33 28 33 145 129 112 97 81 67 54 45 42 45 150 134 118 103 89 76 66 58 55 58
74 26 69 111 57 38 52 40 116 79 73 88 93 54 32 84 78 27 31 98 68 30 73 110 63 40 41 34 114 25 52 79 97 48 83 87 98 65 29 108 171 155 140 125 111 98 87 77 71 69 166 150 134 118 103 89 76 65 58 55 162 145 129 112 96 81 67 54 45 42 159 142 125 108 91 75 59 45 33 28 157 140 122 105 88 71 54 38 23 14 156 139 122 104 87 70 52 35 18 0 157 140 122 105 88 71 54 38 23 14 159 142 125 108 91 75 59 45 33 28 162 145 129 112 96 81 67 54 45 42 166 150 134 118 103 89 76 65 58 55
84 141 89 67 102 135 108 128 62 79 86 82 96 110 137 90 85 143 127 96 90 132 86 72 96 129 118 132 69 133 105 85 102 117 83 88 60 96 129 101 86 88 93 100 110 122 134 148 162 177 72 74 80 88 99 112 126 140 156 171 58 60 67 77 90 104 119 134 150 166 43 47 55 68 82 97 113 129 145 162 29 34 45 60 75 91 108 125 142 159 15 23 38 54 71 88 105 122 140 157 0 18 35 52 70 87 104 122 139 156 15 23 38 54 71 88 105 122 140 157 29 34 45 60 75 91 108 125 142 159 43 47 55 68 82 97 113 129 145 162
66 124 72 56 85 118 92 112 51 62 69 67 84 94 121 75 69 127 110 84 73 115 69 61 79 112 101 115 59 116 88 69 90 100 68 74 43 79 112 91 88 86 87 92 100 110 121 134 148 162 74 72 73 79 88 99 112 126 140 155 60 57 60 67 77 90 104 118 134 150 47 43 46 55 67 82 97 112 129 145 34 29 34 45 60 75 91 108 125 142 23 15 23 38 54 71 88 105 122 140 18 0 18 35 52 70 87 104 122 139 23 15 23 38 54 71 88 105 122 140 34 29 34 45 60 75 91 108 125 142 47 43 46 55 67 82 97 112 129 145
49 107 55 48 69 102 75 95 45 45 53 54 73 78 104 62 54 110 93 74 56 98 51 53 62 96 84 98 51 99 71 54 79 84 54 62 27 63 95 82 93 87 85 87 92 99 109 121 134 148 80 73 71 73 79 88 99 112 126 140 67 60 57 60 67 77 90 104 118 134 55 46 43 46 55 67 81 97 112 129 45 34 29 34 45 60 75 91 108 125 38 23 15 23 38 54 71 88 105 122 35 18 0 18 35 52 70 87 104 122 38 23 15 23 38 54 71 88 105 122 45 34 29 34 45 60 75 91 108 125 55 46 43 46 55 67 81 97 112 129
32 91 38 45 52 86 59 80 45 29 38 43 64 62 88 51 40 94 76 67 38 82 34 50 46 80 67 82 50 82 53 41 72 68 42 52 14 48 78 77 100 92 87 85 87 91 99 109 121 134 88 79 73 71 73 79 88 99 112 125 77 67 60 57 59 66 77 89 103 118 68 55 46 43 46 55 67 81 97 112 60 45 34 29 33 45 59 75 91 108 54 38 23 15 23 38 54 71 88 105 52 35 18 0 18 35 52 70 87 104 54 38 23 15 23 38 54 71 88 105 60 45 34 29 33 45 59 75 91 108 68 55 46 43 46 55 67 81 97 112
15 74 20 49 37 72 44 65 51 16 25 38 60 48 73 45 31 78 59 64 21 66 17 52 31 65 51 66 54 65 36 32 68 53 35 47 16 35 61 75 110 100 92 87 85 86 91 99 109 120 99 88 79 73 71 73 78 87 99 111 90 77 67 59 57 59 66 77 89 103 82 67 55 46 43 46 55 67 81 96 75 60 45 33 29 33 45 59 75 91 71 54 38 23 15 23 38 54 71 88 70 52 35 18 0 18 35 52 70 87 71 54 38 23 15 23 38 54 71 88 75 60 45 33 29 33 45 59 75 91 82 67 55 46 43 46 55 67 81 96
4 59 3 59 24 58 31 51 62 16 21 41 61 36 58 45 29 63 43 66 4 50 4 60 20 52 35 52 63 48 19 31 69 41 36 48 31 27 44 78 122 110 99 91 86 84 86 91 98 108 112 99 88 79 73 70 72 78 87 98 104 90 77 66 59 56 59 66 76 89 97 82 67 55 46 42 46 55 67 81 91 75 60 45 33 28 33 45 59 75 88 71 54 38 23 14 23 38 54 71 87 70 52 35 18 0 18 35 52 70 88 71 54 38 23 14 23 38 54 71 91 75 60 45 33 28 33 45 59 75 97 82 67 55 46 42 46 55 67 81
21 45 15 71 21 47 24 41 75 30 29 50 67 31 45 51 37 49 28 71 15 37 19 72 22 41 23 39 75 32 6 39 74 33 45 55 47 29 29 83 134 121 109 99 91 86 84 85 90 98 126 112 99 88 78 72 70 72 78 87 119 104 90 77 66 59 56 59 66 76 113 97 81 67 55 46 42 46 54 67 108 91 75 59 45 33 28 33 45 59 105 88 71 54 38 23 14 23 38 54 104 87 70 52 35 18 0 18 35 52 105 88 71 54 38 23 14 23 38 54 108 91 75 59 45 33 28 33 45 59 113 97 81 67 55 46 42 46 54 67
38 34 33 85 30 41 29 36 89 46 43 62 76 35 37 62 50 39 19 81 32 28 36 85 34 36 21 32 89 19 18 52 82 33 57 65 64 39 17 92 148 134 121 109 99 91 85 83 85 90 140 126 112 99 87 78 72 70 72 77 134 118 104 89 77 66 59 56 58 65 129 112 97 81 67 55 46 42 45 54 125 108 91 75 59 45 33 28 33 45 122 105 88 71 54 38 23 14 23 38 122 104 87 70 52 35 18 0 18 35 122 105 88 71 54 38 23 14 23 38 125 108 91 75 59 45 33 28 33 45 129 112 97 81 67 55 46 42 45 54
56 31 50 100 44 41 41 40 105 63 59 77 87 45 36 75 66 34 23 92 49 28 54 100 49 39 31 33 103 17 35 67 93 41 72 79 81 54 19 103 162 148 134 121 109 98 90 85 83 85 156 140 126 112 99 87 78 72 69 71 150 134 118 103 89 76 66 58 55 58 145 129 112 97 81 67 54 45 42 45 142 125 108 91 75 59 45 33 28 33 140 122 105 88 71 54 38 23 14 23 139 122 104 87 70 52 35 18 0 18 140 122 105 88 71 54 38 23 14 23 142 125 108 91 75 59 45 33 28 33 145 129 112 97 81 67 54 45 42 45
73 36 67 116 60 49 56 49 121 80 76 92 101 59 42 90 81 38 36 106 67 38 71 115 66 49 45 42 119 29 52 83 106 54 87 93 98 69 33 116 177 162 148 134 120 108 98 90 85 83 171 155 140 125 111 98 87 77 71 69 166 150 134 118 103 89 76 65 58 55 162 145 129 112 96 81 67 54 45 42 159 142 125 108 91 75 59 45 33 28 157 140 122 105 88 71 54 38 23 14 156 139 122 104 87 70 52 35 18 0 157 140 122 105 88 71 54 38 23 14 159 142 125 108 91 75 59 45 33 28 162 145 129 112 96 81 67 54 45 42
85 144 90 77 106 140 112 133 73 83 91 89 106 115 142 98 91 147 130 106 91 135 87 83 99 134 121 136 80 135 107 91 112 121 90 97 64 101 131 112 100 102 106 112 121 132 144 156 170 184 86 88 93 100 110 122 134 148 162 177 72 74 80 88 99 112 126 140 156 171 58 60 67 77 90 104 119 134 150 166 43 47 55 68 82 97 113 129 145 162 29 34 45 60 75 91 108 125 142 159 15 23 38 54 71 88 105 122 140 157 0 18 35 52 70 87 104 122 139 156 15 23 38 54 71 88 105 122 140 157 29 34 45 60 75 91 108 125 142 159
68 128 73 68 90 124 96 117 64 66 75 76 94 99 126 84 76 131 113 95 74 119 69 73 83 118 104 120 71 118 90 76 101 105 76 84 49 85 114 103 102 100 101 105 112 121 131 143 156 170 88 86 87 92 100 110 121 134 148 162 74 72 73 79 88 99 112 126 140 155 60 57 60 67 77 90 104 118 134 150 47 43 46 55 67 82 97 112 129 145 34 29 34 45 60 75 91 108 125 142 23 15 23 38 54 71 88 105 122 140 18 0 18 35 52 70 87 104 122 139 23 15 23 38 54 71 88 105 122 140 34 29 34 45 60 75 91 108 125 142
52 112 56 61 74 108 81 102 59 51 60 64 85 84 110 73 62 115 97 86 57 103 52 66 68 102 88 104 65 102 73 63 92 90 64 73 35 70 98 95 106 101 99 101 105 112 121 131 143 156 93 87 85 87 92 99 109 121 134 148 80 73 71 73 79 88 99 112 126 140 67 60 57 60 67 77 90 104 118 134 55 46 43 46 55 67 81 97 112 129 45 34 29 34 45 60 75 91 108 125 38 23 15 23 38 54 71 88 105 122 35 18 0 18 35 52 70 87 104 122 38 23 15 23 38 54 71 88 105 122 45 34 29 34 45 60 75 91 108 125
36 96 40 59 59 94 66 87 59 37 47 56 78 70 95 64 51 100 81 80 41 87 36 64 53 88 72 88 64 85 57 52 86 75 54 65 27 57 82 91 112 105 101 99 100 105 111 120 131 143 100 92 87 85 87 91 99 109 121 134 88 79 73 71 73 79 88 99 112 125 77 67 60 57 59 66 77 89 103 118 68 55 46 43 46 55 67 81 97 112 60 45 34 29 33 45 59 75 91 108 54 38 23 15 23 38 54 71 88 105 52 35 18 0 18 35 52 70 87 104 54 38 23 15 23 38 54 71 88 105 60 45 34 29 33 45 59 75 91 108
22 81 24 63 46 80 53 73 63 28 37 52 74 58 80 59 44 85 65 78 26 72 20 66 41 74 58 74 67 69 41 46 82 62 49 60 28 46 66 89 121 112 105 100 99 100 104 111 120 130 110 100 92 87 85 86 91 99 109 120 99 88 79 73 71 73 78 87 99 111 90 77 67 59 57 59 66 77 89 103 82 67 55 46 43 46 55 67 81 96 75 60 45 33 29 33 45 59 75 91 71 54 38 23 15 23 38 54 71 88 70 52 35 18 0 18 35 52 70 87 71 54 38 23 15 23 38 54 71 88 75 60 45 33 29 33 45 59 75 91
17 67 14 70 37 68 42 62 72 28 35 54 75 49 67 59 43 71 51 79 15 59 11 72 34 62 45 61 74 54 27 45 83 52 49 61 38 40 51 91 132 121 112 105 100 98 99 104 110 119 122 110 99 91 86 84 86 91 98 108 112 99 88 79 73 70 72 78 87 98 104 90 77 66 59 56 59 66 76 89 97 82 67 55 46 42 46 55 67 81 91 75 60 45 33 28 33 45 59 75 88 71 54 38 23 14 23 38 54 71 87 70 52 35 18 0 18 35 52 70 88 71 54 38 23 14 23 38 54 71 91 75 60 45 33 28 33 45 59 75
26 55 20 81 35 59 38 54 84 38 40 61 79 45 57 64 49 60 39 84 21 47 22 82 35 54 36 51 85 40 20 51 87 46 56 67 52 42 38 96 144 131 121 111 104 99 98 99 103 110 134 121 109 99 91 86 84 85 90 98 126 112 99 88 78 72 70 72 78 87 119 104 90 77 66 59 56 59 66 76 113 97 81 67 55 46 42 46 54 67 108 91 75 59 45 33 28 33 45 59 105 88 71 54 38 23 14 23 38 54 104 87 70 52 35 18 0 18 35 52 105 88 71 54 38 23 14 23 38 54 108 91 75 59 45 33 28 33 45 59
41 47 35 93 40 54 41 50 97 51 51 72 87 47 50 73 59 51 32 92 35 41 38 94 43 50 35 46 97 31 26 61 94 46 66 76 68 50 30 104 156 143 131 120 111 104 99 97 99 103 148 134 121 109 99 91 85 83 85 90 140 126 112 99 87 78 72 70 72 77 134 118 104 89 77 66 59 56 58 65 129 112 97 81 67 55 46 42 45 54 125 108 91 75 59 45 33 28 33 45 122 105 88 71 54 38 23 14 23 38 122 104 87 70 52 35 18 0 18 35 122 105 88 71 54 38 23 14 23 38 125 108 91 75 59 45 33 28 33 45
58 44 52 107 52 55 50 53 111 67 65 84 97 56 49 84 73 48 35 102 51 41 54 107 56 52 41 46 111 30 39 74 103 53 79 87 84 61 32 114 170 156 143 131 120 110 103 99 97 98 162 148 134 121 109 98 90 85 83 85 156 140 126 112 99 87 78 72 69 71 150 134 118 103 89 76 66 58 55 58 145 129 112 97 81 67 54 45 42 45 142 125 108 91 75 59 45 33 28 33 140 122 105 88 71 54 38 23 14 23 139 122 104 87 70 52 35 18 0 18 140 122 105 88 71 54 38 23 14 23 142 125 108 91 75 59 45 33 28 33
75 48 69 122 66 60 63 60 126 83 80 99 109 67 54 97 87 51 44 114 68 48 72 122 71 60 53 53 125 38 55 89 115 63 94 101 101 75 41 125 184 170 156 143 130 119 110 103 98 96 177 162 148 134 120 108 98 90 85 83 171 155 140 125 111 98 87 77 71 69 166 150 134 118 103 89 76 65 58 55 162 145 129 112 96 81 67 54 45 42 159 142 125 108 91 75 59 45 33 28 157 140 122 105 88 71 54 38 23 14 156 139 122 104 87 70 52 35 18 0 157 140 122 105 88 71 54 38 23 14 159 142 125 108 91 75 59 45 33 28
89 149 94 89 111 146 118 139 85 88 97 98 116 121 147 107 98 153 134 117 95 140 89 94 105 139 125 141 92 139 110 99 123 127 98 106 71 107 135 124 115 116 119 125 133 143 154 166 179 192 100 102 106 112 121 132 144 156 170 184 86 88 93 100 110 122 134 148 162 177 72 74 80 88 99 112 126 140 156 171 58 60 67 77 90 104 119 134 150 166 43 47 55 68 82 97 113 129 145 162 29 34 45 60 75 91 108 125 142 159 15 23 38 54 71 88 105 122 140 157 0 18 35 52 70 87 104 122 139 156 15 23 38 54 71 88 105 122 140 157
73 133 77 80 96 131 103 124 77 73 82 86 106 106 132 95 85 137 118 107 78 124 73 86 90 124 110 126 84 123 94 85 113 112 86 94 58 92 119 115 116 114 115 119 125 133 142 153 165 178 102 100 101 105 112 121 131 143 156 170 88 86 87 92 100 110 121 134 148 162 74 72 73 79 88 99 112 126 140 155 60 57 60 67 77 90 104 118 134 150 47 43 46 55 67 82 97 112 129 145 34 29 34 45 60 75 91 108 125 142 23 15 23 38 54 71 88 105 122 140 18 0 18 35 52 70 87 104 122 139 23 15 23 38 54 71 88 105 122 140
58 118 61 75 81 116 88 109 73 60 69 76 97 92 117 84 73 122 102 99 63 109 57 80 76 110 94 111 79 107 78 74 105 98 75 85 47 79 103 109 119 115 114 115 118 124 132 142 153 165 106 101 99 101 105 112 121 131 143 156 93 87 85 87 92 99 109 121 134 148 80 73 71 73 79 88 99 112 126 140 67 60 57 60 67 77 90 104 118 134 55 46 43 46 55 67 81 97 112 129 45 34 29 34 45 60 75 91 108 125 38 23 15 23 38 54 71 88 105 122 35 18 0 18 35 52 70 87 104 122 38 23 15 23 38 54 71 88 105 122
44 103 47 73 68 102 75 96 73 49 58 69 91 80 103 77 63 107 87 94 48 94 42 78 63 96 80 96 78 91 63 65 99 85 67 78 40 67 88 105 125 119 115 113 114 118 124 132 141 152 112 105 101 99 100 105 111 120 131 143 100 92 87 85 87 91 99 109 121 134 88 79 73 71 73 79 88 99 112 125 77 67 60 57 59 66 77 89 103 118 68 55 46 43 46 55 67 81 97 112 60 45 34 29 33 45 59 75 91 108 54 38 23 15 23 38 54 71 88 105 52 35 18 0 18 35 52 70 87 104 54 38 23 15 23 38 54 71 88 105
33 90 34 76 57 90 63 84 77 42 50 66 88 69 89 73 58 94 73 92 36 81 30 80 53 84 67 83 81 76 49 59 96 73 63 74 41 59 73 103 133 125 118 114 113 114 117 123 131 141 121 112 105 100 99 100 104 111 120 130 110 100 92 87 85 86 91 99 109 120 99 88 79 73 71 73 78 87 99 111 90 77 67 59 57 59 66 77 89 103 82 67 55 46 43 46 55 67 81 96 75 60 45 33 29 33 45 59 75 91 71 54 38 23 15 23 38 54 71 88 70 52 35 18 0 18 35 52 70 87 71 54 38 23 15 23 38 54 71 88
30 77 28 82 50 80 55 74 84 42 48 68 89 62 78 73 57 81 60 93 29 69 25 85 48 74 56 72 87 63 38 59 97 65 63 75 49 54 60 105 143 133 124 118 114 112 113 117 123 131 132 121 112 105 100 98 99 104 110 119 122 110 99 91 86 84 86 91 98 108 112 99 88 79 73 70 72 78 87 98 104 90 77 66 59 56 59 66 76 89 97 82 67 55 46 42 46 55 67 81 91 75 60 45 33 28 33 45 59 75 88 71 54 38 23 14 23 38 54 71 87 70 52 35 18 0 18 35 52 70 88 71 54 38 23 14 23 38 54 71
37 67 31 91 48 72 52 67 94 49 52 73 92 59 69 77 61 71 51 97 32 60 31 93 48 67 49 64 96 51 34 63 100 60 68 79 60 55 50 109 154 142 132 124 117 113 112 113 116 122 144 131 121 111 104 99 98 99 103 110 134 121 109 99 91 86 84 85 90 98 126 112 99 88 78 72 70 72 78 87 119 104 90 77 66 59 56 59 66 76 113 97 81 67 55 46 42 46 54 67 108 91 75 59 45 33 28 33 45 59 105 88 71 54 38 23 14 23 38 54 104 87 70 52 35 18 0 18 35 52 105 88 71 54 38 23 14 23 38 54
49 60 43 102 53 68 54 64 106 60 61 82 99 61 64 84 70 64 46 104 43 55 44 104 55 64 48 59 107 44 38 72 106 60 77 87 74 61 44 116 166 153 142 132 123 117 113 111 112 116 156 143 131 120 111 104 99 97 99 103 148 134 121 109 99 91 85 83 85 90 140 126 112 99 87 78 72 70 72 77 134 118 104 89 77 66 59 56 58 65 129 112 97 81 67 55 46 42 45 54 125 108 91 75 59 45 33 28 33 45 122 105 88 71 54 38 23 14 23 38 122 104 87 70 52 35 18 0 18 35 122 105 88 71 54 38 23 14 23 38
63 58 57 115 62 68 61 66 119 73 73 94 108 67 63 94 81 62 48 113 57 55 59 116 65 66 53 60 119 43 48 83 115 65 88 97 90 71 45 125 179 165 153 141 131 123 116 112 110 112 170 156 143 131 120 110 103 99 97 98 162 148 134 121 109 98 90 85 83 85 156 140 126 112 99 87 78 72 69 71 150 134 118 103 89 76 66 58 55 58 145 129 112 97 81 67 54 45 42 45 142 125 108 91 75 59 45 33 28 33 140 122 105 88 71 54 38 23 14 23 139 122 104 87 70 52 35 18 0 18 140 122 105 88 71 54 38 23 14 23
79 61 73 129 74 73 72 72 133 88 87 106 119 77 67 106 95 64 55 124 72 60 75 129 78 72 63 65 133 49 61 96 125 74 101 109 105 83 52 135 192 178 165 152 141 131 122 116 112 110 184 170 156 143 130 119 110 103 98 96 177 162 148 134 120 108 98 90 85 83 171 155 140 125 111 98 87 77 71 69 166 150 134 118 103 89 76 65 58 55 162 145 129 112 96 81 67 54 45 42 159 142 125 108 91 75 59 45 33 28 157 140 122 105 88 71 54 38 23 14 156 139 122 104 87 70 52 35 18 0 157 140 122 105 88 71 54 38 23 14
95 155 99 101 118 153 125 146 97 96 105 108 127 129 154 117 107 159 139 128 100 146 94 106 112 147 132 148 104 144 116 108 134 134 108 116 80 115 140 136 129 130 133 138 145 154 164 176 188 201 115 116 119 125 133 143 154 166 179 192 100 102 106 112 121 132 144 156 170 184 86 88 93 100 110 122 134 148 162 177 72 74 80 88 99 112 126 140 156 171 58 60 67 77 90 104 119 134 150 166 43 47 55 68 82 97 113 129 145 162 29 34 45 60 75 91 108 125 142 159 15 23 38 54 71 88 105 122 140 157 0 18 35 52 70 87 104 122 139 156
80 140 83 94 104 138 110 132 91 82 91 97 118 115 139 106 95 144 124 119 85 131 79 99 98 132 117 133 97 128 100 96 125 120 96 106 68 101 125 128 130 128 129 132 138 145 154 164 175 187 116 114 115 119 125 133 142 153 165 178 102 100 101 105 112 121 131 143 156 170 88 86 87 92 100 110 121 134 148 162 74 72 73 79 88 99 112 126 140 155 60 57 60 67 77 90 104 118 134 150 47 43 46 55 67 82 97 112 129 145 34 29 34 45 60 75 91 108 125 142 23 15 23 38 54 71 88 105 122 140 18 0 18 35 52 70 87 104 122 139
66 126 69 89 90 125 97 118 87 70 80 89 110 102 125 97 84 130 109 112 70 117 64 94 85 119 102 119 93 113 85 85 118 107 87 97 59 89 110 122 133 129 128 129 132 137 144 153 163 175 119 115 114 115 118 124 132 142 153 165 106 101 99 101 105 112 121 131 143 156 93 87 85 87 92 99 109 121 134 148 80 73 71 73 79 88 99 112 126 140 67 60 57 60 67 77 90 104 118 134 55 46 43 46 55 67 81 97 112 129 45 34 29 34 45 60 75 91 108 125 38 23 15 23 38 54 71 88 105 122 35 18 0 18 35 52 70 87 104 122
54 112 56 88 79 112 85 106 87 61 70 83 105 91 112 90 76 116 95 108 57 103 51 92 74 106 89 105 92 98 71 78 113 95 80 91 54 79 95 118 138 132 129 127 128 131 137 144 153 163 125 119 115 113 114 118 124 132 141 152 112 105 101 99 100 105 111 120 131 143 100 92 87 85 87 91 99 109 121 134 88 79 73 71 73 79 88 99 112 125 77 67 60 57 59 66 77 89 103 118 68 55 46 43 46 55 67 81 97 112 60 45 34 29 33 45 59 75 91 108 54 38 23 15 23 38 54 71 88 105 52 35 18 0 18 35 52 70 87 104
46 99 46 90 69 101 75 95 90 56 64 80 102 81 100 87 71 103 82 106 48 91 42 93 66 95 77 94 94 85 60 73 110 85 77 88 55 72 82 117 145 138 132 128 127 127 131 136 143 152 133 125 118 114 113 114 117 123 131 141 121 112 105 100 99 100 104 111 120 130 110 100 92 87 85 86 91 99 109 120 99 88 79 73 71 73 78 87 99 111 90 77 67 59 57 59 66 77 89 103 82 67 55 46 43 46 55 67 81 96 75 60 45 33 29 33 45 59 75 91 71 54 38 23 15 23 38 54 71 88 70 52 35 18 0 18 35 52 70 87
44 88 42 95 64 92 69 86 96 56 62 81 102 75 90 87 71 92 72 107 43 80 39 98 61 86 68 84 99 73 51 73 111 78 77 89 61 68 71 119 154 145 137 131 127 126 127 130 135 143 143 133 124 118 114 112 113 117 123 131 132 121 112 105 100 98 99 104 110 119 122 110 99 91 86 84 86 91 98 108 112 99 88 79 73 70 72 78 87 98 104 90 77 66 59 56 59 66 76 89 97 82 67 55 46 42 46 55 67 81 91 75 60 45 33 28 33 45 59 75 88 71 54 38 23 14 23 38 54 71 87 70 52 35 18 0 18 35 52 70
49 79 44 103 62 85 66 80 105 61 66 86 106 73 82 90 74 84 64 110 45 72 43 105 62 80 63 77 107 63 48 76 113 74 81 93 70 69 62 122 164 154 144 137 131 127 125 126 130 135 154 142 132 124 117 113 112 113 116 122 144 131 121 111 104 99 98 99 103 110 134 121 109 99 91 86 84 85 90 98 126 112 99 88 78 72 70 72 78 87 119 104 90 77 66 59 56 59 66 76 113 97 81 67 55 46 42 46 54 67 108 91 75 59 45 33 28 33 45 59 105 88 71 54 38 23 14 23 38 54 104 87 70 52 35 18 0 18 35 52
58 74 53 113 66 82 67 78 116 70 73 94 111 74 77 96 82 78 60 116 53 68 53 114 67 78 62 73 117 58 50 83 119 74 89 99 83 74 58 128 176 164 153 144 136 130 126 125 126 129 166 153 142 132 123 117 113 111 112 116 156 143 131 120 111 104 99 97 99 103 148 134 121 109 99 91 85 83 85 90 140 126 112 99 87 78 72 70 72 77 134 118 104 89 77 66 59 56 58 65 129 112 97 81 67 55 46 42 45 54 125 108 91 75 59 45 33 28 33 45 122 105 88 71 54 38 23 14 23 38 122 104 87 70 52 35 18 0 18 35
71 72 65 124 73 82 73 79 128 82 83 104 120 79 76 105 91 76 61 125 65 68 66 126 76 79 66 73 129 57 58 93 126 78 99 108 96 82 58 136 188 175 163 153 143 135 130 126 124 125 179 165 153 141 131 123 116 112 110 112 170 156 143 131 120 110 103 99 97 98 162 148 134 121 109 98 90 85 83 85 156 140 126 112 99 87 78 72 69 71 150 134 118 103 89 76 66 58 55 58 145 129 112 97 81 67 54 45 42 45 142 125 108 91 75 59 45 33 28 33 140 122 105 88 71 54 38 23 14 23 139 122 104 87 70 52 35 18 0 18
85 74 79 137 83 86 83 84 141 95 95 115 129 88 80 116 103 77 67 135 79 73 80 138 87 84 74 78 141 61 70 105 136 85 110 119 111 93 64 146 201 187 175 163 152 143 135 129 125 124 192 178 165 152 141 131 122 116 112 110 184 170 156 143 130 119 110 103 98 96 177 162 148 134 120 108 98 90 85 83 171 155 140 125 111 98 87 77 71 69 166 150 134 118 103 89 76 65 58 55 162 145 129 112 96 81 67 54 45 42 159 142 125 108 91 75 59 45 33 28 157 140 122 105 88 71 54 38 23 14 156 139 122 104 87 70 52 35 18 0
