0 47 18 59 59 72 39 37 33 32 44 20 47 13 38 76 53 23 33 58 7 48 38 59 88 34 34 39 26 76 49 16 41 25 49 49 25 18 24 21 125 99 79 71 80 112 81 55 43 56 104 70 37 16 40 104 69 36 13 39 111 79 53 41 54
47 0 65 78 55 72 53 83 59 63 79 60 49 59 58 74 9 69 74 46 53 4 62 75 93 28 52 86 47 72 50 57 54 63 69 69 27 62 69 66 124 109 103 109 124 102 82 75 83 103 83 58 47 59 85 71 38 19 41 74 69 35 10 38 72
18 65 0 61 69 80 48 19 37 33 39 19 58 7 43 84 70 9 24 71 14 66 41 63 93 49 42 22 36 85 60 17 49 23 53 52 41 12 12 11 131 101 76 61 64 121 88 57 34 39 116 82 47 13 23 119 85 53 27 33 127 97 70 53 56
59 78 61 0 33 30 26 71 27 29 28 43 31 57 23 33 87 56 41 43 54 76 22 5 33 51 29 73 37 37 31 46 25 38 11 11 74 50 51 51 71 41 26 46 77 67 32 5 38 73 74 45 32 49 79 89 68 60 70 93 110 93 87 95 113
59 55 69 33 0 17 23 85 36 41 52 52 12 63 29 20 64 67 59 11 57 52 33 29 39 33 28 87 34 19 10 53 21 50 29 30 62 59 63 62 71 54 57 77 105 54 28 33 62 94 48 14 23 57 91 58 35 39 65 97 78 62 64 83 109
72 72 80 30 17 0 33 94 44 49 55 62 27 74 37 5 80 77 65 26 69 69 40 25 23 49 39 96 46 8 25 63 31 58 31 32 78 69 72 72 55 39 48 75 106 41 11 31 65 100 44 20 35 67 101 62 48 56 80 109 86 76 81 99 124
39 53 48 26 23 33 0 63 14 20 33 30 12 42 8 37 61 45 37 27 37 51 13 24 50 26 6 65 14 38 14 31 2 28 17 17 49 37 41 40 87 62 51 61 86 74 42 23 41 73 70 36 6 35 69 78 49 34 48 77 94 71 62 70 92
37 83 19 71 85 94 63 0 51 46 45 33 74 26 58 98 88 18 31 88 33 84 54 74 104 68 57 3 53 100 76 34 65 36 64 64 59 27 23 23 142 110 81 58 51 135 101 67 37 24 133 98 64 29 9 137 104 72 44 34 146 116 88 67 61
33 59 37 27 36 44 14 51 0 6 21 19 26 32 8 48 68 33 24 41 28 58 5 27 57 33 10 53 13 50 28 21 15 15 17 17 50 26 28 28 95 67 48 51 72 85 52 23 28 59 84 49 17 24 57 92 62 41 44 68 107 82 68 70 87
32 63 33 29 41 49 20 46 6 0 17 15 31 29 13 53 70 29 18 46 26 62 9 30 60 37 15 48 17 55 33 18 21 10 20 20 51 22 24 24 98 69 48 47 67 89 56 25 23 54 89 55 22 21 53 97 67 44 44 65 112 87 71 70 85
44 79 39 28 52 55 33 45 21 17 0 24 44 36 26 59 87 31 15 60 37 78 21 32 61 53 30 46 33 62 46 28 33 19 25 24 65 29 27 28 99 66 38 31 53 94 60 25 11 45 98 66 37 29 53 109 81 61 56 71 126 103 87 84 94
20 60 19 43 52 62 30 33 19 15 24 0 41 14 25 66 67 15 14 56 13 60 23 44 74 39 25 35 21 68 43 5 32 6 34 34 43 7 11 10 113 84 60 52 65 103 70 39 25 46 100 66 31 6 40 105 73 44 33 51 117 89 67 60 71
47 49 58 31 12 27 12 74 26 31 44 41 0 51 19 30 58 56 49 16 46 47 24 28 46 24 17 76 22 30 3 41 11 39 24 25 52 47 52 51 82 61 57 71 97 65 37 29 53 84 59 25 11 45 80 66 38 31 54 85 83 63 58 73 98
13 59 7 57 63 74 42 26 32 29 36 14 51 0 38 78 65 11 23 65 8 60 36 58 88 43 36 28 30 79 54 12 43 19 48 48 37 8 12 10 126 97 74 61 67 115 82 53 34 44 110 76 41 8 30 112 79 47 24 37 121 91 65 51 58
38 58 43 23 29 37 8 58 8 13 26 25 19 38 0 41 67 40 30 35 34 57 5 22 51 31 7 60 14 43 21 27 9 22 13 13 51 32 36 35 89 62 46 54 78 78 45 19 34 66 77 43 12 31 64 85 56 39 48 74 101 78 67 72 91
76 74 84 33 20 5 37 98 48 53 59 66 30 78 41 0 82 81 70 28 73 71 44 29 21 52 43 100 50 5 28 67 36 63 35 36 81 73 76 76 52 38 51 78 110 37 10 35 69 104 41 20 39 71 105 60 48 59 83 114 84 76 83 102 128
53 9 70 87 64 80 61 88 68 70 87 67 58 65 67 82 0 75 81 55 58 12 70 84 102 36 60 91 55 80 59 63 63 70 78 78 30 68 75 72 132 118 112 117 131 109 91 84 91 108 89 66 56 66 89 75 45 28 45 75 69 35 1 35 70
23 69 9 56 67 77 45 18 33 29 31 15 56 11 40 81 75 0 17 70 17 70 37 58 88 51 40 21 35 82 58 16 47 19 48 47 48 9 5 5 126 96 69 53 57 117 84 52 26 34 115 80 46 12 25 119 86 56 34 40 130 100 75 61 64
33 74 24 41 59 65 37 31 24 18 15 14 49 23 30 70 81 17 0 64 26 74 26 44 74 51 32 32 31 72 51 19 38 12 35 34 56 16 12 14 112 80 53 39 52 106 71 37 11 36 106 72 40 18 38 114 84 58 45 56 128 102 81 73 80
58 46 71 43 11 26 27 88 41 46 60 56 16 65 35 28 55 70 64 0 58 43 39 39 48 28 32 90 36 26 15 55 27 54 38 39 57 62 67 65 78 64 68 86 112 58 37 43 68 100 46 13 25 59 94 51 25 32 63 96 68 51 55 77 106
7 53 14 54 57 69 37 33 28 26 37 13 46 8 34 73 58 17 26 58 0 53 33 55 84 36 31 35 24 74 48 9 38 18 45 45 32 11 17 14 122 94 73 64 73 110 78 50 37 51 104 69 35 9 37 105 72 40 20 41 114 84 59 47 59
48 4 66 76 52 69 51 84 58 62 78 60 47 60 57 71 12 70 74 43 53 0 60 73 91 26 50 87 46 69 48 57 52 62 67 68 29 62 69 67 121 106 101 108 125 98 80 73 83 104 79 55 46 60 87 67 35 18 43 76 66 33 13 41 75
38 62 41 22 33 40 13 54 5 9 21 23 24 36 5 44 70 37 26 39 33 60 0 22 52 35 11 56 16 46 26 25 13 19 12 12 53 30 33 32 90 62 44 50 73 81 47 18 29 62 81 47 17 29 62 90 61 43 49 73 106 83 70 74 91
59 75 63 5 29 25 24 74 27 30 32 44 28 58 22 29 84 58 44 39 55 73 22 0 31 49 28 75 35 32 27 47 23 40 11 11 73 51 53 53 69 40 29 50 81 63 28 7 42 76 69 40 29 50 81 85 63 57 70 94 106 89 85 94 113
88 93 93 33 39 23 50 104 57 60 61 74 46 88 51 21 102 88 74 48 84 91 52 31 0 70 55 105 62 25 45 77 48 70 40 41 97 81 83 83 39 17 39 71 105 37 12 37 71 105 54 41 53 80 111 77 69 77 97 124 104 97 103 118 141
34 28 49 51 33 49 26 68 33 37 53 39 24 43 31 52 36 51 51 28 36 26 35 49 70 0 25 71 21 51 25 36 27 39 42 42 30 43 49 47 104 84 76 83 102 85 60 48 59 84 73 41 20 40 72 71 36 9 36 70 79 51 37 50 78
34 52 42 29 28 39 6 57 10 15 30 25 17 36 7 43 60 40 32 32 31 50 11 28 55 25 0 60 8 44 19 25 8 22 19 19 46 31 35 35 92 67 53 59 82 80 48 25 38 68 76 41 8 29 64 82 52 33 43 71 97 73 61 67 87
39 86 22 73 87 96 65 3 53 48 46 35 76 28 60 100 91 21 32 90 35 87 56 75 105 71 60 0 55 102 78 36 67 38 66 66 62 29 25 26 143 111 82 57 49 136 102 69 37 21 135 101 66 32 9 139 106 74 47 35 149 118 91 70 63
26 47 36 37 34 46 14 53 13 17 33 21 22 30 14 50 55 35 31 36 24 46 16 35 62 21 8 55 0 51 24 20 15 20 26 27 38 26 32 30 100 75 60 63 82 86 55 33 39 66 81 46 12 24 59 85 53 28 35 64 97 71 55 59 79
76 72 85 37 19 8 38 100 50 55 62 68 30 79 43 5 80 82 72 26 74 69 46 32 25 51 44 102 51 0 28 68 36 64 38 39 80 74 78 77 53 42 55 82 113 36 13 39 72 106 37 16 40 73 107 56 44 57 83 114 80 72 81 101 127
49 50 60 31 10 25 14 76 28 33 46 43 3 54 21 28 59 58 51 15 48 48 26 27 45 25 19 78 24 28 0 43 13 41 25 26 54 50 54 53 80 60 56 72 98 63 35 30 54 86 57 23 13 48 82 65 38 33 56 87 82 62 59 75 100
16 57 17 46 53 63 31 34 21 18 28 5 41 12 27 67 63 16 19 55 9 57 25 47 77 36 25 36 20 68 43 0 33 10 37 37 38 7 13 11 115 86 64 56 68 104 71 42 29 48 100 65 31 5 39 104 71 41 28 48 115 86 64 56 68
41 54 49 25 21 31 2 65 15 21 33 32 11 43 9 36 63 47 38 27 38 52 13 23 48 27 8 67 15 36 13 33 0 29 16 16 51 39 42 42 85 60 50 61 86 72 40 22 42 74 69 35 7 37 71 77 49 35 50 79 93 72 63 72 94
25 63 23 38 50 58 28 36 15 10 19 6 39 19 22 63 70 19 12 54 18 62 19 40 70 39 22 38 20 64 41 10 29 0 30 30 47 12 14 14 108 79 55 48 63 99 66 34 21 46 98 63 29 11 43 104 72 46 37 56 117 90 70 65 76
49 69 53 11 29 31 17 64 17 20 25 34 24 48 13 35 78 48 35 38 45 67 12 11 40 42 19 66 26 38 25 37 16 30 0 1 64 41 43 43 79 50 35 48 77 71 37 7 35 69 74 42 22 40 72 87 62 50 60 84 106 86 78 85 103
49 69 52 11 30 32 17 64 17 20 24 34 25 48 13 36 78 47 34 39 45 68 12 11 41 42 19 66 27 39 26 37 16 30 1 0 64 41 43 43 79 50 34 47 76 72 37 7 34 68 75 43 23 40 71 88 63 51 60 84 107 87 79 85 103
25 27 41 74 62 78 49 59 50 51 65 43 52 37 51 81 30 48 56 57 32 29 53 73 97 30 46 62 38 80 54 38 51 47 64 64 0 42 48 45 133 111 97 94 104 114 88 70 67 80 100 70 45 40 60 93 59 26 16 48 95 61 30 22 50
18 62 12 50 59 69 37 27 26 22 29 7 47 8 32 73 68 9 16 62 11 62 30 51 81 43 31 29 26 74 50 7 39 12 41 41 42 0 7 5 120 90 66 54 63 110 77 46 27 42 106 72 37 3 33 110 78 47 30 44 121 92 68 57 66
24 69 12 51 63 72 41 23 28 24 27 11 52 12 36 76 75 5 12 67 17 69 33 53 83 49 35 25 32 78 54 13 42 14 43 43 48 7 0 3 121 91 64 50 57 113 79 47 23 36 111 76 42 10 29 116 84 54 35 45 127 99 75 63 68
21 66 11 51 62 72 40 23 28 24 28 10 51 10 35 76 72 5 14 65 14 67 32 53 83 47 35 26 30 77 53 11 42 14 43 43 45 5 3 0 122 92 66 52 59 113 79 47 25 38 110 75 41 7 30 115 82 52 33 43 125 96 72 60 66
125 124 131 71 71 55 87 142 95 98 99 113 82 126 89 52 132 126 112 78 122 121 90 69 39 104 92 143 100 53 80 115 85 108 79 79 133 120 121 122 0 35 70 104 139 29 45 75 108 142 57 67 90 119 150 86 92 110 134 162 114 119 133 153 178
99 109 101 41 54 39 62 110 67 69 66 84 61 97 62 38 118 96 80 64 94 106 62 40 17 84 67 111 75 42 60 86 60 79 50 50 111 90 91 92 35 0 35 70 104 45 29 45 75 108 67 57 66 89 118 92 85 92 109 134 119 113 118 132 153
79 103 76 26 57 48 51 81 48 48 38 60 57 74 46 51 112 69 53 68 73 101 44 29 39 76 53 82 60 55 56 64 50 55 35 34 97 66 64 66 70 35 0 35 70 75 45 28 45 75 90 66 56 66 89 110 92 84 91 109 133 118 112 117 131
71 109 61 46 77 75 61 58 51 47 31 52 71 61 54 78 117 53 39 86 64 108 50 50 71 83 59 57 63 82 72 56 61 48 48 47 94 54 50 52 104 70 35 0 35 108 75 45 28 45 119 89 66 56 66 134 109 91 84 90 153 132 117 111 116
80 124 64 77 105 106 86 51 72 67 53 65 97 67 78 110 131 57 52 112 73 125 73 81 105 102 82 49 82 113 98 68 86 63 77 76 104 63 57 59 139 104 70 35 0 142 108 75 45 28 150 118 89 66 55 162 134 109 90 83 178 153 131 116 110
112 102 121 67 54 41 74 135 85 89 94 103 65 115 78 37 109 117 106 58 110 98 81 63 37 85 80 136 86 36 63 104 72 99 71 72 114 110 113 113 29 45 75 108 142 0 35 70 104 139 29 45 75 108 142 57 67 90 119 150 86 92 110 134 162
81 82 88 32 28 11 42 101 52 56 60 70 37 82 45 10 91 84 71 37 78 80 47 28 12 60 48 102 55 13 35 71 40 66 37 37 88 77 79 79 45 29 45 75 108 35 0 35 70 104 45 29 45 75 108 67 57 66 89 118 92 85 92 109 134
55 75 57 5 33 31 23 67 23 25 25 39 29 53 19 35 84 52 37 43 50 73 18 7 37 48 25 69 33 39 30 42 22 34 7 7 70 46 47 47 75 45 28 45 75 70 35 0 35 70 75 45 28 45 75 90 66 56 66 89 110 92 84 91 109
43 83 34 38 62 65 41 37 28 23 11 25 53 34 34 69 91 26 11 68 37 83 29 42 71 59 38 37 39 72 54 29 42 21 35 34 67 27 23 25 108 75 45 28 45 104 70 35 0 35 108 75 45 28 45 119 89 66 56 66 134 109 91 84 90
56 103 39 73 94 100 73 24 59 54 45 46 84 44 66 104 108 34 36 100 51 104 62 76 105 84 68 21 66 106 86 48 74 46 69 68 80 42 36 38 142 108 75 45 28 139 104 70 35 0 142 108 75 45 28 150 118 89 66 55 162 134 109 90 83
104 83 116 74 48 44 70 133 84 89 98 100 59 110 77 41 89 115 106 46 104 79 81 69 54 73 76 135 81 37 57 100 69 98 74 75 100 106 111 110 57 67 90 119 150 29 45 75 108 142 0 35 70 104 139 29 45 75 108 142 57 67 90 119 150
70 58 82 45 14 20 36 98 49 55 66 66 25 76 43 20 66 80 72 13 69 55 47 40 41 41 41 101 46 16 23 65 35 63 42 43 70 72 76 75 67 57 66 89 118 45 29 45 75 108 35 0 35 70 104 45 29 45 75 108 67 57 66 89 118
37 47 47 32 23 35 6 64 17 22 37 31 11 41 12 39 56 46 40 25 35 46 17 29 53 20 8 66 12 40 13 31 7 29 22 23 45 37 42 41 90 66 56 66 89 75 45 28 45 75 70 35 0 35 70 75 45 28 45 75 90 66 56 66 89
16 59 13 49 57 67 35 29 24 21 29 6 45 8 31 71 66 12 18 59 9 60 29 50 80 40 29 32 24 73 48 5 37 11 40 40 40 3 10 7 119 89 66 56 66 108 75 45 28 45 104 70 35 0 35 108 75 45 28 45 119 89 66 56 66
40 85 23 79 91 101 69 9 57 53 53 40 80 30 64 105 89 25 38 94 37 87 62 81 111 72 64 9 59 107 82 39 71 43 72 71 60 33 29 30 150 118 89 66 55 142 108 75 45 28 139 104 70 35 0 142 108 75 45 28 150 118 89 66 55
104 71 119 89 58 62 78 137 92 97 109 105 66 112 85 60 75 119 114 51 105 67 90 85 77 71 82 139 85 56 65 104 77 104 87 88 93 110 116 115 86 92 110 134 162 57 67 90 119 150 29 45 75 108 142 0 35 70 104 139 29 45 75 108 142
69 38 85 68 35 48 49 104 62 67 81 73 38 79 56 48 45 86 84 25 72 35 61 63 69 36 52 106 53 44 38 71 49 72 62 63 59 78 84 82 92 85 92 109 134 67 57 66 89 118 45 29 45 75 108 35 0 35 70 104 45 29 45 75 108
36 19 53 60 39 56 34 72 41 44 61 44 31 47 39 59 28 56 58 32 40 18 43 57 77 9 33 74 28 57 33 41 35 46 50 51 26 47 54 52 110 92 84 91 109 90 66 56 66 89 75 45 28 45 75 70 35 0 35 70 75 45 28 45 75
13 41 27 70 65 80 48 44 44 44 56 33 54 24 48 83 45 34 45 63 20 43 49 70 97 36 43 47 35 83 56 28 50 37 60 60 16 30 35 33 134 109 91 84 90 119 89 66 56 66 108 75 45 28 45 104 70 35 0 35 108 75 45 28 45
39 74 33 93 97 109 77 34 68 65 71 51 85 37 74 114 75 40 56 96 41 76 73 94 124 70 71 35 64 114 87 48 79 56 84 84 48 44 45 43 162 134 109 90 83 150 118 89 66 55 142 108 75 45 28 139 104 70 35 0 142 108 75 45 28
111 69 127 110 78 86 94 146 107 112 126 117 83 121 101 84 69 130 128 68 114 66 106 106 104 79 97 149 97 80 82 115 93 117 106 107 95 121 127 125 114 119 133 153 178 86 92 110 134 162 57 67 90 119 150 29 45 75 108 142 0 35 70 104 139
79 35 97 93 62 76 71 116 82 87 103 89 63 91 78 76 35 100 102 51 84 33 83 89 97 51 73 118 71 72 62 86 72 90 86 87 61 92 99 96 119 113 118 132 153 92 85 92 109 134 67 57 66 89 118 45 29 45 75 108 35 0 35 70 104
53 10 70 87 64 81 62 88 68 71 87 67 58 65 67 83 1 75 81 55 59 13 70 85 103 37 61 91 55 81 59 64 63 70 78 79 30 68 75 72 133 118 112 117 131 110 92 84 91 109 90 66 56 66 89 75 45 28 45 75 70 35 0 35 70
41 38 53 95 83 99 70 67 70 70 84 60 73 51 72 102 35 61 73 77 47 41 74 94 118 50 67 70 59 101 75 56 72 65 85 85 22 57 63 60 153 132 117 111 116 134 109 91 84 90 119 89 66 56 66 108 75 45 28 45 104 70 35 0 35
54 72 56 113 109 124 92 61 87 85 94 71 98 58 91 128 70 64 80 106 59 75 91 113 141 78 87 63 79 127 100 68 94 76 103 103 50 66 68 66 178 153 131 116 110 162 134 109 90 83 150 118 89 66 55 142 108 75 45 28 139 104 70 35 0
