0 10 54 71 77 86 29 56 11 30 44 50 77 61 44 6 95 22 2 83 8 62 48 81 79 82 20 51 7 33 52 60 72 68 57 6 91 66 13 81 120 91 68 58 67 109 77 47 30 46 105 70 36 3 35 108 75 44 26 43 118 89 65 54 63
10 0 45 62 67 77 23 49 13 27 36 41 71 52 40 13 87 21 9 73 7 54 39 74 69 73 11 42 10 27 56 50 65 60 48 16 83 57 10 72 111 82 59 52 66 101 68 37 25 48 98 63 29 8 42 103 71 43 33 52 115 87 67 60 73
54 45 0 17 24 34 35 38 55 44 17 18 45 12 42 56 48 56 54 29 50 19 18 39 26 29 37 24 54 33 82 13 39 21 13 60 45 24 45 28 66 39 33 55 86 59 24 12 46 81 64 35 28 53 85 80 59 55 70 97 101 86 83 93 114
71 62 17 0 11 18 50 47 72 59 31 30 44 15 53 72 37 72 70 13 67 21 30 33 11 13 54 35 71 47 95 18 39 17 21 76 34 25 61 11 50 25 35 65 98 44 11 27 61 96 55 35 42 69 101 76 62 67 86 113 100 90 93 108 130
77 67 24 11 0 22 58 44 76 68 40 31 54 25 63 79 43 75 76 8 72 32 32 42 3 16 58 34 76 56 105 19 50 27 21 82 42 20 68 14 46 16 29 62 96 47 18 31 63 97 62 45 51 75 105 85 73 77 94 119 110 101 104 117 138
86 77 34 18 22 0 62 64 88 70 44 48 40 26 61 87 22 89 86 15 83 28 48 25 19 7 70 52 87 59 104 36 37 21 39 91 21 41 76 8 36 27 51 82 116 26 10 44 79 113 41 34 55 85 118 66 61 75 99 128 93 89 99 118 143
29 23 35 50 58 62 0 56 36 11 19 41 49 37 18 28 68 43 29 62 30 36 39 54 60 59 24 44 33 5 49 45 43 43 44 33 63 55 16 59 98 74 61 66 87 83 53 33 43 70 77 42 8 29 63 80 48 25 37 67 93 67 53 59 81
56 49 38 47 44 64 56 0 50 66 49 21 83 50 71 61 83 44 55 52 49 57 22 76 47 58 39 15 52 57 102 30 77 58 27 62 80 24 56 56 87 52 18 19 53 90 57 29 30 58 101 73 54 54 73 118 95 81 81 95 138 119 108 108 118
11 13 55 72 76 88 36 50 0 39 48 48 83 63 52 16 99 12 9 83 6 65 46 86 78 83 19 47 4 40 62 58 77 71 56 14 95 63 21 82 121 90 64 50 57 112 78 46 22 36 110 76 41 9 30 115 83 53 35 45 127 98 75 63 68
30 27 44 59 68 70 11 66 39 0 28 51 51 45 15 27 73 48 31 71 33 43 49 58 69 67 31 54 35 12 39 55 46 50 54 32 68 65 18 67 105 83 71 75 93 89 61 43 50 74 79 46 17 30 63 79 46 17 30 63 89 60 43 50 74
44 36 17 31 40 44 19 49 48 28 0 29 39 18 26 44 52 52 44 43 42 19 28 39 41 41 31 34 46 17 65 29 33 25 29 49 48 40 32 40 79 55 48 63 89 66 34 21 46 79 64 30 12 43 77 73 47 38 56 85 91 72 66 77 100
50 41 18 30 31 48 41 21 48 51 29 0 63 30 53 53 65 45 49 38 44 37 3 57 33 42 31 6 48 41 89 13 57 38 10 56 62 17 45 40 76 43 21 38 69 73 39 9 33 67 82 53 37 48 75 98 75 64 71 92 118 100 92 97 113
77 71 45 44 54 40 49 83 83 51 39 63 0 35 37 76 29 89 78 51 78 26 62 15 53 42 68 69 81 45 75 56 7 28 58 81 25 67 65 43 70 65 76 99 128 46 37 55 84 117 29 11 43 77 111 35 23 47 79 113 57 50 65 91 121
61 52 12 15 25 26 37 50 63 45 18 30 35 0 39 62 38 65 60 27 58 9 29 28 25 23 45 35 62 34 81 22 29 9 24 66 34 33 50 22 61 39 42 67 98 50 17 23 57 91 53 25 29 59 93 69 50 53 74 102 91 78 79 94 118
44 40 42 53 63 61 18 71 52 15 26 53 37 39 0 41 62 60 44 65 46 34 52 46 64 60 41 58 49 15 43 54 33 41 54 46 57 65 31 60 97 78 73 83 104 78 53 45 60 87 66 33 18 44 77 65 32 14 43 77 75 50 41 57 85
6 13 56 72 79 87 28 61 16 27 44 53 76 62 41 0 95 27 7 84 13 62 51 81 81 83 23 54 12 32 47 62 70 68 60 6 90 69 12 82 122 94 72 63 72 109 77 49 35 50 104 69 35 8 37 106 72 40 21 41 115 85 60 49 60
95 87 48 37 43 22 68 83 99 73 52 65 29 38 62 95 0 102 95 36 94 34 65 16 40 28 82 70 97 64 102 54 30 29 57 100 5 61 83 29 43 47 71 101 134 17 27 60 94 128 20 29 61 94 129 47 51 73 103 135 74 77 93 118 146
22 21 56 72 75 89 43 44 12 48 52 45 89 65 60 27 102 0 20 82 15 69 44 90 77 84 22 43 15 47 73 57 83 74 54 25 98 60 31 83 120 88 59 40 46 114 80 46 15 28 115 81 48 20 31 122 91 63 46 52 135 108 85 73 77
2 9 54 70 76 86 29 55 9 31 44 49 78 60 44 7 95 20 0 82 7 62 47 81 78 82 19 50 6 33 53 59 72 68 57 7 91 65 14 81 120 91 67 57 66 109 76 46 29 45 105 70 36 2 34 108 75 45 27 44 119 89 66 55 64
83 73 29 13 8 15 62 52 83 71 43 38 51 27 65 84 36 82 82 0 78 32 39 38 6 10 65 42 82 60 107 26 47 26 29 88 36 28 73 9 39 14 37 70 104 39 15 37 70 104 56 43 55 81 112 80 71 79 98 125 106 100 105 120 142
8 7 50 67 72 83 30 49 6 33 42 44 78 58 46 13 94 15 7 78 0 60 42 80 74 79 14 44 4 34 59 54 72 66 52 13 89 60 16 77 116 86 62 51 61 107 73 42 23 42 104 70 35 6 36 110 77 48 33 48 121 93 71 61 70
62 54 19 21 32 28 36 57 65 43 19 37 26 9 34 62 34 69 62 32 60 0 36 22 32 26 48 43 64 32 77 30 20 8 32 67 30 41 50 26 63 46 51 74 104 48 19 30 62 95 47 16 28 61 95 61 42 48 72 102 83 70 73 91 116
48 39 18 30 32 48 39 22 46 49 28 3 62 29 52 51 65 44 47 39 42 36 0 57 34 42 29 7 46 39 87 14 56 38 11 54 62 18 43 41 77 45 23 38 69 74 40 8 32 66 81 52 35 46 74 97 74 63 69 90 117 99 91 95 111
81 74 39 33 42 25 54 76 86 58 39 57 15 28 46 81 16 90 81 38 80 22 57 0 40 29 69 62 84 49 87 48 15 19 50 86 11 57 69 30 56 51 67 94 125 33 24 50 83 117 26 13 46 81 115 44 38 58 88 120 69 65 78 102 131
79 69 26 11 3 19 60 47 78 69 41 33 53 25 64 81 40 77 78 6 74 32 34 40 0 13 61 37 78 57 106 21 48 26 24 84 39 23 70 12 43 15 32 65 99 44 17 33 66 100 60 44 52 77 107 83 72 77 95 121 108 100 104 118 139
82 73 29 13 16 7 59 58 83 67 41 42 42 23 60 83 28 84 82 10 79 26 42 29 13 0 65 46 82 56 103 30 39 20 33 87 27 35 72 2 39 23 44 76 110 32 8 39 73 108 47 35 52 81 113 71 63 74 96 124 97 91 99 116 140
20 11 37 54 58 70 24 39 19 31 31 31 68 45 41 23 82 22 19 65 14 48 29 69 61 65 0 32 18 27 64 41 62 53 39 25 77 47 17 64 103 73 49 45 63 94 60 28 19 49 94 60 27 18 48 102 71 47 43 62 116 90 73 70 82
51 42 24 35 34 52 44 15 47 54 34 6 69 35 58 54 70 43 50 42 44 43 7 62 37 46 32 0 47 45 92 17 62 44 14 56 67 17 47 45 79 46 18 32 64 78 44 14 30 63 87 59 41 48 74 103 80 69 73 92 124 105 96 99 113
7 10 54 71 76 87 33 52 4 35 46 48 81 62 49 12 97 15 6 82 4 64 46 84 78 82 18 47 0 37 59 58 75 69 56 11 93 63 18 81 120 90 65 52 60 110 77 45 24 40 108 73 39 6 32 113 80 50 32 45 124 95 71 60 67
33 27 33 47 56 59 5 57 40 12 17 41 45 34 15 32 64 47 33 60 34 32 39 49 57 56 27 45 37 0 50 43 39 39 43 37 59 54 20 56 94 71 61 68 90 79 50 33 46 74 72 38 5 33 67 76 45 24 40 71 89 64 52 61 85
52 56 82 95 105 104 49 102 62 39 65 89 75 81 43 47 102 73 53 107 59 77 87 87 106 103 64 92 59 50 0 93 72 84 92 49 97 103 47 102 139 120 109 108 118 119 96 81 81 94 102 74 55 54 72 91 58 30 29 56 88 54 19 18 52
60 50 13 18 19 36 45 30 58 55 29 13 56 22 54 62 54 57 59 26 54 30 14 48 21 30 41 17 58 43 93 0 50 29 3 65 51 12 52 28 64 32 21 48 81 62 28 13 45 79 72 46 39 58 87 90 71 66 79 102 112 98 94 103 121
72 65 39 39 50 37 43 77 77 46 33 57 7 29 33 70 30 83 72 47 72 20 56 15 48 39 62 62 75 39 72 50 0 23 52 75 26 61 59 40 70 61 71 93 121 47 33 49 78 110 34 5 37 71 106 42 25 44 75 108 63 53 64 88 118
68 60 21 17 27 21 43 58 71 50 25 38 28 9 41 68 29 74 68 26 66 8 38 19 26 20 53 44 69 39 84 29 23 0 31 73 25 39 57 20 56 40 49 75 106 42 13 32 65 100 44 19 35 67 101 61 46 55 79 109 85 74 80 98 123
57 48 13 21 21 39 44 27 56 54 29 10 58 24 54 60 57 54 57 29 52 32 11 50 24 33 39 14 56 43 92 3 52 31 0 63 54 12 51 31 66 35 20 45 78 64 31 12 42 76 74 48 38 55 84 92 72 66 77 100 114 98 94 102 120
6 16 60 76 82 91 33 62 14 32 49 56 81 66 46 6 100 25 7 88 13 67 54 86 84 87 25 56 11 37 49 65 75 73 63 0 95 72 17 86 125 97 74 63 69 114 82 52 35 46 109 74 40 8 32 111 77 45 22 37 119 89 63 49 58
91 83 45 34 42 21 63 80 95 68 48 62 25 34 57 90 5 98 91 36 89 30 62 11 39 27 77 67 93 59 97 51 26 25 54 95 0 59 79 28 46 48 69 98 130 22 25 56 90 124 21 24 56 90 124 45 47 68 98 130 73 73 89 113 141
66 57 24 25 20 41 55 24 63 65 40 17 67 33 65 69 61 60 65 28 60 41 18 57 23 35 47 17 63 54 103 12 61 39 12 72 59 0 61 33 63 29 10 42 77 66 35 22 47 79 80 57 50 64 90 100 82 77 87 108 123 109 105 112 129
13 10 45 61 68 76 16 56 21 18 32 45 65 50 31 12 83 31 14 73 16 50 43 69 70 72 17 47 18 20 47 52 59 57 51 17 79 61 0 71 110 83 64 61 76 98 66 40 35 57 92 58 23 13 47 95 62 33 27 53 106 78 57 53 70
81 72 28 11 14 8 59 56 82 67 40 40 43 22 60 82 29 83 81 9 77 26 41 30 12 2 64 45 81 56 102 28 40 20 31 86 28 33 71 0 40 22 43 75 108 34 8 38 72 106 49 36 51 80 112 72 64 73 95 123 98 92 99 116 140
120 111 66 50 46 36 98 87 121 105 79 76 70 61 97 122 43 120 120 39 116 63 77 56 43 39 103 79 120 94 139 64 70 56 66 125 46 63 110 40 0 35 70 104 139 29 45 75 108 142 57 67 90 119 150 86 92 110 134 162 114 119 133 153 178
91 82 39 25 16 27 74 52 90 83 55 43 65 39 78 94 47 88 91 14 86 46 45 51 15 23 73 46 90 71 120 32 61 40 35 97 48 29 83 22 35 0 35 70 104 45 29 45 75 108 67 57 66 89 118 92 85 92 109 134 119 113 118 132 153
68 59 33 35 29 51 61 18 64 71 48 21 76 42 73 72 71 59 67 37 62 51 23 67 32 44 49 18 65 61 109 21 71 49 20 74 69 10 64 43 70 35 0 35 70 75 45 28 45 75 90 66 56 66 89 110 92 84 91 109 133 118 112 117 131
58 52 55 65 62 82 66 19 50 75 63 38 99 67 83 63 101 40 57 70 51 74 38 94 65 76 45 32 52 68 108 48 93 75 45 63 98 42 61 75 104 70 35 0 35 108 75 45 28 45 119 89 66 56 66 134 109 91 84 90 153 132 117 111 116
67 66 86 98 96 116 87 53 57 93 89 69 128 98 104 72 134 46 66 104 61 104 69 125 99 110 63 64 60 90 118 81 121 106 78 69 130 77 76 108 139 104 70 35 0 142 108 75 45 28 150 118 89 66 55 162 134 109 90 83 178 153 131 116 110
109 101 59 44 47 26 83 90 112 89 66 73 46 50 78 109 17 114 109 39 107 48 74 33 44 32 94 78 110 79 119 62 47 42 64 114 22 66 98 34 29 45 75 108 142 0 35 70 104 139 29 45 75 108 142 57 67 90 119 150 86 92 110 134 162
77 68 24 11 18 10 53 57 78 61 34 39 37 17 53 77 27 80 76 15 73 19 40 24 17 8 60 44 77 50 96 28 33 13 31 82 25 35 66 8 45 29 45 75 108 35 0 35 70 104 45 29 45 75 108 67 57 66 89 118 92 85 92 109 134
47 37 12 27 31 44 33 29 46 43 21 9 55 23 45 49 60 46 46 37 42 30 8 50 33 39 28 14 45 33 81 13 49 32 12 52 56 22 40 38 75 45 28 45 75 70 35 0 35 70 75 45 28 45 75 90 66 56 66 89 110 92 84 91 109
30 25 46 61 63 79 43 30 22 50 46 33 84 57 60 35 94 15 29 70 23 62 32 83 66 73 19 30 24 46 81 45 78 65 42 35 90 47 35 72 108 75 45 28 45 104 70 35 0 35 108 75 45 28 45 119 89 66 56 66 134 109 91 84 90
46 48 81 96 97 113 70 58 36 74 79 67 117 91 87 50 128 28 45 104 42 95 66 117 100 108 49 63 40 74 94 79 110 100 76 46 124 79 57 106 142 108 75 45 28 139 104 70 35 0 142 108 75 45 28 150 118 89 66 55 162 134 109 90 83
105 98 64 55 62 41 77 101 110 79 64 82 29 53 66 104 20 115 105 56 104 47 81 26 60 47 94 87 108 72 102 72 34 44 74 109 21 80 92 49 57 67 90 119 150 29 45 75 108 142 0 35 70 104 139 29 45 75 108 142 57 67 90 119 150
70 63 35 35 45 34 42 73 76 46 30 53 11 25 33 69 29 81 70 43 70 16 52 13 44 35 60 59 73 38 74 46 5 19 48 74 24 57 58 36 67 57 66 89 118 45 29 45 75 108 35 0 35 70 104 45 29 45 75 108 67 57 66 89 118
36 29 28 42 51 55 8 54 41 17 12 37 43 29 18 35 61 48 36 55 35 28 35 46 52 52 27 41 39 5 55 39 37 35 38 40 56 50 23 51 90 66 56 66 89 75 45 28 45 75 70 35 0 35 70 75 45 28 45 75 90 66 56 66 89
3 8 53 69 75 85 29 54 9 30 43 48 77 59 44 8 94 20 2 81 6 61 46 81 77 81 18 48 6 33 54 58 71 67 55 8 90 64 13 80 119 89 66 56 66 108 75 45 28 45 104 70 35 0 35 108 75 45 28 45 119 89 66 56 66
35 42 85 101 105 118 63 73 30 63 77 75 111 93 77 37 129 31 34 112 36 95 74 115 107 113 48 74 32 67 72 87 106 101 84 32 124 90 47 112 150 118 89 66 55 142 108 75 45 28 139 104 70 35 0 142 108 75 45 28 150 118 89 66 55
108 103 80 76 85 66 80 118 115 79 73 98 35 69 65 106 47 122 108 80 110 61 97 44 83 71 102 103 113 76 91 90 42 61 92 111 45 100 95 72 86 92 110 134 162 57 67 90 119 150 29 45 75 108 142 0 35 70 104 139 29 45 75 108 142
75 71 59 62 73 61 48 95 83 46 47 75 23 50 32 72 51 91 75 71 77 42 74 38 72 63 71 80 80 45 58 71 25 46 72 77 47 82 62 64 92 85 92 109 134 67 57 66 89 118 45 29 45 75 108 35 0 35 70 104 45 29 45 75 108
44 43 55 67 77 75 25 81 53 17 38 64 47 53 14 40 73 63 45 79 48 48 63 58 77 74 47 69 50 24 30 66 44 55 66 45 68 77 33 73 110 92 84 91 109 90 66 56 66 89 75 45 28 45 75 70 35 0 35 70 75 45 28 45 75
26 33 70 86 94 99 37 81 35 30 56 71 79 74 43 21 103 46 27 98 33 72 69 88 95 96 43 73 32 40 29 79 75 79 77 22 98 87 27 95 134 109 91 84 90 119 89 66 56 66 108 75 45 28 45 104 70 35 0 35 108 75 45 28 45
43 52 97 113 119 128 67 95 45 63 85 92 113 102 77 41 135 52 44 125 48 102 90 120 121 124 62 92 45 71 56 102 108 109 100 37 130 108 53 123 162 134 109 90 83 150 118 89 66 55 142 108 75 45 28 139 104 70 35 0 142 108 75 45 28
118 115 101 100 110 93 93 138 127 89 91 118 57 91 75 115 74 135 119 106 121 83 117 69 108 97 116 124 124 89 88 112 63 85 114 119 73 123 106 98 114 119 133 153 178 86 92 110 134 162 57 67 90 119 150 29 45 75 108 142 0 35 70 104 139
89 87 86 90 101 89 67 119 98 60 72 100 50 78 50 85 77 108 89 100 93 70 99 65 100 91 90 105 95 64 54 98 53 74 98 89 73 109 78 92 119 113 118 132 153 92 85 92 109 134 67 57 66 89 118 45 29 45 75 108 35 0 35 70 104
65 67 83 93 104 99 53 108 75 43 66 92 65 79 41 60 93 85 66 105 71 73 91 78 104 99 73 96 71 52 19 94 64 80 94 63 89 105 57 99 133 118 112 117 131 110 92 84 91 109 90 66 56 66 89 75 45 28 45 75 70 35 0 35 70
54 60 93 108 117 118 59 108 63 50 77 97 91 94 57 49 118 73 55 120 61 91 95 102 118 116 70 99 60 61 18 103 88 98 102 49 113 112 53 116 153 132 117 111 116 134 109 91 84 90 119 89 66 56 66 108 75 45 28 45 104 70 35 0 35
63 73 114 130 138 143 81 118 68 74 100 113 121 118 85 60 146 77 64 142 70 116 111 131 139 140 82 113 67 85 52 121 118 123 120 58 141 129 70 140 178 153 131 116 110 162 134 109 90 83 150 118 89 66 55 142 108 75 45 28 139 104 70 35 0
