0 78 12 85 15 42 65 44 12 38 45 81 68 65 75 60 1 90 8 21 24 79 11 85 58 27 61 44 53 41 44 85 76 62 75 15 33 94 29 59 53 40 30 29 37 50 66 82 98 115 47 31 18 16 28 44 61 78 95 112 45 28 11 8 25 42 59 77 94 111 48 32 18 17 29 45 61 78 95 112 54 40 31 30 38 51 66 82 98 115 63 51 44 44 50 60 73 88 103 119 73 64 58 58 62 71 82 95 110 125 85 77 72 72 75 82 92 104 117 132 97 90 86 86 89 95 103 114 126 139 110 104 100 100 102 108 115 125 136 148
78 0 71 18 73 55 16 35 81 53 46 28 18 21 9 19 79 15 72 58 73 11 85 33 28 65 25 35 45 49 57 22 10 18 5 65 48 21 52 30 131 117 104 92 83 76 72 73 78 86 124 109 95 82 71 62 58 59 65 74 118 102 87 72 60 50 45 46 53 64 113 97 81 65 50 38 31 33 42 56 111 93 76 60 43 28 17 21 34 50 109 92 75 58 40 23 6 13 30 47 110 93 76 59 42 26 13 17 32 49 112 96 79 63 48 35 27 29 40 54 117 100 85 70 57 46 40 42 50 62 122 107 92 79 67 58 54 55 61 71
12 71 0 80 5 44 57 37 10 27 34 77 62 60 69 53 12 84 12 15 14 74 14 82 48 31 52 39 42 30 32 80 70 56 68 15 29 89 20 49 61 49 41 40 46 57 70 85 100 117 53 39 28 26 34 48 63 79 96 113 48 31 17 13 26 42 59 76 93 110 47 30 13 7 24 41 58 75 93 110 50 34 21 19 29 44 61 77 94 111 56 43 34 32 39 51 66 82 98 114 66 55 47 46 51 61 74 88 103 119 76 67 61 60 64 72 83 96 110 125 88 80 75 74 77 84 93 105 118 132 100 93 89 88 91 97 105 115 127 140
85 18 80 0 82 54 31 43 90 66 59 13 18 21 13 28 86 10 78 66 84 8 93 18 43 67 40 42 61 62 71 6 11 24 17 71 53 11 61 46 138 122 108 94 81 71 64 61 63 69 132 116 100 85 72 60 51 47 50 58 127 111 94 78 63 49 38 34 37 47 124 107 90 74 57 41 27 20 25 39 123 106 88 71 54 37 20 6 17 34 123 106 89 71 54 37 21 9 19 35 125 108 91 74 58 43 30 23 28 41 128 112 96 80 65 51 41 37 40 49 133 117 102 87 74 62 54 50 53 60 139 124 109 96 84 74 67 64 66 72
15 73 5 82 0 48 58 40 9 26 34 80 65 63 72 55 15 86 17 18 9 76 14 85 49 35 53 42 41 29 30 83 73 59 70 20 33 91 22 49 61 50 44 44 50 61 75 89 105 121 52 39 30 30 39 53 68 84 100 117 46 30 17 17 31 46 63 80 97 114 43 26 9 10 27 44 62 79 96 114 46 30 17 17 30 46 63 80 97 114 52 39 30 30 39 52 68 84 100 117 61 50 44 44 50 61 75 89 105 121 72 63 58 58 63 72 83 97 111 126 83 76 72 72 76 83 93 105 119 133 96 89 86 86 89 95 104 115 128 141
42 55 44 54 48 0 49 31 51 51 51 45 39 35 49 39 43 61 35 32 55 51 53 47 50 17 52 28 59 49 59 51 48 38 51 29 21 64 37 54 89 73 57 41 28 22 29 42 57 73 87 70 53 36 19 8 20 36 53 71 87 70 52 35 18 7 19 36 53 70 89 72 56 40 27 20 27 41 56 73 93 77 62 49 38 34 39 49 63 78 99 85 71 60 51 48 51 60 71 85 107 93 81 71 65 62 65 71 81 93 116 103 93 84 78 76 78 84 92 103 126 114 104 97 92 90 92 96 104 113 136 126 117 110 106 104 105 109 116 125
65 16 57 31 58 49 0 23 66 37 30 37 20 22 19 11 66 30 59 45 58 24 71 43 13 56 10 24 30 33 41 34 20 14 15 52 36 36 37 15 118 104 92 82 75 71 71 75 83 94 110 95 82 70 62 57 57 63 72 84 103 87 73 60 49 43 44 51 62 76 98 82 66 51 38 29 30 40 54 69 95 78 61 44 28 16 18 32 48 65 94 76 59 42 25 7 11 28 46 63 95 78 61 44 28 16 18 32 48 64 98 81 65 50 37 29 30 40 53 69 103 87 73 59 49 43 43 50 62 75 109 95 81 70 61 56 57 62 72 84
44 35 37 43 40 31 23 0 47 27 23 43 26 25 33 17 44 47 37 23 41 37 51 48 20 34 22 5 29 23 33 44 34 20 32 30 14 52 18 23 97 83 70 60 54 53 57 66 78 92 90 74 60 48 40 39 45 56 70 85 84 68 52 38 27 25 34 48 63 79 82 64 47 31 16 12 26 42 59 76 81 64 46 29 12 8 24 41 59 76 83 66 50 34 22 19 30 45 61 78 87 71 56 43 34 33 40 52 67 82 93 79 66 55 48 47 52 62 74 88 101 88 76 67 61 61 65 73 83 96 110 98 88 80 75 74 78 84 94 105
12 81 10 90 9 51 66 47 0 35 42 87 72 70 79 63 11 93 17 25 15 83 5 91 57 37 61 49 49 38 38 90 80 66 78 23 38 98 30 58 52 42 37 39 49 62 76 92 108 124 44 30 23 27 39 55 71 87 104 121 38 22 9 17 34 51 68 85 102 119 38 21 7 17 33 50 68 85 102 119 43 29 21 26 39 54 70 87 104 121 51 40 35 38 48 61 76 91 107 124 62 53 49 51 59 70 83 97 113 129 74 67 63 65 71 80 92 105 119 134 86 80 78 79 84 92 102 114 127 141 99 94 92 93 97 104 113 124 136 149
38 53 27 66 26 51 37 27 35 0 9 68 50 50 54 38 39 67 36 23 22 59 40 73 26 46 30 31 15 5 8 68 55 43 51 33 30 73 15 25 86 76 68 64 65 70 79 90 103 118 76 64 55 50 51 58 68 81 96 111 68 54 43 36 38 47 59 74 89 105 61 46 32 23 25 37 52 68 85 102 58 41 24 9 15 31 48 65 82 100 58 41 24 9 14 31 48 65 82 99 61 45 31 22 25 37 52 68 85 101 67 53 42 36 37 46 59 73 89 105 76 64 54 50 51 57 68 81 95 110 86 75 67 64 64 70 79 90 103 117
45 46 34 59 34 51 30 23 42 9 0 62 44 44 47 32 45 60 41 27 30 52 47 68 18 48 22 27 9 5 12 61 48 37 44 37 30 65 18 17 94 83 74 69 68 71 78 88 100 114 84 72 62 55 54 58 67 78 92 106 76 62 50 42 40 46 56 70 84 100 69 54 39 28 26 34 47 63 79 95 66 49 32 17 13 26 42 59 76 93 65 47 30 13 6 23 40 58 75 92 67 50 35 21 18 29 44 60 77 94 72 57 43 34 32 39 51 65 81 97 79 66 54 47 46 51 60 73 87 102 88 76 67 61 60 63 71 82 95 109
81 28 77 13 80 45 37 43 87 68 62 0 18 19 20 30 81 23 74 63 83 17 90 7 48 60 46 40 65 64 73 9 18 26 25 66 49 22 60 51 132 116 101 86 72 60 52 48 51 58 128 111 95 79 64 50 39 34 38 48 125 108 91 74 57 42 28 21 26 39 123 106 89 71 54 37 20 7 18 34 123 106 89 71 54 37 21 8 18 35 125 108 91 74 58 42 29 22 27 40 128 111 95 79 64 51 40 36 39 49 133 117 101 87 73 61 53 50 52 60 139 123 109 95 83 73 66 63 65 71 146 131 118 105 94 85 80 77 79 84
68 18 62 18 65 39 20 26 72 50 44 18 0 4 10 13 68 24 61 48 67 13 76 24 30 51 28 24 47 46 56 18 10 8 13 53 35 27 44 34 120 105 91 78 67 59 55 57 64 74 114 98 83 68 56 46 41 44 52 65 110 93 77 61 46 34 28 31 43 57 107 90 73 56 40 24 14 20 35 52 107 89 72 55 37 20 3 16 33 50 108 90 73 57 40 25 15 22 36 52 110 94 78 62 47 35 29 33 44 58 115 99 84 69 57 47 43 45 54 66 121 106 92 79 68 60 57 59 65 75 128 114 101 90 80 74 71 72 77 86
65 21 60 21 63 35 22 25 70 50 44 19 4 0 14 13 65 27 58 46 65 16 73 24 31 47 30 22 48 46 56 20 14 9 17 50 33 31 42 35 117 102 87 74 63 55 51 54 61 72 112 96 80 65 52 42 38 41 51 64 108 91 74 58 43 30 24 29 41 57 106 88 71 54 37 21 10 19 36 52 105 88 71 53 36 19 5 18 35 52 107 90 73 56 40 26 19 25 39 55 110 94 78 62 49 38 33 37 47 61 115 100 85 71 59 50 47 49 58 69 122 107 93 81 70 63 61 63 69 79 129 115 103 92 83 77 74 76 81 90
75 9 69 13 72 49 19 33 79 54 47 20 10 14 0 17 76 15 69 55 72 6 83 26 31 60 28 31 48 50 58 16 2 13 5 61 44 20 50 34 128 113 100 87 76 68 64 65 70 78 122 106 91 77 65 56 50 51 57 67 117 100 84 69 55 43 37 38 46 58 113 96 79 63 47 33 23 25 36 51 111 94 77 59 42 26 11 14 30 47 111 94 76 59 42 25 9 13 29 46 113 96 79 62 46 31 21 23 35 50 116 100 83 68 54 42 35 36 44 57 121 105 90 76 64 54 49 49 56 66 127 112 98 86 75 67 62 63 68 77
60 19 53 28 55 39 11 17 63 38 32 30 13 13 17 0 60 31 53 39 56 21 67 36 18 47 17 16 35 34 44 30 18 5 16 46 29 36 34 22 113 98 85 74 65 60 60 65 74 85 106 90 76 63 53 47 47 53 63 76 100 84 68 54 41 33 33 41 54 69 97 80 63 47 31 20 20 32 48 64 95 78 61 43 26 9 10 27 44 62 96 79 61 44 28 14 14 29 45 62 98 82 65 50 36 26 26 36 50 66 103 87 72 58 46 40 40 47 58 72 109 94 80 68 59 53 53 59 68 80 116 103 90 79 71 67 67 71 79 90
1 79 12 86 15 43 66 44 11 39 45 81 68 65 76 60 0 90 8 22 24 80 10 85 58 27 62 45 53 41 44 85 77 63 75 16 33 95 30 59 53 39 30 29 38 51 66 82 99 115 47 31 17 16 29 45 62 79 96 113 45 27 10 8 26 43 60 77 95 112 47 31 18 17 29 45 62 79 96 113 53 40 31 30 38 52 67 83 99 116 62 51 44 44 50 60 74 88 104 120 73 64 58 58 62 71 83 96 110 125 84 77 72 72 76 83 93 105 118 132 97 90 86 86 89 95 104 115 127 140 110 104 100 100 102 108 116 125 136 149
90 15 84 10 86 61 30 47 93 67 60 23 24 27 15 31 90 0 83 70 86 11 97 27 42 74 39 46 60 63 71 15 14 28 16 76 58 6 64 45 143 128 114 101 89 80 73 70 72 77 136 121 106 91 79 68 60 57 59 65 131 115 99 84 69 57 47 43 45 54 127 110 94 77 62 47 35 29 33 44 124 107 90 73 56 40 25 15 22 36 124 106 89 72 54 37 20 3 16 33 124 107 90 73 56 39 24 14 21 36 127 110 93 77 61 46 34 27 31 43 130 114 98 83 68 55 46 41 44 52 135 120 105 90 77 66 58 55 57 64
8 72 12 78 17 35 59 37 17 36 41 74 61 58 69 53 8 83 0 15 25 73 18 77 52 20 56 38 49 37 41 77 69 56 68 8 26 87 24 54 60 46 34 30 34 46 60 75 92 108 55 38 23 15 23 38 54 71 88 105 52 35 18 1 18 35 52 70 87 104 54 38 22 14 22 37 54 71 88 105 59 45 33 28 33 44 59 75 91 108 67 55 45 42 45 54 67 81 96 112 77 66 59 56 58 66 76 89 103 118 88 78 72 70 72 78 87 98 111 125 99 91 86 84 86 91 98 108 120 133 112 105 100 98 99 104 110 119 130 142
21 58 15 66 18 32 45 23 25 23 27 63 48 46 55 39 22 70 15 0 23 60 28 67 38 23 41 25 36 24 31 66 56 42 55 10 15 75 10 39 74 60 49 42 42 49 60 73 88 104 67 51 38 29 29 38 51 67 83 99 62 46 29 16 16 29 46 62 79 97 61 44 26 9 9 27 44 61 78 96 63 46 31 18 18 31 46 63 80 97 68 53 40 31 31 40 53 68 84 100 75 62 51 45 45 51 62 75 89 105 84 73 64 59 59 63 72 84 97 111 95 84 77 73 72 76 84 94 106 119 106 97 90 87 86 90 96 105 116 128
24 73 14 84 9 55 58 41 15 22 30 83 67 65 72 56 24 86 25 23 0 77 20 88 47 43 51 44 36 26 24 85 73 60 70 27 37 92 23 47 65 56 51 52 59 69 82 96 111 127 55 44 37 39 47 60 74 89 105 122 46 32 23 26 37 52 68 85 101 118 41 25 10 15 31 48 65 82 99 117 41 24 8 14 30 48 65 82 99 116 45 31 21 24 36 51 67 84 101 118 53 41 35 37 45 58 73 88 105 121 63 54 49 50 57 67 80 95 110 126 75 67 63 64 69 78 89 103 117 132 87 80 77 78 82 90 100 112 125 139
79 11 74 8 76 51 24 37 83 59 52 17 13 16 6 21 80 11 73 60 77 0 87 23 36 63 33 36 53 55 63 11 4 18 9 65 47 15 55 38 132 117 103 90 79 70 64 63 67 75 126 110 95 81 68 57 51 50 54 64 121 105 89 73 58 46 37 36 42 54 118 101 84 67 51 36 25 22 32 46 116 99 81 64 47 30 14 10 25 42 116 99 81 64 47 30 14 9 25 41 118 101 84 67 51 36 24 22 31 46 121 104 88 73 58 45 37 35 42 53 126 110 95 80 67 57 50 49 54 63 132 117 103 89 78 69 64 63 66 74
11 85 14 93 14 53 71 51 5 40 47 90 76 73 83 67 10 97 18 28 20 87 0 94 62 37 66 52 54 43 43 93 83 70 82 25 41 102 34 62 48 37 32 36 47 61 76 92 109 125 40 25 18 25 39 55 72 88 105 123 36 18 4 18 35 52 70 87 104 121 37 21 11 21 36 53 70 87 105 122 43 31 25 31 43 58 74 90 107 124 53 43 40 43 52 65 80 95 111 127 64 57 54 56 64 74 87 101 117 132 77 70 68 70 76 85 96 109 123 138 89 84 82 84 89 96 107 118 132 145 103 98 96 97 102 109 118 128 141 154
85 33 82 18 85 47 43 48 91 73 68 7 24 24 26 36 85 27 77 67 88 23 94 0 54 63 52 45 71 69 79 13 24 32 31 70 53 25 65 57 135 119 103 88 74 61 50 45 46 53 131 115 98 82 66 51 39 31 33 42 129 112 95 78 61 45 29 18 20 33 128 111 93 76 59 41 24 7 12 29 128 111 94 77 60 43 27 13 16 31 130 113 97 80 64 49 35 26 28 38 134 117 101 86 71 57 46 40 41 48 139 123 107 93 79 67 58 54 54 60 145 130 115 102 89 79 71 67 68 73 152 137 124 111 100 91 84 81 81 85
58 28 48 43 49 50 13 20 57 26 18 48 30 31 31 18 58 42 52 38 47 36 62 54 0 53 5 23 18 22 29 46 32 23 27 46 33 48 29 4 109 97 86 78 73 72 75 82 92 103 100 87 75 65 59 58 62 70 81 94 93 78 64 53 46 44 49 59 72 87 87 71 56 42 32 30 38 50 65 81 83 66 50 34 20 17 28 43 60 77 82 64 47 30 13 6 23 41 58 75 83 66 49 32 18 14 26 42 59 76 86 70 54 40 30 27 35 48 64 80 91 76 62 50 43 41 47 57 70 85 98 85 72 62 56 55 59 68 79 92
27 65 31 67 35 17 56 34 37 46 48 60 51 47 60 47 27 74 20 23 43 63 37 63 53 0 56 32 57 45 53 66 60 48 61 16 21 77 31 56 73 57 41 27 21 27 40 56 72 89 71 53 36 19 7 18 35 52 69 87 71 54 37 20 8 19 35 52 70 87 74 57 42 29 22 28 41 56 73 89 79 64 51 41 36 40 50 63 78 94 87 73 62 54 50 53 61 72 85 100 96 84 74 67 64 66 73 82 94 107 106 95 86 81 78 80 85 93 104 116 117 107 99 94 92 94 98 105 115 126 128 119 113 108 107 108 111 118 126 136
61 25 52 40 53 52 10 22 61 30 22 46 28 30 28 17 62 39 56 41 51 33 66 52 5 56 0 25 21 26 33 43 30 22 24 50 36 45 33 6 113 100 90 81 75 74 76 82 91 102 104 91 78 68 62 60 63 70 80 93 97 82 68 57 48 46 50 58 71 84 91 75 60 46 35 32 37 48 63 78 87 70 54 38 24 18 26 41 57 74 85 68 51 33 16 4 20 37 54 72 86 69 52 35 19 11 22 38 55 72 89 72 56 42 30 25 32 44 59 76 94 78 64 51 42 39 43 53 66 81 100 86 73 63 55 53 56 64 75 88
44 35 39 42 42 28 24 5 49 31 27 40 24 22 31 16 45 46 38 25 44 36 52 45 23 32 25 0 34 27 37 42 32 18 31 30 13 50 21 27 97 83 70 59 51 49 53 62 74 88 91 75 60 47 38 35 41 52 66 81 86 70 53 38 26 22 30 44 59 76 84 67 50 33 16 8 22 39 56 73 84 67 50 33 16 8 22 39 56 73 86 70 54 38 26 22 30 44 59 76 91 75 61 48 38 36 41 52 66 81 97 83 70 59 51 50 53 62 74 88 105 92 80 71 65 63 66 74 84 96 114 102 92 84 79 77 80 86 95 106
53 45 42 61 41 59 30 29 49 15 9 65 47 48 48 35 53 60 49 36 36 53 54 71 18 57 21 34 0 13 14 63 50 40 45 45 38 66 26 15 100 90 82 78 77 80 86 95 106 119 90 78 69 64 63 66 74 84 97 111 81 68 57 50 49 53 63 75 89 104 73 58 46 37 35 41 53 67 82 98 68 51 36 24 21 30 45 61 77 94 65 48 31 14 8 24 41 58 75 92 65 48 31 15 10 24 41 58 75 93 68 52 37 26 23 32 46 62 78 95 74 60 47 39 37 43 54 68 83 99 82 69 59 52 51 55 64 76 90 105
41 49 30 62 29 49 33 23 38 5 5 64 46 46 50 34 41 63 37 24 26 55 43 69 22 45 26 27 13 0 11 64 51 39 47 33 28 68 14 21 90 79 70 65 65 69 77 88 100 114 80 67 57 52 51 56 66 78 92 107 72 57 45 38 37 44 56 70 86 101 66 50 35 24 24 34 48 64 81 97 62 45 28 13 12 27 44 61 78 95 62 45 28 12 11 27 44 61 78 95 65 49 34 23 22 33 48 64 80 97 71 56 44 36 36 43 55 69 85 101 79 66 56 50 49 55 65 77 91 106 88 77 68 63 63 67 76 86 99 113
44 57 32 71 30 59 41 33 38 8 12 73 56 56 58 44 44 71 41 31 24 63 43 79 29 53 33 37 14 11 0 73 60 48 55 39 38 77 22 27 88 79 73 71 72 78 87 98 111 125 78 67 59 56 59 66 76 89 103 117 68 55 46 42 45 54 66 81 96 111 60 46 34 28 33 44 59 74 91 107 55 38 23 14 22 37 53 70 87 104 53 36 19 1 17 34 52 69 86 104 55 39 24 15 22 37 54 70 87 105 61 46 34 29 33 45 59 75 91 107 68 56 47 43 46 55 67 81 96 112 78 68 60 57 59 66 77 89 103 118
85 22 80 6 83 51 34 44 90 68 61 9 18 20 16 30 85 15 77 66 85 11 93 13 46 66 43 42 63 64 73 0 14 25 20 70 52 14 62 49 137 121 106 92 79 68 60 56 58 64 131 115 99 84 69 57 47 42 45 53 128 111 94 78 62 47 35 29 32 43 125 108 91 74 57 40 25 15 21 35 124 107 90 72 55 38 20 3 15 32 125 108 91 74 57 40 25 14 20 35 127 111 94 77 62 47 34 28 31 42 131 115 99 83 69 56 46 42 44 52 136 121 106 91 78 67 59 55 57 64 143 128 114 100 89 79 72 69 70 76
76 10 70 11 73 48 20 34 80 55 48 18 10 14 2 18 77 14 69 56 73 4 83 24 32 60 30 32 50 51 60 14 0 14 7 62 44 19 51 35 129 114 100 87 76 68 63 63 68 76 122 107 92 78 65 55 49 50 55 66 118 101 85 70 55 43 36 36 44 56 114 97 80 64 48 33 22 23 34 49 112 95 78 61 44 27 11 12 28 45 112 95 78 61 44 27 11 12 28 45 114 97 80 64 48 33 23 24 34 49 118 101 85 70 56 44 36 37 44 57 123 107 92 78 65 56 50 50 56 66 129 114 100 87 76 68 64 64 68 77
62 18 56 24 59 38 14 20 66 43 37 26 8 9 13 5 63 28 56 42 60 18 70 32 23 48 22 18 40 39 48 25 14 0 14 48 31 33 38 27 115 101 87 75 65 59 58 62 70 81 109 93 78 65 53 46 44 49 59 72 104 87 71 56 42 33 30 37 50 64 101 84 67 50 34 20 17 28 43 59 99 82 65 48 30 13 6 23 40 57 100 83 66 49 33 18 14 26 42 59 103 86 70 54 40 29 27 35 48 63 107 92 76 62 50 42 41 46 57 70 113 99 85 72 62 56 55 59 67 79 121 107 94 83 75 70 68 72 79 89
75 5 68 17 70 51 15 32 78 51 44 25 13 17 5 16 75 16 68 55 70 9 82 31 27 61 24 31 45 47 55 20 7 14 0 61 44 22 49 30 128 113 100 88 78 71 68 69 74 83 121 106 91 78 66 58 54 55 62 72 115 99 83 69 56 45 40 42 50 63 111 94 78 62 47 34 26 29 41 55 109 91 74 57 40 24 13 18 34 50 108 91 73 56 39 22 5 14 32 49 109 92 75 58 42 27 17 22 35 51 112 96 79 64 49 37 31 33 44 57 117 101 86 71 59 49 45 46 54 66 123 108 94 81 70 62 58 60 66 75
15 65 15 71 20 29 52 30 23 33 37 66 53 50 61 46 16 76 8 10 27 65 25 70 46 16 50 30 45 33 39 70 62 48 61 0 18 80 20 48 68 53 40 33 34 42 55 70 86 102 62 46 31 19 21 33 48 65 82 99 60 42 25 8 11 28 45 63 80 97 61 44 27 13 15 30 46 63 81 98 65 49 35 26 27 37 52 67 84 100 71 58 46 40 41 48 60 73 89 104 80 68 59 54 54 60 69 82 96 110 90 80 72 68 68 73 81 91 104 118 101 92 85 82 82 86 93 102 113 126 113 105 99 96 96 99 105 113 123 135
33 48 29 53 33 21 36 14 38 30 30 49 35 33 44 29 33 58 26 15 37 47 41 53 33 21 36 13 38 28 38 52 44 31 44 18 0 62 17 36 85 70 57 46 40 42 49 61 75 90 80 63 48 35 27 29 39 53 69 85 76 59 42 26 13 17 32 48 65 82 75 58 41 23 7 13 30 47 64 82 77 60 44 29 18 21 34 50 66 83 81 66 51 39 31 33 43 56 71 87 88 73 61 51 45 46 53 65 78 93 96 83 72 63 59 60 66 75 87 100 105 93 84 77 73 74 78 86 96 109 115 105 96 90 87 88 91 98 107 118
94 21 89 11 91 64 36 52 98 73 65 22 27 31 20 36 95 6 87 75 92 15 102 25 48 77 45 50 66 68 77 14 19 33 22 80 62 0 69 51 147 132 118 104 92 81 74 70 70 74 141 125 110 95 82 70 61 56 56 61 136 119 103 88 73 60 49 42 43 49 132 115 99 82 66 51 37 29 29 39 130 113 96 79 62 45 29 16 17 31 129 112 95 77 60 43 25 8 10 27 130 113 96 79 62 45 29 17 18 31 132 116 99 82 66 51 38 30 30 39 136 120 104 88 73 60 49 43 43 50 141 125 110 96 82 71 62 57 57 62
29 52 20 61 22 37 37 18 30 15 18 60 44 42 50 34 30 64 24 10 23 55 34 65 29 31 33 21 26 14 22 62 51 38 49 20 17 69 0 30 81 68 58 52 51 56 65 77 91 106 73 59 46 38 37 44 55 69 84 100 67 51 36 25 24 33 47 63 79 96 64 47 30 14 11 26 42 60 77 94 63 46 29 13 9 25 42 59 77 94 66 50 35 23 21 32 46 62 79 96 72 57 45 36 35 42 54 68 83 99 80 67 56 50 49 54 63 76 90 105 89 78 69 63 63 67 75 85 98 112 99 89 82 77 77 80 87 96 107 120
59 30 49 46 49 54 15 23 58 25 17 51 34 35 34 22 59 45 54 39 47 38 62 57 4 56 6 27 15 21 27 49 35 27 30 48 36 51 30 0 110 98 88 80 76 75 79 86 95 107 100 87 76 67 62 61 66 74 85 98 92 78 65 55 48 48 53 63 76 90 86 70 56 43 35 34 41 54 68 84 82 65 49 33 22 21 31 47 63 79 80 62 45 28 11 9 26 43 60 77 80 63 46 29 14 12 27 44 61 78 83 67 51 36 26 25 35 49 64 81 88 73 59 47 39 39 45 57 70 86 95 81 69 59 53 52 57 67 79 92
53 131 61 138 61 89 118 97 52 86 94 132 120 117 128 113 53 143 60 74 65 132 48 135 109 73 113 97 100 90 88 137 129 115 128 68 85 147 81 110 0 18 35 52 70 87 104 122 139 156 15 23 38 54 71 88 105 122 140 157 29 34 45 60 75 91 108 125 142 159 43 47 55 68 82 97 113 129 145 162 58 60 67 77 90 104 119 134 150 166 72 74 80 88 99 112 126 140 156 171 86 88 93 100 110 122 134 148 162 177 100 102 106 112 121 132 144 156 170 184 115 116 119 125 133 143 154 166 179 192 129 130 133 138 145 154 164 176 188 201
40 117 49 122 50 73 104 83 42 76 83 116 105 102 113 98 39 128 46 60 56 117 37 119 97 57 100 83 90 79 79 121 114 101 113 53 70 132 68 98 18 0 18 35 52 70 87 104 122 139 23 15 23 38 54 71 88 105 122 140 34 29 34 45 60 75 91 108 125 142 47 43 46 55 67 82 97 112 129 145 60 57 60 67 77 90 104 118 134 150 74 72 73 79 88 99 112 126 140 155 88 86 87 92 100 110 121 134 148 162 102 100 101 105 112 121 131 143 156 170 116 114 115 119 125 133 142 153 165 178 130 128 129 132 138 145 154 164 175 187
30 104 41 108 44 57 92 70 37 68 74 101 91 87 100 85 30 114 34 49 51 103 32 103 86 41 90 70 82 70 73 106 100 87 100 40 57 118 58 88 35 18 0 18 35 52 70 87 104 122 38 23 15 23 38 54 71 88 105 122 45 34 29 34 45 60 75 91 108 125 55 46 43 46 55 67 81 97 112 129 67 60 57 60 67 77 90 104 118 134 80 73 71 73 79 88 99 112 126 140 93 87 85 87 92 99 109 121 134 148 106 101 99 101 105 112 121 131 143 156 119 115 114 115 118 124 132 142 153 165 133 129 128 129 132 137 144 153 163 175
29 92 40 94 44 41 82 60 39 64 69 86 78 74 87 74 29 101 30 42 52 90 36 88 78 27 81 59 78 65 71 92 87 75 88 33 46 104 52 80 52 35 18 0 18 35 52 70 87 104 54 38 23 15 23 38 54 71 88 105 60 45 34 29 33 45 59 75 91 108 68 55 46 43 46 55 67 81 97 112 77 67 60 57 59 66 77 89 103 118 88 79 73 71 73 79 88 99 112 125 100 92 87 85 87 91 99 109 121 134 112 105 101 99 100 105 111 120 131 143 125 119 115 113 114 118 124 132 141 152 138 132 129 127 128 131 137 144 153 163
37 83 46 81 50 28 75 54 49 65 68 72 67 63 76 65 38 89 34 42 59 79 47 74 73 21 75 51 77 65 72 79 76 65 78 34 40 92 51 76 70 52 35 18 0 18 35 52 70 87 71 54 38 23 15 23 38 54 71 88 75 60 45 33 29 33 45 59 75 91 82 67 55 46 43 46 55 67 81 96 90 77 67 59 57 59 66 77 89 103 99 88 79 73 71 73 78 87 99 111 110 100 92 87 85 86 91 99 109 120 121 112 105 100 99 100 104 111 120 130 133 125 118 114 113 114 117 123 131 141 145 138 132 128 127 127 131 136 143 152
50 76 57 71 61 22 71 53 62 70 71 60 59 55 68 60 51 80 46 49 69 70 61 61 72 27 74 49 80 69 78 68 68 59 71 42 42 81 56 75 87 70 52 35 18 0 18 35 52 70 88 71 54 38 23 14 23 38 54 71 91 75 60 45 33 28 33 45 59 75 97 82 67 55 46 42 46 55 67 81 104 90 77 66 59 56 59 66 76 89 112 99 88 79 73 70 72 78 87 98 122 110 99 91 86 84 86 91 98 108 132 121 112 105 100 98 99 104 110 119 143 133 124 118 114 112 113 117 123 131 154 145 137 131 127 126 127 130 135 143
66 72 70 64 75 29 71 57 76 79 78 52 55 51 64 60 66 73 60 60 82 64 76 50 75 40 76 53 86 77 87 60 63 58 68 55 49 74 65 79 104 87 70 52 35 18 0 18 35 52 105 88 71 54 38 23 14 23 38 54 108 91 75 59 45 33 28 33 45 59 113 97 81 67 55 46 42 46 54 67 119 104 90 77 66 59 56 59 66 76 126 112 99 88 78 72 70 72 78 87 134 121 109 99 91 86 84 85 90 98 144 131 121 111 104 99 98 99 103 110 154 142 132 124 117 113 112 113 116 122 164 154 144 137 131 127 125 126 130 135
82 73 85 61 89 42 75 66 92 90 88 48 57 54 65 65 82 70 75 73 96 63 92 45 82 56 82 62 95 88 98 56 63 62 69 70 61 70 77 86 122 104 87 70 52 35 18 0 18 35 122 105 88 71 54 38 23 14 23 38 125 108 91 75 59 45 33 28 33 45 129 112 97 81 67 55 46 42 45 54 134 118 104 89 77 66 59 56 58 65 140 126 112 99 87 78 72 70 72 77 148 134 121 109 99 91 85 83 85 90 156 143 131 120 111 104 99 97 99 103 166 153 142 132 123 117 113 111 112 116 176 164 153 144 136 130 126 125 126 129
98 78 100 63 105 57 83 78 108 103 100 51 64 61 70 74 99 72 92 88 111 67 109 46 92 72 91 74 106 100 111 58 68 70 74 86 75 70 91 95 139 122 104 87 70 52 35 18 0 18 140 122 105 88 71 54 38 23 14 23 142 125 108 91 75 59 45 33 28 33 145 129 112 97 81 67 54 45 42 45 150 134 118 103 89 76 66 58 55 58 156 140 126 112 99 87 78 72 69 71 162 148 134 121 109 98 90 85 83 85 170 156 143 131 120 110 103 99 97 98 179 165 153 141 131 123 116 112 110 112 188 175 163 153 143 135 130 126 124 125
115 86 117 69 121 73 94 92 124 118 114 58 74 72 78 85 115 77 108 104 127 75 125 53 103 89 102 88 119 114 125 64 76 81 83 102 90 74 106 107 156 139 122 104 87 70 52 35 18 0 157 140 122 105 88 71 54 38 23 14 159 142 125 108 91 75 59 45 33 28 162 145 129 112 96 81 67 54 45 42 166 150 134 118 103 89 76 65 58 55 171 155 140 125 111 98 87 77 71 69 177 162 148 134 120 108 98 90 85 83 184 170 156 143 130 119 110 103 98 96 192 178 165 152 141 131 122 116 112 110 201 187 175 163 152 143 135 129 125 124
47 124 53 132 52 87 110 90 44 76 84 128 114 112 122 106 47 136 55 67 55 126 40 131 100 71 104 91 90 80 78 131 122 109 121 62 80 141 73 100 15 23 38 54 71 88 105 122 140 157 0 18 35 52 70 87 104 122 139 156 15 23 38 54 71 88 105 122 140 157 29 34 45 60 75 91 108 125 142 159 43 47 55 68 82 97 113 129 145 162 58 60 67 77 90 104 119 134 150 166 72 74 80 88 99 112 126 140 156 171 86 88 93 100 110 122 134 148 162 177 100 102 106 112 121 132 144 156 170 184 115 116 119 125 133 143 154 166 179 192
31 109 39 116 39 70 95 74 30 64 72 111 98 96 106 90 31 121 38 51 44 110 25 115 87 53 91 75 78 67 67 115 107 93 106 46 63 125 59 87 23 15 23 38 54 71 88 105 122 140 18 0 18 35 52 70 87 104 122 139 23 15 23 38 54 71 88 105 122 140 34 29 34 45 60 75 91 108 125 142 47 43 46 55 67 82 97 112 129 145 60 57 60 67 77 90 104 118 134 150 74 72 73 79 88 99 112 126 140 155 88 86 87 92 100 110 121 134 148 162 102 100 101 105 112 121 131 143 156 170 116 114 115 119 125 133 142 153 165 178
18 95 28 100 30 53 82 60 23 55 62 95 83 80 91 76 17 106 23 38 37 95 18 98 75 36 78 60 69 57 59 99 92 78 91 31 48 110 46 76 38 23 15 23 38 54 71 88 105 122 35 18 0 18 35 52 70 87 104 122 38 23 15 23 38 54 71 88 105 122 45 34 29 34 45 60 75 91 108 125 55 46 43 46 55 67 81 97 112 129 67 60 57 60 67 77 90 104 118 134 80 73 71 73 79 88 99 112 126 140 93 87 85 87 92 99 109 121 134 148 106 101 99 101 105 112 121 131 143 156 119 115 114 115 118 124 132 142 153 165
16 82 26 85 30 36 70 48 27 50 55 79 68 65 77 63 16 91 15 29 39 81 25 82 65 19 68 47 64 52 56 84 78 65 78 19 35 95 38 67 54 38 23 15 23 38 54 71 88 105 52 35 18 0 18 35 52 70 87 104 54 38 23 15 23 38 54 71 88 105 60 45 34 29 33 45 59 75 91 108 68 55 46 43 46 55 67 81 97 112 77 67 60 57 59 66 77 89 103 118 88 79 73 71 73 79 88 99 112 125 100 92 87 85 87 91 99 109 121 134 112 105 101 99 100 105 111 120 131 143 125 119 115 113 114 118 124 132 141 152
28 71 34 72 39 19 62 40 39 51 54 64 56 52 65 53 29 79 23 29 47 68 39 66 59 7 62 38 63 51 59 69 65 53 66 21 27 82 37 62 71 54 38 23 15 23 38 54 71 88 70 52 35 18 0 18 35 52 70 87 71 54 38 23 15 23 38 54 71 88 75 60 45 33 29 33 45 59 75 91 82 67 55 46 43 46 55 67 81 96 90 77 67 59 57 59 66 77 89 103 99 88 79 73 71 73 78 87 99 111 110 100 92 87 85 86 91 99 109 120 121 112 105 100 99 100 104 111 120 130 133 125 118 114 113 114 117 123 131 141
44 62 48 60 53 8 57 39 55 58 58 50 46 42 56 47 45 68 38 38 60 57 55 51 58 18 60 35 66 56 66 57 55 46 58 33 29 70 44 61 88 71 54 38 23 14 23 38 54 71 87 70 52 35 18 0 18 35 52 70 88 71 54 38 23 14 23 38 54 71 91 75 60 45 33 28 33 45 59 75 97 82 67 55 46 42 46 55 67 81 104 90 77 66 59 56 59 66 76 89 112 99 88 79 73 70 72 78 87 98 122 110 99 91 86 84 86 91 98 108 132 121 112 105 100 98 99 104 110 119 143 133 124 118 114 112 113 117 123 131
61 58 63 51 68 20 57 45 71 68 67 39 41 38 50 47 62 60 54 51 74 51 72 39 62 35 63 41 74 66 76 47 49 44 54 48 39 61 55 66 105 88 71 54 38 23 14 23 38 54 104 87 70 52 35 18 0 18 35 52 105 88 71 54 38 23 14 23 38 54 108 91 75 59 45 33 28 33 45 59 113 97 81 67 55 46 42 46 54 67 119 104 90 77 66 59 56 59 66 76 126 112 99 88 78 72 70 72 78 87 134 121 109 99 91 86 84 85 90 98 144 131 121 111 104 99 98 99 103 110 154 142 132 124 117 113 112 113 116 122
78 59 79 47 84 36 63 56 87 81 78 34 44 41 51 53 79 57 71 67 89 50 88 31 70 52 70 52 84 78 89 42 50 49 55 65 53 56 69 74 122 105 88 71 54 38 23 14 23 38 122 104 87 70 52 35 18 0 18 35 122 105 88 71 54 38 23 14 23 38 125 108 91 75 59 45 33 28 33 45 129 112 97 81 67 55 46 42 45 54 134 118 104 89 77 66 59 56 58 65 140 126 112 99 87 78 72 70 72 77 148 134 121 109 99 91 85 83 85 90 156 143 131 120 111 104 99 97 99 103 166 153 142 132 123 117 113 111 112 116
95 65 96 50 100 53 72 70 104 96 92 38 52 51 57 63 96 59 88 83 105 54 105 33 81 69 80 66 97 92 103 45 55 59 62 82 69 56 84 85 140 122 105 88 71 54 38 23 14 23 139 122 104 87 70 52 35 18 0 18 140 122 105 88 71 54 38 23 14 23 142 125 108 91 75 59 45 33 28 33 145 129 112 97 81 67 54 45 42 45 150 134 118 103 89 76 66 58 55 58 156 140 126 112 99 87 78 72 69 71 162 148 134 121 109 98 90 85 83 85 170 156 143 131 120 110 103 99 97 98 179 165 153 141 131 123 116 112 110 112
112 74 113 58 117 71 84 85 121 111 106 48 65 64 67 76 113 65 105 99 122 64 123 42 94 87 93 81 111 107 117 53 66 72 72 99 85 61 100 98 157 140 122 105 88 71 54 38 23 14 156 139 122 104 87 70 52 35 18 0 157 140 122 105 88 71 54 38 23 14 159 142 125 108 91 75 59 45 33 28 162 145 129 112 96 81 67 54 45 42 166 150 134 118 103 89 76 65 58 55 171 155 140 125 111 98 87 77 71 69 177 162 148 134 120 108 98 90 85 83 184 170 156 143 130 119 110 103 98 96 192 178 165 152 141 131 122 116 112 110
45 118 48 127 46 87 103 84 38 68 76 125 110 108 117 100 45 131 52 62 46 121 36 129 93 71 97 86 81 72 68 128 118 104 115 60 76 136 67 92 29 34 45 60 75 91 108 125 142 159 15 23 38 54 71 88 105 122 140 157 0 18 35 52 70 87 104 122 139 156 15 23 38 54 71 88 105 122 140 157 29 34 45 60 75 91 108 125 142 159 43 47 55 68 82 97 113 129 145 162 58 60 67 77 90 104 119 134 150 166 72 74 80 88 99 112 126 140 156 171 86 88 93 100 110 122 134 148 162 177 100 102 106 112 121 132 144 156 170 184
28 102 31 111 30 70 87 68 22 54 62 108 93 91 100 84 27 115 35 46 32 105 18 112 78 54 82 70 68 57 55 111 101 87 99 42 59 119 51 78 34 29 34 45 60 75 91 108 125 142 23 15 23 38 54 71 88 105 122 140 18 0 18 35 52 70 87 104 122 139 23 15 23 38 54 71 88 105 122 140 34 29 34 45 60 75 91 108 125 142 47 43 46 55 67 82 97 112 129 145 60 57 60 67 77 90 104 118 134 150 74 72 73 79 88 99 112 126 140 155 88 86 87 92 100 110 121 134 148 162 102 100 101 105 112 121 131 143 156 170
11 87 17 94 17 52 73 52 9 43 50 91 77 74 84 68 10 99 18 29 23 89 4 95 64 37 68 53 57 45 46 94 85 71 83 25 42 103 36 65 45 34 29 34 45 60 75 91 108 125 38 23 15 23 38 54 71 88 105 122 35 18 0 18 35 52 70 87 104 122 38 23 15 23 38 54 71 88 105 122 45 34 29 34 45 60 75 91 108 125 55 46 43 46 55 67 81 97 112 129 67 60 57 60 67 77 90 104 118 134 80 73 71 73 79 88 99 112 126 140 93 87 85 87 92 99 109 121 134 148 106 101 99 101 105 112 121 131 143 156
8 72 13 78 17 35 60 38 17 36 42 74 61 58 69 54 8 84 1 16 26 73 18 78 53 20 57 38 50 38 42 78 70 56 69 8 26 88 25 55 60 45 34 29 33 45 59 75 91 108 54 38 23 15 23 38 54 71 88 105 52 35 18 0 18 35 52 70 87 104 54 38 23 15 23 38 54 71 88 105 60 45 34 29 33 45 59 75 91 108 68 55 46 43 46 55 67 81 97 112 77 67 60 57 59 66 77 89 103 118 88 79 73 71 73 79 88 99 112 125 100 92 87 85 87 91 99 109 121 134 112 105 101 99 100 105 111 120 131 143
25 60 26 63 31 18 49 27 34 38 40 57 46 43 55 41 26 69 18 16 37 58 35 61 46 8 48 26 49 37 45 62 55 42 56 11 13 73 24 48 75 60 45 33 29 33 45 59 75 91 71 54 38 23 15 23 38 54 71 88 70 52 35 18 0 18 35 52 70 87 71 54 38 23 15 23 38 54 71 88 75 60 45 33 29 33 45 59 75 91 82 67 55 46 43 46 55 67 81 96 90 77 67 59 57 59 66 77 89 103 99 88 79 73 71 73 78 87 99 111 110 100 92 87 85 86 91 99 109 120 121 112 105 100 99 100 104 111 120 130
42 50 42 49 46 7 43 25 51 47 46 42 34 30 43 33 43 57 35 29 52 46 52 45 44 19 46 22 53 44 54 47 43 33 45 28 17 60 33 48 91 75 60 45 33 28 33 45 59 75 88 71 54 38 23 14 23 38 54 71 87 70 52 35 18 0 18 35 52 70 88 71 54 38 23 14 23 38 54 71 91 75 60 45 33 28 33 45 59 75 97 82 67 55 46 42 46 55 67 81 104 90 77 66 59 56 59 66 76 89 112 99 88 79 73 70 72 78 87 98 122 110 99 91 86 84 86 91 98 108 132 121 112 105 100 98 99 104 110 119
59 45 59 38 63 19 44 34 68 59 56 28 28 24 37 33 60 47 52 46 68 37 70 29 49 35 50 30 63 56 66 35 36 30 40 45 32 49 47 53 108 91 75 59 45 33 28 33 45 59 105 88 71 54 38 23 14 23 38 54 104 87 70 52 35 18 0 18 35 52 105 88 71 54 38 23 14 23 38 54 108 91 75 59 45 33 28 33 45 59 113 97 81 67 55 46 42 46 54 67 119 104 90 77 66 59 56 59 66 76 126 112 99 88 78 72 70 72 78 87 134 121 109 99 91 86 84 85 90 98 144 131 121 111 104 99 98 99 103 110
77 46 76 34 80 36 51 48 85 74 70 21 31 29 38 41 77 43 70 62 85 36 87 18 59 52 58 44 75 70 81 29 36 37 42 63 48 42 63 63 125 108 91 75 59 45 33 28 33 45 122 105 88 71 54 38 23 14 23 38 122 104 87 70 52 35 18 0 18 35 122 105 88 71 54 38 23 14 23 38 125 108 91 75 59 45 33 28 33 45 129 112 97 81 67 55 46 42 45 54 134 118 104 89 77 66 59 56 58 65 140 126 112 99 87 78 72 70 72 77 148 134 121 109 99 91 85 83 85 90 156 143 131 120 111 104 99 97 99 103
94 53 93 37 97 53 62 63 102 89 84 26 43 41 46 54 95 45 87 79 101 42 104 20 72 70 71 59 89 86 96 32 44 50 50 80 65 43 79 76 142 125 108 91 75 59 45 33 28 33 140 122 105 88 71 54 38 23 14 23 139 122 104 87 70 52 35 18 0 18 140 122 105 88 71 54 38 23 14 23 142 125 108 91 75 59 45 33 28 33 145 129 112 97 81 67 54 45 42 45 150 134 118 103 89 76 66 58 55 58 156 140 126 112 99 87 78 72 69 71 162 148 134 121 109 98 90 85 83 85 170 156 143 131 120 110 103 99 97 98
111 64 110 47 114 70 76 79 119 105 100 39 57 57 58 69 112 54 104 97 118 54 121 33 87 87 84 76 104 101 111 43 56 64 63 97 82 49 96 90 159 142 125 108 91 75 59 45 33 28 157 140 122 105 88 71 54 38 23 14 156 139 122 104 87 70 52 35 18 0 157 140 122 105 88 71 54 38 23 14 159 142 125 108 91 75 59 45 33 28 162 145 129 112 96 81 67 54 45 42 166 150 134 118 103 89 76 65 58 55 171 155 140 125 111 98 87 77 71 69 177 162 148 134 120 108 98 90 85 83 184 170 156 143 130 119 110 103 98 96
48 113 47 124 43 89 98 82 38 61 69 123 107 106 113 97 47 127 54 61 41 118 37 128 87 74 91 84 73 66 60 125 114 101 111 61 75 132 64 86 43 47 55 68 82 97 113 129 145 162 29 34 45 60 75 91 108 125 142 159 15 23 38 54 71 88 105 122 140 157 0 18 35 52 70 87 104 122 139 156 15 23 38 54 71 88 105 122 140 157 29 34 45 60 75 91 108 125 142 159 43 47 55 68 82 97 113 129 145 162 58 60 67 77 90 104 119 134 150 166 72 74 80 88 99 112 126 140 156 171 86 88 93 100 110 122 134 148 162 177
32 97 30 107 26 72 82 64 21 46 54 106 90 88 96 80 31 110 38 44 25 101 21 111 71 57 75 67 58 50 46 108 97 84 94 44 58 115 47 70 47 43 46 55 67 82 97 112 129 145 34 29 34 45 60 75 91 108 125 142 23 15 23 38 54 71 88 105 122 140 18 0 18 35 52 70 87 104 122 139 23 15 23 38 54 71 88 105 122 140 34 29 34 45 60 75 91 108 125 142 47 43 46 55 67 82 97 112 129 145 60 57 60 67 77 90 104 118 134 150 74 72 73 79 88 99 112 126 140 155 88 86 87 92 100 110 121 134 148 162
18 81 13 90 9 56 66 47 7 32 39 89 73 71 79 63 18 94 22 26 10 84 11 93 56 42 60 50 46 35 34 91 80 67 78 27 41 99 30 56 55 46 43 46 55 67 81 97 112 129 45 34 29 34 45 60 75 91 108 125 38 23 15 23 38 54 71 88 105 122 35 18 0 18 35 52 70 87 104 122 38 23 15 23 38 54 71 88 105 122 45 34 29 34 45 60 75 91 108 125 55 46 43 46 55 67 81 97 112 129 67 60 57 60 67 77 90 104 118 134 80 73 71 73 79 88 99 112 126 140 93 87 85 87 92 99 109 121 134 148
17 65 7 74 10 40 51 31 17 23 28 71 56 54 63 47 17 77 14 9 15 67 21 76 42 29 46 33 37 24 28 74 64 50 62 13 23 82 14 43 68 55 46 43 46 55 67 81 97 112 60 45 34 29 33 45 59 75 91 108 54 38 23 15 23 38 54 71 88 105 52 35 18 0 18 35 52 70 87 104 54 38 23 15 23 38 54 71 88 105 60 45 34 29 33 45 59 75 91 108 68 55 46 43 46 55 67 81 97 112 77 67 60 57 59 66 77 89 103 118 88 79 73 71 73 79 88 99 112 125 100 92 87 85 87 91 99 109 121 134
29 50 24 57 27 27 38 16 33 25 26 54 40 37 47 31 29 62 22 9 31 51 36 59 32 22 35 16 35 24 33 57 48 34 47 15 7 66 11 35 82 67 55 46 43 46 55 67 81 96 75 60 45 33 29 33 45 59 75 91 71 54 38 23 15 23 38 54 71 88 70 52 35 18 0 18 35 52 70 87 71 54 38 23 15 23 38 54 71 88 75 60 45 33 29 33 45 59 75 91 82 67 55 46 43 46 55 67 81 96 90 77 67 59 57 59 66 77 89 103 99 88 79 73 71 73 78 87 99 111 110 100 92 87 85 86 91 99 109 120
45 38 41 41 44 20 29 12 50 37 34 37 24 21 33 20 45 47 37 27 48 36 53 41 30 28 32 8 41 34 44 40 33 20 34 30 13 51 26 34 97 82 67 55 46 42 46 55 67 81 91 75 60 45 33 28 33 45 59 75 88 71 54 38 23 14 23 38 54 71 87 70 52 35 18 0 18 35 52 70 88 71 54 38 23 14 23 38 54 71 91 75 60 45 33 28 33 45 59 75 97 82 67 55 46 42 46 55 67 81 104 90 77 66 59 56 59 66 76 89 112 99 88 79 73 70 72 78 87 98 122 110 99 91 86 84 86 91 98 108
61 31 58 27 62 27 30 26 68 52 47 20 14 10 23 20 62 35 54 44 65 25 70 24 38 41 37 22 53 48 59 25 22 17 26 46 30 37 42 41 113 97 81 67 55 46 42 46 54 67 108 91 75 59 45 33 28 33 45 59 105 88 71 54 38 23 14 23 38 54 104 87 70 52 35 18 0 18 35 52 105 88 71 54 38 23 14 23 38 54 108 91 75 59 45 33 28 33 45 59 113 97 81 67 55 46 42 46 54 67 119 104 90 77 66 59 56 59 66 76 126 112 99 88 78 72 70 72 78 87 134 121 109 99 91 86 84 85 90 98
78 33 75 20 79 41 40 42 85 68 63 7 20 19 25 32 79 29 71 61 82 22 87 7 50 56 48 39 67 64 74 15 23 28 29 63 47 29 60 54 129 112 97 81 67 55 46 42 45 54 125 108 91 75 59 45 33 28 33 45 122 105 88 71 54 38 23 14 23 38 122 104 87 70 52 35 18 0 18 35 122 105 88 71 54 38 23 14 23 38 125 108 91 75 59 45 33 28 33 45 129 112 97 81 67 55 46 42 45 54 134 118 104 89 77 66 59 56 58 65 140 126 112 99 87 78 72 70 72 77 148 134 121 109 99 91 85 83 85 90
95 42 93 25 96 56 54 59 102 85 79 18 35 36 36 48 96 33 88 78 99 32 105 12 65 73 63 56 82 81 91 21 34 43 41 81 64 29 77 68 145 129 112 97 81 67 54 45 42 45 142 125 108 91 75 59 45 33 28 33 140 122 105 88 71 54 38 23 14 23 139 122 104 87 70 52 35 18 0 18 140 122 105 88 71 54 38 23 14 23 142 125 108 91 75 59 45 33 28 33 145 129 112 97 81 67 54 45 42 45 150 134 118 103 89 76 66 58 55 58 156 140 126 112 99 87 78 72 69 71 162 148 134 121 109 98 90 85 83 85
112 56 110 39 114 73 69 76 119 102 95 34 52 52 51 64 113 44 105 96 117 46 122 29 81 89 78 73 98 97 107 35 49 59 55 98 82 39 94 84 162 145 129 112 96 81 67 54 45 42 159 142 125 108 91 75 59 45 33 28 157 140 122 105 88 71 54 38 23 14 156 139 122 104 87 70 52 35 18 0 157 140 122 105 88 71 54 38 23 14 159 142 125 108 91 75 59 45 33 28 162 145 129 112 96 81 67 54 45 42 166 150 134 118 103 89 76 65 58 55 171 155 140 125 111 98 87 77 71 69 177 162 148 134 120 108 98 90 85 83
54 111 50 123 46 93 95 81 43 58 66 123 107 105 111 95 53 124 59 63 41 116 43 128 83 79 87 84 68 62 55 124 112 99 109 65 77 130 63 82 58 60 67 77 90 104 119 134 150 166 43 47 55 68 82 97 113 129 145 162 29 34 45 60 75 91 108 125 142 159 15 23 38 54 71 88 105 122 140 157 0 18 35 52 70 87 104 122 139 156 15 23 38 54 71 88 105 122 140 157 29 34 45 60 75 91 108 125 142 159 43 47 55 68 82 97 113 129 145 162 58 60 67 77 90 104 119 134 150 166 72 74 80 88 99 112 126 140 156 171
40 93 34 106 30 77 78 64 29 41 49 106 89 88 94 78 40 107 45 46 24 99 31 111 66 64 70 67 51 45 38 107 95 82 91 49 60 113 46 65 60 57 60 67 77 90 104 118 134 150 47 43 46 55 67 82 97 112 129 145 34 29 34 45 60 75 91 108 125 142 23 15 23 38 54 71 88 105 122 140 18 0 18 35 52 70 87 104 122 139 23 15 23 38 54 71 88 105 122 140 34 29 34 45 60 75 91 108 125 142 47 43 46 55 67 82 97 112 129 145 60 57 60 67 77 90 104 118 134 150 74 72 73 79 88 99 112 126 140 155
31 76 21 88 17 62 61 46 21 24 32 89 72 71 77 61 31 90 33 31 8 81 25 94 50 51 54 50 36 28 23 90 78 65 74 35 44 96 29 49 67 60 57 60 67 77 90 104 118 134 55 46 43 46 55 67 81 97 112 129 45 34 29 34 45 60 75 91 108 125 38 23 15 23 38 54 71 88 105 122 35 18 0 18 35 52 70 87 104 122 38 23 15 23 38 54 71 88 105 122 45 34 29 34 45 60 75 91 108 125 55 46 43 46 55 67 81 97 112 129 67 60 57 60 67 77 90 104 118 134 80 73 71 73 79 88 99 112 126 140
30 60 19 71 17 49 44 29 26 9 17 71 55 53 59 43 30 73 28 18 14 64 31 77 34 41 38 33 24 13 14 72 61 48 57 26 29 79 13 33 77 67 60 57 59 66 77 89 103 118 68 55 46 43 46 55 67 81 97 112 60 45 34 29 33 45 59 75 91 108 54 38 23 15 23 38 54 71 88 105 52 35 18 0 18 35 52 70 87 104 54 38 23 15 23 38 54 71 88 105 60 45 34 29 33 45 59 75 91 108 68 55 46 43 46 55 67 81 97 112 77 67 60 57 59 66 77 89 103 118 88 79 73 71 73 79 88 99 112 125
38 43 29 54 30 38 28 12 39 15 13 54 37 36 42 26 38 56 33 18 30 47 43 60 20 36 24 16 21 12 22 55 44 30 40 27 18 62 9 22 90 77 67 59 57 59 66 77 89 103 82 67 55 46 43 46 55 67 81 96 75 60 45 33 29 33 45 59 75 91 71 54 38 23 15 23 38 54 71 88 70 52 35 18 0 18 35 52 70 87 71 54 38 23 15 23 38 54 71 88 75 60 45 33 29 33 45 59 75 91 82 67 55 46 43 46 55 67 81 96 90 77 67 59 57 59 66 77 89 103 99 88 79 73 71 73 78 87 99 111
51 28 44 37 46 34 16 8 54 31 26 37 20 19 26 9 52 40 44 31 48 30 58 43 17 40 18 8 30 27 37 38 27 13 24 37 21 45 25 21 104 90 77 66 59 56 59 66 76 89 97 82 67 55 46 42 46 55 67 81 91 75 60 45 33 28 33 45 59 75 88 71 54 38 23 14 23 38 54 71 87 70 52 35 18 0 18 35 52 70 88 71 54 38 23 14 23 38 54 71 91 75 60 45 33 28 33 45 59 75 97 82 67 55 46 42 46 55 67 81 104 90 77 66 59 56 59 66 76 89 112 99 88 79 73 70 72 78 87 98
66 17 61 20 63 39 18 24 70 48 42 21 3 5 11 10 67 25 59 46 65 14 74 27 28 50 26 22 45 44 53 20 11 6 13 52 34 29 42 31 119 104 90 77 66 59 56 59 66 76 113 97 81 67 55 46 42 46 54 67 108 91 75 59 45 33 28 33 45 59 105 88 71 54 38 23 14 23 38 54 104 87 70 52 35 18 0 18 35 52 105 88 71 54 38 23 14 23 38 54 108 91 75 59 45 33 28 33 45 59 113 97 81 67 55 46 42 46 54 67 119 104 90 77 66 59 56 59 66 76 126 112 99 88 78 72 70 72 78 87
82 21 77 6 80 49 32 41 87 65 59 8 16 18 14 27 83 15 75 63 82 10 90 13 43 63 41 39 61 61 70 3 12 23 18 67 50 16 59 47 134 118 104 89 77 66 59 56 58 65 129 112 97 81 67 55 46 42 45 54 125 108 91 75 59 45 33 28 33 45 122 105 88 71 54 38 23 14 23 38 122 104 87 70 52 35 18 0 18 35 122 105 88 71 54 38 23 14 23 38 125 108 91 75 59 45 33 28 33 45 129 112 97 81 67 55 46 42 45 54 134 118 104 89 77 66 59 56 58 65 140 126 112 99 87 78 72 70 72 77
98 34 94 17 97 63 48 59 104 82 76 18 33 35 30 44 99 22 91 80 99 25 107 16 60 78 57 56 77 78 87 15 28 40 34 84 66 17 77 63 150 134 118 103 89 76 66 58 55 58 145 129 112 97 81 67 54 45 42 45 142 125 108 91 75 59 45 33 28 33 140 122 105 88 71 54 38 23 14 23 139 122 104 87 70 52 35 18 0 18 140 122 105 88 71 54 38 23 14 23 142 125 108 91 75 59 45 33 28 33 145 129 112 97 81 67 54 45 42 45 150 134 118 103 89 76 66 58 55 58 156 140 126 112 99 87 78 72 69 71
115 50 111 34 114 78 65 76 121 100 93 35 50 52 47 62 116 36 108 97 116 42 124 31 77 94 74 73 94 95 104 32 45 57 50 100 83 31 94 79 166 150 134 118 103 89 76 65 58 55 162 145 129 112 96 81 67 54 45 42 159 142 125 108 91 75 59 45 33 28 157 140 122 105 88 71 54 38 23 14 156 139 122 104 87 70 52 35 18 0 157 140 122 105 88 71 54 38 23 14 159 142 125 108 91 75 59 45 33 28 162 145 129 112 96 81 67 54 45 42 166 150 134 118 103 89 76 65 58 55 171 155 140 125 111 98 87 77 71 69
63 109 56 123 52 99 94 83 51 58 65 125 108 107 111 96 62 124 67 68 45 116 53 130 82 87 85 86 65 62 53 125 112 100 108 71 81 129 66 80 72 74 80 88 99 112 126 140 156 171 58 60 67 77 90 104 119 134 150 166 43 47 55 68 82 97 113 129 145 162 29 34 45 60 75 91 108 125 142 159 15 23 38 54 71 88 105 122 140 157 0 18 35 52 70 87 104 122 139 156 15 23 38 54 71 88 105 122 140 157 29 34 45 60 75 91 108 125 142 159 43 47 55 68 82 97 113 129 145 162 58 60 67 77 90 104 119 134 150 166
51 92 43 106 39 85 76 66 40 41 47 108 90 90 94 79 51 106 55 53 31 99 43 113 64 73 68 70 48 45 36 108 95 83 91 58 66 112 50 62 74 72 73 79 88 99 112 126 140 155 60 57 60 67 77 90 104 118 134 150 47 43 46 55 67 82 97 112 129 145 34 29 34 45 60 75 91 108 125 142 23 15 23 38 54 71 88 105 122 140 18 0 18 35 52 70 87 104 122 139 23 15 23 38 54 71 88 105 122 140 34 29 34 45 60 75 91 108 125 142 47 43 46 55 67 82 97 112 129 145 60 57 60 67 77 90 104 118 134 150
44 75 34 89 30 71 59 50 35 24 30 91 73 73 76 61 44 89 45 40 21 81 40 97 47 62 51 54 31 28 19 91 78 66 73 46 51 95 35 45 80 73 71 73 79 88 99 112 126 140 67 60 57 60 67 77 90 104 118 134 55 46 43 46 55 67 81 97 112 129 45 34 29 34 45 60 75 91 108 125 38 23 15 23 38 54 71 88 105 122 35 18 0 18 35 52 70 87 104 122 38 23 15 23 38 54 71 88 105 122 45 34 29 34 45 60 75 91 108 125 55 46 43 46 55 67 81 97 112 129 67 60 57 60 67 77 90 104 118 134
44 58 32 71 30 60 42 34 38 9 13 74 57 56 59 44 44 72 42 31 24 64 43 80 30 54 33 38 14 12 1 74 61 49 56 40 39 77 23 28 88 79 73 71 73 79 88 99 112 125 77 67 60 57 59 66 77 89 103 118 68 55 46 43 46 55 67 81 97 112 60 45 34 29 33 45 59 75 91 108 54 38 23 15 23 38 54 71 88 105 52 35 18 0 18 35 52 70 87 104 54 38 23 15 23 38 54 71 88 105 60 45 34 29 33 45 59 75 91 108 68 55 46 43 46 55 67 81 97 112 77 67 60 57 59 66 77 89 103 118
50 40 39 54 39 51 25 22 48 14 6 58 40 40 42 28 50 54 45 31 36 47 52 64 13 50 16 26 8 11 17 57 44 33 39 41 31 60 21 11 99 88 79 73 71 73 78 87 99 111 90 77 67 59 57 59 66 77 89 103 82 67 55 46 43 46 55 67 81 96 75 60 45 33 29 33 45 59 75 91 71 54 38 23 15 23 38 54 71 88 70 52 35 18 0 18 35 52 70 87 71 54 38 23 15 23 38 54 71 88 75 60 45 33 29 33 45 59 75 91 82 67 55 46 43 46 55 67 81 96 90 77 67 59 57 59 66 77 89 103
60 23 51 37 52 48 7 19 61 31 23 42 25 26 25 14 60 37 54 40 51 30 65 49 6 53 4 22 24 27 34 40 27 18 22 48 33 43 32 9 112 99 88 79 73 70 72 78 87 98 104 90 77 66 59 56 59 66 76 89 97 82 67 55 46 42 46 55 67 81 91 75 60 45 33 28 33 45 59 75 88 71 54 38 23 14 23 38 54 71 87 70 52 35 18 0 18 35 52 70 88 71 54 38 23 14 23 38 54 71 91 75 60 45 33 28 33 45 59 75 97 82 67 55 46 42 46 55 67 81 104 90 77 66 59 56 59 66 76 89
73 6 66 21 68 51 11 30 76 48 40 29 15 19 9 14 74 20 67 53 67 14 80 35 23 61 20 30 41 44 52 25 11 14 5 60 43 25 46 26 126 112 99 88 78 72 70 72 78 87 119 104 90 77 66 59 56 59 66 76 113 97 81 67 55 46 42 46 54 67 108 91 75 59 45 33 28 33 45 59 105 88 71 54 38 23 14 23 38 54 104 87 70 52 35 18 0 18 35 52 105 88 71 54 38 23 14 23 38 54 108 91 75 59 45 33 28 33 45 59 113 97 81 67 55 46 42 46 54 67 119 104 90 77 66 59 56 59 66 76
88 13 82 9 84 60 28 45 91 65 58 22 22 25 13 29 88 3 81 68 84 9 95 26 41 72 37 44 58 61 69 14 12 26 14 73 56 8 62 43 140 126 112 99 87 78 72 70 72 77 134 118 104 89 77 66 59 56 58 65 129 112 97 81 67 55 46 42 45 54 125 108 91 75 59 45 33 28 33 45 122 105 88 71 54 38 23 14 23 38 122 104 87 70 52 35 18 0 18 35 122 105 88 71 54 38 23 14 23 38 125 108 91 75 59 45 33 28 33 45 129 112 97 81 67 55 46 42 45 54 134 118 104 89 77 66 59 56 58 65
103 30 98 19 100 71 46 61 107 82 75 27 36 39 29 45 104 16 96 84 101 25 111 28 58 85 54 59 75 78 86 20 28 42 32 89 71 10 79 60 156 140 126 112 99 87 78 72 69 71 150 134 118 103 89 76 66 58 55 58 145 129 112 97 81 67 54 45 42 45 142 125 108 91 75 59 45 33 28 33 140 122 105 88 71 54 38 23 14 23 139 122 104 87 70 52 35 18 0 18 140 122 105 88 71 54 38 23 14 23 142 125 108 91 75 59 45 33 28 33 145 129 112 97 81 67 54 45 42 45 150 134 118 103 89 76 66 58 55 58
119 47 114 35 117 85 63 78 124 99 92 40 52 55 46 62 120 33 112 100 118 41 127 38 75 100 72 76 92 95 104 35 45 59 49 104 87 27 96 77 171 155 140 125 111 98 87 77 71 69 166 150 134 118 103 89 76 65 58 55 162 145 129 112 96 81 67 54 45 42 159 142 125 108 91 75 59 45 33 28 157 140 122 105 88 71 54 38 23 14 156 139 122 104 87 70 52 35 18 0 157 140 122 105 88 71 54 38 23 14 159 142 125 108 91 75 59 45 33 28 162 145 129 112 96 81 67 54 45 42 166 150 134 118 103 89 76 65 58 55
73 110 66 125 61 107 95 87 62 61 67 128 110 110 113 98 73 124 77 75 53 118 64 134 83 96 86 91 65 65 55 127 114 103 109 80 88 130 72 80 86 88 93 100 110 122 134 148 162 177 72 74 80 88 99 112 126 140 156 171 58 60 67 77 90 104 119 134 150 166 43 47 55 68 82 97 113 129 145 162 29 34 45 60 75 91 108 125 142 159 15 23 38 54 71 88 105 122 140 157 0 18 35 52 70 87 104 122 139 156 15 23 38 54 71 88 105 122 140 157 29 34 45 60 75 91 108 125 142 159 43 47 55 68 82 97 113 129 145 162
64 93 55 108 50 93 78 71 53 45 50 111 94 94 96 82 64 107 66 62 41 101 57 117 66 84 69 75 48 49 39 111 97 86 92 68 73 113 57 63 88 86 87 92 100 110 121 134 148 162 74 72 73 79 88 99 112 126 140 155 60 57 60 67 77 90 104 118 134 150 47 43 46 55 67 82 97 112 129 145 34 29 34 45 60 75 91 108 125 142 23 15 23 38 54 71 88 105 122 140 18 0 18 35 52 70 87 104 122 139 23 15 23 38 54 71 88 105 122 140 34 29 34 45 60 75 91 108 125 142 47 43 46 55 67 82 97 112 129 145
58 76 47 91 44 81 61 56 49 31 35 95 78 78 79 65 58 90 59 51 35 84 54 101 49 74 52 61 31 34 24 94 80 70 75 59 61 96 45 46 93 87 85 87 92 99 109 121 134 148 80 73 71 73 79 88 99 112 126 140 67 60 57 60 67 77 90 104 118 134 55 46 43 46 55 67 81 97 112 129 45 34 29 34 45 60 75 91 108 125 38 23 15 23 38 54 71 88 105 122 35 18 0 18 35 52 70 87 104 122 38 23 15 23 38 54 71 88 105 122 45 34 29 34 45 60 75 91 108 125 55 46 43 46 55 67 81 97 112 129
58 59 46 74 44 71 44 43 51 22 21 79 62 62 62 50 58 73 56 45 37 67 56 86 32 67 35 48 15 23 15 77 64 54 58 54 51 79 36 29 100 92 87 85 87 91 99 109 121 134 88 79 73 71 73 79 88 99 112 125 77 67 60 57 59 66 77 89 103 118 68 55 46 43 46 55 67 81 97 112 60 45 34 29 33 45 59 75 91 108 54 38 23 15 23 38 54 71 88 105 52 35 18 0 18 35 52 70 87 104 54 38 23 15 23 38 54 71 88 105 60 45 34 29 33 45 59 75 91 108 68 55 46 43 46 55 67 81 97 112
62 42 51 58 50 65 28 34 59 25 18 64 47 49 46 36 62 56 58 45 45 51 64 71 18 64 19 38 10 22 22 62 48 40 42 54 45 62 35 14 110 100 92 87 85 86 91 99 109 120 99 88 79 73 71 73 78 87 99 111 90 77 67 59 57 59 66 77 89 103 82 67 55 46 43 46 55 67 81 96 75 60 45 33 29 33 45 59 75 91 71 54 38 23 15 23 38 54 71 88 70 52 35 18 0 18 35 52 70 87 71 54 38 23 15 23 38 54 71 88 75 60 45 33 29 33 45 59 75 91 82 67 55 46 43 46 55 67 81 96
71 26 61 43 61 62 16 33 70 37 29 51 35 38 31 26 71 39 66 51 58 36 74 57 14 66 11 36 24 33 37 47 33 29 27 60 46 45 42 12 122 110 99 91 86 84 86 91 98 108 112 99 88 79 73 70 72 78 87 98 104 90 77 66 59 56 59 66 76 89 97 82 67 55 46 42 46 55 67 81 91 75 60 45 33 28 33 45 59 75 88 71 54 38 23 14 23 38 54 71 87 70 52 35 18 0 18 35 52 70 88 71 54 38 23 14 23 38 54 71 91 75 60 45 33 28 33 45 59 75 97 82 67 55 46 42 46 55 67 81
82 13 74 30 75 65 18 40 83 52 44 40 29 33 21 26 83 24 76 62 73 24 87 46 26 73 22 41 41 48 54 34 23 27 17 69 53 29 54 27 134 121 109 99 91 86 84 85 90 98 126 112 99 88 78 72 70 72 78 87 119 104 90 77 66 59 56 59 66 76 113 97 81 67 55 46 42 46 54 67 108 91 75 59 45 33 28 33 45 59 105 88 71 54 38 23 14 23 38 54 104 87 70 52 35 18 0 18 35 52 105 88 71 54 38 23 14 23 38 54 108 91 75 59 45 33 28 33 45 59 113 97 81 67 55 46 42 46 54 67
95 17 88 23 89 71 32 52 97 68 60 36 33 37 23 36 96 14 89 75 88 22 101 40 42 82 38 52 58 64 70 28 24 35 22 82 65 17 68 44 148 134 121 109 99 91 85 83 85 90 140 126 112 99 87 78 72 70 72 77 134 118 104 89 77 66 59 56 58 65 129 112 97 81 67 55 46 42 45 54 125 108 91 75 59 45 33 28 33 45 122 105 88 71 54 38 23 14 23 38 122 104 87 70 52 35 18 0 18 35 122 105 88 71 54 38 23 14 23 38 125 108 91 75 59 45 33 28 33 45 129 112 97 81 67 55 46 42 45 54
110 32 103 28 105 81 48 67 113 85 77 39 44 47 35 50 110 21 103 89 105 31 117 41 59 94 55 66 75 80 87 31 34 48 35 96 78 18 83 61 162 148 134 121 109 98 90 85 83 85 156 140 126 112 99 87 78 72 69 71 150 134 118 103 89 76 66 58 55 58 145 129 112 97 81 67 54 45 42 45 142 125 108 91 75 59 45 33 28 33 140 122 105 88 71 54 38 23 14 23 139 122 104 87 70 52 35 18 0 18 140 122 105 88 71 54 38 23 14 23 142 125 108 91 75 59 45 33 28 33 145 129 112 97 81 67 54 45 42 45
125 49 119 41 121 93 64 82 129 101 94 49 58 61 50 66 125 36 118 105 121 46 132 48 76 107 72 81 93 97 105 42 49 63 51 110 93 31 99 78 177 162 148 134 120 108 98 90 85 83 171 155 140 125 111 98 87 77 71 69 166 150 134 118 103 89 76 65 58 55 162 145 129 112 96 81 67 54 45 42 159 142 125 108 91 75 59 45 33 28 157 140 122 105 88 71 54 38 23 14 156 139 122 104 87 70 52 35 18 0 157 140 122 105 88 71 54 38 23 14 159 142 125 108 91 75 59 45 33 28 162 145 129 112 96 81 67 54 45 42
85 112 76 128 72 116 98 93 74 67 72 133 115 115 116 103 84 127 88 84 63 121 77 139 86 106 89 97 68 71 61 131 118 107 112 90 96 132 80 83 100 102 106 112 121 132 144 156 170 184 86 88 93 100 110 122 134 148 162 177 72 74 80 88 99 112 126 140 156 171 58 60 67 77 90 104 119 134 150 166 43 47 55 68 82 97 113 129 145 162 29 34 45 60 75 91 108 125 142 159 15 23 38 54 71 88 105 122 140 157 0 18 35 52 70 87 104 122 139 156 15 23 38 54 71 88 105 122 140 157 29 34 45 60 75 91 108 125 142 159
77 96 67 112 63 103 81 79 67 53 57 117 99 100 100 87 77 110 78 73 54 104 70 123 70 95 72 83 52 56 46 115 101 92 96 80 83 116 67 67 102 100 101 105 112 121 131 143 156 170 88 86 87 92 100 110 121 134 148 162 74 72 73 79 88 99 112 126 140 155 60 57 60 67 77 90 104 118 134 150 47 43 46 55 67 82 97 112 129 145 34 29 34 45 60 75 91 108 125 142 23 15 23 38 54 71 88 105 122 140 18 0 18 35 52 70 87 104 122 139 23 15 23 38 54 71 88 105 122 140 34 29 34 45 60 75 91 108 125 142
72 79 61 96 58 93 65 66 63 42 43 101 84 85 83 72 72 93 72 64 49 88 68 107 54 86 56 70 37 44 34 99 85 76 79 72 72 99 56 51 106 101 99 101 105 112 121 131 143 156 93 87 85 87 92 99 109 121 134 148 80 73 71 73 79 88 99 112 126 140 67 60 57 60 67 77 90 104 118 134 55 46 43 46 55 67 81 97 112 129 45 34 29 34 45 60 75 91 108 125 38 23 15 23 38 54 71 88 105 122 35 18 0 18 35 52 70 87 104 122 38 23 15 23 38 54 71 88 105 122 45 34 29 34 45 60 75 91 108 125
72 63 60 80 58 84 50 55 65 36 34 87 69 71 68 58 72 77 70 59 50 73 70 93 40 81 42 59 26 36 29 83 70 62 64 68 63 82 50 36 112 105 101 99 100 105 111 120 131 143 100 92 87 85 87 91 99 109 121 134 88 79 73 71 73 79 88 99 112 125 77 67 60 57 59 66 77 89 103 118 68 55 46 43 46 55 67 81 97 112 60 45 34 29 33 45 59 75 91 108 54 38 23 15 23 38 54 71 88 105 52 35 18 0 18 35 52 70 87 104 54 38 23 15 23 38 54 71 88 105 60 45 34 29 33 45 59 75 91 108
75 48 64 65 63 78 37 48 71 37 32 73 57 59 54 46 76 61 72 59 57 58 76 79 30 78 30 51 23 36 33 69 56 50 49 68 59 66 49 26 121 112 105 100 99 100 104 111 120 130 110 100 92 87 85 86 91 99 109 120 99 88 79 73 71 73 78 87 99 111 90 77 67 59 57 59 66 77 89 103 82 67 55 46 43 46 55 67 81 96 75 60 45 33 29 33 45 59 75 91 71 54 38 23 15 23 38 54 71 88 70 52 35 18 0 18 35 52 70 87 71 54 38 23 15 23 38 54 71 88 75 60 45 33 29 33 45 59 75 91
82 35 72 51 72 76 29 47 80 46 39 61 47 50 42 40 83 46 78 63 67 45 85 67 27 80 25 50 32 43 45 56 44 42 37 73 60 51 54 25 132 121 112 105 100 98 99 104 110 119 122 110 99 91 86 84 86 91 98 108 112 99 88 79 73 70 72 78 87 98 104 90 77 66 59 56 59 66 76 89 97 82 67 55 46 42 46 55 67 81 91 75 60 45 33 28 33 45 59 75 88 71 54 38 23 14 23 38 54 71 87 70 52 35 18 0 18 35 52 70 88 71 54 38 23 14 23 38 54 71 91 75 60 45 33 28 33 45 59 75
92 27 83 41 83 78 30 52 92 59 51 53 43 47 35 40 93 34 87 72 80 37 96 58 35 85 32 53 46 55 59 46 36 41 31 81 66 38 63 35 144 131 121 111 104 99 98 99 103 110 134 121 109 99 91 86 84 85 90 98 126 112 99 88 78 72 70 72 78 87 119 104 90 77 66 59 56 59 66 76 113 97 81 67 55 46 42 46 54 67 108 91 75 59 45 33 28 33 45 59 105 88 71 54 38 23 14 23 38 54 104 87 70 52 35 18 0 18 35 52 105 88 71 54 38 23 14 23 38 54 108 91 75 59 45 33 28 33 45 59
104 29 96 37 97 84 40 62 105 73 65 50 45 49 36 47 105 27 98 84 95 35 109 54 48 93 44 62 62 69 75 42 37 46 33 91 75 30 76 49 156 143 131 120 111 104 99 97 99 103 148 134 121 109 99 91 85 83 85 90 140 126 112 99 87 78 72 70 72 77 134 118 104 89 77 66 59 56 58 65 129 112 97 81 67 55 46 42 45 54 125 108 91 75 59 45 33 28 33 45 122 105 88 71 54 38 23 14 23 38 122 104 87 70 52 35 18 0 18 35 122 105 88 71 54 38 23 14 23 38 125 108 91 75 59 45 33 28 33 45
117 40 110 40 111 92 53 74 119 89 81 52 54 58 44 58 118 31 111 97 110 42 123 54 64 104 59 74 78 85 91 44 44 57 44 104 87 30 90 64 170 156 143 131 120 110 103 99 97 98 162 148 134 121 109 98 90 85 83 85 156 140 126 112 99 87 78 72 69 71 150 134 118 103 89 76 66 58 55 58 145 129 112 97 81 67 54 45 42 45 142 125 108 91 75 59 45 33 28 33 140 122 105 88 71 54 38 23 14 23 139 122 104 87 70 52 35 18 0 18 140 122 105 88 71 54 38 23 14 23 142 125 108 91 75 59 45 33 28 33
132 54 125 49 126 103 69 88 134 105 97 60 66 69 57 72 132 43 125 111 126 53 138 60 80 116 76 88 95 101 107 52 57 70 57 118 100 39 105 81 184 170 156 143 130 119 110 103 98 96 177 162 148 134 120 108 98 90 85 83 171 155 140 125 111 98 87 77 71 69 166 150 134 118 103 89 76 65 58 55 162 145 129 112 96 81 67 54 45 42 159 142 125 108 91 75 59 45 33 28 157 140 122 105 88 71 54 38 23 14 156 139 122 104 87 70 52 35 18 0 157 140 122 105 88 71 54 38 23 14 159 142 125 108 91 75 59 45 33 28
97 117 88 133 83 126 103 101 86 76 79 139 121 122 121 109 97 130 99 95 75 126 89 145 91 117 94 105 74 79 68 136 123 113 117 101 105 136 89 88 115 116 119 125 133 143 154 166 179 192 100 102 106 112 121 132 144 156 170 184 86 88 93 100 110 122 134 148 162 177 72 74 80 88 99 112 126 140 156 171 58 60 67 77 90 104 119 134 150 166 43 47 55 68 82 97 113 129 145 162 29 34 45 60 75 91 108 125 142 159 15 23 38 54 71 88 105 122 140 157 0 18 35 52 70 87 104 122 139 156 15 23 38 54 71 88 105 122 140 157
90 100 80 117 76 114 87 88 80 64 66 123 106 107 105 94 90 114 91 84 67 110 84 130 76 107 78 92 60 66 56 121 107 99 101 92 93 120 78 73 116 114 115 119 125 133 142 153 165 178 102 100 101 105 112 121 131 143 156 170 88 86 87 92 100 110 121 134 148 162 74 72 73 79 88 99 112 126 140 155 60 57 60 67 77 90 104 118 134 150 47 43 46 55 67 82 97 112 129 145 34 29 34 45 60 75 91 108 125 142 23 15 23 38 54 71 88 105 122 140 18 0 18 35 52 70 87 104 122 139 23 15 23 38 54 71 88 105 122 140
86 85 75 102 72 104 73 76 78 54 54 109 92 93 90 80 86 98 86 77 63 95 82 115 62 99 64 80 47 56 47 106 92 85 86 85 84 104 69 59 119 115 114 115 118 124 132 142 153 165 106 101 99 101 105 112 121 131 143 156 93 87 85 87 92 99 109 121 134 148 80 73 71 73 79 88 99 112 126 140 67 60 57 60 67 77 90 104 118 134 55 46 43 46 55 67 81 97 112 129 45 34 29 34 45 60 75 91 108 125 38 23 15 23 38 54 71 88 105 122 35 18 0 18 35 52 70 87 104 122 38 23 15 23 38 54 71 88 105 122
86 70 74 87 72 97 59 67 79 50 47 95 79 81 76 68 86 83 84 73 64 80 84 102 50 94 51 71 39 50 43 91 78 72 71 82 77 88 63 47 125 119 115 113 114 118 124 132 141 152 112 105 101 99 100 105 111 120 131 143 100 92 87 85 87 91 99 109 121 134 88 79 73 71 73 79 88 99 112 125 77 67 60 57 59 66 77 89 103 118 68 55 46 43 46 55 67 81 97 112 60 45 34 29 33 45 59 75 91 108 54 38 23 15 23 38 54 71 88 105 52 35 18 0 18 35 52 70 87 104 54 38 23 15 23 38 54 71 88 105
89 57 77 74 76 92 49 61 84 51 46 83 68 70 64 59 89 68 86 72 69 67 89 89 43 92 42 65 37 49 46 78 65 62 59 82 73 73 63 39 133 125 118 114 113 114 117 123 131 141 121 112 105 100 99 100 104 111 120 130 110 100 92 87 85 86 91 99 109 120 99 88 79 73 71 73 78 87 99 111 90 77 67 59 57 59 66 77 89 103 82 67 55 46 43 46 55 67 81 96 75 60 45 33 29 33 45 59 75 91 71 54 38 23 15 23 38 54 71 88 70 52 35 18 0 18 35 52 70 87 71 54 38 23 15 23 38 54 71 88
95 46 84 62 83 90 43 61 92 57 51 73 60 63 54 53 95 55 91 76 78 57 96 79 41 94 39 63 43 55 55 67 56 56 49 86 74 60 67 39 143 133 124 118 114 112 113 117 123 131 132 121 112 105 100 98 99 104 110 119 122 110 99 91 86 84 86 91 98 108 112 99 88 79 73 70 72 78 87 98 104 90 77 66 59 56 59 66 76 89 97 82 67 55 46 42 46 55 67 81 91 75 60 45 33 28 33 45 59 75 88 71 54 38 23 14 23 38 54 71 87 70 52 35 18 0 18 35 52 70 88 71 54 38 23 14 23 38 54 71
103 40 93 54 93 92 43 65 102 68 60 66 57 61 49 53 104 46 98 84 89 50 107 71 47 98 43 66 54 65 67 59 50 55 45 93 78 49 75 45 154 142 132 124 117 113 112 113 116 122 144 131 121 111 104 99 98 99 103 110 134 121 109 99 91 86 84 85 90 98 126 112 99 88 78 72 70 72 78 87 119 104 90 77 66 59 56 59 66 76 113 97 81 67 55 46 42 46 54 67 108 91 75 59 45 33 28 33 45 59 105 88 71 54 38 23 14 23 38 54 104 87 70 52 35 18 0 18 35 52 105 88 71 54 38 23 14 23 38 54
114 42 105 50 105 96 50 73 114 81 73 63 59 63 49 59 115 41 108 94 103 49 118 67 57 105 53 74 68 77 81 55 50 59 46 102 86 43 85 57 166 153 142 132 123 117 113 111 112 116 156 143 131 120 111 104 99 97 99 103 148 134 121 109 99 91 85 83 85 90 140 126 112 99 87 78 72 70 72 77 134 118 104 89 77 66 59 56 58 65 129 112 97 81 67 55 46 42 45 54 125 108 91 75 59 45 33 28 33 45 122 105 88 71 54 38 23 14 23 38 122 104 87 70 52 35 18 0 18 35 122 105 88 71 54 38 23 14 23 38
126 50 118 53 119 104 62 83 127 95 87 65 65 69 56 68 127 44 120 106 117 54 132 68 70 115 66 84 83 91 96 57 56 67 54 113 96 43 98 70 179 165 153 141 131 123 116 112 110 112 170 156 143 131 120 110 103 99 97 98 162 148 134 121 109 98 90 85 83 85 156 140 126 112 99 87 78 72 69 71 150 134 118 103 89 76 66 58 55 58 145 129 112 97 81 67 54 45 42 45 142 125 108 91 75 59 45 33 28 33 140 122 105 88 71 54 38 23 14 23 139 122 104 87 70 52 35 18 0 18 140 122 105 88 71 54 38 23 14 23
139 62 132 60 133 113 75 96 141 110 102 71 75 79 66 80 140 52 133 119 132 63 145 73 85 126 81 96 99 106 112 64 66 79 66 126 109 50 112 86 192 178 165 152 141 131 122 116 112 110 184 170 156 143 130 119 110 103 98 96 177 162 148 134 120 108 98 90 85 83 171 155 140 125 111 98 87 77 71 69 166 150 134 118 103 89 76 65 58 55 162 145 129 112 96 81 67 54 45 42 159 142 125 108 91 75 59 45 33 28 157 140 122 105 88 71 54 38 23 14 156 139 122 104 87 70 52 35 18 0 157 140 122 105 88 71 54 38 23 14
110 122 100 139 96 136 109 110 99 86 88 146 128 129 127 116 110 135 112 106 87 132 103 152 98 128 100 114 82 88 78 143 129 121 123 113 115 141 99 95 129 130 133 138 145 154 164 176 188 201 115 116 119 125 133 143 154 166 179 192 100 102 106 112 121 132 144 156 170 184 86 88 93 100 110 122 134 148 162 177 72 74 80 88 99 112 126 140 156 171 58 60 67 77 90 104 119 134 150 166 43 47 55 68 82 97 113 129 145 162 29 34 45 60 75 91 108 125 142 159 15 23 38 54 71 88 105 122 140 157 0 18 35 52 70 87 104 122 139 156
104 107 93 124 89 126 95 98 94 75 76 131 114 115 112 103 104 120 105 97 80 117 98 137 85 119 86 102 69 77 68 128 114 107 108 105 105 125 89 81 130 128 129 132 138 145 154 164 175 187 116 114 115 119 125 133 142 153 165 178 102 100 101 105 112 121 131 143 156 170 88 86 87 92 100 110 121 134 148 162 74 72 73 79 88 99 112 126 140 155 60 57 60 67 77 90 104 118 134 150 47 43 46 55 67 82 97 112 129 145 34 29 34 45 60 75 91 108 125 142 23 15 23 38 54 71 88 105 122 140 18 0 18 35 52 70 87 104 122 139
100 92 89 109 86 117 81 88 92 67 67 118 101 103 98 90 100 105 100 90 77 103 96 124 72 113 73 92 59 68 60 114 100 94 94 99 96 110 82 69 133 129 128 129 132 137 144 153 163 175 119 115 114 115 118 124 132 142 153 165 106 101 99 101 105 112 121 131 143 156 93 87 85 87 92 99 109 121 134 148 80 73 71 73 79 88 99 112 126 140 67 60 57 60 67 77 90 104 118 134 55 46 43 46 55 67 81 97 112 129 45 34 29 34 45 60 75 91 108 125 38 23 15 23 38 54 71 88 105 122 35 18 0 18 35 52 70 87 104 122
100 79 88 96 86 110 70 80 93 64 61 105 90 92 86 79 100 90 98 87 78 89 97 111 62 108 63 84 52 63 57 100 87 83 81 96 90 96 77 59 138 132 129 127 128 131 137 144 153 163 125 119 115 113 114 118 124 132 141 152 112 105 101 99 100 105 111 120 131 143 100 92 87 85 87 91 99 109 121 134 88 79 73 71 73 79 88 99 112 125 77 67 60 57 59 66 77 89 103 118 68 55 46 43 46 55 67 81 97 112 60 45 34 29 33 45 59 75 91 108 54 38 23 15 23 38 54 71 88 105 52 35 18 0 18 35 52 70 87 104
102 67 91 84 89 106 61 75 97 64 60 94 80 83 75 71 102 77 99 86 82 78 102 100 56 107 55 79 51 63 59 89 76 75 70 96 87 82 77 53 145 138 132 128 127 127 131 136 143 152 133 125 118 114 113 114 117 123 131 141 121 112 105 100 99 100 104 111 120 130 110 100 92 87 85 86 91 99 109 120 99 88 79 73 71 73 78 87 99 111 90 77 67 59 57 59 66 77 89 103 82 67 55 46 43 46 55 67 81 96 75 60 45 33 29 33 45 59 75 91 71 54 38 23 15 23 38 54 71 88 70 52 35 18 0 18 35 52 70 87
108 58 97 74 95 104 56 74 104 70 63 85 74 77 67 67 108 66 104 90 90 69 109 91 55 108 53 77 55 67 66 79 68 70 62 99 88 71 80 52 154 145 137 131 127 126 127 130 135 143 143 133 124 118 114 112 113 117 123 131 132 121 112 105 100 98 99 104 110 119 122 110 99 91 86 84 86 91 98 108 112 99 88 79 73 70 72 78 87 98 104 90 77 66 59 56 59 66 76 89 97 82 67 55 46 42 46 55 67 81 91 75 60 45 33 28 33 45 59 75 88 71 54 38 23 14 23 38 54 71 87 70 52 35 18 0 18 35 52 70
115 54 105 67 104 105 57 78 113 79 71 80 71 74 62 67 116 58 110 96 100 64 118 84 59 111 56 80 64 76 77 72 64 68 58 105 91 62 87 57 164 154 144 137 131 127 125 126 130 135 154 142 132 124 117 113 112 113 116 122 144 131 121 111 104 99 98 99 103 110 134 121 109 99 91 86 84 85 90 98 126 112 99 88 78 72 70 72 78 87 119 104 90 77 66 59 56 59 66 76 113 97 81 67 55 46 42 46 54 67 108 91 75 59 45 33 28 33 45 59 105 88 71 54 38 23 14 23 38 54 104 87 70 52 35 18 0 18 35 52
125 55 115 64 115 109 62 84 124 90 82 77 72 76 63 71 125 55 119 105 112 63 128 81 68 118 64 86 76 86 89 69 64 72 60 113 98 57 96 67 176 164 153 144 136 130 126 125 126 129 166 153 142 132 123 117 113 111 112 116 156 143 131 120 111 104 99 97 99 103 148 134 121 109 99 91 85 83 85 90 140 126 112 99 87 78 72 70 72 77 134 118 104 89 77 66 59 56 58 65 129 112 97 81 67 55 46 42 45 54 125 108 91 75 59 45 33 28 33 45 122 105 88 71 54 38 23 14 23 38 122 104 87 70 52 35 18 0 18 35
136 61 127 66 128 116 72 94 136 103 95 79 77 81 68 79 136 57 130 116 125 66 141 81 79 126 75 95 90 99 103 70 68 79 66 123 107 57 107 79 188 175 163 153 143 135 130 126 124 125 179 165 153 141 131 123 116 112 110 112 170 156 143 131 120 110 103 99 97 98 162 148 134 121 109 98 90 85 83 85 156 140 126 112 99 87 78 72 69 71 150 134 118 103 89 76 66 58 55 58 145 129 112 97 81 67 54 45 42 45 142 125 108 91 75 59 45 33 28 33 140 122 105 88 71 54 38 23 14 23 139 122 104 87 70 52 35 18 0 18
148 71 140 72 141 125 84 105 149 117 109 84 86 90 77 90 149 64 142 128 139 74 154 85 92 136 88 106 105 113 118 76 77 89 75 135 118 62 120 92 201 187 175 163 152 143 135 129 125 124 192 178 165 152 141 131 122 116 112 110 184 170 156 143 130 119 110 103 98 96 177 162 148 134 120 108 98 90 85 83 171 155 140 125 111 98 87 77 71 69 166 150 134 118 103 89 76 65 58 55 162 145 129 112 96 81 67 54 45 42 159 142 125 108 91 75 59 45 33 28 157 140 122 105 88 71 54 38 23 14 156 139 122 104 87 70 52 35 18 0
