0 56 58 19 59 52 67 46 71 22 51 71 48 44 50 53 59 79 66 48 11 50 66 25 58 68 75 38 67 76 47 61 29 42 41 45 57 68 21 56 88 54 19 18 52 91 58 30 29 56 102 74 55 54 72 119 96 81 81 94 139 120 109 108 118
56 0 27 63 52 23 65 12 61 55 12 16 10 72 7 6 14 98 62 33 52 26 90 49 47 54 60 32 60 48 12 7 52 67 62 20 7 87 56 42 122 93 69 57 65 112 79 48 29 43 108 73 39 4 32 111 78 47 27 41 121 92 67 55 63
58 27 0 56 27 8 39 33 35 47 37 31 23 56 28 32 41 74 37 13 50 8 69 39 21 27 33 21 33 23 33 31 41 50 45 43 34 65 48 17 103 78 63 66 84 88 58 36 41 67 82 47 14 24 58 84 52 25 32 62 96 69 52 55 76
19 63 56 0 49 52 55 56 60 10 61 77 54 26 58 62 70 61 54 44 13 49 47 18 50 59 65 36 56 71 56 69 18 25 26 58 66 50 9 50 70 36 8 36 70 72 41 21 41 73 85 60 49 60 85 104 85 77 84 103 126 111 105 110 125
59 52 27 49 0 30 13 54 13 40 59 57 45 37 51 55 65 49 11 20 49 26 45 34 6 10 17 27 9 25 55 56 32 32 28 63 58 40 42 10 79 59 57 73 99 63 35 30 55 87 57 22 14 48 83 64 37 33 57 88 81 62 60 75 101
52 23 8 52 30 0 42 26 39 43 31 30 16 54 23 26 36 76 40 12 44 5 70 35 25 32 39 17 38 30 27 27 37 49 44 36 29 66 44 20 103 76 59 59 77 90 59 33 34 61 86 51 17 19 54 90 58 32 34 60 103 76 58 59 77
67 65 39 55 13 42 0 67 9 47 72 69 58 37 64 68 78 38 3 33 57 39 38 42 18 15 15 39 7 32 67 69 39 33 30 75 71 32 48 23 71 57 61 82 110 52 29 38 67 99 44 9 26 61 96 53 31 39 68 100 73 58 63 83 111
46 12 33 56 54 26 67 0 65 49 6 27 10 68 6 8 15 97 65 34 44 29 88 43 49 58 65 30 62 55 1 16 48 63 59 10 11 86 49 45 119 88 61 46 54 111 77 44 19 35 110 75 41 12 32 116 84 55 39 48 128 100 77 66 72
71 61 35 60 13 39 9 65 0 52 70 64 55 44 61 65 75 46 8 31 61 36 47 46 16 8 7 40 5 24 65 65 44 40 36 74 68 40 53 20 79 65 67 85 111 59 37 42 67 98 48 14 24 58 92 52 25 31 61 94 69 52 55 76 104
22 55 47 10 40 43 47 49 52 0 55 69 46 24 50 55 63 59 46 35 12 40 46 8 41 50 57 27 48 61 50 61 9 21 20 53 59 47 2 40 72 39 17 39 71 71 37 12 36 70 81 53 40 52 79 98 76 68 75 96 119 102 96 101 117
51 12 37 61 59 31 72 6 70 55 0 26 15 74 9 7 9 103 70 40 49 34 94 49 55 62 69 36 68 59 6 14 53 69 65 9 8 92 55 50 124 93 66 49 53 117 83 50 23 31 115 81 47 14 26 121 88 58 38 44 132 103 79 65 68
71 16 31 77 57 30 69 27 64 69 26 0 24 83 22 20 22 105 67 41 67 34 99 61 52 56 61 44 63 46 27 12 65 77 72 34 18 95 69 47 132 105 83 73 78 119 88 60 45 53 111 77 44 18 34 111 76 42 13 32 117 85 57 40 49
48 10 23 54 45 16 58 10 55 46 15 24 0 63 7 11 21 89 55 25 43 19 81 39 40 48 55 23 53 45 11 16 43 57 53 20 15 79 46 36 113 83 60 51 63 103 70 39 23 45 101 66 32 7 39 106 74 46 34 51 118 90 69 61 72
44 72 56 26 37 54 37 68 44 24 74 83 63 0 69 73 83 36 37 43 35 50 22 27 40 46 50 40 40 62 69 78 22 6 11 74 77 24 25 42 51 23 31 61 95 47 15 25 59 93 60 39 44 69 100 81 67 69 87 113 105 94 96 109 131
50 7 28 58 51 23 64 6 61 50 9 22 7 69 0 5 15 95 62 32 47 26 87 44 46 54 61 29 59 50 6 12 48 63 59 15 9 85 51 42 119 89 63 51 60 110 76 44 23 39 107 73 38 6 33 112 80 50 34 46 124 95 72 61 69
53 6 32 62 55 26 68 8 65 55 7 20 11 73 5 0 11 100 66 36 51 30 92 49 50 58 64 34 63 53 7 9 53 68 63 15 4 89 55 46 123 93 67 53 59 114 81 49 26 37 111 77 42 8 28 116 83 53 32 42 126 97 73 60 65
59 14 41 70 65 36 78 15 75 63 9 22 21 83 15 11 0 110 76 46 58 40 101 58 60 67 74 44 73 61 14 12 62 77 73 15 8 99 64 56 133 102 75 56 56 124 91 58 31 31 121 87 52 18 18 125 92 60 35 35 135 104 78 60 60
79 98 74 61 49 76 38 97 46 59 103 105 89 36 95 100 110 0 40 65 70 72 16 59 54 52 52 67 44 69 97 103 54 39 41 104 103 12 60 58 36 40 65 97 130 15 22 56 91 126 28 32 61 94 128 54 57 77 105 136 82 84 98 121 148
66 62 37 54 11 40 3 65 8 46 70 67 55 37 62 66 76 40 0 31 56 37 40 41 16 13 14 38 5 30 65 67 38 34 30 73 69 34 48 20 73 58 61 81 109 54 30 37 65 97 46 11 24 59 93 54 31 37 65 98 73 58 62 81 109
48 33 13 44 20 12 33 34 31 35 40 41 25 43 32 36 46 65 31 0 39 8 58 27 16 25 32 11 29 29 35 38 28 38 33 43 39 55 36 12 91 66 51 58 81 79 47 24 37 67 76 42 9 29 64 83 53 34 44 72 98 74 62 68 88
11 52 50 13 49 44 57 44 61 12 49 67 43 35 47 51 58 70 56 39 0 42 57 15 48 58 65 29 57 67 45 58 18 32 31 46 54 59 11 47 82 48 17 27 60 82 49 20 29 61 92 64 45 50 73 108 86 73 75 92 129 110 100 102 115
50 26 8 49 26 5 39 29 36 40 34 34 19 50 26 30 40 72 37 8 42 0 66 32 21 29 36 14 34 29 30 31 34 45 40 38 33 62 41 17 99 73 56 59 79 86 55 30 35 63 82 48 13 23 57 87 56 32 37 64 101 75 59 62 81
66 90 69 47 45 70 38 88 47 46 94 99 81 22 87 92 101 16 40 58 57 66 0 47 50 52 53 58 44 69 88 96 43 26 29 94 95 8 47 53 34 25 50 83 116 26 12 45 80 114 43 36 56 86 119 68 63 77 101 130 95 91 101 120 145
25 49 39 18 34 35 42 43 46 8 49 61 39 27 44 49 58 59 41 27 15 32 47 0 34 44 51 19 42 54 44 55 5 22 19 48 52 48 9 33 76 45 25 41 71 72 38 5 33 67 79 49 32 45 74 94 71 60 68 89 114 96 88 93 110
58 47 21 50 6 25 18 49 16 41 55 52 40 40 46 50 60 54 16 16 48 21 50 34 0 10 18 24 14 22 50 51 33 35 30 58 53 45 42 5 84 63 57 71 96 68 39 30 52 83 62 27 9 43 78 68 39 29 51 83 83 62 57 70 95
68 54 27 59 10 32 15 58 8 50 62 56 48 46 54 58 67 52 13 25 58 29 52 44 10 0 8 34 9 18 58 57 42 42 37 67 60 46 51 14 85 68 66 81 105 66 42 39 61 91 56 22 17 50 85 59 29 25 54 87 74 53 51 69 97
75 60 33 65 17 39 15 65 7 57 69 61 55 50 61 64 74 52 14 32 65 36 53 51 18 8 0 42 11 18 65 64 49 46 42 74 67 47 58 21 86 71 72 88 113 65 44 46 69 99 51 20 24 57 91 52 21 26 57 91 66 46 48 70 100
38 32 21 36 27 17 39 30 40 27 36 44 23 40 29 34 44 67 38 11 29 14 58 19 24 34 42 0 36 40 31 38 22 35 30 38 37 56 28 21 90 62 43 48 72 81 47 17 28 61 81 48 18 29 61 91 63 44 49 73 107 84 72 75 92
67 60 33 56 9 38 7 62 5 48 68 63 53 40 59 63 73 44 5 29 57 34 44 42 14 9 11 36 0 25 63 64 40 36 32 71 66 38 49 18 77 61 63 81 108 58 34 38 64 96 49 14 22 56 91 55 29 33 61 94 73 56 58 77 105
76 48 23 71 25 30 32 55 24 61 59 46 45 62 50 53 61 69 30 29 67 29 69 54 22 18 18 40 25 0 55 50 54 57 52 65 54 63 63 22 102 84 78 87 107 82 59 50 64 89 69 38 23 45 77 65 31 8 40 75 74 46 35 52 82
47 12 33 56 55 27 67 1 65 50 6 27 11 69 6 7 14 97 65 35 45 30 88 44 50 58 65 31 63 55 0 16 48 64 60 10 11 87 50 46 119 88 61 46 54 111 77 44 19 34 110 76 42 12 31 117 85 56 39 48 129 100 78 66 72
61 7 31 69 56 27 69 16 65 61 14 12 16 78 12 9 12 103 67 38 58 31 96 55 51 57 64 38 64 50 16 0 58 73 68 23 7 93 62 47 128 99 75 62 67 117 84 54 34 43 112 78 43 10 28 114 81 48 24 35 123 93 66 51 57
29 52 41 18 32 37 39 48 44 9 53 65 43 22 48 53 62 54 38 28 18 34 43 5 33 42 49 22 40 54 48 58 0 17 14 52 56 43 10 32 72 41 25 45 76 67 33 5 38 72 75 46 32 49 79 90 68 60 70 93 111 94 88 95 113
42 67 50 25 32 49 33 63 40 21 69 77 57 6 63 68 77 39 34 38 32 45 26 22 35 42 46 35 36 57 64 73 17 0 6 69 71 27 22 37 56 29 30 59 91 51 17 20 54 89 61 37 38 63 94 80 64 64 81 107 103 91 91 104 125
41 62 45 26 28 44 30 59 36 20 65 72 53 11 59 63 73 41 30 33 31 40 29 19 30 37 42 30 32 52 60 68 14 6 0 65 67 29 21 32 61 34 32 58 90 54 19 16 51 86 61 35 33 58 90 79 60 59 76 102 101 87 87 99 120
45 20 43 58 63 36 75 10 74 53 9 34 20 74 15 15 15 104 73 43 46 38 94 48 58 67 74 38 71 65 10 23 52 69 65 0 16 93 52 54 124 91 62 41 45 118 83 49 18 25 118 84 51 21 28 125 94 65 46 49 138 110 87 73 75
57 7 34 66 58 29 71 11 68 59 8 18 15 77 9 4 8 103 69 39 54 33 95 52 53 60 67 37 66 54 11 7 56 71 67 16 0 93 59 49 127 97 71 56 60 117 84 53 29 37 114 80 45 10 25 118 85 53 31 38 128 98 72 58 62
68 87 65 50 40 66 32 86 40 47 92 95 79 24 85 89 99 12 34 55 59 62 8 48 45 46 47 56 38 63 87 93 43 27 29 93 93 0 48 49 40 32 54 85 118 25 10 45 80 114 37 28 52 84 117 61 56 71 96 126 87 84 94 114 140
21 56 48 9 42 44 48 49 53 2 55 69 46 25 51 55 64 60 48 36 11 41 47 9 42 51 58 28 49 63 50 62 10 22 21 52 59 48 0 42 73 40 16 37 70 72 38 13 36 70 82 55 41 53 79 99 78 69 76 96 120 104 97 102 118
56 42 17 50 10 20 23 45 20 40 50 47 36 42 42 46 56 58 20 12 47 17 53 33 5 14 21 21 18 22 46 47 32 37 32 54 49 49 42 0 87 65 57 68 92 72 42 29 48 79 66 31 4 39 74 72 42 28 48 79 87 64 56 68 92
88 122 103 70 79 103 71 119 79 72 124 132 113 51 119 123 133 36 73 91 82 99 34 76 84 85 86 90 77 102 119 128 72 56 61 124 127 40 73 87 0 35 70 104 139 29 45 75 108 142 57 67 90 119 150 86 92 110 134 162 114 119 133 153 178
54 93 78 36 59 76 57 88 65 39 93 105 83 23 89 93 102 40 58 66 48 73 25 45 63 68 71 62 61 84 88 99 41 29 34 91 97 32 40 65 35 0 35 70 104 45 29 45 75 108 67 57 66 89 118 92 85 92 109 134 119 113 118 132 153
19 69 63 8 57 59 61 61 67 17 66 83 60 31 63 67 75 65 61 51 17 56 50 25 57 66 72 43 63 78 61 75 25 30 32 62 71 54 16 57 70 35 0 35 70 75 45 28 45 75 90 66 56 66 89 110 92 84 91 109 133 118 112 117 131
18 57 66 36 73 59 82 46 85 39 49 73 51 61 51 53 56 97 81 58 27 59 83 41 71 81 88 48 81 87 46 62 45 59 58 41 56 85 37 68 104 70 35 0 35 108 75 45 28 45 119 89 66 56 66 134 109 91 84 90 153 132 117 111 116
52 65 84 70 99 77 110 54 111 71 53 78 63 95 60 59 56 130 109 81 60 79 116 71 96 105 113 72 108 107 54 67 76 91 90 45 60 118 70 92 139 104 70 35 0 142 108 75 45 28 150 118 89 66 55 162 134 109 90 83 178 153 131 116 110
91 112 88 72 63 90 52 111 59 71 117 119 103 47 110 114 124 15 54 79 82 86 26 72 68 66 65 81 58 82 111 117 67 51 54 118 117 25 72 72 29 45 75 108 142 0 35 70 104 139 29 45 75 108 142 57 67 90 119 150 86 92 110 134 162
58 79 58 41 35 59 29 77 37 37 83 88 70 15 76 81 91 22 30 47 49 55 12 38 39 42 44 47 34 59 77 84 33 17 19 83 84 10 38 42 45 29 45 75 108 35 0 35 70 104 45 29 45 75 108 67 57 66 89 118 92 85 92 109 134
30 48 36 21 30 33 38 44 42 12 50 60 39 25 44 49 58 56 37 24 20 30 45 5 30 39 46 17 38 50 44 54 5 20 16 49 53 45 13 29 75 45 28 45 75 70 35 0 35 70 75 45 28 45 75 90 66 56 66 89 110 92 84 91 109
29 29 41 41 55 34 67 19 67 36 23 45 23 59 23 26 31 91 65 37 29 35 80 33 52 61 69 28 64 64 19 34 38 54 51 18 29 80 36 48 108 75 45 28 45 104 70 35 0 35 108 75 45 28 45 119 89 66 56 66 134 109 91 84 90
56 43 67 73 87 61 99 35 98 70 31 53 45 93 39 37 31 126 97 67 61 63 114 67 83 91 99 61 96 89 34 43 72 89 86 25 37 114 70 79 142 108 75 45 28 139 104 70 35 0 142 108 75 45 28 150 118 89 66 55 162 134 109 90 83
102 108 82 85 57 86 44 110 48 81 115 111 101 60 107 111 121 28 46 76 92 82 43 79 62 56 51 81 49 69 110 112 75 61 61 118 114 37 82 66 57 67 90 119 150 29 45 75 108 142 0 35 70 104 139 29 45 75 108 142 57 67 90 119 150
74 73 47 60 22 51 9 75 14 53 81 77 66 39 73 77 87 32 11 42 64 48 36 49 27 22 20 48 14 38 76 78 46 37 35 84 80 28 55 31 67 57 66 89 118 45 29 45 75 108 35 0 35 70 104 45 29 45 75 108 67 57 66 89 118
55 39 14 49 14 17 26 41 24 40 47 44 32 44 38 42 52 61 24 9 45 13 56 32 9 17 24 18 22 23 42 43 32 38 33 51 45 52 41 4 90 66 56 66 89 75 45 28 45 75 70 35 0 35 70 75 45 28 45 75 90 66 56 66 89
54 4 24 60 48 19 61 12 58 52 14 18 7 69 6 8 18 94 59 29 50 23 86 45 43 50 57 29 56 45 12 10 49 63 58 21 10 84 53 39 119 89 66 56 66 108 75 45 28 45 104 70 35 0 35 108 75 45 28 45 119 89 66 56 66
72 32 58 85 83 54 96 32 92 79 26 34 39 100 33 28 18 128 93 64 73 57 119 74 78 85 91 61 91 77 31 28 79 94 90 28 25 117 79 74 150 118 89 66 55 142 108 75 45 28 139 104 70 35 0 142 108 75 45 28 150 118 89 66 55
119 111 84 104 64 90 53 116 52 98 121 111 106 81 112 116 125 54 54 83 108 87 68 94 68 59 52 91 55 65 117 114 90 80 79 125 118 61 99 72 86 92 110 134 162 57 67 90 119 150 29 45 75 108 142 0 35 70 104 139 29 45 75 108 142
96 78 52 85 37 58 31 84 25 76 88 76 74 67 80 83 92 57 31 53 86 56 63 71 39 29 21 63 29 31 85 81 68 64 60 94 85 56 78 42 92 85 92 109 134 67 57 66 89 118 45 29 45 75 108 35 0 35 70 104 45 29 45 75 108
81 47 25 77 33 32 39 55 31 68 58 42 46 69 50 53 60 77 37 34 73 32 77 60 29 25 26 44 33 8 56 48 60 64 59 65 53 71 69 28 110 92 84 91 109 90 66 56 66 89 75 45 28 45 75 70 35 0 35 70 75 45 28 45 75
81 27 32 84 57 34 68 39 61 75 38 13 34 87 34 32 35 105 65 44 75 37 101 68 51 54 57 49 61 40 39 24 70 81 76 46 31 96 76 48 134 109 91 84 90 119 89 66 56 66 108 75 45 28 45 104 70 35 0 35 108 75 45 28 45
94 41 62 103 88 60 100 48 94 96 44 32 51 113 46 42 35 136 98 72 92 64 130 89 83 87 91 73 94 75 48 35 93 107 102 49 38 126 96 79 162 134 109 90 83 150 118 89 66 55 142 108 75 45 28 139 104 70 35 0 142 108 75 45 28
139 121 96 126 81 103 73 128 69 119 132 117 118 105 124 126 135 82 73 98 129 101 95 114 83 74 66 107 73 74 129 123 111 103 101 138 128 87 120 87 114 119 133 153 178 86 92 110 134 162 57 67 90 119 150 29 45 75 108 142 0 35 70 104 139
120 92 69 111 62 76 58 100 52 102 103 85 90 94 95 97 104 84 58 74 110 75 91 96 62 53 46 84 56 46 100 93 94 91 87 110 98 84 104 64 119 113 118 132 153 92 85 92 109 134 67 57 66 89 118 45 29 45 75 108 35 0 35 70 104
109 67 52 105 60 58 63 77 55 96 79 57 69 96 72 73 78 98 62 62 100 59 101 88 57 51 48 72 58 35 78 66 88 91 87 87 72 94 97 56 133 118 112 117 131 110 92 84 91 109 90 66 56 66 89 75 45 28 45 75 70 35 0 35 70
108 55 55 110 75 59 83 66 76 101 65 40 61 109 61 60 60 121 81 68 102 62 120 93 70 69 70 75 77 52 66 51 95 104 99 73 58 114 102 68 153 132 117 111 116 134 109 91 84 90 119 89 66 56 66 108 75 45 28 45 104 70 35 0 35
118 63 76 125 101 77 111 72 104 117 68 49 72 131 69 65 60 148 109 88 115 81 145 110 95 97 100 92 105 82 72 57 113 125 120 75 62 140 118 92 178 153 131 116 110 162 134 109 90 83 150 118 89 66 55 142 108 75 45 28 139 104 70 35 0
