0 40 49 52 5 44 32 48 31 44 11 35 51 33 7 32 9 49 11 48 14 30 52 48 7 36 28 62 20 52 13 20 48 10 4 34 35 50 23 28 102 73 52 51 69 92 58 29 25 54 90 55 22 17 51 96 65 41 39 61 110 84 67 65 81
40 0 86 91 44 73 16 86 42 83 32 10 86 67 33 68 47 59 49 81 46 16 89 86 46 73 17 100 29 91 28 58 78 46 37 71 69 63 62 60 140 110 83 64 61 131 97 66 40 35 126 92 57 23 14 128 95 62 32 27 136 105 77 56 52
49 86 0 30 45 59 75 13 56 28 59 83 49 23 55 19 44 59 39 18 41 73 4 23 43 37 72 16 60 22 61 37 58 41 51 16 44 56 28 30 66 53 59 82 111 47 25 38 68 101 41 8 30 64 99 53 34 44 72 104 74 62 68 88 115
52 91 30 0 48 37 84 18 73 9 60 85 22 44 59 37 44 82 45 47 52 82 29 9 46 20 80 27 70 9 63 33 34 49 56 34 27 80 31 49 50 24 34 64 97 45 12 26 61 95 56 36 43 69 101 77 64 68 87 113 102 92 94 108 131
5 44 45 48 0 41 37 43 33 40 15 39 48 30 12 28 5 50 7 45 14 34 48 43 3 31 33 58 24 48 17 16 45 9 9 30 31 51 19 26 97 69 49 50 71 87 54 24 27 57 86 51 19 22 55 93 63 41 43 66 108 83 68 68 85
44 73 59 37 41 0 72 49 74 33 44 64 19 60 48 53 37 90 44 70 53 70 59 40 41 22 69 62 63 45 48 30 6 48 47 52 15 90 38 60 78 44 11 28 62 81 49 24 35 65 93 66 51 57 79 111 89 79 82 99 132 115 106 109 122
32 16 75 84 37 72 0 77 27 76 29 20 83 54 26 57 41 44 39 68 35 3 78 78 38 67 4 90 16 83 24 52 77 36 29 60 66 48 54 47 133 105 82 69 73 121 89 60 42 48 114 80 46 16 29 115 80 47 18 30 121 90 62 44 50
48 86 13 18 43 49 77 0 61 17 57 82 37 29 54 23 41 68 38 30 43 75 12 10 41 27 73 16 62 10 59 32 47 42 50 19 35 65 25 35 59 41 48 73 104 45 15 29 63 97 46 19 32 64 98 63 46 53 76 106 85 74 78 95 120
31 42 56 73 33 74 27 61 0 65 36 45 78 33 30 39 38 20 31 44 22 27 59 65 33 61 26 71 17 69 34 46 77 26 28 42 62 23 43 26 119 96 81 80 93 102 74 55 53 72 92 59 30 28 56 89 54 20 17 51 95 63 38 37 60
44 83 28 9 40 33 76 17 65 0 52 77 21 39 51 31 36 76 37 44 45 74 28 8 38 14 72 30 62 12 55 25 31 42 48 28 21 74 23 42 58 31 32 59 91 52 17 19 53 88 60 35 36 61 93 79 61 62 79 105 102 89 89 101 123
11 32 59 60 15 44 29 57 36 52 0 26 55 44 7 42 16 55 21 59 24 26 62 56 17 41 25 72 21 61 5 27 49 21 11 44 38 57 33 38 109 79 54 45 60 101 67 34 18 43 100 66 32 13 42 107 76 50 40 56 120 94 74 68 78
35 10 83 85 39 64 20 82 45 77 26 0 78 65 28 65 41 63 45 80 44 20 86 81 41 66 20 96 29 86 23 52 70 43 33 67 62 66 57 58 134 103 75 55 53 126 92 59 30 28 124 89 54 20 17 128 95 63 38 36 138 108 81 63 62
51 86 49 22 48 19 83 37 78 21 55 78 0 56 57 49 43 92 48 64 57 80 48 27 47 18 79 48 71 30 59 33 14 52 55 46 17 91 36 59 60 26 13 46 80 63 33 24 50 83 78 56 51 67 94 98 82 78 89 111 122 109 106 114 132
33 67 23 44 30 60 54 29 33 39 44 65 56 0 38 8 32 39 23 16 21 53 26 36 28 40 51 38 39 38 44 31 61 24 34 11 45 37 22 8 87 68 64 77 101 70 43 36 56 86 61 26 12 45 80 64 34 24 49 82 78 56 51 67 93
7 33 55 59 12 48 26 54 30 51 7 28 57 38 0 38 15 49 17 53 18 24 58 54 14 42 22 68 16 59 6 26 52 15 5 40 40 51 30 32 108 79 57 51 66 98 65 35 24 49 96 61 27 11 44 102 70 43 35 55 114 87 67 62 75
32 68 19 37 28 53 57 23 39 31 42 65 49 8 38 0 29 46 22 19 23 55 22 29 26 33 54 34 42 31 44 25 54 23 33 4 38 44 16 13 81 61 57 72 97 65 37 30 53 85 59 24 11 46 81 66 38 31 54 86 82 62 58 73 98
9 47 44 44 5 37 41 41 38 36 16 41 43 32 15 29 0 54 10 46 18 38 47 40 6 27 37 56 28 45 19 12 40 13 13 30 26 55 17 28 94 65 45 47 70 85 51 20 25 57 85 51 20 25 57 94 65 45 47 70 110 86 72 73 89
49 59 59 82 50 90 44 68 20 76 55 63 92 39 49 46 54 0 46 44 37 44 63 74 49 75 43 75 37 77 53 61 93 42 46 49 77 5 56 34 125 106 97 99 112 105 82 69 72 90 89 60 41 47 72 80 46 16 28 61 81 48 19 30 62
11 49 39 45 7 44 39 38 31 37 21 45 48 23 17 22 10 46 0 39 9 37 42 39 5 31 36 52 25 44 23 16 47 5 13 23 32 46 15 19 94 67 51 56 78 82 50 25 34 64 80 45 12 26 60 86 56 36 42 69 101 77 63 67 86
48 81 18 47 45 70 68 30 44 44 59 80 64 16 53 19 46 44 39 0 37 67 21 39 43 49 65 32 53 39 59 44 71 39 49 20 55 40 34 22 83 70 73 90 116 62 42 47 71 102 48 17 27 60 94 49 20 29 61 95 64 46 50 73 103
14 46 41 52 14 53 35 43 22 45 24 44 57 21 18 23 18 37 9 37 0 33 44 46 13 40 31 56 19 50 24 24 56 6 14 25 41 38 22 15 100 75 60 63 83 87 56 33 39 66 81 46 12 24 59 85 53 28 35 64 97 71 55 58 79
30 16 73 82 34 70 3 75 27 74 26 20 80 53 24 55 38 44 37 67 33 0 77 76 36 65 2 88 14 81 22 49 75 34 26 58 63 48 52 45 131 102 79 67 72 119 87 58 40 47 113 78 44 14 29 113 79 46 19 32 121 90 62 46 52
52 89 4 29 48 59 78 12 59 28 62 86 48 26 58 22 47 63 42 21 44 77 0 22 45 38 75 13 63 20 64 39 58 44 54 19 45 59 31 33 63 50 59 83 113 44 22 39 70 104 39 8 33 67 102 52 35 47 75 107 74 64 71 91 119
48 86 23 9 43 40 78 10 65 8 56 81 27 36 54 29 40 74 39 39 46 76 22 0 41 20 75 22 64 5 59 30 38 43 51 26 28 72 25 41 55 33 39 66 98 46 12 24 59 93 53 29 36 64 97 72 56 60 80 108 95 84 86 101 124
7 46 43 46 3 41 38 41 33 38 17 41 47 28 14 26 6 49 5 43 13 36 45 41 0 31 34 55 24 46 19 15 45 8 10 27 31 50 17 24 96 68 49 52 73 85 52 24 29 60 83 49 17 24 57 91 61 40 43 67 106 81 67 68 86
36 73 37 20 31 22 67 27 61 14 41 66 18 40 42 33 27 75 31 49 40 65 38 20 31 0 64 42 54 25 45 17 22 36 40 31 8 74 20 42 69 38 24 47 78 65 30 8 41 75 73 45 34 52 82 89 68 62 73 96 111 94 89 97 116
28 17 72 80 33 69 4 73 26 72 25 20 79 51 22 54 37 43 36 65 31 2 75 75 34 64 0 86 13 79 21 48 73 32 25 56 62 47 50 44 129 101 78 66 72 117 85 56 39 48 111 77 43 13 31 112 78 45 19 34 120 89 62 46 54
62 100 16 27 58 62 90 16 71 30 72 96 48 38 68 34 56 75 52 32 56 88 13 22 55 42 86 0 74 18 74 47 60 55 64 31 49 71 40 45 52 44 60 88 119 32 17 45 78 112 31 16 44 78 112 51 43 59 87 119 76 71 82 104 131
20 29 60 70 24 63 16 62 17 62 21 29 71 39 16 42 28 37 25 53 19 14 63 64 24 54 13 74 0 68 18 38 67 21 16 44 54 39 39 32 118 91 71 65 76 105 74 47 38 55 99 65 31 11 42 100 67 35 20 45 109 79 55 47 62
52 91 22 9 48 45 83 10 69 12 61 86 30 38 59 31 45 77 44 39 50 81 20 5 46 25 79 18 68 0 64 34 42 48 55 28 32 74 29 44 51 31 42 71 103 41 7 29 64 98 49 27 39 69 102 68 55 62 84 112 93 83 88 104 128
13 28 61 63 17 48 24 59 34 55 5 23 59 44 6 44 19 53 23 59 24 22 64 59 19 45 21 74 18 64 0 30 53 21 11 46 42 55 35 38 112 82 58 48 61 103 70 38 21 43 102 67 33 9 39 108 76 48 36 52 120 92 71 64 74
20 58 37 33 16 30 52 32 46 25 27 52 33 31 26 25 12 61 16 44 24 49 39 30 15 17 48 47 38 34 30 0 32 20 24 25 17 61 10 30 83 54 36 47 74 75 41 9 31 65 77 45 21 37 68 89 63 49 57 81 107 87 77 82 100
48 78 58 34 45 6 77 47 77 31 49 70 14 61 52 54 40 93 47 71 56 75 58 38 45 22 73 60 67 42 53 32 0 51 51 52 16 92 39 62 73 39 5 32 67 77 46 25 40 71 90 65 53 61 84 109 90 81 86 104 132 116 109 113 126
10 46 41 49 9 48 36 42 26 42 21 43 52 24 15 23 13 42 5 39 6 34 44 43 8 36 32 55 21 48 21 20 51 0 11 25 36 43 19 18 98 72 55 59 79 86 54 29 35 63 82 47 12 23 58 87 56 33 38 65 100 75 60 63 82
4 37 51 56 9 47 29 50 28 48 11 33 55 34 5 33 13 46 13 49 14 26 54 51 10 40 25 64 16 55 11 24 51 11 0 35 38 48 26 28 105 77 56 53 70 94 62 32 27 53 92 57 23 14 48 97 66 40 35 58 110 83 65 62 77
34 71 16 34 30 52 60 19 42 28 44 67 46 11 40 4 30 49 23 20 25 58 19 26 27 31 56 31 44 28 46 25 52 25 35 0 37 47 16 17 78 58 55 71 98 62 33 28 54 86 57 22 14 48 83 65 39 35 58 88 83 64 61 76 102
35 69 44 27 31 15 66 35 62 21 38 62 17 45 40 38 26 77 32 55 41 63 45 28 31 8 62 49 54 32 42 17 16 36 38 37 0 77 23 46 73 41 20 39 71 71 37 9 35 69 80 52 37 50 78 96 75 65 73 94 117 100 93 98 115
50 63 56 80 51 90 48 65 23 74 57 66 91 37 51 44 55 5 46 40 38 48 59 72 50 74 47 71 39 74 55 61 92 43 48 47 77 0 55 33 122 104 96 100 115 101 79 68 74 94 85 57 41 50 76 75 42 13 33 66 76 43 17 34 67
23 62 28 31 19 38 54 25 43 23 33 57 36 22 30 16 17 56 15 34 22 52 31 25 17 20 50 40 39 29 35 10 39 19 26 16 23 55 0 23 80 53 42 56 83 69 36 15 40 73 69 36 15 40 73 80 54 43 56 83 98 78 71 79 100
28 60 30 49 26 60 47 35 26 42 38 58 59 8 32 13 28 34 19 22 15 45 33 41 24 42 44 45 32 44 38 30 62 18 28 17 46 33 23 0 94 73 65 75 96 77 49 37 52 81 68 34 9 38 73 70 38 20 42 75 83 58 48 61 86
102 140 66 50 97 78 133 59 119 58 109 134 60 87 108 81 94 125 94 83 100 131 63 55 96 69 129 52 118 51 112 83 73 98 105 78 73 122 80 94 0 35 70 104 139 29 45 75 108 142 57 67 90 119 150 86 92 110 134 162 114 119 133 153 178
73 110 53 24 69 44 105 41 96 31 79 103 26 68 79 61 65 106 67 70 75 102 50 33 68 38 101 44 91 31 82 54 39 72 77 58 41 104 53 73 35 0 35 70 104 45 29 45 75 108 67 57 66 89 118 92 85 92 109 134 119 113 118 132 153
52 83 59 34 49 11 82 48 81 32 54 75 13 64 57 57 45 97 51 73 60 79 59 39 49 24 78 60 71 42 58 36 5 55 56 55 20 96 42 65 70 35 0 35 70 75 45 28 45 75 90 66 56 66 89 110 92 84 91 109 133 118 112 117 131
51 64 82 64 50 28 69 73 80 59 45 55 46 77 51 72 47 99 56 90 63 67 83 66 52 47 66 88 65 71 48 47 32 59 53 71 39 100 56 75 104 70 35 0 35 108 75 45 28 45 119 89 66 56 66 134 109 91 84 90 153 132 117 111 116
69 61 111 97 71 62 73 104 93 91 60 53 80 101 66 97 70 112 78 116 83 72 113 98 73 78 72 119 76 103 61 74 67 79 70 98 71 115 83 96 139 104 70 35 0 142 108 75 45 28 150 118 89 66 55 162 134 109 90 83 178 153 131 116 110
92 131 47 45 87 81 121 45 102 52 101 126 63 70 98 65 85 105 82 62 87 119 44 46 85 65 117 32 105 41 103 75 77 86 94 62 71 101 69 77 29 45 75 108 142 0 35 70 104 139 29 45 75 108 142 57 67 90 119 150 86 92 110 134 162
58 97 25 12 54 49 89 15 74 17 67 92 33 43 65 37 51 82 50 42 56 87 22 12 52 30 85 17 74 7 70 41 46 54 62 33 37 79 36 49 45 29 45 75 108 35 0 35 70 104 45 29 45 75 108 67 57 66 89 118 92 85 92 109 134
29 66 38 26 24 24 60 29 55 19 34 59 24 36 35 30 20 69 25 47 33 58 39 24 24 8 56 45 47 29 38 9 25 29 32 28 9 68 15 37 75 45 28 45 75 70 35 0 35 70 75 45 28 45 75 90 66 56 66 89 110 92 84 91 109
25 40 68 61 27 35 42 63 53 53 18 30 50 56 24 53 25 72 34 71 39 40 70 59 29 41 39 78 38 64 21 31 40 35 27 54 35 74 40 52 108 75 45 28 45 104 70 35 0 35 108 75 45 28 45 119 89 66 56 66 134 109 91 84 90
54 35 101 95 57 65 48 97 72 88 43 28 83 86 49 85 57 90 64 102 66 47 104 93 60 75 48 112 55 98 43 65 71 63 53 86 69 94 73 81 142 108 75 45 28 139 104 70 35 0 142 108 75 45 28 150 118 89 66 55 162 134 109 90 83
90 126 41 56 86 93 114 46 92 60 100 124 78 61 96 59 85 89 80 48 81 113 39 53 83 73 111 31 99 49 102 77 90 82 92 57 80 85 69 68 57 67 90 119 150 29 45 75 108 142 0 35 70 104 139 29 45 75 108 142 57 67 90 119 150
55 92 8 36 51 66 80 19 59 35 66 89 56 26 61 24 51 60 45 17 46 78 8 29 49 45 77 16 65 27 67 45 65 47 57 22 52 57 36 34 67 57 66 89 118 45 29 45 75 108 35 0 35 70 104 45 29 45 75 108 67 57 66 89 118
22 57 30 43 19 51 46 32 30 36 32 54 51 12 27 11 20 41 12 27 12 44 33 36 17 34 43 44 31 39 33 21 53 12 23 14 37 41 15 9 90 66 56 66 89 75 45 28 45 75 70 35 0 35 70 75 45 28 45 75 90 66 56 66 89
17 23 64 69 22 57 16 64 28 61 13 20 67 45 11 46 25 47 26 60 24 14 67 64 24 52 13 78 11 69 9 37 61 23 14 48 50 50 40 38 119 89 66 56 66 108 75 45 28 45 104 70 35 0 35 108 75 45 28 45 119 89 66 56 66
51 14 99 101 55 79 29 98 56 93 42 17 94 80 44 81 57 72 60 94 59 29 102 97 57 82 31 112 42 102 39 68 84 58 48 83 78 76 73 73 150 118 89 66 55 142 108 75 45 28 139 104 70 35 0 142 108 75 45 28 150 118 89 66 55
96 128 53 77 93 111 115 63 89 79 107 128 98 64 102 66 94 80 86 49 85 113 52 72 91 89 112 51 100 68 108 89 109 87 97 65 96 75 80 70 86 92 110 134 162 57 67 90 119 150 29 45 75 108 142 0 35 70 104 139 29 45 75 108 142
65 95 34 64 63 89 80 46 54 61 76 95 82 34 70 38 65 46 56 20 53 79 35 56 61 68 78 43 67 55 76 63 90 56 66 39 75 42 54 38 92 85 92 109 134 67 57 66 89 118 45 29 45 75 108 35 0 35 70 104 45 29 45 75 108
41 62 44 68 41 79 47 53 20 62 50 63 78 24 43 31 45 16 36 29 28 46 47 60 40 62 45 59 35 62 48 49 81 33 40 35 65 13 43 20 110 92 84 91 109 90 66 56 66 89 75 45 28 45 75 70 35 0 35 70 75 45 28 45 75
39 32 72 87 43 82 18 76 17 79 40 38 89 49 35 54 47 28 42 61 35 19 75 80 43 73 19 87 20 84 36 57 86 38 35 58 73 33 56 42 134 109 91 84 90 119 89 66 56 66 108 75 45 28 45 104 70 35 0 35 108 75 45 28 45
61 27 104 113 66 99 30 106 51 105 56 36 111 82 55 86 70 61 69 95 64 32 107 108 67 96 34 119 45 112 52 81 104 65 58 88 94 66 83 75 162 134 109 90 83 150 118 89 66 55 142 108 75 45 28 139 104 70 35 0 142 108 75 45 28
110 136 74 102 108 132 121 85 95 102 120 138 122 78 114 82 110 81 101 64 97 121 74 95 106 111 120 76 109 93 120 107 132 100 110 83 117 76 98 83 114 119 133 153 178 86 92 110 134 162 57 67 90 119 150 29 45 75 108 142 0 35 70 104 139
84 105 62 92 83 115 90 74 63 89 94 108 109 56 87 62 86 48 77 46 71 90 64 84 81 94 89 71 79 83 92 87 116 75 83 64 100 43 78 58 119 113 118 132 153 92 85 92 109 134 67 57 66 89 118 45 29 45 75 108 35 0 35 70 104
67 77 68 94 68 106 62 78 38 89 74 81 106 51 67 58 72 19 63 50 55 62 71 86 67 89 62 82 55 88 71 77 109 60 65 61 93 17 71 48 133 118 112 117 131 110 92 84 91 109 90 66 56 66 89 75 45 28 45 75 70 35 0 35 70
65 56 88 108 68 109 44 95 37 101 68 63 114 67 62 73 73 30 67 73 58 46 91 101 68 97 46 104 47 104 64 82 113 63 62 76 98 34 79 61 153 132 117 111 116 134 109 91 84 90 119 89 66 56 66 108 75 45 28 45 104 70 35 0 35
81 52 115 131 85 122 50 120 60 123 78 62 132 93 75 98 89 62 86 103 79 52 119 124 86 116 54 131 62 128 74 100 126 82 77 102 115 67 100 86 178 153 131 116 110 162 134 109 90 83 150 118 89 66 55 142 108 75 45 28 139 104 70 35 0
