0 47 85 16 70 58 6 23 15 76 37 79 19 34 38 23 24 51 61 8 31 51 81 25 72 23 33 62 8 76 44 62 14 32 48 23 27 74 72 25 120 91 68 59 68 109 76 47 31 47 104 70 35 3 35 107 74 43 25 43 117 88 64 53 63
47 0 92 42 86 23 46 30 32 86 62 83 33 26 27 55 58 66 80 45 75 6 88 46 81 51 46 16 39 76 72 76 37 29 33 57 56 90 97 64 130 111 101 102 114 109 86 73 75 91 93 65 46 49 72 84 50 20 27 59 83 49 18 26 58
85 92 0 70 19 76 79 97 81 9 49 9 74 68 66 107 64 34 28 91 104 96 4 60 13 62 53 97 82 18 47 24 92 67 59 107 59 18 36 106 39 30 53 84 117 26 10 44 79 113 39 30 52 84 117 63 58 72 97 126 89 86 95 115 141
16 42 70 0 57 47 11 30 14 62 25 64 9 23 25 38 17 37 49 22 45 47 67 10 58 11 18 56 12 60 34 48 23 19 34 39 16 61 62 40 106 80 62 60 77 94 62 36 34 59 89 54 20 16 51 92 60 32 30 57 104 76 57 56 74
70 86 19 57 0 74 65 85 70 11 34 20 62 60 59 92 48 21 11 78 88 90 18 48 12 48 42 94 69 25 29 10 79 58 55 92 44 5 21 91 50 26 36 65 98 44 10 27 61 96 55 34 42 69 101 75 62 66 86 113 100 90 93 107 130
58 23 76 47 74 0 55 48 43 72 59 68 40 25 23 72 60 58 71 58 88 25 72 46 67 53 42 22 50 60 68 66 52 28 20 74 56 78 89 80 114 99 96 105 123 91 73 68 81 104 72 47 41 59 88 61 28 15 46 80 63 31 20 48 81
6 46 79 11 65 55 0 26 14 71 33 74 15 31 34 28 20 46 56 13 35 50 76 20 67 18 28 60 7 71 40 57 16 28 44 28 22 69 68 30 115 87 65 58 70 104 71 42 30 50 99 65 30 6 40 103 70 40 27 48 113 85 62 55 67
23 30 97 30 85 48 26 0 16 89 55 90 24 33 36 26 44 65 77 18 48 32 93 38 84 40 44 44 19 85 63 76 10 32 46 28 45 90 91 35 134 109 90 82 88 119 89 65 54 63 109 76 45 26 42 106 71 37 3 34 110 77 47 30 45
15 32 81 14 70 43 14 16 0 74 39 75 8 22 25 31 29 49 62 16 45 37 78 23 69 24 28 47 7 70 48 60 12 20 36 32 30 74 76 37 118 93 75 71 82 104 74 49 43 61 96 62 29 17 47 96 62 29 17 46 104 74 49 43 61
76 86 9 62 11 72 71 89 74 0 41 10 66 62 60 99 55 26 20 83 96 91 7 53 6 54 46 93 74 17 38 16 84 60 54 99 50 12 30 98 45 29 46 76 109 35 1 36 70 105 44 28 45 75 108 66 56 66 89 118 91 84 91 109 134
37 62 49 25 34 59 33 55 39 41 0 45 33 37 38 59 15 16 24 45 56 67 47 17 37 16 18 74 37 44 10 26 47 34 40 59 11 37 37 58 83 55 39 49 76 74 40 11 33 66 76 43 19 36 68 87 61 46 55 80 105 84 74 80 98
79 83 9 64 20 68 74 90 75 10 45 0 67 60 58 102 60 30 28 86 101 88 6 55 10 57 47 89 76 9 45 22 86 60 51 102 54 21 40 102 47 38 55 84 116 30 11 42 76 111 35 21 46 78 112 57 49 63 90 120 82 77 87 107 134
19 33 74 9 62 40 15 24 8 66 33 67 0 16 19 38 25 42 55 22 49 38 70 16 61 19 21 48 11 62 42 53 20 14 30 39 24 66 69 43 111 86 70 69 84 96 66 43 43 64 89 54 22 20 53 90 56 25 24 54 99 70 49 48 68
34 26 68 23 60 25 31 33 22 62 37 60 16 0 4 53 36 41 55 37 65 31 64 22 57 29 21 37 27 54 47 51 33 4 15 54 33 65 72 58 106 85 76 81 99 88 62 48 56 80 77 44 20 36 68 75 41 10 32 66 83 54 38 48 75
38 27 66 25 59 23 34 36 25 60 38 58 19 4 0 56 38 40 54 40 68 32 62 24 54 30 21 38 30 51 47 49 36 6 11 57 34 63 71 61 104 84 76 82 101 85 60 48 58 83 73 41 20 39 71 71 37 9 35 69 80 52 37 50 78
23 55 107 38 92 72 28 26 31 99 59 102 38 53 56 0 45 73 83 17 25 58 104 48 94 45 56 70 28 98 65 84 21 51 67 2 49 96 93 11 142 112 86 69 66 131 99 68 43 40 126 92 57 24 17 127 93 59 28 23 134 102 73 51 48
24 58 64 17 48 60 20 44 29 55 15 60 25 36 38 45 0 31 39 31 42 63 61 15 52 8 21 72 25 58 21 40 36 33 44 45 6 52 49 43 98 68 46 45 66 89 55 23 22 53 89 55 23 22 53 98 68 46 45 66 113 88 73 72 86
51 66 34 37 21 58 46 65 49 26 16 30 42 41 40 73 31 0 14 58 72 71 31 28 22 29 22 76 49 29 18 11 59 39 38 73 25 25 32 73 70 45 40 60 90 59 26 16 48 82 61 30 22 50 83 74 52 48 65 93 95 78 75 87 110
61 80 28 49 11 71 56 77 62 20 24 28 55 55 54 83 39 14 0 69 77 85 27 40 19 39 35 90 60 31 19 8 71 52 52 83 35 14 19 81 59 32 30 57 89 54 19 17 51 86 62 37 35 60 91 80 63 62 78 104 103 90 89 101 122
8 45 91 22 78 58 13 18 16 83 45 86 22 37 40 17 31 58 69 0 31 48 88 32 79 30 39 60 11 82 52 69 8 35 51 18 34 81 80 22 127 99 76 64 71 115 83 54 37 47 110 75 41 10 31 111 77 45 20 36 119 89 62 48 56
31 75 104 45 88 88 35 48 45 96 56 101 49 65 68 25 42 72 77 31 0 79 102 51 93 46 60 90 39 99 59 81 39 62 78 23 48 90 82 15 135 103 72 48 42 130 95 61 28 16 130 96 62 30 18 136 104 74 50 44 148 118 93 75 71
51 6 96 47 90 25 50 32 37 91 67 88 38 31 32 58 63 71 85 48 79 0 92 51 85 56 51 12 43 81 77 81 40 34 37 60 61 95 102 67 134 116 106 106 118 113 91 78 79 95 96 69 51 53 74 86 53 25 30 60 83 49 16 23 57
81 88 4 67 18 72 76 93 78 7 47 6 70 64 62 104 61 31 27 88 102 92 0 57 10 59 50 94 78 14 45 22 89 63 56 104 56 18 37 104 43 33 53 83 116 28 8 42 77 111 38 26 49 81 114 61 54 68 93 123 87 82 92 111 137
25 46 60 10 48 46 20 38 23 53 17 55 16 22 24 48 15 28 40 32 51 51 57 0 48 7 9 59 22 51 27 39 32 19 30 48 11 52 54 49 97 71 55 59 80 84 52 28 36 65 80 46 11 25 59 86 55 32 39 66 99 74 59 63 83
72 81 13 58 12 67 67 84 69 6 37 10 61 57 54 94 52 22 19 79 93 85 10 48 0 50 41 88 69 14 36 13 80 55 49 95 47 14 32 94 50 34 47 75 107 38 6 33 68 102 44 24 40 71 105 64 52 61 84 114 88 80 86 104 129
23 51 62 11 48 53 18 40 24 54 16 57 19 29 30 45 8 29 39 30 46 56 59 7 50 0 15 64 22 55 24 40 32 25 37 45 6 52 52 45 98 70 51 53 73 87 54 26 29 59 85 50 17 22 56 92 61 38 41 65 106 81 65 66 83
33 46 53 18 42 42 28 44 28 46 18 47 21 21 21 56 21 22 35 39 60 51 50 9 41 15 0 57 29 43 27 33 39 18 24 56 16 47 52 57 91 67 56 64 87 77 46 28 43 73 72 37 3 33 68 77 47 29 44 74 92 68 57 66 88
62 16 97 56 94 22 60 44 47 93 74 89 48 37 38 70 72 76 90 60 90 12 94 59 88 64 57 0 54 81 84 85 52 41 39 72 69 98 108 79 135 119 113 116 129 112 93 85 90 106 93 69 57 64 86 79 48 29 42 71 74 39 4 31 66
8 39 82 12 69 50 7 19 7 74 37 76 11 27 30 28 25 49 60 11 39 43 78 22 69 22 29 54 0 72 45 60 11 24 41 28 27 73 73 32 118 91 71 65 76 105 74 47 37 55 99 65 31 11 42 101 67 35 21 45 110 80 56 48 62
76 76 18 60 25 60 71 85 70 17 44 9 62 54 51 98 58 29 31 82 99 81 14 51 14 55 43 81 72 0 45 24 81 54 44 98 52 28 45 99 54 46 60 87 118 35 18 43 76 110 33 13 42 75 110 50 41 56 84 116 75 69 79 101 128
44 72 47 34 29 68 40 63 48 38 10 45 42 47 47 65 21 18 19 52 59 77 45 27 36 24 27 84 45 45 0 23 55 44 49 65 19 32 29 62 78 48 29 43 73 72 38 3 33 67 77 47 28 42 72 91 67 56 64 87 111 92 84 89 106
62 76 24 48 10 66 57 76 60 16 26 22 53 51 49 84 40 11 8 69 81 81 22 39 13 40 33 85 60 24 23 0 70 49 46 84 36 14 26 83 59 35 38 64 95 50 15 21 55 90 56 29 32 61 93 73 55 57 76 104 96 83 84 98 121
14 37 92 23 79 52 16 10 12 84 47 86 20 33 36 21 36 59 71 8 39 40 89 32 80 32 39 52 11 81 55 70 0 31 47 22 37 83 84 28 129 102 81 72 78 115 84 58 44 55 108 74 41 16 37 107 73 39 13 35 114 82 55 40 52
32 29 67 19 58 28 28 32 20 60 34 60 14 4 6 51 33 39 52 35 62 34 63 19 55 25 18 41 24 54 44 49 31 0 17 52 29 63 69 56 105 83 73 77 96 88 61 45 53 77 78 44 18 33 66 77 43 14 31 65 86 58 41 49 75
48 33 59 34 55 20 44 46 36 54 40 51 30 15 11 67 44 38 52 51 78 37 56 30 49 37 24 39 41 44 49 46 47 17 0 68 39 59 70 72 98 81 77 88 109 77 55 49 65 92 63 32 22 49 82 61 27 13 45 80 70 45 38 57 87
23 57 107 39 92 74 28 28 32 99 59 102 39 54 57 2 45 73 83 18 23 60 104 48 95 45 56 72 28 98 65 84 22 52 68 0 49 96 92 9 142 112 85 67 64 131 98 67 42 38 127 92 58 24 15 128 94 61 30 24 135 104 75 53 49
27 56 59 16 44 56 22 45 30 50 11 54 24 33 34 49 6 25 35 34 48 61 56 11 47 6 16 69 27 52 19 36 37 29 39 49 0 48 47 48 93 65 46 49 72 84 50 21 28 59 83 49 18 26 58 92 62 42 46 70 107 83 70 72 89
74 90 18 61 5 78 69 90 74 12 37 21 66 65 63 96 52 25 14 81 90 95 18 52 14 52 47 98 73 28 32 14 83 63 59 96 48 0 19 94 46 22 35 66 100 42 11 30 64 98 55 37 46 73 104 77 65 71 90 117 102 93 97 112 134
72 97 36 62 21 89 68 91 76 30 37 40 69 72 71 93 49 32 19 80 82 102 37 54 32 52 52 108 73 45 29 26 84 69 70 92 47 19 0 89 55 21 17 51 85 59 29 27 55 88 74 54 52 70 98 95 80 79 92 114 120 108 107 117 135
25 64 106 40 91 80 30 35 37 98 58 102 43 58 61 11 43 73 81 22 15 67 104 49 94 45 57 79 32 99 62 83 28 56 72 9 48 94 89 0 140 109 81 60 56 131 98 65 37 29 128 94 59 25 11 132 98 66 38 31 141 110 82 62 57
120 130 39 106 50 114 115 134 118 45 83 47 111 106 104 142 98 70 59 127 135 134 43 97 50 98 91 135 118 54 78 59 129 105 98 142 93 46 55 140 0 35 70 104 139 29 45 75 108 142 57 67 90 119 150 86 92 110 134 162 114 119 133 153 178
91 111 30 80 26 99 87 109 93 29 55 38 86 85 84 112 68 45 32 99 103 116 33 71 34 70 67 119 91 46 48 35 102 83 81 112 65 22 21 109 35 0 35 70 104 45 29 45 75 108 67 57 66 89 118 92 85 92 109 134 119 113 118 132 153
68 101 53 62 36 96 65 90 75 46 39 55 70 76 76 86 46 40 30 76 72 106 53 55 47 51 56 113 71 60 29 38 81 73 77 85 46 35 17 81 70 35 0 35 70 75 45 28 45 75 90 66 56 66 89 110 92 84 91 109 133 118 112 117 131
59 102 84 60 65 105 58 82 71 76 49 84 69 81 82 69 45 60 57 64 48 106 83 59 75 53 64 116 65 87 43 64 72 77 88 67 49 66 51 60 104 70 35 0 35 108 75 45 28 45 119 89 66 56 66 134 109 91 84 90 153 132 117 111 116
68 114 117 77 98 123 70 88 82 109 76 116 84 99 101 66 66 90 89 71 42 118 116 80 107 73 87 129 76 118 73 95 78 96 109 64 72 100 85 56 139 104 70 35 0 142 108 75 45 28 150 118 89 66 55 162 134 109 90 83 178 153 131 116 110
109 109 26 94 44 91 104 119 104 35 74 30 96 88 85 131 89 59 54 115 130 113 28 84 38 87 77 112 105 35 72 50 115 88 77 131 84 42 59 131 29 45 75 108 142 0 35 70 104 139 29 45 75 108 142 57 67 90 119 150 86 92 110 134 162
76 86 10 62 10 73 71 89 74 1 40 11 66 62 60 99 55 26 19 83 95 91 8 52 6 54 46 93 74 18 38 15 84 61 55 98 50 11 29 98 45 29 45 75 108 35 0 35 70 104 45 29 45 75 108 67 57 66 89 118 92 85 92 109 134
47 73 44 36 27 68 42 65 49 36 11 42 43 48 48 68 23 16 17 54 61 78 42 28 33 26 28 85 47 43 3 21 58 45 49 67 21 30 27 65 75 45 28 45 75 70 35 0 35 70 75 45 28 45 75 90 66 56 66 89 110 92 84 91 109
31 75 79 34 61 81 30 54 43 70 33 76 43 56 58 43 22 48 51 37 28 79 77 36 68 29 43 90 37 76 33 55 44 53 65 42 28 64 55 37 108 75 45 28 45 104 70 35 0 35 108 75 45 28 45 119 89 66 56 66 134 109 91 84 90
47 91 113 59 96 104 50 63 61 105 66 111 64 80 83 40 53 82 86 47 16 95 111 65 102 59 73 106 55 110 67 90 55 77 92 38 59 98 88 29 142 108 75 45 28 139 104 70 35 0 142 108 75 45 28 150 118 89 66 55 162 134 109 90 83
104 93 39 89 55 72 99 109 96 44 76 35 89 77 73 126 89 61 62 110 130 96 38 80 44 85 72 93 99 33 77 56 108 78 63 127 83 55 74 128 57 67 90 119 150 29 45 75 108 142 0 35 70 104 139 29 45 75 108 142 57 67 90 119 150
70 65 30 54 34 47 65 76 62 28 43 21 54 44 41 92 55 30 37 75 96 69 26 46 24 50 37 69 65 13 47 29 74 44 32 92 49 37 54 94 67 57 66 89 118 45 29 45 75 108 35 0 35 70 104 45 29 45 75 108 67 57 66 89 118
35 46 52 20 42 41 30 45 29 45 19 46 22 20 20 57 23 22 35 41 62 51 49 11 40 17 3 57 31 42 28 32 41 18 22 58 18 46 52 59 90 66 56 66 89 75 45 28 45 75 70 35 0 35 70 75 45 28 45 75 90 66 56 66 89
3 49 84 16 69 59 6 26 17 75 36 78 20 36 39 24 22 50 60 10 30 53 81 25 71 22 33 64 11 75 42 61 16 33 49 24 26 73 70 25 119 89 66 56 66 108 75 45 28 45 104 70 35 0 35 108 75 45 28 45 119 89 66 56 66
35 72 117 51 101 88 40 42 47 108 68 112 53 68 71 17 53 83 91 31 18 74 114 59 105 56 68 86 42 110 72 93 37 66 82 15 58 104 98 11 150 118 89 66 55 142 108 75 45 28 139 104 70 35 0 142 108 75 45 28 150 118 89 66 55
107 84 63 92 75 61 103 106 96 66 87 57 90 75 71 127 98 74 80 111 136 86 61 86 64 92 77 79 101 50 91 73 107 77 61 128 92 77 95 132 86 92 110 134 162 57 67 90 119 150 29 45 75 108 142 0 35 70 104 139 29 45 75 108 142
74 50 58 60 62 28 70 71 62 56 61 49 56 41 37 93 68 52 63 77 104 53 54 55 52 61 47 48 67 41 67 55 73 43 27 94 62 65 80 98 92 85 92 109 134 67 57 66 89 118 45 29 45 75 108 35 0 35 70 104 45 29 45 75 108
43 20 72 32 66 15 40 37 29 66 46 63 25 10 9 59 46 48 62 45 74 25 68 32 61 38 29 29 35 56 56 57 39 14 13 61 42 71 79 66 110 92 84 91 109 90 66 56 66 89 75 45 28 45 75 70 35 0 35 70 75 45 28 45 75
25 27 97 30 86 46 27 3 17 89 55 90 24 32 35 28 45 65 78 20 50 30 93 39 84 41 44 42 21 84 64 76 13 31 45 30 46 90 92 38 134 109 91 84 90 119 89 66 56 66 108 75 45 28 45 104 70 35 0 35 108 75 45 28 45
43 59 126 57 113 80 48 34 46 118 80 120 54 66 69 23 66 93 104 36 44 60 123 66 114 65 74 71 45 116 87 104 35 65 80 24 70 117 114 31 162 134 109 90 83 150 118 89 66 55 142 108 75 45 28 139 104 70 35 0 142 108 75 45 28
117 83 89 104 100 63 113 110 104 91 105 82 99 83 80 134 113 95 103 119 148 83 87 99 88 106 92 74 110 75 111 96 114 86 70 135 107 102 120 141 114 119 133 153 178 86 92 110 134 162 57 67 90 119 150 29 45 75 108 142 0 35 70 104 139
88 49 86 76 90 31 85 77 74 84 84 77 70 54 52 102 88 78 90 89 118 49 82 74 80 81 68 39 80 69 92 83 82 58 45 104 83 93 108 110 119 113 118 132 153 92 85 92 109 134 67 57 66 89 118 45 29 45 75 108 35 0 35 70 104
64 18 95 57 93 20 62 47 49 91 74 87 49 38 37 73 73 75 89 62 93 16 92 59 86 65 57 4 56 79 84 84 55 41 38 75 70 97 107 82 133 118 112 117 131 110 92 84 91 109 90 66 56 66 89 75 45 28 45 75 70 35 0 35 70
53 26 115 56 107 48 55 30 43 109 80 107 48 48 50 51 72 87 101 48 75 23 111 63 104 66 66 31 48 101 89 98 40 49 57 53 72 112 117 62 153 132 117 111 116 134 109 91 84 90 119 89 66 56 66 108 75 45 28 45 104 70 35 0 35
63 58 141 74 130 81 67 45 61 134 98 134 68 75 78 48 86 110 122 56 71 57 137 83 129 83 88 66 62 128 106 121 52 75 87 49 89 134 135 57 178 153 131 116 110 162 134 109 90 83 150 118 89 66 55 142 108 75 45 28 139 104 70 35 0
