0 45 21 33 17 63 29 5 40 32 8 28 30 69 66 66 71 66 45 22 5 52 31 25 19 58 26 15 19 36 28 21 33 54 34 64 71 20 26 35 112 89 75 75 90 96 68 48 49 70 87 53 23 26 57 86 52 20 23 55 94 64 43 44 67
45 0 29 35 47 30 21 49 38 69 52 62 28 46 35 29 40 21 61 59 45 7 61 36 36 18 24 30 27 71 55 25 48 18 19 20 36 29 19 66 76 47 31 47 76 69 35 3 35 70 74 43 26 44 74 88 64 54 64 88 108 89 82 89 107
21 29 0 16 19 43 22 23 42 51 26 34 11 49 46 46 50 49 56 31 19 35 47 11 9 39 20 10 14 54 42 8 42 34 25 46 51 18 13 38 92 69 59 68 91 77 47 31 46 76 70 36 3 35 69 75 44 26 43 74 88 64 54 63 87
33 35 16 0 22 37 37 33 57 64 35 33 9 37 38 42 42 53 72 32 29 41 62 8 14 38 35 26 30 68 58 24 58 31 39 47 44 34 27 34 83 66 64 80 105 64 40 38 61 91 55 21 17 51 85 59 30 27 55 88 74 54 53 71 98
17 47 19 22 0 57 37 14 54 46 15 16 23 58 59 61 63 67 61 13 12 53 47 15 11 55 35 21 27 50 44 24 48 50 41 63 65 30 30 21 104 85 77 85 104 85 60 49 60 85 73 41 22 41 73 70 36 7 36 70 78 50 35 50 78
63 30 43 37 57 0 48 65 67 92 68 69 35 19 6 6 10 30 89 68 61 29 86 43 47 13 50 50 50 95 81 45 76 12 47 22 9 53 42 70 50 30 42 71 103 40 6 30 65 99 49 28 41 70 103 69 56 63 85 113 94 84 89 105 129
29 21 22 37 37 48 0 34 22 49 37 53 29 61 53 49 58 40 41 48 31 27 40 33 30 39 4 17 11 50 34 15 28 37 5 41 56 10 11 58 96 68 47 48 69 87 54 23 25 56 87 53 21 23 55 95 65 44 44 67 110 86 70 71 86
5 49 23 33 14 65 34 0 45 32 4 23 31 69 68 68 72 70 49 17 4 55 34 25 19 61 31 19 24 37 31 24 37 56 38 67 73 25 30 30 114 91 78 80 95 97 69 51 54 75 86 53 25 30 60 83 49 15 23 57 90 60 38 41 66
40 38 42 57 54 67 22 45 0 45 47 67 50 82 72 67 77 52 24 61 44 41 33 52 48 56 23 34 28 44 28 34 16 56 21 55 74 24 32 74 113 82 54 39 51 107 73 39 11 35 108 74 41 18 37 116 85 59 45 56 129 103 82 73 80
32 69 51 64 46 92 49 32 45 0 31 50 61 99 96 95 101 89 32 44 35 75 14 56 50 85 46 43 43 6 18 48 30 82 52 89 100 41 52 57 142 115 94 83 86 127 97 71 56 60 117 84 53 29 37 114 80 45 10 25 118 85 53 31 38
8 52 26 35 15 68 37 4 47 31 0 22 34 71 70 71 75 73 50 15 7 58 34 27 22 64 34 22 27 36 32 27 39 59 41 70 76 28 33 29 116 94 82 83 97 99 72 54 56 76 87 55 28 32 61 84 49 15 22 56 90 59 35 38 64
28 62 34 33 16 69 53 23 67 50 22 0 37 67 70 74 73 82 72 7 24 68 55 28 26 69 50 36 42 55 53 40 60 63 57 78 76 45 46 8 114 98 93 100 117 92 72 65 75 97 75 48 37 53 82 66 32 9 40 74 69 37 21 44 76
30 28 11 9 23 35 29 31 50 61 34 37 0 39 37 39 41 46 66 35 28 33 58 9 13 33 28 20 23 64 53 17 52 27 31 41 43 28 19 39 83 62 58 72 97 67 38 30 53 84 60 26 10 45 79 66 38 30 53 84 82 62 57 71 97
69 46 49 37 58 19 61 69 82 99 71 67 39 0 15 24 13 49 102 68 66 46 96 45 50 31 61 58 60 103 90 54 88 28 61 41 20 64 52 66 48 42 60 89 121 28 16 47 80 115 30 19 48 81 115 52 46 63 91 122 78 74 85 107 135
66 35 46 38 59 6 53 68 72 96 70 70 37 15 0 10 6 35 94 70 64 34 90 45 49 18 54 53 54 99 85 48 80 17 52 27 7 57 46 70 47 31 46 76 108 35 3 35 70 104 44 27 44 74 107 65 55 65 88 117 91 83 90 108 132
66 29 46 42 61 6 49 68 67 95 71 74 39 24 10 0 13 26 90 73 65 27 88 47 51 11 51 52 52 97 82 47 77 13 48 18 8 55 43 75 48 25 37 67 100 42 9 29 63 98 53 34 44 71 103 75 62 68 88 115 99 90 94 109 132
71 40 50 42 63 10 58 72 77 101 75 73 41 13 6 13 0 39 99 74 68 38 95 49 53 23 59 58 59 103 90 53 85 22 57 31 8 62 51 73 42 30 49 80 113 30 5 40 75 109 41 28 48 79 112 64 56 69 93 122 90 85 93 112 137
66 21 49 53 67 30 40 70 52 89 73 82 46 49 35 26 39 0 75 79 66 15 79 55 56 19 43 51 48 90 73 46 65 25 37 9 32 49 40 85 65 31 13 42 76 66 34 19 45 78 79 54 46 61 88 98 80 74 84 105 121 106 102 109 126
45 61 56 72 61 89 41 49 24 32 50 72 66 102 94 90 99 75 0 65 50 65 20 66 60 79 41 47 43 28 19 50 15 78 43 78 96 39 50 79 136 105 77 57 54 128 94 62 33 29 126 91 56 22 14 129 96 64 38 34 139 108 81 62 60
22 59 31 32 13 68 48 17 61 44 15 7 35 68 70 73 74 79 65 0 18 65 48 26 23 67 45 32 37 49 47 35 53 62 52 75 76 39 41 14 115 97 89 95 111 94 72 61 69 91 79 50 33 47 75 72 37 6 34 68 75 44 24 40 72
5 45 19 29 12 61 31 4 44 35 7 24 28 66 64 65 68 66 50 18 0 52 36 22 16 57 28 16 21 40 32 20 37 52 35 63 69 22 26 31 110 87 75 78 94 93 65 48 52 74 83 50 22 30 61 81 47 15 26 59 89 60 40 45 70
52 7 35 41 53 29 27 55 41 75 58 68 33 46 34 27 38 15 65 65 52 0 66 42 42 16 29 37 33 76 60 32 53 18 24 14 34 35 26 72 72 41 25 44 75 68 34 5 37 72 75 46 32 49 78 91 69 60 70 93 112 94 88 95 113
31 61 47 62 47 86 40 34 33 14 34 55 58 96 90 88 95 79 20 48 36 66 0 55 49 78 38 38 37 12 7 43 17 75 43 80 94 34 45 62 135 107 84 71 73 123 91 63 44 48 117 82 49 18 28 116 82 48 18 27 123 91 62 43 48
25 36 11 8 15 43 33 25 52 56 27 28 9 45 45 47 49 55 66 26 22 42 55 0 6 42 31 19 25 60 50 19 52 36 36 50 51 29 23 31 90 71 66 78 101 72 46 38 57 86 62 29 13 44 78 64 33 21 47 80 78 55 48 64 91
19 36 9 14 11 47 30 19 48 50 22 26 13 50 49 51 53 56 60 23 16 42 49 6 0 45 27 15 21 54 45 16 46 39 33 52 55 24 21 30 95 74 67 76 98 78 51 39 54 82 68 34 11 39 73 70 37 18 41 74 82 56 46 59 85
58 18 39 38 55 13 39 61 56 85 64 69 33 31 18 11 23 19 79 67 57 16 78 42 45 0 40 44 43 87 72 39 66 7 37 11 18 45 34 71 58 31 31 58 91 52 18 18 53 87 61 36 36 61 92 80 62 62 79 105 103 90 89 102 123
26 24 20 35 35 50 4 31 23 46 34 50 28 61 54 51 59 43 41 45 28 29 38 31 27 40 0 14 8 48 32 12 27 38 8 43 57 7 10 55 98 70 50 51 71 88 55 25 27 57 86 52 19 21 54 94 63 41 42 65 108 83 67 68 84
15 30 10 26 21 50 17 19 34 43 22 36 20 58 53 52 58 51 47 32 16 37 38 19 15 44 14 0 7 46 33 6 33 40 21 49 58 10 11 42 99 74 60 64 84 85 54 33 40 67 79 45 11 26 60 83 51 27 36 65 96 70 54 59 80
19 27 14 30 27 50 11 24 28 43 27 42 23 60 54 52 59 48 43 37 21 33 37 25 21 43 8 7 0 46 31 7 29 39 15 46 58 5 9 48 99 73 56 58 78 87 55 29 34 62 83 48 14 22 57 88 57 33 37 64 102 76 60 62 81
36 71 54 68 50 95 50 37 44 6 36 55 64 103 99 97 103 90 28 49 40 76 12 60 54 87 48 46 46 0 17 51 28 84 53 90 103 43 54 62 144 117 95 82 82 130 100 73 55 56 122 88 56 29 32 119 85 50 16 20 123 90 59 35 37
28 55 42 58 44 81 34 31 28 18 32 53 53 90 85 82 90 73 19 47 32 60 7 50 45 72 32 33 31 17 0 37 12 69 37 74 88 28 39 60 129 101 78 66 71 118 86 57 38 47 112 77 43 12 30 113 79 46 20 33 121 90 63 47 54
21 25 8 24 24 45 15 24 34 48 27 40 17 54 48 47 53 46 50 35 20 32 43 19 16 39 12 6 7 51 37 0 35 35 18 44 53 11 7 45 94 69 55 61 83 81 50 28 39 68 77 42 7 28 63 82 51 31 41 69 96 72 58 64 85
33 48 42 58 48 76 28 37 16 30 39 60 52 88 80 77 85 65 15 53 37 53 17 52 46 66 27 33 29 28 12 35 0 64 30 67 83 25 36 67 124 94 68 54 60 114 81 49 27 38 111 77 42 8 28 115 83 52 31 41 126 96 72 58 64
54 18 34 31 50 12 37 56 56 82 59 63 27 28 17 13 22 25 78 62 52 18 75 36 39 7 38 40 39 84 69 35 64 0 36 17 19 42 31 65 61 36 37 62 93 52 17 19 53 88 57 30 31 59 91 74 56 56 75 102 97 83 83 97 119
34 19 25 39 41 47 5 38 21 52 41 57 31 61 52 48 57 37 43 52 35 24 43 36 33 37 8 21 15 53 37 18 30 36 0 38 54 14 13 62 95 65 43 44 66 87 52 20 22 55 87 54 24 25 56 97 68 48 48 69 113 89 75 75 90
64 20 46 47 63 22 41 67 55 89 70 78 41 41 27 18 31 9 78 75 63 14 80 50 52 11 43 49 46 90 74 44 67 17 38 0 24 48 38 80 59 28 20 50 84 59 26 18 49 83 70 47 43 62 91 90 73 70 83 107 113 100 98 107 126
71 36 51 44 65 9 56 73 74 100 76 76 43 20 7 8 8 32 96 76 69 34 94 51 55 18 57 58 58 103 88 53 83 19 54 24 0 61 49 77 42 24 43 74 107 35 5 36 70 105 48 34 49 78 110 71 62 71 93 121 97 90 96 113 137
20 29 18 34 30 53 10 25 24 41 28 45 28 64 57 55 62 49 39 39 22 35 34 29 24 45 7 10 5 43 28 11 25 42 14 48 61 0 12 51 102 75 56 56 74 91 58 31 31 58 87 53 18 18 52 93 61 36 35 60 105 79 62 61 78
26 19 13 27 30 42 11 30 32 52 33 46 19 52 46 43 51 40 50 41 26 26 45 23 21 34 10 11 9 54 39 7 36 31 13 38 49 12 0 50 91 64 49 56 79 79 47 22 35 66 77 43 11 29 63 85 55 37 46 72 100 77 65 70 89
35 66 38 34 21 70 58 30 74 57 29 8 39 66 70 75 73 85 79 14 31 72 62 31 30 71 55 42 48 62 60 45 67 65 62 80 77 51 50 0 113 99 96 105 124 90 72 69 81 104 72 47 41 60 89 61 27 16 47 81 62 30 20 48 82
112 76 92 83 104 50 96 114 113 142 116 114 83 48 47 48 42 65 136 115 110 72 135 90 95 58 98 99 99 144 129 94 124 61 95 59 42 102 91 113 0 35 70 104 139 29 45 75 108 142 57 67 90 119 150 86 92 110 134 162 114 119 133 153 178
89 47 69 66 85 30 68 91 82 115 94 98 62 42 31 25 30 31 105 97 87 41 107 71 74 31 70 74 73 117 101 69 94 36 65 28 24 75 64 99 35 0 35 70 104 45 29 45 75 108 67 57 66 89 118 92 85 92 109 134 119 113 118 132 153
75 31 59 64 77 42 47 78 54 94 82 93 58 60 46 37 49 13 77 89 75 25 84 66 67 31 50 60 56 95 78 55 68 37 43 20 43 56 49 96 70 35 0 35 70 75 45 28 45 75 90 66 56 66 89 110 92 84 91 109 133 118 112 117 131
75 47 68 80 85 71 48 80 39 83 83 100 72 89 76 67 80 42 57 95 78 44 71 78 76 58 51 64 58 82 66 61 54 62 44 50 74 56 56 105 104 70 35 0 35 108 75 45 28 45 119 89 66 56 66 134 109 91 84 90 153 132 117 111 116
90 76 91 105 104 103 69 95 51 86 97 117 97 121 108 100 113 76 54 111 94 75 73 101 98 91 71 84 78 82 71 83 60 93 66 84 107 74 79 124 139 104 70 35 0 142 108 75 45 28 150 118 89 66 55 162 134 109 90 83 178 153 131 116 110
96 69 77 64 85 40 87 97 107 127 99 92 67 28 35 42 30 66 128 94 93 68 123 72 78 52 88 85 87 130 118 81 114 52 87 59 35 91 79 90 29 45 75 108 142 0 35 70 104 139 29 45 75 108 142 57 67 90 119 150 86 92 110 134 162
68 35 47 40 60 6 54 69 73 97 72 72 38 16 3 9 5 34 94 72 65 34 91 46 51 18 55 54 55 100 86 50 81 17 52 26 5 58 47 72 45 29 45 75 108 35 0 35 70 104 45 29 45 75 108 67 57 66 89 118 92 85 92 109 134
48 3 31 38 49 30 23 51 39 71 54 65 30 47 35 29 40 19 62 61 48 5 63 38 39 18 25 33 29 73 57 28 49 19 20 18 36 31 22 69 75 45 28 45 75 70 35 0 35 70 75 45 28 45 75 90 66 56 66 89 110 92 84 91 109
49 35 46 61 60 65 25 54 11 56 56 75 53 80 70 63 75 45 33 69 52 37 44 57 54 53 27 40 34 55 38 39 27 53 22 49 70 31 35 81 108 75 45 28 45 104 70 35 0 35 108 75 45 28 45 119 89 66 56 66 134 109 91 84 90
70 70 76 91 85 99 56 75 35 60 76 97 84 115 104 98 109 78 29 91 74 72 48 86 82 87 57 67 62 56 47 68 38 88 55 83 105 58 66 104 142 108 75 45 28 139 104 70 35 0 142 108 75 45 28 150 118 89 66 55 162 134 109 90 83
87 74 70 55 73 49 87 86 108 117 87 75 60 30 44 53 41 79 126 79 83 75 117 62 68 61 86 79 83 122 112 77 111 57 87 70 48 87 77 72 57 67 90 119 150 29 45 75 108 142 0 35 70 104 139 29 45 75 108 142 57 67 90 119 150
53 43 36 21 41 28 53 53 74 84 55 48 26 19 27 34 28 54 91 50 50 46 82 29 34 36 52 45 48 88 77 42 77 30 54 47 34 53 43 47 67 57 66 89 118 45 29 45 75 108 35 0 35 70 104 45 29 45 75 108 67 57 66 89 118
23 26 3 17 22 41 21 25 41 53 28 37 10 48 44 44 48 46 56 33 22 32 49 13 11 36 19 11 14 56 43 7 42 31 24 43 49 18 11 41 90 66 56 66 89 75 45 28 45 75 70 35 0 35 70 75 45 28 45 75 90 66 56 66 89
26 44 35 51 41 70 23 30 18 29 32 53 45 81 74 71 79 61 22 47 30 49 18 44 39 61 21 26 22 29 12 28 8 59 25 62 78 18 29 60 119 89 66 56 66 108 75 45 28 45 104 70 35 0 35 108 75 45 28 45 119 89 66 56 66
57 74 69 85 73 103 55 60 37 37 61 82 79 115 107 103 112 88 14 75 61 78 28 78 73 92 54 60 57 32 30 63 28 91 56 91 110 52 63 89 150 118 89 66 55 142 108 75 45 28 139 104 70 35 0 142 108 75 45 28 150 118 89 66 55
86 88 75 59 70 69 95 83 116 114 84 66 66 52 65 75 64 98 129 72 81 91 116 64 70 80 94 83 88 119 113 82 115 74 97 90 71 93 85 61 86 92 110 134 162 57 67 90 119 150 29 45 75 108 142 0 35 70 104 139 29 45 75 108 142
52 64 44 30 36 56 65 49 85 80 49 32 38 46 55 62 56 80 96 37 47 69 82 33 37 62 63 51 57 85 79 51 83 56 68 73 62 61 55 27 92 85 92 109 134 67 57 66 89 118 45 29 45 75 108 35 0 35 70 104 45 29 45 75 108
20 54 26 27 7 63 44 15 59 45 15 9 30 63 65 68 69 74 64 6 15 60 48 21 18 62 41 27 33 50 46 31 52 56 48 70 71 36 37 16 110 92 84 91 109 90 66 56 66 89 75 45 28 45 75 70 35 0 35 70 75 45 28 45 75
23 64 43 55 36 85 44 23 45 10 22 40 53 91 88 88 93 84 38 34 26 70 18 47 41 79 42 36 37 16 20 41 31 75 48 83 93 35 46 47 134 109 91 84 90 119 89 66 56 66 108 75 45 28 45 104 70 35 0 35 108 75 45 28 45
55 88 74 88 70 113 67 57 56 25 56 74 84 122 117 115 122 105 34 68 59 93 27 80 74 105 65 65 64 20 33 69 41 102 69 107 121 60 72 81 162 134 109 90 83 150 118 89 66 55 142 108 75 45 28 139 104 70 35 0 142 108 75 45 28
94 108 88 74 78 94 110 90 129 118 90 69 82 78 91 99 90 121 139 75 89 112 123 78 82 103 108 96 102 123 121 96 126 97 113 113 97 105 100 62 114 119 133 153 178 86 92 110 134 162 57 67 90 119 150 29 45 75 108 142 0 35 70 104 139
64 89 64 54 50 84 86 60 103 85 59 37 62 74 83 90 85 106 108 44 60 94 91 55 56 90 83 70 76 90 90 72 96 83 89 100 90 79 77 30 119 113 118 132 153 92 85 92 109 134 67 57 66 89 118 45 29 45 75 108 35 0 35 70 104
43 82 54 53 35 89 70 38 82 53 35 21 57 85 90 94 93 102 81 24 40 88 62 48 46 89 67 54 60 59 63 58 72 83 75 98 96 62 65 20 133 118 112 117 131 110 92 84 91 109 90 66 56 66 89 75 45 28 45 75 70 35 0 35 70
44 89 63 71 50 105 71 41 73 31 38 44 71 107 108 109 112 109 62 40 45 95 43 64 59 102 68 59 62 35 47 64 58 97 75 107 113 61 70 48 153 132 117 111 116 134 109 91 84 90 119 89 66 56 66 108 75 45 28 45 104 70 35 0 35
67 107 87 98 78 129 86 66 80 38 64 76 97 135 132 132 137 126 60 72 70 113 48 91 85 123 84 80 81 37 54 85 64 119 90 126 137 78 89 82 178 153 131 116 110 162 134 109 90 83 150 118 89 66 55 142 108 75 45 28 139 104 70 35 0
