0 24 29 25 30 38 9 19 50 34 17 49 17 35 42 46 41 41 25 31 48 19 3 30 31 51 28 11 47 32 3 43 20 47 40 51 31 45 24 45 88 62 49 59 83 75 43 21 39 70 73 38 8 33 68 81 52 36 48 76 96 74 64 71 92
24 0 22 45 11 38 29 14 64 52 35 63 8 40 58 59 53 62 8 51 53 27 22 52 15 65 33 26 63 35 26 58 5 51 41 61 49 66 11 57 90 72 69 82 106 71 46 42 61 90 59 26 17 48 82 60 29 21 50 83 73 51 46 64 93
29 22 0 37 32 57 28 32 47 62 45 77 24 21 70 73 68 69 15 60 32 43 28 48 36 79 15 37 49 53 32 71 23 31 61 77 39 73 11 72 69 54 59 80 109 50 26 36 66 99 44 10 27 61 96 55 34 42 69 101 75 62 66 86 113
25 45 37 0 53 61 17 43 28 45 35 63 40 28 54 60 58 43 42 39 36 43 27 12 55 63 26 34 23 56 26 57 42 35 63 68 7 48 40 62 72 41 25 44 75 68 34 5 37 72 75 46 32 49 78 91 69 60 70 93 112 94 88 95 113
30 11 32 53 0 31 37 14 74 52 36 60 14 51 57 57 50 64 18 53 63 26 28 60 5 63 43 28 73 29 31 55 13 62 35 56 58 67 22 53 100 83 78 88 108 80 57 50 64 91 67 36 23 47 79 63 29 10 42 77 72 45 36 54 84
38 38 57 61 31 0 46 26 87 35 28 34 33 71 35 32 25 50 44 40 84 19 37 62 27 38 63 28 84 6 36 31 35 83 5 28 68 51 47 27 123 99 84 81 92 107 78 57 53 70 96 63 34 27 52 93 58 24 13 47 98 66 40 34 56
9 29 28 17 37 46 0 26 42 38 23 55 23 29 47 51 48 42 28 34 41 27 10 24 38 56 23 19 39 41 10 49 25 40 48 58 23 47 26 52 80 54 42 55 82 70 37 14 38 72 70 37 15 39 72 81 55 43 56 82 99 79 71 79 100
19 14 32 43 14 26 26 0 66 39 23 49 8 47 45 46 40 51 20 40 60 14 17 48 13 52 39 15 65 22 19 44 11 58 29 48 49 54 22 43 99 77 67 75 95 82 54 39 51 78 72 39 12 35 69 74 41 18 37 70 85 59 45 56 81
50 64 47 28 74 87 42 66 0 72 63 91 61 28 81 87 85 68 59 66 24 69 51 34 76 90 33 60 8 82 52 85 62 23 89 95 21 72 55 89 48 15 23 57 92 53 27 32 61 94 70 53 55 76 104 93 80 82 97 120 118 108 109 121 140
34 52 62 45 52 35 38 39 72 0 18 19 45 67 9 16 16 15 56 8 78 27 35 39 50 19 60 27 66 30 31 13 48 77 33 25 51 17 56 19 116 86 60 48 58 108 74 42 21 39 106 72 37 8 35 112 80 51 36 49 124 96 73 64 72
17 35 45 35 36 28 23 23 63 18 0 33 27 52 25 29 25 29 38 18 64 12 18 34 35 34 45 10 58 22 15 27 30 63 29 35 42 32 39 29 103 76 56 55 73 92 59 31 29 56 89 54 20 17 51 94 63 37 35 60 107 80 63 61 78
49 63 77 63 60 34 55 49 91 19 33 0 56 84 11 4 10 28 68 26 96 36 50 58 57 5 77 41 85 32 47 7 59 94 30 10 70 27 69 8 134 104 78 62 63 124 91 60 36 37 120 85 51 17 20 122 89 56 29 31 131 100 72 54 55
17 8 24 40 14 33 23 8 61 45 27 56 0 40 51 53 47 55 13 44 53 20 15 47 16 59 32 18 60 30 19 51 4 52 37 55 45 59 15 50 91 71 65 75 98 74 47 37 54 83 65 31 10 41 75 68 36 21 45 78 81 57 49 63 89
35 40 21 28 51 71 29 47 28 67 52 84 40 0 75 80 76 69 34 62 14 53 36 39 54 84 8 46 31 66 38 77 39 12 74 86 26 73 30 80 53 33 43 71 103 42 8 29 63 98 48 26 38 68 101 67 53 60 82 111 91 81 86 102 126
42 58 70 54 57 35 47 45 81 9 25 11 51 75 0 8 12 19 63 16 87 32 42 48 55 10 69 34 75 32 39 6 54 85 32 19 60 18 64 14 125 94 68 53 58 116 82 50 26 35 114 79 44 11 26 118 85 55 33 41 129 99 74 61 65
46 59 73 60 57 32 51 46 87 16 29 4 53 80 8 0 7 27 65 23 92 33 46 55 54 7 74 37 82 30 43 3 56 91 28 11 67 26 66 6 131 101 76 60 63 121 88 57 34 39 116 82 47 13 23 119 85 53 28 33 128 97 70 54 57
41 53 68 58 50 25 48 40 85 16 25 10 47 76 12 7 0 30 59 23 89 27 42 54 47 14 69 32 80 23 39 7 50 87 22 10 65 30 60 5 128 99 75 63 69 116 84 54 36 45 111 76 42 10 30 113 79 46 22 35 121 90 64 49 56
41 62 69 43 64 50 42 51 68 15 29 28 55 69 19 27 30 0 65 12 79 39 42 35 63 26 64 37 62 45 38 24 58 77 48 37 49 5 65 32 115 83 53 34 45 110 76 41 9 30 112 79 46 23 37 121 91 65 50 58 135 109 88 78 83
25 8 15 42 18 44 28 20 59 56 38 68 13 34 63 65 59 65 0 55 46 33 23 51 22 71 27 29 59 41 27 63 10 45 48 67 46 69 5 62 83 66 66 82 107 63 40 40 63 94 53 19 19 53 87 56 28 28 56 89 72 52 52 72 100
31 51 60 39 53 40 34 40 66 8 18 26 44 62 16 23 23 12 55 0 73 28 32 33 52 25 56 26 60 35 28 20 47 71 38 32 45 15 55 26 111 80 53 42 56 103 69 36 14 40 103 69 36 15 40 111 80 53 42 56 124 97 77 70 79
48 53 32 36 63 84 41 60 24 78 64 96 53 14 87 92 89 79 46 73 0 67 49 47 67 96 21 59 30 79 51 89 52 2 87 99 32 83 42 93 40 23 44 76 109 33 7 38 73 107 47 34 51 80 112 71 63 73 95 123 97 91 98 115 139
19 27 43 43 26 19 27 14 69 27 12 36 20 53 32 33 27 39 33 28 67 0 18 44 24 39 46 9 65 14 18 31 23 65 21 35 49 42 34 30 106 81 65 66 83 92 61 39 41 65 85 50 17 22 56 87 54 26 29 59 98 70 51 53 73
3 22 28 27 28 37 10 17 51 35 18 50 15 36 42 46 42 42 23 32 49 18 0 32 29 51 29 10 49 31 5 44 18 47 39 51 33 46 23 46 88 63 51 61 84 75 43 23 40 72 72 37 6 34 68 79 50 34 47 75 95 72 62 70 91
30 52 48 12 60 62 24 48 34 39 34 58 47 39 48 55 54 35 51 33 47 44 32 0 61 57 37 36 28 56 29 52 49 45 63 64 15 39 49 58 81 48 22 33 64 79 45 13 27 61 87 57 38 45 70 102 78 65 69 88 122 102 93 95 110
31 15 36 55 5 27 38 13 76 50 35 57 16 54 55 54 47 63 22 52 67 24 29 61 0 60 47 27 75 26 32 53 15 65 31 53 60 66 25 50 104 86 79 88 107 84 61 51 64 89 71 39 24 45 76 67 32 6 39 73 75 46 34 51 80
51 65 79 63 63 38 56 52 90 19 34 5 59 84 10 7 14 26 71 25 96 39 51 57 60 0 78 42 84 36 48 8 62 95 34 14 69 24 72 12 134 104 77 59 58 125 92 60 34 33 122 87 53 18 17 125 92 60 33 32 134 104 77 58 58
28 33 15 26 43 63 23 39 33 60 45 77 32 8 69 74 69 64 27 56 21 46 29 37 47 78 0 39 35 59 31 71 32 20 66 79 25 68 23 73 60 40 45 69 100 48 16 25 59 93 50 22 30 61 95 66 49 52 74 104 89 76 79 94 119
11 26 37 34 28 28 19 15 60 27 10 41 18 46 34 37 32 37 29 26 59 9 10 36 27 42 39 0 57 22 9 35 21 57 30 41 40 41 30 36 98 72 57 61 81 85 53 30 37 65 80 45 11 25 59 85 54 31 38 66 98 73 58 61 81
47 63 49 23 73 84 39 65 8 66 58 85 60 31 75 82 80 62 59 60 30 65 49 28 75 84 35 57 0 79 48 79 61 29 86 90 17 65 55 84 56 22 15 49 84 61 32 27 54 87 76 56 53 71 98 98 83 81 93 115 122 110 109 118 135
32 35 53 56 29 6 41 22 82 30 22 32 30 66 32 30 23 45 41 35 79 14 31 56 26 36 59 22 79 0 31 29 32 78 8 28 62 47 44 25 118 94 78 75 88 103 74 52 48 67 93 60 29 23 51 92 58 24 16 49 99 68 44 40 61
3 26 32 26 31 36 10 19 52 31 15 47 19 38 39 43 39 38 27 28 51 18 5 29 32 48 31 9 48 31 0 41 22 49 38 48 32 42 27 43 90 64 50 57 80 78 46 22 36 68 75 41 9 31 65 83 54 36 46 73 99 75 64 70 90
43 58 71 57 55 31 49 44 85 13 27 7 51 77 6 3 7 24 63 20 89 31 44 52 53 8 71 35 79 29 41 0 54 88 28 13 64 24 64 8 128 98 73 58 62 118 85 54 31 39 114 80 45 11 25 117 84 52 28 36 127 96 70 55 59
20 5 23 42 13 35 25 11 62 48 30 59 4 39 54 56 50 58 10 47 52 23 18 49 15 62 32 21 61 32 22 54 0 51 39 58 46 62 13 53 90 71 66 78 101 72 46 38 57 86 62 29 13 44 78 64 33 21 47 80 78 55 48 64 91
47 51 31 35 62 83 40 58 23 77 63 94 52 12 85 91 87 77 45 71 2 65 47 45 65 95 20 57 29 78 49 88 51 0 85 97 31 82 41 91 41 24 43 75 108 34 6 37 71 106 48 34 49 78 111 71 62 71 94 122 96 90 97 114 138
40 41 61 63 35 5 48 29 89 33 29 30 37 74 32 28 22 48 48 38 87 21 39 63 31 34 66 30 86 8 38 28 39 85 0 24 69 49 51 23 126 101 84 80 89 110 81 59 52 66 100 67 37 25 48 97 63 28 9 42 103 71 43 33 53
51 61 77 68 56 28 58 48 95 25 35 10 55 86 19 11 10 37 67 32 99 35 51 64 53 14 79 41 90 28 48 13 58 97 24 0 75 36 69 7 137 109 85 71 72 126 94 64 44 46 119 85 51 20 25 119 85 51 21 25 126 94 65 45 47
31 49 39 7 58 68 23 49 21 51 42 70 45 26 60 67 65 49 46 45 32 49 33 15 60 69 25 40 17 62 32 64 46 31 69 75 0 53 43 68 67 35 21 45 78 64 30 11 42 76 74 47 38 55 84 91 71 65 77 99 113 98 93 101 119
45 66 73 48 67 51 47 54 72 17 32 27 59 73 18 26 30 5 69 15 83 42 46 39 66 24 68 41 65 47 42 24 62 82 49 36 53 0 69 31 119 86 56 35 42 114 80 45 12 26 116 83 50 25 33 125 94 67 51 56 139 112 90 78 81
24 11 11 40 22 47 26 22 55 56 39 69 15 30 64 66 60 65 5 55 42 34 23 49 25 72 23 30 55 44 27 64 13 41 51 69 43 69 0 64 79 62 63 80 106 60 36 37 62 94 51 17 20 54 89 57 30 31 59 92 74 56 56 75 103
45 57 72 62 53 27 52 43 89 19 29 8 50 80 14 6 5 32 62 26 93 30 46 58 50 12 73 36 84 25 43 8 53 91 23 7 68 31 64 0 132 103 79 66 69 120 88 58 38 45 115 80 46 14 27 116 82 49 22 31 124 92 65 48 53
88 90 69 72 100 123 80 99 48 116 103 134 91 53 125 131 128 115 83 111 40 106 88 81 104 134 60 98 56 118 90 128 90 41 126 137 67 119 79 132 0 35 70 104 139 29 45 75 108 142 57 67 90 119 150 86 92 110 134 162 114 119 133 153 178
62 72 54 41 83 99 54 77 15 86 76 104 71 33 94 101 99 83 66 80 23 81 63 48 86 104 40 72 22 94 64 98 71 24 101 109 35 86 62 103 35 0 35 70 104 45 29 45 75 108 67 57 66 89 118 92 85 92 109 134 119 113 118 132 153
49 69 59 25 78 84 42 67 23 60 56 78 65 43 68 76 75 53 66 53 44 65 51 22 79 77 45 57 15 78 50 73 66 43 84 85 21 56 63 79 70 35 0 35 70 75 45 28 45 75 90 66 56 66 89 110 92 84 91 109 133 118 112 117 131
59 82 80 44 88 81 55 75 57 48 55 62 75 71 53 60 63 34 82 42 76 66 61 33 88 59 69 61 49 75 57 58 78 75 80 71 45 35 80 66 104 70 35 0 35 108 75 45 28 45 119 89 66 56 66 134 109 91 84 90 153 132 117 111 116
83 106 109 75 108 92 82 95 92 58 73 63 98 103 58 63 69 45 107 56 109 83 84 64 107 58 100 81 84 88 80 62 101 108 89 72 78 42 106 69 139 104 70 35 0 142 108 75 45 28 150 118 89 66 55 162 134 109 90 83 178 153 131 116 110
75 71 50 68 80 107 70 82 53 108 92 124 74 42 116 121 116 110 63 103 33 92 75 79 84 125 48 85 61 103 78 118 72 34 110 126 64 114 60 120 29 45 75 108 142 0 35 70 104 139 29 45 75 108 142 57 67 90 119 150 86 92 110 134 162
43 46 26 34 57 78 37 54 27 74 59 91 47 8 82 88 84 76 40 69 7 61 43 45 61 92 16 53 32 74 46 85 46 6 81 94 30 80 36 88 45 29 45 75 108 35 0 35 70 104 45 29 45 75 108 67 57 66 89 118 92 85 92 109 134
21 42 36 5 50 57 14 39 32 42 31 60 37 29 50 57 54 41 40 36 38 39 23 13 51 60 25 30 27 52 22 54 38 37 59 64 11 45 37 58 75 45 28 45 75 70 35 0 35 70 75 45 28 45 75 90 66 56 66 89 110 92 84 91 109
39 61 66 37 64 53 38 51 61 21 29 36 54 63 26 34 36 9 63 14 73 41 40 27 64 34 59 37 54 48 36 31 57 71 52 44 42 12 62 38 108 75 45 28 45 104 70 35 0 35 108 75 45 28 45 119 89 66 56 66 134 109 91 84 90
70 90 99 72 91 70 72 78 94 39 56 37 83 98 35 39 45 30 94 40 107 65 72 61 89 33 93 65 87 67 68 39 86 106 66 46 76 26 94 45 142 108 75 45 28 139 104 70 35 0 142 108 75 45 28 150 118 89 66 55 162 134 109 90 83
73 59 44 75 67 96 70 72 70 106 89 120 65 48 114 116 111 112 53 103 47 85 72 87 71 122 50 80 76 93 75 114 62 48 100 119 74 116 51 115 57 67 90 119 150 29 45 75 108 142 0 35 70 104 139 29 45 75 108 142 57 67 90 119 150
38 26 10 46 36 63 37 39 53 72 54 85 31 26 79 82 76 79 19 69 34 50 37 57 39 87 22 45 56 60 41 80 29 34 67 85 47 83 17 80 67 57 66 89 118 45 29 45 75 108 35 0 35 70 104 45 29 45 75 108 67 57 66 89 118
8 17 27 32 23 34 15 12 55 37 20 51 10 38 44 47 42 46 19 36 51 17 6 38 24 53 30 11 53 29 9 45 13 49 37 51 38 50 20 46 90 66 56 66 89 75 45 28 45 75 70 35 0 35 70 75 45 28 45 75 90 66 56 66 89
33 48 61 49 47 27 39 35 76 8 17 17 41 68 11 13 10 23 53 15 80 22 34 45 45 18 61 25 71 23 31 11 44 78 25 20 55 25 54 14 119 89 66 56 66 108 75 45 28 45 104 70 35 0 35 108 75 45 28 45 119 89 66 56 66
68 82 96 78 79 52 72 69 104 35 51 20 75 101 26 23 30 37 87 40 112 56 68 70 76 17 95 59 98 51 65 25 78 111 48 25 84 33 89 27 150 118 89 66 55 142 108 75 45 28 139 104 70 35 0 142 108 75 45 28 150 118 89 66 55
81 60 55 91 63 93 81 74 93 112 94 122 68 67 118 119 113 121 56 111 71 87 79 102 67 125 66 85 98 92 83 117 64 71 97 119 91 125 57 116 86 92 110 134 162 57 67 90 119 150 29 45 75 108 142 0 35 70 104 139 29 45 75 108 142
52 29 34 69 29 58 55 41 80 80 63 89 36 53 85 85 79 91 28 80 63 54 50 78 32 92 49 54 83 58 54 84 33 62 63 85 71 94 30 82 92 85 92 109 134 67 57 66 89 118 45 29 45 75 108 35 0 35 70 104 45 29 45 75 108
36 21 42 60 10 24 43 18 82 51 37 56 21 60 55 53 46 65 28 53 73 26 34 65 6 60 52 31 81 24 36 52 21 71 28 51 65 67 31 49 110 92 84 91 109 90 66 56 66 89 75 45 28 45 75 70 35 0 35 70 75 45 28 45 75
48 50 69 70 42 13 56 37 97 36 35 29 45 82 33 28 22 50 56 42 95 29 47 69 39 33 74 38 93 16 46 28 47 94 9 21 77 51 59 22 134 109 91 84 90 119 89 66 56 66 108 75 45 28 45 104 70 35 0 35 108 75 45 28 45
76 83 101 93 77 47 82 70 120 49 60 31 78 111 41 33 35 58 89 56 123 59 75 88 73 32 104 66 115 49 73 36 80 122 42 25 99 56 92 31 162 134 109 90 83 150 118 89 66 55 142 108 75 45 28 139 104 70 35 0 142 108 75 45 28
96 73 75 112 72 98 99 85 118 124 107 131 81 91 129 128 121 135 72 124 97 98 95 122 75 134 89 98 122 99 99 127 78 96 103 126 113 139 74 124 114 119 133 153 178 86 92 110 134 162 57 67 90 119 150 29 45 75 108 142 0 35 70 104 139
74 51 62 94 45 66 79 59 108 96 80 100 57 81 99 97 90 109 52 97 91 70 72 102 46 104 76 73 110 68 75 96 55 90 71 94 98 112 56 92 119 113 118 132 153 92 85 92 109 134 67 57 66 89 118 45 29 45 75 108 35 0 35 70 104
64 46 66 88 36 40 71 45 109 73 63 72 49 86 74 70 64 88 52 77 98 51 62 93 34 77 79 58 109 44 64 70 48 97 43 65 93 90 56 65 133 118 112 117 131 110 92 84 91 109 90 66 56 66 89 75 45 28 45 75 70 35 0 35 70
71 64 86 95 54 34 79 56 121 64 61 54 63 102 61 54 49 78 72 70 115 53 70 95 51 58 94 61 118 40 70 55 64 114 33 45 101 78 75 48 153 132 117 111 116 134 109 91 84 90 119 89 66 56 66 108 75 45 28 45 104 70 35 0 35
92 93 113 113 84 56 100 81 140 72 78 55 89 126 65 57 56 83 100 79 139 73 91 110 80 58 119 81 135 61 90 59 91 138 53 47 119 81 103 53 178 153 131 116 110 162 134 109 90 83 150 118 89 66 55 142 108 75 45 28 139 104 70 35 0
