0 27 31 21 41 18 37 28 86 76 37 61 73 54 31 29 56 73 29 69 33 39 16 22 37 15 24 32 49 80 23 4 80 61 83 9 59 87 34 63 125 110 95 81 68 58 52 51 56 66 120 104 88 72 58 46 38 38 44 56 117 100 83 66 51 36 25 24 34 48 115 97 80 63 46 29 14 12 27 43 114 97 80 63 45 28 12 9 26 43 116 99 82 65 49 34 22 21 32 46 119 103 86 71 56 43 35 34 41 54 124 108 93 78 65 55 48 48 53 63 130 115 101 87 76 67 62 61 66 74 137 123 110 98 88 80 76 75 79 85
27 0 33 44 15 10 60 2 67 54 33 36 50 29 5 5 40 51 3 43 10 13 37 42 14 12 48 12 24 58 30 29 55 36 61 35 48 64 9 37 105 91 78 68 60 57 59 65 76 88 99 83 69 56 47 43 45 54 66 80 93 77 61 47 35 29 33 44 58 74 90 73 56 40 24 15 22 36 53 69 89 71 54 37 20 2 16 33 51 68 90 73 56 39 24 14 21 36 52 69 93 77 61 46 34 28 32 43 58 73 98 83 68 56 46 42 45 53 65 79 105 91 78 67 59 56 58 65 75 87 113 100 88 79 72 70 71 77 86 97
31 33 0 30 45 34 39 34 99 86 9 52 80 44 37 32 73 82 35 69 30 40 47 23 47 32 52 26 55 89 8 29 84 50 93 37 80 95 41 62 137 124 111 100 91 85 81 82 86 93 129 115 101 89 79 71 68 68 73 81 123 107 93 79 67 58 54 55 61 71 117 101 85 70 57 46 40 41 49 61 113 96 80 64 48 35 26 28 39 53 111 93 76 59 42 26 13 17 31 48 110 93 76 58 41 24 7 12 29 47 111 94 77 60 44 29 18 20 34 49 114 98 81 66 51 39 31 33 42 56 119 103 88 73 60 50 45 46 53 64
21 44 30 0 59 38 17 46 107 96 38 75 93 67 49 45 77 94 46 87 48 56 31 7 56 35 29 45 68 100 23 18 99 74 103 18 80 107 52 80 146 131 116 101 88 77 68 63 62 66 141 125 109 93 79 66 56 49 48 53 136 120 103 87 72 57 44 36 35 42 134 117 100 83 66 50 35 23 21 32 132 115 98 80 63 46 29 13 10 25 132 115 98 81 63 46 29 14 11 26 134 117 100 83 67 51 36 25 23 33 137 120 104 88 72 58 46 37 36 43 141 125 110 94 80 67 57 51 50 55 147 131 117 102 89 78 69 64 64 68
41 15 45 59 0 23 74 14 54 42 42 26 36 23 11 14 32 38 13 29 16 7 48 56 8 26 61 19 10 44 44 43 41 28 48 49 42 51 7 23 93 79 68 60 55 56 62 72 85 98 85 70 57 47 41 43 51 62 76 92 79 63 48 35 28 30 40 54 70 86 76 59 42 26 14 18 33 49 66 83 75 57 40 23 6 13 30 48 65 82 76 59 43 27 17 20 34 50 67 84 80 64 50 37 30 32 42 56 71 87 87 72 59 49 44 46 53 64 78 93 95 82 70 62 58 59 65 74 86 100 104 92 82 75 72 73 78 86 96 108
18 10 34 38 23 0 54 12 70 59 35 45 56 39 14 14 41 56 12 51 19 23 27 37 19 3 39 19 31 63 29 21 62 46 66 26 47 70 16 46 109 94 80 68 58 52 52 57 66 78 103 88 72 58 46 38 38 45 56 70 99 83 66 50 36 25 24 34 48 64 97 80 63 46 29 13 12 27 44 61 97 79 62 45 28 11 10 26 43 60 98 82 65 49 33 22 21 32 47 63 102 86 70 56 43 35 34 42 54 69 108 92 78 65 55 48 48 54 63 76 115 100 87 76 67 62 62 66 74 85 123 110 98 88 80 76 76 79 86 96
37 60 39 17 74 54 0 61 123 112 47 88 109 80 64 60 93 109 62 102 62 71 45 18 72 51 40 59 83 116 34 34 114 86 119 33 96 123 68 95 162 147 132 117 104 91 81 73 69 69 157 141 125 109 95 81 70 61 56 56 152 136 119 103 88 73 59 48 42 42 149 132 115 98 82 66 51 37 29 29 147 130 113 95 78 61 45 29 16 17 146 129 112 94 77 60 43 25 8 10 147 130 113 96 78 62 45 29 16 18 149 132 115 99 82 66 51 38 29 30 152 136 119 103 88 73 60 49 43 43 157 141 125 110 95 82 70 61 56 57
28 2 34 46 14 12 61 0 66 53 33 34 49 28 4 4 40 50 2 42 9 12 38 43 14 14 50 11 23 57 31 31 54 35 61 37 48 63 8 36 105 91 78 67 60 57 60 67 77 89 98 82 68 56 47 43 47 55 67 81 92 76 60 46 34 29 34 45 60 75 89 72 55 39 24 16 23 38 54 71 87 70 53 35 18 2 18 35 52 69 88 71 54 38 22 13 22 37 54 71 91 75 59 45 33 27 32 44 59 74 97 81 67 54 45 41 45 54 66 80 103 89 76 66 58 55 58 65 75 88 112 99 87 78 72 69 71 77 86 97
86 67 99 107 54 70 123 66 0 14 96 63 24 67 63 68 31 19 64 41 70 60 85 106 53 73 97 73 45 15 96 90 27 67 10 92 34 15 59 47 40 26 18 25 39 55 72 88 105 123 36 18 4 18 35 52 70 87 104 121 37 21 11 21 36 53 70 87 105 122 43 31 25 30 43 58 74 90 107 124 53 43 39 43 52 65 79 95 111 127 64 56 53 56 63 74 87 101 116 132 76 70 68 70 76 85 96 109 123 138 89 84 82 83 88 96 106 118 131 145 102 98 96 97 101 108 117 128 140 153 116 112 110 111 115 121 129 139 150 162
76 54 86 96 42 59 112 53 14 0 83 50 11 54 50 55 24 6 52 29 57 47 76 95 41 62 89 60 32 6 84 79 17 54 8 82 31 13 46 34 52 39 31 31 40 54 69 85 101 118 45 29 17 18 32 47 64 81 98 115 43 25 8 10 28 45 62 80 97 114 45 29 16 17 31 47 64 81 98 115 51 37 29 30 39 53 68 84 101 117 60 49 43 43 50 61 75 90 105 121 70 62 57 57 62 71 83 97 111 127 82 75 71 71 75 83 93 105 119 133 95 88 85 85 88 95 104 115 128 141 108 102 99 99 102 108 116 126 137 150
37 33 9 38 42 35 47 33 96 83 0 46 76 37 35 30 72 79 34 64 27 37 52 31 45 34 59 23 52 85 15 35 80 43 90 43 80 91 39 57 134 121 110 100 92 87 85 87 92 100 126 112 99 88 79 73 71 73 80 89 118 103 89 77 67 60 57 60 68 78 112 96 81 67 55 46 43 47 56 69 107 91 74 59 45 34 30 35 47 61 104 87 70 53 37 23 16 25 39 56 103 86 68 51 34 17 2 19 36 54 104 87 70 53 36 21 13 23 39 55 106 90 73 58 43 31 27 33 45 60 111 95 80 65 53 44 41 45 54 67
61 36 52 75 26 45 88 34 63 50 46 0 40 9 33 33 52 44 34 23 29 24 72 71 34 48 84 31 27 50 55 63 40 5 54 70 63 54 31 16 96 87 80 76 77 81 88 98 110 123 86 75 67 62 63 68 77 88 101 115 76 63 54 48 49 56 66 79 93 109 68 54 42 35 36 44 57 71 87 103 62 46 31 21 23 35 50 66 83 100 59 42 25 9 13 29 46 63 81 98 60 42 26 11 14 30 47 64 81 98 63 48 33 24 26 37 51 67 84 100 70 56 44 38 39 47 59 73 88 104 78 66 57 52 52 59 69 81 95 110
73 50 80 93 36 56 109 49 24 11 76 40 0 45 46 50 28 6 48 18 50 40 76 91 37 59 89 54 26 10 79 76 9 44 15 81 37 15 42 24 59 47 41 41 49 60 74 89 105 121 50 36 27 28 38 52 67 84 100 117 44 28 14 16 30 46 63 80 98 115 43 25 8 11 28 45 62 80 97 114 46 30 19 20 32 48 64 81 98 115 53 40 32 33 41 54 69 85 102 118 62 52 46 46 53 63 77 91 107 122 73 65 60 60 65 74 86 99 113 128 85 78 74 74 78 86 96 108 121 135 98 91 88 88 92 98 107 118 130 143
54 29 44 67 23 39 80 28 67 54 37 9 45 0 27 26 52 49 28 29 21 19 65 62 31 41 77 23 27 54 46 55 46 8 59 62 63 59 26 22 102 92 83 78 77 79 85 93 104 117 92 80 71 64 63 65 72 83 95 108 83 70 58 51 49 52 61 73 86 101 76 61 47 38 35 40 51 64 80 95 70 54 38 25 21 28 42 58 75 91 68 50 33 17 7 21 38 55 72 90 68 51 34 18 9 22 38 55 72 90 71 55 40 27 23 30 43 59 75 92 77 62 49 40 37 42 52 66 80 96 84 71 60 53 51 54 63 74 88 102
31 5 37 49 11 14 64 4 63 50 35 33 46 27 0 6 37 47 3 39 10 9 40 46 11 16 52 13 20 53 34 33 51 34 57 39 45 60 5 33 102 88 75 65 58 56 59 67 78 91 94 79 65 53 45 42 47 56 69 83 89 73 57 43 32 28 35 47 62 77 86 69 52 35 21 15 25 40 57 74 84 67 50 33 15 3 20 38 55 72 86 69 52 36 21 15 25 40 57 74 89 73 57 43 32 29 35 47 62 77 95 80 66 54 45 43 47 56 69 83 102 88 75 65 59 57 60 67 78 91 110 98 87 78 72 70 73 79 89 100
29 5 32 45 14 14 60 4 68 55 30 33 50 26 6 0 42 52 5 42 6 11 40 42 16 15 51 8 24 58 30 31 55 33 62 38 50 65 9 35 106 93 80 70 63 60 63 69 79 91 99 84 70 58 50 47 49 58 69 83 93 77 62 48 37 33 37 47 61 76 89 72 56 40 26 19 25 39 55 72 87 70 53 36 19 5 18 35 52 70 88 71 54 37 21 10 20 36 53 70 91 74 58 43 30 24 30 42 57 73 95 80 65 52 42 38 42 51 64 79 102 87 74 63 55 52 55 62 73 86 110 96 85 75 69 66 68 74 84 95
56 40 73 77 32 41 93 40 31 24 72 52 28 52 37 42 0 25 38 38 46 38 54 77 27 44 67 49 26 29 69 60 36 55 30 62 12 36 34 39 70 54 39 28 25 33 47 62 78 95 66 49 32 17 12 25 41 58 75 92 65 48 31 14 6 23 40 57 74 92 68 51 35 22 19 28 43 59 76 93 73 58 44 35 32 39 51 65 81 97 80 67 55 48 46 51 60 73 87 102 89 77 68 62 60 64 72 82 95 109 99 89 80 75 74 77 84 93 104 117 110 101 94 89 88 91 96 104 114 126 122 113 107 103 102 104 109 116 125 136
73 51 82 94 38 56 109 50 19 6 79 44 6 49 47 52 25 0 49 23 53 43 75 92 38 59 88 56 28 7 81 77 13 49 11 80 33 14 43 29 56 44 36 36 44 56 71 86 102 119 48 33 23 23 34 49 65 82 98 115 44 27 11 12 28 45 62 79 96 114 44 27 12 12 28 45 62 79 96 114 48 34 24 24 35 49 65 82 99 115 56 44 37 37 45 57 71 87 103 119 66 57 51 51 57 67 79 93 108 124 78 70 65 65 70 78 89 101 115 130 90 83 79 79 83 90 99 111 123 137 103 96 93 93 96 102 110 121 133 145
29 3 35 46 13 12 62 2 64 52 34 34 48 28 3 5 38 49 0 41 10 11 38 44 12 14 50 12 22 55 32 31 53 35 59 37 46 62 6 35 103 89 77 66 59 56 59 66 77 89 96 81 67 55 46 42 46 55 67 81 91 75 59 45 33 28 33 45 60 75 88 71 54 37 22 14 23 38 55 71 87 69 52 35 17 1 18 36 53 70 88 71 54 38 23 15 23 38 55 72 91 75 59 45 33 29 34 45 60 75 97 81 67 55 46 43 46 55 67 82 104 90 77 66 59 56 59 66 77 89 112 99 88 79 73 70 72 78 87 99
69 43 69 87 29 51 102 42 41 29 64 23 18 29 39 42 38 23 41 0 41 31 75 84 34 54 88 44 22 27 70 72 17 28 32 77 49 31 35 8 74 64 58 58 62 70 82 95 109 124 63 52 45 44 49 60 73 87 103 118 54 41 31 30 38 50 65 81 98 114 48 32 19 16 28 44 61 77 94 112 46 29 11 7 24 41 59 76 93 111 48 32 18 16 28 44 60 77 94 111 54 40 30 29 37 50 65 81 97 114 63 51 44 43 48 59 72 87 102 118 73 63 58 57 61 70 81 94 109 124 84 76 72 71 74 81 91 103 116 130
33 10 30 48 16 19 62 9 70 57 27 29 50 21 10 6 46 53 10 41 0 10 45 44 19 20 56 4 25 59 30 35 55 28 63 42 54 65 13 34 108 95 83 74 67 66 68 75 84 96 100 85 72 61 54 52 55 63 74 88 93 78 63 50 41 38 42 52 66 80 88 72 56 41 28 24 30 44 59 75 86 69 51 35 19 10 22 38 55 72 85 68 51 34 17 6 20 37 54 72 87 70 54 38 25 19 27 41 57 74 91 76 60 47 37 33 38 49 63 79 97 83 69 58 50 47 51 59 71 85 105 91 79 70 63 61 64 71 81 93
39 13 40 56 7 23 71 12 60 47 37 24 40 19 9 11 38 43 11 31 10 0 49 53 13 25 61 14 16 49 39 42 45 25 54 48 48 55 8 25 98 85 74 66 61 61 67 75 87 100 90 76 63 53 47 48 54 65 78 92 83 68 53 41 33 34 43 56 70 86 79 62 46 31 20 21 34 49 65 82 77 59 42 25 9 12 28 46 63 80 77 60 43 27 12 15 30 47 64 81 80 64 48 35 25 26 37 51 67 83 86 71 57 45 39 40 47 59 73 88 93 79 67 58 53 53 59 69 81 95 102 89 79 71 67 67 72 80 91 103
16 37 47 31 48 27 45 38 85 76 52 72 76 65 40 40 54 75 38 75 45 49 0 34 42 25 13 45 54 81 39 18 83 72 83 13 54 88 42 71 123 107 90 75 60 47 38 35 41 52 120 103 86 69 53 38 25 22 30 44 118 101 84 66 49 32 16 8 23 39 118 101 84 66 49 32 16 8 23 39 120 103 86 69 53 38 25 21 30 44 123 107 90 75 60 47 38 35 41 52 128 112 97 82 69 58 51 49 53 62 134 119 104 91 79 70 64 63 66 73 141 127 113 101 91 83 78 76 79 85 149 136 123 112 103 96 91 90 92 98
22 42 23 7 56 37 18 43 106 95 31 71 91 62 46 42 77 92 44 84 44 53 34 0 55 34 35 41 66 99 17 19 97 69 102 22 81 105 50 77 145 130 116 102 90 79 72 68 68 72 139 124 108 94 80 68 59 54 54 60 135 118 102 86 71 58 47 40 41 48 131 114 97 81 65 49 36 27 28 38 129 112 95 78 61 44 27 14 16 30 129 111 94 77 59 42 25 8 11 28 130 112 95 78 62 45 30 18 20 32 132 115 99 82 67 52 39 31 32 41 136 120 104 88 74 61 51 45 45 52 141 126 111 96 83 72 63 58 59 64
37 14 47 56 8 19 72 14 53 41 45 34 37 31 11 16 27 38 12 34 19 13 42 55 0 22 55 23 13 44 44 40 43 36 48 45 36 51 7 29 92 78 65 55 49 49 55 65 78 92 85 70 55 43 35 35 43 55 70 85 81 64 48 33 22 22 33 48 64 81 78 61 44 27 11 11 27 44 62 79 79 61 44 27 12 13 28 45 62 79 81 65 49 35 24 24 35 49 65 82 86 71 57 45 38 38 45 57 71 86 93 79 67 57 52 51 57 67 79 93 102 89 78 70 65 65 70 78 89 101 111 100 90 83 79 79 83 90 99 110
15 12 32 35 26 3 51 14 73 62 34 48 59 41 16 15 44 59 14 54 20 25 25 34 22 0 37 20 34 66 27 18 65 48 69 24 49 73 19 48 112 97 83 70 60 53 52 56 65 77 106 90 75 61 48 40 38 44 55 68 102 85 69 53 38 27 24 33 46 62 100 83 65 48 32 16 11 25 41 58 100 82 65 48 31 14 7 23 40 57 101 84 67 51 35 23 20 29 44 60 105 88 73 58 45 35 33 40 51 66 110 95 80 67 56 48 47 52 61 74 117 102 89 77 68 62 61 64 72 83 125 111 99 89 81 76 75 78 84 93
24 48 52 29 61 39 40 50 97 89 59 84 89 77 52 51 67 88 50 88 56 61 13 35 55 37 0 55 67 94 44 24 96 84 96 17 65 101 54 83 135 118 102 86 70 55 43 35 34 42 132 115 98 81 64 48 33 22 21 32 131 114 96 79 62 45 27 11 10 27 131 114 97 79 62 45 28 13 12 27 133 116 99 82 66 50 35 25 24 34 136 119 103 87 72 57 45 38 38 45 140 124 109 94 80 67 57 51 51 56 146 131 116 102 89 78 70 65 65 69 153 138 124 111 100 90 83 79 78 82 160 147 134 122 111 102 96 92 92 95
32 12 26 45 19 19 59 11 73 60 23 31 54 23 13 8 49 56 12 44 4 14 45 41 23 20 55 0 29 63 26 33 58 30 67 40 58 69 16 37 111 98 87 77 71 68 70 76 85 96 103 89 76 65 57 54 56 63 74 87 97 81 67 54 44 40 43 52 65 79 92 75 59 44 32 26 31 43 57 73 89 72 55 38 22 12 21 36 53 70 88 71 53 36 19 3 17 34 51 69 90 73 56 40 25 17 23 38 54 71 93 77 62 47 36 31 35 46 60 75 99 84 70 57 48 45 47 56 68 81 106 92 79 69 61 59 61 67 77 90
49 24 55 68 10 31 83 23 45 32 52 27 26 27 20 24 26 28 22 22 25 16 54 66 13 34 67 29 0 34 53 52 32 30 39 57 36 41 16 18 83 70 59 52 50 54 63 75 88 103 75 61 48 39 36 42 53 66 82 97 70 53 38 26 22 31 44 60 77 93 66 49 32 16 9 23 40 57 74 91 66 49 32 16 8 22 39 57 74 91 69 53 38 25 21 30 44 60 76 93 75 60 47 38 35 41 52 66 81 97 82 69 58 51 49 53 62 74 88 103 91 80 71 65 63 66 74 84 96 110 102 91 83 78 77 80 86 95 106 118
80 58 89 100 44 63 116 57 15 6 85 50 10 54 53 58 29 7 55 27 59 49 81 99 44 66 94 63 34 0 87 83 13 54 5 87 36 8 49 34 49 38 32 35 46 59 74 90 107 123 42 27 18 23 37 53 70 86 103 120 38 21 5 16 33 50 67 85 102 119 39 23 12 19 34 51 68 85 102 120 45 32 25 29 41 56 72 88 105 122 54 44 40 42 51 63 78 93 109 125 65 57 54 56 62 73 86 100 115 130 78 71 68 69 75 84 95 108 122 136 90 84 82 83 88 95 105 117 130 144 103 98 96 97 101 108 116 127 139 152
23 30 8 23 44 29 34 31 96 84 15 55 79 46 34 30 69 81 32 70 30 39 39 17 44 27 44 26 53 87 0 21 84 53 91 29 75 94 38 62 135 121 108 96 86 78 74 74 78 85 128 113 99 86 74 65 61 60 65 74 122 106 91 76 63 53 47 47 53 63 117 101 85 69 54 42 33 33 41 54 114 97 80 64 47 32 20 20 32 47 113 96 78 61 44 27 10 10 27 44 113 96 79 62 45 28 14 14 28 45 115 99 82 66 50 36 26 26 36 50 119 103 87 72 58 46 39 39 46 58 124 109 94 80 68 58 53 53 58 67
4 29 29 18 43 21 34 31 90 79 35 63 76 55 33 31 60 77 31 72 35 42 18 19 40 18 24 33 52 83 21 0 83 62 86 8 63 90 37 66 129 113 98 84 72 61 55 53 57 66 124 107 92 76 62 50 41 40 45 55 120 103 86 70 54 40 29 26 34 47 118 101 83 66 49 33 18 13 25 41 117 100 83 65 48 31 14 6 22 40 118 101 84 67 51 35 21 18 28 43 121 105 88 72 57 43 33 31 38 50 126 109 94 79 66 54 47 45 50 59 131 116 101 88 76 66 60 59 62 70 138 124 110 98 87 79 74 72 75 82
80 55 84 99 41 62 114 54 27 17 80 40 9 46 51 55 36 13 53 17 55 45 83 97 43 65 96 58 32 13 84 83 0 44 18 87 46 15 47 25 57 48 45 48 56 68 82 97 113 129 47 36 31 35 46 60 76 92 108 125 39 24 17 24 38 55 71 88 105 122 35 18 2 18 35 52 69 87 104 121 37 22 13 21 37 54 70 88 105 122 44 32 27 32 44 58 74 91 107 124 54 45 41 44 53 66 80 96 111 128 66 58 55 58 65 75 88 102 117 133 78 72 69 71 77 86 97 110 124 139 91 85 83 85 90 98 108 119 132 146
61 36 50 74 28 46 86 35 67 54 43 5 44 8 34 33 55 49 35 28 28 25 72 69 36 48 84 30 30 54 53 62 44 0 59 69 66 58 33 21 101 91 84 80 80 84 90 100 111 124 90 79 71 66 66 71 78 89 102 115 80 68 58 52 52 58 67 80 93 108 72 58 46 39 39 46 57 71 87 103 65 50 35 25 25 35 50 65 82 98 62 45 28 13 13 28 45 62 79 96 61 44 27 10 11 27 44 61 79 96 64 48 33 21 21 33 48 64 81 98 70 55 43 35 35 42 55 69 85 101 77 65 54 48 48 54 64 77 91 106
83 61 93 103 48 66 119 61 10 8 90 54 15 59 57 62 30 11 59 32 63 54 83 102 48 69 96 67 39 5 91 86 18 59 0 90 36 7 53 39 45 33 28 33 44 59 75 91 107 124 38 22 14 22 37 54 71 88 105 122 35 18 2 18 35 52 69 87 104 121 39 24 16 23 38 54 71 88 105 122 46 35 30 34 46 60 75 91 108 125 56 47 44 47 56 68 82 97 113 129 68 61 58 60 67 78 90 104 119 134 81 75 72 74 80 88 100 112 126 140 94 88 86 88 93 100 110 121 134 148 107 102 101 102 106 112 121 132 143 156
9 35 37 18 49 26 33 37 92 82 43 70 81 62 39 38 62 80 37 77 42 48 13 22 45 24 17 40 57 87 29 8 87 69 90 0 63 94 42 72 131 115 99 85 71 59 50 47 50 58 127 110 94 78 62 49 38 33 37 48 124 107 90 73 56 40 26 19 26 39 122 105 88 70 53 36 19 6 18 35 123 105 88 71 54 37 20 9 19 36 124 107 91 74 58 42 29 23 29 41 128 111 95 79 65 51 41 37 41 50 132 117 101 87 73 62 54 51 53 61 139 123 109 96 84 74 67 65 67 73 146 131 118 106 95 86 81 78 80 85
59 48 80 80 42 47 96 48 34 31 80 63 37 63 45 50 12 33 46 49 54 48 54 81 36 49 65 58 36 36 75 63 46 66 36 63 0 43 42 50 70 53 37 22 14 23 39 55 72 89 69 52 34 17 1 19 36 53 71 88 70 53 37 22 15 24 39 55 72 89 75 59 45 33 29 34 46 60 76 92 81 67 55 46 43 46 56 68 82 97 89 77 66 59 57 59 67 77 90 104 99 88 79 73 71 73 79 88 99 112 110 100 92 87 85 87 92 99 110 121 121 112 105 100 99 100 105 111 120 131 133 125 118 114 113 114 118 124 132 142
87 64 95 107 51 70 123 63 15 13 91 54 15 59 60 65 36 14 62 31 65 55 88 105 51 73 101 69 41 8 94 90 15 58 7 94 43 0 56 38 44 34 32 39 51 65 81 97 113 130 35 22 18 28 43 60 76 93 110 127 31 13 6 23 40 57 74 92 109 126 33 18 13 25 41 58 75 92 110 127 40 29 26 34 47 63 79 95 112 129 50 42 40 46 56 69 84 100 116 132 62 56 55 59 67 78 92 106 121 137 75 70 69 72 79 89 100 114 128 143 88 84 83 85 91 100 110 123 136 150 102 98 97 99 104 112 121 132 145 158
34 9 41 52 7 16 68 8 59 46 39 31 42 26 5 9 34 43 6 35 13 8 42 50 7 19 54 16 16 49 38 37 47 33 53 42 42 56 0 30 98 84 71 62 56 55 59 68 79 93 90 75 61 50 42 41 47 57 71 86 85 69 53 39 29 27 35 49 64 80 82 65 48 31 17 14 27 43 60 77 81 64 46 29 12 7 24 41 59 76 83 66 49 33 20 18 29 44 61 77 86 70 55 42 33 31 38 51 66 81 92 78 64 53 46 45 50 60 73 87 100 87 75 65 60 59 63 71 82 95 109 97 86 78 73 73 76 83 92 104
63 37 62 80 23 46 95 36 47 34 57 16 24 22 33 35 39 29 35 8 34 25 71 77 29 48 83 37 18 34 62 66 25 21 39 72 50 38 30 0 81 71 64 62 64 71 80 92 106 121 71 59 51 48 51 59 70 84 99 114 62 48 38 34 38 48 62 77 93 109 56 40 26 19 26 40 56 72 89 106 53 36 19 5 18 35 53 70 87 104 53 36 20 10 20 36 53 70 87 105 58 42 30 24 29 42 57 73 90 107 65 52 42 38 42 51 64 79 95 111 74 63 55 52 55 62 73 86 101 116 84 75 68 66 68 74 84 95 109 123
125 105 137 146 93 109 162 105 40 52 134 96 59 102 102 106 70 56 103 74 108 98 123 145 92 112 135 111 83 49 135 129 57 101 45 131 70 44 98 81 0 18 35 52 70 87 104 122 139 156 15 23 38 54 71 88 105 122 140 157 29 34 45 60 75 91 108 125 142 159 43 47 55 68 82 97 113 129 145 162 58 60 67 77 90 104 119 134 150 166 72 74 80 88 99 112 126 140 156 171 86 88 93 100 110 122 134 148 162 177 100 102 106 112 121 132 144 156 170 184 115 116 119 125 133 143 154 166 179 192 129 130 133 138 145 154 164 176 188 201
110 91 124 131 79 94 147 91 26 39 121 87 47 92 88 93 54 44 89 64 95 85 107 130 78 97 118 98 70 38 121 113 48 91 33 115 53 34 84 71 18 0 18 35 52 70 87 104 122 139 23 15 23 38 54 71 88 105 122 140 34 29 34 45 60 75 91 108 125 142 47 43 46 55 67 82 97 112 129 145 60 57 60 67 77 90 104 118 134 150 74 72 73 79 88 99 112 126 140 155 88 86 87 92 100 110 121 134 148 162 102 100 101 105 112 121 131 143 156 170 116 114 115 119 125 133 142 153 165 178 130 128 129 132 138 145 154 164 175 187
95 78 111 116 68 80 132 78 18 31 110 80 41 83 75 80 39 36 77 58 83 74 90 116 65 83 102 87 59 32 108 98 45 84 28 99 37 32 71 64 35 18 0 18 35 52 70 87 104 122 38 23 15 23 38 54 71 88 105 122 45 34 29 34 45 60 75 91 108 125 55 46 43 46 55 67 81 97 112 129 67 60 57 60 67 77 90 104 118 134 80 73 71 73 79 88 99 112 126 140 93 87 85 87 92 99 109 121 134 148 106 101 99 101 105 112 121 131 143 156 119 115 114 115 118 124 132 142 153 165 133 129 128 129 132 137 144 153 163 175
81 68 100 101 60 68 117 67 25 31 100 76 41 78 65 70 28 36 66 58 74 66 75 102 55 70 86 77 52 35 96 84 48 80 33 85 22 39 62 62 52 35 18 0 18 35 52 70 87 104 54 38 23 15 23 38 54 71 88 105 60 45 34 29 33 45 59 75 91 108 68 55 46 43 46 55 67 81 97 112 77 67 60 57 59 66 77 89 103 118 88 79 73 71 73 79 88 99 112 125 100 92 87 85 87 91 99 109 121 134 112 105 101 99 100 105 111 120 131 143 125 119 115 113 114 118 124 132 141 152 138 132 129 127 128 131 137 144 153 163
68 60 91 88 55 58 104 60 39 40 92 77 49 77 58 63 25 44 59 62 67 61 60 90 49 60 70 71 50 46 86 72 56 80 44 71 14 51 56 64 70 52 35 18 0 18 35 52 70 87 71 54 38 23 15 23 38 54 71 88 75 60 45 33 29 33 45 59 75 91 82 67 55 46 43 46 55 67 81 96 90 77 67 59 57 59 66 77 89 103 99 88 79 73 71 73 78 87 99 111 110 100 92 87 85 86 91 99 109 120 121 112 105 100 99 100 104 111 120 130 133 125 118 114 113 114 117 123 131 141 145 138 132 128 127 127 131 136 143 152
58 57 85 77 56 52 91 57 55 54 87 81 60 79 56 60 33 56 56 70 66 61 47 79 49 53 55 68 54 59 78 61 68 84 59 59 23 65 55 71 87 70 52 35 18 0 18 35 52 70 88 71 54 38 23 14 23 38 54 71 91 75 60 45 33 28 33 45 59 75 97 82 67 55 46 42 46 55 67 81 104 90 77 66 59 56 59 66 76 89 112 99 88 79 73 70 72 78 87 98 122 110 99 91 86 84 86 91 98 108 132 121 112 105 100 98 99 104 110 119 143 133 124 118 114 112 113 117 123 131 154 145 137 131 127 126 127 130 135 143
52 59 81 68 62 52 81 60 72 69 85 88 74 85 59 63 47 71 59 82 68 67 38 72 55 52 43 70 63 74 74 55 82 90 75 50 39 81 59 80 104 87 70 52 35 18 0 18 35 52 105 88 71 54 38 23 14 23 38 54 108 91 75 59 45 33 28 33 45 59 113 97 81 67 55 46 42 46 54 67 119 104 90 77 66 59 56 59 66 76 126 112 99 88 78 72 70 72 78 87 134 121 109 99 91 86 84 85 90 98 144 131 121 111 104 99 98 99 103 110 154 142 132 124 117 113 112 113 116 122 164 154 144 137 131 127 125 126 130 135
51 65 82 63 72 57 73 67 88 85 87 98 89 93 67 69 62 86 66 95 75 75 35 68 65 56 35 76 75 90 74 53 97 100 91 47 55 97 68 92 122 104 87 70 52 35 18 0 18 35 122 105 88 71 54 38 23 14 23 38 125 108 91 75 59 45 33 28 33 45 129 112 97 81 67 55 46 42 45 54 134 118 104 89 77 66 59 56 58 65 140 126 112 99 87 78 72 70 72 77 148 134 121 109 99 91 85 83 85 90 156 143 131 120 111 104 99 97 99 103 166 153 142 132 123 117 113 111 112 116 176 164 153 144 136 130 126 125 126 129
56 76 86 62 85 66 69 77 105 101 92 110 105 104 78 79 78 102 77 109 84 87 41 68 78 65 34 85 88 107 78 57 113 111 107 50 72 113 79 106 139 122 104 87 70 52 35 18 0 18 140 122 105 88 71 54 38 23 14 23 142 125 108 91 75 59 45 33 28 33 145 129 112 97 81 67 54 45 42 45 150 134 118 103 89 76 66 58 55 58 156 140 126 112 99 87 78 72 69 71 162 148 134 121 109 98 90 85 83 85 170 156 143 131 120 110 103 99 97 98 179 165 153 141 131 123 116 112 110 112 188 175 163 153 143 135 130 126 124 125
66 88 93 66 98 78 69 89 123 118 100 123 121 117 91 91 95 119 89 124 96 100 52 72 92 77 42 96 103 123 85 66 129 124 124 58 89 130 93 121 156 139 122 104 87 70 52 35 18 0 157 140 122 105 88 71 54 38 23 14 159 142 125 108 91 75 59 45 33 28 162 145 129 112 96 81 67 54 45 42 166 150 134 118 103 89 76 65 58 55 171 155 140 125 111 98 87 77 71 69 177 162 148 134 120 108 98 90 85 83 184 170 156 143 130 119 110 103 98 96 192 178 165 152 141 131 122 116 112 110 201 187 175 163 152 143 135 129 125 124
120 99 129 141 85 103 157 98 36 45 126 86 50 92 94 99 66 48 96 63 100 90 120 139 85 106 132 103 75 42 128 124 47 90 38 127 69 35 90 71 15 23 38 54 71 88 105 122 140 157 0 18 35 52 70 87 104 122 139 156 15 23 38 54 71 88 105 122 140 157 29 34 45 60 75 91 108 125 142 159 43 47 55 68 82 97 113 129 145 162 58 60 67 77 90 104 119 134 150 166 72 74 80 88 99 112 126 140 156 171 86 88 93 100 110 122 134 148 162 177 100 102 106 112 121 132 144 156 170 184 115 116 119 125 133 143 154 166 179 192
104 83 115 125 70 88 141 82 18 29 112 75 36 80 79 84 49 33 81 52 85 76 103 124 70 90 115 89 61 27 113 107 36 79 22 110 52 22 75 59 23 15 23 38 54 71 88 105 122 140 18 0 18 35 52 70 87 104 122 139 23 15 23 38 54 71 88 105 122 140 34 29 34 45 60 75 91 108 125 142 47 43 46 55 67 82 97 112 129 145 60 57 60 67 77 90 104 118 134 150 74 72 73 79 88 99 112 126 140 155 88 86 87 92 100 110 121 134 148 162 102 100 101 105 112 121 131 143 156 170 116 114 115 119 125 133 142 153 165 178
88 69 101 109 57 72 125 68 4 17 99 67 27 71 65 70 32 23 67 45 72 63 86 108 55 75 98 76 48 18 99 92 31 71 14 94 34 18 61 51 38 23 15 23 38 54 71 88 105 122 35 18 0 18 35 52 70 87 104 122 38 23 15 23 38 54 71 88 105 122 45 34 29 34 45 60 75 91 108 125 55 46 43 46 55 67 81 97 112 129 67 60 57 60 67 77 90 104 118 134 80 73 71 73 79 88 99 112 126 140 93 87 85 87 92 99 109 121 134 148 106 101 99 101 105 112 121 131 143 156 119 115 114 115 118 124 132 142 153 165
72 56 89 93 47 58 109 56 18 18 88 62 28 64 53 58 17 23 55 44 61 53 69 94 43 61 81 65 39 23 86 76 35 66 22 78 17 28 50 48 54 38 23 15 23 38 54 71 88 105 52 35 18 0 18 35 52 70 87 104 54 38 23 15 23 38 54 71 88 105 60 45 34 29 33 45 59 75 91 108 68 55 46 43 46 55 67 81 97 112 77 67 60 57 59 66 77 89 103 118 88 79 73 71 73 79 88 99 112 125 100 92 87 85 87 91 99 109 121 134 112 105 101 99 100 105 111 120 131 143 125 119 115 113 114 118 124 132 141 152
58 47 79 79 41 46 95 47 35 32 79 63 38 63 45 50 12 34 46 49 54 47 53 80 35 48 64 57 36 37 74 62 46 66 37 62 1 43 42 51 71 54 38 23 15 23 38 54 71 88 70 52 35 18 0 18 35 52 70 87 71 54 38 23 15 23 38 54 71 88 75 60 45 33 29 33 45 59 75 91 82 67 55 46 43 46 55 67 81 96 90 77 67 59 57 59 66 77 89 103 99 88 79 73 71 73 78 87 99 111 110 100 92 87 85 86 91 99 109 120 121 112 105 100 99 100 104 111 120 130 133 125 118 114 113 114 117 123 131 141
46 43 71 66 43 38 81 43 52 47 73 68 52 65 42 47 25 49 42 60 52 48 38 68 35 40 48 54 42 53 65 50 60 71 54 49 19 60 41 59 88 71 54 38 23 14 23 38 54 71 87 70 52 35 18 0 18 35 52 70 88 71 54 38 23 14 23 38 54 71 91 75 60 45 33 28 33 45 59 75 97 82 67 55 46 42 46 55 67 81 104 90 77 66 59 56 59 66 76 89 112 99 88 79 73 70 72 78 87 98 122 110 99 91 86 84 86 91 98 108 132 121 112 105 100 98 99 104 110 119 143 133 124 118 114 112 113 117 123 131
38 45 68 56 51 38 70 47 70 64 71 77 67 72 47 49 41 65 46 73 55 54 25 59 43 38 33 56 53 70 61 41 76 78 71 38 36 76 47 70 105 88 71 54 38 23 14 23 38 54 104 87 70 52 35 18 0 18 35 52 105 88 71 54 38 23 14 23 38 54 108 91 75 59 45 33 28 33 45 59 113 97 81 67 55 46 42 46 54 67 119 104 90 77 66 59 56 59 66 76 126 112 99 88 78 72 70 72 78 87 134 121 109 99 91 86 84 85 90 98 144 131 121 111 104 99 98 99 103 110 154 142 132 124 117 113 112 113 116 122
38 54 68 49 62 45 61 55 87 81 73 88 84 83 56 58 58 82 55 87 63 65 22 54 55 44 22 63 66 86 60 40 92 89 88 33 53 93 57 84 122 105 88 71 54 38 23 14 23 38 122 104 87 70 52 35 18 0 18 35 122 105 88 71 54 38 23 14 23 38 125 108 91 75 59 45 33 28 33 45 129 112 97 81 67 55 46 42 45 54 134 118 104 89 77 66 59 56 58 65 140 126 112 99 87 78 72 70 72 77 148 134 121 109 99 91 85 83 85 90 156 143 131 120 111 104 99 97 99 103 166 153 142 132 123 117 113 111 112 116
44 66 73 48 76 56 56 67 104 98 80 101 100 95 69 69 75 98 67 103 74 78 30 54 70 55 21 74 82 103 65 45 108 102 105 37 71 110 71 99 140 122 105 88 71 54 38 23 14 23 139 122 104 87 70 52 35 18 0 18 140 122 105 88 71 54 38 23 14 23 142 125 108 91 75 59 45 33 28 33 145 129 112 97 81 67 54 45 42 45 150 134 118 103 89 76 66 58 55 58 156 140 126 112 99 87 78 72 69 71 162 148 134 121 109 98 90 85 83 85 170 156 143 131 120 110 103 99 97 98 179 165 153 141 131 123 116 112 110 112
56 80 81 53 92 70 56 81 121 115 89 115 117 108 83 83 92 115 81 118 88 92 44 60 85 68 32 87 97 120 74 55 125 115 122 48 88 127 86 114 157 140 122 105 88 71 54 38 23 14 156 139 122 104 87 70 52 35 18 0 157 140 122 105 88 71 54 38 23 14 159 142 125 108 91 75 59 45 33 28 162 145 129 112 96 81 67 54 45 42 166 150 134 118 103 89 76 65 58 55 171 155 140 125 111 98 87 77 71 69 177 162 148 134 120 108 98 90 85 83 184 170 156 143 130 119 110 103 98 96 192 178 165 152 141 131 122 116 112 110
117 93 123 136 79 99 152 92 37 43 118 76 44 83 89 93 65 44 91 54 93 83 118 135 81 102 131 97 70 38 122 120 39 80 35 124 70 31 85 62 29 34 45 60 75 91 108 125 142 159 15 23 38 54 71 88 105 122 140 157 0 18 35 52 70 87 104 122 139 156 15 23 38 54 71 88 105 122 140 157 29 34 45 60 75 91 108 125 142 159 43 47 55 68 82 97 113 129 145 162 58 60 67 77 90 104 119 134 150 166 72 74 80 88 99 112 126 140 156 171 86 88 93 100 110 122 134 148 162 177 100 102 106 112 121 132 144 156 170 184
100 77 107 120 63 83 136 76 21 25 103 63 28 70 73 77 48 27 75 41 78 68 101 118 64 85 114 81 53 21 106 103 24 68 18 107 53 13 69 48 34 29 34 45 60 75 91 108 125 142 23 15 23 38 54 71 88 105 122 140 18 0 18 35 52 70 87 104 122 139 23 15 23 38 54 71 88 105 122 140 34 29 34 45 60 75 91 108 125 142 47 43 46 55 67 82 97 112 129 145 60 57 60 67 77 90 104 118 134 150 74 72 73 79 88 99 112 126 140 155 88 86 87 92 100 110 121 134 148 162 102 100 101 105 112 121 131 143 156 170
83 61 93 103 48 66 119 60 11 8 89 54 14 58 57 62 31 11 59 31 63 53 84 102 48 69 96 67 38 5 91 86 17 58 2 90 37 6 53 38 45 34 29 34 45 60 75 91 108 125 38 23 15 23 38 54 71 88 105 122 35 18 0 18 35 52 70 87 104 122 38 23 15 23 38 54 71 88 105 122 45 34 29 34 45 60 75 91 108 125 55 46 43 46 55 67 81 97 112 129 67 60 57 60 67 77 90 104 118 134 80 73 71 73 79 88 99 112 126 140 93 87 85 87 92 99 109 121 134 148 106 101 99 101 105 112 121 131 143 156
66 47 79 87 35 50 103 46 21 10 77 48 16 51 43 48 14 12 45 30 50 41 66 86 33 53 79 54 26 16 76 70 24 52 18 73 22 23 39 34 60 45 34 29 33 45 59 75 91 108 54 38 23 15 23 38 54 71 88 105 52 35 18 0 18 35 52 70 87 104 54 38 23 15 23 38 54 71 88 105 60 45 34 29 33 45 59 75 91 108 68 55 46 43 46 55 67 81 97 112 77 67 60 57 59 66 77 89 103 118 88 79 73 71 73 79 88 99 112 125 100 92 87 85 87 91 99 109 121 134 112 105 101 99 100 105 111 120 131 143
51 35 67 72 28 36 88 34 36 28 67 49 30 49 32 37 6 28 33 38 41 33 49 71 22 38 62 44 22 33 63 54 38 52 35 56 15 40 29 38 75 60 45 33 29 33 45 59 75 91 71 54 38 23 15 23 38 54 71 88 70 52 35 18 0 18 35 52 70 87 71 54 38 23 15 23 38 54 71 88 75 60 45 33 29 33 45 59 75 91 82 67 55 46 43 46 55 67 81 96 90 77 67 59 57 59 66 77 89 103 99 88 79 73 71 73 78 87 99 111 110 100 92 87 85 86 91 99 109 120 121 112 105 100 99 100 104 111 120 130
36 29 58 57 30 25 73 29 53 45 60 56 46 52 28 33 23 45 28 50 38 34 32 58 22 27 45 40 31 50 53 40 55 58 52 40 24 57 27 48 91 75 60 45 33 28 33 45 59 75 88 71 54 38 23 14 23 38 54 71 87 70 52 35 18 0 18 35 52 70 88 71 54 38 23 14 23 38 54 71 91 75 60 45 33 28 33 45 59 75 97 82 67 55 46 42 46 55 67 81 104 90 77 66 59 56 59 66 76 89 112 99 88 79 73 70 72 78 87 98 122 110 99 91 86 84 86 91 98 108 132 121 112 105 100 98 99 104 110 119
25 33 54 44 40 24 59 34 70 62 57 66 63 61 35 37 40 62 33 65 42 43 16 47 33 24 27 43 44 67 47 29 71 67 69 26 39 74 35 62 108 91 75 59 45 33 28 33 45 59 105 88 71 54 38 23 14 23 38 54 104 87 70 52 35 18 0 18 35 52 105 88 71 54 38 23 14 23 38 54 108 91 75 59 45 33 28 33 45 59 113 97 81 67 55 46 42 46 54 67 119 104 90 77 66 59 56 59 66 76 126 112 99 88 78 72 70 72 78 87 134 121 109 99 91 86 84 85 90 98 144 131 121 111 104 99 98 99 103 110
24 44 55 36 54 34 48 45 87 80 60 79 80 73 47 47 57 79 45 81 52 56 8 40 48 33 11 52 60 85 47 26 88 80 87 19 55 92 49 77 125 108 91 75 59 45 33 28 33 45 122 105 88 71 54 38 23 14 23 38 122 104 87 70 52 35 18 0 18 35 122 105 88 71 54 38 23 14 23 38 125 108 91 75 59 45 33 28 33 45 129 112 97 81 67 55 46 42 45 54 134 118 104 89 77 66 59 56 58 65 140 126 112 99 87 78 72 70 72 77 148 134 121 109 99 91 85 83 85 90 156 143 131 120 111 104 99 97 99 103
34 58 61 35 70 48 42 60 105 97 68 93 98 86 62 61 74 96 60 98 66 70 23 41 64 46 10 65 77 102 53 34 105 93 104 26 72 109 64 93 142 125 108 91 75 59 45 33 28 33 140 122 105 88 71 54 38 23 14 23 139 122 104 87 70 52 35 18 0 18 140 122 105 88 71 54 38 23 14 23 142 125 108 91 75 59 45 33 28 33 145 129 112 97 81 67 54 45 42 45 150 134 118 103 89 76 66 58 55 58 156 140 126 112 99 87 78 72 69 71 162 148 134 121 109 98 90 85 83 85 170 156 143 131 120 110 103 99 97 98
48 74 71 42 86 64 42 75 122 114 78 109 115 101 77 76 92 114 75 114 80 86 39 48 81 62 27 79 93 119 63 47 122 108 121 39 89 126 80 109 159 142 125 108 91 75 59 45 33 28 157 140 122 105 88 71 54 38 23 14 156 139 122 104 87 70 52 35 18 0 157 140 122 105 88 71 54 38 23 14 159 142 125 108 91 75 59 45 33 28 162 145 129 112 96 81 67 54 45 42 166 150 134 118 103 89 76 65 58 55 171 155 140 125 111 98 87 77 71 69 177 162 148 134 120 108 98 90 85 83 184 170 156 143 130 119 110 103 98 96
115 90 117 134 76 97 149 89 43 45 112 68 43 76 86 89 68 44 88 48 88 79 118 131 78 100 131 92 66 39 117 118 35 72 39 122 75 33 82 56 43 47 55 68 82 97 113 129 145 162 29 34 45 60 75 91 108 125 142 159 15 23 38 54 71 88 105 122 140 157 0 18 35 52 70 87 104 122 139 156 15 23 38 54 71 88 105 122 140 157 29 34 45 60 75 91 108 125 142 159 43 47 55 68 82 97 113 129 145 162 58 60 67 77 90 104 119 134 150 166 72 74 80 88 99 112 126 140 156 171 86 88 93 100 110 122 134 148 162 177
97 73 101 117 59 80 132 72 31 29 96 54 25 61 69 72 51 27 71 32 72 62 101 114 61 83 114 75 49 23 101 101 18 58 24 105 59 18 65 40 47 43 46 55 67 82 97 112 129 145 34 29 34 45 60 75 91 108 125 142 23 15 23 38 54 71 88 105 122 140 18 0 18 35 52 70 87 104 122 139 23 15 23 38 54 71 88 105 122 140 34 29 34 45 60 75 91 108 125 142 47 43 46 55 67 82 97 112 129 145 60 57 60 67 77 90 104 118 134 150 74 72 73 79 88 99 112 126 140 155 88 86 87 92 100 110 121 134 148 162
80 56 85 100 42 63 115 55 25 16 81 42 8 47 52 56 35 12 54 19 56 46 84 97 44 65 97 59 32 12 85 83 2 46 16 88 45 13 48 26 55 46 43 46 55 67 81 97 112 129 45 34 29 34 45 60 75 91 108 125 38 23 15 23 38 54 71 88 105 122 35 18 0 18 35 52 70 87 104 122 38 23 15 23 38 54 71 88 105 122 45 34 29 34 45 60 75 91 108 125 55 46 43 46 55 67 81 97 112 129 67 60 57 60 67 77 90 104 118 134 80 73 71 73 79 88 99 112 126 140 93 87 85 87 92 99 109 121 134 148
63 40 70 83 26 46 98 39 30 17 67 35 11 38 35 40 22 12 37 16 41 31 66 81 27 48 79 44 16 19 69 66 18 39 23 70 33 25 31 19 68 55 46 43 46 55 67 81 97 112 60 45 34 29 33 45 59 75 91 108 54 38 23 15 23 38 54 71 88 105 52 35 18 0 18 35 52 70 87 104 54 38 23 15 23 38 54 71 88 105 60 45 34 29 33 45 59 75 91 108 68 55 46 43 46 55 67 81 97 112 77 67 60 57 59 66 77 89 103 118 88 79 73 71 73 79 88 99 112 125 100 92 87 85 87 91 99 109 121 134
46 24 57 66 14 29 82 24 43 31 55 36 28 35 21 26 19 28 22 28 28 20 49 65 11 32 62 32 9 34 54 49 35 39 38 53 29 41 17 26 82 67 55 46 43 46 55 67 81 96 75 60 45 33 29 33 45 59 75 91 71 54 38 23 15 23 38 54 71 88 70 52 35 18 0 18 35 52 70 87 71 54 38 23 15 23 38 54 71 88 75 60 45 33 29 33 45 59 75 91 82 67 55 46 43 46 55 67 81 96 90 77 67 59 57 59 66 77 89 103 99 88 79 73 71 73 78 87 99 111 110 100 92 87 85 86 91 99 109 120
29 15 46 50 18 13 66 16 58 47 46 44 45 40 15 19 28 45 14 44 24 21 32 49 11 16 45 26 23 51 42 33 52 46 54 36 34 58 14 40 97 82 67 55 46 42 46 55 67 81 91 75 60 45 33 28 33 45 59 75 88 71 54 38 23 14 23 38 54 71 87 70 52 35 18 0 18 35 52 70 88 71 54 38 23 14 23 38 54 71 91 75 60 45 33 28 33 45 59 75 97 82 67 55 46 42 46 55 67 81 104 90 77 66 59 56 59 66 76 89 112 99 88 79 73 70 72 78 87 98 122 110 99 91 86 84 86 91 98 108
14 22 40 35 33 12 51 23 74 64 43 57 62 51 25 25 43 62 23 61 30 34 16 36 27 11 28 31 40 68 33 18 69 57 71 19 46 75 27 56 113 97 81 67 55 46 42 46 54 67 108 91 75 59 45 33 28 33 45 59 105 88 71 54 38 23 14 23 38 54 104 87 70 52 35 18 0 18 35 52 105 88 71 54 38 23 14 23 38 54 108 91 75 59 45 33 28 33 45 59 113 97 81 67 55 46 42 46 54 67 119 104 90 77 66 59 56 59 66 76 126 112 99 88 78 72 70 72 78 87 134 121 109 99 91 86 84 85 90 98
12 36 41 23 49 27 37 38 90 81 47 71 80 64 40 39 59 79 38 77 44 49 8 27 44 25 13 43 57 85 33 13 87 71 88 6 60 92 43 72 129 112 97 81 67 55 46 42 45 54 125 108 91 75 59 45 33 28 33 45 122 105 88 71 54 38 23 14 23 38 122 104 87 70 52 35 18 0 18 35 122 105 88 71 54 38 23 14 23 38 125 108 91 75 59 45 33 28 33 45 129 112 97 81 67 55 46 42 45 54 134 118 104 89 77 66 59 56 58 65 140 126 112 99 87 78 72 70 72 77 148 134 121 109 99 91 85 83 85 90
27 53 49 21 66 44 29 54 107 98 56 87 97 80 57 55 76 96 55 94 59 65 23 28 62 41 12 57 74 102 41 25 104 87 105 18 76 110 60 89 145 129 112 97 81 67 54 45 42 45 142 125 108 91 75 59 45 33 28 33 140 122 105 88 71 54 38 23 14 23 139 122 104 87 70 52 35 18 0 18 140 122 105 88 71 54 38 23 14 23 142 125 108 91 75 59 45 33 28 33 145 129 112 97 81 67 54 45 42 45 150 134 118 103 89 76 66 58 55 58 156 140 126 112 99 87 78 72 69 71 162 148 134 121 109 98 90 85 83 85
43 69 61 32 83 61 29 71 124 115 69 103 114 95 74 72 93 114 71 112 75 82 39 38 79 58 27 73 91 120 54 41 121 103 122 35 92 127 77 106 162 145 129 112 96 81 67 54 45 42 159 142 125 108 91 75 59 45 33 28 157 140 122 105 88 71 54 38 23 14 156 139 122 104 87 70 52 35 18 0 157 140 122 105 88 71 54 38 23 14 159 142 125 108 91 75 59 45 33 28 162 145 129 112 96 81 67 54 45 42 166 150 134 118 103 89 76 65 58 55 171 155 140 125 111 98 87 77 71 69 177 162 148 134 120 108 98 90 85 83
114 89 113 132 75 97 147 87 53 51 107 62 46 70 84 87 73 48 87 46 86 77 120 129 79 100 133 89 66 45 114 117 37 65 46 123 81 40 81 53 58 60 67 77 90 104 119 134 150 166 43 47 55 68 82 97 113 129 145 162 29 34 45 60 75 91 108 125 142 159 15 23 38 54 71 88 105 122 140 157 0 18 35 52 70 87 104 122 139 156 15 23 38 54 71 88 105 122 140 157 29 34 45 60 75 91 108 125 142 159 43 47 55 68 82 97 113 129 145 162 58 60 67 77 90 104 119 134 150 166 72 74 80 88 99 112 126 140 156 171
97 71 96 115 57 79 130 70 43 37 91 46 30 54 67 70 58 34 69 29 69 59 103 112 61 82 116 72 49 32 97 100 22 50 35 105 67 29 64 36 60 57 60 67 77 90 104 118 134 150 47 43 46 55 67 82 97 112 129 145 34 29 34 45 60 75 91 108 125 142 23 15 23 38 54 71 88 105 122 140 18 0 18 35 52 70 87 104 122 139 23 15 23 38 54 71 88 105 122 140 34 29 34 45 60 75 91 108 125 142 47 43 46 55 67 82 97 112 129 145 60 57 60 67 77 90 104 118 134 150 74 72 73 79 88 99 112 126 140 155
80 54 80 98 40 62 113 53 39 29 74 31 19 38 50 53 44 24 52 11 51 42 86 95 44 65 99 55 32 25 80 83 13 35 30 88 55 26 46 19 67 60 57 60 67 77 90 104 118 134 55 46 43 46 55 67 81 97 112 129 45 34 29 34 45 60 75 91 108 125 38 23 15 23 38 54 71 88 105 122 35 18 0 18 35 52 70 87 104 122 38 23 15 23 38 54 71 88 105 122 45 34 29 34 45 60 75 91 108 125 55 46 43 46 55 67 81 97 112 129 67 60 57 60 67 77 90 104 118 134 80 73 71 73 79 88 99 112 126 140
63 37 64 80 23 45 95 35 43 30 59 21 20 25 33 36 35 24 35 7 35 25 69 78 27 48 82 38 16 29 64 65 21 25 34 71 46 34 29 5 77 67 60 57 59 66 77 89 103 118 68 55 46 43 46 55 67 81 97 112 60 45 34 29 33 45 59 75 91 108 54 38 23 15 23 38 54 71 88 105 52 35 18 0 18 35 52 70 87 104 54 38 23 15 23 38 54 71 88 105 60 45 34 29 33 45 59 75 91 108 68 55 46 43 46 55 67 81 97 112 77 67 60 57 59 66 77 89 103 118 88 79 73 71 73 79 88 99 112 125
45 20 48 63 6 28 78 18 52 39 45 23 32 21 15 19 32 35 17 24 19 9 53 61 12 31 66 22 8 41 47 48 37 25 46 54 43 47 12 18 90 77 67 59 57 59 66 77 89 103 82 67 55 46 43 46 55 67 81 96 75 60 45 33 29 33 45 59 75 91 71 54 38 23 15 23 38 54 71 88 70 52 35 18 0 18 35 52 70 87 71 54 38 23 15 23 38 54 71 88 75 60 45 33 29 33 45 59 75 91 82 67 55 46 43 46 55 67 81 96 90 77 67 59 57 59 66 77 89 103 99 88 79 73 71 73 78 87 99 111
28 2 35 46 13 11 61 2 65 53 34 35 48 28 3 5 39 49 1 41 10 12 38 44 13 14 50 12 22 56 32 31 54 35 60 37 46 63 7 35 104 90 77 66 59 56 59 66 76 89 97 82 67 55 46 42 46 55 67 81 91 75 60 45 33 28 33 45 59 75 88 71 54 38 23 14 23 38 54 71 87 70 52 35 18 0 18 35 52 70 88 71 54 38 23 14 23 38 54 71 91 75 60 45 33 28 33 45 59 75 97 82 67 55 46 42 46 55 67 81 104 90 77 66 59 56 59 66 76 89 112 99 88 79 73 70 72 78 87 98
12 16 26 29 30 10 45 18 79 68 30 50 64 42 20 18 51 65 18 59 22 28 25 27 28 7 35 21 39 72 20 14 70 50 75 20 56 79 24 53 119 104 90 77 66 59 56 59 66 76 113 97 81 67 55 46 42 46 54 67 108 91 75 59 45 33 28 33 45 59 105 88 71 54 38 23 14 23 38 54 104 87 70 52 35 18 0 18 35 52 105 88 71 54 38 23 14 23 38 54 108 91 75 59 45 33 28 33 45 59 113 97 81 67 55 46 42 46 54 67 119 104 90 77 66 59 56 59 66 76 126 112 99 88 78 72 70 72 78 87
9 33 28 13 48 26 29 35 95 84 35 66 81 58 38 35 65 82 36 76 38 46 21 14 45 23 25 36 57 88 20 6 88 65 91 9 68 95 41 70 134 118 104 89 77 66 59 56 58 65 129 112 97 81 67 55 46 42 45 54 125 108 91 75 59 45 33 28 33 45 122 105 88 71 54 38 23 14 23 38 122 104 87 70 52 35 18 0 18 35 122 105 88 71 54 38 23 14 23 38 125 108 91 75 59 45 33 28 33 45 129 112 97 81 67 55 46 42 45 54 134 118 104 89 77 66 59 56 58 65 140 126 112 99 87 78 72 70 72 77
26 51 39 10 65 43 16 52 111 101 47 83 98 75 55 52 81 99 53 93 55 63 30 16 62 40 24 53 74 105 32 22 105 82 108 19 82 112 59 87 150 134 118 103 89 76 66 58 55 58 145 129 112 97 81 67 54 45 42 45 142 125 108 91 75 59 45 33 28 33 140 122 105 88 71 54 38 23 14 23 139 122 104 87 70 52 35 18 0 18 140 122 105 88 71 54 38 23 14 23 142 125 108 91 75 59 45 33 28 33 145 129 112 97 81 67 54 45 42 45 150 134 118 103 89 76 66 58 55 58 156 140 126 112 99 87 78 72 69 71
43 68 53 25 82 60 17 69 127 117 61 100 115 91 72 70 97 115 70 111 72 80 44 30 79 57 34 70 91 122 47 40 122 98 125 36 97 129 76 104 166 150 134 118 103 89 76 65 58 55 162 145 129 112 96 81 67 54 45 42 159 142 125 108 91 75 59 45 33 28 157 140 122 105 88 71 54 38 23 14 156 139 122 104 87 70 52 35 18 0 157 140 122 105 88 71 54 38 23 14 159 142 125 108 91 75 59 45 33 28 162 145 129 112 96 81 67 54 45 42 166 150 134 118 103 89 76 65 58 55 171 155 140 125 111 98 87 77 71 69
116 90 111 132 76 98 146 88 64 60 104 59 53 68 86 88 80 56 88 48 85 77 123 129 81 101 136 88 69 54 113 118 44 62 56 124 89 50 83 53 72 74 80 88 99 112 126 140 156 171 58 60 67 77 90 104 119 134 150 166 43 47 55 68 82 97 113 129 145 162 29 34 45 60 75 91 108 125 142 159 15 23 38 54 71 88 105 122 140 157 0 18 35 52 70 87 104 122 139 156 15 23 38 54 71 88 105 122 140 157 29 34 45 60 75 91 108 125 142 159 43 47 55 68 82 97 113 129 145 162 58 60 67 77 90 104 119 134 150 166
99 73 93 115 59 82 129 71 56 49 87 42 40 50 69 71 67 44 71 32 68 60 107 111 65 84 119 71 53 44 96 101 32 45 47 107 77 42 66 36 74 72 73 79 88 99 112 126 140 155 60 57 60 67 77 90 104 118 134 150 47 43 46 55 67 82 97 112 129 145 34 29 34 45 60 75 91 108 125 142 23 15 23 38 54 71 88 105 122 140 18 0 18 35 52 70 87 104 122 139 23 15 23 38 54 71 88 105 122 140 34 29 34 45 60 75 91 108 125 142 47 43 46 55 67 82 97 112 129 145 60 57 60 67 77 90 104 118 134 150
82 56 76 98 43 65 112 54 53 43 70 25 32 33 52 54 55 37 54 18 51 43 90 94 49 67 103 53 38 40 78 84 27 28 44 91 66 40 49 20 80 73 71 73 79 88 99 112 126 140 67 60 57 60 67 77 90 104 118 134 55 46 43 46 55 67 81 97 112 129 45 34 29 34 45 60 75 91 108 125 38 23 15 23 38 54 71 88 105 122 35 18 0 18 35 52 70 87 104 122 38 23 15 23 38 54 71 88 105 122 45 34 29 34 45 60 75 91 108 125 55 46 43 46 55 67 81 97 112 129 67 60 57 60 67 77 90 104 118 134
65 39 59 81 27 49 94 38 56 43 53 9 33 17 36 37 48 37 38 16 34 27 75 77 35 51 87 36 25 42 61 67 32 13 47 74 59 46 33 10 88 79 73 71 73 79 88 99 112 125 77 67 60 57 59 66 77 89 103 118 68 55 46 43 46 55 67 81 97 112 60 45 34 29 33 45 59 75 91 108 54 38 23 15 23 38 54 71 88 105 52 35 18 0 18 35 52 70 87 104 54 38 23 15 23 38 54 71 88 105 60 45 34 29 33 45 59 75 91 108 68 55 46 43 46 55 67 81 97 112 77 67 60 57 59 66 77 89 103 118
49 24 42 63 17 33 77 22 63 50 37 13 41 7 21 21 46 45 23 28 17 12 60 59 24 35 72 19 21 51 44 51 44 13 56 58 57 56 20 20 99 88 79 73 71 73 78 87 99 111 90 77 67 59 57 59 66 77 89 103 82 67 55 46 43 46 55 67 81 96 75 60 45 33 29 33 45 59 75 91 71 54 38 23 15 23 38 54 71 88 70 52 35 18 0 18 35 52 70 87 71 54 38 23 15 23 38 54 71 88 75 60 45 33 29 33 45 59 75 91 82 67 55 46 43 46 55 67 81 96 90 77 67 59 57 59 66 77 89 103
34 14 26 46 20 22 60 13 74 61 23 29 54 21 15 10 51 57 15 44 6 15 47 42 24 23 57 3 30 63 27 35 58 28 68 42 59 69 18 36 112 99 88 79 73 70 72 78 87 98 104 90 77 66 59 56 59 66 76 89 97 82 67 55 46 42 46 55 67 81 91 75 60 45 33 28 33 45 59 75 88 71 54 38 23 14 23 38 54 71 87 70 52 35 18 0 18 35 52 70 88 71 54 38 23 14 23 38 54 71 91 75 60 45 33 28 33 45 59 75 97 82 67 55 46 42 46 55 67 81 104 90 77 66 59 56 59 66 76 89
22 21 13 29 34 21 43 22 87 75 16 46 69 38 25 20 60 71 23 60 20 30 38 25 35 20 45 17 44 78 10 21 74 45 82 29 67 84 29 53 126 112 99 88 78 72 70 72 78 87 119 104 90 77 66 59 56 59 66 76 113 97 81 67 55 46 42 46 54 67 108 91 75 59 45 33 28 33 45 59 105 88 71 54 38 23 14 23 38 54 104 87 70 52 35 18 0 18 35 52 105 88 71 54 38 23 14 23 38 54 108 91 75 59 45 33 28 33 45 59 113 97 81 67 55 46 42 46 54 67 119 104 90 77 66 59 56 59 66 76
21 36 17 14 50 32 25 37 101 90 25 63 85 55 40 36 73 87 38 77 37 47 35 8 49 29 38 34 60 93 10 18 91 62 97 23 77 100 44 70 140 126 112 99 87 78 72 70 72 77 134 118 104 89 77 66 59 56 58 65 129 112 97 81 67 55 46 42 45 54 125 108 91 75 59 45 33 28 33 45 122 105 88 71 54 38 23 14 23 38 122 104 87 70 52 35 18 0 18 35 122 105 88 71 54 38 23 14 23 38 125 108 91 75 59 45 33 28 33 45 129 112 97 81 67 55 46 42 45 54 134 118 104 89 77 66 59 56 58 65
32 52 31 11 67 47 8 54 116 105 39 81 102 72 57 53 87 103 55 94 54 64 41 11 65 44 38 51 76 109 27 28 107 79 113 29 90 116 61 87 156 140 126 112 99 87 78 72 69 71 150 134 118 103 89 76 66 58 55 58 145 129 112 97 81 67 54 45 42 45 142 125 108 91 75 59 45 33 28 33 140 122 105 88 71 54 38 23 14 23 139 122 104 87 70 52 35 18 0 18 140 122 105 88 71 54 38 23 14 23 142 125 108 91 75 59 45 33 28 33 145 129 112 97 81 67 54 45 42 45 150 134 118 103 89 76 66 58 55 58
46 69 48 26 84 63 10 71 132 121 56 98 118 90 74 70 102 119 72 111 72 81 52 28 82 60 45 69 93 125 44 43 124 96 129 41 104 132 77 105 171 155 140 125 111 98 87 77 71 69 166 150 134 118 103 89 76 65 58 55 162 145 129 112 96 81 67 54 45 42 159 142 125 108 91 75 59 45 33 28 157 140 122 105 88 71 54 38 23 14 156 139 122 104 87 70 52 35 18 0 157 140 122 105 88 71 54 38 23 14 159 142 125 108 91 75 59 45 33 28 162 145 129 112 96 81 67 54 45 42 166 150 134 118 103 89 76 65 58 55
119 93 110 134 80 102 147 91 76 70 103 60 62 68 89 91 89 66 91 54 87 80 128 130 86 105 140 90 75 65 113 121 54 61 68 128 99 62 86 58 86 88 93 100 110 122 134 148 162 177 72 74 80 88 99 112 126 140 156 171 58 60 67 77 90 104 119 134 150 166 43 47 55 68 82 97 113 129 145 162 29 34 45 60 75 91 108 125 142 159 15 23 38 54 71 88 105 122 140 157 0 18 35 52 70 87 104 122 139 156 15 23 38 54 71 88 105 122 140 157 29 34 45 60 75 91 108 125 142 159 43 47 55 68 82 97 113 129 145 162
103 77 93 117 64 86 130 75 70 62 86 42 52 51 73 74 77 57 75 40 70 64 112 112 71 88 124 73 60 57 96 105 45 44 61 111 88 56 70 42 88 86 87 92 100 110 121 134 148 162 74 72 73 79 88 99 112 126 140 155 60 57 60 67 77 90 104 118 134 150 47 43 46 55 67 82 97 112 129 145 34 29 34 45 60 75 91 108 125 142 23 15 23 38 54 71 88 105 122 140 18 0 18 35 52 70 87 104 122 139 23 15 23 38 54 71 88 105 122 140 34 29 34 45 60 75 91 108 125 142 47 43 46 55 67 82 97 112 129 145
86 61 76 100 50 70 113 59 68 57 68 26 46 34 57 58 68 51 59 30 54 48 97 95 57 73 109 56 47 54 79 88 41 27 58 95 79 55 55 30 93 87 85 87 92 99 109 121 134 148 80 73 71 73 79 88 99 112 126 140 67 60 57 60 67 77 90 104 118 134 55 46 43 46 55 67 81 97 112 129 45 34 29 34 45 60 75 91 108 125 38 23 15 23 38 54 71 88 105 122 35 18 0 18 35 52 70 87 104 122 38 23 15 23 38 54 71 88 105 122 45 34 29 34 45 60 75 91 108 125 55 46 43 46 55 67 81 97 112 129
71 46 58 83 37 56 96 45 70 57 51 11 46 18 43 43 62 51 45 29 38 35 82 78 45 58 94 40 38 56 62 72 44 10 60 79 73 59 42 24 100 92 87 85 87 91 99 109 121 134 88 79 73 71 73 79 88 99 112 125 77 67 60 57 59 66 77 89 103 118 68 55 46 43 46 55 67 81 97 112 60 45 34 29 33 45 59 75 91 108 54 38 23 15 23 38 54 71 88 105 52 35 18 0 18 35 52 70 87 104 54 38 23 15 23 38 54 71 88 105 60 45 34 29 33 45 59 75 91 108 68 55 46 43 46 55 67 81 97 112
56 34 41 67 30 43 78 33 76 62 34 14 53 9 32 30 60 57 33 37 25 25 69 62 38 45 80 25 35 62 45 57 53 11 67 65 71 67 33 29 110 100 92 87 85 86 91 99 109 120 99 88 79 73 71 73 78 87 99 111 90 77 67 59 57 59 66 77 89 103 82 67 55 46 43 46 55 67 81 96 75 60 45 33 29 33 45 59 75 91 71 54 38 23 15 23 38 54 71 88 70 52 35 18 0 18 35 52 70 87 71 54 38 23 15 23 38 54 71 88 75 60 45 33 29 33 45 59 75 91 82 67 55 46 43 46 55 67 81 96
43 28 24 51 32 35 62 27 85 71 17 30 63 22 29 24 64 67 29 50 19 26 58 45 38 35 67 17 41 73 28 43 66 27 78 51 73 78 31 42 122 110 99 91 86 84 86 91 98 108 112 99 88 79 73 70 72 78 87 98 104 90 77 66 59 56 59 66 76 89 97 82 67 55 46 42 46 55 67 81 91 75 60 45 33 28 33 45 59 75 88 71 54 38 23 14 23 38 54 71 87 70 52 35 18 0 18 35 52 70 88 71 54 38 23 14 23 38 54 71 91 75 60 45 33 28 33 45 59 75 97 82 67 55 46 42 46 55 67 81
35 32 7 36 42 34 45 32 96 83 2 47 77 38 35 30 72 79 34 65 27 37 51 30 45 33 57 23 52 86 14 33 80 44 90 41 79 92 38 57 134 121 109 99 91 86 84 85 90 98 126 112 99 88 78 72 70 72 78 87 119 104 90 77 66 59 56 59 66 76 113 97 81 67 55 46 42 46 54 67 108 91 75 59 45 33 28 33 45 59 105 88 71 54 38 23 14 23 38 54 104 87 70 52 35 18 0 18 35 52 105 88 71 54 38 23 14 23 38 54 108 91 75 59 45 33 28 33 45 59 113 97 81 67 55 46 42 46 54 67
34 43 12 25 56 42 29 44 109 97 19 64 91 55 47 42 82 93 45 81 41 51 49 18 57 40 51 38 66 100 14 31 96 61 104 37 88 106 51 73 148 134 121 109 99 91 85 83 85 90 140 126 112 99 87 78 72 70 72 77 134 118 104 89 77 66 59 56 58 65 129 112 97 81 67 55 46 42 45 54 125 108 91 75 59 45 33 28 33 45 122 105 88 71 54 38 23 14 23 38 122 104 87 70 52 35 18 0 18 35 122 105 88 71 54 38 23 14 23 38 125 108 91 75 59 45 33 28 33 45 129 112 97 81 67 55 46 42 45 54
41 58 29 23 71 54 16 59 123 111 36 81 107 72 62 57 95 108 60 97 57 67 53 20 71 51 51 54 81 115 28 38 111 79 119 41 99 121 66 90 162 148 134 121 109 98 90 85 83 85 156 140 126 112 99 87 78 72 69 71 150 134 118 103 89 76 66 58 55 58 145 129 112 97 81 67 54 45 42 45 142 125 108 91 75 59 45 33 28 33 140 122 105 88 71 54 38 23 14 23 139 122 104 87 70 52 35 18 0 18 140 122 105 88 71 54 38 23 14 23 142 125 108 91 75 59 45 33 28 33 145 129 112 97 81 67 54 45 42 45
54 73 47 33 87 69 18 74 138 127 54 98 122 90 77 73 109 124 75 114 74 83 62 32 86 66 56 71 97 130 45 50 128 96 134 50 112 137 81 107 177 162 148 134 120 108 98 90 85 83 171 155 140 125 111 98 87 77 71 69 166 150 134 118 103 89 76 65 58 55 162 145 129 112 96 81 67 54 45 42 159 142 125 108 91 75 59 45 33 28 157 140 122 105 88 71 54 38 23 14 156 139 122 104 87 70 52 35 18 0 157 140 122 105 88 71 54 38 23 14 159 142 125 108 91 75 59 45 33 28 162 145 129 112 96 81 67 54 45 42
124 98 111 137 87 108 149 97 89 82 104 63 73 71 95 95 99 78 97 63 91 86 134 132 93 110 146 93 82 78 115 126 66 64 81 132 110 75 92 65 100 102 106 112 121 132 144 156 170 184 86 88 93 100 110 122 134 148 162 177 72 74 80 88 99 112 126 140 156 171 58 60 67 77 90 104 119 134 150 166 43 47 55 68 82 97 113 129 145 162 29 34 45 60 75 91 108 125 142 159 15 23 38 54 71 88 105 122 140 157 0 18 35 52 70 87 104 122 139 156 15 23 38 54 71 88 105 122 140 157 29 34 45 60 75 91 108 125 142 159
108 83 94 120 72 92 132 81 84 75 87 48 65 55 80 80 89 70 81 51 76 71 119 115 79 95 131 77 69 71 99 109 58 48 75 117 100 70 78 52 102 100 101 105 112 121 131 143 156 170 88 86 87 92 100 110 121 134 148 162 74 72 73 79 88 99 112 126 140 155 60 57 60 67 77 90 104 118 134 150 47 43 46 55 67 82 97 112 129 145 34 29 34 45 60 75 91 108 125 142 23 15 23 38 54 71 88 105 122 140 18 0 18 35 52 70 87 104 122 139 23 15 23 38 54 71 88 105 122 140 34 29 34 45 60 75 91 108 125 142
93 68 77 104 59 78 115 67 82 71 70 33 60 40 66 65 80 65 67 44 60 57 104 99 67 80 116 62 58 68 82 94 55 33 72 101 92 69 64 42 106 101 99 101 105 112 121 131 143 156 93 87 85 87 92 99 109 121 134 148 80 73 71 73 79 88 99 112 126 140 67 60 57 60 67 77 90 104 118 134 55 46 43 46 55 67 81 97 112 129 45 34 29 34 45 60 75 91 108 125 38 23 15 23 38 54 71 88 105 122 35 18 0 18 35 52 70 87 104 122 38 23 15 23 38 54 71 88 105 122 45 34 29 34 45 60 75 91 108 125
78 56 60 88 49 65 99 54 83 71 53 24 60 27 54 52 75 65 55 43 47 45 91 82 57 67 102 47 51 69 66 79 58 21 74 87 87 72 53 38 112 105 101 99 100 105 111 120 131 143 100 92 87 85 87 91 99 109 121 134 88 79 73 71 73 79 88 99 112 125 77 67 60 57 59 66 77 89 103 118 68 55 46 43 46 55 67 81 97 112 60 45 34 29 33 45 59 75 91 108 54 38 23 15 23 38 54 71 88 105 52 35 18 0 18 35 52 70 87 104 54 38 23 15 23 38 54 71 88 105 60 45 34 29 33 45 59 75 91 108
65 46 44 72 44 55 82 45 88 75 36 26 65 23 45 42 74 70 46 48 37 39 79 67 52 56 89 36 49 75 50 66 65 21 80 73 85 79 46 42 121 112 105 100 99 100 104 111 120 130 110 100 92 87 85 86 91 99 109 120 99 88 79 73 71 73 78 87 99 111 90 77 67 59 57 59 66 77 89 103 82 67 55 46 43 46 55 67 81 96 75 60 45 33 29 33 45 59 75 91 71 54 38 23 15 23 38 54 71 88 70 52 35 18 0 18 35 52 70 87 71 54 38 23 15 23 38 54 71 88 75 60 45 33 29 33 45 59 75 91
55 42 29 58 46 48 66 41 96 83 21 37 74 30 43 38 77 78 43 59 33 40 70 52 51 48 78 31 53 84 36 54 75 33 88 62 87 89 45 51 132 121 112 105 100 98 99 104 110 119 122 110 99 91 86 84 86 91 98 108 112 99 88 79 73 70 72 78 87 98 104 90 77 66 59 56 59 66 76 89 97 82 67 55 46 42 46 55 67 81 91 75 60 45 33 28 33 45 59 75 88 71 54 38 23 14 23 38 54 71 87 70 52 35 18 0 18 35 52 70 88 71 54 38 23 14 23 38 54 71 91 75 60 45 33 28 33 45 59 75
48 45 18 46 53 48 51 45 106 93 13 51 86 43 47 42 84 89 46 72 38 47 64 39 57 47 70 35 62 95 26 47 88 48 100 54 92 100 50 64 144 131 121 111 104 99 98 99 103 110 134 121 109 99 91 86 84 85 90 98 126 112 99 88 78 72 70 72 78 87 119 104 90 77 66 59 56 59 66 76 113 97 81 67 55 46 42 46 54 67 108 91 75 59 45 33 28 33 45 59 105 88 71 54 38 23 14 23 38 54 104 87 70 52 35 18 0 18 35 52 105 88 71 54 38 23 14 23 38 54 108 91 75 59 45 33 28 33 45 59
48 53 20 37 64 54 38 54 118 105 23 67 99 59 56 51 93 101 55 87 49 59 63 31 67 52 65 46 74 108 26 45 102 64 112 51 99 114 60 79 156 143 131 120 111 104 99 97 99 103 148 134 121 109 99 91 85 83 85 90 140 126 112 99 87 78 72 70 72 77 134 118 104 89 77 66 59 56 58 65 129 112 97 81 67 55 46 42 45 54 125 108 91 75 59 45 33 28 33 45 122 105 88 71 54 38 23 14 23 38 122 104 87 70 52 35 18 0 18 35 122 105 88 71 54 38 23 14 23 38 125 108 91 75 59 45 33 28 33 45
53 65 34 36 78 63 29 66 131 119 39 84 113 75 69 64 104 115 67 102 63 73 66 32 79 61 65 60 88 122 36 50 117 81 126 53 110 128 73 95 170 156 143 131 120 110 103 99 97 98 162 148 134 121 109 98 90 85 83 85 156 140 126 112 99 87 78 72 69 71 150 134 118 103 89 76 66 58 55 58 145 129 112 97 81 67 54 45 42 45 142 125 108 91 75 59 45 33 28 33 140 122 105 88 71 54 38 23 14 23 139 122 104 87 70 52 35 18 0 18 140 122 105 88 71 54 38 23 14 23 142 125 108 91 75 59 45 33 28 33
63 79 49 43 93 76 30 80 145 133 55 100 128 92 83 79 117 130 82 118 79 88 73 41 93 74 69 75 103 136 50 59 133 98 140 61 121 143 87 111 184 170 156 143 130 119 110 103 98 96 177 162 148 134 120 108 98 90 85 83 171 155 140 125 111 98 87 77 71 69 166 150 134 118 103 89 76 65 58 55 162 145 129 112 96 81 67 54 45 42 159 142 125 108 91 75 59 45 33 28 157 140 122 105 88 71 54 38 23 14 156 139 122 104 87 70 52 35 18 0 157 140 122 105 88 71 54 38 23 14 159 142 125 108 91 75 59 45 33 28
130 105 114 141 95 115 152 103 102 95 106 70 85 77 102 102 110 90 104 73 97 93 141 136 102 117 153 99 91 90 119 131 78 70 94 139 121 88 100 74 115 116 119 125 133 143 154 166 179 192 100 102 106 112 121 132 144 156 170 184 86 88 93 100 110 122 134 148 162 177 72 74 80 88 99 112 126 140 156 171 58 60 67 77 90 104 119 134 150 166 43 47 55 68 82 97 113 129 145 162 29 34 45 60 75 91 108 125 142 159 15 23 38 54 71 88 105 122 140 157 0 18 35 52 70 87 104 122 139 156 15 23 38 54 71 88 105 122 140 157
115 91 98 125 82 100 136 89 98 88 90 56 78 62 88 87 101 83 90 63 83 79 127 120 89 102 138 84 80 84 103 116 72 55 88 123 112 84 87 63 116 114 115 119 125 133 142 153 165 178 102 100 101 105 112 121 131 143 156 170 88 86 87 92 100 110 121 134 148 162 74 72 73 79 88 99 112 126 140 155 60 57 60 67 77 90 104 118 134 150 47 43 46 55 67 82 97 112 129 145 34 29 34 45 60 75 91 108 125 142 23 15 23 38 54 71 88 105 122 140 18 0 18 35 52 70 87 104 122 139 23 15 23 38 54 71 88 105 122 140
101 78 81 110 70 87 119 76 96 85 73 44 74 49 75 74 94 79 77 58 69 67 113 104 78 89 124 70 71 82 87 101 69 43 86 109 105 83 75 55 119 115 114 115 118 124 132 142 153 165 106 101 99 101 105 112 121 131 143 156 93 87 85 87 92 99 109 121 134 148 80 73 71 73 79 88 99 112 126 140 67 60 57 60 67 77 90 104 118 134 55 46 43 46 55 67 81 97 112 129 45 34 29 34 45 60 75 91 108 125 38 23 15 23 38 54 71 88 105 122 35 18 0 18 35 52 70 87 104 122 38 23 15 23 38 54 71 88 105 122
87 67 66 94 62 76 103 66 97 85 58 38 74 40 65 63 89 79 66 57 58 58 101 88 70 77 111 57 65 83 72 88 71 35 88 96 100 85 65 52 125 119 115 113 114 118 124 132 141 152 112 105 101 99 100 105 111 120 131 143 100 92 87 85 87 91 99 109 121 134 88 79 73 71 73 79 88 99 112 125 77 67 60 57 59 66 77 89 103 118 68 55 46 43 46 55 67 81 97 112 60 45 34 29 33 45 59 75 91 108 54 38 23 15 23 38 54 71 88 105 52 35 18 0 18 35 52 70 87 104 54 38 23 15 23 38 54 71 88 105
76 59 51 80 58 67 88 58 101 88 43 39 78 37 59 55 88 83 59 61 50 53 91 74 65 68 100 48 63 88 58 76 77 35 93 84 99 91 60 55 133 125 118 114 113 114 117 123 131 141 121 112 105 100 99 100 104 111 120 130 110 100 92 87 85 86 91 99 109 120 99 88 79 73 71 73 78 87 99 111 90 77 67 59 57 59 66 77 89 103 82 67 55 46 43 46 55 67 81 96 75 60 45 33 29 33 45 59 75 91 71 54 38 23 15 23 38 54 71 88 70 52 35 18 0 18 35 52 70 87 71 54 38 23 15 23 38 54 71 88
67 56 39 67 59 62 73 55 108 95 31 47 86 42 57 52 91 90 56 70 47 53 83 61 65 62 90 45 66 95 46 66 86 42 100 74 100 100 59 62 143 133 124 118 114 112 113 117 123 131 132 121 112 105 100 98 99 104 110 119 122 110 99 91 86 84 86 91 98 108 112 99 88 79 73 70 72 78 87 98 104 90 77 66 59 56 59 66 76 89 97 82 67 55 46 42 46 55 67 81 91 75 60 45 33 28 33 45 59 75 88 71 54 38 23 14 23 38 54 71 87 70 52 35 18 0 18 35 52 70 88 71 54 38 23 14 23 38 54 71
62 58 31 57 65 62 60 58 117 104 27 59 96 52 60 55 96 99 59 81 51 59 78 51 70 61 83 47 74 105 39 60 97 55 110 67 105 110 63 73 154 142 132 124 117 113 112 113 116 122 144 131 121 111 104 99 98 99 103 110 134 121 109 99 91 86 84 85 90 98 126 112 99 88 78 72 70 72 78 87 119 104 90 77 66 59 56 59 66 76 113 97 81 67 55 46 42 46 54 67 108 91 75 59 45 33 28 33 45 59 105 88 71 54 38 23 14 23 38 54 104 87 70 52 35 18 0 18 35 52 105 88 71 54 38 23 14 23 38 54
61 65 33 51 74 66 49 65 128 115 33 73 108 66 67 62 104 111 66 94 59 69 76 45 78 64 79 56 84 117 39 59 110 69 121 65 111 123 71 86 166 153 142 132 123 117 113 111 112 116 156 143 131 120 111 104 99 97 99 103 148 134 121 109 99 91 85 83 85 90 140 126 112 99 87 78 72 70 72 77 134 118 104 89 77 66 59 56 58 65 129 112 97 81 67 55 46 42 45 54 125 108 91 75 59 45 33 28 33 45 122 105 88 71 54 38 23 14 23 38 122 104 87 70 52 35 18 0 18 35 122 105 88 71 54 38 23 14 23 38
66 75 42 50 86 74 43 75 140 128 45 88 121 80 78 73 114 123 77 109 71 81 79 45 89 72 78 68 96 130 46 62 124 85 134 67 120 136 82 101 179 165 153 141 131 123 116 112 110 112 170 156 143 131 120 110 103 99 97 98 162 148 134 121 109 98 90 85 83 85 156 140 126 112 99 87 78 72 69 71 150 134 118 103 89 76 66 58 55 58 145 129 112 97 81 67 54 45 42 45 142 125 108 91 75 59 45 33 28 33 140 122 105 88 71 54 38 23 14 23 139 122 104 87 70 52 35 18 0 18 140 122 105 88 71 54 38 23 14 23
74 87 56 55 100 85 43 88 153 141 60 104 135 96 91 86 126 137 89 124 85 95 85 52 101 83 82 81 110 144 58 70 139 101 148 73 131 150 95 116 192 178 165 152 141 131 122 116 112 110 184 170 156 143 130 119 110 103 98 96 177 162 148 134 120 108 98 90 85 83 171 155 140 125 111 98 87 77 71 69 166 150 134 118 103 89 76 65 58 55 162 145 129 112 96 81 67 54 45 42 159 142 125 108 91 75 59 45 33 28 157 140 122 105 88 71 54 38 23 14 156 139 122 104 87 70 52 35 18 0 157 140 122 105 88 71 54 38 23 14
137 113 119 147 104 123 157 112 116 108 111 78 98 84 110 110 122 103 112 84 105 102 149 141 111 125 160 106 102 103 124 138 91 77 107 146 133 102 109 84 129 130 133 138 145 154 164 176 188 201 115 116 119 125 133 143 154 166 179 192 100 102 106 112 121 132 144 156 170 184 86 88 93 100 110 122 134 148 162 177 72 74 80 88 99 112 126 140 156 171 58 60 67 77 90 104 119 134 150 166 43 47 55 68 82 97 113 129 145 162 29 34 45 60 75 91 108 125 142 159 15 23 38 54 71 88 105 122 140 157 0 18 35 52 70 87 104 122 139 156
123 100 103 131 92 110 141 99 112 102 95 66 91 71 98 96 113 96 99 76 91 89 136 126 100 111 147 92 91 98 109 124 85 65 102 131 125 98 97 75 130 128 129 132 138 145 154 164 175 187 116 114 115 119 125 133 142 153 165 178 102 100 101 105 112 121 131 143 156 170 88 86 87 92 100 110 121 134 148 162 74 72 73 79 88 99 112 126 140 155 60 57 60 67 77 90 104 118 134 150 47 43 46 55 67 82 97 112 129 145 34 29 34 45 60 75 91 108 125 142 23 15 23 38 54 71 88 105 122 140 18 0 18 35 52 70 87 104 122 139
110 88 88 117 82 98 125 87 110 99 80 57 88 60 87 85 107 93 88 72 79 79 123 111 90 99 134 79 83 96 94 110 83 54 101 118 118 97 86 68 133 129 128 129 132 137 144 153 163 175 119 115 114 115 118 124 132 142 153 165 106 101 99 101 105 112 121 131 143 156 93 87 85 87 92 99 109 121 134 148 80 73 71 73 79 88 99 112 126 140 67 60 57 60 67 77 90 104 118 134 55 46 43 46 55 67 81 97 112 129 45 34 29 34 45 60 75 91 108 125 38 23 15 23 38 54 71 88 105 122 35 18 0 18 35 52 70 87 104 122
98 79 73 102 75 88 110 78 111 99 65 52 88 53 78 75 103 93 79 71 70 71 112 96 83 89 122 69 78 97 80 98 85 48 102 106 114 99 78 66 138 132 129 127 128 131 137 144 153 163 125 119 115 113 114 118 124 132 141 152 112 105 101 99 100 105 111 120 131 143 100 92 87 85 87 91 99 109 121 134 88 79 73 71 73 79 88 99 112 125 77 67 60 57 59 66 77 89 103 118 68 55 46 43 46 55 67 81 97 112 60 45 34 29 33 45 59 75 91 108 54 38 23 15 23 38 54 71 88 105 52 35 18 0 18 35 52 70 87 104
88 72 60 89 72 80 95 72 115 102 53 52 92 51 72 69 102 96 73 74 63 67 103 83 79 81 111 61 77 101 68 87 90 48 106 95 113 104 73 68 145 138 132 128 127 127 131 136 143 152 133 125 118 114 113 114 117 123 131 141 121 112 105 100 99 100 104 111 120 130 110 100 92 87 85 86 91 99 109 120 99 88 79 73 71 73 78 87 99 111 90 77 67 59 57 59 66 77 89 103 82 67 55 46 43 46 55 67 81 96 75 60 45 33 29 33 45 59 75 91 71 54 38 23 15 23 38 54 71 88 70 52 35 18 0 18 35 52 70 87
80 70 50 78 73 76 82 69 121 108 44 59 98 54 70 66 104 102 70 81 61 67 96 72 79 76 102 59 80 108 58 79 98 54 112 86 114 112 73 74 154 145 137 131 127 126 127 130 135 143 143 133 124 118 114 112 113 117 123 131 132 121 112 105 100 98 99 104 110 119 122 110 99 91 86 84 86 91 98 108 112 99 88 79 73 70 72 78 87 98 104 90 77 66 59 56 59 66 76 89 97 82 67 55 46 42 46 55 67 81 91 75 60 45 33 28 33 45 59 75 88 71 54 38 23 14 23 38 54 71 87 70 52 35 18 0 18 35 52 70
76 71 45 69 78 76 70 71 129 116 41 69 107 63 73 68 109 110 72 91 64 72 91 63 83 75 96 61 86 116 53 74 108 64 121 81 118 121 76 84 164 154 144 137 131 127 125 126 130 135 154 142 132 124 117 113 112 113 116 122 144 131 121 111 104 99 98 99 103 110 134 121 109 99 91 86 84 85 90 98 126 112 99 88 78 72 70 72 78 87 119 104 90 77 66 59 56 59 66 76 113 97 81 67 55 46 42 46 54 67 108 91 75 59 45 33 28 33 45 59 105 88 71 54 38 23 14 23 38 54 104 87 70 52 35 18 0 18 35 52
75 77 46 64 86 79 61 77 139 126 45 81 118 74 79 74 116 121 78 103 71 80 90 58 90 78 92 67 95 127 53 72 119 77 132 78 124 132 83 95 176 164 153 144 136 130 126 125 126 129 166 153 142 132 123 117 113 111 112 116 156 143 131 120 111 104 99 97 99 103 148 134 121 109 99 91 85 83 85 90 140 126 112 99 87 78 72 70 72 77 134 118 104 89 77 66 59 56 58 65 129 112 97 81 67 55 46 42 45 54 125 108 91 75 59 45 33 28 33 45 122 105 88 71 54 38 23 14 23 38 122 104 87 70 52 35 18 0 18 35
79 86 53 64 96 86 56 86 150 137 54 95 130 88 89 84 125 133 87 116 81 91 92 59 99 84 92 77 106 139 58 75 132 91 143 80 132 145 92 109 188 175 163 153 143 135 130 126 124 125 179 165 153 141 131 123 116 112 110 112 170 156 143 131 120 110 103 99 97 98 162 148 134 121 109 98 90 85 83 85 156 140 126 112 99 87 78 72 69 71 150 134 118 103 89 76 66 58 55 58 145 129 112 97 81 67 54 45 42 45 142 125 108 91 75 59 45 33 28 33 140 122 105 88 71 54 38 23 14 23 139 122 104 87 70 52 35 18 0 18
85 97 64 68 108 96 57 97 162 150 67 110 143 102 100 95 136 145 99 130 93 103 98 64 110 93 95 90 118 152 67 82 146 106 156 85 142 158 104 123 201 187 175 163 152 143 135 129 125 124 192 178 165 152 141 131 122 116 112 110 184 170 156 143 130 119 110 103 98 96 177 162 148 134 120 108 98 90 85 83 171 155 140 125 111 98 87 77 71 69 166 150 134 118 103 89 76 65 58 55 162 145 129 112 96 81 67 54 45 42 159 142 125 108 91 75 59 45 33 28 157 140 122 105 88 71 54 38 23 14 156 139 122 104 87 70 52 35 18 0
