0 25 72 51 80 30 29 5 51 56 39 12 29 25 62 95 16 87 56 55 58 6 64 50 80 5 37 42 64 29 42 23 11 21 56 96 14 49 65 51 130 100 74 57 59 121 88 56 31 35 118 83 49 14 22 121 88 56 32 35 131 100 74 58 60
25 0 89 64 82 54 50 29 56 67 53 29 42 37 85 101 22 92 63 68 79 30 77 65 83 25 57 58 74 46 58 37 30 39 79 101 28 49 69 68 134 100 69 42 35 129 95 60 26 12 131 97 64 34 24 139 107 78 56 51 151 123 98 82 78
72 89 0 28 53 54 44 67 46 31 37 80 48 52 40 49 88 48 39 24 22 71 20 25 52 76 35 32 29 44 32 52 63 52 36 56 62 58 46 22 84 70 72 89 114 63 43 47 70 100 49 18 26 59 93 50 21 28 60 93 65 46 50 72 102
51 64 28 0 39 44 29 47 20 8 13 62 23 28 49 47 67 41 15 5 31 52 13 8 38 56 23 11 15 23 11 29 41 31 42 50 39 31 26 11 84 60 50 62 87 71 39 22 43 75 68 33 7 38 72 76 48 35 51 80 92 71 63 73 95
80 82 53 39 0 81 65 77 29 31 46 91 53 56 86 23 93 14 26 39 67 83 35 46 2 84 60 49 26 57 49 58 70 63 80 20 66 34 15 49 52 22 26 57 91 51 20 24 57 91 64 44 46 69 98 85 71 72 88 113 110 99 99 111 131
30 54 54 44 81 0 17 26 55 51 35 33 32 32 33 90 42 84 55 45 35 26 54 38 80 32 22 33 58 26 33 30 27 23 28 94 31 59 67 38 127 102 84 79 88 112 82 59 51 64 102 69 38 24 46 99 65 31 8 40 105 73 45 34 52
29 50 44 29 65 17 0 24 39 36 19 37 17 18 38 75 44 69 39 31 30 28 40 24 64 33 9 18 43 11 18 17 21 11 31 78 23 44 50 24 112 86 69 66 81 98 67 43 40 61 91 57 23 17 49 93 59 29 24 52 102 73 52 49 67
5 29 67 47 77 26 24 0 48 52 35 15 26 21 57 92 21 84 53 51 54 6 60 45 77 9 33 38 61 25 38 20 7 17 52 93 12 47 62 47 127 98 73 58 63 117 84 53 31 39 114 79 44 10 26 117 83 52 28 37 126 96 70 55 60
51 56 46 20 29 55 39 48 0 16 21 63 24 28 67 46 65 37 9 23 51 54 28 27 29 56 37 26 21 29 26 29 42 35 61 46 37 12 14 31 80 50 31 44 72 74 39 5 31 66 78 47 26 40 70 91 66 54 62 84 110 91 82 87 104
56 67 31 8 31 51 36 52 16 0 18 67 27 32 56 40 71 33 9 9 38 58 12 15 30 61 30 18 9 29 18 33 46 37 50 43 43 28 18 18 77 52 43 59 87 65 33 16 44 77 65 32 15 43 77 76 51 42 58 86 95 76 70 81 102
39 53 37 13 46 35 19 35 21 18 0 50 11 16 48 57 55 51 20 16 34 41 25 13 46 44 16 7 26 12 7 17 29 19 41 60 27 28 32 16 94 67 51 56 78 82 50 25 34 64 80 45 12 26 60 86 56 36 42 69 101 77 63 67 86
12 29 80 62 91 33 37 15 63 67 50 0 40 36 65 106 10 98 67 65 65 10 74 59 91 8 45 52 75 39 52 34 22 31 60 108 26 60 76 60 142 112 85 66 63 132 99 67 42 36 127 93 58 24 14 129 95 62 31 25 136 105 76 54 50
29 42 48 23 53 32 17 26 24 27 11 40 0 6 53 66 44 59 27 27 41 31 36 23 52 34 20 17 35 7 17 6 19 11 46 68 16 27 38 26 102 74 53 50 69 92 59 29 25 53 90 56 22 17 50 97 66 42 39 61 111 85 67 65 80
25 37 52 28 56 32 18 21 28 32 16 36 6 0 55 71 40 63 32 32 45 27 41 28 56 29 23 21 40 10 21 2 15 9 48 72 11 29 41 31 106 77 54 49 65 97 64 32 22 48 95 61 27 13 45 102 71 45 38 57 115 88 69 65 78
62 85 40 49 86 33 38 57 67 56 48 65 53 55 0 87 74 84 63 48 20 58 52 42 85 64 34 43 60 46 43 54 56 48 8 93 59 76 74 38 123 106 98 103 117 101 80 70 77 96 84 57 42 52 78 74 41 15 35 68 74 41 15 35 68
95 101 49 47 23 90 75 92 46 40 57 106 66 71 87 0 110 10 40 45 68 97 37 52 22 100 68 57 32 69 57 72 85 76 82 8 81 54 33 54 38 25 48 80 113 29 8 42 76 111 44 34 53 83 115 68 62 73 97 126 94 90 98 117 141
16 22 88 67 93 42 44 21 65 71 55 10 44 40 74 110 0 101 70 70 73 17 80 65 93 12 53 58 79 45 58 39 26 37 69 111 29 61 79 67 144 113 84 62 55 136 102 70 40 28 133 99 64 30 6 137 103 70 41 29 145 114 86 64 57
87 92 48 41 14 84 69 84 37 33 51 98 59 63 84 10 101 0 32 40 65 89 33 47 12 92 63 51 26 62 51 64 77 69 79 10 73 45 23 49 44 23 39 70 104 39 7 33 67 101 52 35 47 75 107 74 63 70 91 119 99 91 96 112 135
56 63 39 15 26 55 39 53 9 9 20 67 27 32 63 40 70 32 0 17 46 58 20 22 26 60 35 23 13 31 23 33 46 38 57 41 42 21 12 26 75 48 36 52 81 67 33 8 39 73 70 38 22 44 76 83 59 50 62 88 102 84 77 86 106
55 68 24 5 39 45 31 51 23 9 16 65 27 32 48 45 70 40 17 0 29 55 10 8 38 59 24 13 14 26 13 33 45 34 41 49 43 35 27 10 82 59 52 66 91 68 37 25 47 79 64 30 8 41 76 72 44 34 52 82 88 68 61 73 97
58 79 22 31 67 35 30 54 51 38 34 65 41 45 20 68 73 65 46 29 0 56 32 25 66 62 23 27 41 35 27 44 51 40 15 74 52 61 56 21 104 86 81 89 109 84 61 53 66 91 70 39 25 46 78 65 31 6 40 74 73 44 33 51 81
6 30 71 52 83 26 28 6 54 58 41 10 31 27 58 97 17 89 58 55 56 0 65 50 82 6 36 43 66 30 43 25 13 22 53 99 18 53 68 51 133 103 78 63 64 122 90 59 36 40 118 83 49 15 22 120 86 54 27 31 128 97 70 52 55
64 77 20 13 35 54 40 60 28 12 25 74 36 41 52 37 80 33 20 10 32 65 0 16 34 68 32 23 10 36 23 42 54 44 46 42 52 40 26 17 74 54 53 71 98 59 30 27 55 88 55 21 17 51 85 64 40 38 61 91 83 66 64 80 105
50 65 25 8 46 38 24 45 27 15 13 59 23 28 42 52 65 47 22 8 25 50 16 0 45 54 17 8 21 21 8 28 40 29 35 56 38 37 33 5 89 66 57 67 90 74 45 29 46 76 69 34 2 36 71 74 44 28 45 76 89 66 56 66 90
80 83 52 38 2 80 64 77 29 30 46 91 52 56 85 22 93 12 26 38 66 82 34 45 0 84 60 48 25 56 48 58 70 63 79 19 66 34 15 48 52 22 27 58 92 50 18 24 57 91 63 42 45 68 99 84 69 71 87 113 108 97 98 110 131
5 25 76 56 84 32 33 9 56 61 44 8 34 29 64 100 12 92 60 59 62 6 68 54 84 0 41 47 69 33 47 28 15 25 58 101 19 53 70 55 135 105 78 60 60 126 92 61 35 34 122 87 53 18 17 125 91 59 32 31 134 103 76 57 57
37 57 35 23 60 22 9 33 37 30 16 45 20 23 34 68 53 63 35 24 23 36 32 17 60 41 0 12 37 13 12 22 29 18 27 72 29 44 46 16 106 81 67 69 87 91 61 40 44 68 83 49 16 25 58 84 51 23 29 60 95 67 48 51 73
42 58 32 11 49 33 18 38 26 18 7 52 17 21 43 57 58 51 23 13 27 43 23 8 48 47 12 0 25 14 0 21 33 22 36 61 31 34 35 10 94 70 56 63 84 81 50 29 40 69 76 41 7 29 64 81 50 29 41 70 95 70 57 63 85
64 74 29 15 26 58 43 61 21 9 26 75 35 40 60 32 79 26 13 14 41 66 10 21 25 69 37 25 0 37 25 41 54 45 54 36 51 32 17 23 69 46 43 64 93 57 25 19 51 84 58 26 21 51 85 71 49 46 65 94 91 75 73 86 110
29 46 44 23 57 26 11 25 29 29 12 39 7 10 46 69 45 62 31 26 35 30 36 21 56 33 13 14 37 0 14 9 19 8 39 71 18 34 42 23 105 78 59 57 74 93 61 34 31 57 89 55 20 16 50 94 62 35 33 58 106 79 60 59 75
42 58 32 11 49 33 18 38 26 18 7 52 17 21 43 57 58 51 23 13 27 43 23 8 48 47 12 0 25 14 0 21 33 22 36 61 31 34 35 10 94 70 56 63 84 81 50 29 40 69 76 41 7 29 64 81 50 29 41 70 95 70 57 63 85
23 37 52 29 58 30 17 20 29 33 17 34 6 2 54 72 39 64 33 33 44 25 42 28 58 28 22 21 41 9 21 0 13 7 47 74 10 31 43 31 108 79 56 50 66 98 65 34 23 49 96 61 27 11 44 102 70 44 36 55 115 88 68 63 76
11 30 63 41 70 27 21 7 42 46 29 22 19 15 56 85 26 77 46 45 51 13 54 40 70 15 29 33 54 19 33 13 0 11 50 87 6 41 56 42 121 91 66 54 62 111 78 46 26 41 108 73 39 5 32 112 79 49 31 43 123 94 70 58 66
21 39 52 31 63 23 11 17 35 37 19 31 11 9 48 76 37 69 38 34 40 22 44 29 63 25 18 22 45 8 22 7 11 0 42 78 12 37 48 31 113 84 63 57 70 101 69 40 29 51 97 63 28 8 42 101 68 39 29 50 112 84 62 56 69
56 79 36 42 80 28 31 52 61 50 41 60 46 48 8 82 69 79 57 41 15 53 46 35 79 58 27 36 54 39 36 47 50 42 0 87 53 69 68 32 118 100 91 96 111 98 75 63 70 90 82 53 36 46 74 75 40 9 31 65 77 45 22 37 68
96 101 56 50 20 94 78 93 46 43 60 108 68 72 93 8 111 10 41 49 74 99 42 56 19 101 72 61 36 71 61 74 87 78 87 0 83 53 32 58 35 18 43 76 110 33 13 42 75 110 51 41 57 85 116 75 69 79 101 128 102 97 104 121 145
14 28 62 39 66 31 23 12 37 43 27 26 16 11 59 81 29 73 42 43 52 18 52 38 66 19 29 31 51 18 31 10 6 12 53 83 0 36 51 41 117 86 61 49 59 108 74 42 21 40 106 71 37 8 34 111 79 51 35 48 123 95 73 63 71
49 49 58 31 34 59 44 47 12 28 28 60 27 29 76 54 61 45 21 35 61 53 40 37 34 53 44 34 32 34 34 31 41 37 69 53 36 0 22 41 85 53 26 32 61 82 48 14 23 57 89 58 36 40 66 103 78 63 65 84 122 102 91 92 106
65 69 46 26 15 67 50 62 14 18 32 76 38 41 74 33 79 23 12 27 56 68 26 33 15 70 46 35 17 42 35 43 56 48 68 32 51 22 0 36 66 36 27 51 82 61 26 10 44 79 69 41 33 54 84 85 65 60 74 98 107 92 88 97 117
51 68 22 11 49 38 24 47 31 18 16 60 26 31 38 54 67 49 26 10 21 51 17 5 48 55 16 10 23 23 10 31 42 31 32 58 41 41 36 0 91 69 61 71 94 75 46 33 49 79 67 33 5 38 72 71 41 24 44 76 85 62 52 64 89
130 134 84 84 52 127 112 127 80 77 94 142 102 106 123 38 144 44 75 82 104 133 74 89 52 135 106 94 69 105 94 108 121 113 118 35 117 85 66 91 0 35 70 104 139 29 45 75 108 142 57 67 90 119 150 86 92 110 134 162 114 119 133 153 178
100 100 70 60 22 102 86 98 50 52 67 112 74 77 106 25 113 23 48 59 86 103 54 66 22 105 81 70 46 78 70 79 91 84 100 18 86 53 36 69 35 0 35 70 104 45 29 45 75 108 67 57 66 89 118 92 85 92 109 134 119 113 118 132 153
74 69 72 50 26 84 69 73 31 43 51 85 53 54 98 48 84 39 36 52 81 78 53 57 27 78 67 56 43 59 56 56 66 63 91 43 61 26 27 61 70 35 0 35 70 75 45 28 45 75 90 66 56 66 89 110 92 84 91 109 133 118 112 117 131
57 42 89 62 57 79 66 58 44 59 56 66 50 49 103 80 62 70 52 66 89 63 71 67 58 60 69 63 64 57 63 50 54 57 96 76 49 32 51 71 104 70 35 0 35 108 75 45 28 45 119 89 66 56 66 134 109 91 84 90 153 132 117 111 116
59 35 114 87 91 88 81 63 72 87 78 63 69 65 117 113 55 104 81 91 109 64 98 90 92 60 87 84 93 74 84 66 62 70 111 110 59 61 82 94 139 104 70 35 0 142 108 75 45 28 150 118 89 66 55 162 134 109 90 83 178 153 131 116 110
121 129 63 71 51 112 98 117 74 65 82 132 92 97 101 29 136 39 67 68 84 122 59 74 50 126 91 81 57 93 81 98 111 101 98 33 108 82 61 75 29 45 75 108 142 0 35 70 104 139 29 45 75 108 142 57 67 90 119 150 86 92 110 134 162
88 95 43 39 20 82 67 84 39 33 50 99 59 64 80 8 102 7 33 37 61 90 30 45 18 92 61 50 25 61 50 65 78 69 75 13 74 48 26 46 45 29 45 75 108 35 0 35 70 104 45 29 45 75 108 67 57 66 89 118 92 85 92 109 134
56 60 47 22 24 59 43 53 5 16 25 67 29 32 70 42 70 33 8 25 53 59 27 29 24 61 40 29 19 34 29 34 46 40 63 42 42 14 10 33 75 45 28 45 75 70 35 0 35 70 75 45 28 45 75 90 66 56 66 89 110 92 84 91 109
31 26 70 43 57 51 40 31 31 44 34 42 25 22 77 76 40 67 39 47 66 36 55 46 57 35 44 40 51 31 40 23 26 29 70 75 21 23 44 49 108 75 45 28 45 104 70 35 0 35 108 75 45 28 45 119 89 66 56 66 134 109 91 84 90
35 12 100 75 91 64 61 39 66 77 64 36 53 48 96 111 28 101 73 79 91 40 88 76 91 34 68 69 84 57 69 49 41 51 90 110 40 57 79 79 142 108 75 45 28 139 104 70 35 0 142 108 75 45 28 150 118 89 66 55 162 134 109 90 83
118 131 49 68 64 102 91 114 78 65 80 127 90 95 84 44 133 52 70 64 70 118 55 69 63 122 83 76 58 89 76 96 108 97 82 51 106 89 69 67 57 67 90 119 150 29 45 75 108 142 0 35 70 104 139 29 45 75 108 142 57 67 90 119 150
83 97 18 33 44 69 57 79 47 32 45 93 56 61 57 34 99 35 38 30 39 83 21 34 42 87 49 41 26 55 41 61 73 63 53 41 71 58 41 33 67 57 66 89 118 45 29 45 75 108 35 0 35 70 104 45 29 45 75 108 67 57 66 89 118
49 64 26 7 46 38 23 44 26 15 12 58 22 27 42 53 64 47 22 8 25 49 17 2 45 53 16 7 21 20 7 27 39 28 36 57 37 36 33 5 90 66 56 66 89 75 45 28 45 75 70 35 0 35 70 75 45 28 45 75 90 66 56 66 89
14 34 59 38 69 24 17 10 40 43 26 24 17 13 52 83 30 75 44 41 46 15 51 36 68 18 25 29 51 16 29 11 5 8 46 85 8 40 54 38 119 89 66 56 66 108 75 45 28 45 104 70 35 0 35 108 75 45 28 45 119 89 66 56 66
22 24 93 72 98 46 49 26 70 77 60 14 50 45 78 115 6 107 76 76 78 22 85 71 99 17 58 64 85 50 64 44 32 42 74 116 34 66 84 72 150 118 89 66 55 142 108 75 45 28 139 104 70 35 0 142 108 75 45 28 150 118 89 66 55
121 139 50 76 85 99 93 117 91 76 86 129 97 102 74 68 137 74 83 72 65 120 64 74 84 125 84 81 71 94 81 102 112 101 75 75 111 103 85 71 86 92 110 134 162 57 67 90 119 150 29 45 75 108 142 0 35 70 104 139 29 45 75 108 142
88 107 21 48 71 65 59 83 66 51 56 95 66 71 41 62 103 63 59 44 31 86 40 44 69 91 51 50 49 62 50 70 79 68 40 69 79 78 65 41 92 85 92 109 134 67 57 66 89 118 45 29 45 75 108 35 0 35 70 104 45 29 45 75 108
56 78 28 35 72 31 29 52 54 42 36 62 42 45 15 73 70 70 50 34 6 54 38 28 71 59 23 29 46 35 29 44 49 39 9 79 51 63 60 24 110 92 84 91 109 90 66 56 66 89 75 45 28 45 75 70 35 0 35 70 75 45 28 45 75
32 56 60 51 88 8 24 28 62 58 42 31 39 38 35 97 41 91 62 52 40 27 61 45 87 32 29 41 65 33 41 36 31 29 31 101 35 65 74 44 134 109 91 84 90 119 89 66 56 66 108 75 45 28 45 104 70 35 0 35 108 75 45 28 45
35 51 93 80 113 40 52 37 84 86 69 25 61 57 68 126 29 119 88 82 74 31 91 76 113 31 60 70 94 58 70 55 43 50 65 128 48 84 98 76 162 134 109 90 83 150 118 89 66 55 142 108 75 45 28 139 104 70 35 0 142 108 75 45 28
131 151 65 92 110 105 102 126 110 95 101 136 111 115 74 94 145 99 102 88 73 128 83 89 108 134 95 95 91 106 95 115 123 112 77 102 123 122 107 85 114 119 133 153 178 86 92 110 134 162 57 67 90 119 150 29 45 75 108 142 0 35 70 104 139
100 123 46 71 99 73 73 96 91 76 77 105 85 88 41 90 114 91 84 68 44 97 66 66 97 103 67 70 75 79 70 88 94 84 45 97 95 102 92 62 119 113 118 132 153 92 85 92 109 134 67 57 66 89 118 45 29 45 75 108 35 0 35 70 104
74 98 50 63 99 45 52 70 82 70 63 76 67 69 15 98 86 96 77 61 33 70 64 56 98 76 48 57 73 60 57 68 70 62 22 104 73 91 88 52 133 118 112 117 131 110 92 84 91 109 90 66 56 66 89 75 45 28 45 75 70 35 0 35 70
58 82 72 73 111 34 49 55 87 81 67 54 65 65 35 117 64 112 86 73 51 52 80 66 110 57 51 63 86 59 63 63 58 56 37 121 63 92 97 64 153 132 117 111 116 134 109 91 84 90 119 89 66 56 66 108 75 45 28 45 104 70 35 0 35
60 78 102 95 131 52 67 60 104 102 86 50 80 78 68 141 57 135 106 97 81 55 105 90 131 57 73 85 110 75 85 76 66 69 68 145 71 106 117 89 178 153 131 116 110 162 134 109 90 83 150 118 89 66 55 142 108 75 45 28 139 104 70 35 0
