0 15 27 18 23 19 59 78 58 60 83 10 60 54 26 59 64 48 23 48 22 16 24 13 28 28 60 59 16 57 51 8 56 55 27 20 33 27 32 4 113 88 73 72 86 98 68 46 45 66 89 55 24 22 53 89 55 23 22 53 98 68 46 45 66
15 0 23 24 9 15 49 64 45 47 68 21 58 41 20 48 50 59 37 37 11 3 32 23 14 25 50 47 30 43 40 9 51 42 14 32 21 37 38 15 99 77 66 72 92 83 55 38 48 75 75 41 11 32 66 77 44 20 36 68 88 62 48 56 80
27 23 0 15 27 37 35 62 41 59 70 22 36 36 5 35 61 50 42 26 14 20 21 23 31 47 36 38 31 56 30 21 30 36 34 29 40 29 24 24 94 65 47 50 72 84 50 21 28 59 83 49 18 25 58 91 62 42 46 69 107 83 69 71 88
18 24 15 0 31 35 50 76 55 68 83 10 44 50 18 50 71 38 27 41 21 23 9 9 36 45 51 53 17 64 45 17 42 50 38 14 44 15 15 15 108 80 59 54 69 98 65 36 27 52 94 60 25 11 45 99 67 40 33 54 111 84 64 60 74
23 9 27 31 0 16 46 57 39 38 61 29 61 37 23 46 42 67 46 35 14 9 40 31 6 24 47 43 38 35 36 18 52 38 8 41 14 45 46 23 93 73 66 76 98 76 49 38 54 82 67 33 10 40 74 69 37 20 43 76 81 57 47 61 87
19 15 37 35 16 0 62 71 55 47 74 28 72 53 34 61 51 66 38 50 26 18 42 31 18 11 63 59 34 43 52 18 65 53 14 39 19 45 49 21 108 89 80 86 104 89 64 52 61 84 76 45 24 40 71 72 38 6 33 67 79 50 33 46 74
59 49 35 50 46 62 0 37 21 56 48 56 35 17 34 2 55 80 76 12 38 46 54 57 46 70 2 11 66 54 11 52 22 15 51 63 53 62 54 57 61 31 24 51 84 59 25 15 47 82 69 43 38 59 89 87 69 66 79 103 110 96 93 103 122
78 64 62 76 57 71 37 0 22 38 12 80 72 27 59 36 34 112 99 38 58 62 83 81 54 75 36 28 90 39 34 71 59 28 58 90 55 91 85 77 38 33 56 87 121 23 13 48 82 117 35 30 55 87 120 60 57 73 99 129 87 85 96 117 143
58 45 41 55 39 55 21 22 0 37 30 59 54 6 38 19 35 90 79 18 37 43 62 61 37 61 20 10 69 35 14 51 41 7 42 69 41 70 64 57 55 35 44 70 102 43 10 28 62 96 49 24 35 66 99 67 52 57 80 109 90 80 83 100 124
60 47 59 68 38 47 56 38 37 0 35 67 85 40 55 55 6 105 83 48 48 47 76 69 33 46 56 46 76 4 46 55 73 41 34 78 28 82 81 61 73 68 79 101 129 48 40 57 86 118 30 13 43 77 112 33 20 46 79 113 54 47 62 89 120
83 68 70 83 61 74 48 12 30 35 0 86 82 36 67 46 30 120 105 48 64 67 91 88 57 77 47 38 96 37 43 76 69 37 60 96 57 98 93 82 39 43 67 98 131 15 24 58 92 126 25 31 61 94 128 51 54 75 104 135 79 81 96 119 147
10 21 22 10 29 28 56 80 59 67 86 0 53 55 23 57 70 39 20 47 23 20 15 3 34 38 58 58 11 63 50 12 50 55 34 12 41 17 22 8 113 87 67 63 77 101 69 43 36 57 95 60 26 12 46 97 63 33 24 50 107 78 55 50 67
60 58 36 44 61 72 35 72 54 85 82 53 0 48 39 36 85 58 68 38 48 55 42 52 64 83 36 45 58 82 41 56 14 47 68 54 72 48 37 57 91 57 24 17 50 93 59 28 23 52 102 73 51 48 67 117 93 77 75 88 137 117 104 103 112
54 41 36 50 37 53 17 27 6 40 36 55 48 0 33 15 39 85 75 12 33 40 57 56 35 59 16 7 65 38 8 47 35 2 40 64 41 65 58 53 59 37 40 65 96 49 15 22 56 91 54 27 32 61 93 71 53 56 76 104 94 81 82 97 120
26 20 5 18 23 34 34 59 38 55 67 23 39 33 0 34 57 53 43 24 10 17 24 24 27 45 35 36 33 52 28 20 32 33 30 31 36 32 28 23 92 64 48 53 76 81 48 21 32 63 79 45 14 28 62 87 58 39 46 71 103 79 67 71 89
59 48 35 50 46 61 2 36 19 55 46 57 36 15 34 0 54 81 77 12 38 46 55 57 46 70 2 10 66 53 11 52 23 14 51 64 53 63 55 57 60 30 25 52 85 57 23 16 49 83 67 42 38 60 90 86 68 65 80 104 108 95 93 103 123
64 50 61 71 42 51 55 34 35 6 30 70 85 39 57 54 0 108 87 48 50 50 79 72 37 51 55 45 80 9 45 59 73 40 38 82 33 86 84 65 68 65 78 102 131 43 37 57 87 120 26 13 46 80 115 33 24 50 83 117 56 51 68 94 125
48 59 50 38 67 66 80 112 90 105 120 39 58 85 53 81 108 0 32 74 58 58 30 37 72 75 82 86 32 101 79 51 64 85 73 28 79 23 27 46 141 109 80 58 51 133 99 66 36 25 131 97 62 28 9 135 102 70 43 33 145 114 87 66 60
23 37 42 27 46 38 76 99 79 83 105 20 68 75 43 77 87 32 0 67 42 38 26 20 50 45 78 78 11 79 70 29 68 75 49 15 55 21 32 23 133 106 85 75 80 120 89 62 47 55 112 78 45 20 35 110 76 42 11 31 116 84 55 37 47
48 37 26 41 35 50 12 38 18 48 48 47 38 12 24 12 48 74 67 0 27 35 47 48 35 59 13 12 57 46 5 41 25 11 40 55 42 55 48 46 68 41 33 54 85 60 26 11 45 79 65 36 27 51 83 80 59 54 69 95 101 85 82 92 113
22 11 14 21 14 26 38 58 37 48 64 23 48 33 10 38 50 58 42 27 0 9 29 24 18 36 40 38 33 44 30 15 40 34 21 33 26 36 34 20 92 67 55 63 85 78 47 27 41 71 74 39 5 31 66 80 49 30 43 72 94 70 58 65 87
16 3 20 23 9 18 46 62 43 47 67 20 55 40 17 46 50 58 38 35 9 0 31 23 14 28 47 45 30 43 37 9 48 40 16 32 22 36 37 15 98 75 63 70 90 82 53 35 46 74 75 40 9 31 65 77 45 22 37 68 90 64 50 58 81
24 32 21 9 40 42 54 83 62 76 91 15 42 57 24 55 79 30 26 47 29 31 0 12 44 52 56 59 17 73 51 24 43 56 46 12 52 9 8 22 114 85 60 51 63 105 71 40 23 44 102 68 33 6 38 107 75 47 34 50 119 91 70 61 71
13 23 23 9 31 31 57 81 61 69 88 3 52 56 24 57 72 37 20 48 24 23 12 0 36 41 58 59 10 65 51 15 50 56 37 10 43 15 20 10 115 87 67 62 74 102 70 43 34 54 97 62 28 10 43 99 66 35 24 48 109 80 58 51 66
28 14 31 36 6 18 46 54 37 33 57 34 64 35 27 46 37 72 50 35 18 14 44 36 0 25 47 42 43 30 36 23 54 36 6 46 9 50 50 28 90 71 67 79 102 72 46 39 58 87 62 28 14 45 79 64 32 21 48 81 77 54 48 64 91
28 25 47 45 24 11 70 75 61 46 77 38 83 59 45 70 51 75 45 59 36 28 52 41 25 0 71 66 43 43 60 29 75 60 20 48 21 55 60 31 112 95 89 96 114 91 70 61 72 94 75 47 34 50 79 67 33 6 38 72 71 40 24 44 76
60 50 36 51 47 63 2 36 20 56 47 58 36 16 35 2 55 82 78 13 40 47 56 58 47 71 0 10 67 54 12 53 23 15 52 65 54 64 55 58 60 29 24 52 85 57 24 16 49 83 68 43 39 61 90 87 69 66 81 105 110 96 94 104 124
59 47 38 53 43 59 11 28 10 46 38 58 45 7 36 10 45 86 78 12 38 45 59 59 42 66 10 0 68 45 8 52 32 6 47 67 47 67 59 57 56 31 34 61 94 50 15 21 55 90 58 34 36 63 95 77 60 62 80 107 100 88 89 102 124
16 30 31 17 38 34 66 90 69 76 96 11 58 65 33 66 80 32 11 57 33 30 17 10 43 43 67 68 0 72 60 21 58 65 43 6 49 14 24 15 124 96 75 67 75 111 79 52 39 53 104 70 36 11 37 105 71 38 17 40 113 82 57 45 57
57 43 56 64 35 43 54 39 35 4 37 63 82 38 52 53 9 101 79 46 44 43 73 65 30 43 54 45 72 0 44 52 70 40 31 75 25 79 78 57 75 68 77 99 126 50 39 55 83 114 33 12 40 74 108 36 19 42 75 109 56 47 60 86 117
51 40 30 45 36 52 11 34 14 46 43 50 41 8 28 11 45 79 70 5 30 37 51 51 36 60 12 8 60 44 0 44 28 7 41 59 43 59 52 49 64 38 34 58 89 56 21 15 49 84 62 33 29 55 87 78 58 56 72 99 100 85 83 95 116
8 9 21 17 18 18 52 71 51 55 76 12 56 47 20 52 59 51 29 41 15 9 24 15 23 29 53 52 21 52 44 0 51 48 23 24 29 29 32 6 106 81 67 69 86 91 61 40 43 67 83 49 17 24 57 85 52 23 29 59 95 68 49 52 73
56 51 30 42 52 65 22 59 41 73 69 50 14 35 32 23 73 64 68 25 40 48 43 50 54 75 23 32 58 70 28 51 0 34 59 54 63 50 40 53 80 47 18 30 63 80 46 16 29 62 89 60 42 49 73 105 82 70 74 92 126 107 98 100 114
55 42 36 50 38 53 15 28 7 41 37 55 47 2 33 14 40 85 75 11 34 40 56 56 36 60 15 6 65 40 7 48 34 0 41 64 42 64 58 53 59 36 38 64 95 50 15 21 55 90 55 29 32 60 93 72 55 56 76 104 95 82 83 97 120
27 14 34 38 8 14 51 58 42 34 60 34 68 40 30 51 38 73 49 40 21 16 46 37 6 20 52 47 43 31 41 23 59 41 0 46 7 51 52 28 94 76 72 83 105 75 51 44 61 89 63 31 17 46 79 63 30 16 45 79 74 50 43 60 88
20 32 29 14 41 39 63 90 69 78 96 12 54 64 31 64 82 28 15 55 33 32 12 10 46 48 65 67 6 75 59 24 54 64 46 0 52 8 18 18 122 94 71 61 69 111 79 49 34 47 106 71 37 6 34 108 75 43 23 40 117 87 62 51 60
33 21 40 44 14 19 53 55 41 28 57 41 72 41 36 53 33 79 55 42 26 22 52 43 9 21 54 47 49 25 43 29 63 42 7 52 0 58 59 34 92 76 75 88 111 71 50 47 67 95 58 27 23 52 86 56 24 19 51 85 68 45 42 63 93
27 37 29 15 45 45 62 91 70 82 98 17 48 65 32 63 86 23 21 55 36 36 9 15 50 55 64 67 14 79 59 29 50 64 51 8 58 0 12 25 122 92 68 55 62 112 79 48 27 40 109 75 40 6 30 113 80 50 30 42 124 94 70 58 64
32 38 24 15 46 49 54 85 64 81 93 22 37 58 28 55 84 27 32 48 34 37 8 20 50 60 55 59 24 78 52 32 40 58 52 18 59 12 0 29 115 84 57 44 55 107 73 40 16 37 106 72 38 13 36 113 82 54 40 52 126 99 77 68 75
4 15 24 15 23 21 57 77 57 61 82 8 57 53 23 57 65 46 23 46 20 15 22 10 28 31 58 57 15 57 49 6 53 53 28 18 34 25 29 0 111 86 70 69 84 97 67 44 42 64 89 55 22 20 52 90 57 26 24 54 100 70 49 48 68
113 99 94 108 93 108 61 38 55 73 39 113 91 59 92 60 68 141 133 68 92 98 114 115 90 112 60 56 124 75 64 106 80 59 94 122 92 122 115 111 0 35 70 104 139 29 45 75 108 142 57 67 90 119 150 86 92 110 134 162 114 119 133 153 178
88 77 65 80 73 89 31 33 35 68 43 87 57 37 64 30 65 109 106 41 67 75 85 87 71 95 29 31 96 68 38 81 47 36 76 94 76 92 84 86 35 0 35 70 104 45 29 45 75 108 67 57 66 89 118 92 85 92 109 134 119 113 118 132 153
73 66 47 59 66 80 24 56 44 79 67 67 24 40 48 25 78 80 85 33 55 63 60 67 67 89 24 34 75 77 34 67 18 38 72 71 75 68 57 70 70 35 0 35 70 75 45 28 45 75 90 66 56 66 89 110 92 84 91 109 133 118 112 117 131
72 72 50 54 76 86 51 87 70 101 98 63 17 65 53 52 102 58 75 54 63 70 51 62 79 96 52 61 67 99 58 69 30 64 83 61 88 55 44 69 104 70 35 0 35 108 75 45 28 45 119 89 66 56 66 134 109 91 84 90 153 132 117 111 116
86 92 72 69 98 104 84 121 102 129 131 77 50 96 76 85 131 51 80 85 85 90 63 74 102 114 85 94 75 126 89 86 63 95 105 69 111 62 55 84 139 104 70 35 0 142 108 75 45 28 150 118 89 66 55 162 134 109 90 83 178 153 131 116 110
98 83 84 98 76 89 59 23 43 48 15 101 93 49 81 57 43 133 120 60 78 82 105 102 72 91 57 50 111 50 56 91 80 50 75 111 71 112 107 97 29 45 75 108 142 0 35 70 104 139 29 45 75 108 142 57 67 90 119 150 86 92 110 134 162
68 55 50 65 49 64 25 13 10 40 24 69 59 15 48 23 37 99 89 26 47 53 71 70 46 70 24 15 79 39 21 61 46 15 51 79 50 79 73 67 45 29 45 75 108 35 0 35 70 104 45 29 45 75 108 67 57 66 89 118 92 85 92 109 134
46 38 21 36 38 52 15 48 28 57 58 43 28 22 21 16 57 66 62 11 27 35 40 43 39 61 16 21 52 55 15 40 16 21 44 49 47 48 40 44 75 45 28 45 75 70 35 0 35 70 75 45 28 45 75 90 66 56 66 89 110 92 84 91 109
45 48 28 27 54 61 47 82 62 86 92 36 23 56 32 49 87 36 47 45 41 46 23 34 58 72 49 55 39 83 49 43 29 55 61 34 67 27 16 42 108 75 45 28 45 104 70 35 0 35 108 75 45 28 45 119 89 66 56 66 134 109 91 84 90
66 75 59 52 82 84 82 117 96 118 126 57 52 91 63 83 120 25 55 79 71 74 44 54 87 94 83 90 53 114 84 67 62 90 89 47 95 40 37 64 142 108 75 45 28 139 104 70 35 0 142 108 75 45 28 150 118 89 66 55 162 134 109 90 83
89 75 83 94 67 76 69 35 49 30 25 95 102 54 79 67 26 131 112 65 74 75 102 97 62 75 68 58 104 33 62 83 89 55 63 106 58 109 106 89 57 67 90 119 150 29 45 75 108 142 0 35 70 104 139 29 45 75 108 142 57 67 90 119 150
55 41 49 60 33 45 43 30 24 13 31 60 73 27 45 42 13 97 78 36 39 40 68 62 28 47 43 34 70 12 33 49 60 29 31 71 27 75 72 55 67 57 66 89 118 45 29 45 75 108 35 0 35 70 104 45 29 45 75 108 67 57 66 89 118
24 11 18 25 10 24 38 55 35 43 61 26 51 32 14 38 46 62 45 27 5 9 33 28 14 34 39 36 36 40 29 17 42 32 17 37 23 40 38 22 90 66 56 66 89 75 45 28 45 75 70 35 0 35 70 75 45 28 45 75 90 66 56 66 89
22 32 25 11 40 40 59 87 66 77 94 12 48 61 28 60 80 28 20 51 31 31 6 10 45 50 61 63 11 74 55 24 49 60 46 6 52 6 13 20 119 89 66 56 66 108 75 45 28 45 104 70 35 0 35 108 75 45 28 45 119 89 66 56 66
53 66 58 45 74 71 89 120 99 112 128 46 67 93 62 90 115 9 35 83 66 65 38 43 79 79 90 95 37 108 87 57 73 93 79 34 86 30 36 52 150 118 89 66 55 142 108 75 45 28 139 104 70 35 0 142 108 75 45 28 150 118 89 66 55
89 77 91 99 69 72 87 60 67 33 51 97 117 71 87 86 33 135 110 80 80 77 107 99 64 67 87 77 105 36 78 85 105 72 63 108 56 113 113 90 86 92 110 134 162 57 67 90 119 150 29 45 75 108 142 0 35 70 104 139 29 45 75 108 142
55 44 62 67 37 38 69 57 52 20 54 63 93 53 58 68 24 102 76 59 49 45 75 66 32 33 69 60 71 19 58 52 82 55 30 75 24 80 82 57 92 85 92 109 134 67 57 66 89 118 45 29 45 75 108 35 0 35 70 104 45 29 45 75 108
23 20 42 40 20 6 66 73 57 46 75 33 77 56 39 65 50 70 42 54 30 22 47 35 21 6 66 62 38 42 56 23 70 56 16 43 19 50 54 26 110 92 84 91 109 90 66 56 66 89 75 45 28 45 75 70 35 0 35 70 75 45 28 45 75
22 36 46 33 43 33 79 99 80 79 104 24 75 76 46 80 83 43 11 69 43 37 34 24 48 38 81 80 17 75 72 29 74 76 45 23 51 30 40 24 134 109 91 84 90 119 89 66 56 66 108 75 45 28 45 104 70 35 0 35 108 75 45 28 45
53 68 69 54 76 67 103 129 109 113 135 50 88 104 71 104 117 33 31 95 72 68 50 48 81 72 105 107 40 109 99 59 92 104 79 40 85 42 52 54 162 134 109 90 83 150 118 89 66 55 142 108 75 45 28 139 104 70 35 0 142 108 75 45 28
98 88 107 111 81 79 110 87 90 54 79 107 137 94 103 108 56 145 116 101 94 90 119 109 77 71 110 100 113 56 100 95 126 95 74 117 68 124 126 100 114 119 133 153 178 86 92 110 134 162 57 67 90 119 150 29 45 75 108 142 0 35 70 104 139
68 62 83 84 57 50 96 85 80 47 81 78 117 81 79 95 51 114 84 85 70 64 91 80 54 40 96 88 82 47 85 68 107 82 50 87 45 94 99 70 119 113 118 132 153 92 85 92 109 134 67 57 66 89 118 45 29 45 75 108 35 0 35 70 104
46 48 69 64 47 33 93 96 83 62 96 55 104 82 67 93 68 87 55 82 58 50 70 58 48 24 94 89 57 60 83 49 98 83 43 62 42 70 77 49 133 118 112 117 131 110 92 84 91 109 90 66 56 66 89 75 45 28 45 75 70 35 0 35 70
45 56 71 60 61 46 103 117 100 89 119 50 103 97 71 103 94 66 37 92 65 58 61 51 64 44 104 102 45 86 95 52 100 97 60 51 63 58 68 48 153 132 117 111 116 134 109 91 84 90 119 89 66 56 66 108 75 45 28 45 104 70 35 0 35
66 80 88 74 87 74 122 143 124 120 147 67 112 120 89 123 125 60 47 113 87 81 71 66 91 76 124 124 57 117 116 73 114 120 88 60 93 64 75 68 178 153 131 116 110 162 134 109 90 83 150 118 89 66 55 142 108 75 45 28 139 104 70 35 0
