0 23 43 21 102 33 38 23 81 41 65 62 91 42 50 65 48 51 75 51 13 12 45 31 93 26 59 26 81 64 44 38 74 46 48 62 46 52 75 53 128 110 100 102 114 108 85 72 75 92 92 63 45 49 72 82 49 19 28 60 82 48 18 27 60
23 0 65 43 119 54 60 43 100 62 86 81 107 64 69 86 70 72 92 73 28 12 67 51 109 48 76 47 99 85 65 53 92 68 66 82 68 73 91 75 144 129 121 124 135 122 103 94 97 111 101 78 66 70 90 86 57 38 46 72 78 44 12 29 63
43 65 0 25 75 20 8 26 50 9 25 42 70 3 34 26 10 21 51 17 41 54 7 21 68 17 41 19 54 23 14 39 47 5 36 30 4 23 54 11 103 76 59 60 78 90 58 33 35 61 85 50 16 20 54 89 57 32 33 61 102 75 57 58 77
21 43 25 0 95 12 23 4 71 27 49 43 86 25 31 50 28 30 68 30 26 31 30 23 86 9 55 16 73 47 32 24 66 29 30 51 29 31 70 34 122 99 84 82 94 105 77 57 55 71 94 61 33 29 55 91 56 22 14 49 96 64 38 34 58
102 119 75 95 0 94 73 97 27 69 54 112 17 73 108 53 80 91 28 87 92 112 69 73 11 86 43 80 22 58 64 114 29 72 110 45 72 93 29 72 28 20 50 83 117 26 18 49 83 117 47 43 62 91 123 73 71 84 107 135 101 99 108 127 151
33 54 20 12 94 0 22 11 69 25 44 33 87 21 21 45 19 19 69 19 37 42 26 28 86 14 57 21 73 42 31 20 66 23 21 49 23 20 71 27 121 96 77 71 82 107 77 52 44 60 99 65 33 17 44 99 65 31 15 43 106 75 50 41 58
38 60 8 23 73 22 0 26 48 4 27 49 66 6 40 28 17 28 47 25 35 49 8 13 65 15 36 13 51 26 9 42 44 10 41 28 10 30 50 17 100 76 62 67 86 86 55 35 42 69 79 44 11 27 61 82 50 25 35 65 94 67 52 57 79
23 43 26 4 97 11 26 0 73 29 51 41 89 27 29 52 29 29 71 30 29 32 32 27 89 12 58 19 76 49 34 20 69 30 27 54 30 30 73 35 125 101 85 82 92 109 80 59 54 70 98 65 36 28 52 94 60 25 11 45 99 67 40 32 54
81 100 50 71 27 69 48 73 0 45 28 86 27 48 81 26 54 65 16 61 73 92 43 51 23 62 28 57 11 32 40 88 12 46 84 20 47 67 21 46 54 29 35 63 96 47 13 23 57 92 57 33 38 65 97 76 61 63 82 109 100 88 90 104 126
41 62 9 27 69 25 4 29 45 0 25 51 63 6 42 25 18 29 44 26 37 52 6 14 62 18 33 16 48 24 6 45 41 10 44 25 10 31 47 16 97 73 60 65 86 83 52 32 42 70 77 42 8 28 63 81 49 26 38 68 93 68 54 60 82
65 86 25 49 54 44 27 51 28 25 0 59 53 25 55 2 28 38 35 34 60 76 20 36 49 41 34 40 36 5 22 63 30 22 57 14 22 40 40 19 81 52 36 47 75 73 39 8 33 67 76 44 22 38 70 88 63 49 58 82 107 86 77 83 101
62 81 42 43 112 33 49 41 86 51 59 0 110 45 13 60 34 23 91 27 69 70 48 59 107 45 83 53 93 55 56 28 87 44 15 69 43 21 95 42 140 109 81 62 58 130 97 65 37 32 127 92 58 23 12 130 96 64 35 29 138 107 79 59 55
91 107 70 86 17 87 66 89 27 63 53 110 0 67 103 51 76 88 19 84 80 100 63 64 8 77 32 71 18 57 57 107 23 67 105 41 68 90 17 68 38 35 58 89 122 21 15 49 84 118 33 29 55 87 121 58 56 72 99 130 85 83 95 116 143
42 64 3 25 73 21 6 27 48 6 25 45 67 0 37 25 13 23 49 20 40 53 5 18 66 17 39 17 52 23 11 41 45 5 39 28 5 26 52 12 101 75 59 62 81 87 56 33 37 64 82 48 13 23 57 86 55 30 35 63 99 73 56 59 79
50 69 34 31 108 21 40 29 81 42 55 13 103 37 0 56 28 17 85 21 57 58 41 48 101 34 75 42 88 51 48 18 81 37 4 63 36 16 88 36 135 106 82 67 68 124 91 61 40 43 118 84 50 17 24 119 85 52 23 28 127 95 67 48 51
65 86 26 50 53 45 28 52 26 25 2 60 51 25 56 0 29 39 34 35 60 76 21 36 48 42 33 40 34 6 22 64 29 22 59 13 23 41 39 20 80 51 36 48 76 72 38 8 34 68 75 43 22 39 71 87 62 49 59 83 106 86 77 84 102
48 70 10 28 80 19 17 29 54 18 28 34 76 13 28 29 0 12 58 8 48 58 15 30 74 23 50 27 60 24 23 36 54 10 30 36 10 14 61 9 108 80 59 54 70 97 64 35 28 52 94 59 25 12 46 99 67 39 33 55 111 83 64 60 74
51 72 21 30 91 19 28 29 65 29 38 23 88 23 17 39 12 0 69 5 54 61 26 39 85 28 61 34 71 34 34 30 65 22 21 47 21 3 73 20 118 89 65 54 64 108 75 45 27 43 105 70 36 2 34 109 76 46 30 45 120 91 68 57 67
75 92 51 68 28 69 47 71 16 44 35 91 19 49 85 34 58 69 0 65 65 85 45 46 19 60 16 54 8 40 39 89 6 48 87 23 49 71 6 50 54 39 50 77 108 40 11 34 67 102 42 19 37 69 103 60 47 56 81 111 84 75 81 100 125
51 73 17 30 87 19 25 30 61 26 34 27 84 20 21 35 8 5 65 0 53 61 23 37 81 27 57 33 67 30 31 33 61 18 24 43 18 6 69 16 114 85 62 53 64 104 71 41 25 45 101 67 32 5 38 106 74 45 32 49 118 89 68 59 70
13 28 41 26 92 37 35 29 73 37 60 69 80 40 57 60 48 54 65 53 0 20 42 24 83 26 49 23 72 60 39 47 65 44 56 55 44 55 65 51 118 101 95 101 117 97 76 67 75 96 80 52 39 52 80 70 36 11 37 71 72 39 18 39 72
12 12 54 31 112 42 49 32 92 52 76 70 100 53 58 76 58 61 85 61 20 0 57 41 102 37 69 37 91 75 55 43 84 57 55 73 57 61 84 64 138 120 111 112 124 116 95 83 85 100 98 72 56 59 79 86 54 29 35 63 82 47 12 23 58
45 67 7 30 69 26 8 32 43 6 20 48 63 5 41 21 15 26 45 23 42 57 0 20 62 21 35 21 48 19 9 46 41 5 43 24 6 28 48 11 96 70 55 59 80 84 52 28 36 65 79 45 10 26 60 85 54 32 39 67 99 74 59 63 83
31 51 21 23 73 28 13 27 51 14 36 59 64 18 48 36 30 39 46 37 24 41 20 0 64 16 32 8 52 36 15 46 44 23 49 32 23 41 47 30 100 80 71 79 99 82 56 43 55 81 72 39 15 38 71 71 38 14 37 71 82 55 42 54 80
93 109 68 86 11 86 65 89 23 62 49 107 8 66 101 48 74 85 19 81 83 102 62 64 0 77 34 72 14 53 56 106 21 65 103 38 66 87 18 66 36 28 52 84 117 25 11 45 80 114 40 33 54 85 118 65 60 74 99 128 92 88 98 118 143
26 48 17 9 86 14 15 12 62 18 41 45 77 17 34 42 23 28 60 27 26 37 21 16 77 0 46 8 64 39 23 31 57 21 34 42 21 30 61 27 113 90 76 76 91 97 68 49 50 71 87 54 24 27 57 86 51 19 22 55 93 63 41 43 66
59 76 41 55 43 57 36 58 28 33 34 83 32 39 75 33 50 61 16 57 49 69 35 32 34 46 0 40 23 37 28 76 17 40 76 20 40 63 16 44 70 54 59 80 108 51 27 36 65 98 45 11 26 60 95 55 33 41 68 100 75 61 65 85 112
26 47 19 16 80 21 13 19 57 16 40 53 71 17 42 40 27 34 54 33 23 37 21 8 72 8 40 0 59 39 19 38 51 22 42 38 22 36 55 29 107 86 75 79 96 90 63 47 54 77 79 46 20 33 65 78 44 13 29 63 86 57 39 47 73
81 99 54 73 22 73 51 76 11 48 36 93 18 52 88 34 60 71 8 67 72 91 48 52 14 64 23 59 0 40 43 93 8 51 90 25 52 73 12 52 49 32 45 73 106 38 5 32 67 101 46 26 41 71 104 66 54 63 85 114 91 83 88 105 130
64 85 23 47 58 42 26 49 32 24 5 55 57 23 51 6 24 34 40 30 60 75 19 36 53 39 37 39 40 0 22 60 35 19 54 18 19 36 44 16 85 56 37 45 72 78 43 11 29 63 80 47 22 34 65 91 65 49 56 79 109 88 77 81 98
44 65 14 32 64 31 9 34 40 6 22 56 57 11 48 22 23 34 39 31 39 55 9 15 56 23 28 19 43 22 0 51 35 13 49 20 14 36 41 19 91 68 57 65 88 77 47 29 44 73 72 37 2 33 68 77 46 28 43 73 91 67 56 65 87
38 53 39 24 114 20 42 20 88 45 63 28 107 41 18 64 36 30 89 33 47 43 46 46 106 31 76 38 93 60 51 0 85 43 14 69 42 29 91 45 141 115 94 83 85 127 97 71 55 60 117 84 52 29 37 114 80 45 11 25 118 85 54 31 38
74 92 47 66 29 66 44 69 12 41 30 87 23 45 81 29 54 65 6 61 65 84 41 44 21 57 17 51 8 35 35 85 0 44 83 18 45 67 11 46 57 38 46 72 103 44 12 28 62 97 48 22 34 65 98 65 49 55 78 107 88 77 81 98 122
46 68 5 29 72 23 10 30 46 10 22 44 67 5 37 22 10 22 48 18 44 57 5 23 65 21 40 22 51 19 13 43 44 0 39 27 1 24 52 8 99 73 55 57 77 87 55 29 33 61 84 49 15 21 56 89 58 34 37 64 103 77 61 62 81
48 66 36 30 110 21 41 27 84 44 57 15 105 39 4 59 30 21 87 24 56 55 43 49 103 34 76 42 90 54 49 14 83 39 0 65 38 19 90 39 137 109 85 71 72 126 94 64 44 46 119 85 51 20 25 119 85 51 21 25 126 94 65 45 47
62 82 30 51 45 49 28 54 20 25 14 69 41 28 63 13 36 47 23 43 55 73 24 32 38 42 20 38 25 18 20 69 18 27 65 0 28 49 27 28 73 48 42 60 89 62 29 16 46 80 62 30 19 47 81 74 51 45 62 90 94 76 72 84 106
46 68 4 29 72 23 10 30 47 10 22 43 68 5 36 23 10 21 49 18 44 57 6 23 66 21 40 22 52 19 14 42 45 1 38 28 0 23 52 7 100 73 56 57 76 88 56 30 32 60 84 50 15 21 55 90 59 34 37 63 103 77 61 62 80
52 73 23 31 93 20 30 30 67 31 40 21 90 26 16 41 14 3 71 6 55 61 28 41 87 30 63 36 73 36 36 29 67 24 19 49 23 0 75 22 120 91 66 54 63 110 77 46 27 42 107 73 38 4 32 111 78 48 30 44 122 93 69 57 65
75 91 54 70 29 71 50 73 21 47 40 95 17 52 88 39 61 73 6 69 65 84 48 47 18 61 16 55 12 44 41 91 11 52 90 27 52 75 0 54 54 42 55 82 113 36 14 39 72 106 37 15 39 72 107 55 44 56 83 114 79 72 80 100 127
53 75 11 34 72 27 17 35 46 16 19 42 68 12 36 20 9 20 50 16 51 64 11 30 66 27 44 29 52 16 19 45 46 8 39 28 7 22 54 0 99 71 50 50 70 89 56 26 26 55 88 53 20 20 53 95 64 41 41 64 109 84 68 67 83
128 144 103 122 28 121 100 125 54 97 81 140 38 101 135 80 108 118 54 114 118 138 96 100 36 113 70 107 49 85 91 141 57 99 137 73 100 120 54 99 0 35 70 104 139 29 45 75 108 142 57 67 90 119 150 86 92 110 134 162 114 119 133 153 178
110 129 76 99 20 96 76 101 29 73 52 109 35 75 106 51 80 89 39 85 101 120 70 80 28 90 54 86 32 56 68 115 38 73 109 48 73 91 42 71 35 0 35 70 104 45 29 45 75 108 67 57 66 89 118 92 85 92 109 134 119 113 118 132 153
100 121 59 84 50 77 62 85 35 60 36 81 58 59 82 36 59 65 50 62 95 111 55 71 52 76 59 75 45 37 57 94 46 55 85 42 56 66 55 50 70 35 0 35 70 75 45 28 45 75 90 66 56 66 89 110 92 84 91 109 133 118 112 117 131
102 124 60 82 83 71 67 82 63 65 47 62 89 62 67 48 54 54 77 53 101 112 59 79 84 76 80 79 73 45 65 83 72 57 71 60 57 54 82 50 104 70 35 0 35 108 75 45 28 45 119 89 66 56 66 134 109 91 84 90 153 132 117 111 116
114 135 78 94 117 82 86 92 96 86 75 58 122 81 68 76 70 64 108 64 117 124 80 99 117 91 108 96 106 72 88 85 103 77 72 89 76 63 113 70 139 104 70 35 0 142 108 75 45 28 150 118 89 66 55 162 134 109 90 83 178 153 131 116 110
108 122 90 105 26 107 86 109 47 83 73 130 21 87 124 72 97 108 40 104 97 116 84 82 25 97 51 90 38 78 77 127 44 87 126 62 88 110 36 89 29 45 75 108 142 0 35 70 104 139 29 45 75 108 142 57 67 90 119 150 86 92 110 134 162
85 103 58 77 18 77 55 80 13 52 39 97 15 56 91 38 64 75 11 71 76 95 52 56 11 68 27 63 5 43 47 97 12 55 94 29 56 77 14 56 45 29 45 75 108 35 0 35 70 104 45 29 45 75 108 67 57 66 89 118 92 85 92 109 134
72 94 33 57 49 52 35 59 23 32 8 65 49 33 61 8 35 45 34 41 67 83 28 43 45 49 36 47 32 11 29 71 28 29 64 16 30 46 39 26 75 45 28 45 75 70 35 0 35 70 75 45 28 45 75 90 66 56 66 89 110 92 84 91 109
75 97 35 55 83 44 42 54 57 42 33 37 84 37 40 34 28 27 67 25 75 85 36 55 80 50 65 54 67 29 44 55 62 33 44 46 32 27 72 26 108 75 45 28 45 104 70 35 0 35 108 75 45 28 45 119 89 66 56 66 134 109 91 84 90
92 111 61 71 117 60 69 70 92 70 67 32 118 64 43 68 52 43 102 45 96 100 65 81 114 71 98 77 101 63 73 60 97 61 46 80 60 42 106 55 142 108 75 45 28 139 104 70 35 0 142 108 75 45 28 150 118 89 66 55 162 134 109 90 83
92 101 85 94 47 99 79 98 57 77 76 127 33 82 118 75 94 105 42 101 80 98 79 72 40 87 45 79 46 80 72 117 48 84 119 62 84 107 37 88 57 67 90 119 150 29 45 75 108 142 0 35 70 104 139 29 45 75 108 142 57 67 90 119 150
63 78 50 61 43 65 44 65 33 42 44 92 29 48 84 43 59 70 19 67 52 72 45 39 33 54 11 46 26 47 37 84 22 49 85 30 50 73 15 53 67 57 66 89 118 45 29 45 75 108 35 0 35 70 104 45 29 45 75 108 67 57 66 89 118
45 66 16 33 62 33 11 36 38 8 22 58 55 13 50 22 25 36 37 32 39 56 10 15 54 24 26 20 41 22 2 52 34 15 51 19 15 38 39 20 90 66 56 66 89 75 45 28 45 75 70 35 0 35 70 75 45 28 45 75 90 66 56 66 89
49 70 20 29 91 17 27 28 65 28 38 23 87 23 17 39 12 2 69 5 52 59 26 38 85 27 60 33 71 34 33 29 65 21 20 47 21 4 72 20 119 89 66 56 66 108 75 45 28 45 104 70 35 0 35 108 75 45 28 45 119 89 66 56 66
72 90 54 55 123 44 61 52 97 63 70 12 121 57 24 71 46 34 103 38 80 79 60 71 118 57 95 65 104 65 68 37 98 56 25 81 55 32 107 53 150 118 89 66 55 142 108 75 45 28 139 104 70 35 0 142 108 75 45 28 150 118 89 66 55
82 86 89 91 73 99 82 94 76 81 88 130 58 86 119 87 99 109 60 106 70 86 85 71 65 86 55 78 66 91 77 114 65 89 119 74 90 111 55 95 86 92 110 134 162 57 67 90 119 150 29 45 75 108 142 0 35 70 104 139 29 45 75 108 142
49 57 57 56 71 65 50 60 61 49 63 96 56 55 85 62 67 76 47 74 36 54 54 38 60 51 33 44 54 65 46 80 49 58 85 51 59 78 44 64 92 85 92 109 134 67 57 66 89 118 45 29 45 75 108 35 0 35 70 104 45 29 45 75 108
19 38 32 22 84 31 25 25 63 26 49 64 72 30 52 49 39 46 56 45 11 29 32 14 74 19 41 13 63 49 28 45 55 34 51 45 34 48 56 41 110 92 84 91 109 90 66 56 66 89 75 45 28 45 75 70 35 0 35 70 75 45 28 45 75
28 46 33 14 107 15 35 11 82 38 58 35 99 35 23 59 33 30 81 32 37 35 39 37 99 22 68 29 85 56 43 11 78 37 21 62 37 30 83 41 134 109 91 84 90 119 89 66 56 66 108 75 45 28 45 104 70 35 0 35 108 75 45 28 45
60 72 61 49 135 43 65 45 109 68 82 29 130 63 28 83 55 45 111 49 71 63 67 71 128 55 100 63 114 79 73 25 107 64 25 90 63 44 114 64 162 134 109 90 83 150 118 89 66 55 142 108 75 45 28 139 104 70 35 0 142 108 75 45 28
82 78 102 96 101 106 94 99 100 93 107 138 85 99 127 106 111 120 84 118 72 82 99 82 92 93 75 86 91 109 91 118 88 103 126 94 103 122 79 109 114 119 133 153 178 86 92 110 134 162 57 67 90 119 150 29 45 75 108 142 0 35 70 104 139
48 44 75 64 99 75 67 67 88 68 86 107 83 73 95 86 83 91 75 89 39 47 74 55 88 63 61 57 83 88 67 85 77 77 94 76 77 93 72 84 119 113 118 132 153 92 85 92 109 134 67 57 66 89 118 45 29 45 75 108 35 0 35 70 104
18 12 57 38 108 50 52 40 90 54 77 79 95 56 67 77 64 68 81 68 18 12 59 42 98 41 65 39 88 77 56 54 81 61 65 72 61 69 80 68 133 118 112 117 131 110 92 84 91 109 90 66 56 66 89 75 45 28 45 75 70 35 0 35 70
27 29 58 34 127 41 57 32 104 60 83 59 116 59 48 84 60 57 100 59 39 23 63 54 118 43 85 47 105 81 65 31 98 62 45 84 62 57 100 67 153 132 117 111 116 134 109 91 84 90 119 89 66 56 66 108 75 45 28 45 104 70 35 0 35
60 63 77 58 151 58 79 54 126 82 101 55 143 79 51 102 74 67 125 70 72 58 83 80 143 66 112 73 130 98 87 38 122 81 47 106 80 65 127 83 178 153 131 116 110 162 134 109 90 83 150 118 89 66 55 142 108 75 45 28 139 104 70 35 0
