0 28 24 21 29 13 30 69 54 29 61 57 48 25 69 61 23 61 25 74 19 39 29 28 37 10 36 69 51 20 20 55 47 25 17 52 28 53 32 22 115 89 69 65 78 102 71 45 38 57 95 61 27 13 45 97 64 32 22 48 106 77 54 48 65
28 0 45 44 8 21 23 42 38 41 34 34 24 4 41 44 25 33 48 46 25 11 52 56 18 19 24 41 38 34 24 36 22 6 28 38 22 27 55 8 88 64 54 64 88 74 43 26 43 74 69 35 3 36 70 76 47 31 47 76 91 69 59 69 91
24 45 0 6 48 24 32 78 54 13 71 63 67 43 82 84 24 73 5 88 21 53 9 29 45 28 58 83 49 12 23 58 66 40 18 75 31 71 10 38 124 93 67 51 56 116 82 49 24 34 114 79 45 11 27 119 86 56 35 42 129 100 76 62 66
21 44 6 0 46 23 34 79 57 18 72 65 66 42 82 81 25 74 5 88 22 53 9 24 46 26 55 83 52 14 24 60 65 39 18 72 33 70 12 37 126 96 70 56 61 116 83 51 29 38 113 78 44 9 27 116 83 52 30 39 126 97 72 57 62
29 8 48 46 0 24 29 46 45 46 37 40 20 6 43 38 30 36 51 48 30 16 55 55 25 21 17 43 45 38 29 43 19 11 32 32 28 25 57 12 91 69 61 71 94 75 46 33 49 79 67 33 5 38 72 71 41 24 44 76 85 62 52 64 89
13 21 24 23 24 0 17 58 41 22 50 45 44 19 60 61 11 51 28 65 7 30 32 39 25 7 37 61 38 14 8 43 42 16 9 54 15 48 34 14 104 77 57 55 72 93 61 32 29 55 90 56 21 15 49 95 64 38 35 58 108 81 63 61 77
30 23 32 34 29 17 0 47 25 23 40 31 44 24 51 66 10 43 37 57 13 26 41 54 13 22 45 52 21 21 11 27 43 18 17 60 3 46 42 18 92 62 40 42 66 85 51 18 22 56 87 53 25 28 58 97 69 50 51 72 113 90 77 78 93
69 42 78 79 46 58 47 0 33 69 9 18 38 46 12 59 55 12 83 16 58 31 87 96 34 59 56 15 39 66 56 28 37 45 62 61 48 33 88 47 47 25 38 69 102 40 7 30 65 99 52 33 44 72 104 73 61 68 88 116 98 90 94 109 132
54 38 54 57 45 41 25 33 0 43 31 15 51 41 42 75 33 35 59 47 37 32 63 78 21 45 60 44 7 43 35 6 49 36 40 72 27 50 63 37 73 40 17 37 70 73 39 12 35 69 82 55 40 52 79 99 78 68 75 96 120 103 96 101 117
29 41 13 18 46 22 23 69 43 0 63 53 64 40 74 83 17 65 18 80 17 47 22 41 36 28 59 75 37 9 17 46 62 36 14 75 23 67 21 34 114 82 54 39 50 108 73 39 12 34 109 75 42 18 37 116 85 59 45 55 130 103 82 73 79
61 34 71 72 37 50 40 9 31 63 0 16 31 37 12 53 48 6 76 18 51 23 80 88 27 51 48 14 36 60 49 26 30 37 54 53 41 26 81 39 55 33 40 67 99 45 11 25 60 94 52 28 36 65 98 71 55 59 80 108 94 83 86 101 124
57 34 63 65 40 45 31 18 15 53 16 0 42 38 28 65 40 21 68 33 43 26 72 84 21 48 55 30 21 51 42 10 40 35 47 64 33 39 72 37 62 32 25 51 84 58 24 14 47 82 68 42 37 58 88 86 68 64 78 103 109 95 92 102 121
48 24 67 66 20 44 44 38 51 64 31 42 0 25 31 24 48 27 71 34 48 20 75 74 35 40 21 30 54 57 47 48 2 29 51 23 44 7 77 31 78 63 65 84 110 58 36 40 66 98 48 14 23 58 92 53 27 33 62 95 70 54 56 77 105
25 4 43 42 6 19 24 46 41 40 37 38 25 0 44 44 25 37 46 50 24 15 50 53 21 16 22 45 40 33 23 40 23 6 27 37 23 29 53 7 91 68 57 65 88 77 47 29 44 73 72 37 2 33 68 77 46 28 43 73 91 67 56 65 87
69 41 82 82 43 60 51 12 42 74 12 28 31 44 0 49 59 9 86 6 61 30 90 97 38 59 50 3 48 70 59 37 30 45 65 52 52 25 92 47 48 35 50 79 111 34 6 37 71 106 41 23 43 74 108 61 51 62 87 117 86 79 87 106 131
61 44 84 81 38 61 66 59 75 83 53 65 24 44 49 0 68 48 86 51 67 44 89 83 58 56 26 47 78 75 67 72 26 49 69 11 65 27 93 50 91 83 89 107 131 66 55 64 87 116 45 27 43 73 106 37 3 34 68 103 48 31 45 74 107
23 25 24 25 30 11 10 55 33 17 48 40 48 25 59 68 0 50 28 65 4 31 33 45 21 17 45 60 29 12 3 36 46 20 8 61 8 51 34 18 101 71 48 45 64 93 59 27 20 50 92 58 26 19 50 101 70 47 44 63 115 90 73 71 84
61 33 73 74 36 51 43 12 35 65 6 21 27 37 9 48 50 0 77 15 52 22 82 89 30 51 45 10 40 61 51 30 26 37 56 49 43 22 83 39 55 37 45 72 103 43 11 29 63 97 47 23 35 66 99 65 50 57 79 109 89 78 82 99 124
25 48 5 5 51 28 37 83 59 18 76 68 71 46 86 86 28 77 0 92 26 57 5 25 49 31 60 87 54 17 27 62 69 43 22 77 36 75 7 41 129 98 71 55 57 120 86 54 28 34 117 83 48 14 23 121 88 57 33 38 131 101 76 60 62
74 46 88 88 48 65 57 16 47 80 18 33 34 50 6 51 65 15 92 0 67 36 96 102 44 65 54 5 53 76 65 42 34 50 70 54 58 28 97 53 44 35 54 84 116 29 9 42 77 111 37 25 48 80 114 59 52 66 92 122 85 80 90 110 136
19 25 21 22 30 7 13 58 37 17 51 43 48 24 61 67 4 52 26 67 0 33 30 42 24 14 43 62 33 10 2 39 47 20 4 60 11 51 31 18 104 75 52 48 65 95 61 30 22 50 93 59 26 15 48 100 69 45 40 60 114 88 70 67 80
39 11 53 53 16 30 26 31 32 47 23 26 20 15 30 44 31 22 57 36 33 0 62 67 15 29 29 31 35 42 31 30 18 15 36 40 26 21 63 17 77 54 48 64 91 64 32 21 48 81 62 28 14 45 79 72 46 39 58 87 90 71 67 79 102
29 52 9 9 55 32 41 87 63 22 80 72 75 50 90 89 33 82 5 96 30 62 0 24 53 35 64 91 58 21 32 66 73 48 26 81 40 79 5 45 133 102 75 57 57 124 91 58 32 32 121 87 52 18 18 125 92 60 34 34 134 104 77 60 60
28 56 29 24 55 39 54 96 78 41 88 84 74 53 97 83 45 89 25 102 42 67 24 0 64 38 58 97 74 36 44 81 73 52 38 73 52 80 28 50 143 115 93 79 80 129 98 71 52 54 121 87 55 27 30 119 85 50 16 21 124 91 60 37 39
37 18 45 46 25 25 13 34 21 36 27 21 35 21 38 58 21 30 49 44 24 15 53 64 0 27 41 40 21 33 22 20 33 16 28 54 14 35 54 18 80 52 37 49 77 72 38 9 34 68 74 42 20 39 71 86 61 48 58 83 105 85 76 83 101
10 19 28 26 21 7 22 59 45 28 51 48 40 16 59 56 17 51 31 65 14 29 35 38 27 0 31 60 43 20 14 46 39 15 15 48 20 45 38 13 105 79 61 61 78 92 61 35 35 60 87 53 18 18 52 91 59 32 31 58 103 75 57 56 75
36 24 58 55 17 37 45 56 60 59 48 55 21 22 50 26 45 45 60 54 43 29 64 58 41 31 0 50 61 50 43 58 21 27 45 18 44 27 67 28 98 80 76 87 108 78 55 48 64 91 65 33 21 47 80 62 28 12 44 78 72 46 38 57 86
69 41 83 83 43 61 52 15 44 75 14 30 30 45 3 47 60 10 87 5 62 31 91 97 40 60 50 0 50 71 60 39 30 46 66 51 53 24 93 48 49 37 52 81 113 33 9 39 73 107 39 21 43 75 109 59 49 62 87 117 84 78 86 105 131
51 38 49 52 45 38 21 39 7 37 36 21 54 40 48 78 29 40 54 53 33 35 58 74 21 43 61 50 0 38 32 12 52 36 36 74 23 53 57 36 80 47 19 32 64 79 45 14 29 62 87 59 40 47 73 103 80 68 72 91 124 105 96 99 113
20 34 12 14 38 14 21 66 43 9 60 51 57 33 70 75 12 61 17 76 10 42 21 36 33 20 50 71 38 0 11 46 55 29 6 67 19 60 22 27 112 82 57 46 59 104 70 38 19 41 103 68 34 10 38 109 77 50 38 53 122 94 73 66 75
20 24 23 24 29 8 11 56 35 17 49 42 47 23 59 67 3 51 27 65 2 31 32 44 22 14 43 60 32 11 0 38 46 19 6 59 9 50 33 17 102 73 50 47 66 93 59 28 22 51 92 58 25 17 49 100 69 45 41 62 114 88 71 68 82
55 36 58 60 43 43 27 28 6 46 26 10 48 40 37 72 36 30 62 42 39 30 66 81 20 46 58 39 12 46 38 0 46 36 43 69 29 46 66 37 69 37 18 42 75 67 34 11 40 74 77 50 39 54 82 95 74 67 77 98 116 100 95 102 119
47 22 66 65 19 42 43 37 49 62 30 40 2 23 30 26 46 26 69 34 47 18 73 73 33 39 21 30 52 55 46 46 0 27 50 25 42 7 76 29 78 62 64 82 108 58 35 38 64 96 49 15 22 56 91 55 29 33 61 94 72 55 57 77 105
25 6 40 39 11 16 18 45 36 36 37 35 29 6 45 49 20 37 43 50 20 15 48 52 16 15 27 46 36 29 19 36 27 0 23 42 17 32 50 3 91 66 53 60 83 78 47 25 39 69 75 40 7 31 65 81 51 33 44 72 96 72 61 67 88
17 28 18 18 32 9 17 62 40 14 54 47 51 27 65 69 8 56 22 70 4 36 26 38 28 15 45 66 36 6 6 43 50 23 0 62 15 55 28 21 108 78 55 48 64 98 65 34 21 47 97 62 29 12 44 103 72 46 37 56 116 89 70 65 77
52 38 75 72 32 54 60 61 72 75 53 64 23 37 52 11 61 49 77 54 60 40 81 73 54 48 18 51 74 67 59 69 25 42 62 0 59 28 84 43 97 85 87 102 124 73 57 61 80 108 54 30 36 64 97 47 12 24 58 93 55 32 37 65 97
28 22 31 33 28 15 3 48 27 23 41 33 44 23 52 65 8 43 36 58 11 26 40 52 14 20 44 53 23 19 9 29 42 17 15 59 0 46 41 17 94 64 42 44 67 86 52 19 23 55 87 53 24 26 57 97 68 48 49 70 113 89 75 76 91
53 27 71 70 25 48 46 33 50 67 26 39 7 29 25 27 51 22 75 28 51 21 79 80 35 45 27 24 53 60 50 46 7 32 55 28 46 0 81 34 72 58 63 84 111 52 30 39 68 100 43 9 27 62 96 51 29 39 68 100 71 57 62 83 111
32 55 10 12 57 34 42 88 63 21 81 72 77 53 92 93 34 83 7 97 31 63 5 28 54 38 67 93 57 22 33 66 76 50 28 84 41 81 0 47 134 102 74 54 53 126 92 59 30 28 124 89 55 20 17 128 95 64 39 37 138 108 82 64 63
22 8 38 37 12 14 18 47 37 34 39 37 31 7 47 50 18 39 41 53 18 17 45 50 18 13 28 48 36 27 17 37 29 3 21 43 17 34 47 0 93 68 53 60 82 80 49 26 37 67 77 42 8 28 63 83 53 33 42 70 97 73 60 66 86
115 88 124 126 91 104 92 47 73 114 55 62 78 91 48 91 101 55 129 44 104 77 133 143 80 105 98 49 80 112 102 69 78 91 108 97 94 72 134 93 0 35 70 104 139 29 45 75 108 142 57 67 90 119 150 86 92 110 134 162 114 119 133 153 178
89 64 93 96 69 77 62 25 40 82 33 32 63 68 35 83 71 37 98 35 75 54 102 115 52 79 80 37 47 82 73 37 62 66 78 85 64 58 102 68 35 0 35 70 104 45 29 45 75 108 67 57 66 89 118 92 85 92 109 134 119 113 118 132 153
69 54 67 70 61 57 40 38 17 54 40 25 65 57 50 89 48 45 71 54 52 48 75 93 37 61 76 52 19 57 50 18 64 53 55 87 42 63 74 53 70 35 0 35 70 75 45 28 45 75 90 66 56 66 89 110 92 84 91 109 133 118 112 117 131
65 64 51 56 71 55 42 69 37 39 67 51 84 65 79 107 45 72 55 84 48 64 57 79 49 61 87 81 32 46 47 42 82 60 48 102 44 84 54 60 104 70 35 0 35 108 75 45 28 45 119 89 66 56 66 134 109 91 84 90 153 132 117 111 116
78 88 56 61 94 72 66 102 70 50 99 84 110 88 111 131 64 103 57 116 65 91 57 80 77 78 108 113 64 59 66 75 108 83 64 124 67 111 53 82 139 104 70 35 0 142 108 75 45 28 150 118 89 66 55 162 134 109 90 83 178 153 131 116 110
102 74 116 116 75 93 85 40 73 108 45 58 58 77 34 66 93 43 120 29 95 64 124 129 72 92 78 33 79 104 93 67 58 78 98 73 86 52 126 80 29 45 75 108 142 0 35 70 104 139 29 45 75 108 142 57 67 90 119 150 86 92 110 134 162
71 43 82 83 46 61 51 7 39 73 11 24 36 47 6 55 59 11 86 9 61 32 91 98 38 61 55 9 45 70 59 34 35 47 65 57 52 30 92 49 45 29 45 75 108 35 0 35 70 104 45 29 45 75 108 67 57 66 89 118 92 85 92 109 134
45 26 49 51 33 32 18 30 12 39 25 14 40 29 37 64 27 29 54 42 30 21 58 71 9 35 48 39 14 38 28 11 38 25 34 61 19 39 59 26 75 45 28 45 75 70 35 0 35 70 75 45 28 45 75 90 66 56 66 89 110 92 84 91 109
38 43 24 29 49 29 22 65 35 12 60 47 66 44 71 87 20 63 28 77 22 48 32 52 34 35 64 73 29 19 22 40 64 39 21 80 23 68 30 37 108 75 45 28 45 104 70 35 0 35 108 75 45 28 45 119 89 66 56 66 134 109 91 84 90
57 74 34 38 79 55 56 99 69 34 94 82 98 73 106 116 50 97 34 111 50 81 32 54 68 60 91 107 62 41 51 74 96 69 47 108 55 100 28 67 142 108 75 45 28 139 104 70 35 0 142 108 75 45 28 150 118 89 66 55 162 134 109 90 83
95 69 114 113 67 90 87 52 82 109 52 68 48 72 41 45 92 47 117 37 93 62 121 121 74 87 65 39 87 103 92 77 49 75 97 54 87 43 124 77 57 67 90 119 150 29 45 75 108 142 0 35 70 104 139 29 45 75 108 142 57 67 90 119 150
61 35 79 78 33 56 53 33 55 75 28 42 14 37 23 27 58 23 83 25 59 28 87 87 42 53 33 21 59 68 58 50 15 40 62 30 53 9 89 42 67 57 66 89 118 45 29 45 75 108 35 0 35 70 104 45 29 45 75 108 67 57 66 89 118
27 3 45 44 5 21 25 44 40 42 36 37 23 2 43 43 26 35 48 48 26 14 52 55 20 18 21 43 40 34 25 39 22 7 29 36 24 27 55 8 90 66 56 66 89 75 45 28 45 75 70 35 0 35 70 75 45 28 45 75 90 66 56 66 89
13 36 11 9 38 15 28 72 52 18 65 58 58 33 74 73 19 66 14 80 15 45 18 27 39 18 47 75 47 10 17 54 56 31 12 64 26 62 20 28 119 89 66 56 66 108 75 45 28 45 104 70 35 0 35 108 75 45 28 45 119 89 66 56 66
45 70 27 27 72 49 58 104 79 37 98 88 92 68 108 106 50 99 23 114 48 79 18 30 71 52 80 109 73 38 49 82 91 65 44 97 57 96 17 63 150 118 89 66 55 142 108 75 45 28 139 104 70 35 0 142 108 75 45 28 150 118 89 66 55
97 76 119 116 71 95 97 73 99 116 71 86 53 77 61 37 101 65 121 59 100 72 125 119 86 91 62 59 103 109 100 95 55 81 103 47 97 51 128 83 86 92 110 134 162 57 67 90 119 150 29 45 75 108 142 0 35 70 104 139 29 45 75 108 142
64 47 86 83 41 64 69 61 78 85 55 68 27 46 51 3 70 50 88 52 69 46 92 85 61 59 28 49 80 77 69 74 29 51 72 12 68 29 95 53 92 85 92 109 134 67 57 66 89 118 45 29 45 75 108 35 0 35 70 104 45 29 45 75 108
32 31 56 52 24 38 50 68 68 59 59 64 33 28 62 34 47 57 57 66 45 39 60 50 48 32 12 62 68 50 45 67 33 33 46 24 48 39 64 33 110 92 84 91 109 90 66 56 66 89 75 45 28 45 75 70 35 0 35 70 75 45 28 45 75
22 47 35 30 44 35 51 88 75 45 80 78 62 43 87 68 44 79 33 92 40 58 34 16 58 31 44 87 72 38 41 77 61 44 37 58 49 68 39 42 134 109 91 84 90 119 89 66 56 66 108 75 45 28 45 104 70 35 0 35 108 75 45 28 45
48 76 42 39 76 58 72 116 96 55 108 103 95 73 117 103 63 109 38 122 60 87 34 21 83 58 78 117 91 53 62 98 94 72 56 93 70 100 37 70 162 134 109 90 83 150 118 89 66 55 142 108 75 45 28 139 104 70 35 0 142 108 75 45 28
106 91 129 126 85 108 113 98 120 130 94 109 70 91 86 48 115 89 131 85 114 90 134 124 105 103 72 84 124 122 114 116 72 96 116 55 113 71 138 97 114 119 133 153 178 86 92 110 134 162 57 67 90 119 150 29 45 75 108 142 0 35 70 104 139
77 69 100 97 62 81 90 90 103 103 83 95 54 67 79 31 90 78 101 80 88 71 104 91 85 75 46 78 105 94 88 100 55 72 89 32 89 57 108 73 119 113 118 132 153 92 85 92 109 134 67 57 66 89 118 45 29 45 75 108 35 0 35 70 104
54 59 76 72 52 63 77 94 96 82 86 92 56 56 87 45 73 82 76 90 70 67 77 60 76 57 38 86 96 73 71 95 57 61 70 37 75 62 82 60 133 118 112 117 131 110 92 84 91 109 90 66 56 66 89 75 45 28 45 75 70 35 0 35 70
48 69 62 57 64 61 78 109 101 73 101 102 77 65 106 74 71 99 60 110 67 79 60 37 83 56 57 105 99 66 68 102 77 67 65 65 76 83 64 66 153 132 117 111 116 134 109 91 84 90 119 89 66 56 66 108 75 45 28 45 104 70 35 0 35
65 91 66 62 89 77 93 132 117 79 124 121 105 87 131 107 84 124 62 136 80 102 60 39 101 75 86 131 113 75 82 119 105 88 77 97 91 111 63 86 178 153 131 116 110 162 134 109 90 83 150 118 89 66 55 142 108 75 45 28 139 104 70 35 0
