0 16 47 49 92 14 80 21 20 51 58 21 73 22 22 40 29 58 56 33 63 25 70 71 61 9 51 40 81 56 17 14 79 17 23 31 31 63 7 32 59 37 40 65 96 49 15 22 56 91 54 27 32 61 93 71 53 56 76 104 94 81 82 97 120
16 0 37 35 87 29 73 28 11 39 48 27 64 13 23 25 24 43 49 21 48 13 59 59 53 21 43 50 73 43 28 11 70 25 28 17 39 49 22 28 72 52 51 70 98 57 27 26 55 89 54 20 19 52 87 65 41 41 63 94 84 68 67 83 108
47 37 0 21 53 57 37 40 27 10 12 63 28 47 31 40 21 26 15 17 35 44 24 26 19 46 9 59 38 19 47 33 34 61 65 40 75 27 53 19 105 79 61 60 77 93 61 35 34 59 88 53 19 17 52 92 60 32 31 58 104 76 58 57 75
49 35 21 0 70 62 53 51 30 13 27 60 40 40 42 25 33 9 35 18 16 35 30 29 38 52 29 73 52 10 56 37 47 59 61 29 72 15 55 33 106 85 74 79 97 88 61 47 55 79 77 44 19 35 67 76 42 12 31 65 84 56 39 48 75
92 87 53 70 0 98 19 76 76 58 44 111 34 98 71 92 64 70 39 69 77 96 45 48 35 87 45 81 20 63 84 80 27 108 113 93 122 66 97 60 146 114 83 57 45 140 106 72 39 18 140 105 71 37 11 144 111 80 52 38 154 124 96 74 65
14 29 57 62 98 0 88 23 33 63 68 24 83 34 28 53 38 71 65 45 77 38 81 82 69 12 61 33 89 69 15 26 88 20 27 45 28 76 9 41 50 23 32 63 96 46 13 26 60 95 58 38 44 70 101 79 66 69 87 114 104 94 96 110 131
80 73 37 53 19 88 0 67 63 41 27 99 16 84 60 76 52 52 24 54 59 81 27 30 20 77 31 77 3 45 75 67 10 96 100 77 110 48 86 49 137 107 79 60 58 128 95 63 36 32 125 90 56 21 15 128 94 62 34 31 137 106 78 59 56
21 28 40 51 76 23 67 0 23 47 50 41 64 40 10 52 20 59 45 33 67 41 64 65 48 14 41 23 68 55 9 18 68 37 44 45 49 63 25 22 71 41 24 44 76 67 33 5 38 72 75 46 33 49 79 91 69 61 71 94 112 95 89 96 113
20 11 27 30 76 33 63 23 0 31 39 37 54 24 16 29 14 39 39 13 45 22 50 51 43 22 33 46 63 36 27 8 60 34 38 24 48 44 27 17 79 55 47 62 89 66 35 20 45 78 64 31 12 42 76 74 48 39 56 84 92 72 66 77 100
51 39 10 13 58 63 41 47 31 0 14 65 28 47 38 36 28 16 22 18 25 43 21 21 25 51 17 68 40 9 54 38 35 63 66 38 77 17 57 27 109 85 69 69 85 94 64 43 43 66 86 52 20 22 55 87 54 24 26 56 97 68 48 49 70
58 48 12 27 44 68 27 50 39 14 0 75 16 58 41 49 31 28 11 28 36 55 14 17 12 57 9 67 27 20 57 45 23 72 76 50 87 26 65 29 117 89 69 62 74 104 72 45 35 53 99 64 30 9 41 101 68 37 23 46 111 81 58 50 64
21 27 63 60 111 24 99 41 37 65 75 0 90 21 42 42 48 68 75 47 71 26 85 86 79 28 69 56 99 68 35 32 96 5 3 34 13 74 18 51 47 38 56 84 116 30 11 42 76 111 35 21 46 78 112 56 48 63 89 120 82 77 86 107 133
73 64 28 40 34 83 16 64 54 28 16 90 0 74 56 63 46 38 20 44 44 70 12 15 17 72 23 78 14 31 72 60 8 88 92 65 102 33 80 43 132 104 80 67 71 120 88 59 40 46 114 80 46 15 28 115 81 47 20 31 122 91 63 46 52
22 13 47 40 98 34 84 40 24 47 58 21 74 0 36 22 37 48 60 31 50 5 67 67 65 30 54 61 84 49 38 23 80 22 22 13 34 54 25 40 68 54 61 83 111 49 27 38 68 101 42 8 29 63 98 52 32 42 70 102 73 60 66 86 114
22 23 31 42 71 28 60 10 16 38 41 42 56 36 0 44 11 50 37 24 58 36 55 56 41 17 33 32 61 46 16 13 60 38 44 38 52 54 27 13 77 48 33 48 76 70 36 5 35 69 74 43 24 42 73 87 63 52 62 86 107 88 80 87 105
40 25 40 25 92 53 76 52 29 36 49 42 63 22 44 0 40 30 55 26 31 17 55 53 59 46 48 74 76 34 53 34 71 43 42 9 54 37 45 42 89 75 75 90 114 68 48 48 70 99 53 23 25 56 90 52 20 23 55 89 65 44 45 67 97
29 24 21 33 64 38 52 20 14 28 31 48 46 37 11 40 0 41 28 16 49 36 45 46 32 26 23 41 53 36 27 16 51 44 50 36 59 44 35 4 87 59 42 50 76 77 43 15 32 65 77 44 16 33 65 87 60 44 52 76 104 82 71 76 95
58 43 26 9 70 71 52 59 39 16 28 68 38 48 50 30 41 0 37 27 9 43 27 25 39 60 32 81 51 8 64 46 45 67 69 36 80 7 64 40 114 93 82 85 101 96 70 55 59 80 83 52 28 36 65 79 45 11 26 60 85 54 32 40 67
56 49 15 35 39 65 24 45 39 22 11 75 20 60 37 55 28 37 0 31 46 58 23 26 5 54 7 59 25 30 53 43 24 72 76 54 86 36 63 25 114 85 61 52 64 104 71 40 24 45 102 67 32 5 38 106 74 45 32 49 118 90 68 60 71
33 21 17 18 69 45 54 33 13 18 28 47 44 31 24 26 16 27 31 0 34 28 39 39 35 35 24 56 54 24 38 20 50 45 49 24 60 31 40 17 91 68 57 65 88 77 47 29 44 73 72 37 2 33 68 77 46 28 43 73 91 67 56 65 87
63 48 35 16 77 77 59 67 45 25 36 71 44 50 58 31 49 9 46 34 0 46 33 31 48 67 41 89 58 17 71 52 51 71 72 38 84 12 69 49 118 99 90 94 109 98 74 62 68 88 83 53 35 44 72 76 42 9 30 64 79 47 24 37 67
25 13 44 35 96 38 81 41 22 43 55 26 70 5 36 17 36 43 58 28 46 0 63 63 62 32 51 63 81 45 40 24 77 26 26 9 38 50 29 39 73 59 63 83 111 53 31 39 67 99 45 10 26 60 95 52 29 37 66 99 71 57 61 82 110
70 59 24 30 45 81 27 64 50 21 14 85 12 67 55 55 45 27 23 39 33 63 0 4 22 70 23 81 25 21 71 57 19 83 87 58 98 22 77 42 129 103 83 74 81 115 84 59 47 58 107 73 40 19 39 105 71 37 10 36 112 80 52 38 51
71 59 26 29 48 82 30 65 51 21 17 86 15 67 56 53 46 25 26 39 31 63 4 0 25 71 26 83 28 20 72 58 22 84 87 57 98 19 78 44 130 104 85 77 85 115 85 60 50 61 106 72 41 22 42 104 69 35 7 36 109 77 49 34 49
61 53 19 38 35 69 20 48 43 25 12 79 17 65 41 59 32 39 5 35 48 62 22 25 0 58 11 62 21 32 57 48 20 76 81 59 90 37 67 29 118 88 64 53 62 109 75 44 25 42 106 71 37 4 34 110 78 48 32 46 121 93 70 59 68
9 21 46 52 87 12 77 14 22 51 57 28 72 30 17 46 26 60 54 35 67 32 70 71 58 0 49 31 78 58 9 15 77 24 30 38 36 66 11 29 61 34 31 57 89 54 20 16 50 85 62 36 33 58 90 80 61 60 76 102 102 88 87 99 120
51 43 9 29 45 61 31 41 33 17 9 69 23 54 33 48 23 32 7 24 41 51 23 26 11 49 0 58 31 25 49 38 28 66 71 48 80 32 58 21 109 81 60 55 69 99 66 37 28 51 95 60 26 10 44 100 68 40 32 54 112 84 64 59 73
40 50 59 73 81 33 77 23 46 68 67 56 78 61 32 74 41 81 59 56 89 63 81 83 62 31 58 0 79 76 23 41 81 52 59 67 60 84 40 41 72 37 3 33 68 77 46 27 43 73 91 66 55 64 87 110 91 83 89 107 133 117 111 115 129
81 73 38 52 20 89 3 68 63 40 27 99 14 84 61 76 53 51 25 54 58 81 25 28 21 78 31 79 0 44 76 68 8 96 101 77 111 46 87 49 138 108 81 63 61 129 96 64 38 34 125 90 56 21 15 127 94 61 32 28 136 104 76 56 54
56 43 19 10 63 69 45 55 36 9 20 68 31 49 46 34 36 8 30 24 17 45 21 20 32 58 25 76 44 0 61 44 38 67 69 38 81 9 63 35 114 91 77 78 93 97 69 50 52 73 87 54 25 28 58 85 50 17 22 56 92 62 39 42 66
17 28 47 56 84 15 75 9 27 54 57 35 72 38 16 53 27 64 53 38 71 40 71 72 57 9 49 23 76 61 0 20 76 31 38 45 42 69 18 29 63 32 24 50 83 60 26 13 46 80 69 44 37 58 87 88 69 65 78 102 110 95 92 102 121
14 11 33 37 80 26 67 18 8 38 45 32 60 23 13 34 16 46 43 20 52 24 57 58 48 15 38 41 68 44 20 0 66 29 34 27 43 51 20 20 73 48 42 60 89 61 28 16 46 80 62 30 19 47 81 75 51 45 63 90 94 77 73 85 107
79 70 34 47 27 88 10 68 60 35 23 96 8 80 60 71 51 45 24 50 51 77 19 22 20 77 28 81 8 38 76 66 0 94 98 72 108 40 85 48 137 108 83 67 67 126 94 63 41 41 121 87 52 19 21 122 88 55 25 27 129 98 69 50 50
17 25 61 59 108 20 96 37 34 63 72 5 88 22 38 43 44 67 72 45 71 26 83 84 76 24 66 52 96 67 31 29 94 0 7 34 15 73 13 48 48 35 51 80 112 33 7 38 73 107 39 22 44 76 109 60 51 63 88 118 85 79 87 106 132
23 28 65 61 113 27 100 44 38 66 76 3 92 22 44 42 50 69 76 49 72 26 87 87 81 30 71 59 101 69 38 34 98 7 0 35 12 75 20 53 47 40 58 87 119 29 14 45 79 113 32 20 47 80 114 54 48 63 91 122 80 75 86 108 135
31 17 40 29 93 45 77 45 24 38 50 34 65 13 38 9 36 36 54 24 38 9 58 57 59 38 48 67 77 38 45 27 72 34 35 0 46 43 36 39 81 66 68 85 111 61 39 42 67 97 49 16 23 57 91 53 25 30 60 93 69 51 53 74 102
31 39 75 72 122 28 110 49 48 77 87 13 102 34 52 54 59 80 86 60 84 38 98 98 90 36 80 60 111 81 42 43 108 15 12 46 0 87 25 62 36 34 59 91 124 19 17 51 86 121 33 32 58 90 123 59 58 75 102 132 86 86 98 119 146
63 49 27 15 66 76 48 63 44 17 26 74 33 54 54 37 44 7 36 31 12 50 22 19 37 66 32 84 46 9 69 51 40 73 75 43 87 0 70 43 120 99 86 86 99 103 76 59 59 77 90 58 33 34 60 86 51 17 19 54 90 58 33 34 60
7 22 53 55 97 9 86 25 27 57 65 18 80 25 27 45 35 64 63 40 69 29 77 78 67 11 58 40 87 63 18 20 85 13 20 36 25 70 0 38 53 31 39 67 100 44 9 26 61 96 52 29 38 67 99 71 57 62 82 110 95 85 88 103 126
32 28 19 33 60 41 49 22 17 27 29 51 43 40 13 42 4 40 25 17 49 39 42 44 29 29 21 41 49 35 29 20 48 48 53 39 62 43 38 0 90 61 43 48 73 81 47 17 29 61 81 47 18 29 62 90 62 44 50 73 107 84 72 75 92
59 72 105 106 146 50 137 71 79 109 117 47 132 68 77 89 87 114 114 91 118 73 129 130 118 61 109 72 138 114 63 73 137 48 47 81 36 120 53 90 0 35 70 104 139 29 45 75 108 142 57 67 90 119 150 86 92 110 134 162 114 119 133 153 178
37 52 79 85 114 23 107 41 55 85 89 38 104 54 48 75 59 93 85 68 99 59 103 104 88 34 81 37 108 91 32 48 108 35 40 66 34 99 31 61 35 0 35 70 104 45 29 45 75 108 67 57 66 89 118 92 85 92 109 134 119 113 118 132 153
40 51 61 74 83 32 79 24 47 69 69 56 80 61 33 75 42 82 61 57 90 63 83 85 64 31 60 3 81 77 24 42 83 51 58 68 59 86 39 43 70 35 0 35 70 75 45 28 45 75 90 66 56 66 89 110 92 84 91 109 133 118 112 117 131
65 70 60 79 57 63 60 44 62 69 62 84 67 83 48 90 50 85 52 65 94 83 74 77 53 57 55 33 63 78 50 60 67 80 87 85 91 86 67 48 104 70 35 0 35 108 75 45 28 45 119 89 66 56 66 134 109 91 84 90 153 132 117 111 116
96 98 77 97 45 96 58 76 89 85 74 116 71 111 76 114 76 101 64 88 109 111 81 85 62 89 69 68 61 93 83 89 67 112 119 111 124 99 100 73 139 104 70 35 0 142 108 75 45 28 150 118 89 66 55 162 134 109 90 83 178 153 131 116 110
49 57 93 88 140 46 128 67 66 94 104 30 120 49 70 68 77 96 104 77 98 53 115 115 109 54 99 77 129 97 60 61 126 33 29 61 19 103 44 81 29 45 75 108 142 0 35 70 104 139 29 45 75 108 142 57 67 90 119 150 86 92 110 134 162
15 27 61 61 106 13 95 33 35 64 72 11 88 27 36 48 43 70 71 47 74 31 84 85 75 20 66 46 96 69 26 28 94 7 14 39 17 76 9 47 45 29 45 75 108 35 0 35 70 104 45 29 45 75 108 67 57 66 89 118 92 85 92 109 134
22 26 35 47 72 26 63 5 20 43 45 42 59 38 5 48 15 55 40 29 62 39 59 60 44 16 37 27 64 50 13 16 63 38 45 42 51 59 26 17 75 45 28 45 75 70 35 0 35 70 75 45 28 45 75 90 66 56 66 89 110 92 84 91 109
56 55 34 55 39 60 36 38 45 43 35 76 40 68 35 70 32 59 24 44 68 67 47 50 25 50 28 43 38 52 46 46 41 73 79 67 86 59 61 29 108 75 45 28 45 104 70 35 0 35 108 75 45 28 45 119 89 66 56 66 134 109 91 84 90
91 89 59 79 18 95 32 72 78 66 53 111 46 101 69 99 65 80 45 73 88 99 58 61 42 85 51 73 34 73 80 80 41 107 113 97 121 77 96 61 142 108 75 45 28 139 104 70 35 0 142 108 75 45 28 150 118 89 66 55 162 134 109 90 83
54 54 88 77 140 58 125 75 64 86 99 35 114 42 74 53 77 83 102 72 83 45 107 106 106 62 95 91 125 87 69 62 121 39 32 49 33 90 52 81 57 67 90 119 150 29 45 75 108 142 0 35 70 104 139 29 45 75 108 142 57 67 90 119 150
27 20 53 44 105 38 90 46 31 52 64 21 80 8 43 23 44 52 67 37 53 10 73 72 71 36 60 66 90 54 44 30 87 22 20 16 32 58 29 47 67 57 66 89 118 45 29 45 75 108 35 0 35 70 104 45 29 45 75 108 67 57 66 89 118
32 19 19 19 71 44 56 33 12 20 30 46 46 29 24 25 16 28 32 2 35 26 40 41 37 33 26 55 56 25 37 19 52 44 47 23 58 33 38 18 90 66 56 66 89 75 45 28 45 75 70 35 0 35 70 75 45 28 45 75 90 66 56 66 89
61 52 17 35 37 70 21 49 42 22 9 78 15 63 42 56 33 36 5 33 44 60 19 22 4 58 10 64 21 28 58 47 19 76 80 57 90 34 67 29 119 89 66 56 66 108 75 45 28 45 104 70 35 0 35 108 75 45 28 45 119 89 66 56 66
93 87 52 67 11 101 15 79 76 55 41 112 28 98 73 90 65 65 38 68 72 95 39 42 34 90 44 87 15 58 87 81 21 109 114 91 123 60 99 62 150 118 89 66 55 142 108 75 45 28 139 104 70 35 0 142 108 75 45 28 150 118 89 66 55
71 65 92 76 144 79 128 91 74 87 101 56 115 52 87 52 87 79 106 77 76 52 105 104 110 80 100 110 127 85 88 75 122 60 54 53 59 86 71 90 86 92 110 134 162 57 67 90 119 150 29 45 75 108 142 0 35 70 104 139 29 45 75 108 142
53 41 60 42 111 66 94 69 48 54 68 48 81 32 63 20 60 45 74 46 42 29 71 69 78 61 68 91 94 50 69 51 88 51 48 25 58 51 57 62 92 85 92 109 134 67 57 66 89 118 45 29 45 75 108 35 0 35 70 104 45 29 45 75 108
56 41 32 12 80 69 62 61 39 24 37 63 47 42 52 23 44 11 45 28 9 37 37 35 48 60 40 83 61 17 65 45 55 63 63 30 75 17 62 44 110 92 84 91 109 90 66 56 66 89 75 45 28 45 75 70 35 0 35 70 75 45 28 45 75
76 63 31 31 52 87 34 71 56 26 23 89 20 70 62 55 52 26 32 43 30 66 10 7 32 76 32 89 32 22 78 63 25 88 91 60 102 19 82 50 134 109 91 84 90 119 89 66 56 66 108 75 45 28 45 104 70 35 0 35 108 75 45 28 45
104 94 58 65 38 114 31 94 84 56 46 120 31 102 86 89 76 60 49 73 64 99 36 36 46 102 54 107 28 56 102 90 27 118 122 93 132 54 110 73 162 134 109 90 83 150 118 89 66 55 142 108 75 45 28 139 104 70 35 0 142 108 75 45 28
94 84 104 84 154 104 137 112 92 97 111 82 122 73 107 65 104 85 118 91 79 71 112 109 121 102 112 133 136 92 110 94 129 85 80 69 86 90 95 107 114 119 133 153 178 86 92 110 134 162 57 67 90 119 150 29 45 75 108 142 0 35 70 104 139
81 68 76 56 124 94 106 95 72 68 81 77 91 60 88 44 82 54 90 67 47 57 80 77 93 88 84 117 104 62 95 77 98 79 75 51 86 58 85 84 119 113 118 132 153 92 85 92 109 134 67 57 66 89 118 45 29 45 75 108 35 0 35 70 104
82 67 58 39 96 96 78 89 66 48 58 86 63 66 80 45 71 32 68 56 24 61 52 49 70 87 64 111 76 39 92 73 69 87 86 53 98 33 88 72 133 118 112 117 131 110 92 84 91 109 90 66 56 66 89 75 45 28 45 75 70 35 0 35 70
97 83 57 48 74 110 59 96 77 49 50 107 46 86 87 67 76 40 60 65 37 82 38 34 59 99 59 115 56 42 102 85 50 106 108 74 119 34 103 75 153 132 117 111 116 134 109 91 84 90 119 89 66 56 66 108 75 45 28 45 104 70 35 0 35
120 108 75 75 65 131 56 113 100 70 64 133 52 114 105 97 95 67 71 87 67 110 51 49 68 120 73 129 54 66 121 107 50 132 135 102 146 60 126 92 178 153 131 116 110 162 134 109 90 83 150 118 89 66 55 142 108 75 45 28 139 104 70 35 0
