0 56 76 17 18 43 21 15 31 39 42 37 60 86 57 79 10 44 15 40 4 58 68 14 15 34 11 17 41 29 15 42 19 28 55 56 45 32 27 30 120 96 82 80 93 103 75 55 53 71 92 59 31 28 55 89 55 21 16 50 95 64 39 37 60
56 0 30 40 43 19 40 45 59 33 93 43 110 41 15 30 54 84 58 78 57 2 33 44 48 23 46 40 70 41 67 41 49 30 24 24 17 81 50 38 73 64 72 93 121 50 35 49 77 109 37 7 35 69 104 42 22 40 72 106 62 50 60 85 115
76 30 0 61 60 47 56 63 86 41 106 49 121 12 20 4 71 91 73 86 76 28 15 63 64 47 66 60 98 52 84 44 63 49 23 22 32 94 60 49 45 37 55 85 117 28 11 43 78 112 35 23 48 80 114 57 50 65 92 122 83 79 89 109 136
17 40 61 0 13 27 12 10 31 28 57 31 75 71 42 64 18 54 24 49 18 41 55 7 14 17 8 3 44 23 30 34 19 14 41 42 30 46 25 21 105 85 76 81 100 87 61 48 57 81 76 43 20 37 69 74 39 10 33 67 82 53 37 49 76
18 43 60 13 0 35 4 5 42 21 50 20 68 68 41 62 12 44 15 38 17 45 51 7 5 23 9 10 54 12 25 25 7 13 37 39 30 38 13 12 102 78 65 69 88 87 57 38 45 71 79 45 13 27 61 81 48 22 33 64 92 65 49 54 77
43 19 47 27 35 0 32 35 41 34 83 43 101 59 29 48 44 78 49 73 45 20 47 33 38 13 34 28 52 38 56 44 42 24 35 36 22 72 45 35 91 79 81 97 120 68 51 55 76 105 51 25 32 62 95 47 14 25 59 93 59 38 42 68 99
21 40 56 12 4 32 0 7 42 19 54 19 71 65 38 59 16 47 19 41 20 41 48 9 9 20 11 9 55 11 29 23 10 10 34 36 26 42 15 10 99 76 64 70 90 83 54 37 47 73 76 41 10 31 65 78 45 21 36 67 89 63 49 57 80
15 45 63 10 5 35 7 0 38 25 49 24 66 72 44 66 10 44 15 39 14 47 54 4 4 23 5 8 51 16 23 29 9 15 41 43 32 37 16 16 106 82 69 72 90 90 61 42 47 72 81 47 17 28 61 82 48 19 29 61 91 63 45 50 73
31 59 86 31 42 41 42 38 0 58 67 61 84 97 67 88 40 74 46 70 34 61 83 35 41 40 33 34 13 53 44 65 46 43 69 70 56 60 54 52 131 114 106 110 123 109 88 78 83 100 90 65 51 58 81 78 46 23 37 68 75 41 9 30 65
39 33 41 28 21 34 19 25 58 0 66 11 82 48 25 44 32 53 33 48 38 34 30 27 25 24 29 26 71 12 44 10 23 16 18 20 16 54 20 10 82 58 49 63 89 68 37 22 45 77 66 31 9 40 75 74 47 36 53 82 91 71 64 75 97
42 93 106 57 50 83 54 49 67 66 0 58 18 112 89 109 40 23 35 26 39 94 94 51 46 72 49 56 73 55 27 63 45 63 83 85 79 13 46 58 144 115 88 70 66 134 101 70 45 39 129 94 60 26 15 130 96 62 31 21 137 105 75 52 47
37 43 49 31 20 43 19 24 61 11 58 0 72 55 35 53 28 43 27 38 35 44 37 27 23 32 29 28 74 9 38 6 19 21 27 28 27 45 13 10 88 61 46 54 78 77 44 18 34 66 76 42 13 32 65 85 56 40 49 75 101 79 68 73 92
60 110 121 75 68 101 71 66 84 82 18 72 0 127 106 125 57 32 53 37 57 111 108 68 63 89 67 73 89 71 45 77 62 80 99 100 95 30 62 74 157 126 97 73 60 149 115 83 52 33 146 111 76 42 8 147 113 80 48 25 154 122 92 66 52
86 41 12 71 68 59 65 72 97 48 112 55 127 0 31 13 79 96 81 91 85 40 19 73 72 58 75 70 109 60 92 50 71 58 32 30 42 100 67 57 35 27 52 84 117 25 12 46 80 115 41 35 56 86 119 66 62 76 100 130 93 90 100 119 145
57 15 20 42 41 29 38 44 67 25 89 35 106 31 0 23 53 77 55 72 57 14 19 44 46 27 46 41 79 36 65 31 45 29 11 10 12 77 44 32 65 51 58 81 110 46 23 36 67 101 42 9 30 64 99 54 36 46 73 104 76 64 69 89 116
79 30 4 64 62 48 59 66 88 44 109 53 125 13 23 0 74 95 76 89 79 29 19 66 67 49 68 63 100 55 87 48 66 51 27 25 34 97 63 52 44 38 59 88 121 25 14 47 81 116 32 24 51 83 117 55 51 67 94 125 81 78 90 111 138
10 54 71 18 12 44 16 10 40 32 40 28 57 79 53 74 0 37 7 32 7 56 62 11 8 33 11 17 51 21 14 34 10 24 48 50 41 28 17 23 113 88 72 70 85 98 68 46 44 64 90 56 24 20 52 91 57 25 22 52 99 70 48 46 66
44 84 91 54 44 78 47 44 74 53 23 43 32 96 77 95 37 0 31 6 41 85 78 47 41 66 47 52 83 43 30 48 37 55 70 71 68 17 35 47 126 95 67 48 50 119 85 52 23 28 118 84 50 17 24 124 92 62 41 44 135 106 82 67 69
15 58 73 24 15 49 19 15 46 33 35 27 53 81 55 76 7 31 0 26 12 60 62 17 11 37 17 22 56 22 11 33 10 28 50 52 44 23 15 24 114 88 69 65 79 101 69 44 38 58 94 60 26 14 47 96 62 31 23 50 105 76 53 49 66
40 78 86 49 38 73 41 39 70 48 26 38 37 91 72 89 32 6 26 0 37 79 73 42 35 60 42 47 80 37 27 42 32 50 64 65 62 17 29 41 121 90 63 47 53 114 80 47 20 33 113 78 44 13 29 118 86 57 39 46 130 102 78 66 70
4 57 76 18 17 45 20 14 34 38 39 35 57 85 57 79 7 41 12 37 0 59 67 13 13 34 11 18 45 27 13 40 17 28 54 56 45 29 24 29 119 95 79 77 89 103 74 53 50 68 93 60 29 24 52 91 57 23 16 49 98 67 42 39 60
58 2 28 41 45 20 41 47 61 34 94 44 111 40 14 29 56 85 60 79 59 0 32 46 49 25 48 41 72 43 69 42 50 32 24 24 18 82 51 39 71 62 71 93 121 48 34 49 78 110 35 6 36 70 105 42 23 42 74 107 62 52 62 87 116
68 33 15 55 51 47 48 54 83 30 94 37 108 19 19 19 62 78 62 73 67 32 0 56 55 44 58 53 96 41 73 32 53 42 15 13 27 82 49 39 52 32 42 70 102 42 8 29 63 98 49 27 38 68 101 68 55 61 83 111 93 83 87 103 127
14 44 63 7 7 33 9 4 35 27 51 27 68 73 44 66 11 47 17 42 13 46 56 0 8 22 3 6 47 19 24 32 13 15 42 43 32 39 19 19 107 84 72 76 93 90 62 45 51 74 80 47 18 30 63 80 46 16 29 62 89 60 42 48 73
15 48 64 14 5 38 9 4 41 25 46 23 63 72 46 67 8 41 11 35 13 49 55 8 0 27 9 12 53 15 21 28 6 18 41 43 34 34 13 16 106 82 67 69 86 91 61 40 44 68 84 49 17 24 57 85 52 23 29 59 95 67 48 51 73
34 23 47 17 23 13 20 23 40 24 72 32 89 58 27 49 33 66 37 60 34 25 44 22 27 0 23 17 52 26 45 33 29 11 29 31 17 60 33 23 92 75 72 85 108 72 49 45 64 92 59 27 20 50 83 59 26 19 49 83 71 48 44 63 92
11 46 66 8 9 34 11 5 33 29 49 29 67 75 46 68 11 47 17 42 11 48 58 3 9 23 0 7 46 21 23 34 14 18 44 46 35 38 21 21 109 87 74 77 94 92 64 47 52 74 82 49 21 30 62 81 47 15 27 60 89 60 40 46 71
17 40 60 3 10 28 9 8 34 26 56 28 73 70 41 63 17 52 22 47 18 41 53 6 12 17 7 0 46 20 29 32 16 12 39 41 29 44 23 19 104 83 73 79 98 86 60 45 54 79 76 43 18 35 68 75 41 13 33 67 84 56 40 50 76
41 70 98 44 54 52 55 51 13 71 73 74 89 109 79 100 51 83 56 80 45 72 96 47 53 52 46 46 0 66 53 78 58 56 81 83 69 68 66 65 143 127 119 121 132 120 101 91 94 109 100 76 63 68 87 85 56 36 44 70 78 44 11 28 62
29 41 52 23 12 38 11 16 53 12 55 9 71 60 36 55 21 43 22 37 27 43 41 19 15 26 21 20 66 0 32 13 12 15 29 31 26 42 9 4 93 68 54 61 83 80 48 26 38 68 76 41 7 29 64 82 52 32 42 71 96 72 59 65 86
15 67 84 30 25 56 29 23 44 44 27 38 45 92 65 87 14 30 11 27 13 69 73 24 21 45 23 29 53 32 0 44 21 38 61 63 54 17 26 35 125 98 79 71 80 111 80 54 43 57 103 69 36 16 40 103 69 35 13 39 110 79 52 41 55
42 41 44 34 25 44 23 29 65 10 63 6 77 50 31 48 34 48 33 42 40 42 32 32 28 33 34 32 78 13 44 0 24 24 23 24 25 51 18 14 82 55 42 53 80 72 39 14 36 70 72 39 15 37 70 83 56 43 55 81 101 80 71 78 98
19 49 63 19 7 42 10 9 46 23 45 19 62 71 45 66 10 37 10 32 17 50 53 13 6 29 14 16 58 12 21 24 0 19 40 42 34 33 8 14 104 79 63 64 82 91 60 36 39 64 84 50 16 21 55 88 55 28 31 60 99 72 54 55 75
28 30 49 14 13 24 10 15 43 16 63 21 80 58 29 51 24 55 28 50 28 32 42 15 18 11 18 12 56 15 38 24 19 0 27 29 18 51 22 12 92 72 64 75 97 75 48 37 53 82 66 32 9 40 74 69 37 21 44 76 82 58 49 62 88
55 24 23 41 37 35 34 41 69 18 83 27 99 32 11 27 48 70 50 64 54 24 15 42 41 29 44 39 81 29 61 23 40 27 0 2 13 71 37 27 66 46 49 71 100 51 21 26 58 92 51 19 25 57 92 64 44 46 69 99 85 71 73 89 114
56 24 22 42 39 36 36 43 70 20 85 28 100 30 10 25 50 71 52 65 56 24 13 43 43 31 46 41 83 31 63 24 42 29 2 0 15 73 39 28 64 44 48 71 101 49 19 27 59 93 49 19 27 59 93 64 45 48 71 101 85 72 74 91 115
45 17 32 30 30 22 26 32 56 16 79 27 95 42 12 34 41 68 44 62 45 18 27 32 34 17 35 29 69 26 54 25 34 18 13 15 0 66 34 22 76 59 59 78 104 58 33 34 61 93 51 16 19 54 88 58 33 34 61 93 77 59 60 78 105
32 81 94 46 38 72 42 37 60 54 13 45 30 100 77 97 28 17 23 17 29 82 82 39 34 60 38 44 68 42 17 51 33 51 71 73 66 0 34 45 132 103 78 63 66 121 89 58 37 41 117 82 48 14 24 118 85 52 25 31 126 96 68 51 54
27 50 60 25 13 45 15 16 54 20 46 13 62 67 44 63 17 35 15 29 24 51 49 19 13 33 21 23 66 9 26 18 8 22 37 39 34 34 0 13 100 73 56 57 76 88 56 30 32 60 84 50 15 21 55 90 59 34 37 63 103 77 61 62 80
30 38 49 21 12 35 10 16 52 10 58 10 74 57 32 52 23 47 24 41 29 39 39 19 16 23 21 19 65 4 35 14 14 12 27 28 22 45 13 0 91 67 55 63 86 77 46 27 42 72 72 38 3 33 67 78 48 30 44 73 93 69 58 66 88
120 73 45 105 102 91 99 106 131 82 144 88 157 35 65 44 113 126 114 121 119 71 52 107 106 92 109 104 143 93 125 82 104 92 66 64 76 132 100 91 0 35 70 104 139 29 45 75 108 142 57 67 90 119 150 86 92 110 134 162 114 119 133 153 178
96 64 37 85 78 79 76 82 114 58 115 61 126 27 51 38 88 95 88 90 95 62 32 84 82 75 87 83 127 68 98 55 79 72 46 44 59 103 73 67 35 0 35 70 104 45 29 45 75 108 67 57 66 89 118 92 85 92 109 134 119 113 118 132 153
82 72 55 76 65 81 64 69 106 49 88 46 97 52 58 59 72 67 69 63 79 71 42 72 67 72 74 73 119 54 79 42 63 64 49 48 59 78 56 55 70 35 0 35 70 75 45 28 45 75 90 66 56 66 89 110 92 84 91 109 133 118 112 117 131
80 93 85 81 69 97 70 72 110 63 70 54 73 84 81 88 70 48 65 47 77 93 70 76 69 85 77 79 121 61 71 53 64 75 71 71 78 63 57 63 104 70 35 0 35 108 75 45 28 45 119 89 66 56 66 134 109 91 84 90 153 132 117 111 116
93 121 117 100 88 120 90 90 123 89 66 78 60 117 110 121 85 50 79 53 89 121 102 93 86 108 94 98 132 83 80 80 82 97 100 101 104 66 76 86 139 104 70 35 0 142 108 75 45 28 150 118 89 66 55 162 134 109 90 83 178 153 131 116 110
103 50 28 87 87 68 83 90 109 68 134 77 149 25 46 25 98 119 101 114 103 48 42 90 91 72 92 86 120 80 111 72 91 75 51 49 58 121 88 77 29 45 75 108 142 0 35 70 104 139 29 45 75 108 142 57 67 90 119 150 86 92 110 134 162
75 35 11 61 57 51 54 61 88 37 101 44 115 12 23 14 68 85 69 80 74 34 8 62 61 49 64 60 101 48 80 39 60 48 21 19 33 89 56 46 45 29 45 75 108 35 0 35 70 104 45 29 45 75 108 67 57 66 89 118 92 85 92 109 134
55 49 43 48 38 55 37 42 78 22 70 18 83 46 36 47 46 52 44 47 53 49 29 45 40 45 47 45 91 26 54 14 36 37 26 27 34 58 30 27 75 45 28 45 75 70 35 0 35 70 75 45 28 45 75 90 66 56 66 89 110 92 84 91 109
53 77 78 57 45 76 47 47 83 45 45 34 52 80 67 81 44 23 38 20 50 78 63 51 44 64 52 54 94 38 43 36 39 53 58 59 61 37 32 42 108 75 45 28 45 104 70 35 0 35 108 75 45 28 45 119 89 66 56 66 134 109 91 84 90
71 109 112 81 71 105 73 72 100 77 39 66 33 115 101 116 64 28 58 33 68 110 98 74 68 92 74 79 109 68 57 70 64 82 92 93 93 41 60 72 142 108 75 45 28 139 104 70 35 0 142 108 75 45 28 150 118 89 66 55 162 134 109 90 83
92 37 35 76 79 51 76 81 90 66 129 76 146 41 42 32 90 118 94 113 93 35 49 80 84 59 82 76 100 76 103 72 84 66 51 49 51 117 84 72 57 67 90 119 150 29 45 75 108 142 0 35 70 104 139 29 45 75 108 142 57 67 90 119 150
59 7 23 43 45 25 41 47 65 31 94 42 111 35 9 24 56 84 60 78 60 6 27 47 49 27 49 43 76 41 69 39 50 32 19 19 16 82 50 38 67 57 66 89 118 45 29 45 75 108 35 0 35 70 104 45 29 45 75 108 67 57 66 89 118
31 35 48 20 13 32 10 17 51 9 60 13 76 56 30 51 24 50 26 44 29 36 38 18 17 20 21 18 63 7 36 15 16 9 25 27 19 48 15 3 90 66 56 66 89 75 45 28 45 75 70 35 0 35 70 75 45 28 45 75 90 66 56 66 89
28 69 80 37 27 62 31 28 58 40 26 32 42 86 64 83 20 17 14 13 24 70 68 30 24 50 30 35 68 29 16 37 21 40 57 59 54 14 21 33 119 89 66 56 66 108 75 45 28 45 104 70 35 0 35 108 75 45 28 45 119 89 66 56 66
55 104 114 69 61 95 65 61 81 75 15 65 8 119 99 117 52 24 47 29 52 105 101 63 57 83 62 68 87 64 40 70 55 74 92 93 88 24 55 67 150 118 89 66 55 142 108 75 45 28 139 104 70 35 0 142 108 75 45 28 150 118 89 66 55
89 42 57 74 81 47 78 82 78 74 130 85 147 66 54 55 91 124 96 118 91 42 68 80 85 59 81 75 85 82 103 83 88 69 64 64 58 118 90 78 86 92 110 134 162 57 67 90 119 150 29 45 75 108 142 0 35 70 104 139 29 45 75 108 142
55 22 50 39 48 14 45 48 46 47 96 56 113 62 36 51 57 92 62 86 57 23 55 46 52 26 47 41 56 52 69 56 55 37 44 45 33 85 59 48 92 85 92 109 134 67 57 66 89 118 45 29 45 75 108 35 0 35 70 104 45 29 45 75 108
21 40 65 10 22 25 21 19 23 36 62 40 80 76 46 67 25 62 31 57 23 42 61 16 23 19 15 13 36 32 35 43 28 21 46 48 34 52 34 30 110 92 84 91 109 90 66 56 66 89 75 45 28 45 75 70 35 0 35 70 75 45 28 45 75
16 72 92 33 33 59 36 29 37 53 31 49 48 100 73 94 22 41 23 39 16 74 83 29 29 49 27 33 44 42 13 55 31 44 69 71 61 25 37 44 134 109 91 84 90 119 89 66 56 66 108 75 45 28 45 104 70 35 0 35 108 75 45 28 45
50 106 122 67 64 93 67 61 68 82 21 75 25 130 104 125 52 44 50 46 49 107 111 62 59 83 60 67 70 71 39 81 60 76 99 101 93 31 63 73 162 134 109 90 83 150 118 89 66 55 142 108 75 45 28 139 104 70 35 0 142 108 75 45 28
95 62 83 82 92 59 89 91 75 91 137 101 154 93 76 81 99 135 105 130 98 62 93 89 95 71 89 84 78 96 110 101 99 82 85 85 77 126 103 93 114 119 133 153 178 86 92 110 134 162 57 67 90 119 150 29 45 75 108 142 0 35 70 104 139
64 50 79 53 65 38 63 63 41 71 105 79 122 90 64 78 70 106 76 102 67 52 83 60 67 48 60 56 44 72 79 80 72 58 71 72 59 96 77 69 119 113 118 132 153 92 85 92 109 134 67 57 66 89 118 45 29 45 75 108 35 0 35 70 104
39 60 89 37 49 42 49 45 9 64 75 68 92 100 69 90 48 82 53 78 42 62 87 42 48 44 40 40 11 59 52 71 54 49 73 74 60 68 61 58 133 118 112 117 131 110 92 84 91 109 90 66 56 66 89 75 45 28 45 75 70 35 0 35 70
37 85 109 49 54 68 57 50 30 75 52 73 66 119 89 111 46 67 49 66 39 87 103 48 51 63 46 50 28 65 41 78 55 62 89 91 78 51 62 66 153 132 117 111 116 134 109 91 84 90 119 89 66 56 66 108 75 45 28 45 104 70 35 0 35
60 115 136 76 77 99 80 73 65 97 47 92 52 145 116 138 66 69 66 70 60 116 127 73 73 92 71 76 62 86 55 98 75 88 114 115 105 54 80 88 178 153 131 116 110 162 134 109 90 83 150 118 89 66 55 142 108 75 45 28 139 104 70 35 0
