0 54 4 31 59 11 55 15 33 43 19 60 38 30 48 58 38 8 74 26 15 55 22 49 86 11 30 22 34 34 32 63 19 29 43 53 52 10 79 29 83 66 64 80 105 64 40 38 61 91 55 21 17 51 85 59 30 27 55 88 74 54 53 71 98
54 0 52 26 6 64 72 42 23 12 42 10 54 27 8 24 24 60 20 50 42 6 33 96 34 64 27 33 23 23 39 11 46 26 13 22 8 64 25 44 119 89 63 51 60 110 76 44 23 39 107 73 38 6 33 112 80 50 34 46 124 95 72 61 69
4 52 0 28 57 13 52 14 31 41 20 58 35 29 46 57 37 11 72 22 12 53 20 48 84 13 29 21 33 33 32 61 15 27 41 52 50 13 77 26 82 63 61 77 102 64 38 34 58 89 56 21 15 49 84 61 33 29 55 87 78 58 55 72 99
31 26 28 0 31 40 51 23 13 17 25 30 32 16 19 39 23 38 45 25 17 29 10 70 59 40 16 14 16 17 31 33 20 6 17 35 27 41 50 21 95 67 50 53 75 84 51 24 31 61 82 48 15 25 58 89 59 38 43 68 104 79 65 68 86
59 6 57 31 0 69 75 47 28 17 47 9 58 32 13 25 28 65 15 54 47 8 38 101 29 70 32 38 28 28 43 8 50 31 18 24 11 69 20 49 123 92 65 50 56 114 80 48 23 35 112 78 43 11 28 117 85 55 36 44 128 100 76 63 68
11 64 13 40 69 0 56 24 43 53 28 70 42 40 58 67 48 7 84 30 24 65 32 41 96 4 40 32 44 44 40 73 26 39 53 62 62 5 89 35 78 65 69 87 114 57 37 44 70 101 45 12 27 61 95 49 23 33 64 97 67 50 55 78 107
55 72 52 51 75 56 0 61 64 66 67 69 20 66 65 90 73 60 86 31 48 76 52 49 102 53 66 59 67 67 78 72 40 56 67 85 75 60 91 32 51 18 22 55 90 54 26 28 58 91 70 51 52 73 101 92 78 79 94 117 117 106 106 117 136
15 42 14 23 47 24 61 0 20 31 6 50 42 17 37 44 24 19 61 30 14 42 14 62 73 25 17 10 21 21 19 52 21 18 30 39 39 23 66 31 95 74 66 75 97 78 51 38 53 81 69 35 10 38 72 70 38 19 41 74 83 57 47 59 85
33 23 31 13 28 43 64 20 0 12 19 31 44 5 18 28 10 38 42 36 22 23 14 78 54 43 5 11 3 4 20 33 29 8 11 23 20 42 47 32 106 80 63 63 80 92 61 37 37 62 87 52 18 19 53 90 57 30 30 58 101 74 55 55 74
43 12 41 17 17 53 66 31 12 0 30 20 48 15 8 24 14 49 31 41 31 13 23 86 44 53 15 22 12 12 29 22 36 15 2 20 10 52 36 37 111 83 61 56 69 100 68 38 28 51 96 62 27 8 43 101 68 40 30 52 112 84 63 57 71
19 42 20 25 47 28 67 6 19 30 0 50 47 16 37 40 21 22 60 36 19 41 18 67 71 30 16 12 19 19 13 52 27 20 30 35 38 26 65 36 101 80 71 78 98 83 56 43 55 81 72 39 15 37 70 72 39 14 36 70 82 55 42 53 80
60 10 58 30 9 70 69 50 31 20 50 0 54 35 14 33 33 67 18 52 47 16 39 99 33 70 35 40 32 32 48 3 49 32 21 32 18 70 22 46 118 87 58 42 50 111 77 44 15 32 112 77 44 16 32 119 87 59 43 51 131 104 82 71 76
38 54 35 32 58 42 20 42 44 48 47 54 0 46 47 71 54 44 71 13 29 58 33 50 86 39 46 39 47 48 58 56 21 36 48 66 57 45 75 13 65 36 27 51 83 60 26 10 45 79 68 40 33 54 85 85 65 60 74 99 107 91 88 98 117
30 27 29 16 32 40 66 17 5 15 16 35 46 0 22 29 9 35 45 37 22 26 15 77 57 41 0 10 4 4 16 37 29 11 15 24 23 39 50 34 106 81 66 67 84 92 61 39 41 66 85 50 17 22 56 87 54 25 29 59 97 69 51 52 73
48 8 46 19 13 58 65 37 18 8 37 14 47 22 0 28 22 54 27 43 35 12 27 89 41 58 22 27 19 19 36 16 38 20 9 25 11 58 32 37 111 82 58 49 62 102 69 37 22 44 100 66 32 9 40 106 74 47 36 53 118 91 70 63 74
58 24 57 39 25 67 90 44 28 24 40 33 71 29 28 0 21 62 30 63 50 18 42 105 35 69 29 38 26 26 31 32 56 36 23 6 17 66 33 59 133 106 85 74 78 120 89 62 46 54 112 78 45 19 34 111 77 43 12 30 117 85 56 39 47
38 24 37 23 28 48 73 24 10 14 21 33 54 9 22 21 0 42 41 45 30 21 23 85 50 49 9 18 7 7 16 35 37 18 13 15 18 46 45 42 114 89 72 69 83 100 70 46 42 62 92 58 25 18 49 93 59 27 21 50 102 72 49 46 65
8 60 11 38 65 7 60 19 38 49 22 67 44 35 54 62 42 0 80 32 22 60 29 47 92 10 35 28 39 39 34 69 25 35 49 57 57 4 84 36 84 69 71 87 112 63 42 44 68 98 51 19 24 56 91 52 23 27 58 91 67 48 50 71 100
74 20 72 45 15 84 86 61 42 31 60 18 71 45 27 30 41 80 0 68 61 20 53 115 16 84 45 53 41 42 55 15 65 46 31 32 23 83 5 62 135 104 75 53 49 128 94 61 30 24 127 92 58 24 15 131 98 67 42 38 142 112 85 67 64
26 50 22 25 54 30 31 30 36 41 36 52 13 37 43 63 45 32 68 0 17 53 23 47 83 28 37 29 38 39 47 55 9 28 42 58 51 33 73 7 71 45 39 59 88 60 27 14 46 81 62 31 22 49 82 76 53 48 65 92 96 79 76 87 109
15 42 12 17 47 24 48 14 22 31 19 47 29 22 35 50 30 22 61 17 0 43 9 56 75 24 22 13 25 25 31 49 8 16 31 45 41 25 66 17 85 62 53 65 90 70 40 25 46 77 66 31 6 39 74 73 45 32 50 80 89 68 60 71 94
55 6 53 29 8 65 76 42 23 13 41 16 58 26 12 18 21 60 20 53 43 0 35 98 32 65 26 34 22 22 36 16 48 28 13 17 4 64 25 48 122 93 69 56 64 112 79 48 29 42 109 74 39 5 31 112 79 48 28 41 122 93 68 56 63
22 33 20 10 38 32 52 14 14 23 18 39 33 15 27 42 23 29 53 23 9 35 0 64 66 32 15 8 17 17 26 41 15 8 23 37 32 32 58 21 92 67 54 62 84 79 48 27 40 70 74 40 6 30 65 80 50 31 43 72 95 71 59 66 87
49 96 48 70 101 41 49 62 78 86 67 99 50 77 89 105 85 47 115 47 56 98 64 0 129 38 77 68 80 80 80 102 51 71 86 100 96 44 120 54 42 46 70 100 133 17 26 59 93 127 22 29 60 94 128 48 51 74 103 135 76 78 94 118 146
86 34 84 59 29 96 102 73 54 44 71 33 86 57 41 35 50 92 16 83 75 32 66 129 0 97 57 65 53 53 64 30 79 59 44 38 35 95 12 77 151 119 90 66 55 143 109 76 45 28 140 105 71 36 1 143 109 76 46 28 151 119 90 66 56
11 64 13 40 70 4 53 25 43 53 30 70 39 41 58 69 49 10 84 28 24 65 32 38 97 0 41 33 45 45 42 72 24 39 53 64 62 8 89 33 75 61 65 85 112 54 33 41 69 101 44 10 27 61 96 50 27 36 66 99 69 54 59 81 109
30 27 29 16 32 40 66 17 5 15 16 35 46 0 22 29 9 35 45 37 22 26 15 77 57 41 0 10 4 4 16 37 29 11 15 24 23 39 50 34 106 81 66 67 84 92 61 39 41 66 85 50 17 22 56 87 54 25 29 59 97 69 51 52 73
22 33 21 14 38 32 59 10 11 22 12 40 39 10 27 38 18 28 53 29 13 34 8 68 65 33 10 0 13 13 19 43 21 9 22 33 30 31 57 27 98 74 61 67 88 83 53 34 44 71 76 41 8 29 64 79 47 24 37 68 92 66 52 59 81
34 23 33 16 28 44 67 21 3 12 19 32 47 4 19 26 7 39 41 38 25 22 17 80 53 45 4 13 0 1 18 33 31 11 11 21 19 43 46 35 108 82 65 65 81 95 64 39 39 62 88 54 20 18 52 91 57 29 27 56 101 73 53 52 71
34 23 33 17 28 44 67 21 4 12 19 32 48 4 19 26 7 39 42 39 25 22 17 80 53 45 4 13 1 0 18 34 32 12 11 21 19 43 46 36 109 83 66 65 81 95 64 40 39 62 88 54 20 18 52 90 57 28 27 55 101 72 52 52 71
32 39 32 31 43 40 78 19 20 29 13 48 58 16 36 31 16 34 55 47 31 36 26 80 64 42 16 19 18 18 0 50 38 25 28 26 33 37 59 46 113 92 80 82 98 96 69 52 56 77 84 52 26 33 63 81 46 13 25 59 87 57 35 41 67
63 11 61 33 8 73 72 52 33 22 52 3 56 37 16 32 35 69 15 55 49 16 41 102 30 72 37 43 33 34 50 0 52 35 23 32 18 73 19 49 121 89 61 43 49 114 80 46 17 29 114 80 46 17 29 121 89 61 43 49 134 106 83 70 74
19 46 15 20 50 26 40 21 29 36 27 49 21 29 38 56 37 25 65 9 8 48 15 51 79 24 29 21 31 32 38 52 0 21 36 52 46 27 70 11 78 54 47 62 89 65 33 20 46 79 63 30 13 44 78 73 48 40 57 86 92 72 67 79 101
29 26 27 6 31 39 56 18 8 15 20 32 36 11 20 36 18 35 46 28 16 28 8 71 59 39 11 9 11 12 25 35 21 0 16 31 25 38 51 24 98 72 55 59 79 86 54 29 35 63 82 47 12 23 58 87 56 33 38 65 100 75 60 63 82
43 13 41 17 18 53 67 30 11 2 30 21 48 15 9 23 13 49 31 42 31 13 23 86 44 53 15 22 11 11 28 23 36 16 0 19 10 52 36 37 112 84 63 57 70 101 68 39 30 51 96 62 27 8 43 100 68 39 29 51 112 83 62 56 70
53 22 52 35 24 62 85 39 23 20 35 32 66 24 25 6 15 57 32 58 45 17 37 100 38 64 24 33 21 21 26 32 52 31 19 0 15 61 36 55 128 102 81 72 79 115 84 58 45 56 107 73 40 17 38 106 72 38 12 36 113 81 54 39 52
52 8 50 27 11 62 75 39 20 10 38 18 57 23 11 17 18 57 23 51 41 4 32 96 35 62 23 30 19 19 33 18 46 25 10 15 0 61 28 46 121 92 69 58 67 110 77 47 30 45 106 71 37 3 34 109 76 45 26 42 119 89 65 54 63
10 64 13 41 69 5 60 23 42 52 26 70 45 39 58 66 46 4 83 33 25 64 32 44 95 8 39 31 43 43 37 73 27 38 52 61 61 0 88 38 82 69 72 89 115 61 41 46 71 101 47 16 27 60 94 49 21 30 61 95 65 47 51 74 104
79 25 77 50 20 89 91 66 47 36 65 22 75 50 32 33 45 84 5 73 66 25 58 120 12 89 50 57 46 46 59 19 70 51 36 36 28 88 0 67 140 108 78 55 48 133 99 65 34 22 132 97 63 29 11 136 103 72 45 36 146 116 89 69 64
29 44 26 21 49 35 32 31 32 37 36 46 13 34 37 59 42 36 62 7 17 48 21 54 77 33 34 27 35 36 46 49 11 24 37 55 46 38 67 0 75 48 36 53 82 66 32 9 40 74 69 37 21 44 76 82 58 49 62 88 101 83 77 86 106
83 119 82 95 123 78 51 95 106 111 101 118 65 106 111 133 114 84 135 71 85 122 92 42 151 75 106 98 108 109 113 121 78 98 112 128 121 82 140 75 0 35 70 104 139 29 45 75 108 142 57 67 90 119 150 86 92 110 134 162 114 119 133 153 178
66 89 63 67 92 65 18 74 80 83 80 87 36 81 82 106 89 69 104 45 62 93 67 46 119 61 81 74 82 83 92 89 54 72 84 102 92 69 108 48 35 0 35 70 104 45 29 45 75 108 67 57 66 89 118 92 85 92 109 134 119 113 118 132 153
64 63 61 50 65 69 22 66 63 61 71 58 27 66 58 85 72 71 75 39 53 69 54 70 90 65 66 61 65 66 80 61 47 55 63 81 69 72 78 36 70 35 0 35 70 75 45 28 45 75 90 66 56 66 89 110 92 84 91 109 133 118 112 117 131
80 51 77 53 50 87 55 75 63 56 78 42 51 67 49 74 69 87 53 59 65 56 62 100 66 85 67 67 65 65 82 43 62 59 57 72 58 89 55 53 104 70 35 0 35 108 75 45 28 45 119 89 66 56 66 134 109 91 84 90 153 132 117 111 116
105 60 102 75 56 114 90 97 80 69 98 50 83 84 62 78 83 112 49 88 90 64 84 133 55 112 84 88 81 81 98 49 89 79 70 79 67 115 48 82 139 104 70 35 0 142 108 75 45 28 150 118 89 66 55 162 134 109 90 83 178 153 131 116 110
64 110 64 84 114 57 54 78 92 100 83 111 60 92 102 120 100 63 128 60 70 112 79 17 143 54 92 83 95 95 96 114 65 86 101 115 110 61 133 66 29 45 75 108 142 0 35 70 104 139 29 45 75 108 142 57 67 90 119 150 86 92 110 134 162
40 76 38 51 80 37 26 51 61 68 56 77 26 61 69 89 70 42 94 27 40 79 48 26 109 33 61 53 64 64 69 80 33 54 68 84 77 41 99 32 45 29 45 75 108 35 0 35 70 104 45 29 45 75 108 67 57 66 89 118 92 85 92 109 134
38 44 34 24 48 44 28 38 37 38 43 44 10 39 37 62 46 44 61 14 25 48 27 59 76 41 39 34 39 40 52 46 20 29 39 58 47 46 65 9 75 45 28 45 75 70 35 0 35 70 75 45 28 45 75 90 66 56 66 89 110 92 84 91 109
61 23 58 31 23 70 58 53 37 28 55 15 45 41 22 46 42 68 30 46 46 29 40 93 45 69 41 44 39 39 56 17 46 35 30 45 30 71 34 40 108 75 45 28 45 104 70 35 0 35 108 75 45 28 45 119 89 66 56 66 134 109 91 84 90
91 39 89 61 35 101 91 81 62 51 81 32 79 66 44 54 62 98 24 81 77 42 70 127 28 101 66 71 62 62 77 29 79 63 51 56 45 101 22 74 142 108 75 45 28 139 104 70 35 0 142 108 75 45 28 150 118 89 66 55 162 134 109 90 83
55 107 56 82 112 45 70 69 87 96 72 112 68 85 100 112 92 51 127 62 66 109 74 22 140 44 85 76 88 88 84 114 63 82 96 107 106 47 132 69 57 67 90 119 150 29 45 75 108 142 0 35 70 104 139 29 45 75 108 142 57 67 90 119 150
21 73 21 48 78 12 51 35 52 62 39 77 40 50 66 78 58 19 92 31 31 74 40 29 105 10 50 41 54 54 52 80 30 47 62 73 71 16 97 37 67 57 66 89 118 45 29 45 75 108 35 0 35 70 104 45 29 45 75 108 67 57 66 89 118
17 38 15 15 43 27 52 10 18 27 15 44 33 17 32 45 25 24 58 22 6 39 6 60 71 27 17 8 20 20 26 46 13 12 27 40 37 27 63 21 90 66 56 66 89 75 45 28 45 75 70 35 0 35 70 75 45 28 45 75 90 66 56 66 89
51 6 49 25 11 61 73 38 19 8 37 16 54 22 9 19 18 56 24 49 39 5 30 94 36 61 22 29 18 18 33 17 44 23 8 17 3 60 29 44 119 89 66 56 66 108 75 45 28 45 104 70 35 0 35 108 75 45 28 45 119 89 66 56 66
85 33 84 58 28 95 101 72 53 43 70 32 85 56 40 34 49 91 15 82 74 31 65 128 1 96 56 64 52 52 63 29 78 58 43 38 34 94 11 76 150 118 89 66 55 142 108 75 45 28 139 104 70 35 0 142 108 75 45 28 150 118 89 66 55
59 112 61 89 117 49 92 70 90 101 72 119 85 87 106 111 93 52 131 76 73 112 80 48 143 50 87 79 91 90 81 121 73 87 100 106 109 49 136 82 86 92 110 134 162 57 67 90 119 150 29 45 75 108 142 0 35 70 104 139 29 45 75 108 142
30 80 33 59 85 23 78 38 57 68 39 87 65 54 74 77 59 23 98 53 45 79 50 51 109 27 54 47 57 57 46 89 48 56 68 72 76 21 103 58 92 85 92 109 134 67 57 66 89 118 45 29 45 75 108 35 0 35 70 104 45 29 45 75 108
27 50 29 38 55 33 79 19 30 40 14 59 60 25 47 43 27 27 67 48 32 48 31 74 76 36 25 24 29 28 13 61 40 33 39 38 45 30 72 49 110 92 84 91 109 90 66 56 66 89 75 45 28 45 75 70 35 0 35 70 75 45 28 45 75
55 34 55 43 36 64 94 41 30 30 36 43 74 29 36 12 21 58 42 65 50 28 43 103 46 66 29 37 27 27 25 43 57 38 29 12 26 61 45 62 134 109 91 84 90 119 89 66 56 66 108 75 45 28 45 104 70 35 0 35 108 75 45 28 45
88 46 87 68 44 97 117 74 58 52 70 51 99 59 53 30 50 91 38 92 80 41 72 135 28 99 59 68 56 55 59 49 86 65 51 36 42 95 36 88 162 134 109 90 83 150 118 89 66 55 142 108 75 45 28 139 104 70 35 0 142 108 75 45 28
74 124 78 104 128 67 117 83 101 112 82 131 107 97 118 117 102 67 142 96 89 122 95 76 151 69 97 92 101 101 87 134 92 100 112 113 119 65 146 101 114 119 133 153 178 86 92 110 134 162 57 67 90 119 150 29 45 75 108 142 0 35 70 104 139
54 95 58 79 100 50 106 57 74 84 55 104 91 69 91 85 72 48 112 79 68 93 71 78 119 54 69 66 73 72 57 106 72 75 83 81 89 47 116 83 119 113 118 132 153 92 85 92 109 134 67 57 66 89 118 45 29 45 75 108 35 0 35 70 104
53 72 55 65 76 55 106 47 55 63 42 82 88 51 70 56 49 50 85 76 60 68 59 94 90 59 51 52 53 52 35 83 67 60 62 54 65 51 89 77 133 118 112 117 131 110 92 84 91 109 90 66 56 66 89 75 45 28 45 75 70 35 0 35 70
71 61 72 68 63 78 117 59 55 57 53 71 98 52 63 39 46 71 67 87 71 56 66 118 66 81 52 59 52 52 41 70 79 63 56 39 54 74 69 86 153 132 117 111 116 134 109 91 84 90 119 89 66 56 66 108 75 45 28 45 104 70 35 0 35
98 69 99 86 68 107 136 85 74 71 80 76 117 73 74 47 65 100 64 109 94 63 87 146 56 109 73 81 71 71 67 74 101 82 70 52 63 104 64 106 178 153 131 116 110 162 134 109 90 83 150 118 89 66 55 142 108 75 45 28 139 104 70 35 0
