0 8 12 58 52 38 17 53 43 11 13 51 20 30 18 23 22 42 35 13 5 8 16 63 40 37 13 44 50 24 17 42 22 12 22 26 55 44 22 28 99 83 69 57 47 43 46 54 66 80 93 77 61 47 35 29 33 44 58 74 90 73 56 40 25 15 22 36 53 70 89 71 54 37 20 2 16 33 51 68 90 73 56 39 24 14 21 36 52 69 93 77 61 46 34 28 32 43 57 73 98 83 68 56 46 42 44 53 65 79 105 91 78 67 59 56 58 64 75 87 113 100 88 79 72 70 71 77 85 97 122 110 100 91 86 84 85 89 97 107
8 0 15 51 57 30 13 45 36 8 6 52 13 26 25 29 17 42 28 11 9 5 21 56 45 29 8 37 43 19 18 43 15 7 24 30 60 36 14 36 106 91 77 65 55 49 49 56 66 78 101 85 69 55 43 35 36 44 56 71 97 80 63 47 32 22 23 34 49 65 95 77 60 43 26 10 12 28 45 63 95 78 60 43 26 11 13 29 46 63 97 80 64 48 33 23 24 35 50 66 101 85 70 56 44 37 37 45 57 72 107 92 78 66 56 51 51 57 67 79 114 100 88 77 69 64 65 69 78 89 123 110 98 89 82 78 78 82 89 99
12 15 0 64 43 39 13 56 48 9 14 39 28 22 14 33 17 30 35 7 8 10 8 70 30 36 12 39 56 17 6 31 29 13 10 37 46 49 25 33 95 81 69 58 52 52 56 66 78 92 88 73 59 47 39 38 44 56 70 85 83 67 51 36 26 24 34 48 63 80 81 64 46 30 14 12 26 43 60 77 80 63 46 29 12 9 25 42 59 77 83 66 50 34 22 21 31 46 62 79 87 71 57 44 35 34 41 53 68 83 93 79 66 55 49 48 53 63 76 90 101 88 77 68 63 62 66 74 85 98 111 99 88 81 76 76 79 86 95 107
58 51 64 0 107 34 55 20 17 55 51 93 38 60 75 66 53 81 39 58 59 54 71 6 94 37 53 52 9 55 64 84 36 52 70 63 109 16 40 80 156 140 124 110 96 83 72 65 61 62 151 134 118 102 87 73 61 52 47 49 147 130 113 97 81 65 51 40 34 36 144 127 110 93 76 60 44 29 20 24 143 126 108 91 74 57 39 22 7 15 143 126 109 91 74 57 40 23 10 16 145 128 111 94 77 61 45 31 23 26 147 131 114 98 82 67 53 42 37 39 152 135 119 104 89 75 63 55 50 52 157 141 126 111 98 85 75 67 64 65
52 57 43 107 0 78 53 97 90 52 56 31 70 53 35 62 55 37 73 49 49 53 37 112 13 75 54 70 99 54 43 34 72 56 37 67 4 91 67 49 62 54 50 52 59 70 83 98 113 129 52 41 36 39 48 61 76 92 108 124 43 29 22 26 39 54 70 87 104 121 38 21 8 17 33 50 68 85 102 119 38 21 8 17 33 50 68 85 102 119 43 30 22 26 39 54 71 87 104 121 52 41 36 39 48 61 76 92 108 124 63 54 50 52 59 70 83 98 113 129 74 67 64 66 72 81 92 106 120 135 87 81 78 80 84 92 103 114 128 142
38 30 39 34 78 0 27 19 18 30 27 61 24 28 52 56 24 49 6 32 38 31 46 39 65 4 28 19 29 25 36 52 22 27 42 56 81 19 17 65 133 119 106 94 84 77 73 73 77 85 126 111 97 84 72 64 59 59 65 74 120 104 89 75 62 51 45 46 52 63 116 99 83 67 52 40 32 33 41 54 113 96 79 62 45 30 19 20 33 48 112 94 77 60 42 25 8 11 28 45 112 95 78 61 44 27 14 16 30 47 114 98 81 65 49 36 27 27 38 52 118 102 86 71 58 47 40 41 48 60 124 108 94 80 68 59 54 54 60 69
17 13 13 55 53 27 0 45 38 7 8 42 22 14 26 40 5 31 22 6 15 10 20 60 40 24 5 27 47 7 10 32 22 7 16 42 55 39 15 43 107 93 81 70 63 60 62 68 78 90 100 85 71 59 50 46 48 56 68 82 94 78 63 49 37 32 36 46 60 75 91 74 57 41 26 18 24 38 54 70 89 72 54 37 20 4 16 34 51 68 89 72 55 38 22 11 19 35 52 69 92 76 59 44 31 25 29 41 56 72 97 81 67 53 43 39 42 51 63 78 103 89 76 64 56 53 55 62 73 86 111 98 86 76 69 67 68 74 83 95
53 45 56 20 97 19 45 0 14 47 43 79 35 46 69 68 42 67 25 49 54 48 64 23 84 23 45 35 19 44 55 70 33 44 60 66 99 13 32 79 151 136 122 109 97 87 80 76 76 79 144 129 114 100 87 75 67 62 62 67 139 122 107 92 77 65 54 48 48 54 134 118 101 85 70 55 43 35 35 43 132 114 97 81 64 48 33 22 22 33 130 113 96 78 61 44 27 11 11 27 130 113 96 79 61 44 27 12 12 28 132 115 98 81 65 49 34 24 24 35 135 118 102 86 71 56 44 37 37 45 139 123 108 93 79 66 56 51 51 56
43 36 48 17 90 18 38 14 0 39 35 77 24 43 60 55 37 65 24 42 44 39 55 23 78 22 37 37 11 39 48 67 21 36 54 53 93 1 24 68 141 126 111 97 85 74 66 63 63 69 136 120 104 89 75 63 53 49 50 57 131 115 98 82 67 53 41 35 37 46 128 111 94 77 61 45 31 21 24 37 127 109 92 75 58 40 24 9 15 31 127 109 92 75 58 41 24 9 15 31 128 111 94 78 61 45 31 22 25 37 131 115 98 82 67 53 42 36 37 46 136 120 104 89 75 63 54 49 51 57 142 126 112 98 85 75 67 63 64 69
11 8 9 55 52 30 7 47 39 0 5 44 19 20 22 34 11 34 27 4 9 4 17 61 39 28 3 33 48 13 10 35 21 4 17 36 55 40 16 37 104 89 76 65 57 54 56 63 73 86 97 82 67 54 44 40 43 51 64 78 92 76 60 45 32 26 30 42 57 72 89 72 55 39 23 12 20 35 52 69 89 71 54 37 20 4 16 33 51 68 90 73 57 40 26 17 23 37 53 70 94 78 62 48 37 31 35 45 59 74 100 84 70 58 49 45 48 56 67 81 107 93 80 70 62 59 61 67 77 89 115 102 91 82 76 73 74 80 88 99
13 6 14 51 56 27 8 43 35 5 0 48 15 21 26 34 11 37 24 8 11 5 21 57 43 25 3 32 43 13 14 39 16 1 21 36 59 36 12 40 108 93 80 68 59 55 55 61 71 83 101 86 71 57 47 41 42 49 61 75 97 80 64 49 35 27 29 39 53 69 94 77 60 43 27 14 17 31 48 65 93 76 58 41 24 7 12 29 46 64 94 77 61 44 29 18 20 33 49 66 98 82 66 51 38 31 32 42 55 70 103 88 73 60 50 45 46 53 64 77 110 96 83 71 63 59 59 65 74 86 118 105 93 83 76 72 73 77 85 96
51 52 39 93 31 61 42 79 77 44 48 0 63 34 41 70 41 13 55 41 47 47 37 99 26 57 45 48 87 39 35 10 63 47 29 74 31 78 56 63 92 84 79 77 79 85 93 104 116 130 81 71 65 63 65 72 82 94 108 122 71 59 51 49 52 60 72 86 100 116 62 48 38 35 39 50 64 79 95 111 55 39 26 21 28 42 57 74 91 108 51 34 18 7 20 37 54 71 89 106 52 35 18 9 21 37 54 72 89 106 56 41 28 23 29 43 58 74 91 108 63 50 40 37 41 51 65 80 95 112 72 61 53 51 54 62 74 87 102 117
20 13 28 38 70 24 22 35 24 19 15 63 0 32 38 34 23 52 24 22 22 18 34 44 57 24 18 37 30 26 29 53 3 16 36 33 73 25 10 45 118 103 88 74 62 54 50 52 59 70 113 97 81 66 52 41 36 38 48 61 109 93 76 59 44 30 22 26 39 54 108 90 73 56 39 22 9 17 33 50 107 90 73 56 39 22 8 16 33 50 109 92 75 59 43 29 21 25 38 53 113 96 80 65 51 40 35 37 47 60 118 102 87 74 62 53 49 51 58 69 124 110 96 84 73 66 62 64 70 79 132 118 106 94 85 79 76 77 82 90
30 26 22 60 53 28 14 46 43 20 21 34 32 0 35 53 10 22 22 18 27 23 28 65 41 24 19 19 54 8 17 25 32 20 19 55 55 44 24 55 112 99 88 80 74 72 75 81 90 102 103 89 77 67 60 58 62 69 80 92 96 81 67 55 47 45 49 58 70 84 90 74 58 45 34 31 36 48 63 78 86 69 52 36 22 17 26 41 57 74 85 67 50 33 15 4 20 38 55 72 85 68 51 35 19 13 24 39 56 73 88 72 56 42 30 26 33 46 61 77 94 78 64 52 43 40 45 55 68 82 101 86 74 63 56 54 58 66 77 90
18 25 14 75 35 52 26 69 60 22 26 41 38 35 0 30 31 36 48 21 16 22 7 81 23 50 25 52 67 31 18 35 40 26 18 35 38 61 38 23 82 68 55 45 41 44 53 65 80 95 76 60 45 33 27 32 43 58 73 90 72 55 39 23 13 21 36 53 70 87 71 54 36 19 2 17 34 51 68 86 73 56 39 25 16 23 37 53 70 87 77 61 47 35 30 34 45 59 74 91 83 69 57 48 44 47 55 67 81 96 92 79 68 61 58 60 67 77 89 103 101 90 81 74 72 73 79 88 98 111 112 102 93 88 86 87 92 99 109 120
23 29 33 66 62 56 40 68 55 34 34 70 34 53 30 0 44 63 55 35 27 30 33 71 52 56 35 66 58 46 39 62 36 34 42 6 65 56 40 17 94 77 60 45 30 21 24 37 52 68 92 75 57 40 23 8 15 31 48 65 92 75 58 40 24 10 15 32 48 66 94 78 61 45 31 23 26 38 53 69 99 83 67 54 42 37 38 47 60 74 105 90 76 64 55 50 52 58 69 82 112 98 86 75 68 64 65 71 79 91 121 108 97 88 81 78 79 83 91 101 130 119 109 100 95 92 93 96 103 112 141 130 121 113 108 106 106 110 115 123
22 17 17 53 55 24 5 42 37 11 11 41 23 10 31 44 0 30 19 11 19 14 24 59 42 21 9 23 46 3 14 32 23 11 19 46 58 37 15 48 111 97 85 75 68 64 66 71 80 92 103 89 75 63 54 50 52 59 70 83 97 81 66 53 42 36 39 48 61 75 93 76 60 44 30 23 27 39 54 70 91 73 56 39 22 9 17 33 50 67 90 73 56 39 22 7 16 33 50 67 92 76 59 43 29 21 25 38 53 69 96 81 65 51 40 35 37 47 60 75 102 87 74 62 53 48 50 58 69 82 110 96 84 73 66 62 64 70 79 91
42 42 30 81 37 49 31 67 65 34 37 13 52 22 36 63 30 0 43 31 38 37 31 87 28 45 35 36 75 27 25 4 52 37 21 66 39 66 44 58 99 89 81 77 76 79 86 95 107 120 89 77 68 63 62 66 74 85 98 112 79 66 56 49 48 53 63 76 90 105 72 57 44 36 34 41 53 68 83 99 66 50 35 23 21 31 46 62 79 96 63 46 29 12 9 25 42 59 76 94 64 47 30 14 11 26 43 60 77 94 67 51 37 26 24 33 48 63 80 96 73 59 47 39 38 44 56 69 85 100 81 69 59 53 52 57 66 78 91 106
35 28 35 39 73 6 22 25 24 27 24 55 24 22 48 55 19 43 0 28 34 28 42 44 60 3 24 15 34 20 32 46 22 24 37 55 75 24 16 63 129 115 102 91 82 76 73 75 80 89 122 107 93 80 70 62 59 61 68 78 115 100 85 71 58 49 46 48 56 68 110 94 78 62 48 37 32 35 46 60 107 90 73 57 41 26 18 24 38 54 106 89 71 54 37 20 4 17 34 51 106 89 72 55 38 22 11 19 35 52 109 92 75 59 44 31 25 30 42 56 113 97 81 66 53 43 39 42 51 64 118 103 89 75 64 56 53 55 62 73
13 11 7 58 49 32 6 49 42 4 8 41 22 18 21 35 11 31 28 0 9 7 15 64 36 29 6 33 50 12 7 32 23 7 14 38 52 43 19 38 102 88 75 65 57 55 58 65 76 89 95 80 66 53 44 41 45 54 67 81 90 74 58 43 32 27 33 45 60 76 87 70 53 36 21 13 23 38 55 72 86 69 51 34 17 2 19 36 54 71 87 70 54 37 23 16 24 39 56 72 91 75 59 45 34 30 35 47 61 77 96 81 67 55 47 44 47 56 69 83 104 90 77 67 60 58 60 68 78 91 112 99 88 79 74 72 74 80 89 100
5 9 8 59 49 38 15 54 44 9 11 47 22 27 16 27 19 38 34 9 0 7 13 65 36 36 11 41 52 21 13 38 24 11 18 30 52 45 22 29 98 83 69 57 49 46 50 58 70 84 92 76 60 47 36 32 37 48 62 78 88 71 54 38 25 18 26 40 56 73 86 69 51 34 17 4 19 36 54 71 87 69 52 36 20 11 22 38 54 72 89 73 57 42 30 25 31 44 59 75 94 79 64 51 42 39 43 53 66 80 101 86 73 63 55 53 56 63 75 88 109 96 84 75 69 66 69 75 85 96 118 106 96 87 82 80 82 88 96 106
8 5 10 54 53 31 10 48 39 4 5 47 18 23 22 30 14 37 28 7 7 0 17 60 40 30 6 36 47 16 13 38 19 5 19 32 56 40 16 35 103 89 75 63 55 51 52 59 70 83 97 81 66 53 42 37 39 48 61 76 93 76 60 44 31 23 27 39 54 70 91 73 56 39 23 9 17 33 50 67 90 73 56 39 22 7 16 32 50 67 92 76 59 43 29 20 25 38 53 69 96 80 65 51 40 34 37 46 60 74 102 87 74 61 52 48 50 57 68 82 110 96 83 73 66 62 64 69 79 90 118 106 94 85 79 76 77 82 90 100
16 21 8 71 37 46 20 64 55 17 21 37 34 28 7 33 24 31 42 15 13 17 0 77 24 44 19 45 63 24 11 30 36 20 11 37 40 56 32 29 88 74 62 52 48 49 56 67 81 95 81 66 51 40 34 36 45 58 73 89 76 60 44 29 20 24 36 52 68 85 74 57 40 22 7 15 31 49 66 83 74 57 40 24 10 16 32 49 66 83 77 61 46 32 24 27 39 53 69 86 83 68 54 43 38 40 48 61 75 91 90 76 65 56 52 53 60 70 83 97 99 87 76 69 66 67 72 81 92 105 109 98 89 83 80 80 85 92 102 114
63 56 70 6 112 39 60 23 23 61 57 99 44 65 81 71 59 87 44 64 65 60 77 0 99 42 59 56 14 61 70 89 42 57 76 68 115 22 46 86 161 145 130 115 101 88 76 68 63 62 156 140 124 108 93 79 66 55 49 49 153 136 119 103 86 71 56 44 36 35 150 133 116 99 82 65 49 34 23 22 149 131 114 97 80 62 45 28 12 11 149 131 114 97 80 62 45 28 12 11 150 133 116 99 82 65 49 35 23 23 153 136 119 103 87 71 57 44 36 36 156 140 124 108 93 79 66 56 50 49 161 146 130 115 101 88 77 68 63 63
40 45 30 94 13 65 40 84 78 39 43 26 57 41 23 52 42 28 60 36 36 40 24 99 0 62 41 59 86 41 30 25 59 43 24 57 16 78 54 41 72 61 54 52 55 63 75 88 102 118 63 50 41 38 42 52 66 81 96 113 55 40 28 24 30 44 59 75 92 109 51 34 18 10 22 38 55 72 90 107 51 33 17 6 21 38 55 72 89 107 54 38 25 20 28 42 58 74 91 108 61 47 37 34 39 50 64 79 95 111 70 58 50 48 52 60 72 86 101 116 80 70 64 62 65 72 82 94 108 123 92 83 78 76 78 84 93 104 116 130
37 29 36 37 75 4 24 23 22 28 25 57 24 24 50 56 21 45 3 29 36 30 44 42 62 0 25 16 32 22 34 48 22 25 39 56 77 22 16 64 131 117 104 92 83 76 73 74 79 87 123 109 94 82 71 63 59 61 67 76 117 101 86 72 60 50 46 47 55 66 112 96 80 64 50 38 32 34 44 58 109 92 75 59 42 28 18 22 36 52 108 91 73 56 39 22 5 15 32 49 108 91 74 57 40 24 12 18 33 50 111 94 77 61 46 33 25 28 40 55 115 99 83 68 55 44 39 41 50 62 120 105 90 77 65 57 53 54 61 71
13 8 12 53 54 28 5 45 37 3 3 45 18 19 25 35 9 35 24 6 11 6 19 59 41 25 0 31 45 11 12 36 19 2 18 37 57 38 14 40 107 92 79 68 60 56 57 63 73 86 100 84 70 57 47 42 44 52 63 77 95 79 63 48 35 28 31 41 56 71 92 75 58 41 25 14 19 34 50 67 91 74 56 39 22 4 14 31 49 66 92 75 58 42 26 16 20 35 51 67 95 79 63 49 36 29 32 42 56 72 101 85 71 58 48 43 45 53 65 78 107 93 80 69 61 57 59 65 74 87 116 102 91 81 74 71 72 77 85 96
44 37 39 52 70 19 27 35 37 33 32 48 37 19 52 66 23 36 15 33 41 36 45 56 59 16 31 0 48 22 34 39 36 32 37 67 72 37 28 70 130 117 106 97 90 86 85 88 94 103 121 107 95 85 77 72 72 75 82 92 113 99 85 73 64 58 58 62 71 82 107 91 76 63 52 45 44 50 60 73 102 85 69 54 41 31 30 38 51 66 98 81 65 48 32 19 17 29 45 61 97 80 63 45 28 11 8 25 42 59 98 81 64 47 31 17 15 28 44 61 101 84 68 53 39 29 28 36 50 65 106 90 75 61 50 42 41 48 58 72
50 43 56 9 99 29 47 19 11 48 43 87 30 54 67 58 46 75 34 50 52 47 63 14 86 32 45 48 0 49 57 77 28 44 63 55 102 11 33 72 148 132 116 102 88 76 66 59 57 61 143 126 110 94 79 66 54 46 44 48 139 122 105 89 73 57 43 33 30 36 137 119 102 85 68 52 35 21 16 26 136 118 101 84 67 49 32 15 4 21 136 119 102 85 68 51 34 19 13 24 138 121 104 88 71 56 41 30 27 33 142 125 109 93 78 63 51 43 40 45 146 130 115 100 86 73 63 56 54 58 152 137 122 108 95 84 75 69 68 71
24 19 17 55 54 25 7 44 39 13 13 39 26 8 31 46 3 27 20 12 21 16 24 61 41 22 11 22 49 0 13 29 26 13 18 48 56 40 18 49 110 97 85 75 69 66 68 74 83 95 102 88 75 63 55 52 55 62 73 86 96 80 66 53 43 38 41 51 64 78 91 75 59 43 31 24 29 42 57 73 89 71 54 37 21 10 20 35 52 69 88 71 54 36 19 5 17 34 52 69 90 73 56 40 26 19 25 39 54 71 94 78 62 48 37 33 36 47 60 76 100 85 71 59 50 46 49 57 69 82 107 93 81 70 63 60 62 69 79 91
17 18 6 64 43 36 10 55 48 10 14 35 29 17 18 39 14 25 32 7 13 13 11 70 30 34 12 34 57 13 0 26 30 14 7 42 46 49 25 38 98 84 72 63 58 57 62 71 82 95 90 76 62 51 44 43 49 60 73 88 85 69 53 40 31 30 38 51 66 82 81 64 47 31 18 17 29 45 62 79 79 62 45 28 10 8 25 43 60 77 81 64 47 31 17 16 29 45 61 78 84 68 53 39 30 29 37 51 66 82 90 75 61 50 43 43 49 59 73 88 97 84 72 62 57 56 61 70 81 95 106 94 83 75 71 70 74 81 91 103
42 43 31 84 34 52 32 70 67 35 39 10 53 25 35 62 32 4 46 32 38 38 30 89 25 48 36 39 77 29 26 0 54 38 21 66 35 68 46 57 96 86 79 75 75 79 86 96 108 121 85 74 65 61 61 66 74 86 99 113 76 63 53 47 47 53 64 77 91 106 68 53 41 33 33 42 55 69 85 101 63 46 31 20 20 32 48 64 81 98 60 43 26 9 11 27 45 62 79 96 61 44 28 14 15 29 46 63 80 97 65 50 36 26 27 37 51 67 83 99 72 58 47 40 40 47 59 73 88 104 81 69 59 54 54 60 69 81 95 110
22 15 29 36 72 22 22 33 21 21 16 63 3 32 40 36 23 52 22 23 24 19 36 42 59 22 19 36 28 26 30 54 0 17 37 35 74 22 9 47 120 105 90 77 65 56 52 53 60 70 115 99 83 68 54 44 38 40 48 61 111 94 78 61 46 32 24 27 39 53 109 92 75 58 41 24 11 16 32 49 109 91 74 57 40 23 7 14 31 48 110 93 76 60 44 29 19 23 36 51 113 97 81 65 51 39 33 35 45 58 118 103 88 73 61 52 47 48 55 67 125 110 96 83 72 64 61 62 67 77 132 118 105 94 84 78 75 75 80 88
12 7 13 52 56 27 7 44 36 4 1 47 16 20 26 34 11 37 24 7 11 5 20 57 43 25 2 32 44 13 14 38 17 0 20 36 58 37 13 39 107 93 79 68 59 54 55 61 71 84 101 85 70 57 46 41 42 50 62 76 96 79 63 48 35 27 29 39 54 69 93 76 59 42 26 14 17 32 49 65 92 75 58 40 23 6 13 30 47 64 94 77 60 44 28 17 20 34 50 66 97 81 65 50 38 31 33 42 56 71 102 87 73 60 50 45 46 53 64 78 109 95 82 71 63 59 59 65 74 86 118 104 93 83 76 72 73 78 86 96
22 24 10 70 37 42 16 60 54 17 21 29 36 19 18 42 19 21 37 14 18 19 11 76 24 39 18 37 63 18 7 21 37 20 0 46 40 55 31 39 94 81 70 62 58 60 66 76 88 101 85 71 59 49 44 46 54 66 79 94 79 63 49 37 30 33 44 57 73 89 75 58 42 26 17 21 35 51 68 85 73 56 39 21 4 15 32 49 66 84 74 57 40 25 13 19 34 51 67 85 78 62 47 34 27 30 41 56 71 88 84 69 56 46 41 43 51 63 77 93 91 78 67 59 55 56 63 73 86 99 101 89 79 72 69 70 75 84 95 108
26 30 37 63 67 56 42 66 53 36 36 74 33 55 35 6 46 66 55 38 30 32 37 68 57 56 37 67 55 48 42 66 35 36 46 0 71 54 40 23 99 82 65 49 34 22 20 31 46 62 97 80 63 46 28 12 9 25 42 60 98 81 63 46 30 14 12 26 43 60 100 83 67 51 36 26 25 34 48 64 104 88 73 59 47 39 38 45 56 70 110 95 81 69 59 52 52 57 66 78 117 103 91 80 71 66 66 69 77 88 126 113 101 91 84 80 79 83 89 98 135 123 113 104 97 94 93 96 102 110 145 134 125 117 111 108 107 109 114 121
55 60 46 109 4 81 55 99 93 55 59 31 73 55 38 65 58 39 75 52 52 56 40 115 16 77 57 72 102 56 46 35 74 58 40 71 0 94 70 52 62 54 51 54 62 73 86 101 116 132 51 41 37 41 51 64 79 95 111 127 41 29 23 29 42 57 74 90 107 124 36 19 9 20 36 53 71 88 105 122 35 18 6 19 36 53 70 88 105 122 40 27 21 27 41 56 73 90 107 124 49 39 35 39 49 63 78 94 110 127 60 52 49 52 60 71 85 100 115 131 72 65 63 65 72 82 94 107 122 137 85 79 77 79 84 93 103 116 129 143
44 36 49 16 91 19 39 13 1 40 36 78 25 44 61 56 37 66 24 43 45 40 56 22 78 22 38 37 11 40 49 68 22 37 55 54 94 0 24 69 142 127 112 98 86 75 67 63 64 69 136 120 105 90 76 64 54 49 50 57 132 115 99 83 68 54 42 36 37 46 129 112 95 78 62 46 32 22 25 36 127 110 93 76 58 41 24 10 14 30 127 110 93 76 58 41 24 9 14 30 129 112 95 78 61 46 31 22 24 36 132 115 99 83 67 53 42 35 37 45 136 120 105 90 76 63 54 49 50 56 142 127 112 98 85 74 66 63 63 69
22 14 25 40 67 17 15 32 24 16 12 56 10 24 38 40 15 44 16 19 22 16 32 46 54 16 14 28 33 18 25 46 9 13 31 40 70 24 0 49 119 104 91 78 68 61 58 61 68 78 113 97 82 68 56 48 44 48 57 69 108 92 75 60 46 35 31 35 47 61 105 88 71 54 38 24 17 25 39 55 104 86 69 52 35 17 3 19 36 53 104 87 70 53 36 21 12 22 38 54 107 90 74 58 43 31 26 32 44 59 111 95 80 65 53 43 40 44 53 66 117 102 88 75 64 56 54 57 64 75 124 110 97 85 76 70 68 70 76 85
28 36 33 80 49 65 43 79 68 37 40 63 45 55 23 17 48 58 63 38 29 35 29 86 41 64 40 70 72 49 38 57 47 39 39 23 52 69 49 0 78 61 45 30 20 23 35 51 67 84 75 58 41 24 8 13 30 47 64 82 76 59 42 25 11 15 31 48 65 82 79 62 47 33 24 26 38 52 68 85 84 69 55 44 38 39 48 60 74 89 91 78 66 57 52 53 59 69 82 96 100 88 77 70 66 67 72 80 91 104 110 99 90 83 80 80 85 92 102 113 121 111 102 97 94 94 98 104 113 123 132 123 115 110 108 108 111 117 124 134
99 106 95 156 62 133 107 151 141 104 108 92 118 112 82 94 111 99 129 102 98 103 88 161 72 131 107 130 148 110 98 96 120 107 94 99 62 142 119 78 0 18 35 52 70 87 104 122 139 156 15 23 38 54 71 88 105 122 140 157 29 34 45 60 75 91 108 125 142 159 43 47 55 68 82 97 113 129 145 162 58 60 67 77 90 104 119 134 150 166 72 74 80 88 99 112 126 140 156 171 86 88 93 100 110 122 134 148 162 177 100 102 106 112 121 132 144 156 170 184 115 116 119 125 133 143 154 166 179 192 129 130 133 138 145 154 164 176 188 201
83 91 81 140 54 119 93 136 126 89 93 84 103 99 68 77 97 89 115 88 83 89 74 145 61 117 92 117 132 97 84 86 105 93 81 82 54 127 104 61 18 0 18 35 52 70 87 104 122 139 23 15 23 38 54 71 88 105 122 140 34 29 34 45 60 75 91 108 125 142 47 43 46 55 67 82 97 112 129 145 60 57 60 67 77 90 104 118 134 150 74 72 73 79 88 99 112 126 140 155 88 86 87 92 100 110 121 134 148 162 102 100 101 105 112 121 131 143 156 170 116 114 115 119 125 133 142 153 165 178 130 128 129 132 138 145 154 164 175 187
69 77 69 124 50 106 81 122 111 76 80 79 88 88 55 60 85 81 102 75 69 75 62 130 54 104 79 106 116 85 72 79 90 79 70 65 51 112 91 45 35 18 0 18 35 52 70 87 104 122 38 23 15 23 38 54 71 88 105 122 45 34 29 34 45 60 75 91 108 125 55 46 43 46 55 67 81 97 112 129 67 60 57 60 67 77 90 104 118 134 80 73 71 73 79 88 99 112 126 140 93 87 85 87 92 99 109 121 134 148 106 101 99 101 105 112 121 131 143 156 119 115 114 115 118 124 132 142 153 165 133 129 128 129 132 137 144 153 163 175
57 65 58 110 52 94 70 109 97 65 68 77 74 80 45 45 75 77 91 65 57 63 52 115 52 92 68 97 102 75 63 75 77 68 62 49 54 98 78 30 52 35 18 0 18 35 52 70 87 104 54 38 23 15 23 38 54 71 88 105 60 45 34 29 33 45 59 75 91 108 68 55 46 43 46 55 67 81 97 112 77 67 60 57 59 66 77 89 103 118 88 79 73 71 73 79 88 99 112 125 100 92 87 85 87 91 99 109 121 134 112 105 101 99 100 105 111 120 131 143 125 119 115 113 114 118 124 132 141 152 138 132 129 127 128 131 137 144 153 163
47 55 52 96 59 84 63 97 85 57 59 79 62 74 41 30 68 76 82 57 49 55 48 101 55 83 60 90 88 69 58 75 65 59 58 34 62 86 68 20 70 52 35 18 0 18 35 52 70 87 71 54 38 23 15 23 38 54 71 88 75 60 45 33 29 33 45 59 75 91 82 67 55 46 43 46 55 67 81 96 90 77 67 59 57 59 66 77 89 103 99 88 79 73 71 73 78 87 99 111 110 100 92 87 85 86 91 99 109 120 121 112 105 100 99 100 104 111 120 130 133 125 118 114 113 114 117 123 131 141 145 138 132 128 127 127 131 136 143 152
43 49 52 83 70 77 60 87 74 54 55 85 54 72 44 21 64 79 76 55 46 51 49 88 63 76 56 86 76 66 57 79 56 54 60 22 73 75 61 23 87 70 52 35 18 0 18 35 52 70 88 71 54 38 23 14 23 38 54 71 91 75 60 45 33 28 33 45 59 75 97 82 67 55 46 42 46 55 67 81 104 90 77 66 59 56 59 66 76 89 112 99 88 79 73 70 72 78 87 98 122 110 99 91 86 84 86 91 98 108 132 121 112 105 100 98 99 104 110 119 143 133 124 118 114 112 113 117 123 131 154 145 137 131 127 126 127 130 135 143
46 49 56 72 83 73 62 80 66 56 55 93 50 75 53 24 66 86 73 58 50 52 56 76 75 73 57 85 66 68 62 86 52 55 66 20 86 67 58 35 104 87 70 52 35 18 0 18 35 52 105 88 71 54 38 23 14 23 38 54 108 91 75 59 45 33 28 33 45 59 113 97 81 67 55 46 42 46 54 67 119 104 90 77 66 59 56 59 66 76 126 112 99 88 78 72 70 72 78 87 134 121 109 99 91 86 84 85 90 98 144 131 121 111 104 99 98 99 103 110 154 142 132 124 117 113 112 113 116 122 164 154 144 137 131 127 125 126 130 135
54 56 66 65 98 73 68 76 63 63 61 104 52 81 65 37 71 95 75 65 58 59 67 68 88 74 63 88 59 74 71 96 53 61 76 31 101 63 61 51 122 104 87 70 52 35 18 0 18 35 122 105 88 71 54 38 23 14 23 38 125 108 91 75 59 45 33 28 33 45 129 112 97 81 67 55 46 42 45 54 134 118 104 89 77 66 59 56 58 65 140 126 112 99 87 78 72 70 72 77 148 134 121 109 99 91 85 83 85 90 156 143 131 120 111 104 99 97 99 103 166 153 142 132 123 117 113 111 112 116 176 164 153 144 136 130 126 125 126 129
66 66 78 61 113 77 78 76 63 73 71 116 59 90 80 52 80 107 80 76 70 70 81 63 102 79 73 94 57 83 82 108 60 71 88 46 116 64 68 67 139 122 104 87 70 52 35 18 0 18 140 122 105 88 71 54 38 23 14 23 142 125 108 91 75 59 45 33 28 33 145 129 112 97 81 67 54 45 42 45 150 134 118 103 89 76 66 58 55 58 156 140 126 112 99 87 78 72 69 71 162 148 134 121 109 98 90 85 83 85 170 156 143 131 120 110 103 99 97 98 179 165 153 141 131 123 116 112 110 112 188 175 163 153 143 135 130 126 124 125
80 78 92 62 129 85 90 79 69 86 83 130 70 102 95 68 92 120 89 89 84 83 95 62 118 87 86 103 61 95 95 121 70 84 101 62 132 69 78 84 156 139 122 104 87 70 52 35 18 0 157 140 122 105 88 71 54 38 23 14 159 142 125 108 91 75 59 45 33 28 162 145 129 112 96 81 67 54 45 42 166 150 134 118 103 89 76 65 58 55 171 155 140 125 111 98 87 77 71 69 177 162 148 134 120 108 98 90 85 83 184 170 156 143 130 119 110 103 98 96 192 178 165 152 141 131 122 116 112 110 201 187 175 163 152 143 135 129 125 124
93 101 88 151 52 126 100 144 136 97 101 81 113 103 76 92 103 89 122 95 92 97 81 156 63 123 100 121 143 102 90 85 115 101 85 97 51 136 113 75 15 23 38 54 71 88 105 122 140 157 0 18 35 52 70 87 104 122 139 156 15 23 38 54 71 88 105 122 140 157 29 34 45 60 75 91 108 125 142 159 43 47 55 68 82 97 113 129 145 162 58 60 67 77 90 104 119 134 150 166 72 74 80 88 99 112 126 140 156 171 86 88 93 100 110 122 134 148 162 177 100 102 106 112 121 132 144 156 170 184 115 116 119 125 133 143 154 166 179 192
77 85 73 134 41 111 85 129 120 82 86 71 97 89 60 75 89 77 107 80 76 81 66 140 50 109 84 107 126 88 76 74 99 85 71 80 41 120 97 58 23 15 23 38 54 71 88 105 122 140 18 0 18 35 52 70 87 104 122 139 23 15 23 38 54 71 88 105 122 140 34 29 34 45 60 75 91 108 125 142 47 43 46 55 67 82 97 112 129 145 60 57 60 67 77 90 104 118 134 150 74 72 73 79 88 99 112 126 140 155 88 86 87 92 100 110 121 134 148 162 102 100 101 105 112 121 131 143 156 170 116 114 115 119 125 133 142 153 165 178
61 69 59 118 36 97 71 114 104 67 71 65 81 77 45 57 75 68 93 66 60 66 51 124 41 94 70 95 110 75 62 65 83 70 59 63 37 105 82 41 38 23 15 23 38 54 71 88 105 122 35 18 0 18 35 52 70 87 104 122 38 23 15 23 38 54 71 88 105 122 45 34 29 34 45 60 75 91 108 125 55 46 43 46 55 67 81 97 112 129 67 60 57 60 67 77 90 104 118 134 80 73 71 73 79 88 99 112 126 140 93 87 85 87 92 99 109 121 134 148 106 101 99 101 105 112 121 131 143 156 119 115 114 115 118 124 132 142 153 165
47 55 47 102 39 84 59 100 89 54 57 63 66 67 33 40 63 63 80 53 47 53 40 108 38 82 57 85 94 63 51 61 68 57 49 46 41 90 68 24 54 38 23 15 23 38 54 71 88 105 52 35 18 0 18 35 52 70 87 104 54 38 23 15 23 38 54 71 88 105 60 45 34 29 33 45 59 75 91 108 68 55 46 43 46 55 67 81 97 112 77 67 60 57 59 66 77 89 103 118 88 79 73 71 73 79 88 99 112 125 100 92 87 85 87 91 99 109 121 134 112 105 101 99 100 105 111 120 131 143 125 119 115 113 114 118 124 132 141 152
35 43 39 87 48 72 50 87 75 44 47 65 52 60 27 23 54 62 70 44 36 42 34 93 42 71 47 77 79 55 44 61 54 46 44 28 51 76 56 8 71 54 38 23 15 23 38 54 71 88 70 52 35 18 0 18 35 52 70 87 71 54 38 23 15 23 38 54 71 88 75 60 45 33 29 33 45 59 75 91 82 67 55 46 43 46 55 67 81 96 90 77 67 59 57 59 66 77 89 103 99 88 79 73 71 73 78 87 99 111 110 100 92 87 85 86 91 99 109 120 121 112 105 100 99 100 104 111 120 130 133 125 118 114 113 114 117 123 131 141
29 35 38 73 61 64 46 75 63 40 41 72 41 58 32 8 50 66 62 41 32 37 36 79 52 63 42 72 66 52 43 66 44 41 46 12 64 64 48 13 88 71 54 38 23 14 23 38 54 71 87 70 52 35 18 0 18 35 52 70 88 71 54 38 23 14 23 38 54 71 91 75 60 45 33 28 33 45 59 75 97 82 67 55 46 42 46 55 67 81 104 90 77 66 59 56 59 66 76 89 112 99 88 79 73 70 72 78 87 98 122 110 99 91 86 84 86 91 98 108 132 121 112 105 100 98 99 104 110 119 143 133 124 118 114 112 113 117 123 131
33 36 44 61 76 59 48 67 53 43 42 82 36 62 43 15 52 74 59 45 37 39 45 66 66 59 44 72 54 55 49 74 38 42 54 9 79 54 44 30 105 88 71 54 38 23 14 23 38 54 104 87 70 52 35 18 0 18 35 52 105 88 71 54 38 23 14 23 38 54 108 91 75 59 45 33 28 33 45 59 113 97 81 67 55 46 42 46 54 67 119 104 90 77 66 59 56 59 66 76 126 112 99 88 78 72 70 72 78 87 134 121 109 99 91 86 84 85 90 98 144 131 121 111 104 99 98 99 103 110 154 142 132 124 117 113 112 113 116 122
44 44 56 52 92 59 56 62 49 51 49 94 38 69 58 31 59 85 61 54 48 48 58 55 81 61 52 75 46 62 60 86 40 50 66 25 95 49 48 47 122 105 88 71 54 38 23 14 23 38 122 104 87 70 52 35 18 0 18 35 122 105 88 71 54 38 23 14 23 38 125 108 91 75 59 45 33 28 33 45 129 112 97 81 67 55 46 42 45 54 134 118 104 89 77 66 59 56 58 65 140 126 112 99 87 78 72 70 72 77 148 134 121 109 99 91 85 83 85 90 156 143 131 120 111 104 99 97 99 103 166 153 142 132 123 117 113 111 112 116
58 56 70 47 108 65 68 62 50 64 61 108 48 80 73 48 70 98 68 67 62 61 73 49 96 67 63 82 44 73 73 99 48 62 79 42 111 50 57 64 140 122 105 88 71 54 38 23 14 23 139 122 104 87 70 52 35 18 0 18 140 122 105 88 71 54 38 23 14 23 142 125 108 91 75 59 45 33 28 33 145 129 112 97 81 67 54 45 42 45 150 134 118 103 89 76 66 58 55 58 156 140 126 112 99 87 78 72 69 71 162 148 134 121 109 98 90 85 83 85 170 156 143 131 120 110 103 99 97 98 179 165 153 141 131 123 116 112 110 112
74 71 85 49 124 74 82 67 57 78 75 122 61 92 90 65 83 112 78 81 78 76 89 49 113 76 77 92 48 86 88 113 61 76 94 60 127 57 69 82 157 140 122 105 88 71 54 38 23 14 156 139 122 104 87 70 52 35 18 0 157 140 122 105 88 71 54 38 23 14 159 142 125 108 91 75 59 45 33 28 162 145 129 112 96 81 67 54 45 42 166 150 134 118 103 89 76 65 58 55 171 155 140 125 111 98 87 77 71 69 177 162 148 134 120 108 98 90 85 83 184 170 156 143 130 119 110 103 98 96 192 178 165 152 141 131 122 116 112 110
90 97 83 147 43 120 94 139 131 92 97 71 109 96 72 92 97 79 115 90 88 93 76 153 55 117 95 113 139 96 85 76 111 96 79 98 41 132 108 76 29 34 45 60 75 91 108 125 142 159 15 23 38 54 71 88 105 122 140 157 0 18 35 52 70 87 104 122 139 156 15 23 38 54 71 88 105 122 140 157 29 34 45 60 75 91 108 125 142 159 43 47 55 68 82 97 113 129 145 162 58 60 67 77 90 104 119 134 150 166 72 74 80 88 99 112 126 140 156 171 86 88 93 100 110 122 134 148 162 177 100 102 106 112 121 132 144 156 170 184
73 80 67 130 29 104 78 122 115 76 80 59 93 81 55 75 81 66 100 74 71 76 60 136 40 101 79 99 122 80 69 63 94 79 63 81 29 115 92 59 34 29 34 45 60 75 91 108 125 142 23 15 23 38 54 71 88 105 122 140 18 0 18 35 52 70 87 104 122 139 23 15 23 38 54 71 88 105 122 140 34 29 34 45 60 75 91 108 125 142 47 43 46 55 67 82 97 112 129 145 60 57 60 67 77 90 104 118 134 150 74 72 73 79 88 99 112 126 140 155 88 86 87 92 100 110 121 134 148 162 102 100 101 105 112 121 131 143 156 170
56 63 51 113 22 89 63 107 98 60 64 51 76 67 39 58 66 56 85 58 54 60 44 119 28 86 63 85 105 66 53 53 78 63 49 63 23 99 75 42 45 34 29 34 45 60 75 91 108 125 38 23 15 23 38 54 71 88 105 122 35 18 0 18 35 52 70 87 104 122 38 23 15 23 38 54 71 88 105 122 45 34 29 34 45 60 75 91 108 125 55 46 43 46 55 67 81 97 112 129 67 60 57 60 67 77 90 104 118 134 80 73 71 73 79 88 99 112 126 140 93 87 85 87 92 99 109 121 134 148 106 101 99 101 105 112 121 131 143 156
40 47 36 97 26 75 49 92 82 45 49 49 59 55 23 40 53 49 71 43 38 44 29 103 24 72 48 73 89 53 40 47 61 48 37 46 29 83 60 25 60 45 34 29 33 45 59 75 91 108 54 38 23 15 23 38 54 71 88 105 52 35 18 0 18 35 52 70 87 104 54 38 23 15 23 38 54 71 88 105 60 45 34 29 33 45 59 75 91 108 68 55 46 43 46 55 67 81 97 112 77 67 60 57 59 66 77 89 103 118 88 79 73 71 73 79 88 99 112 125 100 92 87 85 87 91 99 109 121 134 112 105 101 99 100 105 111 120 131 143
25 32 26 81 39 62 37 77 67 32 35 52 44 47 13 24 42 48 58 32 25 31 20 86 30 60 35 64 73 43 31 47 46 35 30 30 42 68 46 11 75 60 45 33 29 33 45 59 75 91 71 54 38 23 15 23 38 54 71 88 70 52 35 18 0 18 35 52 70 87 71 54 38 23 15 23 38 54 71 88 75 60 45 33 29 33 45 59 75 91 82 67 55 46 43 46 55 67 81 96 90 77 67 59 57 59 66 77 89 103 99 88 79 73 71 73 78 87 99 111 110 100 92 87 85 86 91 99 109 120 121 112 105 100 99 100 104 111 120 130
15 22 24 65 54 51 32 65 53 26 27 60 30 45 21 10 36 53 49 27 18 23 24 71 44 50 28 58 57 38 30 53 32 27 33 14 57 54 35 15 91 75 60 45 33 28 33 45 59 75 88 71 54 38 23 14 23 38 54 71 87 70 52 35 18 0 18 35 52 70 88 71 54 38 23 14 23 38 54 71 91 75 60 45 33 28 33 45 59 75 97 82 67 55 46 42 46 55 67 81 104 90 77 66 59 56 59 66 76 89 112 99 88 79 73 70 72 78 87 98 122 110 99 91 86 84 86 91 98 108 132 121 112 105 100 98 99 104 110 119
22 23 34 51 70 45 36 54 41 30 29 72 22 49 36 15 39 63 46 33 26 27 36 56 59 46 31 58 43 41 38 64 24 29 44 12 74 42 31 31 108 91 75 59 45 33 28 33 45 59 105 88 71 54 38 23 14 23 38 54 104 87 70 52 35 18 0 18 35 52 105 88 71 54 38 23 14 23 38 54 108 91 75 59 45 33 28 33 45 59 113 97 81 67 55 46 42 46 54 67 119 104 90 77 66 59 56 59 66 76 126 112 99 88 78 72 70 72 78 87 134 121 109 99 91 86 84 85 90 98 144 131 121 111 104 99 98 99 103 110
36 34 48 40 87 46 46 48 35 42 39 86 26 58 53 32 48 76 48 45 40 39 52 44 75 47 41 62 33 51 51 77 27 39 57 26 90 36 35 48 125 108 91 75 59 45 33 28 33 45 122 105 88 71 54 38 23 14 23 38 122 104 87 70 52 35 18 0 18 35 122 105 88 71 54 38 23 14 23 38 125 108 91 75 59 45 33 28 33 45 129 112 97 81 67 55 46 42 45 54 134 118 104 89 77 66 59 56 58 65 140 126 112 99 87 78 72 70 72 77 148 134 121 109 99 91 85 83 85 90 156 143 131 120 111 104 99 97 99 103
53 49 63 34 104 52 60 48 37 57 53 100 39 70 70 48 61 90 56 60 56 54 68 36 92 55 56 71 30 64 66 91 39 54 73 43 107 37 47 65 142 125 108 91 75 59 45 33 28 33 140 122 105 88 71 54 38 23 14 23 139 122 104 87 70 52 35 18 0 18 140 122 105 88 71 54 38 23 14 23 142 125 108 91 75 59 45 33 28 33 145 129 112 97 81 67 54 45 42 45 150 134 118 103 89 76 66 58 55 58 156 140 126 112 99 87 78 72 69 71 162 148 134 121 109 98 90 85 83 85 170 156 143 131 120 110 103 99 97 98
70 65 80 36 121 63 75 54 46 72 69 116 54 84 87 66 75 105 68 76 73 70 85 35 109 66 71 82 36 78 82 106 53 69 89 60 124 46 61 82 159 142 125 108 91 75 59 45 33 28 157 140 122 105 88 71 54 38 23 14 156 139 122 104 87 70 52 35 18 0 157 140 122 105 88 71 54 38 23 14 159 142 125 108 91 75 59 45 33 28 162 145 129 112 96 81 67 54 45 42 166 150 134 118 103 89 76 65 58 55 171 155 140 125 111 98 87 77 71 69 177 162 148 134 120 108 98 90 85 83 184 170 156 143 130 119 110 103 98 96
89 95 81 144 38 116 91 134 128 89 94 62 108 90 71 94 93 72 110 87 86 91 74 150 51 112 92 107 137 91 81 68 109 93 75 100 36 129 105 79 43 47 55 68 82 97 113 129 145 162 29 34 45 60 75 91 108 125 142 159 15 23 38 54 71 88 105 122 140 157 0 18 35 52 70 87 104 122 139 156 15 23 38 54 71 88 105 122 140 157 29 34 45 60 75 91 108 125 142 159 43 47 55 68 82 97 113 129 145 162 58 60 67 77 90 104 119 134 150 166 72 74 80 88 99 112 126 140 156 171 86 88 93 100 110 122 134 148 162 177
71 77 64 127 21 99 74 118 111 72 77 48 90 74 54 78 76 57 94 70 69 73 57 133 34 96 75 91 119 75 64 53 92 76 58 83 19 112 88 62 47 43 46 55 67 82 97 112 129 145 34 29 34 45 60 75 91 108 125 142 23 15 23 38 54 71 88 105 122 140 18 0 18 35 52 70 87 104 122 139 23 15 23 38 54 71 88 105 122 140 34 29 34 45 60 75 91 108 125 142 47 43 46 55 67 82 97 112 129 145 60 57 60 67 77 90 104 118 134 150 74 72 73 79 88 99 112 126 140 155 88 86 87 92 100 110 121 134 148 162
54 60 46 110 8 83 57 101 94 55 60 38 73 58 36 61 60 44 78 53 51 56 40 116 18 80 58 76 102 59 47 41 75 59 42 67 9 95 71 47 55 46 43 46 55 67 81 97 112 129 45 34 29 34 45 60 75 91 108 125 38 23 15 23 38 54 71 88 105 122 35 18 0 18 35 52 70 87 104 122 38 23 15 23 38 54 71 88 105 122 45 34 29 34 45 60 75 91 108 125 55 46 43 46 55 67 81 97 112 129 67 60 57 60 67 77 90 104 118 134 80 73 71 73 79 88 99 112 126 140 93 87 85 87 92 99 109 121 134 148
37 43 30 93 17 67 41 85 77 39 43 35 56 45 19 45 44 36 62 36 34 39 22 99 10 64 41 63 85 43 31 33 58 42 26 51 20 78 54 33 68 55 46 43 46 55 67 81 97 112 60 45 34 29 33 45 59 75 91 108 54 38 23 15 23 38 54 71 88 105 52 35 18 0 18 35 52 70 87 104 54 38 23 15 23 38 54 71 88 105 60 45 34 29 33 45 59 75 91 108 68 55 46 43 46 55 67 81 97 112 77 67 60 57 59 66 77 89 103 118 88 79 73 71 73 79 88 99 112 125 100 92 87 85 87 91 99 109 121 134
20 26 14 76 33 52 26 70 61 23 27 39 39 34 2 31 30 34 48 21 17 23 7 82 22 50 25 52 68 31 18 33 41 26 17 36 36 62 38 24 82 67 55 46 43 46 55 67 81 96 75 60 45 33 29 33 45 59 75 91 71 54 38 23 15 23 38 54 71 88 70 52 35 18 0 18 35 52 70 87 71 54 38 23 15 23 38 54 71 88 75 60 45 33 29 33 45 59 75 91 82 67 55 46 43 46 55 67 81 96 90 77 67 59 57 59 66 77 89 103 99 88 79 73 71 73 78 87 99 111 110 100 92 87 85 86 91 99 109 120
2 10 12 60 50 40 18 55 45 12 14 50 22 31 17 23 23 41 37 13 4 9 15 65 38 38 14 45 52 24 17 42 24 14 21 26 53 46 24 26 97 82 67 55 46 42 46 55 67 81 91 75 60 45 33 28 33 45 59 75 88 71 54 38 23 14 23 38 54 71 87 70 52 35 18 0 18 35 52 70 88 71 54 38 23 14 23 38 54 71 91 75 60 45 33 28 33 45 59 75 97 82 67 55 46 42 46 55 67 81 104 90 77 66 59 56 59 66 76 89 112 99 88 79 73 70 72 78 87 98 122 110 99 91 86 84 86 91 98 108
16 12 26 44 68 32 24 43 31 20 17 64 9 36 34 26 27 53 32 23 19 17 31 49 55 32 19 44 35 29 29 55 11 17 35 25 71 32 17 38 113 97 81 67 55 46 42 46 54 67 108 91 75 59 45 33 28 33 45 59 105 88 71 54 38 23 14 23 38 54 104 87 70 52 35 18 0 18 35 52 105 88 71 54 38 23 14 23 38 54 108 91 75 59 45 33 28 33 45 59 113 97 81 67 55 46 42 46 54 67 119 104 90 77 66 59 56 59 66 76 126 112 99 88 78 72 70 72 78 87 134 121 109 99 91 86 84 85 90 98
33 28 43 29 85 33 38 35 21 35 31 79 17 48 51 38 39 68 35 38 36 33 49 34 72 34 34 50 21 42 45 69 16 32 51 34 88 22 25 52 129 112 97 81 67 55 46 42 45 54 125 108 91 75 59 45 33 28 33 45 122 105 88 71 54 38 23 14 23 38 122 104 87 70 52 35 18 0 18 35 122 105 88 71 54 38 23 14 23 38 125 108 91 75 59 45 33 28 33 45 129 112 97 81 67 55 46 42 45 54 134 118 104 89 77 66 59 56 58 65 140 126 112 99 87 78 72 70 72 77 148 134 121 109 99 91 85 83 85 90
51 45 60 20 102 41 54 35 24 52 48 95 33 63 68 53 54 83 46 55 54 50 66 23 90 44 50 60 16 57 62 85 32 49 68 48 105 25 39 68 145 129 112 97 81 67 54 45 42 45 142 125 108 91 75 59 45 33 28 33 140 122 105 88 71 54 38 23 14 23 139 122 104 87 70 52 35 18 0 18 140 122 105 88 71 54 38 23 14 23 142 125 108 91 75 59 45 33 28 33 145 129 112 97 81 67 54 45 42 45 150 134 118 103 89 76 66 58 55 58 156 140 126 112 99 87 78 72 69 71 162 148 134 121 109 98 90 85 83 85
68 63 77 24 119 54 70 43 37 69 65 111 50 78 86 69 70 99 60 72 71 67 83 22 107 58 67 73 26 73 79 101 49 65 85 64 122 36 55 85 162 145 129 112 96 81 67 54 45 42 159 142 125 108 91 75 59 45 33 28 157 140 122 105 88 71 54 38 23 14 156 139 122 104 87 70 52 35 18 0 157 140 122 105 88 71 54 38 23 14 159 142 125 108 91 75 59 45 33 28 162 145 129 112 96 81 67 54 45 42 166 150 134 118 103 89 76 65 58 55 171 155 140 125 111 98 87 77 71 69 177 162 148 134 120 108 98 90 85 83
90 95 80 143 38 113 89 132 127 89 93 55 107 86 73 99 91 66 107 86 87 90 74 149 51 109 91 102 136 89 79 63 109 92 73 104 35 127 104 84 58 60 67 77 90 104 119 134 150 166 43 47 55 68 82 97 113 129 145 162 29 34 45 60 75 91 108 125 142 159 15 23 38 54 71 88 105 122 140 157 0 18 35 52 70 87 104 122 139 156 15 23 38 54 71 88 105 122 140 157 29 34 45 60 75 91 108 125 142 159 43 47 55 68 82 97 113 129 145 162 58 60 67 77 90 104 119 134 150 166 72 74 80 88 99 112 126 140 156 171
73 78 63 126 21 96 72 114 109 71 76 39 90 69 56 83 73 50 90 69 69 73 57 131 33 92 74 85 118 71 62 46 91 75 56 88 18 110 86 69 60 57 60 67 77 90 104 118 134 150 47 43 46 55 67 82 97 112 129 145 34 29 34 45 60 75 91 108 125 142 23 15 23 38 54 71 88 105 122 140 18 0 18 35 52 70 87 104 122 139 23 15 23 38 54 71 88 105 122 140 34 29 34 45 60 75 91 108 125 142 47 43 46 55 67 82 97 112 129 145 60 57 60 67 77 90 104 118 134 150 74 72 73 79 88 99 112 126 140 155
56 60 46 108 8 79 54 97 92 54 58 26 73 52 39 67 56 35 73 51 52 56 40 114 17 75 56 69 101 54 45 31 74 58 39 73 6 93 69 55 67 60 57 60 67 77 90 104 118 134 55 46 43 46 55 67 81 97 112 129 45 34 29 34 45 60 75 91 108 125 38 23 15 23 38 54 71 88 105 122 35 18 0 18 35 52 70 87 104 122 38 23 15 23 38 54 71 88 105 122 45 34 29 34 45 60 75 91 108 125 55 46 43 46 55 67 81 97 112 129 67 60 57 60 67 77 90 104 118 134 80 73 71 73 79 88 99 112 126 140
39 43 29 91 17 62 37 81 75 37 41 21 56 36 25 54 39 23 57 34 36 39 24 97 6 59 39 54 84 37 28 20 57 40 21 59 19 76 52 44 77 67 60 57 59 66 77 89 103 118 68 55 46 43 46 55 67 81 97 112 60 45 34 29 33 45 59 75 91 108 54 38 23 15 23 38 54 71 88 105 52 35 18 0 18 35 52 70 87 104 54 38 23 15 23 38 54 71 88 105 60 45 34 29 33 45 59 75 91 108 68 55 46 43 46 55 67 81 97 112 77 67 60 57 59 66 77 89 103 118 88 79 73 71 73 79 88 99 112 125
24 26 12 74 33 45 20 64 58 20 24 28 39 22 16 42 22 21 41 17 20 22 10 80 21 42 22 41 67 21 10 20 40 23 4 47 36 58 35 38 90 77 67 59 57 59 66 77 89 103 82 67 55 46 43 46 55 67 81 96 75 60 45 33 29 33 45 59 75 91 71 54 38 23 15 23 38 54 71 88 70 52 35 18 0 18 35 52 70 87 71 54 38 23 15 23 38 54 71 88 75 60 45 33 29 33 45 59 75 91 82 67 55 46 43 46 55 67 81 96 90 77 67 59 57 59 66 77 89 103 99 88 79 73 71 73 78 87 99 111
14 11 9 57 50 30 4 48 40 4 7 42 22 17 23 37 9 31 26 2 11 7 16 62 38 28 4 31 49 10 8 32 23 6 15 39 53 41 17 39 104 90 77 66 59 56 59 66 76 89 97 82 67 55 46 42 46 55 67 81 91 75 60 45 33 28 33 45 59 75 88 71 54 38 23 14 23 38 54 71 87 70 52 35 18 0 18 35 52 70 88 71 54 38 23 14 23 38 54 71 91 75 60 45 33 28 33 45 59 75 97 82 67 55 46 42 46 55 67 81 104 90 77 66 59 56 59 66 76 89 112 99 88 79 73 70 72 78 87 98
21 13 25 39 68 19 16 33 24 16 12 57 8 26 37 38 17 46 18 19 22 16 32 45 55 18 14 30 32 20 25 48 7 13 32 38 70 24 3 48 119 104 90 77 66 59 56 59 66 76 113 97 81 67 55 46 42 46 54 67 108 91 75 59 45 33 28 33 45 59 105 88 71 54 38 23 14 23 38 54 104 87 70 52 35 18 0 18 35 52 105 88 71 54 38 23 14 23 38 54 108 91 75 59 45 33 28 33 45 59 113 97 81 67 55 46 42 46 54 67 119 104 90 77 66 59 56 59 66 76 126 112 99 88 78 72 70 72 78 87
36 29 42 22 85 20 34 22 9 33 29 74 16 41 53 47 33 62 24 36 38 32 49 28 72 22 31 38 15 35 43 64 14 30 49 45 88 10 19 60 134 118 104 89 77 66 59 56 58 65 129 112 97 81 67 55 46 42 45 54 125 108 91 75 59 45 33 28 33 45 122 105 88 71 54 38 23 14 23 38 122 104 87 70 52 35 18 0 18 35 122 105 88 71 54 38 23 14 23 38 125 108 91 75 59 45 33 28 33 45 129 112 97 81 67 55 46 42 45 54 134 118 104 89 77 66 59 56 58 65 140 126 112 99 87 78 72 70 72 77
52 46 59 7 102 33 51 22 15 51 46 91 33 57 70 60 50 79 38 54 54 50 66 12 89 36 49 51 4 52 60 81 31 47 66 56 105 14 36 74 150 134 118 103 89 76 66 58 55 58 145 129 112 97 81 67 54 45 42 45 142 125 108 91 75 59 45 33 28 33 140 122 105 88 71 54 38 23 14 23 139 122 104 87 70 52 35 18 0 18 140 122 105 88 71 54 38 23 14 23 142 125 108 91 75 59 45 33 28 33 145 129 112 97 81 67 54 45 42 45 150 134 118 103 89 76 66 58 55 58 156 140 126 112 99 87 78 72 69 71
69 63 77 15 119 48 68 33 31 68 64 108 50 74 87 74 67 96 54 71 72 67 83 11 107 52 66 66 21 69 77 98 48 64 84 70 122 30 53 89 166 150 134 118 103 89 76 65 58 55 162 145 129 112 96 81 67 54 45 42 159 142 125 108 91 75 59 45 33 28 157 140 122 105 88 71 54 38 23 14 156 139 122 104 87 70 52 35 18 0 157 140 122 105 88 71 54 38 23 14 159 142 125 108 91 75 59 45 33 28 162 145 129 112 96 81 67 54 45 42 166 150 134 118 103 89 76 65 58 55 171 155 140 125 111 98 87 77 71 69
93 97 83 143 43 112 89 130 127 90 94 51 109 85 77 105 90 63 106 87 89 92 77 149 54 108 92 98 136 88 81 60 110 94 74 110 40 127 104 91 72 74 80 88 99 112 126 140 156 171 58 60 67 77 90 104 119 134 150 166 43 47 55 68 82 97 113 129 145 162 29 34 45 60 75 91 108 125 142 159 15 23 38 54 71 88 105 122 140 157 0 18 35 52 70 87 104 122 139 156 15 23 38 54 71 88 105 122 140 157 29 34 45 60 75 91 108 125 142 159 43 47 55 68 82 97 113 129 145 162 58 60 67 77 90 104 119 134 150 166
77 80 66 126 30 94 72 113 109 73 77 34 92 67 61 90 73 46 89 70 73 76 61 131 38 91 75 81 119 71 64 43 93 77 57 95 27 110 87 78 74 72 73 79 88 99 112 126 140 155 60 57 60 67 77 90 104 118 134 150 47 43 46 55 67 82 97 112 129 145 34 29 34 45 60 75 91 108 125 142 23 15 23 38 54 71 88 105 122 140 18 0 18 35 52 70 87 104 122 139 23 15 23 38 54 71 88 105 122 140 34 29 34 45 60 75 91 108 125 142 47 43 46 55 67 82 97 112 129 145 60 57 60 67 77 90 104 118 134 150
61 64 50 109 22 77 55 96 92 57 61 18 75 50 47 76 56 29 71 54 57 59 46 114 25 73 58 65 102 54 47 26 76 60 40 81 21 93 70 66 80 73 71 73 79 88 99 112 126 140 67 60 57 60 67 77 90 104 118 134 55 46 43 46 55 67 81 97 112 129 45 34 29 34 45 60 75 91 108 125 38 23 15 23 38 54 71 88 105 122 35 18 0 18 35 52 70 87 104 122 38 23 15 23 38 54 71 88 105 122 45 34 29 34 45 60 75 91 108 125 55 46 43 46 55 67 81 97 112 129 67 60 57 60 67 77 90 104 118 134
46 48 34 91 26 60 38 78 75 40 44 7 59 33 35 64 39 12 54 37 42 43 32 97 20 56 42 48 85 36 31 9 60 44 25 69 27 76 53 57 88 79 73 71 73 79 88 99 112 125 77 67 60 57 59 66 77 89 103 118 68 55 46 43 46 55 67 81 97 112 60 45 34 29 33 45 59 75 91 108 54 38 23 15 23 38 54 71 88 105 52 35 18 0 18 35 52 70 87 104 54 38 23 15 23 38 54 71 88 105 60 45 34 29 33 45 59 75 91 108 68 55 46 43 46 55 67 81 97 112 77 67 60 57 59 66 77 89 103 118
34 33 22 74 39 42 22 61 58 26 29 20 43 15 30 55 22 9 37 23 30 29 24 80 28 39 26 32 68 19 17 11 44 28 13 59 41 58 36 52 99 88 79 73 71 73 78 87 99 111 90 77 67 59 57 59 66 77 89 103 82 67 55 46 43 46 55 67 81 96 75 60 45 33 29 33 45 59 75 91 71 54 38 23 15 23 38 54 71 88 70 52 35 18 0 18 35 52 70 87 71 54 38 23 15 23 38 54 71 88 75 60 45 33 29 33 45 59 75 91 82 67 55 46 43 46 55 67 81 96 90 77 67 59 57 59 66 77 89 103
28 23 21 57 54 25 11 44 41 17 18 37 29 4 34 50 7 25 20 16 25 20 27 62 42 22 16 19 51 5 16 27 29 17 19 52 56 41 21 53 112 99 88 79 73 70 72 78 87 98 104 90 77 66 59 56 59 66 76 89 97 82 67 55 46 42 46 55 67 81 91 75 60 45 33 28 33 45 59 75 88 71 54 38 23 14 23 38 54 71 87 70 52 35 18 0 18 35 52 70 88 71 54 38 23 14 23 38 54 71 91 75 60 45 33 28 33 45 59 75 97 82 67 55 46 42 46 55 67 81 104 90 77 66 59 56 59 66 76 89
32 24 31 40 71 8 19 27 24 23 20 54 21 20 45 52 16 42 4 24 31 25 39 45 58 5 20 17 34 17 29 45 19 20 34 52 73 24 12 59 126 112 99 88 78 72 70 72 78 87 119 104 90 77 66 59 56 59 66 76 113 97 81 67 55 46 42 46 54 67 108 91 75 59 45 33 28 33 45 59 105 88 71 54 38 23 14 23 38 54 104 87 70 52 35 18 0 18 35 52 105 88 71 54 38 23 14 23 38 54 108 91 75 59 45 33 28 33 45 59 113 97 81 67 55 46 42 46 54 67 119 104 90 77 66 59 56 59 66 76
43 35 46 23 87 11 35 11 9 37 33 71 25 38 59 58 33 59 17 39 44 38 53 28 74 15 35 29 19 34 45 62 23 34 51 57 90 9 22 69 140 126 112 99 87 78 72 70 72 77 134 118 104 89 77 66 59 56 58 65 129 112 97 81 67 55 46 42 45 54 125 108 91 75 59 45 33 28 33 45 122 105 88 71 54 38 23 14 23 38 122 104 87 70 52 35 18 0 18 35 122 105 88 71 54 38 23 14 23 38 125 108 91 75 59 45 33 28 33 45 129 112 97 81 67 55 46 42 45 54 134 118 104 89 77 66 59 56 58 65
57 50 62 10 104 28 52 11 15 53 49 89 38 55 74 69 50 76 34 56 59 53 69 12 91 32 51 45 13 52 61 79 36 50 67 66 107 14 38 82 156 140 126 112 99 87 78 72 69 71 150 134 118 103 89 76 66 58 55 58 145 129 112 97 81 67 54 45 42 45 142 125 108 91 75 59 45 33 28 33 140 122 105 88 71 54 38 23 14 23 139 122 104 87 70 52 35 18 0 18 140 122 105 88 71 54 38 23 14 23 142 125 108 91 75 59 45 33 28 33 145 129 112 97 81 67 54 45 42 45 150 134 118 103 89 76 66 58 55 58
73 66 79 16 121 45 69 27 31 70 66 106 53 72 91 82 67 94 51 72 75 69 86 11 108 49 67 61 24 69 78 96 51 66 85 78 124 30 54 96 171 155 140 125 111 98 87 77 71 69 166 150 134 118 103 89 76 65 58 55 162 145 129 112 96 81 67 54 45 42 159 142 125 108 91 75 59 45 33 28 157 140 122 105 88 71 54 38 23 14 156 139 122 104 87 70 52 35 18 0 157 140 122 105 88 71 54 38 23 14 159 142 125 108 91 75 59 45 33 28 162 145 129 112 96 81 67 54 45 42 166 150 134 118 103 89 76 65 58 55
98 101 87 145 52 112 92 130 128 94 98 52 113 85 83 112 92 64 106 91 94 96 83 150 61 108 95 97 138 90 84 61 113 97 78 117 49 129 107 100 86 88 93 100 110 122 134 148 162 177 72 74 80 88 99 112 126 140 156 171 58 60 67 77 90 104 119 134 150 166 43 47 55 68 82 97 113 129 145 162 29 34 45 60 75 91 108 125 142 159 15 23 38 54 71 88 105 122 140 157 0 18 35 52 70 87 104 122 139 156 15 23 38 54 71 88 105 122 140 157 29 34 45 60 75 91 108 125 142 159 43 47 55 68 82 97 113 129 145 162
83 85 71 128 41 95 76 113 111 78 82 35 96 68 69 98 76 47 89 75 79 80 68 133 47 91 79 80 121 73 68 44 97 81 62 103 39 112 90 88 88 86 87 92 100 110 121 134 148 162 74 72 73 79 88 99 112 126 140 155 60 57 60 67 77 90 104 118 134 150 47 43 46 55 67 82 97 112 129 145 34 29 34 45 60 75 91 108 125 142 23 15 23 38 54 71 88 105 122 140 18 0 18 35 52 70 87 104 122 139 23 15 23 38 54 71 88 105 122 140 34 29 34 45 60 75 91 108 125 142 47 43 46 55 67 82 97 112 129 145
68 70 57 111 36 78 59 96 94 62 66 18 80 51 57 86 59 30 72 59 64 65 54 116 37 74 63 63 104 56 53 28 81 65 47 91 35 95 74 77 93 87 85 87 92 99 109 121 134 148 80 73 71 73 79 88 99 112 126 140 67 60 57 60 67 77 90 104 118 134 55 46 43 46 55 67 81 97 112 129 45 34 29 34 45 60 75 91 108 125 38 23 15 23 38 54 71 88 105 122 35 18 0 18 35 52 70 87 104 122 38 23 15 23 38 54 71 88 105 122 45 34 29 34 45 60 75 91 108 125 55 46 43 46 55 67 81 97 112 129
56 56 44 94 39 61 44 79 78 48 51 9 65 35 48 75 43 14 55 45 51 51 43 99 34 57 49 45 88 40 39 14 65 50 34 80 39 78 58 70 100 92 87 85 87 91 99 109 121 134 88 79 73 71 73 79 88 99 112 125 77 67 60 57 59 66 77 89 103 118 68 55 46 43 46 55 67 81 97 112 60 45 34 29 33 45 59 75 91 108 54 38 23 15 23 38 54 71 88 105 52 35 18 0 18 35 52 70 87 104 54 38 23 15 23 38 54 71 88 105 60 45 34 29 33 45 59 75 91 108 68 55 46 43 46 55 67 81 97 112
46 44 35 77 48 44 31 61 61 37 38 21 51 19 44 68 29 11 38 34 42 40 38 82 39 40 36 28 71 26 30 15 51 38 27 71 49 61 43 66 110 100 92 87 85 86 91 99 109 120 99 88 79 73 71 73 78 87 99 111 90 77 67 59 57 59 66 77 89 103 82 67 55 46 43 46 55 67 81 96 75 60 45 33 29 33 45 59 75 91 71 54 38 23 15 23 38 54 71 88 70 52 35 18 0 18 35 52 70 87 71 54 38 23 15 23 38 54 71 88 75 60 45 33 29 33 45 59 75 91 82 67 55 46 43 46 55 67 81 96
42 37 34 61 61 27 25 44 45 31 31 37 40 13 47 64 21 26 22 30 39 34 40 65 50 24 29 11 56 19 29 29 39 31 30 66 63 46 31 67 122 110 99 91 86 84 86 91 98 108 112 99 88 79 73 70 72 78 87 98 104 90 77 66 59 56 59 66 76 89 97 82 67 55 46 42 46 55 67 81 91 75 60 45 33 28 33 45 59 75 88 71 54 38 23 14 23 38 54 71 87 70 52 35 18 0 18 35 52 70 88 71 54 38 23 14 23 38 54 71 91 75 60 45 33 28 33 45 59 75 97 82 67 55 46 42 46 55 67 81
44 37 41 45 76 14 29 27 31 35 32 54 35 24 55 65 25 43 11 35 43 37 48 49 64 12 32 8 41 25 37 46 33 33 41 66 78 31 26 72 134 121 109 99 91 86 84 85 90 98 126 112 99 88 78 72 70 72 78 87 119 104 90 77 66 59 56 59 66 76 113 97 81 67 55 46 42 46 54 67 108 91 75 59 45 33 28 33 45 59 105 88 71 54 38 23 14 23 38 54 104 87 70 52 35 18 0 18 35 52 105 88 71 54 38 23 14 23 38 54 108 91 75 59 45 33 28 33 45 59 113 97 81 67 55 46 42 46 54 67
53 45 53 31 92 16 41 12 22 45 42 72 37 39 67 71 38 60 19 47 53 46 61 35 79 18 42 25 30 39 51 63 35 42 56 69 94 22 32 80 148 134 121 109 99 91 85 83 85 90 140 126 112 99 87 78 72 70 72 77 134 118 104 89 77 66 59 56 58 65 129 112 97 81 67 55 46 42 45 54 125 108 91 75 59 45 33 28 33 45 122 105 88 71 54 38 23 14 23 38 122 104 87 70 52 35 18 0 18 35 122 105 88 71 54 38 23 14 23 38 125 108 91 75 59 45 33 28 33 45 129 112 97 81 67 55 46 42 45 54
65 57 68 23 108 30 56 12 25 59 55 89 47 56 81 79 53 77 35 61 66 60 75 23 95 33 56 42 27 54 66 80 45 56 71 77 110 24 44 91 162 148 134 121 109 98 90 85 83 85 156 140 126 112 99 87 78 72 69 71 150 134 118 103 89 76 66 58 55 58 145 129 112 97 81 67 54 45 42 45 142 125 108 91 75 59 45 33 28 33 140 122 105 88 71 54 38 23 14 23 139 122 104 87 70 52 35 18 0 18 140 122 105 88 71 54 38 23 14 23 142 125 108 91 75 59 45 33 28 33 145 129 112 97 81 67 54 45 42 45
79 72 83 26 124 47 72 28 37 74 70 106 60 73 96 91 69 94 52 77 80 74 91 23 111 50 72 59 33 71 82 97 58 71 88 88 127 36 59 104 177 162 148 134 120 108 98 90 85 83 171 155 140 125 111 98 87 77 71 69 166 150 134 118 103 89 76 65 58 55 162 145 129 112 96 81 67 54 45 42 159 142 125 108 91 75 59 45 33 28 157 140 122 105 88 71 54 38 23 14 156 139 122 104 87 70 52 35 18 0 157 140 122 105 88 71 54 38 23 14 159 142 125 108 91 75 59 45 33 28 162 145 129 112 96 81 67 54 45 42
105 107 93 147 63 114 97 132 131 100 103 56 118 88 92 121 96 67 109 96 101 102 90 153 70 111 101 98 142 94 90 65 118 102 84 126 60 132 111 110 100 102 106 112 121 132 144 156 170 184 86 88 93 100 110 122 134 148 162 177 72 74 80 88 99 112 126 140 156 171 58 60 67 77 90 104 119 134 150 166 43 47 55 68 82 97 113 129 145 162 29 34 45 60 75 91 108 125 142 159 15 23 38 54 71 88 105 122 140 157 0 18 35 52 70 87 104 122 139 156 15 23 38 54 71 88 105 122 140 157 29 34 45 60 75 91 108 125 142 159
91 92 79 131 54 98 81 115 115 84 88 41 102 72 79 108 81 51 92 81 86 87 76 136 58 94 85 81 125 78 75 50 103 87 69 113 52 115 95 99 102 100 101 105 112 121 131 143 156 170 88 86 87 92 100 110 121 134 148 162 74 72 73 79 88 99 112 126 140 155 60 57 60 67 77 90 104 118 134 150 47 43 46 55 67 82 97 112 129 145 34 29 34 45 60 75 91 108 125 142 23 15 23 38 54 71 88 105 122 140 18 0 18 35 52 70 87 104 122 139 23 15 23 38 54 71 88 105 122 140 34 29 34 45 60 75 91 108 125 142
78 78 66 114 50 81 67 98 98 70 73 28 87 56 68 97 65 37 75 67 73 74 65 119 50 77 71 64 109 62 61 36 88 73 56 101 49 99 80 90 106 101 99 101 105 112 121 131 143 156 93 87 85 87 92 99 109 121 134 148 80 73 71 73 79 88 99 112 126 140 67 60 57 60 67 77 90 104 118 134 55 46 43 46 55 67 81 97 112 129 45 34 29 34 45 60 75 91 108 125 38 23 15 23 38 54 71 88 105 122 35 18 0 18 35 52 70 87 104 122 38 23 15 23 38 54 71 88 105 122 45 34 29 34 45 60 75 91 108 125
67 66 55 98 52 65 53 81 82 58 60 23 74 42 61 88 51 26 59 55 63 61 56 103 48 61 58 47 93 48 50 26 73 60 46 91 52 83 65 83 112 105 101 99 100 105 111 120 131 143 100 92 87 85 87 91 99 109 121 134 88 79 73 71 73 79 88 99 112 125 77 67 60 57 59 66 77 89 103 118 68 55 46 43 46 55 67 81 97 112 60 45 34 29 33 45 59 75 91 108 54 38 23 15 23 38 54 71 88 105 52 35 18 0 18 35 52 70 87 104 54 38 23 15 23 38 54 71 88 105 60 45 34 29 33 45 59 75 91 108
59 56 49 82 59 49 43 65 67 49 50 29 62 30 58 81 40 24 44 47 55 52 52 87 52 46 48 31 78 37 43 27 61 50 41 84 60 67 53 80 121 112 105 100 99 100 104 111 120 130 110 100 92 87 85 86 91 99 109 120 99 88 79 73 71 73 78 87 99 111 90 77 67 59 57 59 66 77 89 103 82 67 55 46 43 46 55 67 81 96 75 60 45 33 29 33 45 59 75 91 71 54 38 23 15 23 38 54 71 88 70 52 35 18 0 18 35 52 70 87 71 54 38 23 15 23 38 54 71 88 75 60 45 33 29 33 45 59 75 91
56 51 48 67 70 36 39 49 53 45 45 43 53 26 60 78 35 33 31 44 53 48 53 71 60 33 43 17 63 33 43 37 52 45 43 80 71 53 43 80 132 121 112 105 100 98 99 104 110 119 122 110 99 91 86 84 86 91 98 108 112 99 88 79 73 70 72 78 87 98 104 90 77 66 59 56 59 66 76 89 97 82 67 55 46 42 46 55 67 81 91 75 60 45 33 28 33 45 59 75 88 71 54 38 23 14 23 38 54 71 87 70 52 35 18 0 18 35 52 70 88 71 54 38 23 14 23 38 54 71 91 75 60 45 33 28 33 45 59 75
58 51 53 53 83 27 42 34 42 48 46 58 49 33 67 79 37 48 25 47 56 50 60 57 72 25 45 15 51 36 49 51 47 46 51 79 85 42 40 85 144 131 121 111 104 99 98 99 103 110 134 121 109 99 91 86 84 85 90 98 126 112 99 88 78 72 70 72 78 87 119 104 90 77 66 59 56 59 66 76 113 97 81 67 55 46 42 46 54 67 108 91 75 59 45 33 28 33 45 59 105 88 71 54 38 23 14 23 38 54 104 87 70 52 35 18 0 18 35 52 105 88 71 54 38 23 14 23 38 54 108 91 75 59 45 33 28 33 45 59
64 57 63 42 98 27 51 24 36 56 53 74 51 46 77 83 47 63 30 56 63 57 70 44 86 28 53 28 43 47 59 67 48 53 63 83 100 35 44 92 156 143 131 120 111 104 99 97 99 103 148 134 121 109 99 91 85 83 85 90 140 126 112 99 87 78 72 70 72 77 134 118 104 89 77 66 59 56 58 65 129 112 97 81 67 55 46 42 45 54 125 108 91 75 59 45 33 28 33 45 122 105 88 71 54 38 23 14 23 38 122 104 87 70 52 35 18 0 18 35 122 105 88 71 54 38 23 14 23 38 125 108 91 75 59 45 33 28 33 45
75 67 76 37 113 38 63 24 37 67 64 91 58 61 89 91 60 80 42 69 75 68 83 36 101 40 65 44 40 60 73 83 55 64 77 89 115 37 53 102 170 156 143 131 120 110 103 99 97 98 162 148 134 121 109 98 90 85 83 85 156 140 126 112 99 87 78 72 69 71 150 134 118 103 89 76 66 58 55 58 145 129 112 97 81 67 54 45 42 45 142 125 108 91 75 59 45 33 28 33 140 122 105 88 71 54 38 23 14 23 139 122 104 87 70 52 35 18 0 18 140 122 105 88 71 54 38 23 14 23 142 125 108 91 75 59 45 33 28 33
87 79 90 39 129 52 78 35 46 81 77 108 69 77 103 101 75 96 56 83 88 82 97 36 116 55 78 61 45 76 88 99 67 78 93 98 131 45 66 113 184 170 156 143 130 119 110 103 98 96 177 162 148 134 120 108 98 90 85 83 171 155 140 125 111 98 87 77 71 69 166 150 134 118 103 89 76 65 58 55 162 145 129 112 96 81 67 54 45 42 159 142 125 108 91 75 59 45 33 28 157 140 122 105 88 71 54 38 23 14 156 139 122 104 87 70 52 35 18 0 157 140 122 105 88 71 54 38 23 14 159 142 125 108 91 75 59 45 33 28
113 114 101 152 74 118 103 135 136 107 110 63 124 94 101 130 102 73 113 104 109 110 99 156 80 115 107 101 146 100 97 72 125 109 91 135 72 136 117 121 115 116 119 125 133 143 154 166 179 192 100 102 106 112 121 132 144 156 170 184 86 88 93 100 110 122 134 148 162 177 72 74 80 88 99 112 126 140 156 171 58 60 67 77 90 104 119 134 150 166 43 47 55 68 82 97 113 129 145 162 29 34 45 60 75 91 108 125 142 159 15 23 38 54 71 88 105 122 140 157 0 18 35 52 70 87 104 122 139 156 15 23 38 54 71 88 105 122 140 157
100 100 88 135 67 102 89 118 120 93 96 50 110 78 90 119 87 59 97 90 96 96 87 140 70 99 93 84 130 85 84 58 110 95 78 123 65 120 102 111 116 114 115 119 125 133 142 153 165 178 102 100 101 105 112 121 131 143 156 170 88 86 87 92 100 110 121 134 148 162 74 72 73 79 88 99 112 126 140 155 60 57 60 67 77 90 104 118 134 150 47 43 46 55 67 82 97 112 129 145 34 29 34 45 60 75 91 108 125 142 23 15 23 38 54 71 88 105 122 140 18 0 18 35 52 70 87 104 122 139 23 15 23 38 54 71 88 105 122 140
88 88 77 119 64 86 76 102 104 80 83 40 96 64 81 109 74 47 81 77 84 83 76 124 64 83 80 68 115 71 72 47 96 82 67 113 63 105 88 102 119 115 114 115 118 124 132 142 153 165 106 101 99 101 105 112 121 131 143 156 93 87 85 87 92 99 109 121 134 148 80 73 71 73 79 88 99 112 126 140 67 60 57 60 67 77 90 104 118 134 55 46 43 46 55 67 81 97 112 129 45 34 29 34 45 60 75 91 108 125 38 23 15 23 38 54 71 88 105 122 35 18 0 18 35 52 70 87 104 122 38 23 15 23 38 54 71 88 105 122
79 77 68 104 66 71 64 86 89 70 71 37 84 52 74 100 62 39 66 67 75 73 69 108 62 68 69 53 100 59 62 40 83 71 59 104 65 90 75 97 125 119 115 113 114 118 124 132 141 152 112 105 101 99 100 105 111 120 131 143 100 92 87 85 87 91 99 109 121 134 88 79 73 71 73 79 88 99 112 125 77 67 60 57 59 66 77 89 103 118 68 55 46 43 46 55 67 81 97 112 60 45 34 29 33 45 59 75 91 108 54 38 23 15 23 38 54 71 88 105 52 35 18 0 18 35 52 70 87 104 54 38 23 15 23 38 54 71 88 105
72 69 63 89 72 58 56 71 75 62 63 41 73 43 72 95 53 38 53 60 69 66 66 93 65 55 61 39 86 50 57 40 72 63 55 97 72 76 64 94 133 125 118 114 113 114 117 123 131 141 121 112 105 100 99 100 104 111 120 130 110 100 92 87 85 86 91 99 109 120 99 88 79 73 71 73 78 87 99 111 90 77 67 59 57 59 66 77 89 103 82 67 55 46 43 46 55 67 81 96 75 60 45 33 29 33 45 59 75 91 71 54 38 23 15 23 38 54 71 88 70 52 35 18 0 18 35 52 70 87 71 54 38 23 15 23 38 54 71 88
70 64 62 75 81 47 53 56 63 59 59 51 66 40 73 92 48 44 43 58 66 62 67 79 72 44 57 29 73 46 56 47 64 59 56 94 82 63 56 94 143 133 124 118 114 112 113 117 123 131 132 121 112 105 100 98 99 104 110 119 122 110 99 91 86 84 86 91 98 108 112 99 88 79 73 70 72 78 87 98 104 90 77 66 59 56 59 66 76 89 97 82 67 55 46 42 46 55 67 81 91 75 60 45 33 28 33 45 59 75 88 71 54 38 23 14 23 38 54 71 87 70 52 35 18 0 18 35 52 70 88 71 54 38 23 14 23 38 54 71
71 65 66 63 92 40 55 44 54 61 59 65 62 45 79 93 50 56 39 60 69 64 72 66 82 39 59 28 63 49 61 59 61 59 63 93 94 54 54 98 154 142 132 124 117 113 112 113 116 122 144 131 121 111 104 99 98 99 103 110 134 121 109 99 91 86 84 85 90 98 126 112 99 88 78 72 70 72 78 87 119 104 90 77 66 59 56 59 66 76 113 97 81 67 55 46 42 46 54 67 108 91 75 59 45 33 28 33 45 59 105 88 71 54 38 23 14 23 38 54 104 87 70 52 35 18 0 18 35 52 105 88 71 54 38 23 14 23 38 54
77 69 74 55 106 41 62 37 49 67 65 80 64 55 88 96 58 69 42 68 75 69 81 56 94 41 65 36 56 57 70 73 62 65 73 96 107 49 57 104 166 153 142 132 123 117 113 111 112 116 156 143 131 120 111 104 99 97 99 103 148 134 121 109 99 91 85 83 85 90 140 126 112 99 87 78 72 70 72 77 134 118 104 89 77 66 59 56 58 65 129 112 97 81 67 55 46 42 45 54 125 108 91 75 59 45 33 28 33 45 122 105 88 71 54 38 23 14 23 38 122 104 87 70 52 35 18 0 18 35 122 105 88 71 54 38 23 14 23 38
85 78 85 50 120 48 73 37 51 77 74 95 70 68 98 103 69 85 51 78 85 79 92 50 108 50 74 50 54 69 81 88 67 74 86 102 122 50 64 113 179 165 153 141 131 123 116 112 110 112 170 156 143 131 120 110 103 99 97 98 162 148 134 121 109 98 90 85 83 85 156 140 126 112 99 87 78 72 69 71 150 134 118 103 89 76 66 58 55 58 145 129 112 97 81 67 54 45 42 45 142 125 108 91 75 59 45 33 28 33 140 122 105 88 71 54 38 23 14 23 139 122 104 87 70 52 35 18 0 18 140 122 105 88 71 54 38 23 14 23
97 89 98 52 135 60 86 45 57 89 86 112 79 82 111 112 82 100 64 91 96 90 105 49 123 62 87 65 58 82 95 104 77 86 99 110 137 56 75 123 192 178 165 152 141 131 122 116 112 110 184 170 156 143 130 119 110 103 98 96 177 162 148 134 120 108 98 90 85 83 171 155 140 125 111 98 87 77 71 69 166 150 134 118 103 89 76 65 58 55 162 145 129 112 96 81 67 54 45 42 159 142 125 108 91 75 59 45 33 28 157 140 122 105 88 71 54 38 23 14 156 139 122 104 87 70 52 35 18 0 157 140 122 105 88 71 54 38 23 14
122 123 111 157 87 124 111 139 142 115 118 72 132 101 112 141 110 81 118 112 118 118 109 161 92 120 116 106 152 107 106 81 132 118 101 145 85 142 124 132 129 130 133 138 145 154 164 176 188 201 115 116 119 125 133 143 154 166 179 192 100 102 106 112 121 132 144 156 170 184 86 88 93 100 110 122 134 148 162 177 72 74 80 88 99 112 126 140 156 171 58 60 67 77 90 104 119 134 150 166 43 47 55 68 82 97 113 129 145 162 29 34 45 60 75 91 108 125 142 159 15 23 38 54 71 88 105 122 140 157 0 18 35 52 70 87 104 122 139 156
110 110 99 141 81 108 98 123 126 102 105 61 118 86 102 130 96 69 103 99 106 106 98 146 83 105 102 90 137 93 94 69 118 104 89 134 79 127 110 123 130 128 129 132 138 145 154 164 175 187 116 114 115 119 125 133 142 153 165 178 102 100 101 105 112 121 131 143 156 170 88 86 87 92 100 110 121 134 148 162 74 72 73 79 88 99 112 126 140 155 60 57 60 67 77 90 104 118 134 150 47 43 46 55 67 82 97 112 129 145 34 29 34 45 60 75 91 108 125 142 23 15 23 38 54 71 88 105 122 140 18 0 18 35 52 70 87 104 122 139
100 98 88 126 78 94 86 108 112 91 93 53 106 74 93 121 84 59 89 88 96 94 89 130 78 90 91 75 122 81 83 59 105 93 79 125 77 112 97 115 133 129 128 129 132 137 144 153 163 175 119 115 114 115 118 124 132 142 153 165 106 101 99 101 105 112 121 131 143 156 93 87 85 87 92 99 109 121 134 148 80 73 71 73 79 88 99 112 126 140 67 60 57 60 67 77 90 104 118 134 55 46 43 46 55 67 81 97 112 129 45 34 29 34 45 60 75 91 108 125 38 23 15 23 38 54 71 88 105 122 35 18 0 18 35 52 70 87 104 122
91 89 81 111 80 80 76 93 98 82 83 51 94 63 88 113 73 53 75 79 87 85 83 115 76 77 81 61 108 70 75 54 94 83 72 117 79 98 85 110 138 132 129 127 128 131 137 144 153 163 125 119 115 113 114 118 124 132 141 152 112 105 101 99 100 105 111 120 131 143 100 92 87 85 87 91 99 109 121 134 88 79 73 71 73 79 88 99 112 125 77 67 60 57 59 66 77 89 103 118 68 55 46 43 46 55 67 81 97 112 60 45 34 29 33 45 59 75 91 108 54 38 23 15 23 38 54 71 88 105 52 35 18 0 18 35 52 70 87 104
86 82 76 98 84 68 69 79 85 76 76 54 85 56 86 108 66 52 64 74 82 79 80 101 78 65 74 50 95 63 71 54 84 76 69 111 84 85 76 108 145 138 132 128 127 127 131 136 143 152 133 125 118 114 113 114 117 123 131 141 121 112 105 100 99 100 104 111 120 130 110 100 92 87 85 86 91 99 109 120 99 88 79 73 71 73 78 87 99 111 90 77 67 59 57 59 66 77 89 103 82 67 55 46 43 46 55 67 81 96 75 60 45 33 29 33 45 59 75 91 71 54 38 23 15 23 38 54 71 88 70 52 35 18 0 18 35 52 70 87
84 78 76 85 92 59 67 66 75 73 72 62 79 54 87 106 62 57 56 72 80 76 80 88 84 57 71 42 84 60 70 60 78 72 70 108 93 74 70 108 154 145 137 131 127 126 127 130 135 143 143 133 124 118 114 112 113 117 123 131 132 121 112 105 100 98 99 104 110 119 122 110 99 91 86 84 86 91 98 108 112 99 88 79 73 70 72 78 87 98 104 90 77 66 59 56 59 66 76 89 97 82 67 55 46 42 46 55 67 81 91 75 60 45 33 28 33 45 59 75 88 71 54 38 23 14 23 38 54 71 87 70 52 35 18 0 18 35 52 70
85 78 79 75 103 54 68 56 67 74 73 74 76 58 92 106 64 66 53 74 82 77 85 77 93 53 72 41 75 62 74 69 75 73 75 107 103 66 68 111 164 154 144 137 131 127 125 126 130 135 154 142 132 124 117 113 112 113 116 122 144 131 121 111 104 99 98 99 103 110 134 121 109 99 91 86 84 85 90 98 126 112 99 88 78 72 70 72 78 87 119 104 90 77 66 59 56 59 66 76 113 97 81 67 55 46 42 46 54 67 108 91 75 59 45 33 28 33 45 59 105 88 71 54 38 23 14 23 38 54 104 87 70 52 35 18 0 18 35 52
89 82 86 67 114 54 74 51 63 80 77 87 77 66 99 110 70 78 55 80 88 82 92 68 104 54 77 48 69 69 81 81 75 78 84 109 116 63 70 117 176 164 153 144 136 130 126 125 126 129 166 153 142 132 123 117 113 111 112 116 156 143 131 120 111 104 99 97 99 103 148 134 121 109 99 91 85 83 85 90 140 126 112 99 87 78 72 70 72 77 134 118 104 89 77 66 59 56 58 65 129 112 97 81 67 55 46 42 45 54 125 108 91 75 59 45 33 28 33 45 122 105 88 71 54 38 23 14 23 38 122 104 87 70 52 35 18 0 18 35
97 89 95 64 128 60 83 51 64 88 85 102 82 77 109 115 79 91 62 89 96 90 102 63 116 61 85 58 68 79 91 95 80 86 95 114 129 63 76 124 188 175 163 153 143 135 130 126 124 125 179 165 153 141 131 123 116 112 110 112 170 156 143 131 120 110 103 99 97 98 162 148 134 121 109 98 90 85 83 85 156 140 126 112 99 87 78 72 69 71 150 134 118 103 89 76 66 58 55 58 145 129 112 97 81 67 54 45 42 45 142 125 108 91 75 59 45 33 28 33 140 122 105 88 71 54 38 23 14 23 139 122 104 87 70 52 35 18 0 18
107 99 107 65 142 69 95 56 69 99 96 117 90 90 120 123 91 106 73 100 106 100 114 63 130 71 96 72 71 91 103 110 88 96 108 121 143 69 85 134 201 187 175 163 152 143 135 129 125 124 192 178 165 152 141 131 122 116 112 110 184 170 156 143 130 119 110 103 98 96 177 162 148 134 120 108 98 90 85 83 171 155 140 125 111 98 87 77 71 69 166 150 134 118 103 89 76 65 58 55 162 145 129 112 96 81 67 54 45 42 159 142 125 108 91 75 59 45 33 28 157 140 122 105 88 71 54 38 23 14 156 139 122 104 87 70 52 35 18 0
