0 41 83 25 64 34 59 22 36 12 57 29 48 35 26 64 27 61 16 49 25 18 63 24 75 56 60 20 38 18 50 29 33 31 28 43 33 76 20 56 119 104 90 78 68 61 59 62 69 79 112 97 82 68 56 48 45 49 58 70 108 91 75 60 46 35 31 36 48 62 104 87 70 54 38 24 17 26 40 56 103 86 68 51 34 17 4 19 37 54 104 86 69 52 36 20 12 22 38 55 106 89 73 57 42 30 25 32 44 59 110 94 79 64 52 42 39 43 53 66 116 101 87 74 63 56 53 56 64 75 123 109 96 84 75 69 67 69 76 85
41 0 46 64 27 18 21 26 13 49 44 69 12 8 33 24 24 23 56 14 36 32 24 63 36 82 21 21 17 59 16 69 16 18 19 16 8 38 48 21 78 64 51 41 38 42 52 65 80 95 73 57 41 29 24 30 43 58 74 91 69 52 35 19 10 21 37 54 71 88 69 52 35 18 6 19 36 54 71 88 71 55 39 26 20 27 41 57 73 90 77 61 48 37 34 38 49 63 78 94 84 70 59 50 48 51 59 71 85 99 93 80 70 64 62 64 71 81 93 107 103 92 83 78 76 78 83 92 103 115 113 104 96 91 90 91 96 104 113 125
83 46 0 100 20 50 25 62 58 87 44 108 49 53 64 23 58 23 96 34 66 68 24 102 12 104 26 63 61 100 33 109 61 53 55 40 52 11 81 28 46 40 42 49 61 75 90 106 122 139 35 26 28 39 53 69 85 102 119 136 26 13 17 32 48 65 82 99 117 134 24 7 13 30 47 64 82 99 116 133 29 19 21 34 50 66 83 100 117 135 39 33 34 43 56 71 87 104 120 137 52 47 48 55 65 79 93 109 125 141 65 61 61 67 76 88 101 115 130 146 78 75 75 80 88 98 110 123 137 152 92 89 89 93 100 109 120 132 145 159
25 64 100 0 83 52 79 40 61 15 66 8 72 58 37 84 43 81 13 69 35 34 84 5 94 38 80 43 63 14 69 13 58 49 47 61 56 96 20 74 140 126 114 102 93 86 82 81 85 91 132 118 104 92 81 73 68 68 72 79 126 110 96 82 70 60 54 54 59 68 120 104 88 73 59 48 41 40 47 58 117 100 83 67 51 37 27 27 36 50 114 97 80 63 46 29 15 14 28 45 114 96 79 62 44 27 10 9 26 43 115 98 81 64 47 32 19 19 31 46 118 101 85 69 54 41 32 32 40 53 122 106 91 76 63 52 46 45 51 62
64 27 20 83 0 32 6 44 39 69 36 90 31 34 47 8 40 5 78 15 49 50 8 84 12 91 9 44 42 81 14 91 42 34 37 22 33 14 64 9 59 48 42 42 49 60 74 89 105 121 50 37 28 29 38 52 68 84 100 117 44 28 15 16 30 47 63 81 98 115 43 25 8 11 28 45 62 80 97 114 45 30 18 19 32 48 64 81 98 115 52 40 32 32 41 54 69 85 101 118 62 51 45 46 52 63 76 91 106 122 73 64 59 60 65 74 85 98 113 128 85 77 73 74 78 85 95 107 121 135 97 91 87 88 91 97 106 117 129 143
34 18 50 52 32 0 28 13 26 37 30 58 30 18 17 33 9 30 47 18 19 18 33 52 43 65 30 16 31 50 18 60 26 3 6 10 15 45 34 23 89 76 66 58 55 58 65 75 88 102 81 67 54 45 41 44 53 66 80 95 75 59 45 33 27 32 44 58 74 90 71 54 38 22 13 21 37 53 70 87 70 53 36 18 2 17 35 52 69 86 72 55 39 24 16 23 38 54 71 88 76 61 46 35 30 34 45 60 75 91 83 69 57 48 44 47 56 68 82 97 91 79 68 61 58 60 67 77 90 104 101 90 80 74 72 74 79 88 99 112
59 21 25 79 6 28 0 40 33 65 37 86 26 28 44 6 36 3 73 10 46 46 6 80 16 89 4 39 36 76 10 87 37 30 32 18 28 18 61 8 62 50 41 39 45 55 68 83 99 115 54 40 28 25 33 46 62 78 94 111 49 33 17 12 24 41 58 75 92 109 48 31 14 6 22 39 57 74 91 109 51 36 23 19 28 43 59 76 93 110 58 45 35 33 39 51 65 80 97 113 67 56 48 47 51 61 73 87 102 118 78 68 62 61 64 72 82 95 109 124 89 81 76 75 78 84 93 104 117 131 101 94 90 89 91 97 105 115 126 139
22 26 62 40 44 13 40 0 28 25 37 46 36 23 10 45 6 42 35 30 12 7 44 40 55 57 41 10 32 38 30 47 27 10 8 23 19 57 23 35 101 88 76 66 61 60 63 71 82 95 93 79 65 54 47 46 51 60 73 87 87 72 56 43 34 32 39 51 65 81 83 67 50 34 21 18 29 44 60 77 82 64 47 30 13 7 23 41 58 75 82 65 48 32 17 13 26 42 59 76 85 69 53 39 28 26 34 48 63 79 91 75 61 49 41 40 45 56 70 84 98 84 71 61 55 54 58 67 78 92 106 93 82 74 69 68 71 78 88 100
36 13 58 61 39 26 33 28 0 46 54 65 13 8 37 35 29 35 51 27 39 33 35 60 48 84 32 20 5 53 29 64 4 24 23 28 12 49 48 34 86 70 56 42 34 33 40 52 67 83 82 65 49 33 21 19 30 45 62 78 80 63 46 29 12 8 25 42 59 77 81 64 47 30 15 13 27 43 60 77 84 68 52 38 27 26 35 49 64 80 89 74 60 48 41 40 46 57 71 86 96 82 70 60 54 53 58 67 79 93 105 92 81 73 68 67 71 79 89 101 114 103 93 86 82 81 84 91 100 111 125 114 106 99 96 95 98 103 111 121
12 49 87 15 69 37 65 25 46 0 56 21 57 43 25 70 30 66 11 55 23 20 69 16 80 45 66 28 49 15 55 23 43 35 33 47 41 82 12 60 126 112 99 87 78 72 70 72 78 87 118 103 89 77 66 59 56 59 66 77 112 96 81 67 55 46 42 46 55 68 108 91 75 59 45 33 29 34 45 60 105 88 71 54 37 22 15 23 38 55 104 86 69 52 34 17 1 18 36 53 105 87 70 54 37 22 14 23 38 55 107 91 74 59 44 33 28 33 45 60 112 96 81 67 54 45 42 46 55 67 118 103 89 76 66 58 56 58 66 76
57 44 44 66 36 30 37 37 54 56 0 74 55 47 33 42 33 37 67 33 34 40 42 69 44 61 41 45 59 70 31 77 56 33 35 28 43 46 47 30 90 82 77 76 78 85 94 105 118 131 78 69 63 62 65 73 83 96 109 124 68 57 49 48 52 61 73 87 102 118 59 45 36 34 40 51 65 81 97 113 52 36 23 20 29 44 60 76 93 110 48 31 14 7 23 40 57 74 91 109 49 32 17 11 24 40 57 75 92 109 54 39 27 24 32 46 61 78 94 111 61 49 40 38 44 54 68 83 99 115 71 61 54 52 56 65 77 90 105 120
29 69 108 8 90 58 86 46 65 21 74 0 77 64 45 91 50 87 15 76 43 40 90 6 101 43 87 48 67 14 76 6 62 56 54 68 62 103 28 81 147 132 119 107 97 88 83 81 83 88 139 124 110 97 85 76 69 67 69 75 133 117 102 88 75 64 56 53 56 64 128 111 95 80 65 53 43 40 43 53 124 107 91 74 58 43 31 26 31 43 122 105 88 71 54 37 21 12 21 37 121 104 87 70 52 35 18 3 18 35 123 105 88 71 55 39 24 17 24 39 125 109 92 76 60 46 35 31 35 46 129 113 98 83 69 56 48 44 48 56
48 12 49 72 31 30 26 36 13 57 55 77 0 15 44 26 36 27 63 23 47 42 25 71 38 93 23 30 13 65 25 76 17 30 30 28 18 39 58 29 74 58 43 31 26 31 43 58 74 91 70 53 37 21 12 21 37 54 71 88 70 52 35 18 3 18 35 53 70 87 72 55 39 25 17 25 39 55 72 89 76 61 47 36 31 36 47 61 76 92 83 69 57 49 45 49 57 69 83 98 92 79 69 62 59 62 69 79 91 105 101 90 81 76 73 75 81 90 101 113 112 102 94 89 87 89 94 101 111 123 124 115 108 103 101 103 107 113 122 133
35 8 53 58 34 18 28 23 8 43 47 64 15 0 31 31 22 30 50 21 33 28 31 58 43 79 28 16 13 52 22 63 10 17 17 20 4 45 44 28 85 70 56 45 39 40 47 60 74 89 80 63 48 34 25 27 37 52 68 84 77 59 42 26 12 15 30 47 64 81 76 59 42 24 8 12 29 46 64 81 78 62 45 30 20 22 34 50 66 83 83 67 53 41 33 35 43 56 71 87 89 75 62 53 47 48 55 65 78 93 97 85 74 65 61 62 67 76 87 101 107 95 86 79 75 76 80 87 97 109 117 107 98 92 89 89 93 99 108 119
26 33 64 37 47 17 44 10 37 25 33 45 44 31 0 49 9 45 35 34 3 8 49 39 58 49 46 19 41 39 34 47 36 16 15 26 27 60 18 38 105 92 82 74 69 68 72 80 90 102 96 83 70 61 55 55 59 68 80 94 89 74 60 49 41 41 47 58 72 87 84 67 52 38 28 27 36 50 65 81 80 63 46 30 16 14 28 44 61 78 80 62 45 28 11 8 25 43 60 77 81 64 48 32 19 18 30 46 62 79 85 69 54 41 32 32 40 52 67 83 91 77 63 52 46 45 51 61 74 89 99 86 74 65 60 59 64 72 83 96
64 24 23 84 8 33 6 45 35 70 42 91 26 31 49 0 41 6 78 16 52 51 1 85 13 95 4 44 38 81 16 91 39 35 37 24 31 14 66 13 57 44 36 35 42 54 68 84 100 116 49 34 22 21 32 46 63 79 96 113 46 29 12 9 25 42 60 77 94 111 46 29 14 12 26 43 60 77 94 112 51 36 26 24 34 48 64 80 97 114 59 47 39 38 45 56 70 85 101 117 69 59 53 52 57 66 78 92 107 122 80 72 67 66 70 78 88 100 114 129 92 85 81 80 83 90 99 110 123 136 105 98 95 94 97 102 110 120 132 145
27 24 58 43 40 9 36 6 29 30 33 50 36 22 9 41 0 38 39 26 12 10 41 45 51 58 38 13 34 43 26 52 28 7 6 18 19 53 25 31 98 85 73 65 60 61 66 75 86 99 89 75 62 52 47 47 54 64 77 92 83 67 53 40 33 34 42 55 70 86 79 62 46 30 19 21 33 49 65 82 77 59 42 25 8 11 28 46 63 80 77 60 43 27 13 15 30 47 64 81 81 64 49 35 26 27 37 52 67 84 86 71 57 46 40 40 48 59 73 89 93 80 68 58 53 54 60 69 82 95 102 90 79 71 67 68 72 80 91 104
61 23 23 81 5 30 3 42 35 66 37 87 27 30 45 6 38 0 75 12 48 48 6 82 14 91 5 41 39 78 12 88 39 32 34 20 30 16 63 8 60 48 41 40 46 57 70 85 101 117 52 38 27 26 34 48 64 80 96 113 47 31 16 13 26 43 60 77 94 111 46 29 12 8 24 42 59 76 93 111 49 34 21 19 30 45 61 78 95 112 56 43 34 33 40 52 67 82 99 115 65 55 48 47 52 62 75 89 104 120 76 67 62 61 65 73 84 97 111 126 88 80 76 75 78 85 94 106 119 133 100 94 90 89 92 97 106 116 128 141
16 56 96 13 78 47 73 35 51 11 67 15 63 50 35 78 39 75 0 64 34 29 78 10 89 49 74 35 53 4 64 14 48 44 42 57 48 91 22 69 134 119 106 93 82 74 70 69 73 80 127 112 97 83 71 62 56 55 60 69 122 105 90 75 61 50 42 42 48 59 118 101 84 68 53 39 29 28 37 50 115 98 81 64 47 31 17 15 28 44 114 97 80 62 45 28 11 8 25 42 115 98 81 64 48 32 18 17 29 45 118 101 85 69 54 40 31 30 38 51 122 106 91 76 62 51 44 44 49 60 128 113 98 85 73 63 58 57 62 70
49 14 34 69 15 18 10 30 27 55 33 76 23 21 34 16 26 12 64 0 37 36 15 70 26 81 12 30 31 67 3 77 30 20 22 9 19 28 51 8 72 59 49 44 46 53 65 78 93 109 64 49 37 30 33 43 56 72 88 104 59 42 27 16 21 34 50 67 84 101 57 39 22 5 14 31 48 65 83 100 58 41 26 14 19 33 50 67 84 101 63 48 35 28 30 41 55 71 87 103 70 57 47 42 43 51 63 77 92 108 79 68 60 56 57 63 73 85 99 114 90 80 73 70 71 76 84 95 107 121 101 93 87 84 84 89 96 105 117 129
25 36 66 35 49 19 46 12 39 23 34 43 47 33 3 52 12 48 34 37 0 9 51 37 61 46 49 21 44 38 36 45 38 19 18 28 30 62 16 41 108 95 85 76 72 71 74 81 91 103 99 85 73 64 58 57 61 70 81 94 92 77 63 52 44 43 49 59 72 87 86 70 54 41 31 29 37 50 65 81 82 65 48 32 19 16 28 44 60 77 81 64 46 29 12 7 24 41 58 76 82 65 48 32 18 16 28 43 60 77 86 70 54 40 30 29 37 50 65 81 91 76 63 51 44 43 48 59 72 86 99 85 73 63 57 56 61 69 81 94
18 32 68 34 50 18 46 7 33 20 40 40 42 28 8 51 10 48 29 36 9 0 50 35 61 52 47 14 37 33 36 42 31 16 14 28 25 63 17 41 107 94 82 72 66 64 66 73 83 95 99 85 71 60 52 50 53 61 73 86 93 77 62 49 39 36 40 51 64 79 89 72 56 40 27 22 29 42 58 74 86 69 52 35 18 8 20 37 54 71 86 69 52 35 18 7 20 37 54 71 88 72 55 40 27 21 28 42 57 74 93 77 62 49 39 35 40 50 64 79 99 84 71 60 52 49 52 61 72 86 107 93 81 72 65 63 65 72 82 94
63 24 24 84 8 33 6 44 35 69 42 90 25 31 49 1 41 6 78 15 51 50 0 84 13 95 4 43 37 80 16 91 38 35 37 24 31 15 66 13 57 44 36 35 41 53 68 83 99 115 50 35 23 21 31 46 62 78 95 112 46 29 13 9 25 42 59 76 93 111 47 30 15 11 26 42 59 77 94 111 52 37 26 24 33 47 63 79 96 113 59 47 39 38 44 56 69 84 100 117 69 59 53 52 57 66 78 91 106 122 80 72 67 66 70 77 88 100 114 128 92 85 81 80 83 89 98 109 122 136 105 98 95 94 97 102 110 120 131 144
24 63 102 5 84 52 80 40 60 16 69 6 71 58 39 85 45 82 10 70 37 35 84 0 95 42 81 42 62 11 70 9 56 50 48 62 56 97 23 75 141 127 113 102 91 84 79 78 81 87 133 118 104 91 80 71 65 64 68 75 127 111 96 82 69 59 52 51 55 64 122 106 90 74 60 47 39 37 43 54 119 102 85 68 52 37 26 23 32 46 117 100 82 65 48 31 15 10 24 41 117 99 82 65 48 30 14 8 24 41 118 101 84 67 51 36 23 21 30 45 121 105 89 73 58 45 36 34 40 52 126 110 95 80 67 56 49 48 52 62
75 36 12 94 12 43 16 55 48 80 44 101 38 43 58 13 51 14 89 26 61 61 13 95 0 102 16 55 50 92 25 102 51 45 48 33 43 2 75 20 48 38 35 40 50 64 79 95 111 128 39 26 21 28 42 58 74 91 108 125 34 17 7 21 37 55 72 89 106 124 34 18 9 21 38 55 72 89 106 124 40 28 23 30 43 59 75 92 108 125 50 40 37 42 52 65 80 96 112 129 61 54 51 55 63 74 87 102 117 133 73 67 65 68 75 84 96 110 124 139 86 81 79 82 87 96 106 118 132 146 100 95 94 95 100 107 117 128 140 154
56 82 104 38 91 65 89 57 84 45 61 43 93 79 49 95 58 91 49 81 46 52 95 42 102 0 92 65 88 52 80 48 82 64 63 72 76 103 37 83 149 138 129 122 117 114 114 117 122 129 138 127 117 109 103 100 100 103 109 117 128 116 105 96 90 87 87 90 97 106 119 106 94 84 77 73 73 77 85 95 111 97 84 72 64 59 59 64 73 85 104 89 75 61 51 45 45 52 63 76 99 83 67 52 39 31 32 41 54 69 96 79 62 46 30 18 19 32 48 64 94 77 60 43 25 8 11 28 45 62 95 78 61 44 28 14 16 30 46 63
60 21 26 80 9 30 4 41 32 66 41 87 23 28 46 4 38 5 74 12 49 47 4 81 16 92 0 40 35 77 13 88 35 32 34 21 28 18 63 11 60 47 38 35 41 52 66 81 97 113 53 38 25 21 30 44 60 76 93 110 49 32 16 8 22 39 56 73 91 108 50 33 16 9 23 39 56 74 91 108 54 38 26 22 30 44 60 76 93 110 61 48 39 36 42 53 66 81 97 113 70 59 52 50 54 63 75 88 103 119 81 72 66 64 68 75 85 97 110 125 93 85 80 79 81 87 96 107 119 132 105 98 94 93 95 100 107 117 128 141
20 21 63 43 44 16 39 10 20 28 45 48 30 16 19 44 13 41 35 30 21 14 43 42 55 65 40 0 24 38 31 48 18 13 10 25 14 57 29 36 99 85 72 60 53 51 54 62 74 87 93 77 62 49 40 37 41 52 65 80 88 71 55 40 28 23 30 43 59 75 86 68 51 34 18 9 21 38 55 72 85 68 51 34 17 7 20 37 55 72 88 71 54 39 26 20 28 42 58 74 92 76 61 48 38 34 39 50 64 79 98 83 70 59 51 48 52 60 72 86 106 92 80 71 64 62 65 72 82 94 115 102 92 83 78 76 78 84 93 104
38 17 61 63 42 31 36 32 5 49 59 67 13 13 41 38 34 39 53 31 44 37 37 62 50 88 35 24 0 55 33 66 6 29 28 32 17 51 52 38 87 71 55 41 30 28 35 48 63 79 83 66 49 33 19 14 26 42 59 75 82 65 48 30 13 5 22 40 57 74 84 67 50 34 20 16 27 43 59 76 87 71 56 42 32 30 37 49 64 80 93 78 65 53 45 44 49 59 71 86 101 87 75 65 59 58 61 69 80 93 109 97 86 78 73 71 74 81 91 102 119 108 98 91 86 85 88 94 102 112 130 119 111 104 100 99 101 106 114 123
18 59 100 14 81 50 76 38 53 15 70 14 65 52 39 81 43 78 4 67 38 33 80 11 92 52 77 38 55 0 67 12 50 48 45 60 51 94 26 73 136 122 108 95 84 75 70 68 71 78 130 114 100 86 73 63 56 54 58 66 125 108 93 77 63 51 43 41 45 56 121 104 87 71 55 41 30 27 34 47 119 101 84 67 50 34 19 13 25 41 118 101 83 66 49 31 14 5 22 39 119 102 85 68 51 35 21 16 27 42 122 105 88 72 57 43 33 30 36 49 126 110 94 79 65 54 46 44 48 58 131 116 101 88 75 65 59 58 61 69
50 16 33 69 14 18 10 30 29 55 31 76 25 22 34 16 26 12 64 3 36 36 16 70 25 80 13 31 33 67 0 77 32 20 23 9 21 27 51 6 72 60 50 46 48 56 67 81 95 111 64 49 38 32 35 45 59 74 90 106 58 42 27 18 23 37 52 69 86 103 55 38 21 5 15 32 50 67 84 101 56 40 23 12 19 34 51 68 85 102 61 46 33 26 29 41 55 71 88 104 68 55 45 40 42 51 63 77 93 108 77 66 57 54 55 62 72 85 99 114 88 78 71 68 69 75 83 94 107 121 99 90 84 82 83 87 95 105 116 129
29 69 109 13 91 60 87 47 64 23 77 6 76 63 47 91 52 88 14 77 45 42 91 9 102 48 88 48 66 12 77 0 61 57 55 70 62 104 31 82 147 133 119 106 95 86 80 77 78 82 140 125 110 97 84 74 66 63 64 70 134 118 103 88 74 62 53 49 51 58 130 113 97 81 66 52 41 35 38 47 127 110 93 76 60 44 30 22 26 38 125 108 91 73 56 39 22 8 16 32 125 108 91 73 56 39 22 8 16 32 127 110 93 76 60 44 30 21 25 38 130 113 97 81 66 52 41 35 38 47 134 118 103 88 74 62 53 49 51 58
33 16 61 58 42 26 37 27 4 43 56 62 17 10 36 39 28 39 48 30 38 31 38 56 51 82 35 18 6 50 32 61 0 24 23 30 13 52 46 37 90 74 59 46 36 33 39 50 64 80 86 69 53 37 24 19 28 43 59 75 84 67 49 32 15 6 22 39 56 73 84 67 50 33 17 10 23 39 56 74 87 71 55 40 28 24 32 45 60 77 92 76 62 49 40 38 43 53 67 82 99 84 71 61 54 52 56 64 76 89 107 94 82 73 67 66 69 76 86 98 116 104 94 86 81 80 82 88 96 107 126 115 106 99 95 94 96 101 108 118
31 18 53 49 34 3 30 10 24 35 33 56 30 17 16 35 7 32 44 20 19 16 35 50 45 64 32 13 29 48 20 57 24 0 3 13 13 47 32 26 91 78 67 58 55 56 63 73 85 99 84 69 56 46 41 43 51 63 77 93 78 62 47 34 27 30 41 55 71 87 74 57 40 24 13 19 34 50 67 84 73 56 39 21 4 15 32 49 66 84 75 58 42 27 17 22 36 52 68 85 79 64 49 37 31 34 44 57 73 89 86 71 59 49 45 47 54 66 79 94 94 81 70 62 59 60 66 76 88 102 103 92 82 76 73 74 79 87 98 110
28 19 55 47 37 6 32 8 23 33 35 54 30 17 15 37 6 34 42 22 18 14 37 48 48 63 34 10 28 45 23 55 23 3 0 16 13 50 30 28 94 80 68 59 55 55 61 71 83 97 86 71 58 47 41 42 49 61 75 90 80 64 49 36 27 29 39 53 69 85 77 60 43 27 14 17 31 48 65 82 76 59 41 24 7 12 29 46 64 81 78 61 44 29 18 20 33 49 65 82 82 66 51 39 31 32 42 55 70 86 88 74 61 51 45 46 53 64 77 92 96 83 72 63 59 59 65 74 86 99 105 93 84 76 73 73 78 85 96 108
43 16 40 61 22 10 18 23 28 47 28 68 28 20 26 24 18 20 57 9 28 28 24 62 33 72 21 25 32 60 9 70 30 13 16 0 18 35 43 13 80 68 58 52 52 58 67 79 93 108 72 57 46 38 38 46 57 71 87 102 65 49 35 25 25 35 49 65 82 98 62 45 28 13 13 28 45 62 79 96 61 44 27 11 11 27 44 61 79 96 64 48 33 22 22 33 48 64 81 98 70 55 43 35 35 43 55 70 85 101 78 65 55 49 49 54 64 77 91 107 87 76 67 63 62 67 75 86 99 113 98 88 81 77 76 80 87 97 108 121
33 8 52 56 33 15 28 19 12 41 43 62 18 4 27 31 19 30 48 19 30 25 31 56 43 76 28 14 17 51 21 62 13 13 13 18 0 45 41 26 86 71 58 48 42 43 51 62 76 91 80 64 49 36 28 30 40 54 70 86 76 59 43 27 15 18 32 49 66 83 75 58 41 23 6 12 30 47 64 81 77 60 43 28 16 19 33 49 66 83 81 65 50 37 30 31 41 55 70 86 87 72 59 49 43 45 52 63 77 92 95 81 70 62 57 58 64 73 85 99 104 92 82 75 71 72 77 85 95 107 114 103 94 88 85 86 90 96 106 117
76 38 11 96 14 45 18 57 49 82 46 103 39 45 60 14 53 16 91 28 62 63 15 97 2 103 18 57 51 94 27 104 52 47 50 35 45 0 77 22 46 36 34 39 51 65 80 96 112 129 37 24 20 28 43 59 75 92 109 126 32 15 6 22 39 56 73 90 108 125 33 17 11 23 40 56 74 91 108 125 40 28 24 32 45 60 77 93 110 127 50 41 38 43 54 67 82 98 114 130 61 54 53 56 65 76 89 104 119 135 74 68 67 70 76 86 98 112 126 141 87 82 81 83 89 97 108 120 134 148 100 96 95 97 102 109 119 130 142 156
20 48 81 20 64 34 61 23 48 12 47 28 58 44 18 66 25 63 22 51 16 17 66 23 75 37 63 29 52 26 51 31 46 32 30 43 41 77 0 56 122 109 98 88 81 78 78 82 89 98 114 100 87 76 68 64 64 69 77 88 107 92 78 65 55 50 50 56 66 79 101 85 69 55 43 36 37 45 57 71 97 80 63 48 33 23 24 35 50 66 95 77 60 43 26 11 13 29 46 63 95 77 60 43 26 11 12 29 45 63 97 80 63 47 33 23 23 35 50 66 101 85 69 55 43 36 36 44 57 71 107 91 77 65 55 50 50 56 66 79
56 21 28 74 9 23 8 35 34 60 30 81 29 28 38 13 31 8 69 8 41 41 13 75 20 83 11 36 38 73 6 82 37 26 28 13 26 22 56 0 68 56 48 46 50 59 71 85 100 116 59 45 35 32 38 49 63 79 95 111 53 37 23 18 27 42 58 74 91 108 50 32 15 5 21 38 55 73 90 107 51 34 19 12 23 39 56 73 90 108 56 41 29 26 33 45 61 77 93 110 63 51 42 40 44 54 68 82 98 114 73 63 56 54 57 65 77 90 104 119 84 75 69 68 71 77 87 99 112 126 96 88 83 82 84 90 98 109 121 134
119 78 46 140 59 89 62 101 86 126 90 147 74 85 105 57 98 60 134 72 108 107 57 141 48 149 60 99 87 136 72 147 90 91 94 80 86 46 122 68 0 18 35 52 70 87 104 122 139 156 15 23 38 54 71 88 105 122 140 157 29 34 45 60 75 91 108 125 142 159 43 47 55 68 82 97 113 129 145 162 58 60 67 77 90 104 119 134 150 166 72 74 80 88 99 112 126 140 156 171 86 88 93 100 110 122 134 148 162 177 100 102 106 112 121 132 144 156 170 184 115 116 119 125 133 143 154 166 179 192 129 130 133 138 145 154 164 176 188 201
104 64 40 126 48 76 50 88 70 112 82 132 58 70 92 44 85 48 119 59 95 94 44 127 38 138 47 85 71 122 60 133 74 78 80 68 71 36 109 56 18 0 18 35 52 70 87 104 122 139 23 15 23 38 54 71 88 105 122 140 34 29 34 45 60 75 91 108 125 142 47 43 46 55 67 82 97 112 129 145 60 57 60 67 77 90 104 118 134 150 74 72 73 79 88 99 112 126 140 155 88 86 87 92 100 110 121 134 148 162 102 100 101 105 112 121 131 143 156 170 116 114 115 119 125 133 142 153 165 178 130 128 129 132 138 145 154 164 175 187
90 51 42 114 42 66 41 76 56 99 77 119 43 56 82 36 73 41 106 49 85 82 36 113 35 129 38 72 55 108 50 119 59 67 68 58 58 34 98 48 35 18 0 18 35 52 70 87 104 122 38 23 15 23 38 54 71 88 105 122 45 34 29 34 45 60 75 91 108 125 55 46 43 46 55 67 81 97 112 129 67 60 57 60 67 77 90 104 118 134 80 73 71 73 79 88 99 112 126 140 93 87 85 87 92 99 109 121 134 148 106 101 99 101 105 112 121 131 143 156 119 115 114 115 118 124 132 142 153 165 133 129 128 129 132 137 144 153 163 175
78 41 49 102 42 58 39 66 42 87 76 107 31 45 74 35 65 40 93 44 76 72 35 102 40 122 35 60 41 95 46 106 46 58 59 52 48 39 88 46 52 35 18 0 18 35 52 70 87 104 54 38 23 15 23 38 54 71 88 105 60 45 34 29 33 45 59 75 91 108 68 55 46 43 46 55 67 81 97 112 77 67 60 57 59 66 77 89 103 118 88 79 73 71 73 79 88 99 112 125 100 92 87 85 87 91 99 109 121 134 112 105 101 99 100 105 111 120 131 143 125 119 115 113 114 118 124 132 141 152 138 132 129 127 128 131 137 144 153 163
68 38 61 93 49 55 45 61 34 78 78 97 26 39 69 42 60 46 82 46 72 66 41 91 50 117 41 53 30 84 48 95 36 55 55 52 42 51 81 50 70 52 35 18 0 18 35 52 70 87 71 54 38 23 15 23 38 54 71 88 75 60 45 33 29 33 45 59 75 91 82 67 55 46 43 46 55 67 81 96 90 77 67 59 57 59 66 77 89 103 99 88 79 73 71 73 78 87 99 111 110 100 92 87 85 86 91 99 109 120 121 112 105 100 99 100 104 111 120 130 133 125 118 114 113 114 117 123 131 141 145 138 132 128 127 127 131 136 143 152
61 42 75 86 60 58 55 60 33 72 85 88 31 40 68 54 61 57 74 53 71 64 53 84 64 114 52 51 28 75 56 86 33 56 55 58 43 65 78 59 87 70 52 35 18 0 18 35 52 70 88 71 54 38 23 14 23 38 54 71 91 75 60 45 33 28 33 45 59 75 97 82 67 55 46 42 46 55 67 81 104 90 77 66 59 56 59 66 76 89 112 99 88 79 73 70 72 78 87 98 122 110 99 91 86 84 86 91 98 108 132 121 112 105 100 98 99 104 110 119 143 133 124 118 114 112 113 117 123 131 154 145 137 131 127 126 127 130 135 143
59 52 90 82 74 65 68 63 40 70 94 83 43 47 72 68 66 70 70 65 74 66 68 79 79 114 66 54 35 70 67 80 39 63 61 67 51 80 78 71 104 87 70 52 35 18 0 18 35 52 105 88 71 54 38 23 14 23 38 54 108 91 75 59 45 33 28 33 45 59 113 97 81 67 55 46 42 46 54 67 119 104 90 77 66 59 56 59 66 76 126 112 99 88 78 72 70 72 78 87 134 121 109 99 91 86 84 85 90 98 144 131 121 111 104 99 98 99 103 110 154 142 132 124 117 113 112 113 116 122 164 154 144 137 131 127 125 126 130 135
62 65 106 81 89 75 83 71 52 72 105 81 58 60 80 84 75 85 69 78 81 73 83 78 95 117 81 62 48 68 81 77 50 73 71 79 62 96 82 85 122 104 87 70 52 35 18 0 18 35 122 105 88 71 54 38 23 14 23 38 125 108 91 75 59 45 33 28 33 45 129 112 97 81 67 55 46 42 45 54 134 118 104 89 77 66 59 56 58 65 140 126 112 99 87 78 72 70 72 77 148 134 121 109 99 91 85 83 85 90 156 143 131 120 111 104 99 97 99 103 166 153 142 132 123 117 113 111 112 116 176 164 153 144 136 130 126 125 126 129
69 80 122 85 105 88 99 82 67 78 118 83 74 74 90 100 86 101 73 93 91 83 99 81 111 122 97 74 63 71 95 78 64 85 83 93 76 112 89 100 139 122 104 87 70 52 35 18 0 18 140 122 105 88 71 54 38 23 14 23 142 125 108 91 75 59 45 33 28 33 145 129 112 97 81 67 54 45 42 45 150 134 118 103 89 76 66 58 55 58 156 140 126 112 99 87 78 72 69 71 162 148 134 121 109 98 90 85 83 85 170 156 143 131 120 110 103 99 97 98 179 165 153 141 131 123 116 112 110 112 188 175 163 153 143 135 130 126 124 125
79 95 139 91 121 102 115 95 83 87 131 88 91 89 102 116 99 117 80 109 103 95 115 87 128 129 113 87 79 78 111 82 80 99 97 108 91 129 98 116 156 139 122 104 87 70 52 35 18 0 157 140 122 105 88 71 54 38 23 14 159 142 125 108 91 75 59 45 33 28 162 145 129 112 96 81 67 54 45 42 166 150 134 118 103 89 76 65 58 55 171 155 140 125 111 98 87 77 71 69 177 162 148 134 120 108 98 90 85 83 184 170 156 143 130 119 110 103 98 96 192 178 165 152 141 131 122 116 112 110 201 187 175 163 152 143 135 129 125 124
112 73 35 132 50 81 54 93 82 118 78 139 70 80 96 49 89 52 127 64 99 99 50 133 39 138 53 93 83 130 64 140 86 84 86 72 80 37 114 59 15 23 38 54 71 88 105 122 140 157 0 18 35 52 70 87 104 122 139 156 15 23 38 54 71 88 105 122 140 157 29 34 45 60 75 91 108 125 142 159 43 47 55 68 82 97 113 129 145 162 58 60 67 77 90 104 119 134 150 166 72 74 80 88 99 112 126 140 156 171 86 88 93 100 110 122 134 148 162 177 100 102 106 112 121 132 144 156 170 184 115 116 119 125 133 143 154 166 179 192
97 57 26 118 37 67 40 79 65 103 69 124 53 63 83 34 75 38 112 49 85 85 35 118 26 127 38 77 66 114 49 125 69 69 71 57 64 24 100 45 23 15 23 38 54 71 88 105 122 140 18 0 18 35 52 70 87 104 122 139 23 15 23 38 54 71 88 105 122 140 34 29 34 45 60 75 91 108 125 142 47 43 46 55 67 82 97 112 129 145 60 57 60 67 77 90 104 118 134 150 74 72 73 79 88 99 112 126 140 155 88 86 87 92 100 110 121 134 148 162 102 100 101 105 112 121 131 143 156 170 116 114 115 119 125 133 142 153 165 178
82 41 28 104 28 54 28 65 49 89 63 110 37 48 70 22 62 27 97 37 73 71 23 104 21 117 25 62 49 100 38 110 53 56 58 46 49 20 87 35 38 23 15 23 38 54 71 88 105 122 35 18 0 18 35 52 70 87 104 122 38 23 15 23 38 54 71 88 105 122 45 34 29 34 45 60 75 91 108 125 55 46 43 46 55 67 81 97 112 129 67 60 57 60 67 77 90 104 118 134 80 73 71 73 79 88 99 112 126 140 93 87 85 87 92 99 109 121 134 148 106 101 99 101 105 112 121 131 143 156 119 115 114 115 118 124 132 142 153 165
68 29 39 92 29 45 25 54 33 77 62 97 21 34 61 21 52 26 83 30 64 60 21 91 28 109 21 49 33 86 32 97 37 46 47 38 36 28 76 32 54 38 23 15 23 38 54 71 88 105 52 35 18 0 18 35 52 70 87 104 54 38 23 15 23 38 54 71 88 105 60 45 34 29 33 45 59 75 91 108 68 55 46 43 46 55 67 81 97 112 77 67 60 57 59 66 77 89 103 118 88 79 73 71 73 79 88 99 112 125 100 92 87 85 87 91 99 109 121 134 112 105 101 99 100 105 111 120 131 143 125 119 115 113 114 118 124 132 141 152
56 24 53 81 38 41 33 47 21 66 65 85 12 25 55 32 47 34 71 33 58 52 31 80 42 103 30 40 19 73 35 84 24 41 41 38 28 43 68 38 71 54 38 23 15 23 38 54 71 88 70 52 35 18 0 18 35 52 70 87 71 54 38 23 15 23 38 54 71 88 75 60 45 33 29 33 45 59 75 91 82 67 55 46 43 46 55 67 81 96 90 77 67 59 57 59 66 77 89 103 99 88 79 73 71 73 78 87 99 111 110 100 92 87 85 86 91 99 109 120 121 112 105 100 99 100 104 111 120 130 133 125 118 114 113 114 117 123 131 141
48 30 69 73 52 44 46 46 19 59 73 76 21 27 55 46 47 48 62 43 57 50 46 71 58 100 44 37 14 63 45 74 19 43 42 46 30 59 64 49 88 71 54 38 23 14 23 38 54 71 87 70 52 35 18 0 18 35 52 70 88 71 54 38 23 14 23 38 54 71 91 75 60 45 33 28 33 45 59 75 97 82 67 55 46 42 46 55 67 81 104 90 77 66 59 56 59 66 76 89 112 99 88 79 73 70 72 78 87 98 122 110 99 91 86 84 86 91 98 108 132 121 112 105 100 98 99 104 110 119 143 133 124 118 114 112 113 117 123 131
45 43 85 68 68 53 62 51 30 56 83 69 37 37 59 63 54 64 56 56 61 53 62 65 74 100 60 41 26 56 59 66 28 51 49 57 40 75 64 63 105 88 71 54 38 23 14 23 38 54 104 87 70 52 35 18 0 18 35 52 105 88 71 54 38 23 14 23 38 54 108 91 75 59 45 33 28 33 45 59 113 97 81 67 55 46 42 46 54 67 119 104 90 77 66 59 56 59 66 76 126 112 99 88 78 72 70 72 78 87 134 121 109 99 91 86 84 85 90 98 144 131 121 111 104 99 98 99 103 110 154 142 132 124 117 113 112 113 116 122
49 58 102 68 84 66 78 60 45 59 96 67 54 52 68 79 64 80 55 72 70 61 78 64 91 103 76 52 42 54 74 63 43 63 61 71 54 92 69 79 122 105 88 71 54 38 23 14 23 38 122 104 87 70 52 35 18 0 18 35 122 105 88 71 54 38 23 14 23 38 125 108 91 75 59 45 33 28 33 45 129 112 97 81 67 55 46 42 45 54 134 118 104 89 77 66 59 56 58 65 140 126 112 99 87 78 72 70 72 77 148 134 121 109 99 91 85 83 85 90 156 143 131 120 111 104 99 97 99 103 166 153 142 132 123 117 113 111 112 116
58 74 119 72 100 80 94 73 62 66 109 69 71 68 80 96 77 96 60 88 81 73 95 68 108 109 93 65 59 58 90 64 59 77 75 87 70 109 77 95 140 122 105 88 71 54 38 23 14 23 139 122 104 87 70 52 35 18 0 18 140 122 105 88 71 54 38 23 14 23 142 125 108 91 75 59 45 33 28 33 145 129 112 97 81 67 54 45 42 45 150 134 118 103 89 76 66 58 55 58 156 140 126 112 99 87 78 72 69 71 162 148 134 121 109 98 90 85 83 85 170 156 143 131 120 110 103 99 97 98 179 165 153 141 131 123 116 112 110 112
70 91 136 79 117 95 111 87 78 77 124 75 88 84 94 113 92 113 69 104 94 86 112 75 125 117 110 80 75 66 106 70 75 93 90 102 86 126 88 111 157 140 122 105 88 71 54 38 23 14 156 139 122 104 87 70 52 35 18 0 157 140 122 105 88 71 54 38 23 14 159 142 125 108 91 75 59 45 33 28 162 145 129 112 96 81 67 54 45 42 166 150 134 118 103 89 76 65 58 55 171 155 140 125 111 98 87 77 71 69 177 162 148 134 120 108 98 90 85 83 184 170 156 143 130 119 110 103 98 96 192 178 165 152 141 131 122 116 112 110
108 69 26 126 44 75 49 87 80 112 68 133 70 77 89 46 83 47 122 59 92 93 46 127 34 128 49 88 82 125 58 134 84 78 80 65 76 32 107 53 29 34 45 60 75 91 108 125 142 159 15 23 38 54 71 88 105 122 140 157 0 18 35 52 70 87 104 122 139 156 15 23 38 54 71 88 105 122 140 157 29 34 45 60 75 91 108 125 142 159 43 47 55 68 82 97 113 129 145 162 58 60 67 77 90 104 119 134 150 166 72 74 80 88 99 112 126 140 156 171 86 88 93 100 110 122 134 148 162 177 100 102 106 112 121 132 144 156 170 184
91 52 13 110 28 59 33 72 63 96 57 117 52 59 74 29 67 31 105 42 77 77 29 111 17 116 32 71 65 108 42 118 67 62 64 49 59 15 92 37 34 29 34 45 60 75 91 108 125 142 23 15 23 38 54 71 88 105 122 140 18 0 18 35 52 70 87 104 122 139 23 15 23 38 54 71 88 105 122 140 34 29 34 45 60 75 91 108 125 142 47 43 46 55 67 82 97 112 129 145 60 57 60 67 77 90 104 118 134 150 74 72 73 79 88 99 112 126 140 155 88 86 87 92 100 110 121 134 148 162 102 100 101 105 112 121 131 143 156 170
75 35 17 96 15 45 17 56 46 81 49 102 35 42 60 12 53 16 90 27 63 62 13 96 7 105 16 55 48 93 27 103 49 47 49 35 43 6 78 23 45 34 29 34 45 60 75 91 108 125 38 23 15 23 38 54 71 88 105 122 35 18 0 18 35 52 70 87 104 122 38 23 15 23 38 54 71 88 105 122 45 34 29 34 45 60 75 91 108 125 55 46 43 46 55 67 81 97 112 129 67 60 57 60 67 77 90 104 118 134 80 73 71 73 79 88 99 112 126 140 93 87 85 87 92 99 109 121 134 148 106 101 99 101 105 112 121 131 143 156
60 19 32 82 16 33 12 43 29 67 48 88 18 26 49 9 40 13 75 16 52 49 9 82 21 96 8 40 30 77 18 88 32 34 36 25 27 22 65 18 60 45 34 29 33 45 59 75 91 108 54 38 23 15 23 38 54 71 88 105 52 35 18 0 18 35 52 70 87 104 54 38 23 15 23 38 54 71 88 105 60 45 34 29 33 45 59 75 91 108 68 55 46 43 46 55 67 81 97 112 77 67 60 57 59 66 77 89 103 118 88 79 73 71 73 79 88 99 112 125 100 92 87 85 87 91 99 109 121 134 112 105 101 99 100 105 111 120 131 143
46 10 48 70 30 27 24 34 12 55 52 75 3 12 41 25 33 26 61 21 44 39 25 69 37 90 22 28 13 63 23 74 15 27 27 25 15 39 55 27 75 60 45 33 29 33 45 59 75 91 71 54 38 23 15 23 38 54 71 88 70 52 35 18 0 18 35 52 70 87 71 54 38 23 15 23 38 54 71 88 75 60 45 33 29 33 45 59 75 91 82 67 55 46 43 46 55 67 81 96 90 77 67 59 57 59 66 77 89 103 99 88 79 73 71 73 78 87 99 111 110 100 92 87 85 86 91 99 109 120 121 112 105 100 99 100 104 111 120 130
35 21 65 60 47 32 41 32 8 46 61 64 18 15 41 42 34 43 50 34 43 36 42 59 55 87 39 23 5 51 37 62 6 30 29 35 18 56 50 42 91 75 60 45 33 28 33 45 59 75 88 71 54 38 23 14 23 38 54 71 87 70 52 35 18 0 18 35 52 70 88 71 54 38 23 14 23 38 54 71 91 75 60 45 33 28 33 45 59 75 97 82 67 55 46 42 46 55 67 81 104 90 77 66 59 56 59 66 76 89 112 99 88 79 73 70 72 78 87 98 122 110 99 91 86 84 86 91 98 108 132 121 112 105 100 98 99 104 110 119
31 37 82 54 63 44 58 39 25 42 73 56 35 30 47 60 42 60 42 50 49 40 59 52 72 87 56 30 22 43 52 53 22 41 39 49 32 73 50 58 108 91 75 59 45 33 28 33 45 59 105 88 71 54 38 23 14 23 38 54 104 87 70 52 35 18 0 18 35 52 105 88 71 54 38 23 14 23 38 54 108 91 75 59 45 33 28 33 45 59 113 97 81 67 55 46 42 46 54 67 119 104 90 77 66 59 56 59 66 76 126 112 99 88 78 72 70 72 78 87 134 121 109 99 91 86 84 85 90 98 144 131 121 111 104 99 98 99 103 110
36 54 99 54 81 58 75 51 42 46 87 53 53 47 58 77 55 77 42 67 59 51 76 51 89 90 73 43 40 41 69 49 39 55 53 65 49 90 56 74 125 108 91 75 59 45 33 28 33 45 122 105 88 71 54 38 23 14 23 38 122 104 87 70 52 35 18 0 18 35 122 105 88 71 54 38 23 14 23 38 125 108 91 75 59 45 33 28 33 45 129 112 97 81 67 55 46 42 45 54 134 118 104 89 77 66 59 56 58 65 140 126 112 99 87 78 72 70 72 77 148 134 121 109 99 91 85 83 85 90 156 143 131 120 111 104 99 97 99 103
48 71 117 59 98 74 92 65 59 55 102 56 70 64 72 94 70 94 48 84 72 64 93 55 106 97 91 59 57 45 86 51 56 71 69 82 66 108 66 91 142 125 108 91 75 59 45 33 28 33 140 122 105 88 71 54 38 23 14 23 139 122 104 87 70 52 35 18 0 18 140 122 105 88 71 54 38 23 14 23 142 125 108 91 75 59 45 33 28 33 145 129 112 97 81 67 54 45 42 45 150 134 118 103 89 76 66 58 55 58 156 140 126 112 99 87 78 72 69 71 162 148 134 121 109 98 90 85 83 85 170 156 143 131 120 110 103 99 97 98
62 88 134 68 115 90 109 81 77 68 118 64 87 81 87 111 86 111 59 101 87 79 111 64 124 106 108 75 74 56 103 58 73 87 85 98 83 125 79 108 159 142 125 108 91 75 59 45 33 28 157 140 122 105 88 71 54 38 23 14 156 139 122 104 87 70 52 35 18 0 157 140 122 105 88 71 54 38 23 14 159 142 125 108 91 75 59 45 33 28 162 145 129 112 96 81 67 54 45 42 166 150 134 118 103 89 76 65 58 55 171 155 140 125 111 98 87 77 71 69 177 162 148 134 120 108 98 90 85 83 184 170 156 143 130 119 110 103 98 96
104 69 24 120 43 71 48 83 81 108 59 128 72 76 84 46 79 46 118 57 86 89 47 122 34 119 50 86 84 121 55 130 84 74 77 62 75 33 101 50 43 47 55 68 82 97 113 129 145 162 29 34 45 60 75 91 108 125 142 159 15 23 38 54 71 88 105 122 140 157 0 18 35 52 70 87 104 122 139 156 15 23 38 54 71 88 105 122 140 157 29 34 45 60 75 91 108 125 142 159 43 47 55 68 82 97 113 129 145 162 58 60 67 77 90 104 119 134 150 166 72 74 80 88 99 112 126 140 156 171 86 88 93 100 110 122 134 148 162 177
87 52 7 104 25 54 31 67 64 91 45 111 55 59 67 29 62 29 101 39 70 72 30 106 18 106 33 68 67 104 38 113 67 57 60 45 58 17 85 32 47 43 46 55 67 82 97 112 129 145 34 29 34 45 60 75 91 108 125 142 23 15 23 38 54 71 88 105 122 140 18 0 18 35 52 70 87 104 122 139 23 15 23 38 54 71 88 105 122 140 34 29 34 45 60 75 91 108 125 142 47 43 46 55 67 82 97 112 129 145 60 57 60 67 77 90 104 118 134 150 74 72 73 79 88 99 112 126 140 155 88 86 87 92 100 110 121 134 148 162
70 35 13 88 8 38 14 50 47 75 36 95 39 42 52 14 46 12 84 22 54 56 15 90 9 94 16 51 50 87 21 97 50 40 43 28 41 11 69 15 55 46 43 46 55 67 81 97 112 129 45 34 29 34 45 60 75 91 108 125 38 23 15 23 38 54 71 88 105 122 35 18 0 18 35 52 70 87 104 122 38 23 15 23 38 54 71 88 105 122 45 34 29 34 45 60 75 91 108 125 55 46 43 46 55 67 81 97 112 129 67 60 57 60 67 77 90 104 118 134 80 73 71 73 79 88 99 112 126 140 93 87 85 87 92 99 109 121 134 148
54 18 30 73 11 22 6 34 30 59 34 80 25 24 38 12 30 8 68 5 41 40 11 74 21 84 9 34 34 71 5 81 33 24 27 13 23 23 55 5 68 55 46 43 46 55 67 81 97 112 60 45 34 29 33 45 59 75 91 108 54 38 23 15 23 38 54 71 88 105 52 35 18 0 18 35 52 70 87 104 54 38 23 15 23 38 54 71 88 105 60 45 34 29 33 45 59 75 91 108 68 55 46 43 46 55 67 81 97 112 77 67 60 57 59 66 77 89 103 118 88 79 73 71 73 79 88 99 112 125 100 92 87 85 87 91 99 109 121 134
38 6 47 59 28 13 22 21 15 45 40 65 17 8 28 26 19 24 53 14 31 27 26 60 38 77 23 18 20 55 15 66 17 13 14 13 6 40 43 21 82 67 55 46 43 46 55 67 81 96 75 60 45 33 29 33 45 59 75 91 71 54 38 23 15 23 38 54 71 88 70 52 35 18 0 18 35 52 70 87 71 54 38 23 15 23 38 54 71 88 75 60 45 33 29 33 45 59 75 91 82 67 55 46 43 46 55 67 81 96 90 77 67 59 57 59 66 77 89 103 99 88 79 73 71 73 78 87 99 111 110 100 92 87 85 86 91 99 109 120
24 19 64 48 45 21 39 18 13 33 51 53 25 12 27 43 21 42 39 31 29 22 42 47 55 73 39 9 16 41 32 52 10 19 17 28 12 56 36 38 97 82 67 55 46 42 46 55 67 81 91 75 60 45 33 28 33 45 59 75 88 71 54 38 23 14 23 38 54 71 87 70 52 35 18 0 18 35 52 70 88 71 54 38 23 14 23 38 54 71 91 75 60 45 33 28 33 45 59 75 97 82 67 55 46 42 46 55 67 81 104 90 77 66 59 56 59 66 76 89 112 99 88 79 73 70 72 78 87 98 122 110 99 91 86 84 86 91 98 108
17 36 82 41 62 37 57 29 27 29 65 43 39 29 36 60 33 59 29 48 37 29 59 39 72 73 56 21 27 30 50 41 23 34 31 45 30 74 37 55 113 97 81 67 55 46 42 46 54 67 108 91 75 59 45 33 28 33 45 59 105 88 71 54 38 23 14 23 38 54 104 87 70 52 35 18 0 18 35 52 105 88 71 54 38 23 14 23 38 54 108 91 75 59 45 33 28 33 45 59 113 97 81 67 55 46 42 46 54 67 119 104 90 77 66 59 56 59 66 76 126 112 99 88 78 72 70 72 78 87 134 121 109 99 91 86 84 85 90 98
26 54 99 40 80 53 74 44 43 34 81 40 55 46 50 77 49 76 28 65 50 42 77 37 89 77 74 38 43 27 67 35 39 50 48 62 47 91 45 73 129 112 97 81 67 55 46 42 45 54 125 108 91 75 59 45 33 28 33 45 122 105 88 71 54 38 23 14 23 38 122 104 87 70 52 35 18 0 18 35 122 105 88 71 54 38 23 14 23 38 125 108 91 75 59 45 33 28 33 45 129 112 97 81 67 55 46 42 45 54 134 118 104 89 77 66 59 56 58 65 140 126 112 99 87 78 72 70 72 77 148 134 121 109 99 91 85 83 85 90
40 71 116 47 97 70 91 60 60 45 97 43 72 64 65 94 65 93 37 83 65 58 94 43 106 85 91 55 59 34 84 38 56 67 65 79 64 108 57 90 145 129 112 97 81 67 54 45 42 45 142 125 108 91 75 59 45 33 28 33 140 122 105 88 71 54 38 23 14 23 139 122 104 87 70 52 35 18 0 18 140 122 105 88 71 54 38 23 14 23 142 125 108 91 75 59 45 33 28 33 145 129 112 97 81 67 54 45 42 45 150 134 118 103 89 76 66 58 55 58 156 140 126 112 99 87 78 72 69 71 162 148 134 121 109 98 90 85 83 85
56 88 133 58 114 87 109 77 77 60 113 53 89 81 81 112 82 111 50 100 81 74 111 54 124 95 108 72 76 47 101 47 74 84 82 96 81 125 71 107 162 145 129 112 96 81 67 54 45 42 159 142 125 108 91 75 59 45 33 28 157 140 122 105 88 71 54 38 23 14 156 139 122 104 87 70 52 35 18 0 157 140 122 105 88 71 54 38 23 14 159 142 125 108 91 75 59 45 33 28 162 145 129 112 96 81 67 54 45 42 166 150 134 118 103 89 76 65 58 55 171 155 140 125 111 98 87 77 71 69 177 162 148 134 120 108 98 90 85 83
103 71 29 117 45 70 51 82 84 105 52 124 76 78 80 51 77 49 115 58 82 86 52 119 40 111 54 85 87 119 56 127 87 73 76 61 77 40 97 51 58 60 67 77 90 104 119 134 150 166 43 47 55 68 82 97 113 129 145 162 29 34 45 60 75 91 108 125 142 159 15 23 38 54 71 88 105 122 140 157 0 18 35 52 70 87 104 122 139 156 15 23 38 54 71 88 105 122 140 157 29 34 45 60 75 91 108 125 142 159 43 47 55 68 82 97 113 129 145 162 58 60 67 77 90 104 119 134 150 166 72 74 80 88 99 112 126 140 156 171
86 55 19 100 30 53 36 64 68 88 36 107 61 62 63 36 59 34 98 41 65 69 37 102 28 97 38 68 71 101 40 110 71 56 59 44 60 28 80 34 60 57 60 67 77 90 104 118 134 150 47 43 46 55 67 82 97 112 129 145 34 29 34 45 60 75 91 108 125 142 23 15 23 38 54 71 88 105 122 140 18 0 18 35 52 70 87 104 122 139 23 15 23 38 54 71 88 105 122 140 34 29 34 45 60 75 91 108 125 142 47 43 46 55 67 82 97 112 129 145 60 57 60 67 77 90 104 118 134 150 74 72 73 79 88 99 112 126 140 155
68 39 21 83 18 36 23 47 52 71 23 91 47 45 46 26 42 21 81 26 48 52 26 85 23 84 26 51 56 84 23 93 55 39 41 27 43 24 63 19 67 60 57 60 67 77 90 104 118 134 55 46 43 46 55 67 81 97 112 129 45 34 29 34 45 60 75 91 108 125 38 23 15 23 38 54 71 88 105 122 35 18 0 18 35 52 70 87 104 122 38 23 15 23 38 54 71 88 105 122 45 34 29 34 45 60 75 91 108 125 55 46 43 46 55 67 81 97 112 129 67 60 57 60 67 77 90 104 118 134 80 73 71 73 79 88 99 112 126 140
51 26 34 67 19 18 19 30 38 54 20 74 36 30 30 24 25 19 64 14 32 35 24 68 30 72 22 34 42 67 12 76 40 21 24 11 28 32 48 12 77 67 60 57 59 66 77 89 103 118 68 55 46 43 46 55 67 81 97 112 60 45 34 29 33 45 59 75 91 108 54 38 23 15 23 38 54 71 88 105 52 35 18 0 18 35 52 70 87 104 54 38 23 15 23 38 54 71 88 105 60 45 34 29 33 45 59 75 91 108 68 55 46 43 46 55 67 81 97 112 77 67 60 57 59 66 77 89 103 118 88 79 73 71 73 79 88 99 112 125
34 20 50 51 32 2 28 13 27 37 29 58 31 20 16 34 8 30 47 19 19 18 33 52 43 64 30 17 32 50 19 60 28 4 7 11 16 45 33 23 90 77 67 59 57 59 66 77 89 103 82 67 55 46 43 46 55 67 81 96 75 60 45 33 29 33 45 59 75 91 71 54 38 23 15 23 38 54 71 88 70 52 35 18 0 18 35 52 70 87 71 54 38 23 15 23 38 54 71 88 75 60 45 33 29 33 45 59 75 91 82 67 55 46 43 46 55 67 81 96 90 77 67 59 57 59 66 77 89 103 99 88 79 73 71 73 78 87 99 111
17 27 66 37 48 17 43 7 26 22 44 43 36 22 14 48 11 45 31 33 16 8 47 37 59 59 44 7 30 34 34 44 24 15 12 27 19 60 23 39 104 90 77 66 59 56 59 66 76 89 97 82 67 55 46 42 46 55 67 81 91 75 60 45 33 28 33 45 59 75 88 71 54 38 23 14 23 38 54 71 87 70 52 35 18 0 18 35 52 70 88 71 54 38 23 14 23 38 54 71 91 75 60 45 33 28 33 45 59 75 97 82 67 55 46 42 46 55 67 81 104 90 77 66 59 56 59 66 76 89 112 99 88 79 73 70 72 78 87 98
4 41 83 27 64 35 59 23 35 15 60 31 47 34 28 64 28 61 17 50 28 20 63 26 75 59 60 20 37 19 51 30 32 32 29 44 33 77 24 56 119 104 90 77 66 59 56 59 66 76 113 97 81 67 55 46 42 46 54 67 108 91 75 59 45 33 28 33 45 59 105 88 71 54 38 23 14 23 38 54 104 87 70 52 35 18 0 18 35 52 105 88 71 54 38 23 14 23 38 54 108 91 75 59 45 33 28 33 45 59 113 97 81 67 55 46 42 46 54 67 119 104 90 77 66 59 56 59 66 76 126 112 99 88 78 72 70 72 78 87
19 57 100 27 81 52 76 41 49 23 76 26 61 50 44 80 46 78 15 67 44 37 79 23 92 64 76 37 49 13 68 22 45 49 46 61 49 93 35 73 134 118 104 89 77 66 59 56 58 65 129 112 97 81 67 55 46 42 45 54 125 108 91 75 59 45 33 28 33 45 122 105 88 71 54 38 23 14 23 38 122 104 87 70 52 35 18 0 18 35 122 105 88 71 54 38 23 14 23 38 125 108 91 75 59 45 33 28 33 45 129 112 97 81 67 55 46 42 45 54 134 118 104 89 77 66 59 56 58 65 140 126 112 99 87 78 72 70 72 77
37 73 117 36 98 69 93 58 64 38 93 31 76 66 61 97 63 95 28 84 60 54 96 32 108 73 93 55 64 25 85 26 60 66 64 79 66 110 50 90 150 134 118 103 89 76 66 58 55 58 145 129 112 97 81 67 54 45 42 45 142 125 108 91 75 59 45 33 28 33 140 122 105 88 71 54 38 23 14 23 139 122 104 87 70 52 35 18 0 18 140 122 105 88 71 54 38 23 14 23 142 125 108 91 75 59 45 33 28 33 145 129 112 97 81 67 54 45 42 45 150 134 118 103 89 76 66 58 55 58 156 140 126 112 99 87 78 72 69 71
54 90 135 50 115 86 110 75 80 55 110 43 92 83 78 114 80 112 44 101 77 71 113 46 125 85 110 72 80 41 102 38 77 84 81 96 83 127 66 108 166 150 134 118 103 89 76 65 58 55 162 145 129 112 96 81 67 54 45 42 159 142 125 108 91 75 59 45 33 28 157 140 122 105 88 71 54 38 23 14 156 139 122 104 87 70 52 35 18 0 157 140 122 105 88 71 54 38 23 14 159 142 125 108 91 75 59 45 33 28 162 145 129 112 96 81 67 54 45 42 166 150 134 118 103 89 76 65 58 55 171 155 140 125 111 98 87 77 71 69
104 77 39 114 52 72 58 82 89 104 48 122 83 83 80 59 77 56 114 63 81 86 59 117 50 104 61 88 93 118 61 125 92 75 78 64 81 50 95 56 72 74 80 88 99 112 126 140 156 171 58 60 67 77 90 104 119 134 150 166 43 47 55 68 82 97 113 129 145 162 29 34 45 60 75 91 108 125 142 159 15 23 38 54 71 88 105 122 140 157 0 18 35 52 70 87 104 122 139 156 15 23 38 54 71 88 105 122 140 157 29 34 45 60 75 91 108 125 142 159 43 47 55 68 82 97 113 129 145 162 58 60 67 77 90 104 119 134 150 166
86 61 33 97 40 55 45 65 74 86 31 105 69 67 62 47 60 43 97 48 64 69 47 100 40 89 48 71 78 101 46 108 76 58 61 48 65 41 77 41 74 72 73 79 88 99 112 126 140 155 60 57 60 67 77 90 104 118 134 150 47 43 46 55 67 82 97 112 129 145 34 29 34 45 60 75 91 108 125 142 23 15 23 38 54 71 88 105 122 140 18 0 18 35 52 70 87 104 122 139 23 15 23 38 54 71 88 105 122 140 34 29 34 45 60 75 91 108 125 142 47 43 46 55 67 82 97 112 129 145 60 57 60 67 77 90 104 118 134 150
69 48 34 80 32 39 35 48 60 69 14 88 57 53 45 39 43 34 80 35 46 52 39 82 37 75 39 54 65 83 33 91 62 42 44 33 50 38 60 29 80 73 71 73 79 88 99 112 126 140 67 60 57 60 67 77 90 104 118 134 55 46 43 46 55 67 81 97 112 129 45 34 29 34 45 60 75 91 108 125 38 23 15 23 38 54 71 88 105 122 35 18 0 18 35 52 70 87 104 122 38 23 15 23 38 54 71 88 105 122 45 34 29 34 45 60 75 91 108 125 55 46 43 46 55 67 81 97 112 129 67 60 57 60 67 77 90 104 118 134
52 37 43 63 32 24 33 32 48 52 7 71 49 41 28 38 27 33 62 28 29 35 38 65 42 61 36 39 53 66 26 73 49 27 29 22 37 43 43 26 88 79 73 71 73 79 88 99 112 125 77 67 60 57 59 66 77 89 103 118 68 55 46 43 46 55 67 81 97 112 60 45 34 29 33 45 59 75 91 108 54 38 23 15 23 38 54 71 88 105 52 35 18 0 18 35 52 70 87 104 54 38 23 15 23 38 54 71 88 105 60 45 34 29 33 45 59 75 91 108 68 55 46 43 46 55 67 81 97 112 77 67 60 57 59 66 77 89 103 118
36 34 56 46 41 16 39 17 41 34 23 54 45 33 11 45 13 40 45 30 12 18 44 48 52 51 42 26 45 49 29 56 40 17 18 22 30 54 26 33 99 88 79 73 71 73 78 87 99 111 90 77 67 59 57 59 66 77 89 103 82 67 55 46 43 46 55 67 81 96 75 60 45 33 29 33 45 59 75 91 71 54 38 23 15 23 38 54 71 88 70 52 35 18 0 18 35 52 70 87 71 54 38 23 15 23 38 54 71 88 75 60 45 33 29 33 45 59 75 91 82 67 55 46 43 46 55 67 81 96 90 77 67 59 57 59 66 77 89 103
20 38 71 29 54 23 51 13 40 17 40 37 49 35 8 56 15 52 28 41 7 7 56 31 65 45 53 20 44 31 41 39 38 22 20 33 31 67 11 45 112 99 88 79 73 70 72 78 87 98 104 90 77 66 59 56 59 66 76 89 97 82 67 55 46 42 46 55 67 81 91 75 60 45 33 28 33 45 59 75 88 71 54 38 23 14 23 38 54 71 87 70 52 35 18 0 18 35 52 70 88 71 54 38 23 14 23 38 54 71 91 75 60 45 33 28 33 45 59 75 97 82 67 55 46 42 46 55 67 81 104 90 77 66 59 56 59 66 76 89
12 49 87 15 69 38 65 26 46 1 57 21 57 43 25 70 30 67 11 55 24 20 69 15 80 45 66 28 49 14 55 22 43 36 33 48 41 82 13 61 126 112 99 88 78 72 70 72 78 87 119 104 90 77 66 59 56 59 66 76 113 97 81 67 55 46 42 46 54 67 108 91 75 59 45 33 28 33 45 59 105 88 71 54 38 23 14 23 38 54 104 87 70 52 35 18 0 18 35 52 105 88 71 54 38 23 14 23 38 54 108 91 75 59 45 33 28 33 45 59 113 97 81 67 55 46 42 46 54 67 119 104 90 77 66 59 56 59 66 76
22 63 104 14 85 54 80 42 57 18 74 12 69 56 43 85 47 82 8 71 41 37 84 10 96 52 81 42 59 5 71 8 53 52 49 64 55 98 29 77 140 126 112 99 87 78 72 70 72 77 134 118 104 89 77 66 59 56 58 65 129 112 97 81 67 55 46 42 45 54 125 108 91 75 59 45 33 28 33 45 122 105 88 71 54 38 23 14 23 38 122 104 87 70 52 35 18 0 18 35 122 105 88 71 54 38 23 14 23 38 125 108 91 75 59 45 33 28 33 45 129 112 97 81 67 55 46 42 45 54 134 118 104 89 77 66 59 56 58 65
38 78 120 28 101 71 97 59 71 36 91 21 83 71 60 101 64 99 25 87 58 54 100 24 112 63 97 58 71 22 88 16 67 68 65 81 70 114 46 93 156 140 126 112 99 87 78 72 69 71 150 134 118 103 89 76 66 58 55 58 145 129 112 97 81 67 54 45 42 45 142 125 108 91 75 59 45 33 28 33 140 122 105 88 71 54 38 23 14 23 139 122 104 87 70 52 35 18 0 18 140 122 105 88 71 54 38 23 14 23 142 125 108 91 75 59 45 33 28 33 145 129 112 97 81 67 54 45 42 45 150 134 118 103 89 76 66 58 55 58
55 94 137 45 118 88 113 76 86 53 109 37 98 87 77 117 81 115 42 103 76 71 117 41 129 76 113 74 86 39 104 32 82 85 82 98 86 130 63 110 171 155 140 125 111 98 87 77 71 69 166 150 134 118 103 89 76 65 58 55 162 145 129 112 96 81 67 54 45 42 159 142 125 108 91 75 59 45 33 28 157 140 122 105 88 71 54 38 23 14 156 139 122 104 87 70 52 35 18 0 157 140 122 105 88 71 54 38 23 14 159 142 125 108 91 75 59 45 33 28 162 145 129 112 96 81 67 54 45 42 166 150 134 118 103 89 76 65 58 55
106 84 52 114 62 76 67 85 96 105 49 121 92 89 81 69 81 65 115 70 82 88 69 117 61 99 70 92 101 119 68 125 99 79 82 70 87 61 95 63 86 88 93 100 110 122 134 148 162 177 72 74 80 88 99 112 126 140 156 171 58 60 67 77 90 104 119 134 150 166 43 47 55 68 82 97 113 129 145 162 29 34 45 60 75 91 108 125 142 159 15 23 38 54 71 88 105 122 140 157 0 18 35 52 70 87 104 122 139 156 15 23 38 54 71 88 105 122 140 157 29 34 45 60 75 91 108 125 142 159 43 47 55 68 82 97 113 129 145 162
89 70 47 96 51 61 56 69 82 87 32 104 79 75 64 59 64 55 98 57 65 72 59 99 54 83 59 76 87 102 55 108 84 64 66 55 72 54 77 51 88 86 87 92 100 110 121 134 148 162 74 72 73 79 88 99 112 126 140 155 60 57 60 67 77 90 104 118 134 150 47 43 46 55 67 82 97 112 129 145 34 29 34 45 60 75 91 108 125 142 23 15 23 38 54 71 88 105 122 140 18 0 18 35 52 70 87 104 122 139 23 15 23 38 54 71 88 105 122 140 34 29 34 45 60 75 91 108 125 142 47 43 46 55 67 82 97 112 129 145
73 59 48 79 45 46 48 53 70 70 17 87 69 62 48 53 49 48 81 47 48 55 53 82 51 67 52 61 75 85 45 91 71 49 51 43 59 53 60 42 93 87 85 87 92 99 109 121 134 148 80 73 71 73 79 88 99 112 126 140 67 60 57 60 67 77 90 104 118 134 55 46 43 46 55 67 81 97 112 129 45 34 29 34 45 60 75 91 108 125 38 23 15 23 38 54 71 88 105 122 35 18 0 18 35 52 70 87 104 122 38 23 15 23 38 54 71 88 105 122 45 34 29 34 45 60 75 91 108 125 55 46 43 46 55 67 81 97 112 129
57 50 55 62 46 35 47 39 60 54 11 70 62 53 32 52 35 47 64 42 32 40 52 65 55 52 50 48 65 68 40 73 61 37 39 35 49 56 43 40 100 92 87 85 87 91 99 109 121 134 88 79 73 71 73 79 88 99 112 125 77 67 60 57 59 66 77 89 103 118 68 55 46 43 46 55 67 81 97 112 60 45 34 29 33 45 59 75 91 108 54 38 23 15 23 38 54 71 88 105 52 35 18 0 18 35 52 70 87 104 54 38 23 15 23 38 54 71 88 105 60 45 34 29 33 45 59 75 91 108 68 55 46 43 46 55 67 81 97 112
42 48 65 44 52 30 51 28 54 37 24 52 59 47 19 57 26 52 48 43 18 27 57 48 63 39 54 38 59 51 42 56 54 31 31 35 43 65 26 44 110 100 92 87 85 86 91 99 109 120 99 88 79 73 71 73 78 87 99 111 90 77 67 59 57 59 66 77 89 103 82 67 55 46 43 46 55 67 81 96 75 60 45 33 29 33 45 59 75 91 71 54 38 23 15 23 38 54 71 88 70 52 35 18 0 18 35 52 70 87 71 54 38 23 15 23 38 54 71 88 75 60 45 33 29 33 45 59 75 91 82 67 55 46 43 46 55 67 81 96
30 51 79 27 63 34 61 26 53 22 40 35 62 48 18 66 27 62 32 51 16 21 66 30 74 31 63 34 58 35 51 39 52 34 32 43 45 76 11 54 122 110 99 91 86 84 86 91 98 108 112 99 88 79 73 70 72 78 87 98 104 90 77 66 59 56 59 66 76 89 97 82 67 55 46 42 46 55 67 81 91 75 60 45 33 28 33 45 59 75 88 71 54 38 23 14 23 38 54 71 87 70 52 35 18 0 18 35 52 70 88 71 54 38 23 14 23 38 54 71 91 75 60 45 33 28 33 45 59 75 97 82 67 55 46 42 46 55 67 81
25 59 93 10 76 45 73 34 58 14 57 18 69 55 30 78 37 75 18 63 28 28 78 14 87 32 75 39 61 21 63 22 56 44 42 55 52 89 12 68 134 121 109 99 91 86 84 85 90 98 126 112 99 88 78 72 70 72 78 87 119 104 90 77 66 59 56 59 66 76 113 97 81 67 55 46 42 46 54 67 108 91 75 59 45 33 28 33 45 59 105 88 71 54 38 23 14 23 38 54 104 87 70 52 35 18 0 18 35 52 105 88 71 54 38 23 14 23 38 54 108 91 75 59 45 33 28 33 45 59 113 97 81 67 55 46 42 46 54 67
32 71 109 9 91 60 87 48 67 23 75 3 79 65 46 92 52 89 17 77 43 42 91 8 102 41 88 50 69 16 77 8 64 57 55 70 63 104 29 82 148 134 121 109 99 91 85 83 85 90 140 126 112 99 87 78 72 70 72 77 134 118 104 89 77 66 59 56 58 65 129 112 97 81 67 55 46 42 45 54 125 108 91 75 59 45 33 28 33 45 122 105 88 71 54 38 23 14 23 38 122 104 87 70 52 35 18 0 18 35 122 105 88 71 54 38 23 14 23 38 125 108 91 75 59 45 33 28 33 45 129 112 97 81 67 55 46 42 45 54
44 85 125 26 106 75 102 63 79 38 92 18 91 78 62 107 67 104 29 92 60 57 106 24 117 54 103 64 80 27 93 16 76 73 70 85 77 119 45 98 162 148 134 121 109 98 90 85 83 85 156 140 126 112 99 87 78 72 69 71 150 134 118 103 89 76 66 58 55 58 145 129 112 97 81 67 54 45 42 45 142 125 108 91 75 59 45 33 28 33 140 122 105 88 71 54 38 23 14 23 139 122 104 87 70 52 35 18 0 18 140 122 105 88 71 54 38 23 14 23 142 125 108 91 75 59 45 33 28 33 145 129 112 97 81 67 54 45 42 45
59 99 141 43 122 91 118 79 93 55 109 35 105 93 79 122 84 120 45 108 77 74 122 41 133 69 119 79 93 42 108 32 89 89 86 101 92 135 63 114 177 162 148 134 120 108 98 90 85 83 171 155 140 125 111 98 87 77 71 69 166 150 134 118 103 89 76 65 58 55 162 145 129 112 96 81 67 54 45 42 159 142 125 108 91 75 59 45 33 28 157 140 122 105 88 71 54 38 23 14 156 139 122 104 87 70 52 35 18 0 157 140 122 105 88 71 54 38 23 14 159 142 125 108 91 75 59 45 33 28 162 145 129 112 96 81 67 54 45 42
110 93 65 115 73 83 78 91 105 107 54 123 101 97 85 80 86 76 118 79 86 93 80 118 73 96 81 98 109 122 77 127 107 86 88 78 95 74 97 73 100 102 106 112 121 132 144 156 170 184 86 88 93 100 110 122 134 148 162 177 72 74 80 88 99 112 126 140 156 171 58 60 67 77 90 104 119 134 150 166 43 47 55 68 82 97 113 129 145 162 29 34 45 60 75 91 108 125 142 159 15 23 38 54 71 88 105 122 140 157 0 18 35 52 70 87 104 122 139 156 15 23 38 54 71 88 105 122 140 157 29 34 45 60 75 91 108 125 142 159
94 80 61 98 64 69 68 75 92 91 39 105 90 85 69 72 71 67 101 68 70 77 72 101 67 79 72 83 97 105 66 110 94 71 74 65 81 68 80 63 102 100 101 105 112 121 131 143 156 170 88 86 87 92 100 110 121 134 148 162 74 72 73 79 88 99 112 126 140 155 60 57 60 67 77 90 104 118 134 150 47 43 46 55 67 82 97 112 129 145 34 29 34 45 60 75 91 108 125 142 23 15 23 38 54 71 88 105 122 140 18 0 18 35 52 70 87 104 122 139 23 15 23 38 54 71 88 105 122 140 34 29 34 45 60 75 91 108 125 142
79 70 61 81 59 57 62 61 81 74 27 88 81 74 54 67 57 62 85 60 54 62 67 84 65 62 66 70 86 88 57 93 82 59 61 55 70 67 63 56 106 101 99 101 105 112 121 131 143 156 93 87 85 87 92 99 109 121 134 148 80 73 71 73 79 88 99 112 126 140 67 60 57 60 67 77 90 104 118 134 55 46 43 46 55 67 81 97 112 129 45 34 29 34 45 60 75 91 108 125 38 23 15 23 38 54 71 88 105 122 35 18 0 18 35 52 70 87 104 122 38 23 15 23 38 54 71 88 105 122 45 34 29 34 45 60 75 91 108 125
64 64 67 64 60 48 61 49 73 59 24 71 76 65 41 66 46 61 69 56 40 49 66 67 68 46 64 59 78 72 54 76 73 49 51 49 62 70 47 54 112 105 101 99 100 105 111 120 131 143 100 92 87 85 87 91 99 109 121 134 88 79 73 71 73 79 88 99 112 125 77 67 60 57 59 66 77 89 103 118 68 55 46 43 46 55 67 81 97 112 60 45 34 29 33 45 59 75 91 108 54 38 23 15 23 38 54 71 88 105 52 35 18 0 18 35 52 70 87 104 54 38 23 15 23 38 54 71 88 105 60 45 34 29 33 45 59 75 91 108
52 62 76 47 65 44 64 41 68 44 32 55 73 61 32 70 40 65 54 57 30 39 70 51 75 30 68 51 73 57 55 60 67 45 45 49 57 76 33 57 121 112 105 100 99 100 104 111 120 130 110 100 92 87 85 86 91 99 109 120 99 88 79 73 71 73 78 87 99 111 90 77 67 59 57 59 66 77 89 103 82 67 55 46 43 46 55 67 81 96 75 60 45 33 29 33 45 59 75 91 71 54 38 23 15 23 38 54 71 88 70 52 35 18 0 18 35 52 70 87 71 54 38 23 15 23 38 54 71 88 75 60 45 33 29 33 45 59 75 91
42 64 88 32 74 47 72 40 67 33 46 39 75 62 32 78 40 73 40 63 29 35 77 36 84 18 75 48 71 43 62 44 66 47 46 54 58 86 23 65 132 121 112 105 100 98 99 104 110 119 122 110 99 91 86 84 86 91 98 108 112 99 88 79 73 70 72 78 87 98 104 90 77 66 59 56 59 66 76 89 97 82 67 55 46 42 46 55 67 81 91 75 60 45 33 28 33 45 59 75 88 71 54 38 23 14 23 38 54 71 87 70 52 35 18 0 18 35 52 70 88 71 54 38 23 14 23 38 54 71 91 75 60 45 33 28 33 45 59 75
39 71 101 19 85 56 82 45 71 28 61 24 81 67 40 88 48 84 31 73 37 40 88 23 96 19 85 52 74 33 72 30 69 54 53 64 64 98 23 77 144 131 121 111 104 99 98 99 103 110 134 121 109 99 91 86 84 85 90 98 126 112 99 88 78 72 70 72 78 87 119 104 90 77 66 59 56 59 66 76 113 97 81 67 55 46 42 46 54 67 108 91 75 59 45 33 28 33 45 59 105 88 71 54 38 23 14 23 38 54 104 87 70 52 35 18 0 18 35 52 105 88 71 54 38 23 14 23 38 54 108 91 75 59 45 33 28 33 45 59
43 81 115 19 98 68 95 56 79 33 78 17 90 76 52 100 59 97 30 85 50 50 100 21 110 32 97 60 81 30 85 21 76 66 64 77 73 112 35 90 156 143 131 120 111 104 99 97 99 103 148 134 121 109 99 91 85 83 85 90 140 126 112 99 87 78 72 70 72 77 134 118 104 89 77 66 59 56 58 65 129 112 97 81 67 55 46 42 45 54 125 108 91 75 59 45 33 28 33 45 122 105 88 71 54 38 23 14 23 38 122 104 87 70 52 35 18 0 18 35 122 105 88 71 54 38 23 14 23 38 125 108 91 75 59 45 33 28 33 45
53 93 130 31 113 82 109 70 89 45 94 24 101 87 67 114 73 111 38 99 65 64 114 30 124 48 110 72 91 36 99 25 86 79 77 91 85 126 50 104 170 156 143 131 120 110 103 99 97 98 162 148 134 121 109 98 90 85 83 85 156 140 126 112 99 87 78 72 69 71 150 134 118 103 89 76 66 58 55 58 145 129 112 97 81 67 54 45 42 45 142 125 108 91 75 59 45 33 28 33 140 122 105 88 71 54 38 23 14 23 139 122 104 87 70 52 35 18 0 18 140 122 105 88 71 54 38 23 14 23 142 125 108 91 75 59 45 33 28 33
66 107 146 46 128 97 124 84 101 60 111 39 113 101 83 129 89 126 51 114 81 79 128 45 139 64 125 86 102 49 114 38 98 94 92 107 99 141 66 119 184 170 156 143 130 119 110 103 98 96 177 162 148 134 120 108 98 90 85 83 171 155 140 125 111 98 87 77 71 69 166 150 134 118 103 89 76 65 58 55 162 145 129 112 96 81 67 54 45 42 159 142 125 108 91 75 59 45 33 28 157 140 122 105 88 71 54 38 23 14 156 139 122 104 87 70 52 35 18 0 157 140 122 105 88 71 54 38 23 14 159 142 125 108 91 75 59 45 33 28
116 103 78 118 85 91 89 98 114 112 61 125 112 107 91 92 93 88 122 90 91 99 92 121 86 94 93 106 119 126 88 130 116 94 96 87 104 87 101 84 115 116 119 125 133 143 154 166 179 192 100 102 106 112 121 132 144 156 170 184 86 88 93 100 110 122 134 148 162 177 72 74 80 88 99 112 126 140 156 171 58 60 67 77 90 104 119 134 150 166 43 47 55 68 82 97 113 129 145 162 29 34 45 60 75 91 108 125 142 159 15 23 38 54 71 88 105 122 140 157 0 18 35 52 70 87 104 122 139 156 15 23 38 54 71 88 105 122 140 157
101 92 75 101 77 79 81 84 103 96 49 109 102 95 77 85 80 80 106 80 76 84 85 105 81 77 85 92 108 110 78 113 104 81 83 76 92 82 85 75 116 114 115 119 125 133 142 153 165 178 102 100 101 105 112 121 131 143 156 170 88 86 87 92 100 110 121 134 148 162 74 72 73 79 88 99 112 126 140 155 60 57 60 67 77 90 104 118 134 150 47 43 46 55 67 82 97 112 129 145 34 29 34 45 60 75 91 108 125 142 23 15 23 38 54 71 88 105 122 140 18 0 18 35 52 70 87 104 122 139 23 15 23 38 54 71 88 105 122 140
87 83 75 85 73 68 76 71 93 81 40 92 94 86 63 81 68 76 91 73 63 71 81 89 79 60 80 80 98 94 71 97 94 70 72 67 82 81 69 69 119 115 114 115 118 124 132 142 153 165 106 101 99 101 105 112 121 131 143 156 93 87 85 87 92 99 109 121 134 148 80 73 71 73 79 88 99 112 126 140 67 60 57 60 67 77 90 104 118 134 55 46 43 46 55 67 81 97 112 129 45 34 29 34 45 60 75 91 108 125 38 23 15 23 38 54 71 88 105 122 35 18 0 18 35 52 70 87 104 122 38 23 15 23 38 54 71 88 105 122
74 78 80 69 74 61 75 61 86 67 38 76 89 79 52 80 58 75 76 70 51 60 80 73 82 43 79 71 91 79 68 81 86 62 63 63 75 83 55 68 125 119 115 113 114 118 124 132 141 152 112 105 101 99 100 105 111 120 131 143 100 92 87 85 87 91 99 109 121 134 88 79 73 71 73 79 88 99 112 125 77 67 60 57 59 66 77 89 103 118 68 55 46 43 46 55 67 81 97 112 60 45 34 29 33 45 59 75 91 108 54 38 23 15 23 38 54 71 88 105 52 35 18 0 18 35 52 70 87 104 54 38 23 15 23 38 54 71 88 105
63 76 88 54 78 58 78 55 82 54 44 60 87 75 46 83 53 78 62 71 44 52 83 58 87 25 81 64 86 65 69 66 81 59 59 62 71 89 43 71 133 125 118 114 113 114 117 123 131 141 121 112 105 100 99 100 104 111 120 130 110 100 92 87 85 86 91 99 109 120 99 88 79 73 71 73 78 87 99 111 90 77 67 59 57 59 66 77 89 103 82 67 55 46 43 46 55 67 81 96 75 60 45 33 29 33 45 59 75 91 71 54 38 23 15 23 38 54 71 88 70 52 35 18 0 18 35 52 70 87 71 54 38 23 15 23 38 54 71 88
56 78 98 41 85 60 84 54 81 45 54 46 89 76 45 90 54 85 51 76 43 49 89 45 96 8 87 62 85 54 75 52 80 60 59 67 72 97 36 77 143 133 124 118 114 112 113 117 123 131 132 121 112 105 100 98 99 104 110 119 122 110 99 91 86 84 86 91 98 108 112 99 88 79 73 70 72 78 87 98 104 90 77 66 59 56 59 66 76 89 97 82 67 55 46 42 46 55 67 81 91 75 60 45 33 28 33 45 59 75 88 71 54 38 23 14 23 38 54 71 87 70 52 35 18 0 18 35 52 70 88 71 54 38 23 14 23 38 54 71
53 83 110 32 95 67 93 58 84 42 68 35 94 80 51 99 60 94 44 84 48 52 98 36 106 11 96 65 88 46 83 41 82 66 65 75 77 108 36 87 154 142 132 124 117 113 112 113 116 122 144 131 121 111 104 99 98 99 103 110 134 121 109 99 91 86 84 85 90 98 126 112 99 88 78 72 70 72 78 87 119 104 90 77 66 59 56 59 66 76 113 97 81 67 55 46 42 46 54 67 108 91 75 59 45 33 28 33 45 59 105 88 71 54 38 23 14 23 38 54 104 87 70 52 35 18 0 18 35 52 105 88 71 54 38 23 14 23 38 54
56 92 123 32 107 77 104 67 91 46 83 31 101 87 61 110 69 106 44 95 59 61 109 34 118 28 107 72 94 44 94 35 88 76 74 86 85 120 44 99 166 153 142 132 123 117 113 111 112 116 156 143 131 120 111 104 99 97 99 103 148 134 121 109 99 91 85 83 85 90 140 126 112 99 87 78 72 70 72 77 134 118 104 89 77 66 59 56 58 65 129 112 97 81 67 55 46 42 45 54 125 108 91 75 59 45 33 28 33 45 122 105 88 71 54 38 23 14 23 38 122 104 87 70 52 35 18 0 18 35 122 105 88 71 54 38 23 14 23 38
64 103 137 40 121 90 117 78 100 55 99 35 111 97 74 123 82 119 49 107 72 72 122 40 132 45 119 82 102 48 107 38 96 88 86 99 95 134 57 112 179 165 153 141 131 123 116 112 110 112 170 156 143 131 120 110 103 99 97 98 162 148 134 121 109 98 90 85 83 85 156 140 126 112 99 87 78 72 69 71 150 134 118 103 89 76 66 58 55 58 145 129 112 97 81 67 54 45 42 45 142 125 108 91 75 59 45 33 28 33 140 122 105 88 71 54 38 23 14 23 139 122 104 87 70 52 35 18 0 18 140 122 105 88 71 54 38 23 14 23
75 115 152 53 135 104 131 92 111 67 115 46 123 109 89 136 95 133 60 121 86 86 136 52 146 62 132 94 112 58 121 47 107 102 99 113 107 148 71 126 192 178 165 152 141 131 122 116 112 110 184 170 156 143 130 119 110 103 98 96 177 162 148 134 120 108 98 90 85 83 171 155 140 125 111 98 87 77 71 69 166 150 134 118 103 89 76 65 58 55 162 145 129 112 96 81 67 54 45 42 159 142 125 108 91 75 59 45 33 28 157 140 122 105 88 71 54 38 23 14 156 139 122 104 87 70 52 35 18 0 157 140 122 105 88 71 54 38 23 14
123 113 92 122 97 101 101 106 125 118 71 129 124 117 99 105 102 100 128 101 99 107 105 126 100 95 105 115 130 131 99 134 126 103 105 98 114 100 107 96 129 130 133 138 145 154 164 176 188 201 115 116 119 125 133 143 154 166 179 192 100 102 106 112 121 132 144 156 170 184 86 88 93 100 110 122 134 148 162 177 72 74 80 88 99 112 126 140 156 171 58 60 67 77 90 104 119 134 150 166 43 47 55 68 82 97 113 129 145 162 29 34 45 60 75 91 108 125 142 159 15 23 38 54 71 88 105 122 140 157 0 18 35 52 70 87 104 122 139 156
109 104 89 106 91 90 94 93 114 103 61 113 115 107 86 98 90 94 113 93 85 93 98 110 95 78 98 102 119 116 90 118 115 92 93 88 103 96 91 88 130 128 129 132 138 145 154 164 175 187 116 114 115 119 125 133 142 153 165 178 102 100 101 105 112 121 131 143 156 170 88 86 87 92 100 110 121 134 148 162 74 72 73 79 88 99 112 126 140 155 60 57 60 67 77 90 104 118 134 150 47 43 46 55 67 82 97 112 129 145 34 29 34 45 60 75 91 108 125 142 23 15 23 38 54 71 88 105 122 140 18 0 18 35 52 70 87 104 122 139
96 96 89 91 87 80 90 82 106 89 54 98 108 98 74 95 79 90 98 87 73 81 95 95 94 61 94 92 111 101 84 103 106 82 84 81 94 95 77 83 133 129 128 129 132 137 144 153 163 175 119 115 114 115 118 124 132 142 153 165 106 101 99 101 105 112 121 131 143 156 93 87 85 87 92 99 109 121 134 148 80 73 71 73 79 88 99 112 126 140 67 60 57 60 67 77 90 104 118 134 55 46 43 46 55 67 81 97 112 129 45 34 29 34 45 60 75 91 108 125 38 23 15 23 38 54 71 88 105 122 35 18 0 18 35 52 70 87 104 122
84 91 93 76 88 74 89 74 99 76 52 83 103 92 65 94 71 89 85 84 63 72 94 80 95 44 93 83 104 88 82 88 99 76 76 77 88 97 65 82 138 132 129 127 128 131 137 144 153 163 125 119 115 113 114 118 124 132 141 152 112 105 101 99 100 105 111 120 131 143 100 92 87 85 87 91 99 109 121 134 88 79 73 71 73 79 88 99 112 125 77 67 60 57 59 66 77 89 103 118 68 55 46 43 46 55 67 81 97 112 60 45 34 29 33 45 59 75 91 108 54 38 23 15 23 38 54 71 88 105 52 35 18 0 18 35 52 70 87 104
75 90 100 63 91 72 91 69 96 66 56 69 101 89 60 97 67 92 73 84 57 65 97 67 100 28 95 78 100 75 83 74 95 73 73 76 85 102 55 84 145 138 132 128 127 127 131 136 143 152 133 125 118 114 113 114 117 123 131 141 121 112 105 100 99 100 104 111 120 130 110 100 92 87 85 86 91 99 109 120 99 88 79 73 71 73 78 87 99 111 90 77 67 59 57 59 66 77 89 103 82 67 55 46 43 46 55 67 81 96 75 60 45 33 29 33 45 59 75 91 71 54 38 23 15 23 38 54 71 88 70 52 35 18 0 18 35 52 70 87
69 91 109 52 97 74 97 68 95 58 65 56 103 89 59 102 68 97 63 89 56 63 102 56 107 14 100 76 99 65 87 62 94 74 73 80 86 109 50 90 154 145 137 131 127 126 127 130 135 143 143 133 124 118 114 112 113 117 123 131 132 121 112 105 100 98 99 104 110 119 122 110 99 91 86 84 86 91 98 108 112 99 88 79 73 70 72 78 87 98 104 90 77 66 59 56 59 66 76 89 97 82 67 55 46 42 46 55 67 81 91 75 60 45 33 28 33 45 59 75 88 71 54 38 23 14 23 38 54 71 87 70 52 35 18 0 18 35 52 70
67 96 120 46 106 79 105 71 98 56 77 48 107 93 64 110 72 106 58 96 61 65 110 49 117 16 107 78 101 59 95 53 96 79 78 87 90 119 50 98 164 154 144 137 131 127 125 126 130 135 154 142 132 124 117 113 112 113 116 122 144 131 121 111 104 99 98 99 103 110 134 121 109 99 91 86 84 85 90 98 126 112 99 88 78 72 70 72 78 87 119 104 90 77 66 59 56 59 66 76 113 97 81 67 55 46 42 46 54 67 108 91 75 59 45 33 28 33 45 59 105 88 71 54 38 23 14 23 38 54 104 87 70 52 35 18 0 18 35 52
69 104 132 45 117 88 115 78 103 58 90 44 113 99 72 120 80 116 57 105 69 72 120 48 128 30 117 84 106 58 105 49 101 87 85 97 96 130 56 109 176 164 153 144 136 130 126 125 126 129 166 153 142 132 123 117 113 111 112 116 156 143 131 120 111 104 99 97 99 103 148 134 121 109 99 91 85 83 85 90 140 126 112 99 87 78 72 70 72 77 134 118 104 89 77 66 59 56 58 65 129 112 97 81 67 55 46 42 45 54 125 108 91 75 59 45 33 28 33 45 122 105 88 71 54 38 23 14 23 38 122 104 87 70 52 35 18 0 18 35
76 113 145 51 129 99 126 88 111 66 105 48 122 108 83 132 91 128 62 117 81 82 131 52 140 46 128 93 114 61 116 51 108 98 96 108 106 142 66 121 188 175 163 153 143 135 130 126 124 125 179 165 153 141 131 123 116 112 110 112 170 156 143 131 120 110 103 99 97 98 162 148 134 121 109 98 90 85 83 85 156 140 126 112 99 87 78 72 69 71 150 134 118 103 89 76 66 58 55 58 145 129 112 97 81 67 54 45 42 45 142 125 108 91 75 59 45 33 28 33 140 122 105 88 71 54 38 23 14 23 139 122 104 87 70 52 35 18 0 18
85 125 159 62 143 112 139 100 121 76 120 56 133 119 96 145 104 141 70 129 94 94 144 62 154 63 141 104 123 69 129 58 118 110 108 121 117 156 79 134 201 187 175 163 152 143 135 129 125 124 192 178 165 152 141 131 122 116 112 110 184 170 156 143 130 119 110 103 98 96 177 162 148 134 120 108 98 90 85 83 171 155 140 125 111 98 87 77 71 69 166 150 134 118 103 89 76 65 58 55 162 145 129 112 96 81 67 54 45 42 159 142 125 108 91 75 59 45 33 28 157 140 122 105 88 71 54 38 23 14 156 139 122 104 87 70 52 35 18 0
