0 22 100 40 106 54 51 44 53 87 17 9 13 44 66 71 10 76 67 43 10 16 103 54 88 71 63 106 62 88 77 15 17 66 67 51 10 68 50 16 149 134 120 106 94 83 75 70 70 74 143 127 112 97 84 72 62 57 56 61 138 122 106 90 75 62 50 43 43 49 134 118 101 84 68 53 39 30 29 38 132 115 98 81 64 47 31 18 16 29 131 114 97 80 62 45 28 10 8 25 132 115 98 81 64 47 31 17 16 29 134 117 101 84 68 53 39 30 29 37 138 122 105 90 75 61 50 43 42 48 143 127 112 97 83 71 62 56 56 61
22 0 98 39 100 53 44 43 57 88 7 14 24 53 53 76 24 82 71 44 20 14 101 57 85 66 56 103 71 91 68 30 17 60 60 56 13 70 57 17 142 125 110 95 80 67 57 50 49 54 137 121 104 88 73 58 45 37 35 42 134 117 100 84 67 51 36 24 22 32 133 116 98 81 64 47 30 14 10 25 133 116 98 81 64 47 30 14 10 25 135 117 100 84 67 51 36 24 22 32 137 121 104 88 73 58 45 37 36 42 142 126 110 95 80 67 57 50 49 54 147 132 117 103 89 78 69 64 63 67 154 139 125 112 100 90 82 77 76 80
100 98 0 61 17 47 55 57 50 19 94 98 87 65 58 40 91 40 39 57 91 108 5 48 13 32 44 8 55 24 37 88 85 38 40 53 101 37 56 86 56 46 42 45 54 66 80 95 111 127 46 34 28 33 44 58 74 90 107 124 39 23 14 22 37 53 70 87 104 121 36 19 2 17 34 51 69 86 103 121 39 24 15 22 37 53 70 87 104 121 46 35 29 34 45 59 74 91 107 124 57 47 44 46 55 67 81 96 112 128 68 61 58 60 67 77 89 103 118 133 80 74 72 73 79 88 99 111 125 140 93 88 86 87 92 99 109 121 133 147
40 39 61 0 67 15 15 5 20 50 34 37 27 24 37 39 31 44 33 6 30 48 64 19 49 31 26 67 37 52 39 29 25 28 29 20 40 32 23 26 110 96 82 70 61 56 56 61 70 82 104 88 73 60 49 42 42 49 60 74 99 83 66 51 38 29 29 38 52 67 96 79 62 45 29 16 16 30 46 63 95 78 61 43 26 9 10 27 44 62 96 79 62 46 30 17 18 31 47 63 99 83 67 52 39 30 31 39 53 68 104 89 74 61 50 44 44 50 61 75 111 97 83 72 63 58 58 63 72 83 119 106 93 83 76 71 71 75 83 93
106 100 17 67 0 54 57 63 60 35 97 103 94 76 54 54 98 55 51 64 96 112 19 57 21 36 45 13 68 40 34 95 90 40 41 63 105 48 67 91 44 32 26 31 43 57 73 90 106 123 38 22 12 20 36 53 70 87 104 121 36 19 4 17 34 51 69 86 103 121 40 26 18 24 38 54 71 88 105 122 48 37 32 36 46 60 75 91 108 124 58 50 46 49 57 68 82 97 113 129 70 63 60 62 69 78 91 104 119 134 83 77 74 76 81 90 100 113 126 141 96 90 88 90 94 101 111 122 135 148 109 104 102 103 107 114 122 133 144 157
54 53 47 15 54 0 16 11 14 36 48 52 41 27 35 28 45 34 22 11 44 62 50 10 35 19 19 53 32 39 30 42 39 17 20 16 54 20 20 40 97 83 71 61 55 54 58 67 79 92 90 75 61 49 41 40 46 57 70 85 85 69 53 39 28 26 35 48 64 80 82 65 48 31 16 13 26 43 60 77 81 64 46 29 12 7 24 41 59 76 83 66 49 34 21 18 29 44 61 78 87 71 56 42 33 32 39 51 66 82 93 78 65 54 47 45 51 61 73 88 100 87 75 66 60 59 63 72 83 96 109 97 87 79 74 73 76 83 93 105
51 44 55 15 57 16 0 14 28 48 41 47 40 37 22 43 43 49 36 17 41 55 58 25 42 23 13 60 46 52 26 43 34 17 17 29 49 34 33 35 99 84 69 57 47 42 44 52 64 78 94 78 62 47 35 28 31 42 56 72 91 74 57 41 25 14 20 35 51 68 90 73 56 38 21 4 15 32 49 67 91 74 57 41 26 15 21 35 51 68 95 78 63 48 36 29 32 43 57 72 100 85 70 57 48 43 45 53 65 79 107 93 80 69 61 57 58 65 75 87 115 102 90 81 74 71 72 77 86 96 124 112 102 93 87 85 86 90 97 107
44 43 57 5 63 11 14 0 17 46 38 42 31 24 35 35 35 41 29 4 34 52 60 16 45 27 23 63 35 48 36 33 29 24 26 17 44 28 21 30 106 92 79 67 59 55 56 63 73 85 100 84 70 56 46 41 43 51 63 77 95 78 62 47 34 27 30 41 55 71 92 75 58 41 25 14 19 34 50 67 91 74 56 39 22 5 14 31 49 66 92 75 58 42 27 16 21 35 51 68 96 79 64 49 37 30 33 43 57 72 101 86 71 59 49 44 46 53 65 79 108 94 81 70 62 58 59 65 75 87 116 103 91 82 75 72 73 78 86 97
53 57 50 20 60 14 28 17 0 35 52 53 40 16 49 19 44 25 15 14 45 64 52 4 40 28 32 57 19 35 42 40 42 29 33 3 56 15 7 42 104 91 80 72 68 67 71 79 90 102 95 81 69 59 54 53 59 68 80 94 88 73 59 47 40 40 47 58 72 87 83 66 51 37 27 26 36 50 65 82 79 62 45 29 14 14 28 45 62 79 79 62 44 27 10 9 26 43 61 78 81 64 48 32 20 20 31 47 63 80 85 69 54 42 33 33 41 54 68 84 91 77 64 53 47 47 52 63 76 90 99 86 75 66 61 60 65 73 85 98
87 88 19 50 35 36 48 46 35 0 84 87 75 49 59 22 78 21 22 45 78 97 20 34 18 28 41 26 36 6 41 74 74 35 38 38 89 21 40 75 74 65 60 59 63 72 83 96 110 125 64 53 46 45 51 61 74 88 104 120 55 41 32 31 39 52 67 82 99 115 48 32 19 18 30 45 62 78 95 112 45 28 11 8 25 42 59 77 94 111 47 31 17 15 28 44 61 78 95 112 53 39 29 28 36 50 65 81 98 114 61 50 42 42 48 59 72 87 102 118 71 62 56 56 60 69 81 94 109 124 83 75 70 70 73 81 91 103 116 130
17 7 94 34 97 48 41 38 52 84 0 9 18 47 52 70 18 76 66 39 14 15 97 52 81 63 53 100 65 86 66 23 11 57 57 50 10 65 51 10 140 124 108 94 80 68 59 54 55 60 135 118 102 86 71 58 47 40 41 48 131 114 97 81 65 49 36 27 28 38 129 112 95 78 61 44 27 14 16 31 129 111 94 77 59 42 25 8 11 28 130 112 95 78 61 45 29 18 19 32 132 115 99 82 66 52 39 31 32 41 136 120 104 88 74 61 50 44 45 52 141 126 110 96 83 71 63 58 59 64 148 133 118 105 93 83 76 72 72 76
9 14 98 37 103 52 47 42 53 87 9 0 15 46 60 72 13 77 68 42 10 12 101 54 86 68 59 104 64 88 72 19 13 63 63 51 3 67 51 12 145 130 115 101 88 76 68 62 62 66 140 124 108 93 79 66 55 49 48 54 136 119 103 86 71 56 44 35 35 42 133 116 99 82 65 49 34 23 22 32 132 114 97 80 63 45 28 12 10 26 132 114 97 80 63 46 29 13 11 26 133 116 99 82 66 50 35 24 23 33 136 120 103 87 72 57 45 37 37 44 141 125 109 94 80 67 57 51 50 55 146 131 116 102 89 78 69 64 64 68
13 24 87 27 94 41 40 31 40 75 18 15 0 32 57 58 5 63 55 31 5 26 90 41 75 58 52 94 50 75 65 6 10 54 55 38 18 55 38 10 137 122 108 96 84 75 70 68 71 77 131 115 100 86 73 63 56 54 58 66 125 109 93 78 64 52 43 40 45 55 122 105 88 72 56 42 30 27 33 46 119 102 85 68 51 34 19 13 24 40 119 101 84 67 49 32 15 4 21 38 120 103 85 69 52 36 22 16 26 41 122 106 89 73 58 44 33 30 36 48 126 110 95 80 66 54 46 44 48 58 132 117 102 88 76 66 59 57 61 68
44 53 65 24 76 27 37 24 16 49 47 46 32 0 59 29 35 33 27 21 37 57 67 19 55 43 45 72 19 48 56 29 37 43 46 13 49 29 10 37 119 107 96 87 81 79 80 85 93 103 110 97 84 74 68 65 66 72 82 93 102 88 74 63 54 51 53 60 71 84 96 80 65 52 42 37 40 49 62 77 92 75 59 43 30 23 28 40 55 72 89 72 55 38 21 9 18 34 51 68 89 72 54 37 20 6 17 34 51 68 91 74 58 42 28 20 25 39 54 71 95 79 64 50 39 34 37 47 61 76 101 86 72 60 52 48 50 58 69 83
66 53 58 37 54 35 22 35 49 59 52 60 57 59 0 60 61 66 54 39 57 66 62 45 46 32 19 61 66 64 21 61 49 25 21 50 62 51 54 50 92 75 58 42 28 20 25 38 54 70 90 72 55 38 21 6 16 33 50 67 90 73 56 39 22 9 18 34 51 68 92 76 59 44 30 23 27 40 55 71 97 81 66 53 42 37 40 49 62 76 103 88 75 63 55 51 53 60 71 84 111 97 85 75 68 65 66 72 81 93 120 107 96 87 81 79 80 85 93 103 129 118 108 100 95 93 94 98 105 114 140 129 120 113 109 107 107 111 117 125
71 76 40 39 54 28 43 35 19 22 70 72 58 29 60 0 62 6 7 33 63 83 41 20 34 32 42 47 15 20 48 57 60 37 41 21 75 10 21 61 95 85 78 73 73 77 84 94 106 120 85 73 64 60 59 64 73 84 97 112 76 63 52 46 46 52 62 75 90 105 68 53 40 32 32 40 53 68 84 100 63 47 31 19 19 31 47 63 80 97 61 44 26 9 9 27 44 61 78 96 62 45 29 15 15 29 45 62 79 96 66 51 37 28 28 37 51 66 83 99 73 60 48 41 41 48 59 73 88 104 82 70 61 55 55 60 70 81 95 110
10 24 91 31 98 45 43 35 44 78 18 13 5 35 61 62 0 67 58 35 5 23 94 45 79 62 56 98 53 79 69 7 13 58 59 42 15 59 41 12 141 126 112 99 88 79 72 70 72 77 135 119 104 90 77 66 59 56 58 65 129 113 97 82 68 55 46 42 45 54 125 109 92 76 60 45 34 28 33 44 123 106 89 72 55 38 23 15 22 37 122 105 88 70 53 36 18 1 17 35 123 106 89 72 55 38 23 14 22 37 125 109 92 76 60 45 33 28 33 44 129 113 97 82 67 55 45 42 45 54 134 119 104 90 77 66 58 56 58 65
76 82 40 44 55 34 49 41 25 21 76 77 63 33 66 6 67 0 13 39 68 88 40 26 36 36 47 47 17 18 52 62 66 42 46 26 80 15 26 67 95 86 79 76 77 82 90 100 112 125 84 73 66 62 63 69 78 90 103 118 74 62 53 48 50 57 68 81 96 111 65 51 40 34 37 46 59 74 90 106 59 43 29 20 24 37 52 69 86 102 56 39 22 7 15 32 49 66 84 101 57 40 23 10 17 33 50 67 84 101 61 45 32 24 27 39 54 70 86 103 67 54 43 38 40 49 61 76 91 107 76 64 56 52 53 60 70 83 98 113
67 71 39 33 51 22 36 29 15 22 66 68 55 27 54 7 58 13 0 27 59 78 40 15 31 26 35 46 18 21 42 54 56 30 34 17 70 4 19 56 93 82 74 68 67 71 78 88 100 113 84 71 61 55 53 58 66 78 91 106 75 61 49 41 39 45 56 69 84 100 69 53 39 28 26 34 47 63 79 95 65 48 32 17 12 25 42 59 76 93 65 47 30 13 7 23 40 58 75 92 67 50 35 22 19 29 44 60 77 94 72 57 44 34 32 39 51 66 81 97 79 66 55 48 46 51 61 73 87 103 88 77 67 61 60 64 72 83 95 109
43 44 57 6 64 11 17 4 14 45 39 42 31 21 39 33 35 39 27 0 34 52 60 13 45 29 26 64 32 47 39 32 30 26 29 14 45 27 17 30 108 94 81 70 62 59 60 66 76 88 101 85 71 59 49 45 47 55 66 80 95 79 63 49 37 31 34 44 58 73 92 75 58 42 27 17 22 36 52 68 90 73 56 38 21 4 15 32 49 67 91 74 57 40 24 13 19 34 51 68 94 77 61 46 33 26 30 41 55 71 99 83 68 55 45 40 42 51 63 77 105 91 77 66 58 54 56 62 73 85 113 100 88 78 71 68 69 75 83 94
10 20 91 30 96 44 41 34 45 78 14 10 5 37 57 63 5 68 59 34 0 21 94 45 79 61 54 97 55 79 67 10 9 57 57 43 13 59 42 8 140 125 110 97 85 75 68 65 67 73 133 118 102 88 75 63 55 52 54 61 129 112 96 80 66 52 42 38 41 50 125 108 91 75 59 43 31 24 29 41 123 106 89 72 55 38 21 10 19 35 123 106 88 71 54 37 20 5 17 34 124 107 90 73 57 41 26 18 24 38 127 110 94 78 63 48 37 32 36 46 131 115 100 85 71 59 50 46 49 57 137 122 107 93 80 70 63 60 62 68
16 14 108 48 112 62 55 52 64 97 15 12 26 57 66 83 23 88 78 52 21 0 111 65 95 77 67 114 75 99 80 29 23 72 72 62 9 78 62 23 154 138 123 108 94 81 70 62 58 60 149 133 116 101 85 71 59 49 45 47 145 129 112 95 79 64 49 37 31 34 143 126 109 92 75 58 42 27 17 22 142 125 108 90 73 56 38 21 5 15 143 125 108 91 74 57 40 24 12 18 144 127 110 94 77 61 46 33 25 29 147 131 114 98 83 68 54 44 39 41 152 136 120 105 90 77 65 57 53 54 157 142 127 112 99 87 77 70 66 68
103 101 5 64 19 50 58 60 52 20 97 101 90 67 62 41 94 40 40 60 94 111 0 50 17 35 48 8 56 24 41 91 89 42 44 55 104 38 58 89 55 47 44 48 58 70 84 100 115 131 44 34 30 36 48 62 78 94 111 128 36 22 16 26 41 57 74 91 108 125 33 15 3 20 38 55 72 90 107 124 35 20 14 24 40 56 73 90 108 125 42 31 28 34 46 61 77 93 110 127 53 44 42 46 56 69 83 98 114 131 65 58 56 59 67 78 91 105 120 136 77 72 70 73 79 88 100 113 127 142 90 86 84 86 92 100 110 122 135 149
54 57 48 19 57 10 25 16 4 34 52 54 41 19 45 20 45 26 15 13 45 65 50 0 37 24 28 54 22 35 38 41 42 25 29 7 57 14 11 43 101 88 77 68 64 64 68 76 87 100 92 78 66 56 50 50 56 66 78 92 86 70 56 44 36 36 44 56 70 86 81 64 48 34 23 23 34 49 65 81 78 61 44 27 11 12 28 45 62 79 78 61 44 27 12 12 28 45 62 79 81 64 48 34 23 24 34 49 65 81 86 70 56 44 37 37 44 56 71 86 93 79 66 56 50 50 56 66 78 93 101 88 77 69 64 64 69 77 88 101
88 85 13 49 21 35 42 45 40 18 81 86 75 55 46 34 79 36 31 45 79 95 17 37 0 19 32 19 48 24 26 76 73 26 28 43 88 28 46 74 64 52 44 42 46 56 69 84 99 115 56 42 31 28 34 47 62 78 94 111 51 34 19 14 25 41 57 74 91 109 49 32 14 4 21 39 56 73 91 108 51 35 21 16 26 42 58 75 92 109 57 43 33 30 36 49 63 79 95 112 66 54 46 44 49 58 71 85 100 116 76 66 60 58 62 69 80 93 107 122 87 79 74 72 75 81 91 102 115 129 99 92 88 86 89 94 102 112 124 137
71 66 32 31 36 19 23 27 28 28 63 68 58 43 32 32 62 36 26 29 61 77 35 24 19 0 14 37 42 33 16 60 55 8 11 31 70 23 35 56 79 65 53 45 42 46 56 69 83 98 73 57 43 32 28 34 46 61 77 93 69 52 35 21 14 24 40 56 73 90 67 50 33 16 3 20 37 55 72 89 69 52 36 21 15 25 40 57 73 90 73 58 44 33 29 35 47 62 77 94 80 66 54 46 43 47 57 69 84 99 89 76 66 59 57 60 68 79 91 105 98 87 79 73 71 74 80 89 101 113 109 99 92 87 85 87 93 101 111 123
63 56 44 26 45 19 13 23 32 41 53 59 52 45 19 42 56 47 35 26 54 67 48 28 32 14 0 49 49 46 14 54 47 7 5 34 61 32 38 47 87 72 57 45 37 36 43 55 69 85 82 66 50 35 24 23 33 48 63 80 80 63 45 29 13 11 26 43 60 78 80 63 45 28 12 11 26 43 60 78 82 66 50 35 24 23 33 47 63 80 87 71 57 45 37 36 43 55 69 85 94 79 67 56 50 50 55 65 77 91 102 89 78 69 64 64 68 76 87 99 111 99 90 82 78 78 81 88 97 108 122 111 102 95 92 91 94 100 108 119
106 103 8 67 13 53 60 63 57 26 100 104 94 72 61 47 98 47 46 64 97 114 8 54 19 37 49 0 62 31 40 94 91 43 45 60 107 44 63 92 48 40 37 43 54 67 82 98 114 131 39 27 23 32 45 61 77 94 111 128 32 16 10 23 40 57 74 91 109 126 32 15 7 23 39 57 74 91 108 126 37 24 21 30 44 60 76 93 110 127 46 37 35 41 52 66 81 97 113 130 58 51 49 53 62 74 88 103 118 134 70 64 63 66 74 84 96 110 125 140 83 78 77 80 86 95 106 118 132 146 97 92 91 93 99 106 116 128 140 154
62 71 55 37 68 32 46 35 19 36 65 64 50 19 66 15 53 17 18 32 55 75 56 22 48 42 49 62 0 34 58 48 55 45 49 18 67 21 15 55 110 99 91 86 83 85 89 97 107 119 99 88 78 72 69 71 77 86 97 110 90 77 66 59 55 58 64 75 87 102 82 68 55 45 41 44 53 65 80 95 76 60 45 33 27 32 43 58 73 90 72 55 39 23 13 21 36 53 70 87 71 54 36 19 2 17 34 51 68 86 73 56 39 25 16 23 37 53 70 87 77 61 47 35 30 34 45 59 74 91 83 69 57 48 44 47 55 67 81 96
88 91 24 52 40 39 52 48 35 6 86 88 75 48 64 20 79 18 21 47 79 99 24 35 24 33 46 31 34 0 46 75 76 40 43 38 91 21 39 77 78 70 65 65 69 77 88 101 114 129 67 57 51 51 56 66 78 92 107 123 57 45 37 37 44 56 70 86 102 118 49 34 24 24 34 49 65 81 98 115 45 28 12 12 27 44 61 79 96 113 44 27 12 11 27 44 61 78 96 113 49 34 23 23 34 48 64 81 98 115 56 44 37 36 44 56 70 86 102 118 66 56 50 50 56 66 78 92 107 123 77 69 64 64 68 77 87 100 114 129
77 68 37 39 34 30 26 36 42 41 66 72 65 56 21 48 69 52 42 39 67 80 41 38 26 16 14 40 58 46 0 68 60 14 11 45 74 39 49 61 74 58 44 31 26 32 44 59 74 91 71 54 37 21 12 22 37 54 71 88 70 52 35 18 3 18 35 53 70 87 71 55 39 24 17 24 39 55 72 89 76 61 46 35 31 35 47 61 76 92 83 69 57 48 45 48 57 69 83 98 91 79 68 61 59 61 68 78 91 105 101 90 81 75 73 75 80 89 100 113 112 102 94 89 87 88 93 101 111 122 123 114 107 103 101 102 106 113 122 132
15 30 88 29 95 42 43 33 40 74 23 19 6 29 61 57 7 62 54 32 10 29 91 41 76 60 54 94 48 75 68 0 16 57 58 37 22 54 36 16 139 124 111 99 88 80 75 74 77 83 132 117 102 89 77 67 61 60 63 71 126 110 95 80 66 55 48 46 51 60 122 105 89 73 58 44 35 32 39 51 119 102 85 68 51 36 22 19 29 43 117 100 83 65 48 31 14 6 23 40 118 100 83 66 49 32 17 11 24 41 120 103 86 70 54 39 28 25 33 46 123 107 91 76 61 49 40 38 44 55 128 113 98 83 71 60 54 52 56 65
17 17 85 25 90 39 34 29 42 74 11 13 10 37 49 60 13 66 56 30 9 23 89 42 73 55 47 91 55 76 60 16 0 50 51 40 16 55 41 1 133 118 103 89 77 67 60 58 61 69 127 111 96 81 67 55 47 44 48 58 123 106 90 74 59 45 34 31 36 48 120 103 86 69 53 37 23 17 26 41 119 102 85 67 50 33 16 4 20 37 120 103 86 68 51 35 19 12 23 39 122 105 89 72 56 42 30 26 32 45 126 110 94 78 64 51 43 40 44 54 131 115 100 86 73 63 56 54 57 65 137 123 108 95 84 75 69 67 70 77
66 60 38 28 40 17 17 24 29 35 57 63 54 43 25 37 58 42 30 26 57 72 42 25 26 8 7 43 45 40 14 57 50 0 5 31 65 27 36 51 83 68 55 44 39 41 49 62 76 91 78 62 46 33 25 28 39 54 70 86 75 57 41 24 12 17 33 49 66 84 74 57 39 22 6 14 31 48 66 83 76 59 43 28 19 23 36 51 68 85 81 65 51 39 33 35 44 58 73 89 87 73 61 51 46 48 55 66 80 95 95 83 72 64 60 62 67 77 88 102 105 94 84 77 74 75 80 88 98 111 115 105 97 91 88 89 93 100 109 120
67 60 40 29 41 20 17 26 33 38 57 63 55 46 21 41 59 46 34 29 57 72 44 29 28 11 5 45 49 43 11 58 51 5 0 35 65 31 39 51 83 68 54 42 35 37 46 58 73 88 78 62 46 31 22 24 36 51 67 84 76 58 41 24 9 14 30 47 65 82 76 58 41 25 10 14 31 47 65 82 78 62 46 32 23 25 37 52 68 84 83 68 54 43 36 38 46 59 73 89 90 77 64 55 50 51 58 68 81 95 99 86 76 68 64 65 70 79 90 103 109 97 88 81 78 79 83 90 100 112 119 109 101 95 92 93 96 103 111 122
51 56 53 20 63 16 29 17 3 38 50 51 38 13 50 21 42 26 17 14 43 62 55 7 43 31 34 60 18 38 45 37 40 31 35 0 54 18 5 41 106 94 83 75 70 69 72 80 90 102 98 84 72 62 56 55 59 68 80 93 91 76 62 50 42 41 47 58 71 86 85 69 53 39 29 27 36 49 64 80 82 65 48 32 17 14 27 43 60 77 81 64 46 29 12 7 24 41 59 76 82 66 49 33 20 17 29 44 61 77 86 70 55 42 32 31 38 51 65 81 92 77 64 53 46 44 50 60 73 87 100 86 74 65 59 58 62 71 82 95
10 13 101 40 105 54 49 44 56 89 10 3 18 49 62 75 15 80 70 45 13 9 104 57 88 70 61 107 67 91 74 22 16 65 65 54 0 70 54 15 148 132 117 103 89 78 68 62 61 65 142 126 110 95 80 67 56 49 47 52 138 122 105 89 73 58 45 36 34 40 136 119 102 85 68 52 36 23 20 30 134 117 100 83 65 48 31 14 8 23 135 117 100 83 66 49 32 16 10 24 136 119 102 85 69 53 38 26 23 32 139 123 106 90 75 60 47 39 37 43 144 127 112 97 82 69 59 52 50 55 149 134 119 105 91 80 71 65 64 67
68 70 37 32 48 20 34 28 15 21 65 67 55 29 51 10 59 15 4 27 59 78 38 14 28 23 32 44 21 21 39 54 55 27 31 18 70 0 20 56 91 80 71 65 64 68 75 85 98 112 82 69 58 52 50 55 64 76 90 104 74 59 47 38 36 42 54 68 83 99 68 52 37 25 22 31 46 61 78 95 65 48 31 15 9 24 41 58 75 92 65 48 31 14 9 24 41 58 75 92 68 52 37 25 22 31 45 61 78 94 74 59 46 37 36 42 53 67 82 98 81 68 58 51 49 54 63 75 89 104 91 79 70 65 63 67 75 85 97 111
50 57 56 23 67 20 33 21 7 40 51 51 38 10 54 21 41 26 19 17 42 62 58 11 46 35 38 63 15 39 49 36 41 36 39 5 54 20 0 41 110 98 87 79 74 73 76 83 93 104 101 87 76 66 60 59 63 71 82 95 93 79 65 54 47 45 50 60 73 87 87 71 56 43 33 32 39 51 65 81 83 67 50 34 21 18 29 44 60 77 82 64 47 30 13 7 23 41 58 75 82 65 48 32 17 13 26 42 59 76 86 69 53 39 28 26 34 48 63 79 91 76 61 49 41 40 46 56 70 85 98 84 71 61 55 54 58 67 78 92
16 17 86 26 91 40 35 30 42 75 10 12 10 37 50 61 12 67 56 30 8 23 89 43 74 56 47 92 55 77 61 16 1 51 51 41 15 56 41 0 134 119 104 90 78 68 61 59 62 69 128 112 97 82 68 56 48 45 49 58 124 107 91 75 59 46 35 31 36 48 121 104 87 70 54 38 23 17 26 40 120 103 85 68 51 34 16 4 20 37 121 103 86 69 52 35 20 12 22 38 123 106 89 73 57 42 30 25 32 44 126 110 94 79 64 51 42 39 43 53 131 116 101 86 73 63 55 53 56 64 138 123 109 96 84 75 69 67 69 76
149 142 56 110 44 97 99 106 104 74 140 145 137 119 92 95 141 95 93 108 140 154 55 101 64 79 87 48 110 78 74 139 133 83 83 106 148 91 110 134 0 18 35 52 70 87 104 122 139 156 15 23 38 54 71 88 105 122 140 157 29 34 45 60 75 91 108 125 142 159 43 47 55 68 82 97 113 129 145 162 58 60 67 77 90 104 119 134 150 166 72 74 80 88 99 112 126 140 156 171 86 88 93 100 110 122 134 148 162 177 100 102 106 112 121 132 144 156 170 184 115 116 119 125 133 143 154 166 179 192 129 130 133 138 145 154 164 176 188 201
134 125 46 96 32 83 84 92 91 65 124 130 122 107 75 85 126 86 82 94 125 138 47 88 52 65 72 40 99 70 58 124 118 68 68 94 132 80 98 119 18 0 18 35 52 70 87 104 122 139 23 15 23 38 54 71 88 105 122 140 34 29 34 45 60 75 91 108 125 142 47 43 46 55 67 82 97 112 129 145 60 57 60 67 77 90 104 118 134 150 74 72 73 79 88 99 112 126 140 155 88 86 87 92 100 110 121 134 148 162 102 100 101 105 112 121 131 143 156 170 116 114 115 119 125 133 142 153 165 178 130 128 129 132 138 145 154 164 175 187
120 110 42 82 26 71 69 79 80 60 108 115 108 96 58 78 112 79 74 81 110 123 44 77 44 53 57 37 91 65 44 111 103 55 54 83 117 71 87 104 35 18 0 18 35 52 70 87 104 122 38 23 15 23 38 54 71 88 105 122 45 34 29 34 45 60 75 91 108 125 55 46 43 46 55 67 81 97 112 129 67 60 57 60 67 77 90 104 118 134 80 73 71 73 79 88 99 112 126 140 93 87 85 87 92 99 109 121 134 148 106 101 99 101 105 112 121 131 143 156 119 115 114 115 118 124 132 142 153 165 133 129 128 129 132 137 144 153 163 175
106 95 45 70 31 61 57 67 72 59 94 101 96 87 42 73 99 76 68 70 97 108 48 68 42 45 45 43 86 65 31 99 89 44 42 75 103 65 79 90 52 35 18 0 18 35 52 70 87 104 54 38 23 15 23 38 54 71 88 105 60 45 34 29 33 45 59 75 91 108 68 55 46 43 46 55 67 81 97 112 77 67 60 57 59 66 77 89 103 118 88 79 73 71 73 79 88 99 112 125 100 92 87 85 87 91 99 109 121 134 112 105 101 99 100 105 111 120 131 143 125 119 115 113 114 118 124 132 141 152 138 132 129 127 128 131 137 144 153 163
94 80 54 61 43 55 47 59 68 63 80 88 84 81 28 73 88 77 67 62 85 94 58 64 46 42 37 54 83 69 26 88 77 39 35 70 89 64 74 78 70 52 35 18 0 18 35 52 70 87 71 54 38 23 15 23 38 54 71 88 75 60 45 33 29 33 45 59 75 91 82 67 55 46 43 46 55 67 81 96 90 77 67 59 57 59 66 77 89 103 99 88 79 73 71 73 78 87 99 111 110 100 92 87 85 86 91 99 109 120 121 112 105 100 99 100 104 111 120 130 133 125 118 114 113 114 117 123 131 141 145 138 132 128 127 127 131 136 143 152
83 67 66 56 57 54 42 55 67 72 68 76 75 79 20 77 79 82 71 59 75 81 70 64 56 46 36 67 85 77 32 80 67 41 37 69 78 68 73 68 87 70 52 35 18 0 18 35 52 70 88 71 54 38 23 14 23 38 54 71 91 75 60 45 33 28 33 45 59 75 97 82 67 55 46 42 46 55 67 81 104 90 77 66 59 56 59 66 76 89 112 99 88 79 73 70 72 78 87 98 122 110 99 91 86 84 86 91 98 108 132 121 112 105 100 98 99 104 110 119 143 133 124 118 114 112 113 117 123 131 154 145 137 131 127 126 127 130 135 143
75 57 80 56 73 58 44 56 71 83 59 68 70 80 25 84 72 90 78 60 68 70 84 68 69 56 43 82 89 88 44 75 60 49 46 72 68 75 76 61 104 87 70 52 35 18 0 18 35 52 105 88 71 54 38 23 14 23 38 54 108 91 75 59 45 33 28 33 45 59 113 97 81 67 55 46 42 46 54 67 119 104 90 77 66 59 56 59 66 76 126 112 99 88 78 72 70 72 78 87 134 121 109 99 91 86 84 85 90 98 144 131 121 111 104 99 98 99 103 110 154 142 132 124 117 113 112 113 116 122 164 154 144 137 131 127 125 126 130 135
70 50 95 61 90 67 52 63 79 96 54 62 68 85 38 94 70 100 88 66 65 62 100 76 84 69 55 98 97 101 59 74 58 62 58 80 62 85 83 59 122 104 87 70 52 35 18 0 18 35 122 105 88 71 54 38 23 14 23 38 125 108 91 75 59 45 33 28 33 45 129 112 97 81 67 55 46 42 45 54 134 118 104 89 77 66 59 56 58 65 140 126 112 99 87 78 72 70 72 77 148 134 121 109 99 91 85 83 85 90 156 143 131 120 111 104 99 97 99 103 166 153 142 132 123 117 113 111 112 116 176 164 153 144 136 130 126 125 126 129
70 49 111 70 106 79 64 73 90 110 55 62 71 93 54 106 72 112 100 76 67 58 115 87 99 83 69 114 107 114 74 77 61 76 73 90 61 98 93 62 139 122 104 87 70 52 35 18 0 18 140 122 105 88 71 54 38 23 14 23 142 125 108 91 75 59 45 33 28 33 145 129 112 97 81 67 54 45 42 45 150 134 118 103 89 76 66 58 55 58 156 140 126 112 99 87 78 72 69 71 162 148 134 121 109 98 90 85 83 85 170 156 143 131 120 110 103 99 97 98 179 165 153 141 131 123 116 112 110 112 188 175 163 153 143 135 130 126 124 125
74 54 127 82 123 92 78 85 102 125 60 66 77 103 70 120 77 125 113 88 73 60 131 100 115 98 85 131 119 129 91 83 69 91 88 102 65 112 104 69 156 139 122 104 87 70 52 35 18 0 157 140 122 105 88 71 54 38 23 14 159 142 125 108 91 75 59 45 33 28 162 145 129 112 96 81 67 54 45 42 166 150 134 118 103 89 76 65 58 55 171 155 140 125 111 98 87 77 71 69 177 162 148 134 120 108 98 90 85 83 184 170 156 143 130 119 110 103 98 96 192 178 165 152 141 131 122 116 112 110 201 187 175 163 152 143 135 129 125 124
143 137 46 104 38 90 94 100 95 64 135 140 131 110 90 85 135 84 84 101 133 149 44 92 56 73 82 39 99 67 71 132 127 78 78 98 142 82 101 128 15 23 38 54 71 88 105 122 140 157 0 18 35 52 70 87 104 122 139 156 15 23 38 54 71 88 105 122 140 157 29 34 45 60 75 91 108 125 142 159 43 47 55 68 82 97 113 129 145 162 58 60 67 77 90 104 119 134 150 166 72 74 80 88 99 112 126 140 156 171 86 88 93 100 110 122 134 148 162 177 100 102 106 112 121 132 144 156 170 184 115 116 119 125 133 143 154 166 179 192
127 121 34 88 22 75 78 84 81 53 118 124 115 97 72 73 119 73 71 85 118 133 34 78 42 57 66 27 88 57 54 117 111 62 62 84 126 69 87 112 23 15 23 38 54 71 88 105 122 140 18 0 18 35 52 70 87 104 122 139 23 15 23 38 54 71 88 105 122 140 34 29 34 45 60 75 91 108 125 142 47 43 46 55 67 82 97 112 129 145 60 57 60 67 77 90 104 118 134 150 74 72 73 79 88 99 112 126 140 155 88 86 87 92 100 110 121 134 148 162 102 100 101 105 112 121 131 143 156 170 116 114 115 119 125 133 142 153 165 178
112 104 28 73 12 61 62 70 69 46 102 108 100 84 55 64 104 66 61 71 102 116 30 66 31 43 50 23 78 51 37 102 96 46 46 72 110 58 76 97 38 23 15 23 38 54 71 88 105 122 35 18 0 18 35 52 70 87 104 122 38 23 15 23 38 54 71 88 105 122 45 34 29 34 45 60 75 91 108 125 55 46 43 46 55 67 81 97 112 129 67 60 57 60 67 77 90 104 118 134 80 73 71 73 79 88 99 112 126 140 93 87 85 87 92 99 109 121 134 148 106 101 99 101 105 112 121 131 143 156 119 115 114 115 118 124 132 142 153 165
97 88 33 60 20 49 47 56 59 45 86 93 86 74 38 60 90 62 55 59 88 101 36 56 28 32 35 32 72 51 21 89 81 33 31 62 95 52 66 82 54 38 23 15 23 38 54 71 88 105 52 35 18 0 18 35 52 70 87 104 54 38 23 15 23 38 54 71 88 105 60 45 34 29 33 45 59 75 91 108 68 55 46 43 46 55 67 81 97 112 77 67 60 57 59 66 77 89 103 118 88 79 73 71 73 79 88 99 112 125 100 92 87 85 87 91 99 109 121 134 112 105 101 99 100 105 111 120 131 143 125 119 115 113 114 118 124 132 141 152
84 73 44 49 36 41 35 46 54 51 71 79 73 68 21 59 77 63 53 49 75 85 48 50 34 28 24 45 69 56 12 77 67 25 22 56 80 50 60 68 71 54 38 23 15 23 38 54 71 88 70 52 35 18 0 18 35 52 70 87 71 54 38 23 15 23 38 54 71 88 75 60 45 33 29 33 45 59 75 91 82 67 55 46 43 46 55 67 81 96 90 77 67 59 57 59 66 77 89 103 99 88 79 73 71 73 78 87 99 111 110 100 92 87 85 86 91 99 109 120 121 112 105 100 99 100 104 111 120 130 133 125 118 114 113 114 117 123 131 141
72 58 58 42 53 40 28 41 53 61 58 66 63 65 6 64 66 69 58 45 63 71 62 50 47 34 23 61 71 66 22 67 55 28 24 55 67 55 59 56 88 71 54 38 23 14 23 38 54 71 87 70 52 35 18 0 18 35 52 70 88 71 54 38 23 14 23 38 54 71 91 75 60 45 33 28 33 45 59 75 97 82 67 55 46 42 46 55 67 81 104 90 77 66 59 56 59 66 76 89 112 99 88 79 73 70 72 78 87 98 122 110 99 91 86 84 86 91 98 108 132 121 112 105 100 98 99 104 110 119 143 133 124 118 114 112 113 117 123 131
62 45 74 42 70 46 31 43 59 74 47 55 56 66 16 73 59 78 66 47 55 59 78 56 62 46 33 77 77 78 37 61 47 39 36 59 56 64 63 48 105 88 71 54 38 23 14 23 38 54 104 87 70 52 35 18 0 18 35 52 105 88 71 54 38 23 14 23 38 54 108 91 75 59 45 33 28 33 45 59 113 97 81 67 55 46 42 46 54 67 119 104 90 77 66 59 56 59 66 76 126 112 99 88 78 72 70 72 78 87 134 121 109 99 91 86 84 85 90 98 144 131 121 111 104 99 98 99 103 110 154 142 132 124 117 113 112 113 116 122
57 37 90 49 87 57 42 51 68 88 40 49 54 72 33 84 56 90 78 55 52 49 94 66 78 61 48 94 86 92 54 60 44 54 51 68 49 76 71 45 122 105 88 71 54 38 23 14 23 38 122 104 87 70 52 35 18 0 18 35 122 105 88 71 54 38 23 14 23 38 125 108 91 75 59 45 33 28 33 45 129 112 97 81 67 55 46 42 45 54 134 118 104 89 77 66 59 56 58 65 140 126 112 99 87 78 72 70 72 77 148 134 121 109 99 91 85 83 85 90 156 143 131 120 111 104 99 97 99 103 166 153 142 132 123 117 113 111 112 116
56 35 107 60 104 70 56 63 80 104 41 48 58 82 50 97 58 103 91 66 54 45 111 78 94 77 63 111 97 107 71 63 48 70 67 80 47 90 82 49 140 122 105 88 71 54 38 23 14 23 139 122 104 87 70 52 35 18 0 18 140 122 105 88 71 54 38 23 14 23 142 125 108 91 75 59 45 33 28 33 145 129 112 97 81 67 54 45 42 45 150 134 118 103 89 76 66 58 55 58 156 140 126 112 99 87 78 72 69 71 162 148 134 121 109 98 90 85 83 85 170 156 143 131 120 110 103 99 97 98 179 165 153 141 131 123 116 112 110 112
61 42 124 74 121 85 72 77 94 120 48 54 66 93 67 112 65 118 106 80 61 47 128 92 111 93 80 128 110 123 88 71 58 86 84 93 52 104 95 58 157 140 122 105 88 71 54 38 23 14 156 139 122 104 87 70 52 35 18 0 157 140 122 105 88 71 54 38 23 14 159 142 125 108 91 75 59 45 33 28 162 145 129 112 96 81 67 54 45 42 166 150 134 118 103 89 76 65 58 55 171 155 140 125 111 98 87 77 71 69 177 162 148 134 120 108 98 90 85 83 184 170 156 143 130 119 110 103 98 96 192 178 165 152 141 131 122 116 112 110
138 134 39 99 36 85 91 95 88 55 131 136 125 102 90 76 129 74 75 95 129 145 36 86 51 69 80 32 90 57 70 126 123 75 76 91 138 74 93 124 29 34 45 60 75 91 108 125 142 159 15 23 38 54 71 88 105 122 140 157 0 18 35 52 70 87 104 122 139 156 15 23 38 54 71 88 105 122 140 157 29 34 45 60 75 91 108 125 142 159 43 47 55 68 82 97 113 129 145 162 58 60 67 77 90 104 119 134 150 166 72 74 80 88 99 112 126 140 156 171 86 88 93 100 110 122 134 148 162 177 100 102 106 112 121 132 144 156 170 184
122 117 23 83 19 69 74 78 73 41 114 119 109 88 73 63 113 62 61 79 112 129 22 70 34 52 63 16 77 45 52 110 106 57 58 76 122 59 79 107 34 29 34 45 60 75 91 108 125 142 23 15 23 38 54 71 88 105 122 140 18 0 18 35 52 70 87 104 122 139 23 15 23 38 54 71 88 105 122 140 34 29 34 45 60 75 91 108 125 142 47 43 46 55 67 82 97 112 129 145 60 57 60 67 77 90 104 118 134 150 74 72 73 79 88 99 112 126 140 155 88 86 87 92 100 110 121 134 148 162 102 100 101 105 112 121 131 143 156 170
106 100 14 66 4 53 57 62 59 32 97 103 93 74 56 52 97 53 49 63 96 112 16 56 19 35 45 10 66 37 35 95 90 41 41 62 105 47 65 91 45 34 29 34 45 60 75 91 108 125 38 23 15 23 38 54 71 88 105 122 35 18 0 18 35 52 70 87 104 122 38 23 15 23 38 54 71 88 105 122 45 34 29 34 45 60 75 91 108 125 55 46 43 46 55 67 81 97 112 129 67 60 57 60 67 77 90 104 118 134 80 73 71 73 79 88 99 112 126 140 93 87 85 87 92 99 109 121 134 148 106 101 99 101 105 112 121 131 143 156
90 84 22 51 17 39 41 47 47 31 81 86 78 63 39 46 82 48 41 49 80 95 26 44 14 21 29 23 59 37 18 80 74 24 24 50 89 38 54 75 60 45 34 29 33 45 59 75 91 108 54 38 23 15 23 38 54 71 88 105 52 35 18 0 18 35 52 70 87 104 54 38 23 15 23 38 54 71 88 105 60 45 34 29 33 45 59 75 91 108 68 55 46 43 46 55 67 81 97 112 77 67 60 57 59 66 77 89 103 118 88 79 73 71 73 79 88 99 112 125 100 92 87 85 87 91 99 109 121 134 112 105 101 99 100 105 111 120 131 143
75 67 37 38 34 28 25 34 40 39 65 71 64 54 22 46 68 50 39 37 66 79 41 36 25 14 13 40 55 44 3 66 59 12 9 42 73 36 47 59 75 60 45 33 29 33 45 59 75 91 71 54 38 23 15 23 38 54 71 88 70 52 35 18 0 18 35 52 70 87 71 54 38 23 15 23 38 54 71 88 75 60 45 33 29 33 45 59 75 91 82 67 55 46 43 46 55 67 81 96 90 77 67 59 57 59 66 77 89 103 99 88 79 73 71 73 78 87 99 111 110 100 92 87 85 86 91 99 109 120 121 112 105 100 99 100 104 111 120 130
62 51 53 29 51 26 14 27 40 52 49 56 52 51 9 52 55 57 45 31 52 64 57 36 41 24 11 57 58 56 18 55 45 17 14 41 58 42 45 46 91 75 60 45 33 28 33 45 59 75 88 71 54 38 23 14 23 38 54 71 87 70 52 35 18 0 18 35 52 70 88 71 54 38 23 14 23 38 54 71 91 75 60 45 33 28 33 45 59 75 97 82 67 55 46 42 46 55 67 81 104 90 77 66 59 56 59 66 76 89 112 99 88 79 73 70 72 78 87 98 122 110 99 91 86 84 86 91 98 108 132 121 112 105 100 98 99 104 110 119
50 36 70 29 69 35 20 30 47 67 36 44 43 53 18 62 46 68 56 34 42 49 74 44 57 40 26 74 64 70 35 48 34 33 30 47 45 54 50 35 108 91 75 59 45 33 28 33 45 59 105 88 71 54 38 23 14 23 38 54 104 87 70 52 35 18 0 18 35 52 105 88 71 54 38 23 14 23 38 54 108 91 75 59 45 33 28 33 45 59 113 97 81 67 55 46 42 46 54 67 119 104 90 77 66 59 56 59 66 76 126 112 99 88 78 72 70 72 78 87 134 121 109 99 91 86 84 85 90 98 144 131 121 111 104 99 98 99 103 110
43 24 87 38 86 48 35 41 58 82 27 35 40 60 34 75 42 81 69 44 38 37 91 56 74 56 43 91 75 86 53 46 31 49 47 58 36 68 60 31 125 108 91 75 59 45 33 28 33 45 122 105 88 71 54 38 23 14 23 38 122 104 87 70 52 35 18 0 18 35 122 105 88 71 54 38 23 14 23 38 125 108 91 75 59 45 33 28 33 45 129 112 97 81 67 55 46 42 45 54 134 118 104 89 77 66 59 56 58 65 140 126 112 99 87 78 72 70 72 77 148 134 121 109 99 91 85 83 85 90 156 143 131 120 111 104 99 97 99 103
43 22 104 52 103 64 51 55 72 99 28 35 45 71 51 90 45 96 84 58 41 31 108 70 91 73 60 109 87 102 70 51 36 66 65 71 34 83 73 36 142 125 108 91 75 59 45 33 28 33 140 122 105 88 71 54 38 23 14 23 139 122 104 87 70 52 35 18 0 18 140 122 105 88 71 54 38 23 14 23 142 125 108 91 75 59 45 33 28 33 145 129 112 97 81 67 54 45 42 45 150 134 118 103 89 76 66 58 55 58 156 140 126 112 99 87 78 72 69 71 162 148 134 121 109 98 90 85 83 85 170 156 143 131 120 110 103 99 97 98
49 32 121 67 121 80 68 71 87 115 38 42 55 84 68 105 54 111 100 73 50 34 125 86 109 90 78 126 102 118 87 60 48 84 82 86 40 99 87 48 159 142 125 108 91 75 59 45 33 28 157 140 122 105 88 71 54 38 23 14 156 139 122 104 87 70 52 35 18 0 157 140 122 105 88 71 54 38 23 14 159 142 125 108 91 75 59 45 33 28 162 145 129 112 96 81 67 54 45 42 166 150 134 118 103 89 76 65 58 55 171 155 140 125 111 98 87 77 71 69 177 162 148 134 120 108 98 90 85 83 184 170 156 143 130 119 110 103 98 96
134 133 36 96 40 82 90 92 83 48 129 133 122 96 92 68 125 65 69 92 125 143 33 81 49 67 80 32 82 49 71 122 120 74 76 85 136 68 87 121 43 47 55 68 82 97 113 129 145 162 29 34 45 60 75 91 108 125 142 159 15 23 38 54 71 88 105 122 140 157 0 18 35 52 70 87 104 122 139 156 15 23 38 54 71 88 105 122 140 157 29 34 45 60 75 91 108 125 142 159 43 47 55 68 82 97 113 129 145 162 58 60 67 77 90 104 119 134 150 166 72 74 80 88 99 112 126 140 156 171 86 88 93 100 110 122 134 148 162 177
118 116 19 79 26 65 73 75 66 32 112 116 105 80 76 53 109 51 53 75 108 126 15 64 32 50 63 15 68 34 55 105 103 57 58 69 119 52 71 104 47 43 46 55 67 82 97 112 129 145 34 29 34 45 60 75 91 108 125 142 23 15 23 38 54 71 88 105 122 140 18 0 18 35 52 70 87 104 122 139 23 15 23 38 54 71 88 105 122 140 34 29 34 45 60 75 91 108 125 142 47 43 46 55 67 82 97 112 129 145 60 57 60 67 77 90 104 118 134 150 74 72 73 79 88 99 112 126 140 155 88 86 87 92 100 110 121 134 148 162
101 98 2 62 18 48 56 58 51 19 95 99 88 65 59 40 92 40 39 58 91 109 3 48 14 33 45 7 55 24 39 89 86 39 41 53 102 37 56 87 55 46 43 46 55 67 81 97 112 129 45 34 29 34 45 60 75 91 108 125 38 23 15 23 38 54 71 88 105 122 35 18 0 18 35 52 70 87 104 122 38 23 15 23 38 54 71 88 105 122 45 34 29 34 45 60 75 91 108 125 55 46 43 46 55 67 81 97 112 129 67 60 57 60 67 77 90 104 118 134 80 73 71 73 79 88 99 112 126 140 93 87 85 87 92 99 109 121 134 148
84 81 17 45 24 31 38 41 37 18 78 82 72 52 44 32 76 34 28 42 75 92 20 34 4 16 28 23 45 24 24 73 69 22 25 39 85 25 43 70 68 55 46 43 46 55 67 81 97 112 60 45 34 29 33 45 59 75 91 108 54 38 23 15 23 38 54 71 88 105 52 35 18 0 18 35 52 70 87 104 54 38 23 15 23 38 54 71 88 105 60 45 34 29 33 45 59 75 91 108 68 55 46 43 46 55 67 81 97 112 77 67 60 57 59 66 77 89 103 118 88 79 73 71 73 79 88 99 112 125 100 92 87 85 87 91 99 109 121 134
68 64 34 29 38 16 21 25 27 30 61 65 56 42 30 32 60 37 26 27 59 75 38 23 21 3 12 39 41 34 17 58 53 6 10 29 68 22 33 54 82 67 55 46 43 46 55 67 81 96 75 60 45 33 29 33 45 59 75 91 71 54 38 23 15 23 38 54 71 88 70 52 35 18 0 18 35 52 70 87 71 54 38 23 15 23 38 54 71 88 75 60 45 33 29 33 45 59 75 91 82 67 55 46 43 46 55 67 81 96 90 77 67 59 57 59 66 77 89 103 99 88 79 73 71 73 78 87 99 111 110 100 92 87 85 86 91 99 109 120
53 47 51 16 54 13 4 14 26 45 44 49 42 37 23 40 45 46 34 17 43 58 55 23 39 20 11 57 44 49 24 44 37 14 14 27 52 31 32 38 97 82 67 55 46 42 46 55 67 81 91 75 60 45 33 28 33 45 59 75 88 71 54 38 23 14 23 38 54 71 87 70 52 35 18 0 18 35 52 70 88 71 54 38 23 14 23 38 54 71 91 75 60 45 33 28 33 45 59 75 97 82 67 55 46 42 46 55 67 81 104 90 77 66 59 56 59 66 76 89 112 99 88 79 73 70 72 78 87 98 122 110 99 91 86 84 86 91 98 108
39 30 69 16 71 26 15 19 36 62 27 34 30 40 27 53 34 59 47 22 31 42 72 34 56 37 26 74 53 65 39 35 23 31 31 36 36 46 39 23 113 97 81 67 55 46 42 46 54 67 108 91 75 59 45 33 28 33 45 59 105 88 71 54 38 23 14 23 38 54 104 87 70 52 35 18 0 18 35 52 105 88 71 54 38 23 14 23 38 54 108 91 75 59 45 33 28 33 45 59 113 97 81 67 55 46 42 46 54 67 119 104 90 77 66 59 56 59 66 76 126 112 99 88 78 72 70 72 78 87 134 121 109 99 91 86 84 85 90 98
30 14 86 30 88 43 32 34 50 78 14 23 27 49 40 68 28 74 63 36 24 27 90 49 73 55 43 91 65 81 55 32 17 48 47 49 23 61 51 17 129 112 97 81 67 55 46 42 45 54 125 108 91 75 59 45 33 28 33 45 122 105 88 71 54 38 23 14 23 38 122 104 87 70 52 35 18 0 18 35 122 105 88 71 54 38 23 14 23 38 125 108 91 75 59 45 33 28 33 45 129 112 97 81 67 55 46 42 45 54 134 118 104 89 77 66 59 56 58 65 140 126 112 99 87 78 72 70 72 77 148 134 121 109 99 91 85 83 85 90
29 10 103 46 105 60 49 50 65 95 16 22 33 62 55 84 33 90 79 52 29 17 107 65 91 72 60 108 80 98 72 39 26 66 65 64 20 78 65 26 145 129 112 97 81 67 54 45 42 45 142 125 108 91 75 59 45 33 28 33 140 122 105 88 71 54 38 23 14 23 139 122 104 87 70 52 35 18 0 18 140 122 105 88 71 54 38 23 14 23 142 125 108 91 75 59 45 33 28 33 145 129 112 97 81 67 54 45 42 45 150 134 118 103 89 76 66 58 55 58 156 140 126 112 99 87 78 72 69 71 162 148 134 121 109 98 90 85 83 85
38 25 121 63 122 77 67 67 82 112 31 32 46 77 71 100 44 106 95 68 41 22 124 81 108 89 78 126 95 115 89 51 41 83 82 80 30 95 81 40 162 145 129 112 96 81 67 54 45 42 159 142 125 108 91 75 59 45 33 28 157 140 122 105 88 71 54 38 23 14 156 139 122 104 87 70 52 35 18 0 157 140 122 105 88 71 54 38 23 14 159 142 125 108 91 75 59 45 33 28 162 145 129 112 96 81 67 54 45 42 166 150 134 118 103 89 76 65 58 55 171 155 140 125 111 98 87 77 71 69 177 162 148 134 120 108 98 90 85 83
132 133 39 95 48 81 91 91 79 45 129 132 119 92 97 63 123 59 65 90 123 142 35 78 51 69 82 37 76 45 76 119 119 76 78 82 134 65 83 120 58 60 67 77 90 104 119 134 150 166 43 47 55 68 82 97 113 129 145 162 29 34 45 60 75 91 108 125 142 159 15 23 38 54 71 88 105 122 140 157 0 18 35 52 70 87 104 122 139 156 15 23 38 54 71 88 105 122 140 157 29 34 45 60 75 91 108 125 142 159 43 47 55 68 82 97 113 129 145 162 58 60 67 77 90 104 119 134 150 166 72 74 80 88 99 112 126 140 156 171
115 116 24 78 37 64 74 74 62 28 111 114 102 75 81 47 106 43 48 73 106 125 20 61 35 52 66 24 60 28 61 102 102 59 62 65 117 48 67 103 60 57 60 67 77 90 104 118 134 150 47 43 46 55 67 82 97 112 129 145 34 29 34 45 60 75 91 108 125 142 23 15 23 38 54 71 88 105 122 140 18 0 18 35 52 70 87 104 122 139 23 15 23 38 54 71 88 105 122 140 34 29 34 45 60 75 91 108 125 142 47 43 46 55 67 82 97 112 129 145 60 57 60 67 77 90 104 118 134 150 74 72 73 79 88 99 112 126 140 155
98 98 15 61 32 46 57 56 45 11 94 97 85 59 66 31 89 29 32 56 89 108 14 44 21 36 50 21 45 12 46 85 85 43 46 48 100 31 50 85 67 60 57 60 67 77 90 104 118 134 55 46 43 46 55 67 81 97 112 129 45 34 29 34 45 60 75 91 108 125 38 23 15 23 38 54 71 88 105 122 35 18 0 18 35 52 70 87 104 122 38 23 15 23 38 54 71 88 105 122 45 34 29 34 45 60 75 91 108 125 55 46 43 46 55 67 81 97 112 129 67 60 57 60 67 77 90 104 118 134 80 73 71 73 79 88 99 112 126 140
81 81 22 43 36 29 41 39 29 8 77 80 68 43 53 19 72 20 17 38 72 90 24 27 16 21 35 30 33 12 35 68 67 28 32 32 83 15 34 68 77 67 60 57 59 66 77 89 103 118 68 55 46 43 46 55 67 81 97 112 60 45 34 29 33 45 59 75 91 108 54 38 23 15 23 38 54 71 88 105 52 35 18 0 18 35 52 70 87 104 54 38 23 15 23 38 54 71 88 105 60 45 34 29 33 45 59 75 91 108 68 55 46 43 46 55 67 81 97 112 77 67 60 57 59 66 77 89 103 118 88 79 73 71 73 79 88 99 112 125
64 64 37 26 46 12 26 22 14 25 59 63 51 30 42 19 55 24 12 21 55 73 40 11 26 15 24 44 27 27 31 51 50 19 23 17 65 9 21 51 90 77 67 59 57 59 66 77 89 103 82 67 55 46 43 46 55 67 81 96 75 60 45 33 29 33 45 59 75 91 71 54 38 23 15 23 38 54 71 88 70 52 35 18 0 18 35 52 70 87 71 54 38 23 15 23 38 54 71 88 75 60 45 33 29 33 45 59 75 91 82 67 55 46 43 46 55 67 81 96 90 77 67 59 57 59 66 77 89 103 99 88 79 73 71 73 78 87 99 111
47 47 53 9 60 7 15 5 14 42 42 45 34 23 37 31 38 37 25 4 38 56 56 12 42 25 23 60 32 44 35 36 33 23 25 14 48 24 18 34 104 90 77 66 59 56 59 66 76 89 97 82 67 55 46 42 46 55 67 81 91 75 60 45 33 28 33 45 59 75 88 71 54 38 23 14 23 38 54 71 87 70 52 35 18 0 18 35 52 70 88 71 54 38 23 14 23 38 54 71 91 75 60 45 33 28 33 45 59 75 97 82 67 55 46 42 46 55 67 81 104 90 77 66 59 56 59 66 76 89 112 99 88 79 73 70 72 78 87 98
31 30 70 10 75 24 21 14 28 59 25 28 19 28 40 47 23 52 42 15 21 38 73 28 58 40 33 76 43 61 47 22 16 36 37 27 31 41 29 16 119 104 90 77 66 59 56 59 66 76 113 97 81 67 55 46 42 46 54 67 108 91 75 59 45 33 28 33 45 59 105 88 71 54 38 23 14 23 38 54 104 87 70 52 35 18 0 18 35 52 105 88 71 54 38 23 14 23 38 54 108 91 75 59 45 33 28 33 45 59 113 97 81 67 55 46 42 46 54 67 119 104 90 77 66 59 56 59 66 76 126 112 99 88 78 72 70 72 78 87
18 14 87 27 91 41 35 31 45 77 8 12 13 40 49 63 15 69 59 32 10 21 90 45 75 57 47 93 58 79 61 19 4 51 52 43 14 58 44 4 134 118 104 89 77 66 59 56 58 65 129 112 97 81 67 55 46 42 45 54 125 108 91 75 59 45 33 28 33 45 122 105 88 71 54 38 23 14 23 38 122 104 87 70 52 35 18 0 18 35 122 105 88 71 54 38 23 14 23 38 125 108 91 75 59 45 33 28 33 45 129 112 97 81 67 55 46 42 45 54 134 118 104 89 77 66 59 56 58 65 140 126 112 99 87 78 72 70 72 77
16 10 104 44 108 59 51 49 62 94 11 10 24 55 62 80 22 86 76 49 19 5 108 62 92 73 63 110 73 96 76 29 20 68 68 60 8 75 60 20 150 134 118 103 89 76 66 58 55 58 145 129 112 97 81 67 54 45 42 45 142 125 108 91 75 59 45 33 28 33 140 122 105 88 71 54 38 23 14 23 139 122 104 87 70 52 35 18 0 18 140 122 105 88 71 54 38 23 14 23 142 125 108 91 75 59 45 33 28 33 145 129 112 97 81 67 54 45 42 45 150 134 118 103 89 76 66 58 55 58 156 140 126 112 99 87 78 72 69 71
29 25 121 62 124 76 68 66 79 111 28 26 40 72 76 97 37 102 93 67 35 15 125 79 109 90 80 127 90 113 92 43 37 85 84 77 23 92 77 37 166 150 134 118 103 89 76 65 58 55 162 145 129 112 96 81 67 54 45 42 159 142 125 108 91 75 59 45 33 28 157 140 122 105 88 71 54 38 23 14 156 139 122 104 87 70 52 35 18 0 157 140 122 105 88 71 54 38 23 14 159 142 125 108 91 75 59 45 33 28 162 145 129 112 96 81 67 54 45 42 166 150 134 118 103 89 76 65 58 55 171 155 140 125 111 98 87 77 71 69
131 135 46 96 58 83 95 92 79 47 130 132 119 89 103 61 122 56 65 91 123 143 42 78 57 73 87 46 72 44 83 117 120 81 83 81 135 65 82 121 72 74 80 88 99 112 126 140 156 171 58 60 67 77 90 104 119 134 150 166 43 47 55 68 82 97 113 129 145 162 29 34 45 60 75 91 108 125 142 159 15 23 38 54 71 88 105 122 140 157 0 18 35 52 70 87 104 122 139 156 15 23 38 54 71 88 105 122 140 157 29 34 45 60 75 91 108 125 142 159 43 47 55 68 82 97 113 129 145 162 58 60 67 77 90 104 119 134 150 166
114 117 35 79 50 66 78 75 62 31 112 114 101 72 88 44 105 39 47 74 106 125 31 61 43 58 71 37 55 27 69 100 103 65 68 64 117 48 64 103 74 72 73 79 88 99 112 126 140 155 60 57 60 67 77 90 104 118 134 150 47 43 46 55 67 82 97 112 129 145 34 29 34 45 60 75 91 108 125 142 23 15 23 38 54 71 88 105 122 140 18 0 18 35 52 70 87 104 122 139 23 15 23 38 54 71 88 105 122 140 34 29 34 45 60 75 91 108 125 142 47 43 46 55 67 82 97 112 129 145 60 57 60 67 77 90 104 118 134 150
97 100 29 62 46 49 63 58 44 17 95 97 84 55 75 26 88 22 30 57 88 108 28 44 33 44 57 35 39 12 57 83 86 51 54 46 100 31 47 86 80 73 71 73 79 88 99 112 126 140 67 60 57 60 67 77 90 104 118 134 55 46 43 46 55 67 81 97 112 129 45 34 29 34 45 60 75 91 108 125 38 23 15 23 38 54 71 88 105 122 35 18 0 18 35 52 70 87 104 122 38 23 15 23 38 54 71 88 105 122 45 34 29 34 45 60 75 91 108 125 55 46 43 46 55 67 81 97 112 129 67 60 57 60 67 77 90 104 118 134
80 84 34 46 49 34 48 42 27 15 78 80 67 38 63 9 70 7 13 40 71 91 34 27 30 33 45 41 23 11 48 65 68 39 43 29 83 14 30 69 88 79 73 71 73 79 88 99 112 125 77 67 60 57 59 66 77 89 103 118 68 55 46 43 46 55 67 81 97 112 60 45 34 29 33 45 59 75 91 108 54 38 23 15 23 38 54 71 88 105 52 35 18 0 18 35 52 70 87 104 54 38 23 15 23 38 54 71 88 105 60 45 34 29 33 45 59 75 91 108 68 55 46 43 46 55 67 81 97 112 77 67 60 57 59 66 77 89 103 118
62 67 45 30 57 21 36 27 10 28 61 63 49 21 55 9 53 15 7 24 54 74 46 12 36 29 37 52 13 27 45 48 51 33 36 12 66 9 13 52 99 88 79 73 71 73 78 87 99 111 90 77 67 59 57 59 66 77 89 103 82 67 55 46 43 46 55 67 81 96 75 60 45 33 29 33 45 59 75 91 71 54 38 23 15 23 38 54 71 88 70 52 35 18 0 18 35 52 70 87 71 54 38 23 15 23 38 54 71 88 75 60 45 33 29 33 45 59 75 91 82 67 55 46 43 46 55 67 81 96 90 77 67 59 57 59 66 77 89 103
45 51 59 17 68 18 29 16 9 44 45 46 32 9 51 27 36 32 23 13 37 57 61 12 49 35 36 66 21 44 48 31 35 35 38 7 49 24 7 35 112 99 88 79 73 70 72 78 87 98 104 90 77 66 59 56 59 66 76 89 97 82 67 55 46 42 46 55 67 81 91 75 60 45 33 28 33 45 59 75 88 71 54 38 23 14 23 38 54 71 87 70 52 35 18 0 18 35 52 70 88 71 54 38 23 14 23 38 54 71 91 75 60 45 33 28 33 45 59 75 97 82 67 55 46 42 46 55 67 81 104 90 77 66 59 56 59 66 76 89
28 36 74 18 82 29 32 21 26 61 29 29 15 18 53 44 18 49 40 19 20 40 77 28 63 47 43 81 36 61 57 14 19 44 46 24 32 41 23 20 126 112 99 88 78 72 70 72 78 87 119 104 90 77 66 59 56 59 66 76 113 97 81 67 55 46 42 46 54 67 108 91 75 59 45 33 28 33 45 59 105 88 71 54 38 23 14 23 38 54 104 87 70 52 35 18 0 18 35 52 105 88 71 54 38 23 14 23 38 54 108 91 75 59 45 33 28 33 45 59 113 97 81 67 55 46 42 46 54 67 119 104 90 77 66 59 56 59 66 76
10 24 91 31 97 44 43 35 43 78 18 13 4 34 60 61 1 66 58 34 5 24 93 45 79 62 55 97 53 78 69 6 12 58 59 41 16 58 41 12 140 126 112 99 87 78 72 70 72 77 134 118 104 89 77 66 59 56 58 65 129 112 97 81 67 55 46 42 45 54 125 108 91 75 59 45 33 28 33 45 122 105 88 71 54 38 23 14 23 38 122 104 87 70 52 35 18 0 18 35 122 105 88 71 54 38 23 14 23 38 125 108 91 75 59 45 33 28 33 45 129 112 97 81 67 55 46 42 45 54 134 118 104 89 77 66 59 56 58 65
8 22 107 47 113 61 57 51 61 95 19 11 21 51 71 78 17 84 75 51 17 12 110 62 95 77 69 113 70 96 83 23 23 73 73 59 10 75 58 22 156 140 126 112 99 87 78 72 69 71 150 134 118 103 89 76 66 58 55 58 145 129 112 97 81 67 54 45 42 45 142 125 108 91 75 59 45 33 28 33 140 122 105 88 71 54 38 23 14 23 139 122 104 87 70 52 35 18 0 18 140 122 105 88 71 54 38 23 14 23 142 125 108 91 75 59 45 33 28 33 145 129 112 97 81 67 54 45 42 45 150 134 118 103 89 76 66 58 55 58
25 32 124 63 129 78 72 68 78 112 32 26 38 68 84 96 35 101 92 68 34 18 127 79 112 94 85 130 87 113 98 40 39 89 89 76 24 92 75 38 171 155 140 125 111 98 87 77 71 69 166 150 134 118 103 89 76 65 58 55 162 145 129 112 96 81 67 54 45 42 159 142 125 108 91 75 59 45 33 28 157 140 122 105 88 71 54 38 23 14 156 139 122 104 87 70 52 35 18 0 157 140 122 105 88 71 54 38 23 14 159 142 125 108 91 75 59 45 33 28 162 145 129 112 96 81 67 54 45 42 166 150 134 118 103 89 76 65 58 55
132 137 57 99 70 87 100 96 81 53 132 133 120 89 111 62 123 57 67 94 124 144 53 81 66 80 94 58 71 49 91 118 122 87 90 82 136 68 82 123 86 88 93 100 110 122 134 148 162 177 72 74 80 88 99 112 126 140 156 171 58 60 67 77 90 104 119 134 150 166 43 47 55 68 82 97 113 129 145 162 29 34 45 60 75 91 108 125 142 159 15 23 38 54 71 88 105 122 140 157 0 18 35 52 70 87 104 122 139 156 15 23 38 54 71 88 105 122 140 157 29 34 45 60 75 91 108 125 142 159 43 47 55 68 82 97 113 129 145 162
115 121 47 83 63 71 85 79 64 39 115 116 103 72 97 45 106 40 50 77 107 127 44 64 54 66 79 51 54 34 79 100 105 73 77 66 119 52 65 106 88 86 87 92 100 110 121 134 148 162 74 72 73 79 88 99 112 126 140 155 60 57 60 67 77 90 104 118 134 150 47 43 46 55 67 82 97 112 129 145 34 29 34 45 60 75 91 108 125 142 23 15 23 38 54 71 88 105 122 140 18 0 18 35 52 70 87 104 122 139 23 15 23 38 54 71 88 105 122 140 34 29 34 45 60 75 91 108 125 142 47 43 46 55 67 82 97 112 129 145
98 104 44 67 60 56 70 64 48 29 99 99 85 54 85 29 89 23 35 61 90 110 42 48 46 54 67 49 36 23 68 83 89 61 64 49 102 37 48 89 93 87 85 87 92 99 109 121 134 148 80 73 71 73 79 88 99 112 126 140 67 60 57 60 67 77 90 104 118 134 55 46 43 46 55 67 81 97 112 129 45 34 29 34 45 60 75 91 108 125 38 23 15 23 38 54 71 88 105 122 35 18 0 18 35 52 70 87 104 122 38 23 15 23 38 54 71 88 105 122 45 34 29 34 45 60 75 91 108 125 55 46 43 46 55 67 81 97 112 129
81 88 46 52 62 42 57 49 32 28 82 82 69 37 75 15 72 10 22 46 73 94 46 34 44 46 56 53 19 23 61 66 72 51 55 33 85 25 32 73 100 92 87 85 87 91 99 109 121 134 88 79 73 71 73 79 88 99 112 125 77 67 60 57 59 66 77 89 103 118 68 55 46 43 46 55 67 81 97 112 60 45 34 29 33 45 59 75 91 108 54 38 23 15 23 38 54 71 88 105 52 35 18 0 18 35 52 70 87 104 54 38 23 15 23 38 54 71 88 105 60 45 34 29 33 45 59 75 91 108 68 55 46 43 46 55 67 81 97 112
64 73 55 39 69 33 48 37 20 36 66 66 52 20 68 15 55 17 19 33 57 77 56 23 49 43 50 62 2 34 59 49 56 46 50 20 69 22 17 57 110 100 92 87 85 86 91 99 109 120 99 88 79 73 71 73 78 87 99 111 90 77 67 59 57 59 66 77 89 103 82 67 55 46 43 46 55 67 81 96 75 60 45 33 29 33 45 59 75 91 71 54 38 23 15 23 38 54 71 88 70 52 35 18 0 18 35 52 70 87 71 54 38 23 15 23 38 54 71 88 75 60 45 33 29 33 45 59 75 91 82 67 55 46 43 46 55 67 81 96
47 58 67 30 78 32 43 30 20 50 52 50 36 6 65 29 38 33 29 26 41 61 69 24 58 47 50 74 17 48 61 32 42 48 51 17 53 31 13 42 122 110 99 91 86 84 86 91 98 108 112 99 88 79 73 70 72 78 87 98 104 90 77 66 59 56 59 66 76 89 97 82 67 55 46 42 46 55 67 81 91 75 60 45 33 28 33 45 59 75 88 71 54 38 23 14 23 38 54 71 87 70 52 35 18 0 18 35 52 70 88 71 54 38 23 14 23 38 54 71 91 75 60 45 33 28 33 45 59 75 97 82 67 55 46 42 46 55 67 81
31 45 81 31 91 39 45 33 31 65 39 35 22 17 66 45 23 50 44 30 26 46 83 34 71 57 55 88 34 64 68 17 30 55 58 29 38 45 26 30 134 121 109 99 91 86 84 85 90 98 126 112 99 88 78 72 70 72 78 87 119 104 90 77 66 59 56 59 66 76 113 97 81 67 55 46 42 46 54 67 108 91 75 59 45 33 28 33 45 59 105 88 71 54 38 23 14 23 38 54 104 87 70 52 35 18 0 18 35 52 105 88 71 54 38 23 14 23 38 54 108 91 75 59 45 33 28 33 45 59 113 97 81 67 55 46 42 46 54 67
17 37 96 39 104 51 53 43 47 81 31 24 16 34 72 62 14 67 60 41 18 33 98 49 85 69 65 103 51 81 78 11 26 66 68 44 26 61 42 25 148 134 121 109 99 91 85 83 85 90 140 126 112 99 87 78 72 70 72 77 134 118 104 89 77 66 59 56 58 65 129 112 97 81 67 55 46 42 45 54 125 108 91 75 59 45 33 28 33 45 122 105 88 71 54 38 23 14 23 38 122 104 87 70 52 35 18 0 18 35 122 105 88 71 54 38 23 14 23 38 125 108 91 75 59 45 33 28 33 45 129 112 97 81 67 55 46 42 45 54
16 36 112 53 119 66 65 57 63 98 32 23 26 51 81 79 22 84 77 55 24 25 114 65 100 84 77 118 68 98 91 24 32 80 81 61 23 78 59 32 162 148 134 121 109 98 90 85 83 85 156 140 126 112 99 87 78 72 69 71 150 134 118 103 89 76 66 58 55 58 145 129 112 97 81 67 54 45 42 45 142 125 108 91 75 59 45 33 28 33 140 122 105 88 71 54 38 23 14 23 139 122 104 87 70 52 35 18 0 18 140 122 105 88 71 54 38 23 14 23 142 125 108 91 75 59 45 33 28 33 145 129 112 97 81 67 54 45 42 45
29 42 128 68 134 82 79 72 80 114 41 33 41 68 93 96 37 101 94 71 38 29 131 81 116 99 91 134 86 115 105 41 45 95 95 77 32 94 76 44 177 162 148 134 120 108 98 90 85 83 171 155 140 125 111 98 87 77 71 69 166 150 134 118 103 89 76 65 58 55 162 145 129 112 96 81 67 54 45 42 159 142 125 108 91 75 59 45 33 28 157 140 122 105 88 71 54 38 23 14 156 139 122 104 87 70 52 35 18 0 157 140 122 105 88 71 54 38 23 14 159 142 125 108 91 75 59 45 33 28 162 145 129 112 96 81 67 54 45 42
134 142 68 104 83 93 107 101 85 61 136 136 122 91 120 66 125 61 72 99 127 147 65 86 76 89 102 70 73 56 101 120 126 95 99 86 139 74 86 126 100 102 106 112 121 132 144 156 170 184 86 88 93 100 110 122 134 148 162 177 72 74 80 88 99 112 126 140 156 171 58 60 67 77 90 104 119 134 150 166 43 47 55 68 82 97 113 129 145 162 29 34 45 60 75 91 108 125 142 159 15 23 38 54 71 88 105 122 140 157 0 18 35 52 70 87 104 122 139 156 15 23 38 54 71 88 105 122 140 157 29 34 45 60 75 91 108 125 142 159
117 126 61 89 77 78 93 86 69 50 120 120 106 74 107 51 109 45 57 83 110 131 58 70 66 76 89 64 56 44 90 103 110 83 86 70 123 59 69 110 102 100 101 105 112 121 131 143 156 170 88 86 87 92 100 110 121 134 148 162 74 72 73 79 88 99 112 126 140 155 60 57 60 67 77 90 104 118 134 150 47 43 46 55 67 82 97 112 129 145 34 29 34 45 60 75 91 108 125 142 23 15 23 38 54 71 88 105 122 140 18 0 18 35 52 70 87 104 122 139 23 15 23 38 54 71 88 105 122 140 34 29 34 45 60 75 91 108 125 142
101 110 58 74 74 65 80 71 54 42 104 103 89 58 96 37 92 32 44 68 94 114 56 56 60 66 78 63 39 37 81 86 94 72 76 55 106 46 53 94 106 101 99 101 105 112 121 131 143 156 93 87 85 87 92 99 109 121 134 148 80 73 71 73 79 88 99 112 126 140 67 60 57 60 67 77 90 104 118 134 55 46 43 46 55 67 81 97 112 129 45 34 29 34 45 60 75 91 108 125 38 23 15 23 38 54 71 88 105 122 35 18 0 18 35 52 70 87 104 122 38 23 15 23 38 54 71 88 105 122 45 34 29 34 45 60 75 91 108 125
84 95 60 61 76 54 69 59 42 42 88 87 73 42 87 28 76 24 34 55 78 98 59 44 58 59 69 66 25 36 75 70 78 64 68 42 90 37 39 79 112 105 101 99 100 105 111 120 131 143 100 92 87 85 87 91 99 109 121 134 88 79 73 71 73 79 88 99 112 125 77 67 60 57 59 66 77 89 103 118 68 55 46 43 46 55 67 81 97 112 60 45 34 29 33 45 59 75 91 108 54 38 23 15 23 38 54 71 88 105 52 35 18 0 18 35 52 70 87 104 54 38 23 15 23 38 54 71 88 105 60 45 34 29 33 45 59 75 91 108
68 80 67 50 81 47 61 49 33 48 74 72 58 28 81 28 60 27 32 45 63 83 67 37 62 57 64 74 16 44 73 54 64 60 64 32 75 36 28 64 121 112 105 100 99 100 104 111 120 130 110 100 92 87 85 86 91 99 109 120 99 88 79 73 71 73 78 87 99 111 90 77 67 59 57 59 66 77 89 103 82 67 55 46 43 46 55 67 81 96 75 60 45 33 29 33 45 59 75 91 71 54 38 23 15 23 38 54 71 88 70 52 35 18 0 18 35 52 70 87 71 54 38 23 15 23 38 54 71 88 75 60 45 33 29 33 45 59 75 91
53 67 77 44 90 45 57 44 33 59 61 57 44 20 79 37 45 39 39 40 48 68 78 37 69 60 64 84 23 56 75 39 51 62 65 31 60 42 26 51 132 121 112 105 100 98 99 104 110 119 122 110 99 91 86 84 86 91 98 108 112 99 88 79 73 70 72 78 87 98 104 90 77 66 59 56 59 66 76 89 97 82 67 55 46 42 46 55 67 81 91 75 60 45 33 28 33 45 59 75 88 71 54 38 23 14 23 38 54 71 87 70 52 35 18 0 18 35 52 70 88 71 54 38 23 14 23 38 54 71 91 75 60 45 33 28 33 45 59 75
39 57 89 44 100 51 58 46 41 72 50 45 33 25 80 51 33 54 51 42 37 54 91 44 80 68 68 96 37 70 80 28 43 67 70 38 47 53 34 42 144 131 121 111 104 99 98 99 103 110 134 121 109 99 91 86 84 85 90 98 126 112 99 88 78 72 70 72 78 87 119 104 90 77 66 59 56 59 66 76 113 97 81 67 55 46 42 46 54 67 108 91 75 59 45 33 28 33 45 59 105 88 71 54 38 23 14 23 38 54 104 87 70 52 35 18 0 18 35 52 105 88 71 54 38 23 14 23 38 54 108 91 75 59 45 33 28 33 45 59
30 50 103 50 113 61 65 53 54 87 44 37 30 39 85 66 28 70 66 51 32 44 105 56 93 79 76 110 53 86 89 25 40 77 79 51 39 67 48 39 156 143 131 120 111 104 99 97 99 103 148 134 121 109 99 91 85 83 85 90 140 126 112 99 87 78 72 70 72 77 134 118 104 89 77 66 59 56 58 65 129 112 97 81 67 55 46 42 45 54 125 108 91 75 59 45 33 28 33 45 122 105 88 71 54 38 23 14 23 38 122 104 87 70 52 35 18 0 18 35 122 105 88 71 54 38 23 14 23 38 125 108 91 75 59 45 33 28 33 45
29 49 118 61 126 73 75 65 68 102 45 37 36 54 93 83 33 86 81 63 36 39 120 71 107 91 87 125 70 102 100 33 44 88 90 65 37 82 63 43 170 156 143 131 120 110 103 99 97 98 162 148 134 121 109 98 90 85 83 85 156 140 126 112 99 87 78 72 69 71 150 134 118 103 89 76 66 58 55 58 145 129 112 97 81 67 54 45 42 45 142 125 108 91 75 59 45 33 28 33 140 122 105 88 71 54 38 23 14 23 139 122 104 87 70 52 35 18 0 18 140 122 105 88 71 54 38 23 14 23 142 125 108 91 75 59 45 33 28 33
37 54 133 75 141 88 87 79 84 118 52 44 48 71 103 99 44 103 97 77 46 41 136 86 122 105 99 140 87 118 113 46 54 102 103 81 43 98 79 53 184 170 156 143 130 119 110 103 98 96 177 162 148 134 120 108 98 90 85 83 171 155 140 125 111 98 87 77 71 69 166 150 134 118 103 89 76 65 58 55 162 145 129 112 96 81 67 54 45 42 159 142 125 108 91 75 59 45 33 28 157 140 122 105 88 71 54 38 23 14 156 139 122 104 87 70 52 35 18 0 157 140 122 105 88 71 54 38 23 14 159 142 125 108 91 75 59 45 33 28
138 147 80 111 96 100 115 108 91 71 141 141 126 95 129 73 129 67 79 105 131 152 77 93 87 98 111 83 77 66 112 123 131 105 109 92 144 81 91 131 115 116 119 125 133 143 154 166 179 192 100 102 106 112 121 132 144 156 170 184 86 88 93 100 110 122 134 148 162 177 72 74 80 88 99 112 126 140 156 171 58 60 67 77 90 104 119 134 150 166 43 47 55 68 82 97 113 129 145 162 29 34 45 60 75 91 108 125 142 159 15 23 38 54 71 88 105 122 140 157 0 18 35 52 70 87 104 122 139 156 15 23 38 54 71 88 105 122 140 157
122 132 74 97 90 87 102 94 77 62 126 125 110 79 118 60 113 54 66 91 115 136 72 79 79 87 99 78 61 56 102 107 115 94 97 77 127 68 76 116 116 114 115 119 125 133 142 153 165 178 102 100 101 105 112 121 131 143 156 170 88 86 87 92 100 110 121 134 148 162 74 72 73 79 88 99 112 126 140 155 60 57 60 67 77 90 104 118 134 150 47 43 46 55 67 82 97 112 129 145 34 29 34 45 60 75 91 108 125 142 23 15 23 38 54 71 88 105 122 140 18 0 18 35 52 70 87 104 122 139 23 15 23 38 54 71 88 105 122 140
105 117 72 83 88 75 90 81 64 56 110 109 95 64 108 48 97 43 55 77 100 120 70 66 74 79 90 77 47 50 94 91 100 84 88 64 112 58 61 101 119 115 114 115 118 124 132 142 153 165 106 101 99 101 105 112 121 131 143 156 93 87 85 87 92 99 109 121 134 148 80 73 71 73 79 88 99 112 126 140 67 60 57 60 67 77 90 104 118 134 55 46 43 46 55 67 81 97 112 129 45 34 29 34 45 60 75 91 108 125 38 23 15 23 38 54 71 88 105 122 35 18 0 18 35 52 70 87 104 122 38 23 15 23 38 54 71 88 105 122
90 103 73 72 90 66 81 70 53 56 96 94 80 50 100 41 82 38 48 66 85 105 73 56 72 73 82 80 35 50 89 76 86 77 81 53 97 51 49 86 125 119 115 113 114 118 124 132 141 152 112 105 101 99 100 105 111 120 131 143 100 92 87 85 87 91 99 109 121 134 88 79 73 71 73 79 88 99 112 125 77 67 60 57 59 66 77 89 103 118 68 55 46 43 46 55 67 81 97 112 60 45 34 29 33 45 59 75 91 108 54 38 23 15 23 38 54 71 88 105 52 35 18 0 18 35 52 70 87 104 54 38 23 15 23 38 54 71 88 105
75 89 79 63 94 60 74 62 47 60 83 80 66 39 95 41 67 40 46 58 71 90 79 50 75 71 78 86 30 56 87 61 73 74 78 46 82 49 41 73 133 125 118 114 113 114 117 123 131 141 121 112 105 100 99 100 104 111 120 130 110 100 92 87 85 86 91 99 109 120 99 88 79 73 71 73 78 87 99 111 90 77 67 59 57 59 66 77 89 103 82 67 55 46 43 46 55 67 81 96 75 60 45 33 29 33 45 59 75 91 71 54 38 23 15 23 38 54 71 88 70 52 35 18 0 18 35 52 70 87 71 54 38 23 15 23 38 54 71 88
61 78 88 58 101 59 71 58 47 69 71 67 54 34 93 48 55 49 51 54 59 77 88 50 81 74 78 95 34 66 88 49 63 75 79 44 69 54 40 63 143 133 124 118 114 112 113 117 123 131 132 121 112 105 100 98 99 104 110 119 122 110 99 91 86 84 86 91 98 108 112 99 88 79 73 70 72 78 87 98 104 90 77 66 59 56 59 66 76 89 97 82 67 55 46 42 46 55 67 81 91 75 60 45 33 28 33 45 59 75 88 71 54 38 23 14 23 38 54 71 87 70 52 35 18 0 18 35 52 70 88 71 54 38 23 14 23 38 54 71
50 69 99 58 111 63 72 59 52 81 63 57 46 37 94 59 45 61 61 56 50 65 100 56 91 80 81 106 45 78 93 40 56 80 83 50 59 63 46 55 154 142 132 124 117 113 112 113 116 122 144 131 121 111 104 99 98 99 103 110 134 121 109 99 91 86 84 85 90 98 126 112 99 88 78 72 70 72 78 87 119 104 90 77 66 59 56 59 66 76 113 97 81 67 55 46 42 46 54 67 108 91 75 59 45 33 28 33 45 59 105 88 71 54 38 23 14 23 38 54 104 87 70 52 35 18 0 18 35 52 105 88 71 54 38 23 14 23 38 54
43 64 111 63 122 72 77 65 63 94 58 51 44 47 98 73 42 76 73 62 46 57 113 66 102 89 88 118 59 92 101 38 54 88 90 60 52 75 56 53 166 153 142 132 123 117 113 111 112 116 156 143 131 120 111 104 99 97 99 103 148 134 121 109 99 91 85 83 85 90 140 126 112 99 87 78 72 70 72 77 134 118 104 89 77 66 59 56 58 65 129 112 97 81 67 55 46 42 45 54 125 108 91 75 59 45 33 28 33 45 122 105 88 71 54 38 23 14 23 38 122 104 87 70 52 35 18 0 18 35 122 105 88 71 54 38 23 14 23 38
42 63 125 72 135 83 86 75 76 109 59 50 48 61 105 88 45 91 87 73 49 53 127 78 115 101 97 132 74 107 111 44 57 98 100 73 50 89 70 56 179 165 153 141 131 123 116 112 110 112 170 156 143 131 120 110 103 99 97 98 162 148 134 121 109 98 90 85 83 85 156 140 126 112 99 87 78 72 69 71 150 134 118 103 89 76 66 58 55 58 145 129 112 97 81 67 54 45 42 45 142 125 108 91 75 59 45 33 28 33 140 122 105 88 71 54 38 23 14 23 139 122 104 87 70 52 35 18 0 18 140 122 105 88 71 54 38 23 14 23
48 67 140 83 148 96 96 87 90 124 64 55 58 76 114 104 54 107 103 85 57 54 142 93 129 113 108 146 91 123 122 55 65 111 112 87 55 104 85 64 192 178 165 152 141 131 122 116 112 110 184 170 156 143 130 119 110 103 98 96 177 162 148 134 120 108 98 90 85 83 171 155 140 125 111 98 87 77 71 69 166 150 134 118 103 89 76 65 58 55 162 145 129 112 96 81 67 54 45 42 159 142 125 108 91 75 59 45 33 28 157 140 122 105 88 71 54 38 23 14 156 139 122 104 87 70 52 35 18 0 157 140 122 105 88 71 54 38 23 14
143 154 93 119 109 109 124 116 99 83 148 146 132 101 140 82 134 76 88 113 137 157 90 101 99 109 122 97 83 77 123 128 137 115 119 100 149 91 98 138 129 130 133 138 145 154 164 176 188 201 115 116 119 125 133 143 154 166 179 192 100 102 106 112 121 132 144 156 170 184 86 88 93 100 110 122 134 148 162 177 72 74 80 88 99 112 126 140 156 171 58 60 67 77 90 104 119 134 150 166 43 47 55 68 82 97 113 129 145 162 29 34 45 60 75 91 108 125 142 159 15 23 38 54 71 88 105 122 140 157 0 18 35 52 70 87 104 122 139 156
127 139 88 106 104 97 112 103 86 75 133 131 117 86 129 70 119 64 77 100 122 142 86 88 92 99 111 92 69 69 114 113 123 105 109 86 134 79 84 123 130 128 129 132 138 145 154 164 175 187 116 114 115 119 125 133 142 153 165 178 102 100 101 105 112 121 131 143 156 170 88 86 87 92 100 110 121 134 148 162 74 72 73 79 88 99 112 126 140 155 60 57 60 67 77 90 104 118 134 150 47 43 46 55 67 82 97 112 129 145 34 29 34 45 60 75 91 108 125 142 23 15 23 38 54 71 88 105 122 140 18 0 18 35 52 70 87 104 122 139
112 125 86 93 102 87 102 91 75 70 118 116 102 72 120 61 104 56 67 88 107 127 84 77 88 92 102 91 57 64 107 98 108 97 101 74 119 70 71 109 133 129 128 129 132 137 144 153 163 175 119 115 114 115 118 124 132 142 153 165 106 101 99 101 105 112 121 131 143 156 93 87 85 87 92 99 109 121 134 148 80 73 71 73 79 88 99 112 126 140 67 60 57 60 67 77 90 104 118 134 55 46 43 46 55 67 81 97 112 129 45 34 29 34 45 60 75 91 108 125 38 23 15 23 38 54 71 88 105 122 35 18 0 18 35 52 70 87 104 122
97 112 87 83 103 79 93 82 66 70 105 102 88 60 113 55 90 52 61 78 93 112 86 69 86 87 95 93 48 64 103 83 95 91 95 65 105 65 61 96 138 132 129 127 128 131 137 144 153 163 125 119 115 113 114 118 124 132 141 152 112 105 101 99 100 105 111 120 131 143 100 92 87 85 87 91 99 109 121 134 88 79 73 71 73 79 88 99 112 125 77 67 60 57 59 66 77 89 103 118 68 55 46 43 46 55 67 81 97 112 60 45 34 29 33 45 59 75 91 108 54 38 23 15 23 38 54 71 88 105 52 35 18 0 18 35 52 70 87 104
83 100 92 76 107 74 87 75 61 73 93 89 76 52 109 55 77 53 60 71 80 99 92 64 89 85 92 99 44 68 101 71 84 88 92 59 91 63 55 84 145 138 132 128 127 127 131 136 143 152 133 125 118 114 113 114 117 123 131 141 121 112 105 100 99 100 104 111 120 130 110 100 92 87 85 86 91 99 109 120 99 88 79 73 71 73 78 87 99 111 90 77 67 59 57 59 66 77 89 103 82 67 55 46 43 46 55 67 81 96 75 60 45 33 29 33 45 59 75 91 71 54 38 23 15 23 38 54 71 88 70 52 35 18 0 18 35 52 70 87
71 90 99 71 114 73 85 72 60 81 83 78 66 48 107 60 66 60 64 68 70 87 100 64 94 87 91 106 47 77 102 60 75 89 93 58 80 67 54 75 154 145 137 131 127 126 127 130 135 143 143 133 124 118 114 112 113 117 123 131 132 121 112 105 100 98 99 104 110 119 122 110 99 91 86 84 86 91 98 108 112 99 88 79 73 70 72 78 87 98 104 90 77 66 59 56 59 66 76 89 97 82 67 55 46 42 46 55 67 81 91 75 60 45 33 28 33 45 59 75 88 71 54 38 23 14 23 38 54 71 87 70 52 35 18 0 18 35 52 70
62 82 109 71 122 76 86 73 65 91 76 69 59 50 107 70 58 70 72 69 63 77 110 69 102 93 94 116 55 87 106 54 69 93 96 62 71 75 58 69 164 154 144 137 131 127 125 126 130 135 154 142 132 124 117 113 112 113 116 122 144 131 121 111 104 99 98 99 103 110 134 121 109 99 91 86 84 85 90 98 126 112 99 88 78 72 70 72 78 87 119 104 90 77 66 59 56 59 66 76 113 97 81 67 55 46 42 46 54 67 108 91 75 59 45 33 28 33 45 59 105 88 71 54 38 23 14 23 38 54 104 87 70 52 35 18 0 18 35 52
56 77 121 75 133 83 90 78 73 103 72 64 57 58 111 81 56 83 83 75 60 70 122 77 112 101 100 128 67 100 113 52 67 100 103 71 65 85 67 67 176 164 153 144 136 130 126 125 126 129 166 153 142 132 123 117 113 111 112 116 156 143 131 120 111 104 99 97 99 103 148 134 121 109 99 91 85 83 85 90 140 126 112 99 87 78 72 70 72 77 134 118 104 89 77 66 59 56 58 65 129 112 97 81 67 55 46 42 45 54 125 108 91 75 59 45 33 28 33 45 122 105 88 71 54 38 23 14 23 38 122 104 87 70 52 35 18 0 18 35
56 76 133 83 144 93 97 86 85 116 72 64 61 69 117 95 58 98 95 83 62 66 135 88 124 111 108 140 81 114 122 56 70 109 111 82 64 97 78 69 188 175 163 153 143 135 130 126 124 125 179 165 153 141 131 123 116 112 110 112 170 156 143 131 120 110 103 99 97 98 162 148 134 121 109 98 90 85 83 85 156 140 126 112 99 87 78 72 69 71 150 134 118 103 89 76 66 58 55 58 145 129 112 97 81 67 54 45 42 45 142 125 108 91 75 59 45 33 28 33 140 122 105 88 71 54 38 23 14 23 139 122 104 87 70 52 35 18 0 18
61 80 147 93 157 105 107 97 98 130 76 68 68 83 125 110 65 113 109 94 68 68 149 101 137 123 119 154 96 129 132 65 77 120 122 95 67 111 92 76 201 187 175 163 152 143 135 129 125 124 192 178 165 152 141 131 122 116 112 110 184 170 156 143 130 119 110 103 98 96 177 162 148 134 120 108 98 90 85 83 171 155 140 125 111 98 87 77 71 69 166 150 134 118 103 89 76 65 58 55 162 145 129 112 96 81 67 54 45 42 159 142 125 108 91 75 59 45 33 28 157 140 122 105 88 71 54 38 23 14 156 139 122 104 87 70 52 35 18 0
