0 72 80 50 9 66 90 74 79 68 78 53 45 55 36 74 50 81 75 40 15 64 58 32 36 66 87 54 81 87 80 61 44 57 52 56 62 66 72 43 138 129 123 118 117 117 121 126 134 143 126 117 109 105 103 103 107 114 122 132 114 104 96 91 89 90 94 101 111 122 104 93 83 77 75 76 81 89 100 112 94 81 71 64 61 62 69 78 90 104 86 72 59 51 47 49 57 68 82 97 79 63 49 38 33 36 46 60 75 91 74 57 41 27 19 24 38 54 70 87 72 55 37 20 5 16 33 51 68 85 72 55 38 22 11 19 35 51 68 86
72 0 65 30 74 49 79 68 92 42 71 21 32 56 37 18 42 90 84 32 69 8 50 47 62 48 57 46 100 54 66 26 32 50 20 67 49 87 81 29 144 129 114 101 89 79 72 69 70 75 137 122 106 92 79 67 59 55 56 62 132 116 100 84 70 57 46 41 43 51 129 112 95 79 63 48 35 27 30 41 126 109 92 75 58 41 25 14 19 34 126 108 91 74 57 39 22 5 14 31 127 109 92 75 58 42 27 16 20 34 129 112 96 79 63 49 36 29 32 42 133 117 101 85 71 58 48 43 45 53 138 123 107 93 80 69 61 57 58 64
80 65 0 46 75 19 15 10 35 23 9 56 49 26 68 48 35 31 28 59 89 62 24 51 46 19 15 29 44 19 3 41 51 25 62 28 21 38 26 60 79 64 51 41 37 41 50 63 78 94 74 58 42 29 23 28 41 56 73 89 71 54 37 20 9 19 36 53 70 87 70 53 36 19 6 18 35 52 69 87 73 57 41 27 20 26 40 55 72 89 78 63 49 39 34 38 48 62 77 93 85 72 60 51 48 51 59 70 84 99 94 82 72 65 62 64 71 80 92 106 104 93 84 78 76 78 83 92 102 114 115 105 97 92 90 92 96 103 113 124
50 30 46 0 49 28 60 45 66 25 49 12 5 29 24 25 14 65 58 14 53 23 24 19 33 27 45 19 73 43 47 11 7 24 18 39 26 59 55 15 122 108 96 86 78 74 74 77 84 94 114 99 86 74 66 60 60 64 73 84 107 91 77 64 53 47 46 52 62 75 102 85 70 55 42 33 33 40 53 68 98 81 64 48 32 20 19 31 46 63 97 79 62 45 28 11 9 26 43 60 97 80 63 46 29 15 14 28 44 61 100 83 67 51 37 27 26 35 49 65 104 88 73 59 47 40 40 46 57 71 110 95 81 69 59 54 53 58 68 80
9 74 75 49 0 62 84 68 72 65 73 54 45 50 40 74 47 74 68 42 23 66 54 31 30 63 83 51 73 83 75 60 44 53 55 50 58 59 66 45 130 122 116 113 112 114 118 124 133 143 118 109 103 99 98 100 105 112 122 133 106 97 89 85 84 86 92 100 111 123 96 85 76 71 70 73 80 89 101 114 86 74 64 57 56 60 68 79 92 106 77 63 52 44 42 47 57 70 85 100 71 55 41 31 28 35 48 63 79 95 67 50 33 19 14 26 42 58 75 92 65 48 31 13 5 22 40 57 74 91 67 50 34 20 16 27 42 59 76 93
66 49 19 28 62 0 33 19 44 8 23 38 31 14 50 34 18 41 36 41 73 45 9 35 34 2 22 12 52 22 19 24 33 9 45 24 5 41 33 42 96 82 69 59 53 52 57 66 78 92 89 73 59 47 39 38 45 56 70 85 84 67 51 37 26 25 34 48 64 80 81 64 47 30 15 12 26 43 60 77 80 63 46 29 12 9 25 42 59 77 82 66 49 34 22 20 31 46 62 79 87 71 56 43 35 34 41 53 67 83 93 79 65 55 48 47 53 63 75 89 101 88 76 67 62 61 65 73 84 97 110 98 88 80 76 75 78 85 95 106
90 79 15 60 84 33 0 16 28 38 12 70 62 36 81 62 49 23 23 72 100 76 37 63 54 33 26 42 37 31 14 56 65 37 77 35 34 36 23 74 65 50 37 29 31 41 55 70 86 102 60 43 28 16 19 33 49 66 82 100 58 41 24 6 12 29 47 64 81 99 60 43 27 15 19 32 49 65 82 100 65 50 37 29 31 41 54 70 86 102 72 59 48 43 44 51 63 76 91 107 81 70 61 57 58 63 73 85 98 113 92 82 74 71 71 76 84 95 107 120 103 94 88 85 85 89 96 105 116 129 115 107 102 99 99 102 108 117 127 138
74 68 10 45 68 19 16 0 27 27 5 56 48 20 66 53 33 23 19 57 84 64 22 47 39 20 25 27 36 28 9 43 50 22 63 20 20 28 16 59 77 63 52 45 44 50 60 73 88 103 70 55 41 32 31 38 51 66 82 98 65 48 32 19 17 29 44 61 78 95 63 46 29 11 7 24 42 59 76 94 64 48 31 17 15 28 44 60 77 94 69 53 39 29 28 36 50 65 81 97 75 62 50 43 42 48 58 72 86 102 84 72 62 56 56 60 69 80 94 108 94 83 75 70 70 73 80 90 102 116 105 95 88 84 84 87 93 101 112 124
79 92 35 66 72 44 28 27 0 52 26 78 67 38 83 78 53 6 9 76 92 87 43 61 46 46 50 48 10 54 33 67 69 43 84 29 44 14 12 78 59 51 47 49 57 69 82 97 112 128 49 38 33 36 46 60 75 91 107 124 41 27 19 24 38 54 70 87 104 121 37 20 5 17 34 51 68 85 103 120 38 22 11 19 35 52 69 86 103 120 44 32 25 29 41 56 72 89 105 122 54 44 39 42 51 64 78 93 109 126 65 57 53 55 62 73 86 100 115 131 77 70 67 69 75 84 95 108 122 137 90 84 82 83 88 95 105 117 130 144
68 42 23 25 65 8 38 27 52 0 29 33 28 21 48 27 18 49 43 38 74 39 14 36 39 7 22 15 60 20 25 18 31 14 40 31 11 49 40 39 102 87 74 63 54 51 54 61 72 85 96 80 65 52 42 37 41 50 63 78 91 74 58 43 30 23 28 41 56 72 88 71 54 37 21 9 19 35 52 69 88 71 54 37 20 6 18 34 52 69 90 73 57 41 27 20 26 39 55 71 94 78 63 49 38 34 37 48 61 76 100 85 72 60 51 48 50 58 70 83 108 94 82 71 64 61 63 70 80 92 116 104 93 84 78 75 77 82 91 101
78 71 9 49 73 23 12 5 26 29 0 60 52 25 70 55 38 22 19 62 89 68 26 52 43 24 24 32 35 28 7 47 54 26 67 24 24 29 17 63 73 59 48 41 40 47 58 72 87 103 67 51 37 27 27 36 50 65 82 98 63 46 29 15 14 28 44 61 78 96 62 45 27 10 9 26 43 60 78 95 64 48 32 20 19 31 46 63 80 97 69 54 42 33 33 41 53 68 84 100 77 64 53 47 46 52 62 75 90 105 86 75 66 61 60 65 73 84 97 112 96 86 79 75 74 78 85 95 106 120 108 99 92 88 88 91 97 106 116 128
53 21 56 12 54 38 70 56 78 33 60 0 13 40 20 23 25 76 70 13 52 13 36 27 43 38 53 30 85 50 57 16 12 35 7 51 37 70 66 10 133 119 107 96 87 80 78 79 83 91 125 110 97 85 74 67 64 65 71 80 118 103 88 74 63 54 50 52 59 70 113 97 81 66 52 41 36 39 48 61 109 93 76 59 44 30 22 26 39 54 108 90 73 56 39 22 9 17 33 50 107 90 73 56 39 22 7 16 33 50 109 92 75 59 43 29 21 25 38 53 113 96 80 65 51 40 35 37 47 60 118 102 87 73 61 53 48 50 58 69
45 32 49 5 45 31 62 48 67 28 52 13 0 30 20 29 15 66 59 11 48 25 26 16 31 31 49 21 73 47 49 16 3 26 18 39 28 59 56 12 123 110 99 89 82 78 78 82 89 99 115 101 88 77 69 64 64 69 77 88 108 93 79 66 56 51 51 56 66 79 102 86 70 56 44 37 37 45 57 71 98 81 64 48 34 24 24 35 49 65 95 78 61 44 27 12 12 28 45 62 95 78 61 44 27 11 12 28 45 62 97 80 64 48 33 22 23 34 49 65 101 85 70 55 43 36 36 44 56 70 107 92 78 65 55 49 49 55 65 78
55 56 26 29 50 14 36 20 38 21 25 40 30 0 47 44 16 37 30 39 64 50 7 27 21 16 34 11 45 35 25 30 32 7 46 12 11 31 27 41 94 82 72 65 62 64 70 80 92 105 86 72 60 52 48 51 58 70 83 98 79 63 50 39 34 38 48 61 76 92 74 57 41 27 20 26 39 55 71 88 71 54 37 20 6 17 34 51 69 86 71 54 37 21 9 19 35 52 69 86 75 58 43 30 23 28 41 56 72 89 80 65 52 42 37 40 50 63 78 93 88 74 63 54 51 53 61 72 85 99 96 84 75 68 65 67 73 82 94 107
36 37 68 24 40 50 81 66 83 48 70 20 20 47 0 43 33 82 75 10 33 30 45 22 40 50 69 39 88 67 69 33 18 45 17 55 48 73 72 11 141 129 118 109 102 98 96 98 103 110 131 118 107 97 89 84 82 85 90 98 123 109 96 85 76 70 69 71 78 87 115 101 87 74 64 57 55 58 66 77 109 94 78 64 52 43 41 45 55 68 105 88 72 56 42 31 27 34 46 61 102 85 68 51 35 20 13 24 40 57 102 84 67 50 32 15 4 21 38 55 103 86 69 52 36 22 16 26 41 57 106 89 73 58 44 33 30 36 48 62
74 18 48 25 74 34 62 53 78 27 55 23 29 44 43 0 32 75 69 35 75 19 37 44 55 33 40 34 86 36 50 15 31 37 27 55 35 74 66 33 127 111 97 83 71 62 57 56 61 70 121 105 89 75 61 50 43 43 49 60 117 100 84 68 52 39 30 29 38 51 114 97 80 63 47 30 17 16 29 45 114 96 79 62 44 27 10 8 26 43 115 97 80 63 47 31 17 17 29 45 117 100 84 68 53 39 30 29 38 51 121 105 90 75 61 50 43 43 49 60 127 112 97 83 72 62 57 57 61 70 134 119 106 93 83 75 71 70 74 82
50 42 35 14 47 18 49 33 53 18 38 25 15 16 33 32 0 52 45 24 56 36 12 18 24 18 39 7 60 38 36 18 17 12 31 26 15 46 42 26 109 96 85 76 70 69 71 78 87 99 101 87 74 64 57 55 58 66 77 90 94 79 64 52 43 41 45 55 68 83 89 72 57 42 31 27 33 46 61 77 85 68 51 35 20 13 24 40 56 73 84 67 50 33 15 4 20 38 55 72 86 69 52 36 22 16 26 41 57 74 90 74 58 44 34 30 36 48 62 78 95 80 66 55 47 44 48 58 70 84 103 89 77 67 60 58 61 69 79 92
81 90 31 65 74 41 23 23 6 49 22 76 66 37 82 75 52 0 8 75 94 85 41 61 47 43 46 46 14 49 29 65 68 41 82 28 41 17 11 77 59 49 43 45 52 63 77 92 108 124 49 37 29 31 41 55 70 86 103 120 43 27 16 19 33 49 66 83 100 117 40 23 6 13 30 47 64 82 99 116 43 27 16 19 33 49 66 83 100 117 49 37 29 31 41 55 70 86 103 120 59 49 43 44 52 63 77 92 108 124 70 61 57 58 64 73 85 99 114 129 82 75 71 72 77 85 95 108 121 136 95 88 85 86 90 97 106 117 130 143
75 84 28 58 68 36 23 19 9 43 19 70 59 30 75 69 45 8 0 68 87 79 35 54 40 37 42 40 18 46 25 58 61 35 76 21 35 13 4 70 66 55 49 48 54 63 76 90 105 121 56 44 35 34 42 54 68 84 100 116 49 34 22 21 31 46 62 79 96 113 46 29 12 9 25 42 60 77 94 111 46 29 14 12 26 43 60 77 94 112 51 37 26 25 34 48 64 80 97 114 59 47 39 38 45 56 70 85 101 117 69 59 53 52 57 66 78 92 107 122 80 72 67 66 70 78 88 101 114 129 92 85 81 80 83 90 99 110 123 136
40 32 59 14 42 41 72 57 76 38 62 13 11 39 10 35 24 75 68 0 41 25 36 18 35 41 59 31 81 57 60 24 8 36 13 48 38 66 65 4 133 120 109 99 92 88 87 90 95 103 124 110 98 87 79 74 73 76 83 92 116 101 88 76 67 61 59 63 71 82 109 94 79 66 54 47 46 50 60 73 104 88 72 57 43 34 32 39 51 65 101 84 67 51 35 22 18 28 43 60 99 82 65 48 30 13 6 23 40 57 100 83 66 49 32 17 12 25 41 58 103 86 69 54 39 28 26 34 47 62 107 91 76 61 49 41 39 45 56 69
15 69 89 53 23 73 100 84 92 74 89 52 48 64 33 75 56 94 87 41 0 62 66 39 47 74 94 61 94 93 89 63 46 65 50 67 70 80 84 43 151 142 134 129 125 124 126 129 135 143 139 129 121 115 111 110 112 116 123 131 128 118 109 102 98 96 98 103 111 120 118 106 96 89 84 82 85 90 99 109 108 96 84 76 70 69 71 78 88 99 100 86 73 63 56 55 58 66 77 91 93 78 64 52 43 41 45 55 68 83 88 72 56 41 30 27 34 46 61 77 85 68 51 34 19 13 24 40 57 74 84 66 49 32 15 4 21 38 56 73
64 8 62 23 66 45 76 64 87 39 68 13 25 50 30 19 36 85 79 25 62 0 45 40 55 44 56 40 95 53 63 21 25 45 13 61 45 81 76 21 140 126 112 100 89 80 75 73 75 81 133 118 104 90 78 68 61 59 62 70 128 112 96 81 68 56 48 45 49 58 123 107 90 74 59 45 35 32 37 49 121 104 86 70 53 37 23 18 27 41 119 102 85 68 50 33 16 5 20 38 120 103 85 68 51 34 19 11 23 39 122 105 88 72 56 41 29 25 32 45 125 109 93 78 63 51 42 39 43 53 131 115 100 86 73 62 55 52 56 64
58 50 24 24 54 9 37 22 43 14 26 36 26 7 45 37 12 41 35 36 66 45 0 28 26 10 30 6 51 30 24 24 29 1 42 19 5 37 32 38 98 85 73 65 60 60 65 74 85 99 90 75 62 52 46 46 53 63 76 91 83 68 53 40 32 33 41 54 69 85 79 62 46 31 19 20 32 48 64 81 77 60 43 26 9 11 28 45 62 79 78 61 44 28 14 15 30 46 63 80 81 65 50 36 27 27 37 51 67 83 87 72 58 47 40 41 48 59 73 88 94 80 69 59 54 54 60 69 81 95 103 91 80 72 68 68 72 80 91 103
32 47 51 19 31 35 63 47 61 36 52 27 16 27 22 44 18 61 54 18 39 40 28 0 18 36 56 23 66 55 51 30 15 27 30 33 31 51 51 21 120 108 99 92 87 86 89 94 103 113 110 97 87 79 73 72 75 82 91 103 101 87 75 66 60 58 62 70 81 94 94 79 65 54 46 45 49 59 72 86 88 72 56 43 33 31 37 50 64 80 84 67 50 34 21 17 28 43 59 76 82 65 48 30 13 6 23 40 57 74 83 66 49 33 18 13 26 42 58 75 86 70 55 40 29 27 34 48 63 79 92 77 63 51 42 41 46 56 70 84
36 62 46 33 30 34 54 39 46 39 43 43 31 21 40 55 24 47 40 35 47 55 26 18 0 35 55 24 50 56 45 40 31 26 47 21 30 35 38 39 105 95 88 83 82 85 91 99 110 122 95 84 75 70 68 71 78 88 100 113 85 72 62 56 54 58 67 78 91 106 77 62 50 42 40 46 56 69 84 100 70 55 40 29 26 34 47 62 78 95 66 49 33 18 13 25 41 58 75 92 65 48 31 14 6 22 40 57 74 91 67 51 35 21 18 28 43 59 76 93 72 57 44 34 31 38 50 64 80 96 79 66 54 47 45 50 60 72 86 102
66 48 19 27 63 2 33 20 46 7 24 38 31 16 50 33 18 43 37 41 74 44 10 36 35 0 21 13 54 21 20 23 33 10 44 25 6 42 34 42 96 82 70 59 53 51 56 65 77 90 90 74 60 48 39 38 44 55 68 83 85 68 52 38 26 24 33 46 62 78 82 65 48 31 15 11 25 41 58 76 82 65 47 30 14 8 24 41 58 75 84 67 51 35 23 20 30 45 61 77 88 73 58 45 36 34 41 52 67 82 95 80 67 56 49 48 53 62 74 88 102 89 78 68 63 62 65 73 84 96 112 99 89 81 77 76 79 85 94 106
87 57 15 45 83 22 26 25 50 22 24 53 49 34 69 40 39 46 42 59 94 56 30 56 55 21 0 34 59 5 18 38 52 31 60 41 26 52 40 60 89 73 58 44 34 31 37 49 63 79 85 68 52 36 22 17 27 42 58 75 84 66 49 32 15 4 21 38 56 73 85 68 51 34 19 13 24 40 57 74 88 71 56 41 30 27 33 46 61 77 93 78 64 51 43 40 45 55 68 83 100 86 73 63 56 54 58 66 77 90 108 95 84 75 70 68 71 78 87 99 118 106 96 88 84 82 84 90 99 109 128 117 108 102 97 96 98 103 110 120
54 46 29 19 51 12 42 27 48 15 32 30 21 11 39 34 7 46 40 31 61 40 6 23 24 13 34 0 55 33 30 20 23 6 37 22 9 41 37 32 103 90 79 70 65 64 68 75 86 98 95 81 68 58 51 50 55 64 76 90 88 73 58 46 38 36 43 54 68 83 84 67 51 36 25 23 32 46 62 79 81 64 47 30 14 10 25 42 59 76 81 64 47 30 14 10 25 42 59 76 84 67 51 36 24 22 32 46 62 79 88 73 58 45 37 36 42 54 68 83 95 80 67 57 50 49 54 64 76 90 103 90 78 69 64 63 67 75 85 98
81 100 44 73 73 52 37 36 10 60 35 85 73 45 88 86 60 14 18 81 94 95 51 66 50 54 59 55 0 63 42 74 75 51 90 34 51 16 20 84 57 51 50 55 65 77 91 106 121 137 46 37 36 43 55 69 84 100 116 133 35 24 23 33 47 63 79 96 113 130 29 13 10 26 43 60 77 94 111 129 29 13 10 26 43 60 77 94 111 129 36 24 23 33 47 63 79 96 113 130 46 38 37 43 55 69 84 100 117 133 58 51 51 56 65 77 91 106 121 137 70 65 65 69 76 87 99 113 128 143 84 79 79 82 88 98 109 122 135 150
87 54 19 43 83 22 31 28 54 20 28 50 47 35 67 36 38 49 46 57 93 53 30 55 56 21 5 33 63 0 21 35 50 31 57 42 26 55 44 57 94 77 62 48 37 32 36 46 60 75 90 73 56 40 26 18 24 38 54 71 88 71 54 36 19 4 17 34 51 69 89 72 54 38 22 11 20 36 52 69 91 75 59 44 31 25 30 42 57 73 96 81 66 53 43 39 42 51 64 79 103 88 75 64 56 53 55 63 73 86 111 98 86 76 70 67 69 75 84 95 120 108 97 89 83 81 82 87 95 105 130 119 109 102 97 95 96 100 107 116
80 66 3 47 75 19 14 9 33 25 7 57 49 25 69 50 36 29 25 60 89 63 24 51 45 20 18 30 42 21 0 42 52 25 63 27 22 36 23 61 78 63 50 41 38 42 52 65 80 96 72 56 41 28 24 30 43 59 75 91 69 52 35 19 10 21 38 55 72 89 68 51 34 17 6 20 37 54 71 89 71 54 39 25 20 27 41 57 74 91 76 61 47 37 34 38 49 63 78 94 83 70 58 50 48 51 60 72 85 100 92 80 70 64 62 64 71 81 94 107 102 91 83 77 76 78 84 92 103 116 113 103 96 91 90 91 96 104 114 125
61 26 41 11 60 24 56 43 67 18 47 16 16 30 33 15 18 65 58 24 63 21 24 30 40 23 38 20 74 35 42 0 18 24 23 42 24 61 55 24 119 105 92 80 71 65 63 67 74 84 112 97 83 70 59 51 50 54 62 74 107 91 75 60 48 38 36 41 52 66 103 86 70 53 38 26 22 30 44 60 101 84 67 49 32 16 9 23 39 56 101 84 67 49 32 16 8 22 39 56 103 86 69 53 38 25 21 30 44 60 107 91 75 60 47 38 35 41 52 66 112 97 82 69 58 51 49 53 62 74 119 105 91 80 70 64 63 66 73 83
44 32 51 7 44 33 65 50 69 31 54 12 3 32 18 31 17 68 61 8 46 25 29 15 31 33 52 23 75 50 52 18 0 28 16 41 31 60 58 10 125 113 101 92 85 81 81 84 91 100 117 103 91 80 72 67 67 71 79 89 109 95 81 68 59 53 53 58 68 80 103 88 72 58 47 40 39 46 58 72 99 82 66 50 36 26 26 36 50 65 96 79 62 45 29 14 14 28 45 62 96 79 61 44 27 10 10 27 44 61 98 81 64 47 32 20 20 32 47 63 101 85 69 54 42 33 33 41 54 68 106 91 77 64 53 47 47 53 63 76
57 50 25 24 53 9 37 22 43 14 26 35 26 7 45 37 12 41 35 36 65 45 1 27 26 10 31 6 51 31 25 24 28 0 42 18 5 38 32 38 98 85 74 65 61 61 66 74 86 99 90 76 63 53 47 47 53 64 77 91 84 68 53 41 33 33 42 55 70 85 79 63 46 31 20 21 33 48 64 81 77 60 43 26 9 11 28 45 62 79 78 61 44 28 13 15 29 46 63 80 81 65 49 35 26 27 37 51 67 83 87 72 58 46 40 40 47 59 73 88 94 80 68 59 53 54 59 69 81 95 102 90 79 72 67 67 72 80 91 103
52 20 62 18 55 45 77 63 84 40 67 7 18 46 17 27 31 82 76 13 50 13 42 30 47 44 60 37 90 57 63 23 16 42 0 56 43 76 73 10 139 126 113 102 93 86 83 83 87 93 131 117 103 91 81 73 69 69 74 82 124 109 95 81 69 60 55 56 61 71 119 103 87 72 59 48 42 42 49 61 115 98 81 65 50 37 28 29 39 52 112 95 78 61 44 28 15 17 31 47 112 94 77 60 42 25 8 11 28 45 113 95 78 62 45 29 17 19 32 48 115 99 82 66 51 38 30 31 40 54 120 104 88 74 60 50 44 44 51 62
56 67 28 39 50 24 35 20 29 31 24 51 39 12 55 55 26 28 21 48 67 61 19 33 21 25 41 22 34 42 27 42 41 18 56 0 21 20 18 50 87 76 68 63 64 68 77 88 101 115 77 65 55 49 50 56 66 79 93 108 69 55 43 35 36 44 57 71 87 103 63 47 32 22 23 35 50 66 82 99 60 43 26 10 12 29 46 63 80 97 60 43 26 11 13 29 46 63 80 97 64 48 33 24 25 36 50 66 83 100 70 56 44 37 38 46 58 72 87 103 78 66 56 51 52 57 67 80 94 109 88 77 69 65 65 70 78 89 102 116
62 49 21 26 58 5 34 20 44 11 24 37 28 11 48 35 15 41 35 38 70 45 5 31 30 6 26 9 51 26 22 24 31 5 43 21 0 39 32 40 97 83 71 62 56 56 61 70 82 95 89 74 61 49 43 42 49 60 73 88 83 67 52 38 29 29 38 51 66 82 80 63 46 30 17 16 29 45 62 79 79 61 44 27 10 9 26 43 61 78 80 63 47 31 18 17 30 46 62 79 84 68 53 40 31 30 39 52 67 83 90 75 62 51 44 44 50 61 74 89 98 84 72 63 58 58 63 71 83 96 106 94 84 76 72 72 75 83 93 105
66 87 38 59 59 41 36 28 14 49 29 70 59 31 73 74 46 17 13 66 80 81 37 51 35 42 52 41 16 55 36 61 60 38 76 20 39 0 13 69 72 64 60 60 66 75 87 100 115 130 61 51 46 47 54 65 78 93 108 124 51 39 32 33 43 56 71 87 104 120 44 28 18 21 34 50 66 83 100 117 40 23 6 13 30 47 64 82 99 116 42 26 13 17 32 49 65 83 100 117 48 35 27 29 40 54 69 86 102 119 57 47 41 42 50 62 76 91 107 123 68 59 55 56 62 72 84 98 113 128 80 73 69 70 75 83 94 106 120 134
72 81 26 55 66 33 23 16 12 40 17 66 56 27 72 66 42 11 4 65 84 76 32 51 38 34 40 37 20 44 23 55 58 32 73 18 32 13 0 67 69 58 51 49 54 63 75 88 103 119 60 47 37 35 41 52 66 81 97 114 52 37 25 21 30 44 60 77 93 110 49 32 15 8 23 40 57 74 91 109 49 32 16 9 23 40 57 74 92 109 53 38 26 23 31 45 61 77 94 111 60 48 39 37 42 53 67 82 98 114 70 59 52 51 55 64 75 89 104 119 81 72 66 65 68 75 85 98 111 126 93 85 80 79 81 87 96 107 120 133
43 29 60 15 45 42 74 59 78 39 63 10 12 41 11 33 26 77 70 4 43 21 38 21 39 42 60 32 84 57 61 24 10 38 10 50 40 69 67 0 135 122 111 101 93 88 86 88 93 101 126 113 100 89 80 74 72 75 81 90 119 104 90 78 68 61 59 61 69 79 112 97 82 68 56 48 45 48 57 69 107 91 75 60 46 35 31 36 47 62 104 87 70 54 38 23 17 25 40 56 103 86 68 51 34 17 3 19 37 54 104 86 69 52 36 20 12 22 38 55 106 89 73 57 42 30 26 32 44 59 110 94 79 65 52 43 40 44 53 66
138 144 79 122 130 96 65 77 59 102 73 133 123 94 141 127 109 59 66 133 151 140 98 120 105 96 89 103 57 94 78 119 125 98 139 87 97 72 69 135 0 18 35 52 70 87 104 122 139 156 15 23 38 54 71 88 105 122 140 157 29 34 45 60 75 91 108 125 142 159 43 47 55 68 82 97 113 129 145 162 58 60 67 77 90 104 119 134 150 166 72 74 80 88 99 112 126 140 156 171 86 88 93 100 110 122 134 148 162 177 100 102 106 112 121 132 144 156 170 184 115 116 119 125 133 143 154 166 179 192 129 130 133 138 145 154 164 176 188 201
129 129 64 108 122 82 50 63 51 87 59 119 110 82 129 111 96 49 55 120 142 126 85 108 95 82 73 90 51 77 63 105 113 85 126 76 83 64 58 122 18 0 18 35 52 70 87 104 122 139 23 15 23 38 54 71 88 105 122 140 34 29 34 45 60 75 91 108 125 142 47 43 46 55 67 82 97 112 129 145 60 57 60 67 77 90 104 118 134 150 74 72 73 79 88 99 112 126 140 155 88 86 87 92 100 110 121 134 148 162 102 100 101 105 112 121 131 143 156 170 116 114 115 119 125 133 142 153 165 178 130 128 129 132 138 145 154 164 175 187
123 114 51 96 116 69 37 52 47 74 48 107 99 72 118 97 85 43 49 109 134 112 73 99 88 70 58 79 50 62 50 92 101 74 113 68 71 60 51 111 35 18 0 18 35 52 70 87 104 122 38 23 15 23 38 54 71 88 105 122 45 34 29 34 45 60 75 91 108 125 55 46 43 46 55 67 81 97 112 129 67 60 57 60 67 77 90 104 118 134 80 73 71 73 79 88 99 112 126 140 93 87 85 87 92 99 109 121 134 148 106 101 99 101 105 112 121 131 143 156 119 115 114 115 118 124 132 142 153 165 133 129 128 129 132 137 144 153 163 175
118 101 41 86 113 59 29 45 49 63 41 96 89 65 109 83 76 45 48 99 129 100 65 92 83 59 44 70 55 48 41 80 92 65 102 63 62 60 49 101 52 35 18 0 18 35 52 70 87 104 54 38 23 15 23 38 54 71 88 105 60 45 34 29 33 45 59 75 91 108 68 55 46 43 46 55 67 81 97 112 77 67 60 57 59 66 77 89 103 118 88 79 73 71 73 79 88 99 112 125 100 92 87 85 87 91 99 109 121 134 112 105 101 99 100 105 111 120 131 143 125 119 115 113 114 118 124 132 141 152 138 132 129 127 128 131 137 144 153 163
117 89 37 78 112 53 31 44 57 54 40 87 82 62 102 71 70 52 54 92 125 89 60 87 82 53 34 65 65 37 38 71 85 61 93 64 56 66 54 93 70 52 35 18 0 18 35 52 70 87 71 54 38 23 15 23 38 54 71 88 75 60 45 33 29 33 45 59 75 91 82 67 55 46 43 46 55 67 81 96 90 77 67 59 57 59 66 77 89 103 99 88 79 73 71 73 78 87 99 111 110 100 92 87 85 86 91 99 109 120 121 112 105 100 99 100 104 111 120 130 133 125 118 114 113 114 117 123 131 141 145 138 132 128 127 127 131 136 143 152
117 79 41 74 114 52 41 50 69 51 47 80 78 64 98 62 69 63 63 88 124 80 60 86 85 51 31 64 77 32 42 65 81 61 86 68 56 75 63 88 87 70 52 35 18 0 18 35 52 70 88 71 54 38 23 14 23 38 54 71 91 75 60 45 33 28 33 45 59 75 97 82 67 55 46 42 46 55 67 81 104 90 77 66 59 56 59 66 76 89 112 99 88 79 73 70 72 78 87 98 122 110 99 91 86 84 86 91 98 108 132 121 112 105 100 98 99 104 110 119 143 133 124 118 114 112 113 117 123 131 154 145 137 131 127 126 127 130 135 143
121 72 50 74 118 57 55 60 82 54 58 78 78 70 96 57 71 77 76 87 126 75 65 89 91 56 37 68 91 36 52 63 81 66 83 77 61 87 75 86 104 87 70 52 35 18 0 18 35 52 105 88 71 54 38 23 14 23 38 54 108 91 75 59 45 33 28 33 45 59 113 97 81 67 55 46 42 46 54 67 119 104 90 77 66 59 56 59 66 76 126 112 99 88 78 72 70 72 78 87 134 121 109 99 91 86 84 85 90 98 144 131 121 111 104 99 98 99 103 110 154 142 132 124 117 113 112 113 116 122 164 154 144 137 131 127 125 126 130 135
126 69 63 77 124 66 70 73 97 61 72 79 82 80 98 56 78 92 90 90 129 73 74 94 99 65 49 75 106 46 65 67 84 74 83 88 70 100 88 88 122 104 87 70 52 35 18 0 18 35 122 105 88 71 54 38 23 14 23 38 125 108 91 75 59 45 33 28 33 45 129 112 97 81 67 55 46 42 45 54 134 118 104 89 77 66 59 56 58 65 140 126 112 99 87 78 72 70 72 77 148 134 121 109 99 91 85 83 85 90 156 143 131 120 111 104 99 97 99 103 166 153 142 132 123 117 113 111 112 116 176 164 153 144 136 130 126 125 126 129
134 70 78 84 133 78 86 88 112 72 87 83 89 92 103 61 87 108 105 95 135 75 85 103 110 77 63 86 121 60 80 74 91 86 87 101 82 115 103 93 139 122 104 87 70 52 35 18 0 18 140 122 105 88 71 54 38 23 14 23 142 125 108 91 75 59 45 33 28 33 145 129 112 97 81 67 54 45 42 45 150 134 118 103 89 76 66 58 55 58 156 140 126 112 99 87 78 72 69 71 162 148 134 121 109 98 90 85 83 85 170 156 143 131 120 110 103 99 97 98 179 165 153 141 131 123 116 112 110 112 188 175 163 153 143 135 130 126 124 125
143 75 94 94 143 92 102 103 128 85 103 91 99 105 110 70 99 124 121 103 143 81 99 113 122 90 79 98 137 75 96 84 100 99 93 115 95 130 119 101 156 139 122 104 87 70 52 35 18 0 157 140 122 105 88 71 54 38 23 14 159 142 125 108 91 75 59 45 33 28 162 145 129 112 96 81 67 54 45 42 166 150 134 118 103 89 76 65 58 55 171 155 140 125 111 98 87 77 71 69 177 162 148 134 120 108 98 90 85 83 184 170 156 143 130 119 110 103 98 96 192 178 165 152 141 131 122 116 112 110 201 187 175 163 152 143 135 129 125 124
126 137 74 114 118 89 60 70 49 96 67 125 115 86 131 121 101 49 56 124 139 133 90 110 95 90 85 95 46 90 72 112 117 90 131 77 89 61 60 126 15 23 38 54 71 88 105 122 140 157 0 18 35 52 70 87 104 122 139 156 15 23 38 54 71 88 105 122 140 157 29 34 45 60 75 91 108 125 142 159 43 47 55 68 82 97 113 129 145 162 58 60 67 77 90 104 119 134 150 166 72 74 80 88 99 112 126 140 156 171 86 88 93 100 110 122 134 148 162 177 100 102 106 112 121 132 144 156 170 184 115 116 119 125 133 143 154 166 179 192
117 122 58 99 109 73 43 55 38 80 51 110 101 72 118 105 87 37 44 110 129 118 75 97 84 74 68 81 37 73 56 97 103 76 117 65 74 51 47 113 23 15 23 38 54 71 88 105 122 140 18 0 18 35 52 70 87 104 122 139 23 15 23 38 54 71 88 105 122 140 34 29 34 45 60 75 91 108 125 142 47 43 46 55 67 82 97 112 129 145 60 57 60 67 77 90 104 118 134 150 74 72 73 79 88 99 112 126 140 155 88 86 87 92 100 110 121 134 148 162 102 100 101 105 112 121 131 143 156 170 116 114 115 119 125 133 142 153 165 178
109 106 42 86 103 59 28 41 33 65 37 97 88 60 107 89 74 29 35 98 121 104 62 87 75 60 52 68 36 56 41 83 91 63 103 55 61 46 37 100 38 23 15 23 38 54 71 88 105 122 35 18 0 18 35 52 70 87 104 122 38 23 15 23 38 54 71 88 105 122 45 34 29 34 45 60 75 91 108 125 55 46 43 46 55 67 81 97 112 129 67 60 57 60 67 77 90 104 118 134 80 73 71 73 79 88 99 112 126 140 93 87 85 87 92 99 109 121 134 148 106 101 99 101 105 112 121 131 143 156 119 115 114 115 118 124 132 142 153 165
105 92 29 74 99 47 16 32 36 52 27 85 77 52 97 75 64 31 34 87 115 90 52 79 70 48 36 58 43 40 28 70 80 53 91 49 49 47 35 89 54 38 23 15 23 38 54 71 88 105 52 35 18 0 18 35 52 70 87 104 54 38 23 15 23 38 54 71 88 105 60 45 34 29 33 45 59 75 91 108 68 55 46 43 46 55 67 81 97 112 77 67 60 57 59 66 77 89 103 118 88 79 73 71 73 79 88 99 112 125 100 92 87 85 87 91 99 109 121 134 112 105 101 99 100 105 111 120 131 143 125 119 115 113 114 118 124 132 141 152
103 79 23 66 98 39 19 31 46 42 27 74 69 48 89 61 57 41 42 79 111 78 46 73 68 39 22 51 55 26 24 59 72 47 81 50 43 54 41 80 71 54 38 23 15 23 38 54 71 88 70 52 35 18 0 18 35 52 70 87 71 54 38 23 15 23 38 54 71 88 75 60 45 33 29 33 45 59 75 91 82 67 55 46 43 46 55 67 81 96 90 77 67 59 57 59 66 77 89 103 99 88 79 73 71 73 78 87 99 111 110 100 92 87 85 86 91 99 109 120 121 112 105 100 99 100 104 111 120 130 133 125 118 114 113 114 117 123 131 141
103 67 28 60 100 38 33 38 60 37 36 67 64 51 84 50 55 55 54 74 110 68 46 72 71 38 17 50 69 18 30 51 67 47 73 56 42 65 52 74 88 71 54 38 23 14 23 38 54 71 87 70 52 35 18 0 18 35 52 70 88 71 54 38 23 14 23 38 54 71 91 75 60 45 33 28 33 45 59 75 97 82 67 55 46 42 46 55 67 81 104 90 77 66 59 56 59 66 76 89 112 99 88 79 73 70 72 78 87 98 122 110 99 91 86 84 86 91 98 108 132 121 112 105 100 98 99 104 110 119 143 133 124 118 114 112 113 117 123 131
107 59 41 60 105 45 49 51 75 41 50 64 64 58 82 43 58 70 68 73 112 61 53 75 78 44 27 55 84 24 43 50 67 53 69 66 49 78 66 72 105 88 71 54 38 23 14 23 38 54 104 87 70 52 35 18 0 18 35 52 105 88 71 54 38 23 14 23 38 54 108 91 75 59 45 33 28 33 45 59 113 97 81 67 55 46 42 46 54 67 119 104 90 77 66 59 56 59 66 76 126 112 99 88 78 72 70 72 78 87 134 121 109 99 91 86 84 85 90 98 144 131 121 111 104 99 98 99 103 110 154 142 132 124 117 113 112 113 116 122
114 55 56 64 112 56 66 66 91 50 65 65 69 70 85 43 66 86 84 76 116 59 63 82 88 55 42 64 100 38 59 54 71 64 69 79 60 93 81 75 122 105 88 71 54 38 23 14 23 38 122 104 87 70 52 35 18 0 18 35 122 105 88 71 54 38 23 14 23 38 125 108 91 75 59 45 33 28 33 45 129 112 97 81 67 55 46 42 45 54 134 118 104 89 77 66 59 56 58 65 140 126 112 99 87 78 72 70 72 77 148 134 121 109 99 91 85 83 85 90 156 143 131 120 111 104 99 97 99 103 166 153 142 132 123 117 113 111 112 116
122 56 73 73 122 70 82 82 107 63 82 71 77 83 90 49 77 103 100 83 123 62 76 91 100 68 58 76 116 54 75 62 79 77 74 93 73 108 97 81 140 122 105 88 71 54 38 23 14 23 139 122 104 87 70 52 35 18 0 18 140 122 105 88 71 54 38 23 14 23 142 125 108 91 75 59 45 33 28 33 145 129 112 97 81 67 54 45 42 45 150 134 118 103 89 76 66 58 55 58 156 140 126 112 99 87 78 72 69 71 162 148 134 121 109 98 90 85 83 85 170 156 143 131 120 110 103 99 97 98 179 165 153 141 131 123 116 112 110 112
132 62 89 84 133 85 100 98 124 78 98 80 88 98 98 60 90 120 116 92 131 70 91 103 113 83 75 90 133 71 91 74 89 91 82 108 88 124 114 90 157 140 122 105 88 71 54 38 23 14 156 139 122 104 87 70 52 35 18 0 157 140 122 105 88 71 54 38 23 14 159 142 125 108 91 75 59 45 33 28 162 145 129 112 96 81 67 54 45 42 166 150 134 118 103 89 76 65 58 55 171 155 140 125 111 98 87 77 71 69 177 162 148 134 120 108 98 90 85 83 184 170 156 143 130 119 110 103 98 96 192 178 165 152 141 131 122 116 112 110
114 132 71 107 106 84 58 65 41 91 63 118 108 79 123 117 94 43 49 116 128 128 83 101 85 85 84 88 35 88 69 107 109 84 124 69 83 51 52 119 29 34 45 60 75 91 108 125 142 159 15 23 38 54 71 88 105 122 140 157 0 18 35 52 70 87 104 122 139 156 15 23 38 54 71 88 105 122 140 157 29 34 45 60 75 91 108 125 142 159 43 47 55 68 82 97 113 129 145 162 58 60 67 77 90 104 119 134 150 166 72 74 80 88 99 112 126 140 156 171 86 88 93 100 110 122 134 148 162 177 100 102 106 112 121 132 144 156 170 184
104 116 54 91 97 67 41 48 27 74 46 103 93 63 109 100 79 27 34 101 118 112 68 87 72 68 66 73 24 71 52 91 95 68 109 55 67 39 37 104 34 29 34 45 60 75 91 108 125 142 23 15 23 38 54 71 88 105 122 140 18 0 18 35 52 70 87 104 122 139 23 15 23 38 54 71 88 105 122 140 34 29 34 45 60 75 91 108 125 142 47 43 46 55 67 82 97 112 129 145 60 57 60 67 77 90 104 118 134 150 74 72 73 79 88 99 112 126 140 155 88 86 87 92 100 110 121 134 148 162 102 100 101 105 112 121 131 143 156 170
96 100 37 77 89 51 24 32 19 58 29 88 79 50 96 84 64 16 22 88 109 96 53 75 62 52 49 58 23 54 35 75 81 53 95 43 52 32 25 90 45 34 29 34 45 60 75 91 108 125 38 23 15 23 38 54 71 88 105 122 35 18 0 18 35 52 70 87 104 122 38 23 15 23 38 54 71 88 105 122 45 34 29 34 45 60 75 91 108 125 55 46 43 46 55 67 81 97 112 129 67 60 57 60 67 77 90 104 118 134 80 73 71 73 79 88 99 112 126 140 93 87 85 87 92 99 109 121 134 148 106 101 99 101 105 112 121 131 143 156
91 84 20 64 85 37 6 19 24 43 15 74 66 39 85 68 52 19 21 76 102 81 40 66 56 38 32 46 33 36 19 60 68 41 81 35 38 33 21 78 60 45 34 29 33 45 59 75 91 108 54 38 23 15 23 38 54 71 88 105 52 35 18 0 18 35 52 70 87 104 54 38 23 15 23 38 54 71 88 105 60 45 34 29 33 45 59 75 91 108 68 55 46 43 46 55 67 81 97 112 77 67 60 57 59 66 77 89 103 118 88 79 73 71 73 79 88 99 112 125 100 92 87 85 87 91 99 109 121 134 112 105 101 99 100 105 111 120 131 143
89 70 9 53 84 26 12 17 38 30 14 63 56 34 76 52 43 33 31 67 98 68 32 60 54 26 15 38 47 19 10 48 59 33 69 36 29 43 30 68 75 60 45 33 29 33 45 59 75 91 71 54 38 23 15 23 38 54 71 88 70 52 35 18 0 18 35 52 70 87 71 54 38 23 15 23 38 54 71 88 75 60 45 33 29 33 45 59 75 91 82 67 55 46 43 46 55 67 81 96 90 77 67 59 57 59 66 77 89 103 99 88 79 73 71 73 78 87 99 111 110 100 92 87 85 86 91 99 109 120 121 112 105 100 99 100 104 111 120 130
90 57 19 47 86 25 29 29 54 23 28 54 51 38 70 39 41 49 46 61 96 56 33 58 58 24 4 36 63 4 21 38 53 33 60 44 29 56 44 61 91 75 60 45 33 28 33 45 59 75 88 71 54 38 23 14 23 38 54 71 87 70 52 35 18 0 18 35 52 70 88 71 54 38 23 14 23 38 54 71 91 75 60 45 33 28 33 45 59 75 97 82 67 55 46 42 46 55 67 81 104 90 77 66 59 56 59 66 76 89 112 99 88 79 73 70 72 78 87 98 122 110 99 91 86 84 86 91 98 108 132 121 112 105 100 98 99 104 110 119
94 46 36 46 92 34 47 44 70 28 44 50 51 48 69 30 45 66 62 59 98 48 41 62 67 33 21 43 79 17 38 36 53 42 55 57 38 71 60 59 108 91 75 59 45 33 28 33 45 59 105 88 71 54 38 23 14 23 38 54 104 87 70 52 35 18 0 18 35 52 105 88 71 54 38 23 14 23 38 54 108 91 75 59 45 33 28 33 45 59 113 97 81 67 55 46 42 46 54 67 119 104 90 77 66 59 56 59 66 76 126 112 99 88 78 72 70 72 78 87 134 121 109 99 91 86 84 85 90 98 144 131 121 111 104 99 98 99 103 110
101 41 53 52 100 48 64 61 87 41 61 52 56 61 71 29 55 83 79 63 103 45 54 70 78 46 38 54 96 34 55 41 58 55 56 71 51 87 77 61 125 108 91 75 59 45 33 28 33 45 122 105 88 71 54 38 23 14 23 38 122 104 87 70 52 35 18 0 18 35 122 105 88 71 54 38 23 14 23 38 125 108 91 75 59 45 33 28 33 45 129 112 97 81 67 55 46 42 45 54 134 118 104 89 77 66 59 56 58 65 140 126 112 99 87 78 72 70 72 77 148 134 121 109 99 91 85 83 85 90 156 143 131 120 111 104 99 97 99 103
111 43 70 62 111 64 81 78 104 56 78 59 66 76 78 38 68 100 96 71 111 49 69 81 91 62 56 68 113 51 72 52 68 70 61 87 66 104 93 69 142 125 108 91 75 59 45 33 28 33 140 122 105 88 71 54 38 23 14 23 139 122 104 87 70 52 35 18 0 18 140 122 105 88 71 54 38 23 14 23 142 125 108 91 75 59 45 33 28 33 145 129 112 97 81 67 54 45 42 45 150 134 118 103 89 76 66 58 55 58 156 140 126 112 99 87 78 72 69 71 162 148 134 121 109 98 90 85 83 85 170 156 143 131 120 110 103 99 97 98
122 51 87 75 123 80 99 95 121 72 96 70 79 92 87 51 83 117 113 82 120 58 85 94 106 78 73 83 130 69 89 66 80 85 71 103 82 120 110 79 159 142 125 108 91 75 59 45 33 28 157 140 122 105 88 71 54 38 23 14 156 139 122 104 87 70 52 35 18 0 157 140 122 105 88 71 54 38 23 14 159 142 125 108 91 75 59 45 33 28 162 145 129 112 96 81 67 54 45 42 166 150 134 118 103 89 76 65 58 55 171 155 140 125 111 98 87 77 71 69 177 162 148 134 120 108 98 90 85 83 184 170 156 143 130 119 110 103 98 96
104 129 70 102 96 81 60 63 37 88 62 113 102 74 115 114 89 40 46 109 118 123 79 94 77 82 85 84 29 89 68 103 103 79 119 63 80 44 49 112 43 47 55 68 82 97 113 129 145 162 29 34 45 60 75 91 108 125 142 159 15 23 38 54 71 88 105 122 140 157 0 18 35 52 70 87 104 122 139 156 15 23 38 54 71 88 105 122 140 157 29 34 45 60 75 91 108 125 142 159 43 47 55 68 82 97 113 129 145 162 58 60 67 77 90 104 119 134 150 166 72 74 80 88 99 112 126 140 156 171 86 88 93 100 110 122 134 148 162 177
93 112 53 85 85 64 43 46 20 71 45 97 86 57 101 97 72 23 29 94 106 107 62 79 62 65 68 67 13 72 51 86 88 63 103 47 63 28 32 97 47 43 46 55 67 82 97 112 129 145 34 29 34 45 60 75 91 108 125 142 23 15 23 38 54 71 88 105 122 140 18 0 18 35 52 70 87 104 122 139 23 15 23 38 54 71 88 105 122 140 34 29 34 45 60 75 91 108 125 142 47 43 46 55 67 82 97 112 129 145 60 57 60 67 77 90 104 118 134 150 74 72 73 79 88 99 112 126 140 155 88 86 87 92 100 110 121 134 148 162
83 95 36 70 76 47 27 29 5 54 27 81 70 41 87 80 57 6 12 79 96 90 46 65 50 48 51 51 10 54 34 70 72 46 87 32 46 18 15 82 55 46 43 46 55 67 81 97 112 129 45 34 29 34 45 60 75 91 108 125 38 23 15 23 38 54 71 88 105 122 35 18 0 18 35 52 70 87 104 122 38 23 15 23 38 54 71 88 105 122 45 34 29 34 45 60 75 91 108 125 55 46 43 46 55 67 81 97 112 129 67 60 57 60 67 77 90 104 118 134 80 73 71 73 79 88 99 112 126 140 93 87 85 87 92 99 109 121 134 148
77 79 19 55 71 30 15 11 17 37 10 66 56 27 74 63 42 13 9 66 89 74 31 54 42 31 34 36 26 38 17 53 58 31 72 22 30 21 8 68 68 55 46 43 46 55 67 81 97 112 60 45 34 29 33 45 59 75 91 108 54 38 23 15 23 38 54 71 88 105 52 35 18 0 18 35 52 70 87 104 54 38 23 15 23 38 54 71 88 105 60 45 34 29 33 45 59 75 91 108 68 55 46 43 46 55 67 81 97 112 77 67 60 57 59 66 77 89 103 118 88 79 73 71 73 79 88 99 112 125 100 92 87 85 87 91 99 109 121 134
75 63 6 42 70 15 19 7 34 21 9 52 44 20 64 47 31 30 25 54 84 59 19 46 40 15 19 25 43 22 6 38 47 20 59 23 17 34 23 56 82 67 55 46 43 46 55 67 81 96 75 60 45 33 29 33 45 59 75 91 71 54 38 23 15 23 38 54 71 88 70 52 35 18 0 18 35 52 70 87 71 54 38 23 15 23 38 54 71 88 75 60 45 33 29 33 45 59 75 91 82 67 55 46 43 46 55 67 81 96 90 77 67 59 57 59 66 77 89 103 99 88 79 73 71 73 78 87 99 111 110 100 92 87 85 86 91 99 109 120
76 48 18 33 73 12 32 24 51 9 26 41 37 26 57 30 27 47 42 47 82 45 20 45 46 11 13 23 60 11 20 26 40 21 48 35 16 50 40 48 97 82 67 55 46 42 46 55 67 81 91 75 60 45 33 28 33 45 59 75 88 71 54 38 23 14 23 38 54 71 87 70 52 35 18 0 18 35 52 70 88 71 54 38 23 14 23 38 54 71 91 75 60 45 33 28 33 45 59 75 97 82 67 55 46 42 46 55 67 81 104 90 77 66 59 56 59 66 76 89 112 99 88 79 73 70 72 78 87 98 122 110 99 91 86 84 86 91 98 108
81 35 35 33 80 26 49 42 68 19 43 36 37 39 55 17 33 64 60 46 85 35 32 49 56 25 24 32 77 20 37 22 39 33 42 50 29 66 57 45 113 97 81 67 55 46 42 46 54 67 108 91 75 59 45 33 28 33 45 59 105 88 71 54 38 23 14 23 38 54 104 87 70 52 35 18 0 18 35 52 105 88 71 54 38 23 14 23 38 54 108 91 75 59 45 33 28 33 45 59 113 97 81 67 55 46 42 46 54 67 119 104 90 77 66 59 56 59 66 76 126 112 99 88 78 72 70 72 78 87 134 121 109 99 91 86 84 85 90 98
89 27 52 40 89 43 65 59 85 35 60 39 45 55 58 16 46 82 77 50 90 32 48 59 69 41 40 46 94 36 54 30 46 48 42 66 45 83 74 48 129 112 97 81 67 55 46 42 45 54 125 108 91 75 59 45 33 28 33 45 122 105 88 71 54 38 23 14 23 38 122 104 87 70 52 35 18 0 18 35 122 105 88 71 54 38 23 14 23 38 125 108 91 75 59 45 33 28 33 45 129 112 97 81 67 55 46 42 45 54 134 118 104 89 77 66 59 56 58 65 140 126 112 99 87 78 72 70 72 77 148 134 121 109 99 91 85 83 85 90
100 30 69 53 101 60 82 76 103 52 78 48 57 71 66 29 61 99 94 60 99 37 64 72 84 58 57 62 111 52 71 44 58 64 49 82 62 100 91 57 145 129 112 97 81 67 54 45 42 45 142 125 108 91 75 59 45 33 28 33 140 122 105 88 71 54 38 23 14 23 139 122 104 87 70 52 35 18 0 18 140 122 105 88 71 54 38 23 14 23 142 125 108 91 75 59 45 33 28 33 145 129 112 97 81 67 54 45 42 45 150 134 118 103 89 76 66 58 55 58 156 140 126 112 99 87 78 72 69 71 162 148 134 121 109 98 90 85 83 85
112 41 87 68 114 77 100 94 120 69 95 61 71 88 77 45 77 116 111 73 109 49 81 86 100 76 74 79 129 69 89 60 72 81 61 99 79 117 109 69 162 145 129 112 96 81 67 54 45 42 159 142 125 108 91 75 59 45 33 28 157 140 122 105 88 71 54 38 23 14 156 139 122 104 87 70 52 35 18 0 157 140 122 105 88 71 54 38 23 14 159 142 125 108 91 75 59 45 33 28 162 145 129 112 96 81 67 54 45 42 166 150 134 118 103 89 76 65 58 55 171 155 140 125 111 98 87 77 71 69 177 162 148 134 120 108 98 90 85 83
94 126 73 98 86 80 65 64 38 88 64 109 98 71 109 114 85 43 46 104 108 121 77 88 70 82 88 81 29 91 71 101 99 77 115 60 79 40 49 107 58 60 67 77 90 104 119 134 150 166 43 47 55 68 82 97 113 129 145 162 29 34 45 60 75 91 108 125 142 159 15 23 38 54 71 88 105 122 140 157 0 18 35 52 70 87 104 122 139 156 15 23 38 54 71 88 105 122 140 157 29 34 45 60 75 91 108 125 142 159 43 47 55 68 82 97 113 129 145 162 58 60 67 77 90 104 119 134 150 166 72 74 80 88 99 112 126 140 156 171
81 109 57 81 74 63 50 48 22 71 48 93 81 54 94 96 68 27 29 88 96 104 60 72 55 65 71 64 13 75 54 84 82 60 98 43 61 23 32 91 60 57 60 67 77 90 104 118 134 150 47 43 46 55 67 82 97 112 129 145 34 29 34 45 60 75 91 108 125 142 23 15 23 38 54 71 88 105 122 140 18 0 18 35 52 70 87 104 122 139 23 15 23 38 54 71 88 105 122 140 34 29 34 45 60 75 91 108 125 142 47 43 46 55 67 82 97 112 129 145 60 57 60 67 77 90 104 118 134 150 74 72 73 79 88 99 112 126 140 155
71 92 41 64 64 46 37 31 11 54 32 76 64 37 78 79 51 16 14 72 84 86 43 56 40 47 56 47 10 59 39 67 66 43 81 26 44 6 16 75 67 60 57 60 67 77 90 104 118 134 55 46 43 46 55 67 81 97 112 129 45 34 29 34 45 60 75 91 108 125 38 23 15 23 38 54 71 88 105 122 35 18 0 18 35 52 70 87 104 122 38 23 15 23 38 54 71 88 105 122 45 34 29 34 45 60 75 91 108 125 55 46 43 46 55 67 81 97 112 129 67 60 57 60 67 77 90 104 118 134 80 73 71 73 79 88 99 112 126 140
64 75 27 48 57 29 29 17 19 37 20 59 48 20 64 62 35 19 12 57 76 70 26 43 29 30 41 30 26 44 25 49 50 26 65 10 27 13 9 60 77 67 60 57 59 66 77 89 103 118 68 55 46 43 46 55 67 81 97 112 60 45 34 29 33 45 59 75 91 108 54 38 23 15 23 38 54 71 88 105 52 35 18 0 18 35 52 70 87 104 54 38 23 15 23 38 54 71 88 105 60 45 34 29 33 45 59 75 91 108 68 55 46 43 46 55 67 81 97 112 77 67 60 57 59 66 77 89 103 118 88 79 73 71 73 79 88 99 112 125
61 58 20 32 56 12 31 15 35 20 19 44 34 6 52 44 20 33 26 43 70 53 9 33 26 14 30 14 43 31 20 32 36 9 50 12 10 30 23 46 90 77 67 59 57 59 66 77 89 103 82 67 55 46 43 46 55 67 81 96 75 60 45 33 29 33 45 59 75 91 71 54 38 23 15 23 38 54 71 88 70 52 35 18 0 18 35 52 70 87 71 54 38 23 15 23 38 54 71 88 75 60 45 33 29 33 45 59 75 91 82 67 55 46 43 46 55 67 81 96 90 77 67 59 57 59 66 77 89 103 99 88 79 73 71 73 78 87 99 111
62 41 26 20 60 9 41 28 52 6 31 30 24 17 43 27 13 49 43 34 69 37 11 31 34 8 27 10 60 25 27 16 26 11 37 29 9 47 40 35 104 90 77 66 59 56 59 66 76 89 97 82 67 55 46 42 46 55 67 81 91 75 60 45 33 28 33 45 59 75 88 71 54 38 23 14 23 38 54 71 87 70 52 35 18 0 18 35 52 70 88 71 54 38 23 14 23 38 54 71 91 75 60 45 33 28 33 45 59 75 97 82 67 55 46 42 46 55 67 81 104 90 77 66 59 56 59 66 76 89 112 99 88 79 73 70 72 78 87 98
69 25 40 19 68 25 54 44 69 18 46 22 24 34 41 10 24 66 60 32 71 23 28 37 47 24 33 25 77 30 41 9 26 28 28 46 26 64 57 31 119 104 90 77 66 59 56 59 66 76 113 97 81 67 55 46 42 46 54 67 108 91 75 59 45 33 28 33 45 59 105 88 71 54 38 23 14 23 38 54 104 87 70 52 35 18 0 18 35 52 105 88 71 54 38 23 14 23 38 54 108 91 75 59 45 33 28 33 45 59 113 97 81 67 55 46 42 46 54 67 119 104 90 77 66 59 56 59 66 76 126 112 99 88 78 72 70 72 78 87
78 14 55 31 79 42 70 60 86 34 63 26 35 51 45 8 40 83 77 39 78 18 45 50 62 41 46 42 94 42 57 23 36 45 29 63 43 82 74 36 134 118 104 89 77 66 59 56 58 65 129 112 97 81 67 55 46 42 45 54 125 108 91 75 59 45 33 28 33 45 122 105 88 71 54 38 23 14 23 38 122 104 87 70 52 35 18 0 18 35 122 105 88 71 54 38 23 14 23 38 125 108 91 75 59 45 33 28 33 45 129 112 97 81 67 55 46 42 45 54 134 118 104 89 77 66 59 56 58 65 140 126 112 99 87 78 72 70 72 77
90 19 72 46 92 59 86 77 103 52 80 39 49 69 55 26 56 100 94 51 88 27 62 64 78 58 61 59 111 57 74 39 50 62 39 80 61 99 92 47 150 134 118 103 89 76 66 58 55 58 145 129 112 97 81 67 54 45 42 45 142 125 108 91 75 59 45 33 28 33 140 122 105 88 71 54 38 23 14 23 139 122 104 87 70 52 35 18 0 18 140 122 105 88 71 54 38 23 14 23 142 125 108 91 75 59 45 33 28 33 145 129 112 97 81 67 54 45 42 45 150 134 118 103 89 76 66 58 55 58 156 140 126 112 99 87 78 72 69 71
104 34 89 63 106 77 102 94 120 69 97 54 65 86 68 43 73 117 112 65 99 41 79 80 95 75 77 76 129 73 91 56 65 79 52 97 78 116 109 62 166 150 134 118 103 89 76 65 58 55 162 145 129 112 96 81 67 54 45 42 159 142 125 108 91 75 59 45 33 28 157 140 122 105 88 71 54 38 23 14 156 139 122 104 87 70 52 35 18 0 157 140 122 105 88 71 54 38 23 14 159 142 125 108 91 75 59 45 33 28 162 145 129 112 96 81 67 54 45 42 166 150 134 118 103 89 76 65 58 55 171 155 140 125 111 98 87 77 71 69
86 126 78 97 77 82 72 69 44 90 69 108 95 71 105 115 84 49 51 101 100 119 78 84 66 84 93 81 36 96 76 101 96 78 112 60 80 42 53 104 72 74 80 88 99 112 126 140 156 171 58 60 67 77 90 104 119 134 150 166 43 47 55 68 82 97 113 129 145 162 29 34 45 60 75 91 108 125 142 159 15 23 38 54 71 88 105 122 140 157 0 18 35 52 70 87 104 122 139 156 15 23 38 54 71 88 105 122 140 157 29 34 45 60 75 91 108 125 142 159 43 47 55 68 82 97 113 129 145 162 58 60 67 77 90 104 119 134 150 166
72 108 63 79 63 66 59 53 32 73 54 90 78 54 88 97 67 37 37 84 86 102 61 67 49 67 78 64 24 81 61 84 79 61 95 43 63 26 38 87 74 72 73 79 88 99 112 126 140 155 60 57 60 67 77 90 104 118 134 150 47 43 46 55 67 82 97 112 129 145 34 29 34 45 60 75 91 108 125 142 23 15 23 38 54 71 88 105 122 140 18 0 18 35 52 70 87 104 122 139 23 15 23 38 54 71 88 105 122 140 34 29 34 45 60 75 91 108 125 142 47 43 46 55 67 82 97 112 129 145 60 57 60 67 77 90 104 118 134 150
59 91 49 62 52 49 48 39 25 57 42 73 61 37 72 80 50 29 26 67 73 85 44 50 33 51 64 47 23 66 47 67 62 44 78 26 47 13 26 70 80 73 71 73 79 88 99 112 126 140 67 60 57 60 67 77 90 104 118 134 55 46 43 46 55 67 81 97 112 129 45 34 29 34 45 60 75 91 108 125 38 23 15 23 38 54 71 88 105 122 35 18 0 18 35 52 70 87 104 122 38 23 15 23 38 54 71 88 105 122 45 34 29 34 45 60 75 91 108 125 55 46 43 46 55 67 81 97 112 129 67 60 57 60 67 77 90 104 118 134
51 74 39 45 44 34 43 29 29 41 33 56 44 21 56 63 33 31 25 51 63 68 28 34 18 35 51 30 33 53 37 49 45 28 61 11 31 17 23 54 88 79 73 71 73 79 88 99 112 125 77 67 60 57 59 66 77 89 103 118 68 55 46 43 46 55 67 81 97 112 60 45 34 29 33 45 59 75 91 108 54 38 23 15 23 38 54 71 88 105 52 35 18 0 18 35 52 70 87 104 54 38 23 15 23 38 54 71 88 105 60 45 34 29 33 45 59 75 91 108 68 55 46 43 46 55 67 81 97 112 77 67 60 57 59 66 77 89 103 118
47 57 34 28 42 22 44 28 41 27 33 39 27 9 42 47 15 41 34 35 56 50 14 21 13 23 43 14 47 43 34 32 29 13 44 13 18 32 31 38 99 88 79 73 71 73 78 87 99 111 90 77 67 59 57 59 66 77 89 103 82 67 55 46 43 46 55 67 81 96 75 60 45 33 29 33 45 59 75 91 71 54 38 23 15 23 38 54 71 88 70 52 35 18 0 18 35 52 70 87 71 54 38 23 15 23 38 54 71 88 75 60 45 33 29 33 45 59 75 91 82 67 55 46 43 46 55 67 81 96 90 77 67 59 57 59 66 77 89 103
49 39 38 11 47 20 51 36 56 20 41 22 12 19 31 31 4 55 48 22 55 33 15 17 25 20 40 10 63 39 38 16 14 15 28 29 17 49 45 23 112 99 88 79 73 70 72 78 87 98 104 90 77 66 59 56 59 66 76 89 97 82 67 55 46 42 46 55 67 81 91 75 60 45 33 28 33 45 59 75 88 71 54 38 23 14 23 38 54 71 87 70 52 35 18 0 18 35 52 70 88 71 54 38 23 14 23 38 54 71 91 75 60 45 33 28 33 45 59 75 97 82 67 55 46 42 46 55 67 81 104 90 77 66 59 56 59 66 76 89
57 22 48 9 57 31 63 50 72 26 53 9 12 35 27 17 20 70 64 18 58 16 30 28 41 30 45 25 79 42 49 8 14 29 15 46 30 65 61 17 126 112 99 88 78 72 70 72 78 87 119 104 90 77 66 59 56 59 66 76 113 97 81 67 55 46 42 46 54 67 108 91 75 59 45 33 28 33 45 59 105 88 71 54 38 23 14 23 38 54 104 87 70 52 35 18 0 18 35 52 105 88 71 54 38 23 14 23 38 54 108 91 75 59 45 33 28 33 45 59 113 97 81 67 55 46 42 46 54 67 119 104 90 77 66 59 56 59 66 76
68 5 62 26 70 46 76 65 89 39 68 17 28 52 34 17 38 86 80 28 66 5 46 43 58 45 55 42 96 51 63 22 28 46 17 63 46 83 77 25 140 126 112 99 87 78 72 70 72 77 134 118 104 89 77 66 59 56 58 65 129 112 97 81 67 55 46 42 45 54 125 108 91 75 59 45 33 28 33 45 122 105 88 71 54 38 23 14 23 38 122 104 87 70 52 35 18 0 18 35 122 105 88 71 54 38 23 14 23 38 125 108 91 75 59 45 33 28 33 45 129 112 97 81 67 55 46 42 45 54 134 118 104 89 77 66 59 56 58 65
82 14 77 43 85 62 91 81 105 55 84 33 45 69 46 29 55 103 97 43 77 20 63 59 75 61 68 59 113 64 78 39 45 63 31 80 62 100 94 40 156 140 126 112 99 87 78 72 69 71 150 134 118 103 89 76 66 58 55 58 145 129 112 97 81 67 54 45 42 45 142 125 108 91 75 59 45 33 28 33 140 122 105 88 71 54 38 23 14 23 139 122 104 87 70 52 35 18 0 18 140 122 105 88 71 54 38 23 14 23 142 125 108 91 75 59 45 33 28 33 145 129 112 97 81 67 54 45 42 45 150 134 118 103 89 76 66 58 55 58
97 31 93 60 100 79 107 97 122 71 100 50 62 86 61 45 72 120 114 60 91 38 80 76 92 77 83 76 130 79 94 56 62 80 47 97 79 117 111 56 171 155 140 125 111 98 87 77 71 69 166 150 134 118 103 89 76 65 58 55 162 145 129 112 96 81 67 54 45 42 159 142 125 108 91 75 59 45 33 28 157 140 122 105 88 71 54 38 23 14 156 139 122 104 87 70 52 35 18 0 157 140 122 105 88 71 54 38 23 14 159 142 125 108 91 75 59 45 33 28 162 145 129 112 96 81 67 54 45 42 166 150 134 118 103 89 76 65 58 55
79 127 85 97 71 87 81 75 54 94 77 107 95 75 102 117 86 59 59 99 93 120 81 82 65 88 100 84 46 103 83 103 96 81 112 64 84 48 60 103 86 88 93 100 110 122 134 148 162 177 72 74 80 88 99 112 126 140 156 171 58 60 67 77 90 104 119 134 150 166 43 47 55 68 82 97 113 129 145 162 29 34 45 60 75 91 108 125 142 159 15 23 38 54 71 88 105 122 140 157 0 18 35 52 70 87 104 122 139 156 15 23 38 54 71 88 105 122 140 157 29 34 45 60 75 91 108 125 142 159 43 47 55 68 82 97 113 129 145 162
63 109 72 80 55 71 70 62 44 78 64 90 78 58 85 100 69 49 47 82 78 103 65 65 48 73 86 67 38 88 70 86 79 65 94 48 68 35 48 86 88 86 87 92 100 110 121 134 148 162 74 72 73 79 88 99 112 126 140 155 60 57 60 67 77 90 104 118 134 150 47 43 46 55 67 82 97 112 129 145 34 29 34 45 60 75 91 108 125 142 23 15 23 38 54 71 88 105 122 140 18 0 18 35 52 70 87 104 122 139 23 15 23 38 54 71 88 105 122 140 34 29 34 45 60 75 91 108 125 142 47 43 46 55 67 82 97 112 129 145
49 92 60 63 41 56 61 50 39 63 53 73 61 43 68 84 52 43 39 65 64 85 50 48 31 58 73 51 37 75 58 69 61 49 77 33 53 27 39 68 93 87 85 87 92 99 109 121 134 148 80 73 71 73 79 88 99 112 126 140 67 60 57 60 67 77 90 104 118 134 55 46 43 46 55 67 81 97 112 129 45 34 29 34 45 60 75 91 108 125 38 23 15 23 38 54 71 88 105 122 35 18 0 18 35 52 70 87 104 122 38 23 15 23 38 54 71 88 105 122 45 34 29 34 45 60 75 91 108 125 55 46 43 46 55 67 81 97 112 129
38 75 51 46 31 43 57 43 42 49 47 56 44 30 51 68 36 44 38 48 52 68 36 30 14 45 63 36 43 64 50 53 44 35 60 24 40 29 37 51 100 92 87 85 87 91 99 109 121 134 88 79 73 71 73 79 88 99 112 125 77 67 60 57 59 66 77 89 103 118 68 55 46 43 46 55 67 81 97 112 60 45 34 29 33 45 59 75 91 108 54 38 23 15 23 38 54 71 88 105 52 35 18 0 18 35 52 70 87 104 54 38 23 15 23 38 54 71 88 105 60 45 34 29 33 45 59 75 91 108 68 55 46 43 46 55 67 81 97 112
33 58 48 29 28 35 58 42 51 38 46 39 27 23 35 53 22 52 45 30 43 51 27 13 6 36 56 24 55 56 48 38 27 26 42 25 31 40 42 34 110 100 92 87 85 86 91 99 109 120 99 88 79 73 71 73 78 87 99 111 90 77 67 59 57 59 66 77 89 103 82 67 55 46 43 46 55 67 81 96 75 60 45 33 29 33 45 59 75 91 71 54 38 23 15 23 38 54 71 88 70 52 35 18 0 18 35 52 70 87 71 54 38 23 15 23 38 54 71 88 75 60 45 33 29 33 45 59 75 91 82 67 55 46 43 46 55 67 81 96
36 42 51 15 35 34 63 48 64 34 52 22 11 28 20 39 16 63 56 13 41 34 27 6 22 34 54 22 69 53 51 25 10 27 25 36 30 54 53 17 122 110 99 91 86 84 86 91 98 108 112 99 88 79 73 70 72 78 87 98 104 90 77 66 59 56 59 66 76 89 97 82 67 55 46 42 46 55 67 81 91 75 60 45 33 28 33 45 59 75 88 71 54 38 23 14 23 38 54 71 87 70 52 35 18 0 18 35 52 70 88 71 54 38 23 14 23 38 54 71 91 75 60 45 33 28 33 45 59 75 97 82 67 55 46 42 46 55 67 81
46 27 59 14 48 41 73 58 78 37 62 7 12 41 13 30 26 77 70 6 45 19 37 23 40 41 58 32 84 55 60 21 10 37 8 50 39 69 67 3 134 121 109 99 91 86 84 85 90 98 126 112 99 88 78 72 70 72 78 87 119 104 90 77 66 59 56 59 66 76 113 97 81 67 55 46 42 46 54 67 108 91 75 59 45 33 28 33 45 59 105 88 71 54 38 23 14 23 38 54 104 87 70 52 35 18 0 18 35 52 105 88 71 54 38 23 14 23 38 54 108 91 75 59 45 33 28 33 45 59 113 97 81 67 55 46 42 46 54 67
60 16 70 28 63 53 85 72 93 48 75 16 28 56 24 29 41 92 85 23 55 11 51 40 57 52 66 46 100 63 72 30 27 51 11 66 52 86 82 19 148 134 121 109 99 91 85 83 85 90 140 126 112 99 87 78 72 70 72 77 134 118 104 89 77 66 59 56 58 65 129 112 97 81 67 55 46 42 45 54 125 108 91 75 59 45 33 28 33 45 122 105 88 71 54 38 23 14 23 38 122 104 87 70 52 35 18 0 18 35 122 105 88 71 54 38 23 14 23 38 125 108 91 75 59 45 33 28 33 45 129 112 97 81 67 55 46 42 45 54
75 20 84 44 79 67 98 86 109 61 90 33 45 72 40 38 57 108 101 40 68 23 67 57 74 67 77 62 117 73 85 44 44 67 28 83 67 102 98 37 162 148 134 121 109 98 90 85 83 85 156 140 126 112 99 87 78 72 69 71 150 134 118 103 89 76 66 58 55 58 145 129 112 97 81 67 54 45 42 45 142 125 108 91 75 59 45 33 28 33 140 122 105 88 71 54 38 23 14 23 139 122 104 87 70 52 35 18 0 18 140 122 105 88 71 54 38 23 14 23 142 125 108 91 75 59 45 33 28 33 145 129 112 97 81 67 54 45 42 45
91 34 99 61 95 83 113 102 126 76 105 50 62 89 57 51 74 124 117 57 83 39 83 74 91 82 90 79 133 86 100 60 61 83 45 100 83 119 114 54 177 162 148 134 120 108 98 90 85 83 171 155 140 125 111 98 87 77 71 69 166 150 134 118 103 89 76 65 58 55 162 145 129 112 96 81 67 54 45 42 159 142 125 108 91 75 59 45 33 28 157 140 122 105 88 71 54 38 23 14 156 139 122 104 87 70 52 35 18 0 157 140 122 105 88 71 54 38 23 14 159 142 125 108 91 75 59 45 33 28 162 145 129 112 96 81 67 54 45 42
74 129 94 100 67 93 92 84 65 100 86 109 97 80 102 121 90 70 69 100 88 122 87 83 67 95 108 88 58 111 92 107 98 87 113 70 90 57 70 104 100 102 106 112 121 132 144 156 170 184 86 88 93 100 110 122 134 148 162 177 72 74 80 88 99 112 126 140 156 171 58 60 67 77 90 104 119 134 150 166 43 47 55 68 82 97 113 129 145 162 29 34 45 60 75 91 108 125 142 159 15 23 38 54 71 88 105 122 140 157 0 18 35 52 70 87 104 122 139 156 15 23 38 54 71 88 105 122 140 157 29 34 45 60 75 91 108 125 142 159
57 112 82 83 50 79 82 72 57 85 75 92 80 65 84 105 74 61 59 83 72 105 72 66 51 80 95 73 51 98 80 91 81 72 95 56 75 47 59 86 102 100 101 105 112 121 131 143 156 170 88 86 87 92 100 110 121 134 148 162 74 72 73 79 88 99 112 126 140 155 60 57 60 67 77 90 104 118 134 150 47 43 46 55 67 82 97 112 129 145 34 29 34 45 60 75 91 108 125 142 23 15 23 38 54 71 88 105 122 140 18 0 18 35 52 70 87 104 122 139 23 15 23 38 54 71 88 105 122 140 34 29 34 45 60 75 91 108 125 142
41 96 72 67 33 65 74 62 53 72 66 75 64 52 67 90 58 57 53 66 56 88 58 49 35 67 84 58 51 86 70 75 64 58 78 44 62 41 52 69 106 101 99 101 105 112 121 131 143 156 93 87 85 87 92 99 109 121 134 148 80 73 71 73 79 88 99 112 126 140 67 60 57 60 67 77 90 104 118 134 55 46 43 46 55 67 81 97 112 129 45 34 29 34 45 60 75 91 108 125 38 23 15 23 38 54 71 88 105 122 35 18 0 18 35 52 70 87 104 122 38 23 15 23 38 54 71 88 105 122 45 34 29 34 45 60 75 91 108 125
27 79 65 51 19 55 71 56 55 60 61 59 48 42 50 75 44 58 52 49 41 72 47 33 21 56 75 45 56 76 64 60 47 46 62 37 51 42 51 52 112 105 101 99 100 105 111 120 131 143 100 92 87 85 87 91 99 109 121 134 88 79 73 71 73 79 88 99 112 125 77 67 60 57 59 66 77 89 103 118 68 55 46 43 46 55 67 81 97 112 60 45 34 29 33 45 59 75 91 108 54 38 23 15 23 38 54 71 88 105 52 35 18 0 18 35 52 70 87 104 54 38 23 15 23 38 54 71 88 105 60 45 34 29 33 45 59 75 91 108
19 63 62 37 14 48 71 56 62 51 60 43 33 37 32 61 34 64 57 32 30 56 40 18 18 49 70 37 65 70 62 47 32 40 45 38 44 50 55 36 121 112 105 100 99 100 104 111 120 130 110 100 92 87 85 86 91 99 109 120 99 88 79 73 71 73 78 87 99 111 90 77 67 59 57 59 66 77 89 103 82 67 55 46 43 46 55 67 81 96 75 60 45 33 29 33 45 59 75 91 71 54 38 23 15 23 38 54 71 88 70 52 35 18 0 18 35 52 70 87 71 54 38 23 15 23 38 54 71 88 75 60 45 33 29 33 45 59 75 91
24 49 64 27 26 47 76 60 73 48 65 29 22 40 15 50 30 73 66 17 27 41 41 13 28 48 68 36 77 67 64 38 20 40 29 46 44 62 64 20 132 121 112 105 100 98 99 104 110 119 122 110 99 91 86 84 86 91 98 108 112 99 88 79 73 70 72 78 87 98 104 90 77 66 59 56 59 66 76 89 97 82 67 55 46 42 46 55 67 81 91 75 60 45 33 28 33 45 59 75 88 71 54 38 23 14 23 38 54 71 87 70 52 35 18 0 18 35 52 70 88 71 54 38 23 14 23 38 54 71 91 75 60 45 33 28 33 45 59 75
38 36 71 26 42 53 84 69 86 50 73 21 23 50 4 43 36 85 78 12 34 29 48 26 43 53 71 42 91 69 71 35 20 47 17 58 50 76 75 12 144 131 121 111 104 99 98 99 103 110 134 121 109 99 91 86 84 85 90 98 126 112 99 88 78 72 70 72 78 87 119 104 90 77 66 59 56 59 66 76 113 97 81 67 55 46 42 46 54 67 108 91 75 59 45 33 28 33 45 59 105 88 71 54 38 23 14 23 38 54 104 87 70 52 35 18 0 18 35 52 105 88 71 54 38 23 14 23 38 54 108 91 75 59 45 33 28 33 45 59
54 29 80 35 58 63 95 80 100 58 84 25 34 63 21 43 48 99 92 25 46 25 59 42 59 62 78 54 106 75 81 41 32 59 19 72 61 91 89 22 156 143 131 120 111 104 99 97 99 103 148 134 121 109 99 91 85 83 85 90 140 126 112 99 87 78 72 70 72 77 134 118 104 89 77 66 59 56 58 65 129 112 97 81 67 55 46 42 45 54 125 108 91 75 59 45 33 28 33 45 122 105 88 71 54 38 23 14 23 38 122 104 87 70 52 35 18 0 18 35 122 105 88 71 54 38 23 14 23 38 125 108 91 75 59 45 33 28 33 45
70 32 92 49 75 75 107 94 115 70 97 38 49 78 38 49 62 114 107 41 61 32 73 58 76 74 87 68 121 84 94 52 47 73 32 87 74 107 104 38 170 156 143 131 120 110 103 99 97 98 162 148 134 121 109 98 90 85 83 85 156 140 126 112 99 87 78 72 69 71 150 134 118 103 89 76 66 58 55 58 145 129 112 97 81 67 54 45 42 45 142 125 108 91 75 59 45 33 28 33 140 122 105 88 71 54 38 23 14 23 139 122 104 87 70 52 35 18 0 18 140 122 105 88 71 54 38 23 14 23 142 125 108 91 75 59 45 33 28 33
87 42 106 65 92 89 120 108 131 83 112 53 65 93 55 60 78 129 122 58 77 45 88 75 93 88 99 83 137 95 107 66 63 88 48 103 89 123 119 55 184 170 156 143 130 119 110 103 98 96 177 162 148 134 120 108 98 90 85 83 171 155 140 125 111 98 87 77 71 69 166 150 134 118 103 89 76 65 58 55 162 145 129 112 96 81 67 54 45 42 159 142 125 108 91 75 59 45 33 28 157 140 122 105 88 71 54 38 23 14 156 139 122 104 87 70 52 35 18 0 157 140 122 105 88 71 54 38 23 14 159 142 125 108 91 75 59 45 33 28
72 133 104 104 65 101 103 94 77 108 96 113 101 88 103 127 95 82 80 103 85 125 94 86 72 102 118 95 70 120 102 112 101 94 115 78 98 68 81 106 115 116 119 125 133 143 154 166 179 192 100 102 106 112 121 132 144 156 170 184 86 88 93 100 110 122 134 148 162 177 72 74 80 88 99 112 126 140 156 171 58 60 67 77 90 104 119 134 150 166 43 47 55 68 82 97 113 129 145 162 29 34 45 60 75 91 108 125 142 159 15 23 38 54 71 88 105 122 140 157 0 18 35 52 70 87 104 122 139 156 15 23 38 54 71 88 105 122 140 157
55 117 93 88 48 88 94 83 70 94 86 96 85 74 86 112 80 75 72 86 68 109 80 70 57 89 106 80 65 108 91 97 85 80 99 66 84 59 72 89 116 114 115 119 125 133 142 153 165 178 102 100 101 105 112 121 131 143 156 170 88 86 87 92 100 110 121 134 148 162 74 72 73 79 88 99 112 126 140 155 60 57 60 67 77 90 104 118 134 150 47 43 46 55 67 82 97 112 129 145 34 29 34 45 60 75 91 108 125 142 23 15 23 38 54 71 88 105 122 140 18 0 18 35 52 70 87 104 122 139 23 15 23 38 54 71 88 105 122 140
37 101 84 73 31 76 88 75 67 82 79 80 70 63 69 97 66 71 67 69 51 93 69 55 44 78 96 67 65 97 83 82 69 68 82 56 72 55 66 73 119 115 114 115 118 124 132 142 153 165 106 101 99 101 105 112 121 131 143 156 93 87 85 87 92 99 109 121 134 148 80 73 71 73 79 88 99 112 126 140 67 60 57 60 67 77 90 104 118 134 55 46 43 46 55 67 81 97 112 129 45 34 29 34 45 60 75 91 108 125 38 23 15 23 38 54 71 88 105 122 35 18 0 18 35 52 70 87 104 122 38 23 15 23 38 54 71 88 105 122
20 85 78 59 13 67 85 70 69 71 75 65 55 54 52 83 55 72 66 54 34 78 59 40 34 68 88 57 69 89 77 69 54 59 66 51 63 56 65 57 125 119 115 113 114 118 124 132 141 152 112 105 101 99 100 105 111 120 131 143 100 92 87 85 87 91 99 109 121 134 88 79 73 71 73 79 88 99 112 125 77 67 60 57 59 66 77 89 103 118 68 55 46 43 46 55 67 81 97 112 60 45 34 29 33 45 59 75 91 108 54 38 23 15 23 38 54 71 88 105 52 35 18 0 18 35 52 70 87 104 54 38 23 15 23 38 54 71 88 105
5 71 76 47 5 62 85 70 75 64 74 51 43 51 36 72 47 77 70 39 19 63 54 29 31 63 84 50 76 83 76 58 42 53 51 52 58 62 68 42 133 125 118 114 113 114 117 123 131 141 121 112 105 100 99 100 104 111 120 130 110 100 92 87 85 86 91 99 109 120 99 88 79 73 71 73 78 87 99 111 90 77 67 59 57 59 66 77 89 103 82 67 55 46 43 46 55 67 81 96 75 60 45 33 29 33 45 59 75 91 71 54 38 23 15 23 38 54 71 88 70 52 35 18 0 18 35 52 70 87 71 54 38 23 15 23 38 54 71 88
16 58 78 40 22 61 89 73 84 61 78 40 36 53 22 62 44 85 78 28 13 51 54 27 38 62 82 49 87 81 78 51 33 54 38 57 58 72 75 30 143 133 124 118 114 112 113 117 123 131 132 121 112 105 100 98 99 104 110 119 122 110 99 91 86 84 86 91 98 108 112 99 88 79 73 70 72 78 87 98 104 90 77 66 59 56 59 66 76 89 97 82 67 55 46 42 46 55 67 81 91 75 60 45 33 28 33 45 59 75 88 71 54 38 23 14 23 38 54 71 87 70 52 35 18 0 18 35 52 70 88 71 54 38 23 14 23 38 54 71
33 48 83 40 40 65 96 80 95 63 85 35 36 61 16 57 48 95 88 26 24 42 60 34 50 65 84 54 99 82 84 49 33 59 30 67 63 84 85 26 154 142 132 124 117 113 112 113 116 122 144 131 121 111 104 99 98 99 103 110 134 121 109 99 91 86 84 85 90 98 126 112 99 88 78 72 70 72 78 87 119 104 90 77 66 59 56 59 66 76 113 97 81 67 55 46 42 46 54 67 108 91 75 59 45 33 28 33 45 59 105 88 71 54 38 23 14 23 38 54 104 87 70 52 35 18 0 18 35 52 105 88 71 54 38 23 14 23 38 54
51 43 92 46 57 73 105 90 108 70 95 37 44 72 26 57 58 108 101 34 40 39 69 48 64 73 90 64 113 87 92 53 41 69 31 80 71 98 98 32 166 153 142 132 123 117 113 111 112 116 156 143 131 120 111 104 99 97 99 103 148 134 121 109 99 91 85 83 85 90 140 126 112 99 87 78 72 70 72 77 134 118 104 89 77 66 59 56 58 65 129 112 97 81 67 55 46 42 45 54 125 108 91 75 59 45 33 28 33 45 122 105 88 71 54 38 23 14 23 38 122 104 87 70 52 35 18 0 18 35 122 105 88 71 54 38 23 14 23 38
68 45 102 57 74 84 116 102 122 80 106 47 56 85 41 61 70 121 114 47 57 43 81 63 80 84 99 76 128 95 103 62 54 81 40 94 83 113 111 44 179 165 153 141 131 123 116 112 110 112 170 156 143 131 120 110 103 99 97 98 162 148 134 121 109 98 90 85 83 85 156 140 126 112 99 87 78 72 69 71 150 134 118 103 89 76 66 58 55 58 145 129 112 97 81 67 54 45 42 45 142 125 108 91 75 59 45 33 28 33 140 122 105 88 71 54 38 23 14 23 139 122 104 87 70 52 35 18 0 18 140 122 105 88 71 54 38 23 14 23
85 53 114 71 91 97 129 116 137 92 120 60 70 99 57 70 84 136 129 62 74 53 95 79 96 96 109 90 143 105 116 74 68 95 54 109 96 128 126 59 192 178 165 152 141 131 122 116 112 110 184 170 156 143 130 119 110 103 98 96 177 162 148 134 120 108 98 90 85 83 171 155 140 125 111 98 87 77 71 69 166 150 134 118 103 89 76 65 58 55 162 145 129 112 96 81 67 54 45 42 159 142 125 108 91 75 59 45 33 28 157 140 122 105 88 71 54 38 23 14 156 139 122 104 87 70 52 35 18 0 157 140 122 105 88 71 54 38 23 14
72 138 115 110 67 110 115 105 90 116 108 118 107 96 106 134 103 95 92 107 84 131 103 92 79 112 128 103 84 130 113 119 106 102 120 88 106 80 93 110 129 130 133 138 145 154 164 176 188 201 115 116 119 125 133 143 154 166 179 192 100 102 106 112 121 132 144 156 170 184 86 88 93 100 110 122 134 148 162 177 72 74 80 88 99 112 126 140 156 171 58 60 67 77 90 104 119 134 150 166 43 47 55 68 82 97 113 129 145 162 29 34 45 60 75 91 108 125 142 159 15 23 38 54 71 88 105 122 140 157 0 18 35 52 70 87 104 122 139 156
55 123 105 95 50 98 107 95 84 104 99 102 92 84 89 119 89 88 85 91 66 115 91 77 66 99 117 90 79 119 103 105 91 90 104 77 94 73 85 94 130 128 129 132 138 145 154 164 175 187 116 114 115 119 125 133 142 153 165 178 102 100 101 105 112 121 131 143 156 170 88 86 87 92 100 110 121 134 148 162 74 72 73 79 88 99 112 126 140 155 60 57 60 67 77 90 104 118 134 150 47 43 46 55 67 82 97 112 129 145 34 29 34 45 60 75 91 108 125 142 23 15 23 38 54 71 88 105 122 140 18 0 18 35 52 70 87 104 122 139
38 107 97 81 34 88 102 88 82 93 92 87 78 75 73 106 77 85 81 76 49 100 80 63 54 89 108 78 79 109 96 91 77 79 88 69 84 69 80 79 133 129 128 129 132 137 144 153 163 175 119 115 114 115 118 124 132 142 153 165 106 101 99 101 105 112 121 131 143 156 93 87 85 87 92 99 109 121 134 148 80 73 71 73 79 88 99 112 126 140 67 60 57 60 67 77 90 104 118 134 55 46 43 46 55 67 81 97 112 129 45 34 29 34 45 60 75 91 108 125 38 23 15 23 38 54 71 88 105 122 35 18 0 18 35 52 70 87 104 122
22 93 92 69 20 80 99 84 83 84 88 73 65 68 58 93 67 86 80 61 32 86 72 51 47 81 102 69 82 102 91 80 64 72 74 65 76 70 79 65 138 132 129 127 128 131 137 144 153 163 125 119 115 113 114 118 124 132 141 152 112 105 101 99 100 105 111 120 131 143 100 92 87 85 87 91 99 109 121 134 88 79 73 71 73 79 88 99 112 125 77 67 60 57 59 66 77 89 103 118 68 55 46 43 46 55 67 81 97 112 60 45 34 29 33 45 59 75 91 108 54 38 23 15 23 38 54 71 88 105 52 35 18 0 18 35 52 70 87 104
11 80 90 59 16 76 99 84 88 78 88 61 55 65 44 83 60 90 83 49 15 73 68 42 45 77 97 64 88 97 90 70 53 67 60 65 72 75 81 52 145 138 132 128 127 127 131 136 143 152 133 125 118 114 113 114 117 123 131 141 121 112 105 100 99 100 104 111 120 130 110 100 92 87 85 86 91 99 109 120 99 88 79 73 71 73 78 87 99 111 90 77 67 59 57 59 66 77 89 103 82 67 55 46 43 46 55 67 81 96 75 60 45 33 29 33 45 59 75 91 71 54 38 23 15 23 38 54 71 88 70 52 35 18 0 18 35 52 70 87
19 69 92 54 27 75 102 87 95 75 91 53 49 67 33 75 58 97 90 41 4 62 68 41 50 76 96 63 98 95 91 64 47 67 50 70 72 83 87 43 154 145 137 131 127 126 127 130 135 143 143 133 124 118 114 112 113 117 123 131 132 121 112 105 100 98 99 104 110 119 122 110 99 91 86 84 86 91 98 108 112 99 88 79 73 70 72 78 87 98 104 90 77 66 59 56 59 66 76 89 97 82 67 55 46 42 46 55 67 81 91 75 60 45 33 28 33 45 59 75 88 71 54 38 23 14 23 38 54 71 87 70 52 35 18 0 18 35 52 70
35 61 96 53 42 78 108 93 105 77 97 48 49 73 30 71 61 106 99 39 21 55 72 46 60 79 98 67 109 96 96 63 47 72 44 78 75 94 96 40 164 154 144 137 131 127 125 126 130 135 154 142 132 124 117 113 112 113 116 122 144 131 121 111 104 99 98 99 103 110 134 121 109 99 91 86 84 85 90 98 126 112 99 88 78 72 70 72 78 87 119 104 90 77 66 59 56 59 66 76 113 97 81 67 55 46 42 46 54 67 108 91 75 59 45 33 28 33 45 59 105 88 71 54 38 23 14 23 38 54 104 87 70 52 35 18 0 18 35 52
51 57 103 58 59 85 117 101 117 82 106 50 55 82 36 70 69 117 110 45 38 52 80 56 72 85 103 75 122 100 104 66 53 80 44 89 83 106 107 44 176 164 153 144 136 130 126 125 126 129 166 153 142 132 123 117 113 111 112 116 156 143 131 120 111 104 99 97 99 103 148 134 121 109 99 91 85 83 85 90 140 126 112 99 87 78 72 70 72 77 134 118 104 89 77 66 59 56 58 65 129 112 97 81 67 55 46 42 45 54 125 108 91 75 59 45 33 28 33 45 122 105 88 71 54 38 23 14 23 38 122 104 87 70 52 35 18 0 18 35
68 58 113 68 76 95 127 112 130 91 116 58 65 94 48 74 79 130 123 56 56 56 91 70 86 94 110 85 135 107 114 73 63 91 51 102 93 120 120 53 188 175 163 153 143 135 130 126 124 125 179 165 153 141 131 123 116 112 110 112 170 156 143 131 120 110 103 99 97 98 162 148 134 121 109 98 90 85 83 85 156 140 126 112 99 87 78 72 69 71 150 134 118 103 89 76 66 58 55 58 145 129 112 97 81 67 54 45 42 45 142 125 108 91 75 59 45 33 28 33 140 122 105 88 71 54 38 23 14 23 139 122 104 87 70 52 35 18 0 18
86 64 124 80 93 106 138 124 144 101 128 69 78 107 62 82 92 143 136 69 73 64 103 84 102 106 120 98 150 116 125 83 76 103 62 116 105 134 133 66 201 187 175 163 152 143 135 129 125 124 192 178 165 152 141 131 122 116 112 110 184 170 156 143 130 119 110 103 98 96 177 162 148 134 120 108 98 90 85 83 171 155 140 125 111 98 87 77 71 69 166 150 134 118 103 89 76 65 58 55 162 145 129 112 96 81 67 54 45 42 159 142 125 108 91 75 59 45 33 28 157 140 122 105 88 71 54 38 23 14 156 139 122 104 87 70 52 35 18 0
