0 65 10 35 68 12 31 37 53 45 69 58 29 32 53 59 68 47 76 22 9 57 23 37 50 22 58 34 60 46 66 57 67 33 43 64 66 48 78 29 109 99 90 85 82 83 88 96 106 117 99 87 78 71 68 70 75 84 95 108 90 77 66 58 54 56 63 73 86 100 82 67 55 45 40 43 52 64 78 94 76 60 45 33 26 30 42 57 72 89 73 56 39 23 12 20 35 52 69 86 72 54 37 20 4 16 33 51 68 85 74 57 41 26 17 23 37 53 70 87 78 62 48 37 31 35 45 59 74 90 85 71 58 49 45 47 56 67 81 96
65 0 61 54 4 59 41 95 43 76 105 8 74 63 57 34 42 23 116 85 57 11 54 48 16 69 102 57 39 79 108 14 42 56 97 15 40 20 120 68 45 35 33 40 51 66 81 97 114 130 36 23 19 29 44 60 77 93 110 128 31 14 7 23 40 57 75 92 109 126 32 17 12 25 41 58 75 92 109 127 39 28 25 33 47 62 78 95 112 129 49 41 39 45 55 69 84 99 115 132 61 55 53 57 66 77 91 105 121 137 74 69 67 71 78 88 100 113 127 142 87 83 82 84 90 99 109 122 135 149 101 97 96 98 103 111 120 131 144 157
10 61 0 25 64 3 23 36 44 37 62 54 22 23 43 51 59 41 70 25 9 52 14 28 46 15 52 25 51 37 60 52 59 24 40 59 58 43 73 21 105 94 84 77 73 74 79 86 97 109 96 83 72 64 60 60 66 75 87 100 88 74 61 51 46 47 54 65 78 93 81 66 51 39 32 33 43 56 71 87 77 60 44 29 18 21 34 50 66 83 75 58 41 23 7 13 30 47 64 82 76 59 42 26 13 17 32 48 65 82 79 63 48 35 26 28 39 53 69 85 85 70 57 46 40 41 49 61 75 90 93 79 67 59 54 55 61 71 83 97
35 54 25 0 58 23 17 46 23 23 52 47 23 10 19 32 38 32 63 44 30 44 13 7 40 21 48 3 30 25 54 42 37 3 46 46 36 35 66 16 95 81 68 58 51 50 54 63 76 89 89 73 59 46 37 36 42 53 67 83 84 68 52 36 25 22 31 46 61 78 82 65 48 31 14 9 24 41 58 75 82 65 48 31 14 9 24 41 58 75 84 68 52 37 25 22 31 46 61 78 89 73 59 46 38 36 42 54 67 83 96 81 68 58 51 50 54 64 76 89 104 91 79 70 65 64 67 75 85 98 113 101 91 83 78 78 80 87 96 107
68 4 64 58 0 62 44 98 46 79 108 11 77 66 60 38 45 27 120 88 60 15 57 51 19 72 105 60 42 82 111 18 45 59 100 19 43 23 123 71 42 34 34 42 54 69 84 101 117 134 33 21 20 32 47 63 80 97 114 131 27 10 10 26 44 61 78 95 113 130 29 14 14 28 45 61 79 96 113 130 36 26 26 36 50 65 82 98 115 132 47 40 40 47 58 72 87 103 119 135 60 54 54 59 68 80 94 109 124 140 73 68 68 72 80 90 102 116 130 146 86 82 82 85 92 101 112 124 138 152 100 96 96 99 104 112 122 134 147 160
12 59 3 23 62 0 21 38 42 36 62 52 22 22 41 48 57 39 71 27 9 50 11 26 44 15 53 23 49 37 60 49 56 21 42 56 55 41 73 20 103 91 81 74 71 72 77 85 95 108 94 81 69 61 57 58 64 74 86 99 86 71 58 48 43 44 52 64 77 92 80 64 49 36 29 31 41 55 71 87 76 59 42 27 16 19 34 50 66 83 75 57 40 23 5 13 30 48 65 82 76 59 42 27 15 19 33 50 66 83 80 64 49 36 29 31 41 55 71 87 86 71 58 48 43 44 52 63 77 92 93 80 69 61 56 58 63 73 85 99
31 41 23 17 44 21 0 55 25 39 68 33 34 24 30 29 38 19 79 48 23 31 14 13 26 29 63 19 30 41 69 29 38 18 57 36 36 21 82 28 84 71 61 54 53 57 65 77 90 105 76 62 49 41 39 44 55 68 83 99 70 54 39 28 25 33 46 62 78 95 66 49 32 17 12 24 41 58 75 92 65 48 31 14 6 23 40 57 74 92 68 51 36 23 19 29 43 60 76 93 73 58 45 35 33 39 51 65 81 97 80 67 56 48 47 51 61 73 87 102 89 77 68 62 61 64 72 83 95 109 99 89 81 76 75 78 84 93 104 117
37 95 36 46 98 38 55 0 68 37 44 88 24 38 59 77 83 74 46 19 43 86 42 53 80 27 29 44 76 35 37 84 82 44 9 90 82 76 47 31 139 126 114 103 95 89 86 87 91 98 130 116 103 92 82 76 72 74 78 87 123 108 94 81 70 62 59 60 66 76 117 101 86 72 59 49 45 47 54 66 112 96 79 64 49 37 31 34 44 57 109 92 75 58 42 27 17 22 36 51 108 91 73 56 39 22 5 14 32 49 109 91 74 57 40 24 12 18 33 50 111 94 78 62 46 33 26 29 40 55 115 99 83 69 55 45 40 42 50 62
53 43 44 23 46 42 25 68 0 38 65 37 44 31 15 11 16 24 77 66 47 32 31 17 33 43 65 25 9 41 69 29 15 25 67 30 14 27 80 38 78 62 48 36 29 33 43 57 73 89 74 57 41 25 16 21 36 52 69 86 72 55 38 20 3 15 32 50 67 84 74 57 40 24 14 20 35 51 68 85 77 62 47 34 28 31 42 57 72 89 84 69 56 46 42 44 52 64 79 94 91 78 67 59 56 57 64 74 87 101 101 89 79 73 70 71 76 85 96 109 111 100 92 86 84 85 89 97 106 118 122 113 105 100 98 99 102 109 118 128
45 76 37 23 79 36 39 37 38 0 30 69 18 16 26 49 51 54 41 44 44 65 30 29 62 23 27 20 46 3 32 63 50 22 32 66 51 57 44 17 115 100 85 72 61 53 50 53 61 73 110 94 78 63 50 40 36 41 51 64 106 89 73 56 41 28 22 29 42 57 104 87 70 52 35 19 9 20 37 54 104 87 69 52 35 18 6 19 36 53 106 89 72 55 40 26 20 27 41 57 109 93 77 62 48 38 34 38 49 63 114 99 84 71 59 51 48 51 59 71 121 106 93 81 71 64 62 64 71 81 129 115 103 92 83 78 76 78 83 92
69 105 62 52 108 62 68 44 65 30 0 98 40 45 51 75 75 82 13 60 70 94 58 58 91 48 15 50 72 28 10 91 74 51 35 94 75 86 17 43 142 126 111 95 81 69 58 52 51 56 138 121 105 89 73 59 47 38 37 43 135 118 101 84 68 52 37 26 24 33 133 116 99 81 64 47 30 15 11 25 133 116 98 81 64 47 29 13 8 24 134 117 100 83 66 50 35 22 20 31 137 120 104 87 72 57 44 35 34 41 141 125 109 94 79 66 55 48 47 52 146 131 116 101 88 76 67 62 61 65 153 138 124 110 98 88 80 75 75 78
58 8 54 47 11 52 33 88 37 69 98 0 67 56 50 29 38 16 109 78 50 5 46 41 9 62 94 50 34 71 100 8 38 48 90 14 36 13 113 61 52 41 37 40 49 62 77 93 109 125 43 30 23 27 40 55 71 88 105 122 38 21 9 18 34 51 68 86 103 120 37 21 7 17 34 51 68 86 103 120 42 28 21 26 39 55 71 88 105 122 51 40 35 38 48 61 76 92 108 125 61 53 49 52 59 70 83 98 113 129 73 66 63 65 71 81 92 106 120 135 86 80 78 79 84 92 102 114 128 142 99 94 92 93 97 104 113 124 137 150
29 74 22 23 77 22 34 24 44 18 40 67 0 14 36 54 59 52 49 27 30 64 21 29 59 8 31 20 52 17 39 62 58 21 24 67 58 55 51 7 117 103 90 79 71 67 66 71 79 89 109 94 80 68 58 53 53 58 67 80 103 87 72 58 46 39 39 46 58 71 99 82 66 50 36 26 26 35 50 65 96 79 62 45 28 14 13 28 45 62 96 79 61 44 27 10 10 27 44 61 98 81 64 48 32 21 20 32 47 63 101 85 69 55 42 34 34 41 54 69 107 91 77 64 53 47 47 53 63 76 113 99 86 75 66 61 61 65 74 85
32 63 23 10 66 22 24 38 31 16 45 56 14 0 24 40 46 40 55 38 30 52 14 16 49 14 39 7 39 18 46 50 45 8 37 55 45 44 58 7 104 90 77 66 58 55 57 64 74 87 98 82 68 55 45 41 44 52 65 79 93 76 60 46 33 27 31 43 57 73 90 73 56 39 23 13 20 36 52 69 89 71 54 37 20 3 16 33 51 68 90 73 56 40 25 16 22 37 53 70 94 77 62 47 36 30 34 44 59 74 99 84 70 57 48 44 46 55 67 80 106 92 79 68 61 58 60 66 76 89 114 101 90 81 74 72 73 79 87 98
53 57 43 19 60 41 30 59 15 26 51 50 36 24 0 25 26 36 63 61 48 46 31 18 46 37 52 19 22 29 56 43 25 20 56 44 25 40 66 30 92 76 61 47 36 32 36 47 61 77 88 71 55 39 25 18 25 40 56 72 87 69 52 35 18 4 19 36 53 70 87 70 53 36 20 11 21 37 54 71 90 74 58 43 30 25 31 43 58 74 95 80 65 52 43 39 43 52 65 80 102 87 74 63 56 53 56 63 74 87 110 97 85 75 69 67 69 75 85 96 119 107 96 88 83 81 83 88 96 106 129 118 109 101 96 95 96 101 108 117
59 34 51 32 38 48 29 77 11 49 75 29 54 40 25 0 11 20 88 74 52 25 39 25 28 51 75 34 5 52 80 22 11 34 77 20 9 23 91 47 68 52 37 27 25 34 48 64 80 97 64 47 30 15 12 26 43 60 77 94 63 46 29 12 8 25 42 59 76 94 66 49 34 22 20 30 45 62 78 95 71 56 43 35 33 41 53 67 83 99 79 65 55 48 47 52 62 75 89 104 88 76 67 62 61 65 73 84 97 111 98 88 80 76 75 78 85 95 106 119 109 100 94 90 89 92 98 106 116 128 121 113 107 104 103 105 110 118 127 138
68 42 59 38 45 57 38 83 16 51 75 38 59 46 26 11 0 31 87 81 61 34 46 32 38 58 77 39 9 54 81 31 1 40 81 27 3 33 91 52 70 53 37 22 15 24 39 56 73 90 68 51 34 16 2 19 37 54 71 89 69 53 36 21 14 24 39 56 73 90 74 58 44 32 28 34 46 61 76 93 80 66 54 45 42 46 56 68 82 98 88 76 65 58 56 59 67 77 90 104 98 87 78 72 70 73 79 88 99 112 109 99 91 86 84 86 91 99 109 121 120 111 104 100 98 100 104 111 120 131 132 124 117 114 112 114 117 124 132 142
47 23 41 32 27 39 19 74 24 54 82 16 52 40 36 20 31 0 94 66 39 13 32 25 10 47 79 34 24 56 85 11 30 33 75 18 28 4 97 46 66 53 44 40 44 53 66 81 96 112 58 43 31 26 32 44 59 75 91 108 53 36 21 12 22 38 54 71 88 106 52 35 17 3 19 36 53 70 88 105 54 38 24 17 25 39 56 72 89 106 60 46 35 31 36 47 61 77 93 109 69 57 48 45 49 57 69 83 98 114 79 69 62 59 62 69 79 91 105 120 90 81 75 73 75 81 90 101 114 127 102 94 89 87 89 94 102 111 123 136
76 116 70 63 120 71 79 46 77 41 13 109 49 55 63 88 87 94 0 64 78 106 68 69 103 56 19 61 84 39 11 103 87 62 37 106 88 97 4 53 155 139 123 108 94 81 70 61 57 58 150 134 117 101 86 72 59 49 44 45 147 130 113 96 80 64 49 37 30 32 144 127 110 93 76 59 43 27 17 20 144 126 109 92 74 57 40 22 5 13 144 127 110 92 75 58 42 26 13 18 146 129 112 95 79 63 48 34 27 29 149 132 116 100 84 70 56 46 40 42 153 137 122 106 92 78 67 58 54 55 159 143 128 114 101 89 78 71 68 69
22 85 25 44 88 27 48 19 66 44 60 78 27 38 61 74 81 66 64 0 29 77 36 50 70 25 46 43 74 43 54 76 81 42 27 83 80 67 65 32 130 118 108 100 95 92 93 97 104 113 120 107 96 87 81 78 79 84 92 102 111 97 85 75 68 65 66 71 81 92 103 89 75 63 55 51 52 59 70 83 97 81 66 53 42 37 39 48 61 76 93 76 60 44 31 23 27 39 54 70 91 73 56 39 23 9 17 33 50 67 90 73 56 39 22 7 16 32 50 67 92 76 59 43 29 20 25 38 53 69 96 80 65 51 40 34 37 46 60 74
9 57 9 30 60 9 23 43 47 44 70 50 30 30 48 52 61 39 78 29 0 49 18 31 42 23 60 30 53 45 68 49 60 29 48 56 59 40 81 28 101 91 82 77 75 78 84 92 103 116 91 79 70 63 61 64 71 82 94 108 82 69 57 50 47 51 60 72 86 101 75 60 47 37 33 39 50 64 79 95 70 54 38 24 19 28 42 58 74 91 68 50 33 16 6 21 38 55 72 89 68 51 34 18 10 22 39 56 73 90 71 55 40 28 24 31 44 59 76 92 77 63 50 41 38 43 53 66 81 97 85 72 61 54 52 55 64 75 88 103
57 11 52 44 15 50 31 86 32 65 94 5 64 52 46 25 34 13 106 77 49 0 44 37 8 59 91 46 29 68 97 4 33 45 87 10 32 10 109 58 54 42 35 36 45 58 72 88 104 120 46 31 21 23 35 51 67 83 100 117 42 25 9 13 30 47 64 81 99 116 42 25 11 14 30 47 64 81 99 116 47 33 24 25 37 52 67 84 101 118 55 44 37 39 47 59 73 89 105 121 66 56 51 52 58 69 81 95 110 126 77 69 66 66 71 79 91 103 117 132 90 83 80 80 84 91 101 113 125 139 102 97 94 94 97 104 112 123 135 148
23 54 14 13 57 11 14 42 31 30 58 46 21 14 31 39 46 32 68 36 18 44 0 15 39 16 51 13 38 31 58 42 46 11 44 49 45 34 71 16 97 84 73 65 60 61 66 75 87 100 89 75 62 52 47 47 54 65 78 93 82 67 52 40 33 34 43 56 71 87 78 61 45 30 19 21 34 49 66 83 76 59 41 24 8 12 29 46 64 81 77 60 43 26 13 16 31 47 64 81 80 64 48 34 26 27 38 52 68 84 85 70 57 46 39 40 48 60 74 89 93 79 67 58 53 54 60 70 82 96 101 89 79 71 67 68 72 81 92 104
37 48 28 7 51 26 13 53 17 29 58 41 29 16 18 25 32 25 69 50 31 37 15 0 34 26 54 10 25 31 60 35 32 9 52 39 31 29 72 23 89 74 62 52 46 47 54 65 78 92 82 67 52 40 32 34 43 56 71 86 78 61 45 30 19 21 34 49 66 83 76 59 41 24 7 12 29 46 64 81 77 60 43 26 13 16 31 47 64 81 80 64 48 35 26 28 38 52 68 84 86 71 57 46 40 41 48 60 74 89 93 79 67 58 54 54 60 70 82 96 102 89 79 72 68 68 73 81 92 104 112 101 91 85 82 82 86 93 102 114
50 16 46 40 19 44 26 80 33 62 91 9 59 49 46 28 38 10 103 70 42 8 39 34 0 54 87 43 32 65 94 9 37 41 82 18 35 6 106 53 60 49 43 43 50 61 75 90 105 121 51 38 29 30 39 53 68 84 101 117 45 29 16 17 31 47 64 81 98 115 43 25 8 10 28 45 62 80 97 114 45 29 17 18 31 47 64 81 98 115 52 39 30 31 40 53 69 85 101 118 61 50 44 45 51 62 76 90 106 122 72 63 58 58 64 73 84 98 112 127 83 76 72 72 76 84 94 106 120 134 96 90 86 86 90 96 105 116 128 142
22 69 15 21 72 15 29 27 43 23 48 62 8 14 37 51 58 47 56 25 23 59 16 26 54 0 38 19 50 24 46 57 57 19 29 63 56 50 59 8 112 99 87 77 71 68 70 75 84 95 104 90 77 65 57 54 56 63 74 86 97 82 67 54 44 40 43 52 64 79 92 76 60 45 32 26 30 42 57 73 90 72 55 39 23 12 20 35 52 69 89 71 54 37 20 3 16 33 51 68 90 73 57 40 26 17 23 37 53 70 94 78 62 48 36 31 34 45 59 74 99 84 70 58 49 45 47 55 67 81 106 92 80 69 62 59 60 67 77 89
58 102 52 48 105 53 63 29 65 27 15 94 31 39 52 75 77 79 19 46 60 91 51 54 87 38 0 45 72 24 8 89 76 46 21 93 77 82 21 35 142 127 112 98 86 75 67 64 65 70 136 120 105 90 76 64 55 50 51 58 132 115 99 83 68 54 42 36 38 47 128 111 94 78 61 46 32 23 25 37 127 109 92 75 58 41 24 10 15 31 127 109 92 75 58 40 23 8 14 31 128 111 94 77 61 45 30 21 24 36 131 114 98 82 67 52 41 34 36 45 135 119 104 89 75 62 53 48 49 56 141 126 111 97 84 74 66 62 63 68
34 57 25 3 60 23 19 44 25 20 50 50 20 7 19 34 39 34 61 43 30 46 13 10 43 19 45 0 33 23 51 44 39 2 43 49 38 37 64 14 98 84 71 60 53 51 54 63 75 88 91 76 61 48 39 37 42 53 66 81 87 70 54 39 27 23 31 44 60 76 84 67 50 33 17 9 23 39 56 73 84 67 50 32 16 7 22 39 56 73 86 69 53 38 25 21 29 43 59 76 90 75 60 47 37 34 40 51 65 80 97 82 69 58 50 48 52 61 73 87 105 91 79 70 64 62 65 73 83 95 114 101 91 83 78 76 79 85 94 105
60 39 51 30 42 49 30 76 9 46 72 34 52 39 22 5 9 24 84 74 53 29 38 25 32 50 72 33 0 49 77 26 8 32 75 25 7 27 88 46 71 55 40 28 23 30 44 59 75 92 68 51 34 18 9 22 38 55 73 90 68 50 33 16 6 21 38 55 72 89 70 54 38 25 20 28 42 58 75 91 75 60 47 37 34 39 50 64 79 95 83 69 58 50 48 52 60 72 86 101 92 80 70 64 62 65 72 82 94 108 102 91 83 78 76 78 84 93 104 116 113 103 96 91 90 92 97 105 114 126 125 116 109 105 104 106 110 117 126 136
46 79 37 25 82 37 41 35 41 3 28 71 17 18 29 52 54 56 39 43 45 68 31 31 65 24 24 23 49 0 30 65 53 24 30 69 53 59 42 17 118 103 88 75 64 56 52 54 62 72 113 96 81 66 53 43 38 41 51 63 109 92 75 59 44 31 24 29 41 56 106 89 72 55 38 22 11 19 35 52 106 89 71 54 37 20 5 17 34 51 107 90 73 57 41 26 18 24 38 54 111 94 78 63 49 37 32 36 46 60 115 100 85 71 59 50 46 49 57 68 122 107 93 81 70 63 60 62 68 78 129 116 103 92 83 76 74 75 81 89
66 108 60 54 111 60 69 37 69 32 10 100 39 46 56 80 81 85 11 54 68 97 58 60 94 46 8 51 77 30 0 94 80 53 28 98 81 88 13 42 147 131 116 102 88 77 67 62 61 64 142 125 109 94 79 66 55 48 47 52 138 121 104 88 72 57 44 35 33 40 135 118 101 84 67 51 35 23 20 30 134 116 99 82 65 47 30 13 8 24 134 117 99 82 65 48 31 15 11 25 136 119 102 85 68 52 38 26 24 33 139 122 106 90 74 60 47 39 37 43 143 127 111 96 82 69 59 52 51 56 149 133 118 104 91 80 71 66 65 68
57 14 52 42 18 49 29 84 29 63 91 8 62 50 43 22 31 11 103 76 49 4 42 35 9 57 89 44 26 65 94 0 30 43 85 9 29 9 106 56 55 43 35 34 42 55 69 85 101 117 48 33 21 21 32 47 64 80 97 114 44 27 10 10 27 44 61 78 96 113 45 28 13 13 28 45 62 79 96 113 50 36 26 26 35 50 65 82 98 115 58 46 39 39 46 58 72 87 103 119 68 59 53 53 58 68 80 94 108 124 80 72 67 67 71 79 89 102 116 130 92 85 81 81 84 91 100 111 124 138 105 98 95 95 98 104 112 122 133 146
67 42 59 37 45 56 38 82 15 50 74 38 58 45 25 11 1 30 87 81 60 33 46 32 37 57 76 39 8 53 80 30 0 39 80 27 2 33 90 52 70 53 37 22 16 25 40 56 73 90 68 51 34 16 2 19 37 54 71 89 69 52 36 21 14 23 39 56 72 90 73 58 43 32 28 33 46 60 76 93 80 66 53 44 42 46 55 68 82 97 88 75 65 58 56 59 66 77 90 104 98 86 77 71 70 72 78 87 99 112 108 98 90 85 84 85 91 99 109 121 120 110 103 99 98 99 104 111 120 131 131 123 117 113 112 113 117 123 131 141
33 56 24 3 59 21 18 44 25 22 51 48 21 8 20 34 40 33 62 42 29 45 11 9 41 19 46 2 32 24 53 43 39 0 44 48 38 36 65 14 97 83 70 60 53 51 56 64 76 90 90 75 60 48 39 37 43 54 68 83 86 69 53 38 27 24 32 46 61 78 83 66 49 32 16 10 24 41 58 75 83 65 48 31 14 7 23 40 57 75 85 68 52 36 23 20 30 44 60 77 89 73 58 45 36 34 40 52 66 81 95 81 67 56 49 48 52 62 74 88 103 90 78 69 63 62 65 73 83 96 112 100 90 82 77 76 78 85 94 105
43 97 40 46 100 42 57 9 67 32 35 90 24 37 56 77 81 75 37 27 48 87 44 52 82 29 21 43 75 30 28 85 80 44 0 91 80 78 38 30 140 126 113 102 92 85 81 80 83 90 132 118 104 91 80 72 67 66 70 78 126 110 95 81 69 59 53 53 58 67 121 104 88 73 59 47 40 39 46 57 117 100 83 67 51 37 27 26 35 49 115 98 80 63 46 30 15 13 27 44 114 97 80 63 45 28 11 9 25 43 116 99 82 65 48 33 21 19 31 46 119 102 86 70 55 42 33 33 40 53 123 107 92 77 64 53 47 46 52 62
64 15 59 46 19 56 36 90 30 66 94 14 67 55 44 20 27 18 106 83 56 10 49 39 18 63 93 49 25 69 98 9 27 48 91 0 25 17 109 61 50 36 26 27 37 51 66 83 99 116 45 28 14 14 29 46 62 80 97 114 43 26 9 10 27 44 62 79 96 114 47 31 20 20 32 48 64 81 98 115 54 41 33 34 42 55 69 85 101 118 63 53 47 47 53 64 77 91 106 122 74 66 61 61 66 75 86 99 113 128 86 79 75 75 79 86 96 108 121 135 99 93 89 89 92 99 107 118 130 143 112 106 103 103 106 111 119 129 140 152
66 40 58 36 43 55 36 82 14 51 75 36 58 45 25 9 3 28 88 80 59 32 45 31 35 56 77 38 7 53 81 29 2 38 80 25 0 31 91 51 69 52 36 22 17 27 41 58 75 91 67 49 32 15 4 21 38 55 73 90 68 51 34 19 13 24 40 57 74 91 72 56 41 30 26 33 46 61 77 94 78 64 51 43 40 45 55 68 83 98 86 73 63 56 54 58 66 77 90 105 96 84 76 70 68 71 78 87 99 112 106 96 89 84 82 85 90 99 109 121 118 109 102 98 96 98 103 110 120 131 130 121 115 112 110 112 116 123 131 141
48 20 43 35 23 41 21 76 27 57 86 13 55 44 40 23 33 4 97 67 40 10 34 29 6 50 82 37 27 59 88 9 33 36 78 17 31 0 101 49 63 51 43 41 46 56 69 84 100 116 55 41 30 27 34 47 62 78 95 112 50 33 18 13 25 41 58 75 92 109 48 31 14 5 22 39 57 74 91 109 51 35 21 17 27 42 59 76 93 110 57 43 33 31 37 49 64 80 96 113 66 54 47 45 49 59 72 86 101 117 76 66 60 59 62 70 81 94 108 123 88 79 74 73 76 82 92 103 116 130 100 92 88 87 89 95 103 113 125 138
78 120 73 66 123 73 82 47 80 44 17 113 51 58 66 91 91 97 4 65 81 109 71 72 106 59 21 64 88 42 13 106 90 65 38 109 91 101 0 55 158 142 127 112 97 84 73 64 59 60 153 137 121 105 89 75 62 52 46 46 150 133 116 100 83 68 53 40 32 33 147 130 113 96 79 62 46 31 19 20 146 129 112 95 77 60 43 25 9 11 147 129 112 95 78 61 44 27 13 15 148 131 114 98 81 65 49 35 26 26 151 135 118 102 86 71 57 46 39 39 155 139 123 108 93 79 67 58 52 53 161 145 130 115 102 89 78 70 66 66
29 68 21 16 71 20 28 31 38 17 43 61 7 7 30 47 52 46 53 32 28 58 16 23 53 8 35 14 46 17 42 56 52 14 30 61 51 49 55 0 110 96 84 73 65 61 62 68 77 89 103 88 74 62 52 47 49 56 67 80 97 81 66 52 40 34 36 45 58 73 94 77 60 44 29 20 23 36 51 68 92 74 57 40 23 7 14 31 48 65 92 75 58 41 24 11 16 32 49 66 95 78 62 46 32 24 27 38 53 69 99 83 68 55 44 38 40 48 60 75 105 90 77 65 56 52 53 59 70 82 113 99 87 77 69 66 66 72 80 92
109 45 105 95 42 103 84 139 78 115 142 52 117 104 92 68 70 66 155 130 101 54 97 89 60 112 142 98 71 118 147 55 70 97 140 50 69 63 158 110 0 18 35 52 70 87 104 122 139 156 15 23 38 54 71 88 105 122 140 157 29 34 45 60 75 91 108 125 142 159 43 47 55 68 82 97 113 129 145 162 58 60 67 77 90 104 119 134 150 166 72 74 80 88 99 112 126 140 156 171 86 88 93 100 110 122 134 148 162 177 100 102 106 112 121 132 144 156 170 184 115 116 119 125 133 143 154 166 179 192 129 130 133 138 145 154 164 176 188 201
99 35 94 81 34 91 71 126 62 100 126 41 103 90 76 52 53 53 139 118 91 42 84 74 49 99 127 84 55 103 131 43 53 83 126 36 52 51 142 96 18 0 18 35 52 70 87 104 122 139 23 15 23 38 54 71 88 105 122 140 34 29 34 45 60 75 91 108 125 142 47 43 46 55 67 82 97 112 129 145 60 57 60 67 77 90 104 118 134 150 74 72 73 79 88 99 112 126 140 155 88 86 87 92 100 110 121 134 148 162 102 100 101 105 112 121 131 143 156 170 116 114 115 119 125 133 142 153 165 178 130 128 129 132 138 145 154 164 175 187
90 33 84 68 34 81 61 114 48 85 111 37 90 77 61 37 37 44 123 108 82 35 73 62 43 87 112 71 40 88 116 35 37 70 113 26 36 43 127 84 35 18 0 18 35 52 70 87 104 122 38 23 15 23 38 54 71 88 105 122 45 34 29 34 45 60 75 91 108 125 55 46 43 46 55 67 81 97 112 129 67 60 57 60 67 77 90 104 118 134 80 73 71 73 79 88 99 112 126 140 93 87 85 87 92 99 109 121 134 148 106 101 99 101 105 112 121 131 143 156 119 115 114 115 118 124 132 142 153 165 133 129 128 129 132 137 144 153 163 175
85 40 77 58 42 74 54 103 36 72 95 40 79 66 47 27 22 40 108 100 77 36 65 52 43 77 98 60 28 75 102 34 22 60 102 27 22 41 112 73 52 35 18 0 18 35 52 70 87 104 54 38 23 15 23 38 54 71 88 105 60 45 34 29 33 45 59 75 91 108 68 55 46 43 46 55 67 81 97 112 77 67 60 57 59 66 77 89 103 118 88 79 73 71 73 79 88 99 112 125 100 92 87 85 87 91 99 109 121 134 112 105 101 99 100 105 111 120 131 143 125 119 115 113 114 118 124 132 141 152 138 132 129 127 128 131 137 144 153 163
82 51 73 51 54 71 53 95 29 61 81 49 71 58 36 25 15 44 94 95 75 45 60 46 50 71 86 53 23 64 88 42 16 53 92 37 17 46 97 65 70 52 35 18 0 18 35 52 70 87 71 54 38 23 15 23 38 54 71 88 75 60 45 33 29 33 45 59 75 91 82 67 55 46 43 46 55 67 81 96 90 77 67 59 57 59 66 77 89 103 99 88 79 73 71 73 78 87 99 111 110 100 92 87 85 86 91 99 109 120 121 112 105 100 99 100 104 111 120 130 133 125 118 114 113 114 117 123 131 141 145 138 132 128 127 127 131 136 143 152
83 66 74 50 69 72 57 89 33 53 69 62 67 55 32 34 24 53 81 92 78 58 61 47 61 68 75 51 30 56 77 55 25 51 85 51 27 56 84 61 87 70 52 35 18 0 18 35 52 70 88 71 54 38 23 14 23 38 54 71 91 75 60 45 33 28 33 45 59 75 97 82 67 55 46 42 46 55 67 81 104 90 77 66 59 56 59 66 76 89 112 99 88 79 73 70 72 78 87 98 122 110 99 91 86 84 86 91 98 108 132 121 112 105 100 98 99 104 110 119 143 133 124 118 114 112 113 117 123 131 154 145 137 131 127 126 127 130 135 143
88 81 79 54 84 77 65 86 43 50 58 77 66 57 36 48 39 66 70 93 84 72 66 54 75 70 67 54 44 52 67 69 40 56 81 66 41 69 73 62 104 87 70 52 35 18 0 18 35 52 105 88 71 54 38 23 14 23 38 54 108 91 75 59 45 33 28 33 45 59 113 97 81 67 55 46 42 46 54 67 119 104 90 77 66 59 56 59 66 76 126 112 99 88 78 72 70 72 78 87 134 121 109 99 91 86 84 85 90 98 144 131 121 111 104 99 98 99 103 110 154 142 132 124 117 113 112 113 116 122 164 154 144 137 131 127 125 126 130 135
96 97 86 63 101 85 77 87 57 53 52 93 71 64 47 64 56 81 61 97 92 88 75 65 90 75 64 63 59 54 62 85 56 64 80 83 58 84 64 68 122 104 87 70 52 35 18 0 18 35 122 105 88 71 54 38 23 14 23 38 125 108 91 75 59 45 33 28 33 45 129 112 97 81 67 55 46 42 45 54 134 118 104 89 77 66 59 56 58 65 140 126 112 99 87 78 72 70 72 77 148 134 121 109 99 91 85 83 85 90 156 143 131 120 111 104 99 97 99 103 166 153 142 132 123 117 113 111 112 116 176 164 153 144 136 130 126 125 126 129
106 114 97 76 117 95 90 91 73 61 51 109 79 74 61 80 73 96 57 104 103 104 87 78 105 84 65 75 75 62 61 101 73 76 83 99 75 100 59 77 139 122 104 87 70 52 35 18 0 18 140 122 105 88 71 54 38 23 14 23 142 125 108 91 75 59 45 33 28 33 145 129 112 97 81 67 54 45 42 45 150 134 118 103 89 76 66 58 55 58 156 140 126 112 99 87 78 72 69 71 162 148 134 121 109 98 90 85 83 85 170 156 143 131 120 110 103 99 97 98 179 165 153 141 131 123 116 112 110 112 188 175 163 153 143 135 130 126 124 125
117 130 109 89 134 108 105 98 89 73 56 125 89 87 77 97 90 112 58 113 116 120 100 92 121 95 70 88 92 72 64 117 90 90 90 116 91 116 60 89 156 139 122 104 87 70 52 35 18 0 157 140 122 105 88 71 54 38 23 14 159 142 125 108 91 75 59 45 33 28 162 145 129 112 96 81 67 54 45 42 166 150 134 118 103 89 76 65 58 55 171 155 140 125 111 98 87 77 71 69 177 162 148 134 120 108 98 90 85 83 184 170 156 143 130 119 110 103 98 96 192 178 165 152 141 131 122 116 112 110 201 187 175 163 152 143 135 129 125 124
99 36 96 89 33 94 76 130 74 110 138 43 109 98 88 64 68 58 150 120 91 46 89 82 51 104 136 91 68 113 142 48 68 90 132 45 67 55 153 103 15 23 38 54 71 88 105 122 140 157 0 18 35 52 70 87 104 122 139 156 15 23 38 54 71 88 105 122 140 157 29 34 45 60 75 91 108 125 142 159 43 47 55 68 82 97 113 129 145 162 58 60 67 77 90 104 119 134 150 166 72 74 80 88 99 112 126 140 156 171 86 88 93 100 110 122 134 148 162 177 100 102 106 112 121 132 144 156 170 184 115 116 119 125 133 143 154 166 179 192
87 23 83 73 21 81 62 116 57 94 121 30 94 82 71 47 51 43 134 107 79 31 75 67 38 90 120 76 51 96 125 33 51 75 118 28 49 41 137 88 23 15 23 38 54 71 88 105 122 140 18 0 18 35 52 70 87 104 122 139 23 15 23 38 54 71 88 105 122 140 34 29 34 45 60 75 91 108 125 142 47 43 46 55 67 82 97 112 129 145 60 57 60 67 77 90 104 118 134 150 74 72 73 79 88 99 112 126 140 155 88 86 87 92 100 110 121 134 148 162 102 100 101 105 112 121 131 143 156 170 116 114 115 119 125 133 142 153 165 178
78 19 72 59 20 69 49 103 41 78 105 23 80 68 55 30 34 31 117 96 70 21 62 52 29 77 105 61 34 81 109 21 34 60 104 14 32 30 121 74 38 23 15 23 38 54 71 88 105 122 35 18 0 18 35 52 70 87 104 122 38 23 15 23 38 54 71 88 105 122 45 34 29 34 45 60 75 91 108 125 55 46 43 46 55 67 81 97 112 129 67 60 57 60 67 77 90 104 118 134 80 73 71 73 79 88 99 112 126 140 93 87 85 87 92 99 109 121 134 148 106 101 99 101 105 112 121 131 143 156 119 115 114 115 118 124 132 142 153 165
71 29 64 46 32 61 41 92 25 63 89 27 68 55 39 15 16 26 101 87 63 23 52 40 30 65 90 48 18 66 94 21 16 48 91 14 15 27 105 62 54 38 23 15 23 38 54 71 88 105 52 35 18 0 18 35 52 70 87 104 54 38 23 15 23 38 54 71 88 105 60 45 34 29 33 45 59 75 91 108 68 55 46 43 46 55 67 81 97 112 77 67 60 57 59 66 77 89 103 118 88 79 73 71 73 79 88 99 112 125 100 92 87 85 87 91 99 109 121 134 112 105 101 99 100 105 111 120 131 143 125 119 115 113 114 118 124 132 141 152
68 44 60 37 47 57 39 82 16 50 73 40 58 45 25 12 2 32 86 81 61 35 47 32 39 57 76 39 9 53 79 32 2 39 80 29 4 34 89 52 71 54 38 23 15 23 38 54 71 88 70 52 35 18 0 18 35 52 70 87 71 54 38 23 15 23 38 54 71 88 75 60 45 33 29 33 45 59 75 91 82 67 55 46 43 46 55 67 81 96 90 77 67 59 57 59 66 77 89 103 99 88 79 73 71 73 78 87 99 111 110 100 92 87 85 86 91 99 109 120 121 112 105 100 99 100 104 111 120 130 133 125 118 114 113 114 117 123 131 141
70 60 60 36 63 58 44 76 21 40 59 55 53 41 18 26 19 44 72 78 64 51 47 34 53 54 64 37 22 43 66 47 19 37 72 46 21 47 75 47 88 71 54 38 23 14 23 38 54 71 87 70 52 35 18 0 18 35 52 70 88 71 54 38 23 14 23 38 54 71 91 75 60 45 33 28 33 45 59 75 97 82 67 55 46 42 46 55 67 81 104 90 77 66 59 56 59 66 76 89 112 99 88 79 73 70 72 78 87 98 122 110 99 91 86 84 86 91 98 108 132 121 112 105 100 98 99 104 110 119 143 133 124 118 114 112 113 117 123 131
75 77 66 42 80 64 55 72 36 36 47 71 53 44 25 43 37 59 59 79 71 67 54 43 68 56 55 42 38 38 55 64 37 43 67 62 38 62 62 49 105 88 71 54 38 23 14 23 38 54 104 87 70 52 35 18 0 18 35 52 105 88 71 54 38 23 14 23 38 54 108 91 75 59 45 33 28 33 45 59 113 97 81 67 55 46 42 46 54 67 119 104 90 77 66 59 56 59 66 76 126 112 99 88 78 72 70 72 78 87 134 121 109 99 91 86 84 85 90 98 144 131 121 111 104 99 98 99 103 110 154 142 132 124 117 113 112 113 116 122
84 93 75 53 97 74 68 74 52 41 38 88 58 52 40 60 54 75 49 84 82 83 65 56 84 63 50 53 55 41 48 80 54 54 66 80 55 78 52 56 122 105 88 71 54 38 23 14 23 38 122 104 87 70 52 35 18 0 18 35 122 105 88 71 54 38 23 14 23 38 125 108 91 75 59 45 33 28 33 45 129 112 97 81 67 55 46 42 45 54 134 118 104 89 77 66 59 56 58 65 140 126 112 99 87 78 72 70 72 77 148 134 121 109 99 91 85 83 85 90 156 143 131 120 111 104 99 97 99 103 166 153 142 132 123 117 113 111 112 116
95 110 87 67 114 86 83 78 69 51 37 105 67 65 56 77 71 91 44 92 94 100 78 71 101 74 51 66 73 51 47 97 71 68 70 97 73 95 46 67 140 122 105 88 71 54 38 23 14 23 139 122 104 87 70 52 35 18 0 18 140 122 105 88 71 54 38 23 14 23 142 125 108 91 75 59 45 33 28 33 145 129 112 97 81 67 54 45 42 45 150 134 118 103 89 76 66 58 55 58 156 140 126 112 99 87 78 72 69 71 162 148 134 121 109 98 90 85 83 85 170 156 143 131 120 110 103 99 97 98 179 165 153 141 131 123 116 112 110 112
108 128 100 83 131 99 99 87 86 64 43 122 80 79 72 94 89 108 45 102 108 117 93 86 117 86 58 81 90 63 52 114 89 83 78 114 90 112 46 80 157 140 122 105 88 71 54 38 23 14 156 139 122 104 87 70 52 35 18 0 157 140 122 105 88 71 54 38 23 14 159 142 125 108 91 75 59 45 33 28 162 145 129 112 96 81 67 54 45 42 166 150 134 118 103 89 76 65 58 55 171 155 140 125 111 98 87 77 71 69 177 162 148 134 120 108 98 90 85 83 184 170 156 143 130 119 110 103 98 96 192 178 165 152 141 131 122 116 112 110
90 31 88 84 27 86 70 123 72 106 135 38 103 93 87 63 69 53 147 111 82 42 82 78 45 97 132 87 68 109 138 44 69 86 126 43 68 50 150 97 29 34 45 60 75 91 108 125 142 159 15 23 38 54 71 88 105 122 140 157 0 18 35 52 70 87 104 122 139 156 15 23 38 54 71 88 105 122 140 157 29 34 45 60 75 91 108 125 142 159 43 47 55 68 82 97 113 129 145 162 58 60 67 77 90 104 119 134 150 166 72 74 80 88 99 112 126 140 156 171 86 88 93 100 110 122 134 148 162 177 100 102 106 112 121 132 144 156 170 184
77 14 74 68 10 71 54 108 55 89 118 21 87 76 69 46 53 36 130 97 69 25 67 61 29 82 115 70 50 92 121 27 52 69 110 26 51 33 133 81 34 29 34 45 60 75 91 108 125 142 23 15 23 38 54 71 88 105 122 140 18 0 18 35 52 70 87 104 122 139 23 15 23 38 54 71 88 105 122 140 34 29 34 45 60 75 91 108 125 142 47 43 46 55 67 82 97 112 129 145 60 57 60 67 77 90 104 118 134 150 74 72 73 79 88 99 112 126 140 155 88 86 87 92 100 110 121 134 148 162 102 100 101 105 112 121 131 143 156 170
66 7 61 52 10 58 39 94 38 73 101 9 72 60 52 29 36 21 113 85 57 9 52 45 16 67 99 54 33 75 104 10 36 53 95 9 34 18 116 66 45 34 29 34 45 60 75 91 108 125 38 23 15 23 38 54 71 88 105 122 35 18 0 18 35 52 70 87 104 122 38 23 15 23 38 54 71 88 105 122 45 34 29 34 45 60 75 91 108 125 55 46 43 46 55 67 81 97 112 129 67 60 57 60 67 77 90 104 118 134 80 73 71 73 79 88 99 112 126 140 93 87 85 87 92 99 109 121 134 148 106 101 99 101 105 112 121 131 143 156
58 23 51 36 26 48 28 81 20 56 84 18 58 46 35 12 21 12 96 75 50 13 40 30 17 54 83 39 16 59 88 10 21 38 81 10 19 13 100 52 60 45 34 29 33 45 59 75 91 108 54 38 23 15 23 38 54 71 88 105 52 35 18 0 18 35 52 70 87 104 54 38 23 15 23 38 54 71 88 105 60 45 34 29 33 45 59 75 91 108 68 55 46 43 46 55 67 81 97 112 77 67 60 57 59 66 77 89 103 118 88 79 73 71 73 79 88 99 112 125 100 92 87 85 87 91 99 109 121 134 112 105 101 99 100 105 111 120 131 143
54 40 46 25 44 43 25 70 3 41 68 34 46 33 18 8 14 22 80 68 47 30 33 19 31 44 68 27 6 44 72 27 14 27 69 27 13 25 83 40 75 60 45 33 29 33 45 59 75 91 71 54 38 23 15 23 38 54 71 88 70 52 35 18 0 18 35 52 70 87 71 54 38 23 15 23 38 54 71 88 75 60 45 33 29 33 45 59 75 91 82 67 55 46 43 46 55 67 81 96 90 77 67 59 57 59 66 77 89 103 99 88 79 73 71 73 78 87 99 111 110 100 92 87 85 86 91 99 109 120 121 112 105 100 99 100 104 111 120 130
56 57 47 22 61 44 33 62 15 28 52 51 39 27 4 25 24 38 64 65 51 47 34 21 47 40 54 23 21 31 57 44 23 24 59 44 24 41 68 34 91 75 60 45 33 28 33 45 59 75 88 71 54 38 23 14 23 38 54 71 87 70 52 35 18 0 18 35 52 70 88 71 54 38 23 14 23 38 54 71 91 75 60 45 33 28 33 45 59 75 97 82 67 55 46 42 46 55 67 81 104 90 77 66 59 56 59 66 76 89 112 99 88 79 73 70 72 78 87 98 122 110 99 91 86 84 86 91 98 108 132 121 112 105 100 98 99 104 110 119
63 75 54 31 78 52 46 59 32 22 37 68 39 31 19 42 39 54 49 66 60 64 43 34 64 43 42 31 38 24 44 61 39 32 53 62 40 58 53 36 108 91 75 59 45 33 28 33 45 59 105 88 71 54 38 23 14 23 38 54 104 87 70 52 35 18 0 18 35 52 105 88 71 54 38 23 14 23 38 54 108 91 75 59 45 33 28 33 45 59 113 97 81 67 55 46 42 46 54 67 119 104 90 77 66 59 56 59 66 76 126 112 99 88 78 72 70 72 78 87 134 121 109 99 91 86 84 85 90 98 144 131 121 111 104 99 98 99 103 110
73 92 65 46 95 64 62 60 50 29 26 86 46 43 36 59 56 71 37 71 72 81 56 49 81 52 36 44 55 29 35 78 56 46 53 79 57 75 40 45 125 108 91 75 59 45 33 28 33 45 122 105 88 71 54 38 23 14 23 38 122 104 87 70 52 35 18 0 18 35 122 105 88 71 54 38 23 14 23 38 125 108 91 75 59 45 33 28 33 45 129 112 97 81 67 55 46 42 45 54 134 118 104 89 77 66 59 56 58 65 140 126 112 99 87 78 72 70 72 77 148 134 121 109 99 91 85 83 85 90 156 143 131 120 111 104 99 97 99 103
86 109 78 61 113 77 78 66 67 42 24 103 58 57 53 76 73 88 30 81 86 99 71 66 98 64 38 60 72 41 33 96 72 61 58 96 74 92 32 58 142 125 108 91 75 59 45 33 28 33 140 122 105 88 71 54 38 23 14 23 139 122 104 87 70 52 35 18 0 18 140 122 105 88 71 54 38 23 14 23 142 125 108 91 75 59 45 33 28 33 145 129 112 97 81 67 54 45 42 45 150 134 118 103 89 76 66 58 55 58 156 140 126 112 99 87 78 72 69 71 162 148 134 121 109 98 90 85 83 85 170 156 143 131 120 110 103 99 97 98
100 126 93 78 130 92 95 76 84 57 33 120 71 73 70 94 90 106 32 92 101 116 87 83 115 79 47 76 89 56 40 113 90 78 67 114 91 109 33 73 159 142 125 108 91 75 59 45 33 28 157 140 122 105 88 71 54 38 23 14 156 139 122 104 87 70 52 35 18 0 157 140 122 105 88 71 54 38 23 14 159 142 125 108 91 75 59 45 33 28 162 145 129 112 96 81 67 54 45 42 166 150 134 118 103 89 76 65 58 55 171 155 140 125 111 98 87 77 71 69 177 162 148 134 120 108 98 90 85 83 184 170 156 143 130 119 110 103 98 96
82 32 81 82 29 80 66 117 74 104 133 37 99 90 87 66 74 52 144 103 75 42 78 76 43 92 128 84 70 106 135 45 73 83 121 47 72 48 147 94 43 47 55 68 82 97 113 129 145 162 29 34 45 60 75 91 108 125 142 159 15 23 38 54 71 88 105 122 140 157 0 18 35 52 70 87 104 122 139 156 15 23 38 54 71 88 105 122 140 157 29 34 45 60 75 91 108 125 142 159 43 47 55 68 82 97 113 129 145 162 58 60 67 77 90 104 119 134 150 166 72 74 80 88 99 112 126 140 156 171 86 88 93 100 110 122 134 148 162 177
67 17 66 65 14 64 49 101 57 87 116 21 82 73 70 49 58 35 127 89 60 25 61 59 25 76 111 67 54 89 118 28 58 66 104 31 56 31 130 77 47 43 46 55 67 82 97 112 129 145 34 29 34 45 60 75 91 108 125 142 23 15 23 38 54 71 88 105 122 140 18 0 18 35 52 70 87 104 122 139 23 15 23 38 54 71 88 105 122 140 34 29 34 45 60 75 91 108 125 142 47 43 46 55 67 82 97 112 129 145 60 57 60 67 77 90 104 118 134 150 74 72 73 79 88 99 112 126 140 155 88 86 87 92 100 110 121 134 148 162
55 12 51 48 14 49 32 86 40 70 99 7 66 56 53 34 44 17 110 75 47 11 45 41 8 60 94 50 38 72 101 13 43 49 88 20 41 14 113 60 55 46 43 46 55 67 81 97 112 129 45 34 29 34 45 60 75 91 108 125 38 23 15 23 38 54 71 88 105 122 35 18 0 18 35 52 70 87 104 122 38 23 15 23 38 54 71 88 105 122 45 34 29 34 45 60 75 91 108 125 55 46 43 46 55 67 81 97 112 129 67 60 57 60 67 77 90 104 118 134 80 73 71 73 79 88 99 112 126 140 93 87 85 87 92 99 109 121 134 148
45 25 39 31 28 36 17 72 24 52 81 17 50 39 36 22 32 3 93 63 37 14 30 24 10 45 78 33 25 55 84 13 32 32 73 20 30 5 96 44 68 55 46 43 46 55 67 81 97 112 60 45 34 29 33 45 59 75 91 108 54 38 23 15 23 38 54 71 88 105 52 35 18 0 18 35 52 70 87 104 54 38 23 15 23 38 54 71 88 105 60 45 34 29 33 45 59 75 91 108 68 55 46 43 46 55 67 81 97 112 77 67 60 57 59 66 77 89 103 118 88 79 73 71 73 79 88 99 112 125 100 92 87 85 87 91 99 109 121 134
40 41 32 14 45 29 12 59 14 35 64 34 36 23 20 20 28 19 76 55 33 30 19 7 28 32 61 17 20 38 67 28 28 16 59 32 26 22 79 29 82 67 55 46 43 46 55 67 81 96 75 60 45 33 29 33 45 59 75 91 71 54 38 23 15 23 38 54 71 88 70 52 35 18 0 18 35 52 70 87 71 54 38 23 15 23 38 54 71 88 75 60 45 33 29 33 45 59 75 91 82 67 55 46 43 46 55 67 81 96 90 77 67 59 57 59 66 77 89 103 99 88 79 73 71 73 78 87 99 111 110 100 92 87 85 86 91 99 109 120
43 58 33 9 61 31 24 49 20 19 47 51 26 13 11 30 34 36 59 51 39 47 21 12 45 26 46 9 28 22 51 45 33 10 47 48 33 39 62 20 97 82 67 55 46 42 46 55 67 81 91 75 60 45 33 28 33 45 59 75 88 71 54 38 23 14 23 38 54 71 87 70 52 35 18 0 18 35 52 70 88 71 54 38 23 14 23 38 54 71 91 75 60 45 33 28 33 45 59 75 97 82 67 55 46 42 46 55 67 81 104 90 77 66 59 56 59 66 76 89 112 99 88 79 73 70 72 78 87 98 122 110 99 91 86 84 86 91 98 108
52 75 43 24 79 41 41 45 35 9 30 68 26 20 21 45 46 53 43 52 50 64 34 29 62 30 32 23 42 11 35 62 46 24 40 64 46 57 46 23 113 97 81 67 55 46 42 46 54 67 108 91 75 59 45 33 28 33 45 59 105 88 71 54 38 23 14 23 38 54 104 87 70 52 35 18 0 18 35 52 105 88 71 54 38 23 14 23 38 54 108 91 75 59 45 33 28 33 45 59 113 97 81 67 55 46 42 46 54 67 119 104 90 77 66 59 56 59 66 76 126 112 99 88 78 72 70 72 78 87 134 121 109 99 91 86 84 85 90 98
64 92 56 41 96 55 58 47 51 20 15 86 35 36 37 62 61 70 27 59 64 81 49 46 80 42 23 39 58 19 23 79 60 41 39 81 61 74 31 36 129 112 97 81 67 55 46 42 45 54 125 108 91 75 59 45 33 28 33 45 122 105 88 71 54 38 23 14 23 38 122 104 87 70 52 35 18 0 18 35 122 105 88 71 54 38 23 14 23 38 125 108 91 75 59 45 33 28 33 45 129 112 97 81 67 55 46 42 45 54 134 118 104 89 77 66 59 56 58 65 140 126 112 99 87 78 72 70 72 77 148 134 121 109 99 91 85 83 85 90
78 109 71 58 113 71 75 54 68 37 11 103 50 52 54 78 76 88 17 70 79 99 66 64 97 57 25 56 75 35 20 96 76 58 46 98 77 91 19 51 145 129 112 97 81 67 54 45 42 45 142 125 108 91 75 59 45 33 28 33 140 122 105 88 71 54 38 23 14 23 139 122 104 87 70 52 35 18 0 18 140 122 105 88 71 54 38 23 14 23 142 125 108 91 75 59 45 33 28 33 145 129 112 97 81 67 54 45 42 45 150 134 118 103 89 76 66 58 55 58 156 140 126 112 99 87 78 72 69 71 162 148 134 121 109 98 90 85 83 85
94 127 87 75 130 87 92 66 85 54 25 120 65 69 71 95 93 105 20 83 95 116 83 81 114 73 37 73 91 52 30 113 93 75 57 115 94 109 20 68 162 145 129 112 96 81 67 54 45 42 159 142 125 108 91 75 59 45 33 28 157 140 122 105 88 71 54 38 23 14 156 139 122 104 87 70 52 35 18 0 157 140 122 105 88 71 54 38 23 14 159 142 125 108 91 75 59 45 33 28 162 145 129 112 96 81 67 54 45 42 166 150 134 118 103 89 76 65 58 55 171 155 140 125 111 98 87 77 71 69 177 162 148 134 120 108 98 90 85 83
76 39 77 82 36 76 65 112 77 104 133 42 96 89 90 71 80 54 144 97 70 47 76 77 45 90 127 84 75 106 134 50 80 83 117 54 78 51 146 92 58 60 67 77 90 104 119 134 150 166 43 47 55 68 82 97 113 129 145 162 29 34 45 60 75 91 108 125 142 159 15 23 38 54 71 88 105 122 140 157 0 18 35 52 70 87 104 122 139 156 15 23 38 54 71 88 105 122 140 157 29 34 45 60 75 91 108 125 142 159 43 47 55 68 82 97 113 129 145 162 58 60 67 77 90 104 119 134 150 166 72 74 80 88 99 112 126 140 156 171
60 28 60 65 26 59 48 96 62 87 116 28 79 71 74 56 66 38 126 81 54 33 59 60 29 72 109 67 60 89 116 36 66 65 100 41 64 35 129 74 60 57 60 67 77 90 104 118 134 150 47 43 46 55 67 82 97 112 129 145 34 29 34 45 60 75 91 108 125 142 23 15 23 38 54 71 88 105 122 140 18 0 18 35 52 70 87 104 122 139 23 15 23 38 54 71 88 105 122 140 34 29 34 45 60 75 91 108 125 142 47 43 46 55 67 82 97 112 129 145 60 57 60 67 77 90 104 118 134 150 74 72 73 79 88 99 112 126 140 155
45 25 44 48 26 42 31 79 47 69 98 21 62 54 58 43 54 24 109 66 38 24 41 43 17 55 92 50 47 71 99 26 53 48 83 33 51 21 112 57 67 60 57 60 67 77 90 104 118 134 55 46 43 46 55 67 81 97 112 129 45 34 29 34 45 60 75 91 108 125 38 23 15 23 38 54 71 88 105 122 35 18 0 18 35 52 70 87 104 122 38 23 15 23 38 54 71 88 105 122 45 34 29 34 45 60 75 91 108 125 55 46 43 46 55 67 81 97 112 129 67 60 57 60 67 77 90 104 118 134 80 73 71 73 79 88 99 112 126 140
33 33 29 31 36 27 14 64 34 52 81 26 45 37 43 35 45 17 92 53 24 25 24 26 18 39 75 32 37 54 82 26 44 31 67 34 43 17 95 40 77 67 60 57 59 66 77 89 103 118 68 55 46 43 46 55 67 81 97 112 60 45 34 29 33 45 59 75 91 108 54 38 23 15 23 38 54 71 88 105 52 35 18 0 18 35 52 70 87 104 54 38 23 15 23 38 54 71 88 105 60 45 34 29 33 45 59 75 91 108 68 55 46 43 46 55 67 81 97 112 77 67 60 57 59 66 77 89 103 118 88 79 73 71 73 79 88 99 112 125
26 47 18 14 50 16 6 49 28 35 64 39 28 20 30 33 42 25 74 42 19 37 8 13 31 23 58 16 34 37 65 35 42 14 51 42 40 27 77 23 90 77 67 59 57 59 66 77 89 103 82 67 55 46 43 46 55 67 81 96 75 60 45 33 29 33 45 59 75 91 71 54 38 23 15 23 38 54 71 88 70 52 35 18 0 18 35 52 70 87 71 54 38 23 15 23 38 54 71 88 75 60 45 33 29 33 45 59 75 91 82 67 55 46 43 46 55 67 81 96 90 77 67 59 57 59 66 77 89 103 99 88 79 73 71 73 78 87 99 111
30 62 21 9 65 19 23 37 31 18 47 55 14 3 25 41 46 39 57 37 28 52 12 16 47 12 41 7 39 20 47 50 46 7 37 55 45 42 60 7 104 90 77 66 59 56 59 66 76 89 97 82 67 55 46 42 46 55 67 81 91 75 60 45 33 28 33 45 59 75 88 71 54 38 23 14 23 38 54 71 87 70 52 35 18 0 18 35 52 70 88 71 54 38 23 14 23 38 54 71 91 75 60 45 33 28 33 45 59 75 97 82 67 55 46 42 46 55 67 81 104 90 77 66 59 56 59 66 76 89 112 99 88 79 73 70 72 78 87 98
42 78 34 24 82 34 40 31 42 6 29 71 13 16 31 53 56 56 40 39 42 67 29 31 64 20 24 22 50 5 30 65 55 23 27 69 55 59 43 14 119 104 90 77 66 59 56 59 66 76 113 97 81 67 55 46 42 46 54 67 108 91 75 59 45 33 28 33 45 59 105 88 71 54 38 23 14 23 38 54 104 87 70 52 35 18 0 18 35 52 105 88 71 54 38 23 14 23 38 54 108 91 75 59 45 33 28 33 45 59 113 97 81 67 55 46 42 46 54 67 119 104 90 77 66 59 56 59 66 76 126 112 99 88 78 72 70 72 78 87
57 95 50 41 98 50 57 34 57 19 13 88 28 33 43 67 68 72 22 48 58 84 46 47 81 35 10 39 64 17 13 82 68 40 26 85 68 76 25 31 134 118 104 89 77 66 59 56 58 65 129 112 97 81 67 55 46 42 45 54 125 108 91 75 59 45 33 28 33 45 122 105 88 71 54 38 23 14 23 38 122 104 87 70 52 35 18 0 18 35 122 105 88 71 54 38 23 14 23 38 125 108 91 75 59 45 33 28 33 45 129 112 97 81 67 55 46 42 45 54 134 118 104 89 77 66 59 56 58 65 140 126 112 99 87 78 72 70 72 77
72 112 66 58 115 66 74 44 72 36 8 105 45 51 58 83 82 89 5 61 74 101 64 64 98 52 15 56 79 34 8 98 82 57 35 101 83 93 9 48 150 134 118 103 89 76 66 58 55 58 145 129 112 97 81 67 54 45 42 45 142 125 108 91 75 59 45 33 28 33 140 122 105 88 71 54 38 23 14 23 139 122 104 87 70 52 35 18 0 18 140 122 105 88 71 54 38 23 14 23 142 125 108 91 75 59 45 33 28 33 145 129 112 97 81 67 54 45 42 45 150 134 118 103 89 76 66 58 55 58 156 140 126 112 99 87 78 72 69 71
89 129 83 75 132 83 92 57 89 53 24 122 62 68 74 99 98 106 13 76 91 118 81 81 115 69 31 73 95 51 24 115 97 75 49 118 98 110 11 65 166 150 134 118 103 89 76 65 58 55 162 145 129 112 96 81 67 54 45 42 159 142 125 108 91 75 59 45 33 28 157 140 122 105 88 71 54 38 23 14 156 139 122 104 87 70 52 35 18 0 157 140 122 105 88 71 54 38 23 14 159 142 125 108 91 75 59 45 33 28 162 145 129 112 96 81 67 54 45 42 166 150 134 118 103 89 76 65 58 55 171 155 140 125 111 98 87 77 71 69
73 49 75 84 47 75 68 109 84 106 134 51 96 90 95 79 88 60 144 93 68 55 77 80 52 89 127 86 83 107 134 58 88 85 115 63 86 57 147 92 72 74 80 88 99 112 126 140 156 171 58 60 67 77 90 104 119 134 150 166 43 47 55 68 82 97 113 129 145 162 29 34 45 60 75 91 108 125 142 159 15 23 38 54 71 88 105 122 140 157 0 18 35 52 70 87 104 122 139 156 15 23 38 54 71 88 105 122 140 157 29 34 45 60 75 91 108 125 142 159 43 47 55 68 82 97 113 129 145 162 58 60 67 77 90 104 119 134 150 166
56 41 58 68 40 57 51 92 69 89 117 40 79 73 80 65 76 46 127 76 50 44 60 64 39 71 109 69 69 90 117 46 75 68 98 53 73 43 129 75 74 72 73 79 88 99 112 126 140 155 60 57 60 67 77 90 104 118 134 150 47 43 46 55 67 82 97 112 129 145 34 29 34 45 60 75 91 108 125 142 23 15 23 38 54 71 88 105 122 140 18 0 18 35 52 70 87 104 122 139 23 15 23 38 54 71 88 105 122 140 34 29 34 45 60 75 91 108 125 142 47 43 46 55 67 82 97 112 129 145 60 57 60 67 77 90 104 118 134 150
39 39 41 52 40 40 36 75 56 72 100 35 61 56 65 55 65 35 110 60 33 37 43 48 30 54 92 53 58 73 99 39 65 52 80 47 63 33 112 58 80 73 71 73 79 88 99 112 126 140 67 60 57 60 67 77 90 104 118 134 55 46 43 46 55 67 81 97 112 129 45 34 29 34 45 60 75 91 108 125 38 23 15 23 38 54 71 88 105 122 35 18 0 18 35 52 70 87 104 122 38 23 15 23 38 54 71 88 105 122 45 34 29 34 45 60 75 91 108 125 55 46 43 46 55 67 81 97 112 129 67 60 57 60 67 77 90 104 118 134
23 45 23 37 47 23 23 58 46 55 83 38 44 40 52 48 58 31 92 44 16 39 26 35 31 37 75 38 50 57 82 39 58 36 63 47 56 31 95 41 88 79 73 71 73 79 88 99 112 125 77 67 60 57 59 66 77 89 103 118 68 55 46 43 46 55 67 81 97 112 60 45 34 29 33 45 59 75 91 108 54 38 23 15 23 38 54 71 88 105 52 35 18 0 18 35 52 70 87 104 54 38 23 15 23 38 54 71 88 105 60 45 34 29 33 45 59 75 91 108 68 55 46 43 46 55 67 81 97 112 77 67 60 57 59 66 77 89 103 118
12 55 7 25 58 5 19 42 42 40 66 48 27 25 43 47 56 36 75 31 6 47 13 26 40 20 58 25 48 41 65 46 56 23 46 53 54 37 78 24 99 88 79 73 71 73 78 87 99 111 90 77 67 59 57 59 66 77 89 103 82 67 55 46 43 46 55 67 81 96 75 60 45 33 29 33 45 59 75 91 71 54 38 23 15 23 38 54 71 88 70 52 35 18 0 18 35 52 70 87 71 54 38 23 15 23 38 54 71 88 75 60 45 33 29 33 45 59 75 91 82 67 55 46 43 46 55 67 81 96 90 77 67 59 57 59 66 77 89 103
20 69 13 22 72 13 29 27 44 26 50 61 10 16 39 52 59 47 58 23 21 59 16 28 53 3 40 21 52 26 48 58 59 20 30 64 58 49 61 11 112 99 88 79 73 70 72 78 87 98 104 90 77 66 59 56 59 66 76 89 97 82 67 55 46 42 46 55 67 81 91 75 60 45 33 28 33 45 59 75 88 71 54 38 23 14 23 38 54 71 87 70 52 35 18 0 18 35 52 70 88 71 54 38 23 14 23 38 54 71 91 75 60 45 33 28 33 45 59 75 97 82 67 55 46 42 46 55 67 81 104 90 77 66 59 56 59 66 76 89
35 84 30 31 87 30 43 17 52 20 35 76 10 22 43 62 67 61 42 27 38 73 31 38 69 16 23 29 60 18 31 72 66 30 15 77 66 64 44 16 126 112 99 88 78 72 70 72 78 87 119 104 90 77 66 59 56 59 66 76 113 97 81 67 55 46 42 46 54 67 108 91 75 59 45 33 28 33 45 59 105 88 71 54 38 23 14 23 38 54 104 87 70 52 35 18 0 18 35 52 105 88 71 54 38 23 14 23 38 54 108 91 75 59 45 33 28 33 45 59 113 97 81 67 55 46 42 46 54 67 119 104 90 77 66 59 56 59 66 76
52 99 47 46 103 48 60 22 64 27 22 92 27 37 52 75 77 77 26 39 55 89 47 52 85 33 8 43 72 24 15 87 77 44 13 91 77 80 27 32 140 126 112 99 87 78 72 70 72 77 134 118 104 89 77 66 59 56 58 65 129 112 97 81 67 55 46 42 45 54 125 108 91 75 59 45 33 28 33 45 122 105 88 71 54 38 23 14 23 38 122 104 87 70 52 35 18 0 18 35 122 105 88 71 54 38 23 14 23 38 125 108 91 75 59 45 33 28 33 45 129 112 97 81 67 55 46 42 45 54 134 118 104 89 77 66 59 56 58 65
69 115 64 61 119 65 76 36 79 41 20 108 44 53 65 89 90 93 13 54 72 105 64 68 101 51 14 59 86 38 11 103 90 60 27 106 90 96 13 49 156 140 126 112 99 87 78 72 69 71 150 134 118 103 89 76 66 58 55 58 145 129 112 97 81 67 54 45 42 45 142 125 108 91 75 59 45 33 28 33 140 122 105 88 71 54 38 23 14 23 139 122 104 87 70 52 35 18 0 18 140 122 105 88 71 54 38 23 14 23 142 125 108 91 75 59 45 33 28 33 145 129 112 97 81 67 54 45 42 45 150 134 118 103 89 76 66 58 55 58
86 132 82 78 135 82 93 51 94 57 31 125 61 70 80 104 104 109 18 70 89 121 81 84 118 68 31 76 101 54 25 119 104 77 44 122 105 113 15 66 171 155 140 125 111 98 87 77 71 69 166 150 134 118 103 89 76 65 58 55 162 145 129 112 96 81 67 54 45 42 159 142 125 108 91 75 59 45 33 28 157 140 122 105 88 71 54 38 23 14 156 139 122 104 87 70 52 35 18 0 157 140 122 105 88 71 54 38 23 14 159 142 125 108 91 75 59 45 33 28 162 145 129 112 96 81 67 54 45 42 166 150 134 118 103 89 76 65 58 55
72 61 76 89 60 76 73 108 91 109 137 61 98 94 102 88 98 69 146 91 68 66 80 86 61 90 128 90 92 111 136 68 98 89 114 74 96 66 148 95 86 88 93 100 110 122 134 148 162 177 72 74 80 88 99 112 126 140 156 171 58 60 67 77 90 104 119 134 150 166 43 47 55 68 82 97 113 129 145 162 29 34 45 60 75 91 108 125 142 159 15 23 38 54 71 88 105 122 140 157 0 18 35 52 70 87 104 122 139 156 15 23 38 54 71 88 105 122 140 157 29 34 45 60 75 91 108 125 142 159 43 47 55 68 82 97 113 129 145 162
54 55 59 73 54 59 58 91 78 93 120 53 81 77 87 76 87 57 129 73 51 56 64 71 50 73 111 75 80 94 119 59 86 73 97 66 84 54 131 78 88 86 87 92 100 110 121 134 148 162 74 72 73 79 88 99 112 126 140 155 60 57 60 67 77 90 104 118 134 150 47 43 46 55 67 82 97 112 129 145 34 29 34 45 60 75 91 108 125 142 23 15 23 38 54 71 88 105 122 140 18 0 18 35 52 70 87 104 122 139 23 15 23 38 54 71 88 105 122 140 34 29 34 45 60 75 91 108 125 142 47 43 46 55 67 82 97 112 129 145
37 53 42 59 54 42 45 73 67 77 104 49 64 62 74 67 78 48 112 56 34 51 48 57 44 57 94 60 70 78 102 53 77 58 80 61 76 47 114 62 93 87 85 87 92 99 109 121 134 148 80 73 71 73 79 88 99 112 126 140 67 60 57 60 67 77 90 104 118 134 55 46 43 46 55 67 81 97 112 129 45 34 29 34 45 60 75 91 108 125 38 23 15 23 38 54 71 88 105 122 35 18 0 18 35 52 70 87 104 122 38 23 15 23 38 54 71 88 105 122 45 34 29 34 45 60 75 91 108 125 55 46 43 46 55 67 81 97 112 129
20 57 26 46 59 27 35 56 59 62 87 52 48 47 63 62 72 45 95 39 18 52 34 46 45 40 77 47 64 63 85 53 71 45 63 61 70 45 98 46 100 92 87 85 87 91 99 109 121 134 88 79 73 71 73 79 88 99 112 125 77 67 60 57 59 66 77 89 103 118 68 55 46 43 46 55 67 81 97 112 60 45 34 29 33 45 59 75 91 108 54 38 23 15 23 38 54 71 88 105 52 35 18 0 18 35 52 70 87 104 54 38 23 15 23 38 54 71 88 105 60 45 34 29 33 45 59 75 91 108 68 55 46 43 46 55 67 81 97 112
4 66 13 38 68 15 33 39 56 48 72 59 32 36 56 61 70 49 79 23 10 58 26 40 51 26 61 37 62 49 68 58 70 36 45 66 68 49 81 32 110 100 92 87 85 86 91 99 109 120 99 88 79 73 71 73 78 87 99 111 90 77 67 59 57 59 66 77 89 103 82 67 55 46 43 46 55 67 81 96 75 60 45 33 29 33 45 59 75 91 71 54 38 23 15 23 38 54 71 88 70 52 35 18 0 18 35 52 70 87 71 54 38 23 15 23 38 54 71 88 75 60 45 33 29 33 45 59 75 91 82 67 55 46 43 46 55 67 81 96
16 77 17 36 80 19 39 22 57 38 57 70 21 30 53 65 73 57 63 9 22 69 27 41 62 17 45 34 65 37 52 68 72 34 28 75 71 59 65 24 122 110 99 91 86 84 86 91 98 108 112 99 88 79 73 70 72 78 87 98 104 90 77 66 59 56 59 66 76 89 97 82 67 55 46 42 46 55 67 81 91 75 60 45 33 28 33 45 59 75 88 71 54 38 23 14 23 38 54 71 87 70 52 35 18 0 18 35 52 70 88 71 54 38 23 14 23 38 54 71 91 75 60 45 33 28 33 45 59 75 97 82 67 55 46 42 46 55 67 81
33 91 32 42 94 33 51 5 64 34 44 83 20 34 56 73 79 69 48 17 39 81 38 48 76 23 30 40 72 32 38 80 78 40 11 86 78 72 49 27 134 121 109 99 91 86 84 85 90 98 126 112 99 88 78 72 70 72 78 87 119 104 90 77 66 59 56 59 66 76 113 97 81 67 55 46 42 46 54 67 108 91 75 59 45 33 28 33 45 59 105 88 71 54 38 23 14 23 38 54 104 87 70 52 35 18 0 18 35 52 105 88 71 54 38 23 14 23 38 54 108 91 75 59 45 33 28 33 45 59 113 97 81 67 55 46 42 46 54 67
51 105 48 54 109 50 65 14 74 38 35 98 32 44 63 84 88 83 34 33 56 95 52 60 90 37 21 51 82 36 26 94 87 52 9 99 87 86 35 38 148 134 121 109 99 91 85 83 85 90 140 126 112 99 87 78 72 70 72 77 134 118 104 89 77 66 59 56 58 65 129 112 97 81 67 55 46 42 45 54 125 108 91 75 59 45 33 28 33 45 122 105 88 71 54 38 23 14 23 38 122 104 87 70 52 35 18 0 18 35 122 105 88 71 54 38 23 14 23 38 125 108 91 75 59 45 33 28 33 45 129 112 97 81 67 55 46 42 45 54
68 121 65 67 124 66 81 32 87 49 34 113 47 59 74 97 99 98 27 50 73 110 68 74 106 53 24 65 94 46 24 108 99 66 25 113 99 101 26 53 162 148 134 121 109 98 90 85 83 85 156 140 126 112 99 87 78 72 69 71 150 134 118 103 89 76 66 58 55 58 145 129 112 97 81 67 54 45 42 45 142 125 108 91 75 59 45 33 28 33 140 122 105 88 71 54 38 23 14 23 139 122 104 87 70 52 35 18 0 18 140 122 105 88 71 54 38 23 14 23 142 125 108 91 75 59 45 33 28 33 145 129 112 97 81 67 54 45 42 45
85 137 82 83 140 83 97 49 101 63 41 129 63 74 87 111 112 114 29 67 90 126 84 89 122 70 36 80 108 60 33 124 112 81 43 128 112 117 26 69 177 162 148 134 120 108 98 90 85 83 171 155 140 125 111 98 87 77 71 69 166 150 134 118 103 89 76 65 58 55 162 145 129 112 96 81 67 54 45 42 159 142 125 108 91 75 59 45 33 28 157 140 122 105 88 71 54 38 23 14 156 139 122 104 87 70 52 35 18 0 157 140 122 105 88 71 54 38 23 14 159 142 125 108 91 75 59 45 33 28 162 145 129 112 96 81 67 54 45 42
74 74 79 96 73 80 80 109 101 114 141 73 101 99 110 98 109 79 149 90 71 77 85 93 72 94 131 97 102 115 139 80 108 95 116 86 106 76 151 99 100 102 106 112 121 132 144 156 170 184 86 88 93 100 110 122 134 148 162 177 72 74 80 88 99 112 126 140 156 171 58 60 67 77 90 104 119 134 150 166 43 47 55 68 82 97 113 129 145 162 29 34 45 60 75 91 108 125 142 159 15 23 38 54 71 88 105 122 140 157 0 18 35 52 70 87 104 122 139 156 15 23 38 54 71 88 105 122 140 157 29 34 45 60 75 91 108 125 142 159
57 69 63 81 68 64 67 91 89 99 125 66 85 84 97 88 99 69 132 73 55 69 70 79 63 78 114 82 91 100 122 72 98 81 99 79 96 66 135 83 102 100 101 105 112 121 131 143 156 170 88 86 87 92 100 110 121 134 148 162 74 72 73 79 88 99 112 126 140 155 60 57 60 67 77 90 104 118 134 150 47 43 46 55 67 82 97 112 129 145 34 29 34 45 60 75 91 108 125 142 23 15 23 38 54 71 88 105 122 140 18 0 18 35 52 70 87 104 122 139 23 15 23 38 54 71 88 105 122 140 34 29 34 45 60 75 91 108 125 142
41 67 48 68 68 49 56 74 79 84 109 63 69 70 85 80 91 62 116 56 40 66 57 67 58 62 98 69 83 85 106 67 90 67 82 75 89 60 118 68 106 101 99 101 105 112 121 131 143 156 93 87 85 87 92 99 109 121 134 148 80 73 71 73 79 88 99 112 126 140 67 60 57 60 67 77 90 104 118 134 55 46 43 46 55 67 81 97 112 129 45 34 29 34 45 60 75 91 108 125 38 23 15 23 38 54 71 88 105 122 35 18 0 18 35 52 70 87 104 122 38 23 15 23 38 54 71 88 105 122 45 34 29 34 45 60 75 91 108 125
26 71 35 58 72 36 48 57 73 71 94 65 55 57 75 76 86 59 100 39 28 66 46 58 58 48 82 58 78 71 90 67 85 56 65 75 84 59 102 55 112 105 101 99 100 105 111 120 131 143 100 92 87 85 87 91 99 109 121 134 88 79 73 71 73 79 88 99 112 125 77 67 60 57 59 66 77 89 103 118 68 55 46 43 46 55 67 81 97 112 60 45 34 29 33 45 59 75 91 108 54 38 23 15 23 38 54 71 88 105 52 35 18 0 18 35 52 70 87 104 54 38 23 15 23 38 54 71 88 105 60 45 34 29 33 45 59 75 91 108
17 78 26 51 80 29 47 40 70 59 79 71 42 48 69 75 84 62 84 22 24 71 39 54 64 36 67 50 76 59 74 71 84 49 48 79 82 62 86 44 121 112 105 100 99 100 104 111 120 130 110 100 92 87 85 86 91 99 109 120 99 88 79 73 71 73 78 87 99 111 90 77 67 59 57 59 66 77 89 103 82 67 55 46 43 46 55 67 81 96 75 60 45 33 29 33 45 59 75 91 71 54 38 23 15 23 38 54 71 88 70 52 35 18 0 18 35 52 70 87 71 54 38 23 15 23 38 54 71 88 75 60 45 33 29 33 45 59 75 91
23 88 28 50 90 31 51 24 71 51 66 81 34 44 67 78 86 69 70 7 31 79 40 54 73 31 52 48 78 50 60 79 85 48 33 86 85 70 71 38 132 121 112 105 100 98 99 104 110 119 122 110 99 91 86 84 86 91 98 108 112 99 88 79 73 70 72 78 87 98 104 90 77 66 59 56 59 66 76 89 97 82 67 55 46 42 46 55 67 81 91 75 60 45 33 28 33 45 59 75 88 71 54 38 23 14 23 38 54 71 87 70 52 35 18 0 18 35 52 70 88 71 54 38 23 14 23 38 54 71 91 75 60 45 33 28 33 45 59 75
37 100 39 54 102 41 61 12 76 48 55 92 34 46 69 85 91 79 56 16 44 91 48 60 84 34 41 52 84 46 47 89 91 52 21 96 90 81 57 40 144 131 121 111 104 99 98 99 103 110 134 121 109 99 91 86 84 85 90 98 126 112 99 88 78 72 70 72 78 87 119 104 90 77 66 59 56 59 66 76 113 97 81 67 55 46 42 46 54 67 108 91 75 59 45 33 28 33 45 59 105 88 71 54 38 23 14 23 38 54 104 87 70 52 35 18 0 18 35 52 105 88 71 54 38 23 14 23 38 54 108 91 75 59 45 33 28 33 45 59
53 113 53 64 116 55 73 18 85 51 48 106 41 55 75 95 99 91 46 32 59 103 60 70 98 45 34 61 93 49 39 102 99 62 19 108 99 94 46 48 156 143 131 120 111 104 99 97 99 103 148 134 121 109 99 91 85 83 85 90 140 126 112 99 87 78 72 70 72 77 134 118 104 89 77 66 59 56 58 65 129 112 97 81 67 55 46 42 45 54 125 108 91 75 59 45 33 28 33 45 122 105 88 71 54 38 23 14 23 38 122 104 87 70 52 35 18 0 18 35 122 105 88 71 54 38 23 14 23 38 125 108 91 75 59 45 33 28 33 45
70 127 69 76 130 71 87 33 96 59 47 120 54 67 85 106 109 105 40 50 76 117 74 82 112 59 36 73 104 57 37 116 109 74 31 121 109 108 39 60 170 156 143 131 120 110 103 99 97 98 162 148 134 121 109 98 90 85 83 85 156 140 126 112 99 87 78 72 69 71 150 134 118 103 89 76 66 58 55 58 145 129 112 97 81 67 54 45 42 45 142 125 108 91 75 59 45 33 28 33 140 122 105 88 71 54 38 23 14 23 139 122 104 87 70 52 35 18 0 18 140 122 105 88 71 54 38 23 14 23 142 125 108 91 75 59 45 33 28 33
87 142 85 89 146 87 102 50 109 71 52 135 69 80 96 119 121 120 42 67 92 132 89 96 127 74 45 87 116 68 43 130 121 88 46 135 121 123 39 75 184 170 156 143 130 119 110 103 98 96 177 162 148 134 120 108 98 90 85 83 171 155 140 125 111 98 87 77 71 69 166 150 134 118 103 89 76 65 58 55 162 145 129 112 96 81 67 54 45 42 159 142 125 108 91 75 59 45 33 28 157 140 122 105 88 71 54 38 23 14 156 139 122 104 87 70 52 35 18 0 157 140 122 105 88 71 54 38 23 14 159 142 125 108 91 75 59 45 33 28
78 87 85 104 86 86 89 111 111 121 146 86 107 106 119 109 120 90 153 92 77 90 93 102 83 99 135 105 113 122 143 92 120 103 119 99 118 88 155 105 115 116 119 125 133 143 154 166 179 192 100 102 106 112 121 132 144 156 170 184 86 88 93 100 110 122 134 148 162 177 72 74 80 88 99 112 126 140 156 171 58 60 67 77 90 104 119 134 150 166 43 47 55 68 82 97 113 129 145 162 29 34 45 60 75 91 108 125 142 159 15 23 38 54 71 88 105 122 140 157 0 18 35 52 70 87 104 122 139 156 15 23 38 54 71 88 105 122 140 157
62 83 70 91 82 71 77 94 100 106 131 80 91 92 107 100 111 81 137 76 63 83 79 89 76 84 119 91 103 107 127 85 110 90 102 93 109 79 139 90 116 114 115 119 125 133 142 153 165 178 102 100 101 105 112 121 131 143 156 170 88 86 87 92 100 110 121 134 148 162 74 72 73 79 88 99 112 126 140 155 60 57 60 67 77 90 104 118 134 150 47 43 46 55 67 82 97 112 129 145 34 29 34 45 60 75 91 108 125 142 23 15 23 38 54 71 88 105 122 140 18 0 18 35 52 70 87 104 122 139 23 15 23 38 54 71 88 105 122 140
48 82 57 79 82 58 68 78 92 93 116 78 77 79 96 94 104 75 122 59 50 80 67 79 72 70 104 79 96 93 111 81 103 78 86 89 102 74 123 77 119 115 114 115 118 124 132 142 153 165 106 101 99 101 105 112 121 131 143 156 93 87 85 87 92 99 109 121 134 148 80 73 71 73 79 88 99 112 126 140 67 60 57 60 67 77 90 104 118 134 55 46 43 46 55 67 81 97 112 129 45 34 29 34 45 60 75 91 108 125 38 23 15 23 38 54 71 88 105 122 35 18 0 18 35 52 70 87 104 122 38 23 15 23 38 54 71 88 105 122
37 84 46 70 85 48 62 62 86 81 101 79 64 68 88 90 100 73 106 43 41 80 58 72 72 58 89 70 91 81 96 81 99 69 70 89 98 73 108 65 125 119 115 113 114 118 124 132 141 152 112 105 101 99 100 105 111 120 131 143 100 92 87 85 87 91 99 109 121 134 88 79 73 71 73 79 88 99 112 125 77 67 60 57 59 66 77 89 103 118 68 55 46 43 46 55 67 81 97 112 60 45 34 29 33 45 59 75 91 108 54 38 23 15 23 38 54 71 88 105 52 35 18 0 18 35 52 70 87 104 54 38 23 15 23 38 54 71 88 105
31 90 40 65 92 43 61 46 84 71 88 84 53 61 83 89 98 75 92 29 38 84 53 68 76 49 75 64 90 70 82 84 98 63 55 92 96 76 93 56 133 125 118 114 113 114 117 123 131 141 121 112 105 100 99 100 104 111 120 130 110 100 92 87 85 86 91 99 109 120 99 88 79 73 71 73 78 87 99 111 90 77 67 59 57 59 66 77 89 103 82 67 55 46 43 46 55 67 81 96 75 60 45 33 29 33 45 59 75 91 71 54 38 23 15 23 38 54 71 88 70 52 35 18 0 18 35 52 70 87 71 54 38 23 15 23 38 54 71 88
35 99 41 64 101 44 64 33 85 64 76 92 47 58 81 92 100 81 78 20 43 91 54 68 84 45 62 62 92 63 69 91 99 62 42 99 98 82 79 52 143 133 124 118 114 112 113 117 123 131 132 121 112 105 100 98 99 104 110 119 122 110 99 91 86 84 86 91 98 108 112 99 88 79 73 70 72 78 87 98 104 90 77 66 59 56 59 66 76 89 97 82 67 55 46 42 46 55 67 81 91 75 60 45 33 28 33 45 59 75 88 71 54 38 23 14 23 38 54 71 87 70 52 35 18 0 18 35 52 70 88 71 54 38 23 14 23 38 54 71
45 109 49 67 112 52 72 26 89 62 67 102 47 60 83 98 104 90 67 25 53 101 60 73 94 47 53 65 97 60 59 100 104 65 33 107 103 92 67 53 154 142 132 124 117 113 112 113 116 122 144 131 121 111 104 99 98 99 103 110 134 121 109 99 91 86 84 85 90 98 126 112 99 88 78 72 70 72 78 87 119 104 90 77 66 59 56 59 66 76 113 97 81 67 55 46 42 46 54 67 108 91 75 59 45 33 28 33 45 59 105 88 71 54 38 23 14 23 38 54 104 87 70 52 35 18 0 18 35 52 105 88 71 54 38 23 14 23 38 54
59 122 61 75 124 63 83 29 97 64 62 114 53 66 88 106 111 101 58 38 66 113 70 81 106 55 48 73 105 62 52 111 111 73 33 118 110 103 58 59 166 153 142 132 123 117 113 111 112 116 156 143 131 120 111 104 99 97 99 103 148 134 121 109 99 91 85 83 85 90 140 126 112 99 87 78 72 70 72 77 134 118 104 89 77 66 59 56 58 65 129 112 97 81 67 55 46 42 45 54 125 108 91 75 59 45 33 28 33 45 122 105 88 71 54 38 23 14 23 38 122 104 87 70 52 35 18 0 18 35 122 105 88 71 54 38 23 14 23 38
74 135 75 85 138 77 95 40 106 71 61 128 63 76 96 116 120 114 54 53 81 125 82 92 120 67 49 83 114 68 51 124 120 83 40 130 120 116 52 70 179 165 153 141 131 123 116 112 110 112 170 156 143 131 120 110 103 99 97 98 162 148 134 121 109 98 90 85 83 85 156 140 126 112 99 87 78 72 69 71 150 134 118 103 89 76 66 58 55 58 145 129 112 97 81 67 54 45 42 45 142 125 108 91 75 59 45 33 28 33 140 122 105 88 71 54 38 23 14 23 139 122 104 87 70 52 35 18 0 18 140 122 105 88 71 54 38 23 14 23
90 149 90 98 152 92 109 55 118 81 65 142 76 89 106 128 131 127 55 69 97 139 96 104 134 81 56 95 126 78 56 138 131 96 53 143 131 130 53 82 192 178 165 152 141 131 122 116 112 110 184 170 156 143 130 119 110 103 98 96 177 162 148 134 120 108 98 90 85 83 171 155 140 125 111 98 87 77 71 69 166 150 134 118 103 89 76 65 58 55 162 145 129 112 96 81 67 54 45 42 159 142 125 108 91 75 59 45 33 28 157 140 122 105 88 71 54 38 23 14 156 139 122 104 87 70 52 35 18 0 157 140 122 105 88 71 54 38 23 14
85 101 93 113 100 93 99 115 122 129 153 99 113 114 129 121 132 102 159 96 85 102 101 112 96 106 141 114 125 129 149 105 131 112 123 112 130 100 161 113 129 130 133 138 145 154 164 176 188 201 115 116 119 125 133 143 154 166 179 192 100 102 106 112 121 132 144 156 170 184 86 88 93 100 110 122 134 148 162 177 72 74 80 88 99 112 126 140 156 171 58 60 67 77 90 104 119 134 150 166 43 47 55 68 82 97 113 129 145 162 29 34 45 60 75 91 108 125 142 159 15 23 38 54 71 88 105 122 140 157 0 18 35 52 70 87 104 122 139 156
71 97 79 101 96 80 89 99 113 115 138 94 99 101 118 113 124 94 143 80 72 97 89 101 90 92 126 101 116 116 133 98 123 100 107 106 121 92 145 99 130 128 129 132 138 145 154 164 175 187 116 114 115 119 125 133 142 153 165 178 102 100 101 105 112 121 131 143 156 170 88 86 87 92 100 110 121 134 148 162 74 72 73 79 88 99 112 126 140 155 60 57 60 67 77 90 104 118 134 150 47 43 46 55 67 82 97 112 129 145 34 29 34 45 60 75 91 108 125 142 23 15 23 38 54 71 88 105 122 140 18 0 18 35 52 70 87 104 122 139
58 96 67 91 96 69 81 83 105 103 124 92 86 90 109 107 117 89 128 65 61 94 79 91 86 80 111 91 109 103 118 95 117 90 92 103 115 88 130 87 133 129 128 129 132 137 144 153 163 175 119 115 114 115 118 124 132 142 153 165 106 101 99 101 105 112 121 131 143 156 93 87 85 87 92 99 109 121 134 148 80 73 71 73 79 88 99 112 126 140 67 60 57 60 67 77 90 104 118 134 55 46 43 46 55 67 81 97 112 129 45 34 29 34 45 60 75 91 108 125 38 23 15 23 38 54 71 88 105 122 35 18 0 18 35 52 70 87 104 122
49 98 59 83 99 61 76 69 100 92 110 93 75 81 101 104 114 87 114 51 54 94 71 85 86 69 97 83 105 92 104 95 113 82 77 103 112 87 115 77 138 132 129 127 128 131 137 144 153 163 125 119 115 113 114 118 124 132 141 152 112 105 101 99 100 105 111 120 131 143 100 92 87 85 87 91 99 109 121 134 88 79 73 71 73 79 88 99 112 125 77 67 60 57 59 66 77 89 103 118 68 55 46 43 46 55 67 81 97 112 60 45 34 29 33 45 59 75 91 108 54 38 23 15 23 38 54 71 88 105 52 35 18 0 18 35 52 70 87 104
45 103 54 78 104 56 75 55 98 83 98 97 66 74 96 103 112 89 101 40 52 97 67 82 90 62 84 78 104 83 91 98 112 77 64 106 110 89 102 69 145 138 132 128 127 127 131 136 143 152 133 125 118 114 113 114 117 123 131 141 121 112 105 100 99 100 104 111 120 130 110 100 92 87 85 86 91 99 109 120 99 88 79 73 71 73 78 87 99 111 90 77 67 59 57 59 66 77 89 103 82 67 55 46 43 46 55 67 81 96 75 60 45 33 29 33 45 59 75 91 71 54 38 23 15 23 38 54 71 88 70 52 35 18 0 18 35 52 70 87
47 111 55 78 112 58 78 45 99 78 88 104 61 72 95 105 114 94 89 34 55 104 68 82 96 59 74 76 106 76 80 104 113 76 53 111 112 95 89 66 154 145 137 131 127 126 127 130 135 143 143 133 124 118 114 112 113 117 123 131 132 121 112 105 100 98 99 104 110 119 122 110 99 91 86 84 86 91 98 108 112 99 88 79 73 70 72 78 87 98 104 90 77 66 59 56 59 66 76 89 97 82 67 55 46 42 46 55 67 81 91 75 60 45 33 28 33 45 59 75 88 71 54 38 23 14 23 38 54 71 87 70 52 35 18 0 18 35 52 70
56 120 61 80 122 63 84 40 102 76 80 113 61 73 96 110 117 102 78 37 64 112 72 86 105 60 66 79 110 74 71 112 117 78 47 119 116 103 78 66 164 154 144 137 131 127 125 126 130 135 154 142 132 124 117 113 112 113 116 122 144 131 121 111 104 99 98 99 103 110 134 121 109 99 91 86 84 85 90 98 126 112 99 88 78 72 70 72 78 87 119 104 90 77 66 59 56 59 66 76 113 97 81 67 55 46 42 46 54 67 108 91 75 59 45 33 28 33 45 59 105 88 71 54 38 23 14 23 38 54 104 87 70 52 35 18 0 18 35 52
67 131 71 87 134 73 93 42 109 78 75 124 65 79 101 118 124 111 71 46 75 123 81 93 116 67 62 85 117 75 66 122 123 85 46 129 123 113 70 72 176 164 153 144 136 130 126 125 126 129 166 153 142 132 123 117 113 111 112 116 156 143 131 120 111 104 99 97 99 103 148 134 121 109 99 91 85 83 85 90 140 126 112 99 87 78 72 70 72 77 134 118 104 89 77 66 59 56 58 65 129 112 97 81 67 55 46 42 45 54 125 108 91 75 59 45 33 28 33 45 122 105 88 71 54 38 23 14 23 38 122 104 87 70 52 35 18 0 18 35
81 144 83 96 147 85 104 50 118 83 75 137 74 87 108 127 132 123 68 60 88 135 92 102 128 77 63 94 126 81 65 133 131 94 52 140 131 125 66 80 188 175 163 153 143 135 130 126 124 125 179 165 153 141 131 123 116 112 110 112 170 156 143 131 120 110 103 99 97 98 162 148 134 121 109 98 90 85 83 85 156 140 126 112 99 87 78 72 69 71 150 134 118 103 89 76 66 58 55 58 145 129 112 97 81 67 54 45 42 45 142 125 108 91 75 59 45 33 28 33 140 122 105 88 71 54 38 23 14 23 139 122 104 87 70 52 35 18 0 18
96 157 97 107 160 99 117 62 128 92 78 150 85 98 117 138 142 136 69 74 103 148 104 114 142 89 68 105 136 89 68 146 141 105 62 152 141 138 66 92 201 187 175 163 152 143 135 129 125 124 192 178 165 152 141 131 122 116 112 110 184 170 156 143 130 119 110 103 98 96 177 162 148 134 120 108 98 90 85 83 171 155 140 125 111 98 87 77 71 69 166 150 134 118 103 89 76 65 58 55 162 145 129 112 96 81 67 54 45 42 159 142 125 108 91 75 59 45 33 28 157 140 122 105 88 71 54 38 23 14 156 139 122 104 87 70 52 35 18 0
