0 37 61 39 69 21 32 67 26 77 65 52 10 11 27 54 23 30 32 17 25 29 59 43 79 72 29 71 18 73 37 72 11 23 40 33 18 26 22 15 76 63 52 46 46 52 63 76 90 105 68 54 41 32 32 41 53 68 84 100 63 47 31 19 19 31 47 63 80 97 61 44 27 9 10 27 44 61 78 96 62 45 29 15 15 29 45 62 79 96 66 51 37 27 27 37 51 66 82 99 73 59 48 41 41 48 59 73 88 103 82 70 60 55 55 60 69 81 95 109 92 81 73 69 69 73 81 91 103 117 103 93 87 83 83 86 93 102 113 125
37 0 96 54 104 57 38 103 62 113 101 84 45 44 12 88 54 66 60 21 52 9 94 80 113 107 26 107 54 110 70 109 47 58 11 69 48 62 51 48 47 41 42 49 61 74 89 105 121 138 36 27 28 38 52 68 84 101 117 134 27 14 16 31 47 64 81 98 115 132 25 8 11 28 46 63 80 97 115 132 30 19 20 33 48 65 82 99 116 133 40 32 33 42 55 70 86 102 119 135 52 46 47 53 64 77 92 107 123 139 65 60 61 66 75 86 99 114 129 144 78 74 75 79 86 96 108 121 136 150 92 88 89 92 99 107 118 130 144 158
61 96 0 59 9 42 87 14 43 36 10 19 52 53 88 9 59 41 40 77 47 88 3 23 18 11 88 21 44 36 28 35 51 39 101 30 62 46 47 49 137 122 109 97 87 80 76 75 79 86 129 114 100 87 76 67 62 62 66 74 123 107 92 78 65 54 48 48 53 64 118 102 86 70 55 43 35 34 42 54 115 98 81 65 48 33 22 21 32 47 114 96 79 62 45 28 11 10 26 43 114 97 80 62 45 29 13 12 27 44 116 99 82 66 50 35 25 24 34 49 119 103 87 72 58 46 38 38 45 56 125 109 94 80 67 57 52 51 57 66
39 54 59 0 65 41 69 70 51 88 67 41 35 30 51 50 57 53 20 42 19 49 57 54 72 69 62 77 38 86 32 85 36 35 63 45 55 53 21 29 100 92 86 83 84 88 96 105 117 130 89 79 72 69 70 75 84 95 108 121 79 67 59 55 57 63 73 85 99 114 69 56 46 41 43 51 63 77 92 108 62 47 34 27 30 41 55 71 87 104 57 41 25 13 19 34 50 67 84 101 56 39 21 5 14 32 49 66 83 101 58 42 27 17 21 35 51 68 85 102 64 49 37 31 33 44 57 73 89 105 72 59 49 45 47 54 66 79 94 110
69 104 9 65 0 50 94 13 51 34 10 25 60 61 96 17 66 48 48 85 55 96 11 30 10 5 96 20 52 36 36 35 59 47 109 38 70 53 55 57 145 130 117 105 94 86 80 78 80 86 137 122 108 95 83 73 67 65 67 74 131 115 100 86 72 61 54 51 54 62 126 110 94 78 63 50 41 37 41 51 123 106 89 73 56 41 29 23 30 43 121 104 87 69 52 35 19 9 21 37 121 104 86 69 52 35 18 5 19 36 122 105 88 71 55 39 25 19 27 41 125 109 92 76 61 47 37 33 38 49 130 114 98 83 70 58 50 47 50 59
21 57 42 41 50 0 46 47 11 57 45 36 13 16 47 35 21 13 25 37 22 49 39 23 60 52 47 51 3 54 23 53 10 7 60 13 22 13 20 14 95 81 68 58 52 51 56 65 77 91 88 73 58 46 38 37 44 55 69 84 83 67 51 36 25 24 33 47 63 80 81 63 46 29 14 11 26 43 60 77 80 63 46 29 13 9 25 42 59 77 83 66 50 35 23 21 32 46 62 79 87 72 57 44 36 35 42 54 68 84 94 79 66 56 49 49 54 63 76 90 102 89 77 68 63 63 67 75 85 98 111 99 89 81 77 76 80 86 96 107
32 38 87 69 94 46 0 89 44 92 88 81 40 42 28 80 30 47 63 30 56 33 84 65 104 96 13 90 45 87 67 87 40 51 32 57 25 42 54 46 54 38 23 15 23 38 54 71 88 105 52 35 18 1 18 35 52 70 87 104 54 38 23 14 22 38 54 71 88 105 59 45 33 28 33 45 59 75 91 108 67 55 46 42 46 55 67 81 96 112 77 66 59 56 59 66 76 89 103 118 88 79 73 70 72 78 87 98 111 125 100 92 86 85 86 91 99 109 120 133 112 105 100 99 100 104 111 120 130 142 125 118 114 113 114 117 123 131 141 152
67 103 14 70 13 47 89 0 45 22 4 32 58 60 94 21 60 42 51 83 57 95 14 24 21 11 92 8 49 23 39 23 56 46 106 34 64 47 56 56 140 125 111 98 86 76 69 66 68 73 134 119 103 89 75 64 56 52 54 61 130 113 97 81 67 53 43 39 41 50 126 109 92 76 60 44 31 25 29 41 124 107 90 72 55 39 22 11 19 35 124 106 89 72 55 37 20 4 16 33 125 108 91 74 57 41 26 18 24 37 128 111 94 78 63 49 37 32 35 45 132 116 100 85 71 59 49 45 48 56 137 122 107 93 81 70 62 59 61 67
26 62 43 51 51 11 44 45 0 51 44 42 21 25 52 38 16 4 34 42 33 54 40 21 60 52 48 47 13 48 30 47 19 17 64 15 20 3 30 24 96 81 67 55 46 42 46 55 67 82 91 75 59 45 33 28 34 45 60 75 88 71 54 37 22 14 23 38 55 71 87 69 52 35 17 1 18 36 53 70 88 71 54 37 22 14 23 38 55 71 91 75 59 45 33 28 33 45 60 75 96 81 67 55 46 42 46 55 67 82 103 89 77 66 59 56 59 66 77 89 112 99 88 78 72 70 72 78 87 99 121 109 99 91 86 84 86 91 99 109
77 113 36 88 34 57 92 22 51 0 26 53 70 73 103 41 63 48 68 93 73 105 36 36 39 31 98 15 60 5 56 6 67 59 115 46 69 53 71 69 146 129 114 98 84 70 59 51 49 52 142 125 108 92 76 61 48 38 35 40 139 122 105 88 71 55 39 26 21 29 137 120 103 85 68 51 34 17 8 21 137 120 103 85 68 51 34 17 8 21 139 122 105 88 71 55 39 26 21 29 142 125 108 92 76 61 48 38 35 40 146 129 114 98 84 70 59 51 49 52 151 135 120 106 92 81 71 65 62 65 157 142 128 115 102 92 83 78 76 78
65 101 10 67 10 45 88 4 44 26 0 28 56 58 92 17 59 41 48 81 54 93 11 23 19 9 91 12 47 27 35 26 55 44 105 33 63 46 53 54 139 124 110 97 86 77 71 69 71 77 133 117 102 88 75 65 57 55 58 65 128 111 95 80 66 53 44 41 45 54 124 107 90 74 58 44 32 27 33 45 121 104 87 70 53 37 21 13 23 38 121 103 86 69 52 34 17 2 19 36 122 105 87 70 54 37 23 15 24 39 124 107 91 75 59 45 34 29 34 46 128 112 96 81 67 55 46 43 47 56 134 118 103 89 77 66 59 57 59 67
52 84 19 41 25 36 81 32 42 53 28 0 43 43 77 12 56 41 25 66 33 77 18 27 31 29 81 39 37 52 16 52 42 31 90 28 58 44 34 38 127 115 103 94 87 83 82 86 92 101 119 105 92 82 74 69 69 72 80 90 111 96 82 70 61 55 55 60 69 81 105 89 74 60 49 42 41 47 59 72 100 84 67 52 38 28 28 37 50 65 97 80 63 46 30 16 15 28 45 61 97 79 62 45 27 10 8 26 43 60 98 81 64 47 32 19 18 30 46 62 101 85 69 54 41 32 31 39 52 67 106 91 76 63 52 45 45 51 61 74
10 45 52 35 60 13 40 58 21 70 56 43 0 5 36 45 23 24 24 25 18 37 50 35 70 63 38 63 10 66 28 65 3 13 49 25 21 21 16 7 85 72 61 53 51 54 62 74 87 102 77 63 50 40 37 41 52 65 80 96 72 56 40 28 23 30 43 58 75 91 69 51 35 18 9 21 38 55 72 89 68 51 34 17 7 20 37 54 72 89 71 55 39 26 20 28 42 58 74 91 76 61 48 38 34 39 50 64 79 95 84 70 59 51 48 52 60 72 86 101 93 81 71 64 62 65 72 82 94 108 103 92 84 78 76 79 84 93 104 116
11 44 53 30 61 16 42 60 25 73 58 43 5 0 35 45 28 28 22 24 14 35 51 38 70 64 39 65 13 69 28 69 7 15 48 27 25 26 12 5 85 73 63 56 55 59 67 78 92 106 77 63 51 43 41 46 56 69 84 100 70 55 40 30 27 34 47 62 79 95 66 49 33 18 13 25 41 58 75 92 65 48 31 14 5 22 40 57 74 91 67 51 35 21 17 28 43 59 76 93 72 57 43 33 31 38 50 64 80 96 79 66 54 47 45 50 59 72 86 101 88 76 66 60 59 62 70 81 94 108 98 87 79 74 73 76 82 92 103 116
27 12 88 51 96 47 28 94 52 103 92 77 36 35 0 80 43 56 54 12 45 5 85 70 105 98 16 98 45 99 62 98 38 49 14 60 37 51 44 40 51 41 37 41 51 64 78 94 110 127 42 29 23 29 42 57 73 90 106 123 36 20 9 19 36 53 70 87 104 122 36 19 6 18 35 52 70 87 104 121 41 27 20 27 40 56 72 89 106 123 49 39 34 38 49 62 77 93 109 126 60 52 49 51 59 71 84 99 114 130 72 65 63 65 71 81 93 106 121 136 85 79 77 79 84 92 103 115 129 143 98 93 91 92 97 104 114 125 137 151
54 88 9 50 17 35 80 21 38 41 17 12 45 45 80 0 53 36 32 69 39 80 7 19 25 20 81 28 37 41 20 40 43 32 93 24 56 40 39 41 129 116 103 92 83 77 74 76 82 90 122 107 93 81 71 63 61 63 69 79 115 100 85 71 59 50 47 49 58 69 110 94 78 62 49 38 33 37 47 61 107 90 73 56 40 26 19 25 39 55 105 88 71 53 36 19 5 18 35 52 106 88 71 54 37 21 10 19 36 52 108 91 74 58 43 30 24 29 41 57 112 96 80 65 52 42 38 41 51 63 117 102 87 74 63 55 51 54 61 72
23 54 59 57 66 21 30 60 16 63 59 56 23 28 43 53 0 18 45 36 40 46 56 37 76 67 35 61 22 59 43 58 22 28 53 30 6 14 37 29 83 67 52 39 31 31 40 54 69 85 79 62 46 30 18 19 32 47 64 81 77 60 43 25 8 10 27 45 62 79 78 61 45 28 15 16 30 46 63 80 82 66 50 37 28 29 38 52 67 84 88 73 59 48 42 42 49 60 74 89 95 81 70 61 56 56 61 70 82 96 104 92 81 74 69 70 74 82 92 104 114 103 94 87 83 83 87 94 103 114 125 114 106 100 97 97 100 106 114 124
30 66 41 53 48 13 47 42 4 48 41 41 24 28 56 36 18 0 36 46 35 57 38 19 58 49 51 44 16 44 30 43 22 18 67 14 22 5 32 27 100 84 70 57 47 42 45 53 65 78 95 78 62 48 35 29 32 42 57 72 91 74 57 41 25 15 20 35 51 68 90 73 56 38 21 4 15 32 49 67 91 74 57 41 25 15 20 35 51 68 94 78 62 47 35 29 32 42 57 72 100 84 70 57 47 42 45 53 65 78 106 92 79 68 60 56 58 64 74 87 115 101 90 80 73 70 71 77 85 96 124 112 101 93 87 84 85 89 97 106
32 60 40 20 48 25 63 51 34 68 48 25 24 22 54 32 45 36 0 43 9 53 38 34 55 51 60 57 23 66 13 66 25 18 67 26 44 36 10 18 105 93 84 77 74 75 80 88 98 110 95 82 72 64 60 61 67 76 88 102 87 73 60 51 46 48 55 66 80 94 80 65 50 39 32 34 44 58 73 89 76 59 43 28 18 22 36 51 68 85 74 57 39 22 6 14 31 48 66 83 75 58 41 24 12 17 33 49 66 84 78 62 46 33 25 28 40 54 70 86 84 69 55 45 39 41 50 62 76 91 91 78 66 57 53 55 61 71 84 98
17 21 77 42 85 37 30 83 42 93 81 66 25 24 12 69 36 46 43 0 34 12 74 60 94 87 21 87 34 89 51 89 27 38 25 49 30 42 33 29 62 51 45 44 50 61 74 88 104 120 53 40 31 30 39 52 67 83 99 116 47 31 18 17 30 45 62 79 96 113 45 27 10 8 26 43 60 77 95 112 47 31 17 16 29 45 62 79 96 113 53 39 30 29 38 51 66 82 99 115 61 50 43 43 49 60 73 88 103 119 72 63 57 57 61 70 82 95 110 125 83 76 71 71 75 82 92 104 117 132 96 89 85 85 88 94 103 114 126 139
25 52 47 19 55 22 56 57 33 73 54 33 18 14 45 39 40 35 9 34 0 45 45 37 63 58 52 63 20 70 19 69 19 17 58 28 38 34 3 11 96 85 76 70 68 71 77 87 99 112 87 74 63 56 54 58 66 77 90 104 79 64 52 43 40 45 55 68 82 98 72 56 42 30 26 33 45 60 76 93 68 51 35 20 12 23 39 56 73 90 67 50 33 16 4 20 37 55 72 89 69 53 37 23 17 26 41 57 74 91 74 59 45 34 31 37 48 62 78 94 81 67 56 47 45 49 58 70 84 100 90 77 67 61 59 62 69 80 92 106
29 9 88 49 96 49 33 95 54 105 93 77 37 35 5 80 46 57 53 12 45 0 86 71 105 99 21 99 46 101 62 100 39 50 15 61 40 53 44 40 53 44 41 45 55 68 82 98 113 130 43 31 27 33 45 60 76 93 109 126 36 20 13 23 39 56 73 90 107 124 33 16 3 20 37 54 72 89 106 123 37 23 17 25 40 57 73 90 107 124 45 34 31 36 48 62 78 94 110 127 56 48 45 49 58 70 84 99 115 131 68 61 59 62 69 80 92 106 121 136 80 75 73 75 81 90 102 114 128 143 94 89 87 89 94 102 112 124 136 150
59 94 3 57 11 39 84 14 40 36 11 18 50 51 85 7 56 38 38 74 45 86 0 20 21 14 86 22 41 36 26 35 48 37 98 27 59 43 45 46 134 120 106 95 85 77 74 74 78 85 127 112 97 84 73 64 60 60 65 74 120 105 89 75 62 52 46 46 53 64 116 99 83 67 53 40 32 33 42 55 113 96 79 62 46 30 19 20 33 48 112 94 77 60 42 25 8 11 28 45 112 95 78 61 44 27 13 15 30 46 114 97 81 64 49 35 26 27 37 51 118 102 86 71 57 46 39 40 47 59 123 108 93 80 67 58 53 53 59 69
43 80 23 54 30 23 65 24 21 36 23 27 35 38 70 19 37 19 34 60 37 71 20 0 40 31 68 28 26 33 23 33 33 23 83 11 40 24 36 34 117 102 88 75 65 58 56 59 67 78 111 95 80 66 53 45 42 46 56 68 106 89 73 58 43 32 28 34 46 61 103 86 69 52 36 21 14 24 40 56 102 85 68 50 33 16 3 20 37 54 103 86 69 52 36 21 15 24 40 56 106 90 73 58 43 32 29 34 47 61 111 95 80 66 54 45 42 47 56 69 117 102 88 76 65 58 56 59 67 78 124 110 98 87 78 72 70 73 79 88
79 113 18 72 10 60 104 21 60 39 19 31 70 70 105 25 76 58 55 94 63 105 21 40 0 10 106 25 62 41 44 41 68 57 118 48 79 63 63 66 154 140 127 115 104 95 89 86 86 90 147 132 118 104 93 83 76 72 73 77 140 125 110 95 82 71 63 58 59 65 135 119 103 87 73 60 50 45 46 53 131 114 97 81 65 51 38 31 33 42 128 111 94 77 60 44 29 18 21 34 127 110 93 75 58 41 23 7 13 30 128 110 93 76 59 42 26 13 17 32 130 113 96 79 63 48 34 26 28 39 133 117 101 85 70 57 46 40 41 49
72 107 11 69 5 52 96 11 52 31 9 29 63 64 98 20 67 49 51 87 58 99 14 31 10 0 98 17 54 33 39 33 61 50 111 40 71 54 58 59 146 132 118 106 95 86 79 77 78 83 140 124 110 96 84 73 66 63 64 70 134 118 102 87 74 62 53 49 51 58 129 113 96 80 65 52 41 35 38 47 126 109 92 75 59 43 29 22 26 39 125 107 90 73 56 38 22 8 17 33 124 107 90 73 56 38 22 8 17 33 126 109 92 75 59 43 29 21 26 38 129 113 96 80 65 51 40 35 38 47 134 118 102 87 74 62 53 49 51 58
29 26 88 62 96 47 13 92 48 98 91 81 38 39 16 81 35 51 60 21 52 21 86 68 106 98 0 95 45 94 66 93 39 50 20 59 30 46 50 44 49 35 25 25 35 50 66 82 99 116 44 27 12 13 28 45 62 79 97 114 44 26 10 11 28 45 62 79 96 114 48 33 22 22 33 48 65 81 98 115 55 43 35 35 43 56 70 86 102 118 65 55 49 49 55 65 78 92 107 123 76 68 63 63 68 76 87 100 114 129 88 81 77 77 81 88 98 109 122 136 101 94 91 91 94 100 109 119 131 144 114 108 105 105 108 113 121 130 141 153
71 107 21 77 20 51 90 8 47 15 12 39 63 65 98 28 61 44 57 87 63 99 22 28 25 17 95 0 53 17 45 16 61 51 110 39 66 49 62 61 143 128 113 99 86 75 66 62 62 67 138 122 106 91 76 64 54 48 48 54 134 117 100 84 69 54 42 34 35 43 131 114 97 80 63 47 32 21 22 34 129 112 95 78 60 43 26 10 12 28 130 112 95 78 61 44 27 12 13 29 131 114 97 81 64 48 34 24 25 35 134 118 101 86 70 56 44 37 38 45 139 123 107 92 78 66 56 51 51 57 145 129 115 101 88 77 69 65 65 69
18 54 44 38 52 3 45 49 13 60 47 37 10 13 45 37 22 16 23 34 20 46 41 26 62 54 45 53 0 57 23 56 8 7 58 15 22 15 18 11 93 79 67 57 52 52 58 68 80 94 86 71 57 45 38 38 46 58 72 87 81 64 49 34 25 25 36 50 66 83 78 61 44 27 12 14 29 46 63 80 78 60 43 26 10 11 28 45 62 80 80 63 47 32 21 22 34 49 65 82 84 69 54 42 35 35 43 56 70 86 91 77 64 54 48 49 55 65 78 92 99 86 75 67 62 62 67 76 87 100 109 97 87 80 76 76 80 87 97 109
73 110 36 86 36 54 87 23 48 5 27 52 66 69 99 41 59 44 66 89 70 101 36 33 41 33 94 17 57 0 55 1 64 56 111 43 64 49 69 66 141 125 109 94 79 65 54 47 46 51 137 121 104 88 72 57 43 34 32 39 135 118 101 84 67 50 35 22 19 29 134 116 99 82 64 47 30 13 7 23 134 117 99 82 65 48 31 16 12 25 136 119 102 85 69 53 38 27 25 33 139 122 106 90 75 60 48 40 38 44 143 127 112 97 83 70 60 53 52 56 149 134 119 105 92 81 72 67 66 69 156 141 127 114 103 93 85 80 80 82
37 70 28 32 36 23 67 39 30 56 35 16 28 28 62 20 43 30 13 51 19 62 26 23 44 39 66 45 23 55 0 54 27 17 75 18 44 32 19 23 112 100 88 80 74 72 74 80 89 100 104 90 77 67 60 58 61 68 78 91 96 81 67 55 47 44 47 57 69 83 91 75 59 45 34 30 35 47 61 77 87 70 54 37 23 16 25 39 56 72 86 69 51 34 17 2 19 36 54 71 87 70 53 36 21 13 23 38 55 72 90 74 58 43 32 27 33 45 60 76 95 80 66 53 44 41 45 54 67 81 102 88 75 65 57 55 58 65 76 89
72 109 35 85 35 53 87 23 47 6 26 52 65 69 98 40 58 43 66 89 69 100 35 33 41 33 93 16 56 1 54 0 63 55 110 43 64 48 68 65 141 124 108 93 78 65 54 47 46 51 137 120 103 87 71 56 43 34 32 39 134 117 100 83 66 50 34 21 19 30 133 116 98 81 64 46 29 12 8 24 133 116 99 82 64 47 31 16 12 26 135 118 101 84 68 52 38 27 25 34 138 122 105 89 74 60 48 40 39 45 143 127 111 96 82 70 59 53 52 57 149 133 118 104 92 80 72 67 66 70 155 141 127 114 102 92 85 80 80 83
11 47 51 36 59 10 40 56 19 67 55 42 3 7 38 43 22 22 25 27 19 39 48 33 68 61 39 61 8 64 27 63 0 12 51 23 20 19 16 8 86 73 61 53 50 53 60 72 85 99 79 64 51 40 36 40 50 63 78 93 74 57 42 29 22 28 41 56 72 89 71 53 36 20 8 19 35 52 70 87 71 53 36 19 7 18 35 52 69 87 73 57 41 28 21 27 40 56 72 89 78 63 50 39 35 39 49 62 77 93 86 72 61 52 49 52 60 71 84 99 95 82 72 66 63 65 71 81 93 106 105 94 85 79 77 79 84 92 103 115
23 58 39 35 47 7 51 46 17 59 44 31 13 15 49 32 28 18 18 38 17 50 37 23 57 50 50 51 7 56 17 55 12 0 62 13 28 19 15 11 98 84 72 63 58 57 62 71 82 95 90 76 62 51 44 43 49 60 73 88 85 69 53 40 31 30 38 51 66 82 81 64 47 31 18 17 29 45 62 79 79 62 45 28 10 8 25 43 60 77 81 64 47 31 17 16 29 45 61 78 84 68 53 39 30 29 37 51 66 82 90 75 61 50 43 43 49 59 73 88 97 84 72 62 57 56 61 70 81 95 106 94 83 75 71 70 74 81 91 103
40 11 101 63 109 60 32 106 64 115 105 90 49 48 14 93 53 67 67 25 58 15 98 83 118 111 20 110 58 111 75 110 51 62 0 72 47 63 57 53 39 31 31 41 54 69 85 102 118 135 29 17 19 32 48 65 81 99 116 133 25 7 11 28 45 63 80 97 115 132 28 16 17 31 47 64 81 98 115 133 37 29 30 39 53 68 85 101 118 135 49 43 43 50 62 75 90 106 122 138 62 57 57 63 72 84 97 112 127 143 75 71 71 76 83 94 106 120 134 149 88 85 85 89 96 105 116 128 142 156 102 99 99 102 108 116 126 138 150 164
33 69 30 45 38 13 57 34 15 46 33 28 25 27 60 24 30 14 26 49 28 61 27 11 48 40 59 39 15 43 18 43 23 13 72 0 32 17 26 23 107 93 80 68 60 56 57 63 73 85 101 85 70 57 47 42 43 51 63 77 96 79 63 48 35 28 30 41 55 70 93 75 59 42 26 14 19 33 50 66 92 74 57 40 22 5 13 31 48 65 93 76 59 42 27 16 20 34 50 67 96 80 64 49 37 30 32 42 56 71 101 86 71 59 48 43 45 52 64 78 108 94 81 70 61 57 58 64 74 86 116 103 91 81 74 71 72 77 85 96
18 48 62 55 70 22 25 64 20 69 63 58 21 25 37 56 6 22 44 30 38 40 59 40 79 71 30 66 22 64 44 64 20 28 47 32 0 18 36 28 78 62 48 36 31 34 45 59 74 90 74 57 40 26 17 23 37 53 70 87 72 54 37 20 3 16 33 50 68 85 73 56 39 23 13 20 35 52 69 86 76 60 45 33 26 31 42 57 72 89 82 68 55 45 40 43 52 64 79 94 90 77 66 58 54 56 63 74 86 100 99 88 78 71 68 70 76 84 96 108 110 99 91 85 82 84 88 96 106 118 121 111 104 99 96 97 101 108 117 128
26 62 46 53 53 13 42 47 3 53 46 44 21 26 51 40 14 5 36 42 34 53 43 24 63 54 46 49 15 49 32 48 19 19 63 17 18 0 32 25 95 79 65 52 43 40 44 54 66 81 90 73 57 43 31 26 32 44 59 75 87 70 53 36 20 12 22 38 55 72 86 69 51 34 17 3 19 36 54 71 87 71 54 38 24 17 25 40 56 73 91 75 60 46 35 31 36 47 61 77 97 82 68 56 48 45 48 57 69 83 104 90 78 68 61 59 61 69 79 91 113 100 89 80 75 73 75 81 90 101 123 111 101 93 88 87 88 93 101 111
22 51 47 21 55 20 54 56 30 71 53 34 16 12 44 39 37 32 10 33 3 44 45 36 63 58 50 62 18 69 19 68 16 15 57 26 36 32 0 9 95 83 74 68 66 68 75 85 96 110 86 73 62 54 52 55 63 74 88 102 78 63 50 41 38 42 52 66 80 96 72 56 41 29 24 30 43 59 75 92 69 52 35 19 10 22 38 55 72 89 68 51 34 17 6 20 37 54 71 89 71 54 39 25 19 27 41 57 74 91 76 61 47 37 33 38 49 63 78 94 83 69 58 50 47 51 60 71 85 100 92 80 70 63 61 64 71 81 93 107
15 48 49 29 57 14 46 56 24 69 54 38 7 5 40 41 29 27 18 29 11 40 46 34 66 59 44 61 11 66 23 65 8 11 53 23 28 25 9 0 90 77 67 60 58 60 68 78 91 105 82 67 55 47 44 47 56 68 83 98 75 59 45 34 30 35 46 61 76 93 71 54 37 23 16 24 39 55 72 89 69 52 34 17 2 19 36 53 71 88 70 53 37 21 13 23 38 55 72 89 74 58 44 32 27 33 45 60 76 92 80 66 54 45 41 45 55 67 81 97 89 76 65 58 55 58 66 76 89 103 98 87 78 72 69 72 78 87 98 111
76 47 137 100 145 95 54 140 96 146 139 127 85 85 51 129 83 100 105 62 96 53 134 117 154 146 49 143 93 141 112 141 86 98 39 107 78 95 95 90 0 18 35 52 70 87 104 122 139 156 15 23 38 54 71 88 105 122 140 157 29 34 45 60 75 91 108 125 142 159 43 47 55 68 82 97 113 129 145 162 58 60 67 77 90 104 119 134 150 166 72 74 80 88 99 112 126 140 156 171 86 88 93 100 110 122 134 148 162 177 100 102 106 112 121 132 144 156 170 184 115 116 119 125 133 143 154 166 179 192 129 130 133 138 145 154 164 176 188 201
63 41 122 92 130 81 38 125 81 129 124 115 72 73 41 116 67 84 93 51 85 44 120 102 140 132 35 128 79 125 100 124 73 84 31 93 62 79 83 77 18 0 18 35 52 70 87 104 122 139 23 15 23 38 54 71 88 105 122 140 34 29 34 45 60 75 91 108 125 142 47 43 46 55 67 82 97 112 129 145 60 57 60 67 77 90 104 118 134 150 74 72 73 79 88 99 112 126 140 155 88 86 87 92 100 110 121 134 148 162 102 100 101 105 112 121 131 143 156 170 116 114 115 119 125 133 142 153 165 178 130 128 129 132 138 145 154 164 175 187
52 42 109 86 117 68 23 111 67 114 110 103 61 63 37 103 52 70 84 45 76 41 106 88 127 118 25 113 67 109 88 108 61 72 31 80 48 65 74 67 35 18 0 18 35 52 70 87 104 122 38 23 15 23 38 54 71 88 105 122 45 34 29 34 45 60 75 91 108 125 55 46 43 46 55 67 81 97 112 129 67 60 57 60 67 77 90 104 118 134 80 73 71 73 79 88 99 112 126 140 93 87 85 87 92 99 109 121 134 148 106 101 99 101 105 112 121 131 143 156 119 115 114 115 118 124 132 142 153 165 133 129 128 129 132 137 144 153 163 175
46 49 97 83 105 58 15 98 55 98 97 94 53 56 41 92 39 57 77 44 70 45 95 75 115 106 25 99 57 94 80 93 53 63 41 68 36 52 68 60 52 35 18 0 18 35 52 70 87 104 54 38 23 15 23 38 54 71 88 105 60 45 34 29 33 45 59 75 91 108 68 55 46 43 46 55 67 81 97 112 77 67 60 57 59 66 77 89 103 118 88 79 73 71 73 79 88 99 112 125 100 92 87 85 87 91 99 109 121 134 112 105 101 99 100 105 111 120 131 143 125 119 115 113 114 118 124 132 141 152 138 132 129 127 128 131 137 144 153 163
46 61 87 84 94 52 23 86 46 84 86 87 51 55 51 83 31 47 74 50 68 55 85 65 104 95 35 86 52 79 74 78 50 58 54 60 31 43 66 58 70 52 35 18 0 18 35 52 70 87 71 54 38 23 15 23 38 54 71 88 75 60 45 33 29 33 45 59 75 91 82 67 55 46 43 46 55 67 81 96 90 77 67 59 57 59 66 77 89 103 99 88 79 73 71 73 78 87 99 111 110 100 92 87 85 86 91 99 109 120 121 112 105 100 99 100 104 111 120 130 133 125 118 114 113 114 117 123 131 141 145 138 132 128 127 127 131 136 143 152
52 74 80 88 86 51 38 76 42 70 77 83 54 59 64 77 31 42 75 61 71 68 77 58 95 86 50 75 52 65 72 65 53 57 69 56 34 40 68 60 87 70 52 35 18 0 18 35 52 70 88 71 54 38 23 14 23 38 54 71 91 75 60 45 33 28 33 45 59 75 97 82 67 55 46 42 46 55 67 81 104 90 77 66 59 56 59 66 76 89 112 99 88 79 73 70 72 78 87 98 122 110 99 91 86 84 86 91 98 108 132 121 112 105 100 98 99 104 110 119 143 133 124 118 114 112 113 117 123 131 154 145 137 131 127 126 127 130 135 143
63 89 76 96 80 56 54 69 46 59 71 82 62 67 78 74 40 45 80 74 77 82 74 56 89 79 66 66 58 54 74 54 60 62 85 57 45 44 75 68 104 87 70 52 35 18 0 18 35 52 105 88 71 54 38 23 14 23 38 54 108 91 75 59 45 33 28 33 45 59 113 97 81 67 55 46 42 46 54 67 119 104 90 77 66 59 56 59 66 76 126 112 99 88 78 72 70 72 78 87 134 121 109 99 91 86 84 85 90 98 144 131 121 111 104 99 98 99 103 110 154 142 132 124 117 113 112 113 116 122 164 154 144 137 131 127 125 126 130 135
76 105 75 105 78 65 71 66 55 51 69 86 74 78 94 76 54 53 88 88 87 98 74 59 86 77 82 62 68 47 80 47 72 71 102 63 59 54 85 78 122 104 87 70 52 35 18 0 18 35 122 105 88 71 54 38 23 14 23 38 125 108 91 75 59 45 33 28 33 45 129 112 97 81 67 55 46 42 45 54 134 118 104 89 77 66 59 56 58 65 140 126 112 99 87 78 72 70 72 77 148 134 121 109 99 91 85 83 85 90 156 143 131 120 111 104 99 97 99 103 166 153 142 132 123 117 113 111 112 116 176 164 153 144 136 130 126 125 126 129
90 121 79 117 80 77 88 68 67 49 71 92 87 92 110 82 69 65 98 104 99 113 78 67 86 78 99 62 80 46 89 46 85 82 118 73 74 66 96 91 139 122 104 87 70 52 35 18 0 18 140 122 105 88 71 54 38 23 14 23 142 125 108 91 75 59 45 33 28 33 145 129 112 97 81 67 54 45 42 45 150 134 118 103 89 76 66 58 55 58 156 140 126 112 99 87 78 72 69 71 162 148 134 121 109 98 90 85 83 85 170 156 143 131 120 110 103 99 97 98 179 165 153 141 131 123 116 112 110 112 188 175 163 153 143 135 130 126 124 125
105 138 86 130 86 91 105 73 82 52 77 101 102 106 127 90 85 78 110 120 112 130 85 78 90 83 116 67 94 51 100 51 99 95 135 85 90 81 110 105 156 139 122 104 87 70 52 35 18 0 157 140 122 105 88 71 54 38 23 14 159 142 125 108 91 75 59 45 33 28 162 145 129 112 96 81 67 54 45 42 166 150 134 118 103 89 76 65 58 55 171 155 140 125 111 98 87 77 71 69 177 162 148 134 120 108 98 90 85 83 184 170 156 143 130 119 110 103 98 96 192 178 165 152 141 131 122 116 112 110 201 187 175 163 152 143 135 129 125 124
68 36 129 89 137 88 52 134 91 142 133 119 77 77 42 122 79 95 95 53 87 43 127 111 147 140 44 138 86 137 104 137 79 90 29 101 74 90 86 82 15 23 38 54 71 88 105 122 140 157 0 18 35 52 70 87 104 122 139 156 15 23 38 54 71 88 105 122 140 157 29 34 45 60 75 91 108 125 142 159 43 47 55 68 82 97 113 129 145 162 58 60 67 77 90 104 119 134 150 166 72 74 80 88 99 112 126 140 156 171 86 88 93 100 110 122 134 148 162 177 100 102 106 112 121 132 144 156 170 184 115 116 119 125 133 143 154 166 179 192
54 27 114 79 122 73 35 119 75 125 117 105 63 63 29 107 62 78 82 40 74 31 112 95 132 124 27 122 71 121 90 120 64 76 17 85 57 73 73 67 23 15 23 38 54 71 88 105 122 140 18 0 18 35 52 70 87 104 122 139 23 15 23 38 54 71 88 105 122 140 34 29 34 45 60 75 91 108 125 142 47 43 46 55 67 82 97 112 129 145 60 57 60 67 77 90 104 118 134 150 74 72 73 79 88 99 112 126 140 155 88 86 87 92 100 110 121 134 148 162 102 100 101 105 112 121 131 143 156 170 116 114 115 119 125 133 142 153 165 178
41 28 100 72 108 58 18 103 59 108 102 92 50 51 23 93 46 62 72 31 63 27 97 80 118 110 12 106 57 104 77 103 51 62 19 70 40 57 62 55 38 23 15 23 38 54 71 88 105 122 35 18 0 18 35 52 70 87 104 122 38 23 15 23 38 54 71 88 105 122 45 34 29 34 45 60 75 91 108 125 55 46 43 46 55 67 81 97 112 129 67 60 57 60 67 77 90 104 118 134 80 73 71 73 79 88 99 112 126 140 93 87 85 87 92 99 109 121 134 148 106 101 99 101 105 112 121 131 143 156 119 115 114 115 118 124 132 142 153 165
32 38 87 69 95 46 1 89 45 92 88 82 40 43 29 81 30 48 64 30 56 33 84 66 104 96 13 91 45 88 67 87 40 51 32 57 26 43 54 47 54 38 23 15 23 38 54 71 88 105 52 35 18 0 18 35 52 70 87 104 54 38 23 15 23 38 54 71 88 105 60 45 34 29 33 45 59 75 91 108 68 55 46 43 46 55 67 81 97 112 77 67 60 57 59 66 77 89 103 118 88 79 73 71 73 79 88 99 112 125 100 92 87 85 87 91 99 109 121 134 112 105 101 99 100 105 111 120 131 143 125 119 115 113 114 118 124 132 141 152
32 52 76 70 83 38 18 75 33 76 75 74 37 41 42 71 18 35 60 39 54 45 73 53 93 84 28 76 38 72 60 71 36 44 48 47 17 31 52 44 71 54 38 23 15 23 38 54 71 88 70 52 35 18 0 18 35 52 70 87 71 54 38 23 15 23 38 54 71 88 75 60 45 33 29 33 45 59 75 91 82 67 55 46 43 46 55 67 81 96 90 77 67 59 57 59 66 77 89 103 99 88 79 73 71 73 78 87 99 111 110 100 92 87 85 86 91 99 109 120 121 112 105 100 99 100 104 111 120 130 133 125 118 114 113 114 117 123 131 141
41 68 67 75 73 37 35 64 28 61 65 69 41 46 57 63 19 29 61 52 58 60 64 45 83 73 45 64 38 57 58 56 40 43 65 42 23 26 55 47 88 71 54 38 23 14 23 38 54 71 87 70 52 35 18 0 18 35 52 70 88 71 54 38 23 14 23 38 54 71 91 75 60 45 33 28 33 45 59 75 97 82 67 55 46 42 46 55 67 81 104 90 77 66 59 56 59 66 76 89 112 99 88 79 73 70 72 78 87 98 122 110 99 91 86 84 86 91 98 108 132 121 112 105 100 98 99 104 110 119 143 133 124 118 114 112 113 117 123 131
53 84 62 84 67 44 52 56 34 48 57 69 52 56 73 61 32 32 67 67 66 76 60 42 76 66 62 54 46 43 61 43 50 49 81 43 37 32 63 56 105 88 71 54 38 23 14 23 38 54 104 87 70 52 35 18 0 18 35 52 105 88 71 54 38 23 14 23 38 54 108 91 75 59 45 33 28 33 45 59 113 97 81 67 55 46 42 46 54 67 119 104 90 77 66 59 56 59 66 76 126 112 99 88 78 72 70 72 78 87 134 121 109 99 91 86 84 85 90 98 144 131 121 111 104 99 98 99 103 110 154 142 132 124 117 113 112 113 116 122
68 101 62 95 65 55 70 52 45 38 55 72 65 69 90 63 47 42 76 83 77 93 60 46 72 63 79 48 58 34 68 34 63 60 99 51 53 44 74 68 122 105 88 71 54 38 23 14 23 38 122 104 87 70 52 35 18 0 18 35 122 105 88 71 54 38 23 14 23 38 125 108 91 75 59 45 33 28 33 45 129 112 97 81 67 55 46 42 45 54 134 118 104 89 77 66 59 56 58 65 140 126 112 99 87 78 72 70 72 77 148 134 121 109 99 91 85 83 85 90 156 143 131 120 111 104 99 97 99 103 166 153 142 132 123 117 113 111 112 116
84 117 66 108 67 69 87 54 60 35 58 80 80 84 106 69 64 57 88 99 90 109 65 56 73 64 97 48 72 32 78 32 78 73 116 63 70 59 88 83 140 122 105 88 71 54 38 23 14 23 139 122 104 87 70 52 35 18 0 18 140 122 105 88 71 54 38 23 14 23 142 125 108 91 75 59 45 33 28 33 145 129 112 97 81 67 54 45 42 45 150 134 118 103 89 76 66 58 55 58 156 140 126 112 99 87 78 72 69 71 162 148 134 121 109 98 90 85 83 85 170 156 143 131 120 110 103 99 97 98 179 165 153 141 131 123 116 112 110 112
100 134 74 121 74 84 104 61 75 40 65 90 96 100 123 79 81 72 102 116 104 126 74 68 77 70 114 54 87 39 91 39 93 88 133 77 87 75 102 98 157 140 122 105 88 71 54 38 23 14 156 139 122 104 87 70 52 35 18 0 157 140 122 105 88 71 54 38 23 14 159 142 125 108 91 75 59 45 33 28 162 145 129 112 96 81 67 54 45 42 166 150 134 118 103 89 76 65 58 55 171 155 140 125 111 98 87 77 71 69 177 162 148 134 120 108 98 90 85 83 184 170 156 143 130 119 110 103 98 96 192 178 165 152 141 131 122 116 112 110
63 27 123 79 131 83 54 130 88 139 128 111 72 70 36 115 77 91 87 47 79 36 120 106 140 134 44 134 81 135 96 134 74 85 25 96 72 87 78 75 29 34 45 60 75 91 108 125 142 159 15 23 38 54 71 88 105 122 140 157 0 18 35 52 70 87 104 122 139 156 15 23 38 54 71 88 105 122 140 157 29 34 45 60 75 91 108 125 142 159 43 47 55 68 82 97 113 129 145 162 58 60 67 77 90 104 119 134 150 166 72 74 80 88 99 112 126 140 156 171 86 88 93 100 110 122 134 148 162 177 100 102 106 112 121 132 144 156 170 184
47 14 107 67 115 67 38 113 71 122 111 96 56 55 20 100 60 74 73 31 64 20 105 89 125 118 26 117 64 118 81 117 57 69 7 79 54 70 63 59 34 29 34 45 60 75 91 108 125 142 23 15 23 38 54 71 88 105 122 140 18 0 18 35 52 70 87 104 122 139 23 15 23 38 54 71 88 105 122 140 34 29 34 45 60 75 91 108 125 142 47 43 46 55 67 82 97 112 129 145 60 57 60 67 77 90 104 118 134 150 74 72 73 79 88 99 112 126 140 155 88 86 87 92 100 110 121 134 148 162 102 100 101 105 112 121 131 143 156 170
31 16 92 59 100 51 23 97 54 105 95 82 40 40 9 85 43 57 60 18 52 13 89 73 110 102 10 100 49 101 67 100 42 53 11 63 37 53 50 45 45 34 29 34 45 60 75 91 108 125 38 23 15 23 38 54 71 88 105 122 35 18 0 18 35 52 70 87 104 122 38 23 15 23 38 54 71 88 105 122 45 34 29 34 45 60 75 91 108 125 55 46 43 46 55 67 81 97 112 129 67 60 57 60 67 77 90 104 118 134 80 73 71 73 79 88 99 112 126 140 93 87 85 87 92 99 109 121 134 148 106 101 99 101 105 112 121 131 143 156
19 31 78 55 86 36 14 81 37 88 80 70 28 30 19 71 25 41 51 17 43 23 75 58 95 87 11 84 34 84 55 83 29 40 28 48 20 36 41 34 60 45 34 29 33 45 59 75 91 108 54 38 23 15 23 38 54 71 88 105 52 35 18 0 18 35 52 70 87 104 54 38 23 15 23 38 54 71 88 105 60 45 34 29 33 45 59 75 91 108 68 55 46 43 46 55 67 81 97 112 77 67 60 57 59 66 77 89 103 118 88 79 73 71 73 79 88 99 112 125 100 92 87 85 87 91 99 109 121 134 112 105 101 99 100 105 111 120 131 143
19 47 65 57 72 25 22 67 22 71 66 61 23 27 36 59 8 25 46 30 40 39 62 43 82 74 28 69 25 67 47 66 22 31 45 35 3 20 38 30 75 60 45 33 29 33 45 59 75 91 71 54 38 23 15 23 38 54 71 88 70 52 35 18 0 18 35 52 70 87 71 54 38 23 15 23 38 54 71 88 75 60 45 33 29 33 45 59 75 91 82 67 55 46 43 46 55 67 81 96 90 77 67 59 57 59 66 77 89 103 99 88 79 73 71 73 78 87 99 111 110 100 92 87 85 86 91 99 109 120 121 112 105 100 99 100 104 111 120 130
31 64 54 63 61 24 38 53 14 55 53 55 30 34 53 50 10 15 48 45 45 56 52 32 71 62 45 54 25 50 44 50 28 30 63 28 16 12 42 35 91 75 60 45 33 28 33 45 59 75 88 71 54 38 23 14 23 38 54 71 87 70 52 35 18 0 18 35 52 70 88 71 54 38 23 14 23 38 54 71 91 75 60 45 33 28 33 45 59 75 97 82 67 55 46 42 46 55 67 81 104 90 77 66 59 56 59 66 76 89 112 99 88 79 73 70 72 78 87 98 122 110 99 91 86 84 86 91 98 108 132 121 112 105 100 98 99 104 110 119
47 81 48 73 54 33 54 43 23 39 44 55 43 47 70 47 27 20 55 62 55 73 46 28 63 53 62 42 36 35 47 34 41 38 80 30 33 22 52 46 108 91 75 59 45 33 28 33 45 59 105 88 71 54 38 23 14 23 38 54 104 87 70 52 35 18 0 18 35 52 105 88 71 54 38 23 14 23 38 54 108 91 75 59 45 33 28 33 45 59 113 97 81 67 55 46 42 46 54 67 119 104 90 77 66 59 56 59 66 76 126 112 99 88 78 72 70 72 78 87 134 121 109 99 91 86 84 85 90 98 144 131 121 111 104 99 98 99 103 110
63 98 48 85 51 47 71 39 38 26 41 60 58 62 87 49 45 35 66 79 68 90 46 34 58 49 79 34 50 22 57 21 56 51 97 41 50 38 66 61 125 108 91 75 59 45 33 28 33 45 122 105 88 71 54 38 23 14 23 38 122 104 87 70 52 35 18 0 18 35 122 105 88 71 54 38 23 14 23 38 125 108 91 75 59 45 33 28 33 45 129 112 97 81 67 55 46 42 45 54 134 118 104 89 77 66 59 56 58 65 140 126 112 99 87 78 72 70 72 77 148 134 121 109 99 91 85 83 85 90 156 143 131 120 111 104 99 97 99 103
80 115 53 99 54 63 88 41 55 21 45 69 75 79 104 58 62 51 80 96 82 107 53 46 59 51 96 35 66 19 69 19 72 66 115 55 68 55 80 76 142 125 108 91 75 59 45 33 28 33 140 122 105 88 71 54 38 23 14 23 139 122 104 87 70 52 35 18 0 18 140 122 105 88 71 54 38 23 14 23 142 125 108 91 75 59 45 33 28 33 145 129 112 97 81 67 54 45 42 45 150 134 118 103 89 76 66 58 55 58 156 140 126 112 99 87 78 72 69 71 162 148 134 121 109 98 90 85 83 85 170 156 143 131 120 110 103 99 97 98
97 132 64 114 62 80 105 50 71 29 54 81 91 95 122 69 79 68 94 113 98 124 64 61 65 58 114 43 83 29 83 30 89 82 132 70 85 72 96 93 159 142 125 108 91 75 59 45 33 28 157 140 122 105 88 71 54 38 23 14 156 139 122 104 87 70 52 35 18 0 157 140 122 105 88 71 54 38 23 14 159 142 125 108 91 75 59 45 33 28 162 145 129 112 96 81 67 54 45 42 166 150 134 118 103 89 76 65 58 55 171 155 140 125 111 98 87 77 71 69 177 162 148 134 120 108 98 90 85 83 184 170 156 143 130 119 110 103 98 96
61 25 118 69 126 81 59 126 87 137 124 105 69 66 36 110 78 90 80 45 72 33 116 103 135 129 48 131 78 134 91 133 71 81 28 93 73 86 72 71 43 47 55 68 82 97 113 129 145 162 29 34 45 60 75 91 108 125 142 159 15 23 38 54 71 88 105 122 140 157 0 18 35 52 70 87 104 122 139 156 15 23 38 54 71 88 105 122 140 157 29 34 45 60 75 91 108 125 142 159 43 47 55 68 82 97 113 129 145 162 58 60 67 77 90 104 119 134 150 166 72 74 80 88 99 112 126 140 156 171 86 88 93 100 110 122 134 148 162 177
44 8 102 56 110 63 45 109 69 120 107 89 51 49 19 94 61 73 65 27 56 16 99 86 119 113 33 114 61 116 75 116 53 64 16 75 56 69 56 54 47 43 46 55 67 82 97 112 129 145 34 29 34 45 60 75 91 108 125 142 23 15 23 38 54 71 88 105 122 140 18 0 18 35 52 70 87 104 122 139 23 15 23 38 54 71 88 105 122 140 34 29 34 45 60 75 91 108 125 142 47 43 46 55 67 82 97 112 129 145 60 57 60 67 77 90 104 118 134 150 74 72 73 79 88 99 112 126 140 155 88 86 87 92 100 110 121 134 148 162
27 11 86 46 94 46 33 92 52 103 90 74 35 33 6 78 45 56 50 10 42 3 83 69 103 96 22 97 44 99 59 98 36 47 17 59 39 51 41 37 55 46 43 46 55 67 81 97 112 129 45 34 29 34 45 60 75 91 108 125 38 23 15 23 38 54 71 88 105 122 35 18 0 18 35 52 70 87 104 122 38 23 15 23 38 54 71 88 105 122 45 34 29 34 45 60 75 91 108 125 55 46 43 46 55 67 81 97 112 129 67 60 57 60 67 77 90 104 118 134 80 73 71 73 79 88 99 112 126 140 93 87 85 87 92 99 109 121 134 148
9 28 70 41 78 29 28 76 35 85 74 60 18 18 18 62 28 38 39 8 30 20 67 52 87 80 22 80 27 82 45 81 20 31 31 42 23 34 29 23 68 55 46 43 46 55 67 81 97 112 60 45 34 29 33 45 59 75 91 108 54 38 23 15 23 38 54 71 88 105 52 35 18 0 18 35 52 70 87 104 54 38 23 15 23 38 54 71 88 105 60 45 34 29 33 45 59 75 91 108 68 55 46 43 46 55 67 81 97 112 77 67 60 57 59 66 77 89 103 118 88 79 73 71 73 79 88 99 112 125 100 92 87 85 87 91 99 109 121 134
10 46 55 43 63 14 33 60 17 68 58 49 9 13 35 49 15 21 32 26 26 37 53 36 73 65 33 63 12 64 34 64 8 18 47 26 13 17 24 16 82 67 55 46 43 46 55 67 81 96 75 60 45 33 29 33 45 59 75 91 71 54 38 23 15 23 38 54 71 88 70 52 35 18 0 18 35 52 70 87 71 54 38 23 15 23 38 54 71 88 75 60 45 33 29 33 45 59 75 91 82 67 55 46 43 46 55 67 81 96 90 77 67 59 57 59 66 77 89 103 99 88 79 73 71 73 78 87 99 111 110 100 92 87 85 86 91 99 109 120
27 63 43 51 50 11 45 44 1 51 44 42 21 25 52 38 16 4 34 43 33 54 40 21 60 52 48 47 14 47 30 46 19 17 64 14 20 3 30 24 97 82 67 55 46 42 46 55 67 81 91 75 60 45 33 28 33 45 59 75 88 71 54 38 23 14 23 38 54 71 87 70 52 35 18 0 18 35 52 70 88 71 54 38 23 14 23 38 54 71 91 75 60 45 33 28 33 45 59 75 97 82 67 55 46 42 46 55 67 81 104 90 77 66 59 56 59 66 76 89 112 99 88 79 73 70 72 78 87 98 122 110 99 91 86 84 86 91 98 108
44 80 35 63 41 26 59 31 18 34 32 41 38 41 70 33 30 15 44 60 45 72 32 14 50 41 65 32 29 30 35 29 35 29 81 19 35 19 43 39 113 97 81 67 55 46 42 46 54 67 108 91 75 59 45 33 28 33 45 59 105 88 71 54 38 23 14 23 38 54 104 87 70 52 35 18 0 18 35 52 105 88 71 54 38 23 14 23 38 54 108 91 75 59 45 33 28 33 45 59 113 97 81 67 55 46 42 46 54 67 119 104 90 77 66 59 56 59 66 76 126 112 99 88 78 72 70 72 78 87 134 121 109 99 91 86 84 85 90 98
61 97 34 77 37 43 75 25 36 17 27 47 55 58 87 37 46 32 58 77 60 89 33 24 45 35 81 21 46 13 47 12 52 45 98 33 52 36 59 55 129 112 97 81 67 55 46 42 45 54 125 108 91 75 59 45 33 28 33 45 122 105 88 71 54 38 23 14 23 38 122 104 87 70 52 35 18 0 18 35 122 105 88 71 54 38 23 14 23 38 125 108 91 75 59 45 33 28 33 45 129 112 97 81 67 55 46 42 45 54 134 118 104 89 77 66 59 56 58 65 140 126 112 99 87 78 72 70 72 77 148 134 121 109 99 91 85 83 85 90
78 115 42 92 41 60 91 29 53 8 33 59 72 75 104 47 63 49 73 95 76 106 42 40 46 38 98 22 63 7 61 8 70 62 115 50 69 54 75 72 145 129 112 97 81 67 54 45 42 45 142 125 108 91 75 59 45 33 28 33 140 122 105 88 71 54 38 23 14 23 139 122 104 87 70 52 35 18 0 18 140 122 105 88 71 54 38 23 14 23 142 125 108 91 75 59 45 33 28 33 145 129 112 97 81 67 54 45 42 45 150 134 118 103 89 76 66 58 55 58 156 140 126 112 99 87 78 72 69 71 162 148 134 121 109 98 90 85 83 85
96 132 54 108 51 77 108 41 70 21 45 72 89 92 121 61 80 67 89 112 93 123 55 56 53 47 115 34 80 23 77 24 87 79 133 66 86 71 92 89 162 145 129 112 96 81 67 54 45 42 159 142 125 108 91 75 59 45 33 28 157 140 122 105 88 71 54 38 23 14 156 139 122 104 87 70 52 35 18 0 157 140 122 105 88 71 54 38 23 14 159 142 125 108 91 75 59 45 33 28 162 145 129 112 96 81 67 54 45 42 166 150 134 118 103 89 76 65 58 55 171 155 140 125 111 98 87 77 71 69 177 162 148 134 120 108 98 90 85 83
62 30 115 62 123 80 67 124 88 137 121 100 68 65 41 107 82 91 76 47 68 37 113 102 131 126 55 129 78 134 87 133 71 79 37 92 76 87 69 69 58 60 67 77 90 104 119 134 150 166 43 47 55 68 82 97 113 129 145 162 29 34 45 60 75 91 108 125 142 159 15 23 38 54 71 88 105 122 140 157 0 18 35 52 70 87 104 122 139 156 15 23 38 54 71 88 105 122 140 157 29 34 45 60 75 91 108 125 142 159 43 47 55 68 82 97 113 129 145 162 58 60 67 77 90 104 119 134 150 166 72 74 80 88 99 112 126 140 156 171
45 19 98 47 106 63 55 107 71 120 104 84 51 48 27 90 66 74 59 31 51 23 96 85 114 109 43 112 60 117 70 116 53 62 29 74 60 71 52 52 60 57 60 67 77 90 104 118 134 150 47 43 46 55 67 82 97 112 129 145 34 29 34 45 60 75 91 108 125 142 23 15 23 38 54 71 88 105 122 140 18 0 18 35 52 70 87 104 122 139 23 15 23 38 54 71 88 105 122 140 34 29 34 45 60 75 91 108 125 142 47 43 46 55 67 82 97 112 129 145 60 57 60 67 77 90 104 118 134 150 74 72 73 79 88 99 112 126 140 155
29 20 81 34 89 46 46 90 54 103 87 67 34 31 20 73 50 57 43 17 35 17 79 68 97 92 35 95 43 99 54 99 36 45 30 57 45 54 35 34 67 60 57 60 67 77 90 104 118 134 55 46 43 46 55 67 81 97 112 129 45 34 29 34 45 60 75 91 108 125 38 23 15 23 38 54 71 88 105 122 35 18 0 18 35 52 70 87 104 122 38 23 15 23 38 54 71 88 105 122 45 34 29 34 45 60 75 91 108 125 55 46 43 46 55 67 81 97 112 129 67 60 57 60 67 77 90 104 118 134 80 73 71 73 79 88 99 112 126 140
15 33 65 27 73 29 42 72 37 85 70 52 17 14 27 56 37 41 28 16 20 25 62 50 81 75 35 78 26 82 37 82 19 28 39 40 33 38 19 17 77 67 60 57 59 66 77 89 103 118 68 55 46 43 46 55 67 81 97 112 60 45 34 29 33 45 59 75 91 108 54 38 23 15 23 38 54 71 88 105 52 35 18 0 18 35 52 70 87 104 54 38 23 15 23 38 54 71 88 105 60 45 34 29 33 45 59 75 91 108 68 55 46 43 46 55 67 81 97 112 77 67 60 57 59 66 77 89 103 118 88 79 73 71 73 79 88 99 112 125
15 48 48 30 56 13 46 55 22 68 53 38 7 5 40 40 28 25 18 29 12 40 46 33 65 59 43 60 10 65 23 64 7 10 53 22 26 24 10 2 90 77 67 59 57 59 66 77 89 103 82 67 55 46 43 46 55 67 81 96 75 60 45 33 29 33 45 59 75 91 71 54 38 23 15 23 38 54 71 88 70 52 35 18 0 18 35 52 70 87 71 54 38 23 15 23 38 54 71 88 75 60 45 33 29 33 45 59 75 91 82 67 55 46 43 46 55 67 81 96 90 77 67 59 57 59 66 77 89 103 99 88 79 73 71 73 78 87 99 111
29 65 33 41 41 9 55 39 14 51 37 28 20 22 56 26 29 15 22 45 23 57 30 16 51 43 56 43 11 48 16 47 18 8 68 5 31 17 22 19 104 90 77 66 59 56 59 66 76 89 97 82 67 55 46 42 46 55 67 81 91 75 60 45 33 28 33 45 59 75 88 71 54 38 23 14 23 38 54 71 87 70 52 35 18 0 18 35 52 70 88 71 54 38 23 14 23 38 54 71 91 75 60 45 33 28 33 45 59 75 97 82 67 55 46 42 46 55 67 81 104 90 77 66 59 56 59 66 76 89 112 99 88 79 73 70 72 78 87 98
45 82 22 55 29 25 67 22 23 34 21 28 37 40 72 19 38 20 36 62 39 73 19 3 38 29 70 26 28 31 25 31 35 25 85 13 42 25 38 36 119 104 90 77 66 59 56 59 66 76 113 97 81 67 55 46 42 46 54 67 108 91 75 59 45 33 28 33 45 59 105 88 71 54 38 23 14 23 38 54 104 87 70 52 35 18 0 18 35 52 105 88 71 54 38 23 14 23 38 54 108 91 75 59 45 33 28 33 45 59 113 97 81 67 55 46 42 46 54 67 119 104 90 77 66 59 56 59 66 76 126 112 99 88 78 72 70 72 78 87
62 99 21 71 23 42 81 11 38 17 13 37 54 57 89 25 52 35 51 79 56 90 20 20 31 22 86 10 45 16 39 16 52 43 101 31 57 40 55 53 134 118 104 89 77 66 59 56 58 65 129 112 97 81 67 55 46 42 45 54 125 108 91 75 59 45 33 28 33 45 122 105 88 71 54 38 23 14 23 38 122 104 87 70 52 35 18 0 18 35 122 105 88 71 54 38 23 14 23 38 125 108 91 75 59 45 33 28 33 45 129 112 97 81 67 55 46 42 45 54 134 118 104 89 77 66 59 56 58 65 140 126 112 99 87 78 72 70 72 77
79 116 32 87 30 59 96 19 55 8 23 50 72 74 106 39 67 51 68 96 73 107 33 37 33 26 102 12 62 12 56 12 69 60 118 48 72 56 72 71 150 134 118 103 89 76 66 58 55 58 145 129 112 97 81 67 54 45 42 45 142 125 108 91 75 59 45 33 28 33 140 122 105 88 71 54 38 23 14 23 139 122 104 87 70 52 35 18 0 18 140 122 105 88 71 54 38 23 14 23 142 125 108 91 75 59 45 33 28 33 145 129 112 97 81 67 54 45 42 45 150 134 118 103 89 76 66 58 55 58 156 140 126 112 99 87 78 72 69 71
96 133 47 104 43 77 112 35 71 21 38 65 89 91 123 55 84 68 85 113 90 124 48 54 42 39 118 28 80 25 72 26 87 77 135 65 89 73 89 88 166 150 134 118 103 89 76 65 58 55 162 145 129 112 96 81 67 54 45 42 159 142 125 108 91 75 59 45 33 28 157 140 122 105 88 71 54 38 23 14 156 139 122 104 87 70 52 35 18 0 157 140 122 105 88 71 54 38 23 14 159 142 125 108 91 75 59 45 33 28 162 145 129 112 96 81 67 54 45 42 166 150 134 118 103 89 76 65 58 55 171 155 140 125 111 98 87 77 71 69
66 40 114 57 121 83 77 124 91 139 121 97 71 67 49 105 88 94 74 53 67 45 112 103 128 125 65 130 80 136 86 135 73 81 49 93 82 91 68 70 72 74 80 88 99 112 126 140 156 171 58 60 67 77 90 104 119 134 150 166 43 47 55 68 82 97 113 129 145 162 29 34 45 60 75 91 108 125 142 159 15 23 38 54 71 88 105 122 140 157 0 18 35 52 70 87 104 122 139 156 15 23 38 54 71 88 105 122 140 157 29 34 45 60 75 91 108 125 142 159 43 47 55 68 82 97 113 129 145 162 58 60 67 77 90 104 119 134 150 166
51 32 96 41 104 66 66 106 75 122 103 80 55 51 39 88 73 78 57 39 50 34 94 86 111 107 55 112 63 119 69 118 57 64 43 76 68 75 51 53 74 72 73 79 88 99 112 126 140 155 60 57 60 67 77 90 104 118 134 150 47 43 46 55 67 82 97 112 129 145 34 29 34 45 60 75 91 108 125 142 23 15 23 38 54 71 88 105 122 140 18 0 18 35 52 70 87 104 122 139 23 15 23 38 54 71 88 105 122 140 34 29 34 45 60 75 91 108 125 142 47 43 46 55 67 82 97 112 129 145 60 57 60 67 77 90 104 118 134 150
37 33 79 25 87 50 59 89 59 105 86 63 39 35 34 71 59 62 39 30 33 31 77 69 94 90 49 95 47 102 51 101 41 47 43 59 55 60 34 37 80 73 71 73 79 88 99 112 126 140 67 60 57 60 67 77 90 104 118 134 55 46 43 46 55 67 81 97 112 129 45 34 29 34 45 60 75 91 108 125 38 23 15 23 38 54 71 88 105 122 35 18 0 18 35 52 70 87 104 122 38 23 15 23 38 54 71 88 105 122 45 34 29 34 45 60 75 91 108 125 55 46 43 46 55 67 81 97 112 129 67 60 57 60 67 77 90 104 118 134
27 42 62 13 69 35 56 72 45 88 69 46 26 21 38 53 48 47 22 29 16 36 60 52 77 73 49 78 32 85 34 84 28 31 50 42 45 46 17 21 88 79 73 71 73 79 88 99 112 125 77 67 60 57 59 66 77 89 103 118 68 55 46 43 46 55 67 81 97 112 60 45 34 29 33 45 59 75 91 108 54 38 23 15 23 38 54 71 88 105 52 35 18 0 18 35 52 70 87 104 54 38 23 15 23 38 54 71 88 105 60 45 34 29 33 45 59 75 91 108 68 55 46 43 46 55 67 81 97 112 77 67 60 57 59 66 77 89 103 118
27 55 45 19 52 23 59 55 33 71 52 30 20 17 49 36 42 35 6 38 4 48 42 36 60 56 55 61 21 69 17 68 21 17 62 27 40 35 6 13 99 88 79 73 71 73 78 87 99 111 90 77 67 59 57 59 66 77 89 103 82 67 55 46 43 46 55 67 81 96 75 60 45 33 29 33 45 59 75 91 71 54 38 23 15 23 38 54 71 88 70 52 35 18 0 18 35 52 70 87 71 54 38 23 15 23 38 54 71 88 75 60 45 33 29 33 45 59 75 91 82 67 55 46 43 46 55 67 81 96 90 77 67 59 57 59 66 77 89 103
37 70 28 34 35 21 66 37 28 55 34 16 28 28 62 19 42 29 14 51 20 62 25 21 44 38 65 44 22 53 2 52 27 16 75 16 43 31 20 23 112 99 88 79 73 70 72 78 87 98 104 90 77 66 59 56 59 66 76 89 97 82 67 55 46 42 46 55 67 81 91 75 60 45 33 28 33 45 59 75 88 71 54 38 23 14 23 38 54 71 87 70 52 35 18 0 18 35 52 70 88 71 54 38 23 14 23 38 54 71 91 75 60 45 33 28 33 45 59 75 97 82 67 55 46 42 46 55 67 81 104 90 77 66 59 56 59 66 76 89
51 86 11 50 19 32 76 20 33 39 17 15 42 43 77 5 49 32 31 66 37 78 8 15 29 22 78 27 34 38 19 38 40 29 90 20 52 36 37 38 126 112 99 88 78 72 70 72 78 87 119 104 90 77 66 59 56 59 66 76 113 97 81 67 55 46 42 46 54 67 108 91 75 59 45 33 28 33 45 59 105 88 71 54 38 23 14 23 38 54 104 87 70 52 35 18 0 18 35 52 105 88 71 54 38 23 14 23 38 54 108 91 75 59 45 33 28 33 45 59 113 97 81 67 55 46 42 46 54 67 119 104 90 77 66 59 56 59 66 76
66 102 10 67 9 46 89 4 45 26 2 28 58 59 93 18 60 42 48 82 55 94 11 24 18 8 92 12 49 27 36 27 56 45 106 34 64 47 54 55 140 126 112 99 87 78 72 70 72 77 134 118 104 89 77 66 59 56 58 65 129 112 97 81 67 55 46 42 45 54 125 108 91 75 59 45 33 28 33 45 122 105 88 71 54 38 23 14 23 38 122 104 87 70 52 35 18 0 18 35 122 105 88 71 54 38 23 14 23 38 125 108 91 75 59 45 33 28 33 45 129 112 97 81 67 55 46 42 45 54 134 118 104 89 77 66 59 56 58 65
82 119 26 84 21 62 103 16 60 21 19 45 74 76 109 35 74 57 66 99 72 110 28 40 21 17 107 13 65 25 54 25 72 61 122 50 79 61 71 72 156 140 126 112 99 87 78 72 69 71 150 134 118 103 89 76 66 58 55 58 145 129 112 97 81 67 54 45 42 45 142 125 108 91 75 59 45 33 28 33 140 122 105 88 71 54 38 23 14 23 139 122 104 87 70 52 35 18 0 18 140 122 105 88 71 54 38 23 14 23 142 125 108 91 75 59 45 33 28 33 145 129 112 97 81 67 54 45 42 45 150 134 118 103 89 76 66 58 55 58
99 135 43 101 37 79 118 33 75 29 36 61 91 93 126 52 89 72 83 115 89 127 45 56 34 33 123 29 82 33 71 34 89 78 138 67 94 77 89 89 171 155 140 125 111 98 87 77 71 69 166 150 134 118 103 89 76 65 58 55 162 145 129 112 96 81 67 54 45 42 159 142 125 108 91 75 59 45 33 28 157 140 122 105 88 71 54 38 23 14 156 139 122 104 87 70 52 35 18 0 157 140 122 105 88 71 54 38 23 14 159 142 125 108 91 75 59 45 33 28 162 145 129 112 96 81 67 54 45 42 166 150 134 118 103 89 76 65 58 55
73 52 114 56 121 87 88 125 96 142 122 97 76 72 60 106 95 100 75 61 69 56 112 106 127 124 76 131 84 139 87 138 78 84 62 96 90 97 71 74 86 88 93 100 110 122 134 148 162 177 72 74 80 88 99 112 126 140 156 171 58 60 67 77 90 104 119 134 150 166 43 47 55 68 82 97 113 129 145 162 29 34 45 60 75 91 108 125 142 159 15 23 38 54 71 88 105 122 140 157 0 18 35 52 70 87 104 122 139 156 15 23 38 54 71 88 105 122 140 157 29 34 45 60 75 91 108 125 142 159 43 47 55 68 82 97 113 129 145 162
59 46 97 39 104 72 79 108 81 125 105 79 61 57 52 88 81 84 58 50 53 48 95 90 110 107 68 114 69 122 70 122 63 68 57 80 77 82 54 58 88 86 87 92 100 110 121 134 148 162 74 72 73 79 88 99 112 126 140 155 60 57 60 67 77 90 104 118 134 150 47 43 46 55 67 82 97 112 129 145 34 29 34 45 60 75 91 108 125 142 23 15 23 38 54 71 88 105 122 140 18 0 18 35 52 70 87 104 122 139 23 15 23 38 54 71 88 105 122 140 34 29 34 45 60 75 91 108 125 142 47 43 46 55 67 82 97 112 129 145
48 47 80 21 86 57 73 91 67 108 87 62 48 43 49 71 70 70 41 43 37 45 78 73 93 90 63 97 54 106 53 105 50 53 57 64 66 68 39 44 93 87 85 87 92 99 109 121 134 148 80 73 71 73 79 88 99 112 126 140 67 60 57 60 67 77 90 104 118 134 55 46 43 46 55 67 81 97 112 129 45 34 29 34 45 60 75 91 108 125 38 23 15 23 38 54 71 88 105 122 35 18 0 18 35 52 70 87 104 122 38 23 15 23 38 54 71 88 105 122 45 34 29 34 45 60 75 91 108 125 55 46 43 46 55 67 81 97 112 129
41 53 62 5 69 44 70 74 55 92 70 45 38 33 51 54 61 57 24 43 23 49 61 58 75 73 63 81 42 90 36 89 39 39 63 49 58 56 25 32 100 92 87 85 87 91 99 109 121 134 88 79 73 71 73 79 88 99 112 125 77 67 60 57 59 66 77 89 103 118 68 55 46 43 46 55 67 81 97 112 60 45 34 29 33 45 59 75 91 108 54 38 23 15 23 38 54 71 88 105 52 35 18 0 18 35 52 70 87 104 54 38 23 15 23 38 54 71 88 105 60 45 34 29 33 45 59 75 91 108 68 55 46 43 46 55 67 81 97 112
41 64 45 14 52 36 72 57 46 76 54 27 34 31 59 37 56 47 12 49 17 58 44 43 58 56 68 64 35 75 21 74 35 30 72 37 54 48 19 27 110 100 92 87 85 86 91 99 109 120 99 88 79 73 71 73 78 87 99 111 90 77 67 59 57 59 66 77 89 103 82 67 55 46 43 46 55 67 81 96 75 60 45 33 29 33 45 59 75 91 71 54 38 23 15 23 38 54 71 88 70 52 35 18 0 18 35 52 70 87 71 54 38 23 15 23 38 54 71 88 75 60 45 33 29 33 45 59 75 91 82 67 55 46 43 46 55 67 81 96
48 77 29 32 35 35 78 41 42 61 37 10 39 38 71 21 56 42 17 60 26 70 27 32 41 38 76 48 35 60 13 60 39 29 84 30 56 45 27 33 122 110 99 91 86 84 86 91 98 108 112 99 88 79 73 70 72 78 87 98 104 90 77 66 59 56 59 66 76 89 97 82 67 55 46 42 46 55 67 81 91 75 60 45 33 28 33 45 59 75 88 71 54 38 23 14 23 38 54 71 87 70 52 35 18 0 18 35 52 70 88 71 54 38 23 14 23 38 54 71 91 75 60 45 33 28 33 45 59 75 97 82 67 55 46 42 46 55 67 81
59 92 13 49 18 42 87 26 46 48 23 8 50 50 84 10 61 45 33 73 41 84 13 29 23 22 87 34 43 48 23 48 49 37 97 32 63 48 41 45 134 121 109 99 91 86 84 85 90 98 126 112 99 88 78 72 70 72 78 87 119 104 90 77 66 59 56 59 66 76 113 97 81 67 55 46 42 46 54 67 108 91 75 59 45 33 28 33 45 59 105 88 71 54 38 23 14 23 38 54 104 87 70 52 35 18 0 18 35 52 105 88 71 54 38 23 14 23 38 54 108 91 75 59 45 33 28 33 45 59 113 97 81 67 55 46 42 46 54 67
73 107 12 66 5 54 98 18 55 38 15 26 64 64 99 19 70 53 49 88 57 99 15 34 7 8 100 24 56 40 38 40 62 51 112 42 74 57 57 60 148 134 121 109 99 91 85 83 85 90 140 126 112 99 87 78 72 70 72 77 134 118 104 89 77 66 59 56 58 65 129 112 97 81 67 55 46 42 45 54 125 108 91 75 59 45 33 28 33 45 122 105 88 71 54 38 23 14 23 38 122 104 87 70 52 35 18 0 18 35 122 105 88 71 54 38 23 14 23 38 125 108 91 75 59 45 33 28 33 45 129 112 97 81 67 55 46 42 45 54
88 123 27 83 19 68 111 24 67 35 24 43 79 80 114 36 82 65 66 103 74 115 30 47 13 17 114 25 70 38 55 39 77 66 127 56 86 69 74 76 162 148 134 121 109 98 90 85 83 85 156 140 126 112 99 87 78 72 69 71 150 134 118 103 89 76 66 58 55 58 145 129 112 97 81 67 54 45 42 45 142 125 108 91 75 59 45 33 28 33 140 122 105 88 71 54 38 23 14 23 139 122 104 87 70 52 35 18 0 18 140 122 105 88 71 54 38 23 14 23 142 125 108 91 75 59 45 33 28 33 145 129 112 97 81 67 54 45 42 45
103 139 44 101 36 84 125 37 82 40 39 60 95 96 130 52 96 78 84 119 91 131 46 61 30 33 129 35 86 44 72 45 93 82 143 71 100 83 91 92 177 162 148 134 120 108 98 90 85 83 171 155 140 125 111 98 87 77 71 69 166 150 134 118 103 89 76 65 58 55 162 145 129 112 96 81 67 54 45 42 159 142 125 108 91 75 59 45 33 28 157 140 122 105 88 71 54 38 23 14 156 139 122 104 87 70 52 35 18 0 157 140 122 105 88 71 54 38 23 14 159 142 125 108 91 75 59 45 33 28 162 145 129 112 96 81 67 54 45 42
82 65 116 58 122 94 100 128 103 146 124 98 84 79 72 108 104 106 78 72 74 68 114 111 128 126 88 134 91 143 90 143 86 90 75 101 99 104 76 80 100 102 106 112 121 132 144 156 170 184 86 88 93 100 110 122 134 148 162 177 72 74 80 88 99 112 126 140 156 171 58 60 67 77 90 104 119 134 150 166 43 47 55 68 82 97 113 129 145 162 29 34 45 60 75 91 108 125 142 159 15 23 38 54 71 88 105 122 140 157 0 18 35 52 70 87 104 122 139 156 15 23 38 54 71 88 105 122 140 157 29 34 45 60 75 91 108 125 142 159
70 60 99 42 105 79 92 111 89 129 107 81 70 66 65 91 92 92 62 63 59 61 97 95 110 109 81 118 77 127 74 127 72 75 71 86 88 90 61 66 102 100 101 105 112 121 131 143 156 170 88 86 87 92 100 110 121 134 148 162 74 72 73 79 88 99 112 126 140 155 60 57 60 67 77 90 104 118 134 150 47 43 46 55 67 82 97 112 129 145 34 29 34 45 60 75 91 108 125 142 23 15 23 38 54 71 88 105 122 140 18 0 18 35 52 70 87 104 122 139 23 15 23 38 54 71 88 105 122 140 34 29 34 45 60 75 91 108 125 142
60 61 82 27 88 66 86 94 77 114 91 64 59 54 63 74 81 79 46 57 45 59 81 80 93 92 77 101 64 112 58 111 61 61 71 71 78 78 47 54 106 101 99 101 105 112 121 131 143 156 93 87 85 87 92 99 109 121 134 148 80 73 71 73 79 88 99 112 126 140 67 60 57 60 67 77 90 104 118 134 55 46 43 46 55 67 81 97 112 129 45 34 29 34 45 60 75 91 108 125 38 23 15 23 38 54 71 88 105 122 35 18 0 18 35 52 70 87 104 122 38 23 15 23 38 54 71 88 105 122 45 34 29 34 45 60 75 91 108 125
55 66 66 17 71 56 85 78 66 98 75 47 51 47 65 58 74 68 33 57 34 62 64 66 76 75 77 86 54 97 43 96 52 50 76 59 71 68 37 45 112 105 101 99 100 105 111 120 131 143 100 92 87 85 87 91 99 109 121 134 88 79 73 71 73 79 88 99 112 125 77 67 60 57 59 66 77 89 103 118 68 55 46 43 46 55 67 81 97 112 60 45 34 29 33 45 59 75 91 108 54 38 23 15 23 38 54 71 88 105 52 35 18 0 18 35 52 70 87 104 54 38 23 15 23 38 54 71 88 105 60 45 34 29 33 45 59 75 91 108
55 75 50 21 55 49 86 63 59 84 59 32 48 45 71 43 69 60 25 61 31 69 49 54 59 59 81 70 48 83 32 82 49 43 83 48 68 61 33 41 121 112 105 100 99 100 104 111 120 130 110 100 92 87 85 86 91 99 109 120 99 88 79 73 71 73 78 87 99 111 90 77 67 59 57 59 66 77 89 103 82 67 55 46 43 46 55 67 81 96 75 60 45 33 29 33 45 59 75 91 71 54 38 23 15 23 38 54 71 88 70 52 35 18 0 18 35 52 70 87 71 54 38 23 15 23 38 54 71 88 75 60 45 33 29 33 45 59 75 91
60 86 35 35 39 49 91 49 56 70 45 19 52 50 81 30 70 56 28 70 37 80 35 45 42 43 88 56 49 70 27 70 52 43 94 43 70 59 38 45 132 121 112 105 100 98 99 104 110 119 122 110 99 91 86 84 86 91 98 108 112 99 88 79 73 70 72 78 87 98 104 90 77 66 59 56 59 66 76 89 97 82 67 55 46 42 46 55 67 81 91 75 60 45 33 28 33 45 59 75 88 71 54 38 23 14 23 38 54 71 87 70 52 35 18 0 18 35 52 70 88 71 54 38 23 14 23 38 54 71 91 75 60 45 33 28 33 45 59 75
69 99 25 51 25 54 99 37 59 59 34 18 60 59 93 24 74 58 40 82 48 92 26 42 26 29 98 44 55 60 33 59 60 49 106 45 76 61 49 55 144 131 121 111 104 99 98 99 103 110 134 121 109 99 91 86 84 85 90 98 126 112 99 88 78 72 70 72 78 87 119 104 90 77 66 59 56 59 66 76 113 97 81 67 55 46 42 46 54 67 108 91 75 59 45 33 28 33 45 59 105 88 71 54 38 23 14 23 38 54 104 87 70 52 35 18 0 18 35 52 105 88 71 54 38 23 14 23 38 54 108 91 75 59 45 33 28 33 45 59
81 114 24 68 19 63 109 32 66 51 29 30 72 72 106 29 82 64 54 95 62 106 27 47 13 21 109 37 65 53 45 53 71 59 120 52 84 69 63 67 156 143 131 120 111 104 99 97 99 103 148 134 121 109 99 91 85 83 85 90 140 126 112 99 87 78 72 70 72 77 134 118 104 89 77 66 59 56 58 65 129 112 97 81 67 55 46 42 45 54 125 108 91 75 59 45 33 28 33 45 122 105 88 71 54 38 23 14 23 38 122 104 87 70 52 35 18 0 18 35 122 105 88 71 54 38 23 14 23 38 125 108 91 75 59 45 33 28 33 45
95 129 34 85 27 76 120 35 77 49 34 46 86 86 121 41 92 74 70 110 78 121 37 56 17 26 122 38 78 52 60 52 84 73 134 64 96 79 78 81 170 156 143 131 120 110 103 99 97 98 162 148 134 121 109 98 90 85 83 85 156 140 126 112 99 87 78 72 69 71 150 134 118 103 89 76 66 58 55 58 145 129 112 97 81 67 54 45 42 45 142 125 108 91 75 59 45 33 28 33 140 122 105 88 71 54 38 23 14 23 139 122 104 87 70 52 35 18 0 18 140 122 105 88 71 54 38 23 14 23 142 125 108 91 75 59 45 33 28 33
109 144 49 102 41 90 133 45 89 52 46 62 101 101 136 57 104 87 86 125 94 136 51 69 32 38 136 45 92 56 76 57 99 88 149 78 108 91 94 97 184 170 156 143 130 119 110 103 98 96 177 162 148 134 120 108 98 90 85 83 171 155 140 125 111 98 87 77 71 69 166 150 134 118 103 89 76 65 58 55 162 145 129 112 96 81 67 54 45 42 159 142 125 108 91 75 59 45 33 28 157 140 122 105 88 71 54 38 23 14 156 139 122 104 87 70 52 35 18 0 157 140 122 105 88 71 54 38 23 14 159 142 125 108 91 75 59 45 33 28
92 78 119 64 125 102 112 132 112 151 128 101 93 88 85 112 114 115 84 83 81 80 118 117 130 129 101 139 99 149 95 149 95 97 88 108 110 113 83 89 115 116 119 125 133 143 154 166 179 192 100 102 106 112 121 132 144 156 170 184 86 88 93 100 110 122 134 148 162 177 72 74 80 88 99 112 126 140 156 171 58 60 67 77 90 104 119 134 150 166 43 47 55 68 82 97 113 129 145 162 29 34 45 60 75 91 108 125 142 159 15 23 38 54 71 88 105 122 140 157 0 18 35 52 70 87 104 122 139 156 15 23 38 54 71 88 105 122 140 157
81 74 103 49 109 89 105 116 99 135 112 85 81 76 79 96 103 101 69 76 67 75 102 102 113 113 94 123 86 134 80 133 82 84 85 94 99 100 69 76 116 114 115 119 125 133 142 153 165 178 102 100 101 105 112 121 131 143 156 170 88 86 87 92 100 110 121 134 148 162 74 72 73 79 88 99 112 126 140 155 60 57 60 67 77 90 104 118 134 150 47 43 46 55 67 82 97 112 129 145 34 29 34 45 60 75 91 108 125 142 23 15 23 38 54 71 88 105 122 140 18 0 18 35 52 70 87 104 122 139 23 15 23 38 54 71 88 105 122 140
73 75 87 37 92 77 100 100 88 120 96 69 71 66 77 80 94 90 55 71 56 73 86 88 96 96 91 107 75 119 66 118 72 72 85 81 91 89 58 65 119 115 114 115 118 124 132 142 153 165 106 101 99 101 105 112 121 131 143 156 93 87 85 87 92 99 109 121 134 148 80 73 71 73 79 88 99 112 126 140 67 60 57 60 67 77 90 104 118 134 55 46 43 46 55 67 81 97 112 129 45 34 29 34 45 60 75 91 108 125 38 23 15 23 38 54 71 88 105 122 35 18 0 18 35 52 70 87 104 122 38 23 15 23 38 54 71 88 105 122
69 79 72 31 76 68 99 85 78 106 81 54 64 60 79 65 87 80 45 71 47 75 71 76 79 80 91 92 67 105 53 104 66 62 89 70 85 80 50 58 125 119 115 113 114 118 124 132 141 152 112 105 101 99 100 105 111 120 131 143 100 92 87 85 87 91 99 109 121 134 88 79 73 71 73 79 88 99 112 125 77 67 60 57 59 66 77 89 103 118 68 55 46 43 46 55 67 81 97 112 60 45 34 29 33 45 59 75 91 108 54 38 23 15 23 38 54 71 88 105 52 35 18 0 18 35 52 70 87 104 54 38 23 15 23 38 54 71 88 105
69 86 58 33 61 63 100 71 72 92 67 41 62 59 84 52 83 73 39 75 45 81 57 65 63 65 94 78 62 92 44 92 63 57 96 61 82 75 47 55 133 125 118 114 113 114 117 123 131 141 121 112 105 100 99 100 104 111 120 130 110 100 92 87 85 86 91 99 109 120 99 88 79 73 71 73 78 87 99 111 90 77 67 59 57 59 66 77 89 103 82 67 55 46 43 46 55 67 81 96 75 60 45 33 29 33 45 59 75 91 71 54 38 23 15 23 38 54 71 88 70 52 35 18 0 18 35 52 70 87 71 54 38 23 15 23 38 54 71 88
73 96 46 44 47 63 104 59 70 81 55 32 65 62 92 42 83 70 41 82 49 90 46 58 48 51 100 66 62 81 41 80 65 56 105 57 84 73 51 58 143 133 124 118 114 112 113 117 123 131 132 121 112 105 100 98 99 104 110 119 122 110 99 91 86 84 86 91 98 108 112 99 88 79 73 70 72 78 87 98 104 90 77 66 59 56 59 66 76 89 97 82 67 55 46 42 46 55 67 81 91 75 60 45 33 28 33 45 59 75 88 71 54 38 23 14 23 38 54 71 87 70 52 35 18 0 18 35 52 70 88 71 54 38 23 14 23 38 54 71
81 108 38 57 37 67 111 49 72 71 46 31 72 70 103 38 87 71 50 92 58 102 39 56 34 40 109 56 67 72 45 72 71 61 116 58 88 75 60 66 154 142 132 124 117 113 112 113 116 122 144 131 121 111 104 99 98 99 103 110 134 121 109 99 91 86 84 85 90 98 126 112 99 88 78 72 70 72 78 87 119 104 90 77 66 59 56 59 66 76 113 97 81 67 55 46 42 46 54 67 108 91 75 59 45 33 28 33 45 59 105 88 71 54 38 23 14 23 38 54 104 87 70 52 35 18 0 18 35 52 105 88 71 54 38 23 14 23 38 54
91 121 38 73 33 75 120 45 78 65 43 39 82 81 115 41 94 77 62 104 70 114 40 59 26 35 119 51 76 67 54 67 81 70 128 64 96 81 71 76 166 153 142 132 123 117 113 111 112 116 156 143 131 120 111 104 99 97 99 103 148 134 121 109 99 91 85 83 85 90 140 126 112 99 87 78 72 70 72 77 134 118 104 89 77 66 59 56 58 65 129 112 97 81 67 55 46 42 45 54 125 108 91 75 59 45 33 28 33 45 122 105 88 71 54 38 23 14 23 38 122 104 87 70 52 35 18 0 18 35 122 105 88 71 54 38 23 14 23 38
103 136 45 89 38 85 130 48 87 62 47 52 94 94 129 51 103 85 76 117 84 128 47 67 28 38 131 51 87 66 67 66 93 81 142 74 106 90 85 89 179 165 153 141 131 123 116 112 110 112 170 156 143 131 120 110 103 99 97 98 162 148 134 121 109 98 90 85 83 85 156 140 126 112 99 87 78 72 69 71 150 134 118 103 89 76 66 58 55 58 145 129 112 97 81 67 54 45 42 45 142 125 108 91 75 59 45 33 28 33 140 122 105 88 71 54 38 23 14 23 139 122 104 87 70 52 35 18 0 18 140 122 105 88 71 54 38 23 14 23
117 150 56 105 49 98 142 56 99 65 56 67 108 108 143 63 114 96 91 132 100 143 59 78 39 47 144 57 100 69 81 70 106 95 156 86 118 101 100 103 192 178 165 152 141 131 122 116 112 110 184 170 156 143 130 119 110 103 98 96 177 162 148 134 120 108 98 90 85 83 171 155 140 125 111 98 87 77 71 69 166 150 134 118 103 89 76 65 58 55 162 145 129 112 96 81 67 54 45 42 159 142 125 108 91 75 59 45 33 28 157 140 122 105 88 71 54 38 23 14 156 139 122 104 87 70 52 35 18 0 157 140 122 105 88 71 54 38 23 14
103 92 125 72 130 111 125 137 121 157 134 106 103 98 98 117 125 124 91 96 90 94 123 124 133 134 114 145 109 156 102 155 105 106 102 116 121 123 92 98 129 130 133 138 145 154 164 176 188 201 115 116 119 125 133 143 154 166 179 192 100 102 106 112 121 132 144 156 170 184 86 88 93 100 110 122 134 148 162 177 72 74 80 88 99 112 126 140 156 171 58 60 67 77 90 104 119 134 150 166 43 47 55 68 82 97 113 129 145 162 29 34 45 60 75 91 108 125 142 159 15 23 38 54 71 88 105 122 140 157 0 18 35 52 70 87 104 122 139 156
93 88 109 59 114 99 118 122 109 142 118 91 92 87 93 102 114 112 78 89 77 89 108 110 117 118 108 129 97 141 88 141 94 94 99 103 111 111 80 87 130 128 129 132 138 145 154 164 175 187 116 114 115 119 125 133 142 153 165 178 102 100 101 105 112 121 131 143 156 170 88 86 87 92 100 110 121 134 148 162 74 72 73 79 88 99 112 126 140 155 60 57 60 67 77 90 104 118 134 150 47 43 46 55 67 82 97 112 129 145 34 29 34 45 60 75 91 108 125 142 23 15 23 38 54 71 88 105 122 140 18 0 18 35 52 70 87 104 122 139
87 89 94 49 98 89 114 107 99 128 103 76 84 79 91 87 106 101 66 85 67 87 93 98 101 102 105 115 87 127 75 127 85 83 99 91 104 101 70 78 133 129 128 129 132 137 144 153 163 175 119 115 114 115 118 124 132 142 153 165 106 101 99 101 105 112 121 131 143 156 93 87 85 87 92 99 109 121 134 148 80 73 71 73 79 88 99 112 126 140 67 60 57 60 67 77 90 104 118 134 55 46 43 46 55 67 81 97 112 129 45 34 29 34 45 60 75 91 108 125 38 23 15 23 38 54 71 88 105 122 35 18 0 18 35 52 70 87 104 122
83 92 80 45 83 81 113 93 91 115 89 63 78 74 92 74 100 93 57 85 61 89 80 87 85 87 105 101 80 114 65 114 79 75 102 81 99 93 63 72 138 132 129 127 128 131 137 144 153 163 125 119 115 113 114 118 124 132 141 152 112 105 101 99 100 105 111 120 131 143 100 92 87 85 87 91 99 109 121 134 88 79 73 71 73 79 88 99 112 125 77 67 60 57 59 66 77 89 103 118 68 55 46 43 46 55 67 81 97 112 60 45 34 29 33 45 59 75 91 108 54 38 23 15 23 38 54 71 88 105 52 35 18 0 18 35 52 70 87 104
83 99 67 47 70 77 114 81 86 102 77 52 76 73 97 63 97 87 53 88 59 94 67 78 70 74 108 88 76 103 57 102 77 71 108 74 96 88 61 69 145 138 132 128 127 127 131 136 143 152 133 125 118 114 113 114 117 123 131 141 121 112 105 100 99 100 104 111 120 130 110 100 92 87 85 86 91 99 109 120 99 88 79 73 71 73 78 87 99 111 90 77 67 59 57 59 66 77 89 103 82 67 55 46 43 46 55 67 81 96 75 60 45 33 29 33 45 59 75 91 71 54 38 23 15 23 38 54 71 88 70 52 35 18 0 18 35 52 70 87
86 107 57 54 58 76 117 70 84 92 66 45 79 76 104 55 97 84 55 94 62 102 58 72 57 62 113 77 76 93 55 92 79 70 116 71 97 87 64 72 154 145 137 131 127 126 127 130 135 143 143 133 124 118 114 112 113 117 123 131 132 121 112 105 100 98 99 104 110 119 122 110 99 91 86 84 86 91 98 108 112 99 88 79 73 70 72 78 87 98 104 90 77 66 59 56 59 66 76 89 97 82 67 55 46 42 46 55 67 81 91 75 60 45 33 28 33 45 59 75 88 71 54 38 23 14 23 38 54 71 87 70 52 35 18 0 18 35 52 70
93 118 52 66 50 80 123 62 86 83 59 45 84 82 114 51 100 85 61 103 69 112 53 70 46 53 121 69 80 85 58 85 84 74 126 72 101 88 71 78 164 154 144 137 131 127 125 126 130 135 154 142 132 124 117 113 112 113 116 122 144 131 121 111 104 99 98 99 103 110 134 121 109 99 91 86 84 85 90 98 126 112 99 88 78 72 70 72 78 87 119 104 90 77 66 59 56 59 66 76 113 97 81 67 55 46 42 46 54 67 108 91 75 59 45 33 28 33 45 59 105 88 71 54 38 23 14 23 38 54 104 87 70 52 35 18 0 18 35 52
102 130 51 79 47 86 131 59 91 78 57 51 93 92 125 54 106 89 71 114 80 124 53 73 40 49 130 65 87 80 65 80 92 81 138 77 108 93 81 87 176 164 153 144 136 130 126 125 126 129 166 153 142 132 123 117 113 111 112 116 156 143 131 120 111 104 99 97 99 103 148 134 121 109 99 91 85 83 85 90 140 126 112 99 87 78 72 70 72 77 134 118 104 89 77 66 59 56 58 65 129 112 97 81 67 55 46 42 45 54 125 108 91 75 59 45 33 28 33 45 122 105 88 71 54 38 23 14 23 38 122 104 87 70 52 35 18 0 18 35
113 144 57 94 50 96 141 61 99 76 59 61 104 103 137 61 114 97 84 126 92 136 59 79 41 51 141 65 97 80 76 80 103 91 150 85 117 101 93 98 188 175 163 153 143 135 130 126 124 125 179 165 153 141 131 123 116 112 110 112 170 156 143 131 120 110 103 99 97 98 162 148 134 121 109 98 90 85 83 85 156 140 126 112 99 87 78 72 69 71 150 134 118 103 89 76 66 58 55 58 145 129 112 97 81 67 54 45 42 45 142 125 108 91 75 59 45 33 28 33 140 122 105 88 71 54 38 23 14 23 139 122 104 87 70 52 35 18 0 18
125 158 66 110 59 107 152 67 109 78 67 74 116 116 151 72 124 106 98 139 106 150 69 88 49 58 153 69 109 82 89 83 115 103 164 96 128 111 107 111 201 187 175 163 152 143 135 129 125 124 192 178 165 152 141 131 122 116 112 110 184 170 156 143 130 119 110 103 98 96 177 162 148 134 120 108 98 90 85 83 171 155 140 125 111 98 87 77 71 69 166 150 134 118 103 89 76 65 58 55 162 145 129 112 96 81 67 54 45 42 159 142 125 108 91 75 59 45 33 28 157 140 122 105 88 71 54 38 23 14 156 139 122 104 87 70 52 35 18 0
