0 35 55 12 9 71 40 48 45 59 26 50 31 28 53 29 50 66 32 23 12 39 9 51 4 65 35 45 56 70 26 51 44 42 60 40 58 67 25 24 84 69 54 41 33 33 41 54 69 85 80 63 47 32 20 20 32 47 64 81 78 61 44 26 10 10 27 44 61 79 79 62 45 28 14 14 29 45 62 79 82 66 50 36 27 27 36 50 66 82 87 72 58 47 40 40 47 59 72 87 95 81 69 59 54 54 59 69 81 94 103 91 80 72 68 68 72 80 90 103 113 102 92 85 82 81 85 92 101 112 124 113 105 99 95 95 98 104 112 122
35 0 88 33 26 84 21 46 78 81 46 23 46 43 81 60 83 99 50 43 30 5 27 61 32 78 15 50 88 104 36 28 37 52 88 70 91 101 45 46 51 37 26 26 35 49 65 81 98 115 46 29 14 13 27 44 61 78 95 113 45 28 11 9 26 43 60 78 95 112 48 33 21 20 32 47 63 80 96 114 55 43 34 34 41 54 68 84 100 117 65 54 48 48 53 63 76 90 105 121 76 67 62 62 66 74 85 98 112 127 88 80 76 76 79 86 96 107 120 134 100 94 90 90 93 98 107 117 129 142 113 107 104 104 106 111 119 128 139 151
55 88 0 64 64 60 84 73 11 37 47 95 52 52 20 29 14 13 47 49 66 92 63 57 59 59 82 64 3 27 59 94 76 56 21 20 9 20 48 45 138 123 109 95 83 74 67 65 67 73 132 116 101 86 73 62 54 51 54 62 127 111 95 79 64 51 41 37 41 51 124 107 90 73 57 42 29 23 29 42 122 105 87 70 53 36 20 10 20 36 122 104 87 70 52 35 18 5 19 36 123 106 89 72 56 40 26 19 26 40 126 109 93 77 62 48 37 33 37 48 130 114 99 84 70 58 50 47 50 58 136 121 106 92 80 70 63 60 63 70
12 33 64 0 11 83 44 57 55 71 38 52 42 39 64 39 57 73 44 34 4 36 10 62 9 77 38 55 66 75 36 55 52 53 71 51 66 74 37 36 79 63 46 32 21 22 34 49 66 82 77 60 42 25 9 12 29 46 63 80 77 60 43 26 12 14 29 46 63 81 80 64 48 34 24 25 36 51 67 83 85 70 56 44 38 38 46 58 73 88 92 78 66 57 52 52 58 68 80 94 101 88 78 70 65 66 70 79 90 102 110 99 90 83 79 80 83 91 100 112 121 111 102 96 93 93 97 103 111 122 132 123 115 110 107 107 110 115 123 132
9 26 64 11 0 74 34 47 54 64 30 43 33 30 60 36 58 74 35 26 9 30 1 53 6 68 28 45 64 78 26 45 41 43 67 48 66 76 29 29 76 60 46 34 29 33 45 59 75 91 72 55 38 23 15 22 37 54 71 88 70 53 36 18 1 17 35 52 69 86 72 55 38 23 14 22 37 54 71 88 76 60 45 34 28 33 44 59 74 91 82 68 55 46 42 45 54 67 81 96 90 77 67 59 56 59 66 76 89 103 100 88 79 73 70 72 78 87 98 111 110 100 92 86 84 86 91 98 108 120 121 112 105 100 98 100 104 110 119 130
71 84 60 83 74 0 68 42 56 24 45 76 41 45 41 53 70 71 39 49 81 87 75 23 74 7 71 35 58 86 50 72 51 32 40 48 68 78 46 47 127 117 110 105 102 103 106 112 120 130 116 105 97 91 88 89 93 99 109 120 105 94 84 78 74 75 80 87 98 110 96 83 72 64 60 61 67 76 88 101 88 73 61 51 46 48 55 66 79 94 81 66 51 39 32 34 44 57 72 88 77 60 44 29 19 22 35 51 67 84 75 57 40 23 7 14 31 48 65 82 75 58 41 25 12 17 32 49 66 83 79 62 47 33 25 28 39 53 69 86
40 21 84 44 34 68 0 28 74 69 38 11 35 34 74 57 83 97 40 36 41 22 35 46 39 62 7 33 85 105 26 12 18 38 80 66 90 101 38 40 60 50 45 46 53 64 78 93 108 124 50 38 31 32 42 56 71 87 103 120 43 28 17 20 34 50 66 83 100 117 40 23 6 13 30 47 64 82 99 116 42 26 14 18 32 49 66 83 100 117 49 36 28 30 40 54 70 86 103 119 58 47 42 43 51 62 76 91 107 123 69 60 56 57 63 73 85 98 113 128 81 74 70 71 76 84 94 107 120 135 93 87 84 85 89 96 105 116 129 143
48 46 73 57 47 42 28 0 64 48 29 35 23 25 58 50 77 86 28 31 55 49 48 22 50 36 32 10 72 97 23 30 10 18 62 54 80 91 30 33 86 77 71 70 73 79 89 101 114 128 74 64 58 56 59 67 79 92 106 121 64 52 44 42 47 57 69 84 99 115 56 42 31 28 35 47 62 78 94 111 51 34 20 14 25 41 57 74 91 109 49 32 14 4 21 39 56 73 91 108 51 35 21 16 26 41 58 75 92 109 57 43 33 30 36 48 63 79 95 112 66 54 46 44 48 58 71 85 100 116 76 66 60 58 61 69 80 93 107 122
45 78 11 55 54 56 74 64 0 33 38 85 42 42 17 18 15 23 38 39 56 82 53 50 49 54 72 55 11 34 49 84 67 48 22 11 16 28 38 35 128 113 99 86 74 66 61 61 66 75 122 106 91 76 64 53 48 48 54 64 117 100 84 69 54 42 34 34 42 55 114 97 80 63 47 32 21 21 33 48 112 95 78 61 43 26 10 11 28 45 113 95 78 61 44 27 13 14 29 45 115 98 81 65 49 35 25 25 36 50 118 102 86 71 57 45 38 38 46 58 123 108 93 79 67 57 52 52 58 67 130 115 101 89 78 70 66 66 70 78
59 81 37 71 64 24 69 48 33 0 36 79 36 38 18 35 47 48 31 40 70 84 64 28 62 23 70 39 35 63 46 76 55 32 18 26 45 55 37 36 128 116 106 97 91 88 88 92 99 108 119 106 94 85 78 74 75 79 87 97 111 97 84 73 65 60 61 66 75 87 104 89 74 62 52 46 47 54 65 78 98 82 67 52 40 33 34 43 56 71 95 78 61 45 30 19 21 34 50 66 93 76 59 41 24 8 12 29 47 64 94 76 59 42 26 12 16 31 47 65 96 80 63 48 34 25 27 38 52 68 101 85 70 56 45 39 40 48 60 74
26 46 47 38 30 45 38 29 38 36 0 49 7 5 37 21 48 60 6 4 37 50 30 25 29 40 36 22 47 70 12 47 30 17 43 28 53 65 2 4 95 82 70 62 58 59 64 74 86 99 87 72 60 49 44 45 52 64 77 92 81 65 50 38 30 32 42 55 70 86 77 60 43 28 17 20 33 49 66 83 75 58 41 23 6 12 30 47 64 81 76 59 43 27 15 18 32 49 65 82 80 64 49 36 28 30 40 54 70 86 86 71 58 47 42 43 51 62 76 91 94 80 69 60 56 57 62 72 84 98 103 91 81 73 70 70 75 83 94 106
50 23 95 52 43 76 11 35 85 79 49 0 46 45 85 68 94 108 51 47 49 23 44 55 48 70 16 42 95 116 37 6 26 48 90 76 101 111 48 51 51 43 42 47 58 71 86 101 117 133 40 30 28 36 49 64 80 96 113 130 32 18 14 27 43 59 76 93 110 128 30 12 6 23 41 58 75 92 110 127 34 20 17 28 43 60 77 94 111 128 42 32 31 38 50 65 81 97 114 130 53 46 45 50 60 72 87 102 118 134 66 60 59 63 71 82 95 109 124 139 79 74 73 76 83 92 104 117 131 145 92 88 87 89 95 103 114 126 139 153
31 46 52 42 33 41 35 23 42 36 7 46 0 4 39 27 54 65 6 9 41 49 34 20 34 36 35 16 51 75 10 44 25 11 45 33 58 70 8 10 93 81 71 64 61 64 70 80 92 105 85 71 59 51 47 50 58 70 83 98 78 63 49 38 33 37 48 61 76 92 73 56 40 26 19 26 39 55 72 88 70 53 36 19 5 18 35 52 69 87 71 54 37 21 10 20 36 53 70 87 74 58 43 30 24 29 42 57 73 89 80 65 52 42 38 41 51 64 78 94 87 74 63 55 52 54 62 73 86 100 96 85 75 68 66 68 74 83 95 108
28 43 52 39 30 45 34 25 42 38 5 45 4 0 40 26 53 64 7 6 38 47 31 24 30 39 33 19 51 74 9 43 26 15 46 32 57 69 5 8 92 79 69 61 58 60 67 77 89 103 84 70 57 48 44 47 55 67 81 96 77 62 47 36 30 34 45 59 75 91 73 56 40 25 16 23 37 54 70 87 71 54 36 19 3 17 34 51 68 86 72 55 38 23 13 21 36 53 70 87 76 60 45 33 27 31 43 57 73 90 82 67 55 45 41 44 53 65 79 95 90 77 66 58 55 57 64 75 87 101 99 87 78 71 69 71 76 85 96 109
53 81 20 64 60 41 74 58 17 18 37 85 39 40 0 26 31 31 34 39 65 85 60 40 57 40 73 48 18 46 48 82 62 41 7 14 28 38 37 35 131 117 105 94 85 79 76 78 83 91 123 109 95 83 72 65 62 64 70 80 117 101 86 73 61 52 49 51 59 70 111 95 79 64 50 40 35 38 48 61 108 91 74 58 42 28 21 26 39 55 106 89 72 54 37 20 7 18 34 51 106 89 72 54 37 21 8 18 34 51 108 91 74 58 42 29 22 27 40 55 112 95 80 65 51 40 36 39 49 62 117 102 87 73 62 53 50 52 59 71
29 60 29 39 36 53 57 50 18 35 21 68 27 26 26 0 28 40 23 22 40 64 36 40 32 49 54 42 29 49 32 67 51 35 32 12 33 44 21 18 110 95 81 69 60 54 54 59 69 81 104 88 73 59 48 41 40 47 58 72 99 83 66 51 37 27 27 36 50 66 97 79 62 45 29 15 15 29 45 62 96 79 61 44 27 10 9 26 44 61 97 80 64 47 31 19 19 31 47 63 101 84 69 54 41 32 32 40 53 68 106 91 76 63 52 46 46 52 62 75 113 98 85 74 65 60 59 64 73 84 121 107 95 85 78 73 73 77 84 94
50 83 14 57 58 70 83 77 15 47 48 94 54 53 31 28 0 18 49 49 58 87 58 64 53 68 80 68 17 22 59 94 78 61 34 24 10 18 48 45 133 118 102 88 74 63 55 51 54 61 129 112 96 80 65 52 42 37 41 50 125 108 91 75 59 43 30 24 29 41 123 106 89 72 54 38 21 10 19 35 123 106 88 71 54 37 20 5 17 34 124 107 90 73 57 41 27 19 25 38 127 111 94 78 63 49 38 33 36 47 131 115 100 85 71 59 50 46 49 57 137 122 107 93 81 70 63 60 62 69 144 129 116 103 92 83 77 74 76 81
66 99 13 73 74 71 97 86 23 48 60 108 65 64 31 40 18 0 60 61 75 103 74 70 69 70 94 77 14 17 71 107 89 69 31 33 8 8 60 57 149 134 119 105 91 80 71 65 64 68 144 127 112 97 82 69 59 52 50 55 139 123 106 90 75 60 47 39 37 43 136 119 102 85 69 53 38 26 23 32 135 117 100 83 66 49 32 16 10 24 134 117 100 83 65 48 31 14 8 23 136 119 102 85 68 52 36 23 20 30 138 122 105 89 73 58 45 36 34 40 142 126 110 95 80 67 56 49 47 52 148 132 117 103 89 77 68 62 61 65
32 50 47 44 35 39 40 28 38 31 6 51 6 7 34 23 49 60 0 10 43 54 36 20 35 34 40 19 46 70 15 49 30 13 40 28 53 65 7 9 98 86 75 67 63 64 69 78 89 102 90 76 64 54 50 51 57 68 80 95 83 68 54 42 36 37 46 58 73 88 78 62 46 31 22 24 36 51 67 84 76 58 41 24 9 14 30 47 65 82 76 58 41 24 10 14 30 47 65 82 78 62 46 32 22 25 36 51 68 84 83 68 54 43 36 38 46 59 73 89 90 76 64 55 50 51 58 68 81 95 99 86 76 68 64 65 70 79 90 103
23 43 49 34 26 49 36 31 39 40 4 47 9 6 39 22 49 61 10 0 33 46 26 29 26 43 34 25 49 70 10 46 30 20 46 30 54 65 3 5 92 79 67 58 54 55 61 71 84 98 84 70 56 46 40 42 50 62 76 91 79 63 47 34 26 29 40 54 70 86 75 58 42 25 13 17 32 49 66 83 75 57 40 23 6 13 30 48 65 82 76 60 43 28 18 21 35 50 67 84 81 65 51 38 32 34 43 57 72 88 87 73 60 50 45 47 54 65 79 93 95 82 71 63 59 60 66 75 87 101 105 93 83 77 73 74 79 87 97 109
12 30 66 4 9 81 41 55 56 70 37 49 41 38 65 40 58 75 43 33 0 33 8 61 8 76 35 53 67 77 34 52 49 51 71 52 67 76 36 35 77 60 44 30 22 25 37 53 69 85 74 57 40 23 8 15 32 49 66 83 74 57 40 23 9 16 32 49 66 83 77 60 45 31 22 26 38 53 69 86 82 67 53 42 36 38 47 60 74 90 89 75 63 54 50 51 58 69 82 96 98 85 75 67 64 65 71 79 91 104 108 96 87 81 78 79 83 91 101 113 118 108 100 95 92 93 96 103 112 123 130 120 113 108 106 106 110 115 123 133
39 5 92 36 30 87 22 49 82 84 50 23 49 47 85 64 87 103 54 46 33 0 31 64 36 81 17 53 92 108 39 28 39 56 92 74 95 105 49 50 47 33 23 25 37 51 67 84 101 118 42 25 11 14 30 47 64 81 99 116 42 25 9 13 30 47 64 81 99 116 46 31 22 24 35 51 67 83 100 117 54 42 35 37 45 58 72 88 104 120 64 54 49 50 57 67 80 94 109 125 75 67 63 64 69 78 89 102 116 131 88 81 77 78 82 89 99 111 124 138 100 95 92 92 95 102 111 121 133 146 114 108 106 106 109 114 122 132 143 155
9 27 63 10 1 75 35 48 53 64 30 44 34 31 60 36 58 74 36 26 8 31 0 53 6 69 29 46 64 77 26 46 42 44 67 48 66 75 29 29 76 60 46 34 28 32 44 58 74 90 72 55 39 24 14 22 36 53 70 87 71 54 36 19 2 17 34 51 68 86 72 56 39 24 15 22 37 53 70 87 77 61 46 34 29 33 44 58 74 90 83 69 56 47 43 46 54 66 80 96 91 78 68 60 57 59 66 76 88 102 101 89 80 74 71 73 78 87 98 111 111 101 93 87 85 86 91 98 108 120 122 113 106 101 99 100 104 111 119 130
51 61 57 62 53 23 46 22 50 28 25 55 20 24 40 40 64 70 20 29 61 64 53 0 53 17 48 13 56 83 28 51 29 10 43 40 65 76 26 28 105 95 87 82 81 83 89 97 108 120 95 83 74 69 67 70 77 86 98 111 85 72 62 55 53 57 65 76 89 104 77 63 50 41 39 44 54 67 82 98 71 55 40 29 25 32 45 60 77 93 68 50 34 18 11 23 39 56 73 91 67 50 32 15 5 21 38 56 73 90 69 53 37 23 18 27 42 58 75 92 74 59 45 35 32 38 50 64 79 95 81 68 56 49 46 50 60 72 86 101
4 32 59 9 6 74 39 50 49 62 29 48 34 30 57 32 53 69 35 26 8 36 6 53 0 68 33 47 60 73 27 50 44 44 64 44 61 70 28 28 81 65 50 37 29 31 40 54 69 85 77 60 44 28 16 19 32 48 65 82 76 59 41 24 7 12 29 46 63 81 77 60 44 28 16 18 32 48 65 82 81 65 50 37 29 30 40 54 69 85 87 72 59 49 43 44 51 62 76 91 95 81 70 61 57 57 63 72 84 98 104 92 82 74 71 71 76 83 94 106 114 103 94 88 85 85 89 95 105 116 125 115 107 101 98 99 102 108 116 126
65 78 59 77 68 7 62 36 54 23 40 70 36 39 40 49 68 70 34 43 76 81 69 17 68 0 64 29 57 85 44 66 45 26 41 45 67 78 41 42 121 111 104 99 97 98 101 108 117 128 110 99 91 85 83 84 88 96 106 118 99 88 78 71 69 70 76 84 96 108 90 77 66 58 55 57 63 74 86 100 82 68 55 45 41 43 52 64 79 94 76 60 45 33 27 31 42 57 73 89 73 56 39 23 13 20 35 52 69 86 72 54 37 20 3 16 33 50 68 85 73 57 40 26 17 23 37 53 70 87 78 62 48 36 31 34 45 59 74 90
35 15 82 38 28 71 7 32 72 70 36 16 35 33 73 54 80 94 40 34 35 17 29 48 33 64 0 36 82 101 25 18 23 40 79 63 87 97 36 38 59 48 40 40 46 58 71 86 102 118 51 37 27 26 35 49 65 81 98 115 46 29 15 13 28 44 61 78 95 113 45 28 11 9 26 43 60 78 95 112 48 33 21 20 31 46 63 79 96 113 55 42 34 33 41 53 68 84 100 116 65 54 48 47 53 63 76 90 105 121 75 67 62 61 66 74 85 98 112 127 87 80 76 75 79 86 95 107 120 134 100 93 90 89 92 98 107 117 129 142
45 50 64 55 45 35 33 10 55 39 22 42 16 19 48 42 68 77 19 25 53 53 46 13 47 29 36 0 63 89 20 38 17 8 53 45 71 83 23 26 93 83 76 72 72 77 85 95 108 121 82 71 62 58 59 64 74 86 99 114 73 60 49 44 45 52 63 77 92 107 65 50 38 30 32 41 55 70 86 103 60 44 28 17 19 33 49 66 83 100 58 41 24 6 12 29 47 64 81 99 60 43 27 15 18 32 48 65 82 99 64 49 36 28 30 40 54 69 86 102 72 58 48 42 43 51 62 76 91 107 81 69 61 56 57 63 72 84 98 113
56 88 3 66 64 58 85 72 11 35 47 95 51 51 18 29 17 14 46 49 67 92 64 56 60 57 82 63 0 29 59 94 76 55 19 19 11 21 48 45 139 124 110 97 85 76 69 67 70 76 132 117 102 87 74 64 56 54 56 64 127 111 95 79 65 52 43 40 44 53 123 107 90 73 58 43 31 26 32 44 121 104 87 70 53 36 21 12 22 38 121 103 86 69 52 34 17 3 19 36 122 105 88 71 54 38 23 17 25 39 125 108 91 75 60 46 35 30 35 47 129 113 97 82 68 56 47 44 48 57 134 119 104 90 78 67 60 58 61 68
70 104 27 75 78 86 105 97 34 63 70 116 75 74 46 49 22 17 70 70 77 108 77 83 73 85 101 89 29 0 80 115 99 81 47 44 19 9 70 67 153 137 121 106 91 77 65 56 51 52 149 132 116 100 84 69 55 44 38 39 146 129 112 95 79 62 47 33 24 26 145 127 110 93 76 58 41 25 11 16 144 127 110 92 75 58 41 24 7 13 145 128 111 94 77 61 44 30 19 22 148 131 114 98 82 66 52 40 33 35 152 135 119 103 88 74 61 52 47 48 156 141 125 110 96 83 72 64 60 61 162 147 132 118 105 94 84 77 74 74
26 36 59 36 26 50 26 23 49 46 12 37 10 9 48 32 59 71 15 10 34 39 26 28 27 44 25 20 59 80 0 36 20 19 54 40 64 75 12 14 84 71 61 55 54 58 66 78 91 106 76 61 49 41 40 45 56 69 84 100 69 53 39 28 26 34 47 63 79 95 65 48 32 17 12 25 42 59 76 93 65 47 30 13 7 23 40 58 75 92 67 50 35 22 19 29 44 60 77 94 72 57 44 34 32 39 51 66 81 97 79 66 55 48 46 51 61 73 87 103 88 76 67 61 60 64 72 83 95 109 98 88 80 75 74 77 84 93 105 117
51 28 94 55 45 72 12 30 84 76 47 6 44 43 82 67 94 107 49 46 52 28 46 51 50 66 18 38 94 115 36 0 22 44 88 75 100 111 47 50 56 49 48 53 62 74 88 103 119 135 45 35 34 40 52 66 82 98 114 131 35 23 20 30 45 61 77 94 111 128 30 13 8 24 41 58 75 93 110 127 31 16 12 25 42 59 76 93 110 127 38 27 25 33 47 63 79 95 112 129 49 40 39 45 56 69 84 100 116 132 60 54 53 57 66 78 91 106 121 137 73 68 67 70 78 88 100 113 128 143 86 82 81 84 90 99 110 122 135 150
44 37 76 52 41 51 18 10 67 55 30 26 25 26 62 51 78 89 30 30 49 39 42 29 44 45 23 17 76 99 20 22 0 23 67 57 82 94 30 33 77 68 62 61 65 73 84 97 111 126 66 55 48 47 53 62 75 89 104 120 57 44 35 34 41 53 67 83 99 115 50 34 22 20 30 45 62 78 95 112 46 29 12 8 25 42 59 76 93 111 47 30 15 12 26 43 60 77 94 111 52 38 27 25 34 48 63 80 96 113 60 48 40 39 45 56 70 85 101 117 70 60 54 53 58 67 78 92 107 122 81 73 68 67 71 78 88 101 114 129
42 52 56 53 43 32 38 18 48 32 17 48 11 15 41 35 61 69 13 20 51 56 44 10 44 26 40 8 55 81 19 44 23 0 45 38 63 75 18 20 98 87 78 73 72 74 81 90 102 115 88 75 66 59 58 61 69 80 93 107 79 65 54 46 44 48 58 71 85 100 72 57 43 33 30 36 48 63 79 95 68 51 35 21 16 26 42 58 75 92 66 49 31 14 4 22 39 56 73 91 67 50 34 19 14 25 41 58 75 92 71 56 42 31 28 35 47 62 78 95 78 64 52 44 42 47 57 70 84 99 86 74 64 57 56 59 67 79 92 106
60 88 21 71 67 40 80 62 22 18 43 90 45 46 7 32 34 31 40 46 71 92 67 43 64 41 79 53 19 47 54 88 67 45 0 20 29 39 44 42 137 124 111 100 91 85 82 83 87 94 129 115 101 89 79 72 68 69 74 82 122 107 92 79 67 59 54 55 62 71 117 101 85 70 57 46 41 42 50 62 112 96 79 63 48 35 27 29 40 54 110 93 76 59 42 26 14 18 32 49 109 92 75 57 40 23 6 13 30 47 111 93 76 60 43 28 17 20 34 50 113 97 81 65 50 38 30 32 42 56 118 102 87 72 59 49 44 46 53 64
40 70 20 51 48 48 66 54 11 26 28 76 33 32 14 12 24 33 28 30 52 74 48 40 44 45 63 45 19 44 40 75 57 38 20 0 26 38 29 26 121 106 93 81 72 65 63 66 73 83 114 98 84 71 59 52 49 53 61 73 108 92 76 62 48 39 36 40 51 65 104 88 71 55 39 27 22 29 43 58 103 85 68 51 34 17 8 21 38 55 102 85 68 51 34 17 7 21 38 55 104 87 71 54 39 26 21 29 42 58 108 92 76 61 48 38 35 40 51 64 113 98 83 70 59 51 49 52 61 73 120 106 92 81 71 65 63 65 72 82
58 91 9 66 66 68 90 80 16 45 53 101 58 57 28 33 10 8 53 54 67 95 66 65 61 67 87 71 11 19 64 100 82 63 29 26 0 12 53 51 141 126 111 97 84 73 64 60 61 66 136 120 104 89 75 62 52 46 47 54 132 115 99 82 67 52 40 33 34 43 129 112 95 78 61 45 30 20 22 34 128 111 93 76 59 42 24 8 12 29 128 111 94 77 59 42 26 12 15 30 130 113 96 80 63 48 34 25 26 37 133 117 101 85 70 56 45 38 39 47 138 122 107 92 78 66 57 52 53 59 144 129 114 100 88 77 70 66 66 71
67 101 20 74 76 78 101 91 28 55 65 111 70 69 38 44 18 8 65 65 76 105 75 76 70 78 97 83 21 9 75 111 94 75 39 38 12 0 65 62 151 135 120 105 91 78 68 61 58 60 146 130 114 98 83 69 56 48 44 47 143 126 109 92 76 61 46 35 30 35 140 123 106 89 72 55 39 24 17 24 139 122 105 87 70 53 36 18 3 18 140 122 105 88 71 54 37 22 12 21 142 125 108 91 75 59 44 31 26 31 145 128 112 96 80 66 53 43 39 43 149 133 118 102 88 75 64 56 53 56 155 139 125 110 97 85 76 69 67 69
25 45 48 37 29 46 38 30 38 37 2 48 8 5 37 21 48 60 7 3 36 49 29 26 28 41 36 23 48 70 12 47 30 18 44 29 53 65 0 3 94 81 69 61 57 57 63 73 85 98 86 72 59 48 43 44 51 63 76 91 80 64 49 37 29 31 41 54 70 86 77 60 43 27 15 19 33 49 66 83 75 58 41 23 6 12 30 47 64 81 77 60 43 27 16 19 33 49 66 83 80 65 50 37 29 31 41 55 70 86 87 72 59 49 43 44 52 63 77 92 94 81 70 61 57 58 64 73 85 99 103 92 82 74 71 72 76 84 95 107
24 46 45 36 29 47 40 33 35 36 4 51 10 8 35 18 45 57 9 5 35 50 29 28 28 42 38 26 45 67 14 50 33 20 42 26 51 62 3 0 96 82 71 61 56 56 61 70 82 96 89 74 60 49 43 43 49 60 74 89 83 67 51 38 29 29 38 52 67 83 79 62 45 29 16 16 30 46 63 80 78 61 43 26 9 9 27 44 61 79 79 63 46 30 17 18 31 46 63 80 83 67 52 39 30 31 39 53 68 84 89 75 61 50 44 44 51 61 75 89 97 84 72 63 58 58 63 72 83 97 106 94 84 76 72 72 76 83 93 105
84 51 138 79 76 127 60 86 128 128 95 51 93 92 131 110 133 149 98 92 77 47 76 105 81 121 59 93 139 153 84 56 77 98 137 121 141 151 94 96 0 18 35 52 70 87 104 122 139 156 15 23 38 54 71 88 105 122 140 157 29 34 45 60 75 91 108 125 142 159 43 47 55 68 82 97 113 129 145 162 58 60 67 77 90 104 119 134 150 166 72 74 80 88 99 112 126 140 156 171 86 88 93 100 110 122 134 148 162 177 100 102 106 112 121 132 144 156 170 184 115 116 119 125 133 143 154 166 179 192 129 130 133 138 145 154 164 176 188 201
69 37 123 63 60 117 50 77 113 116 82 43 81 79 117 95 118 134 86 79 60 33 60 95 65 111 48 83 124 137 71 49 68 87 124 106 126 135 81 82 18 0 18 35 52 70 87 104 122 139 23 15 23 38 54 71 88 105 122 140 34 29 34 45 60 75 91 108 125 142 47 43 46 55 67 82 97 112 129 145 60 57 60 67 77 90 104 118 134 150 74 72 73 79 88 99 112 126 140 155 88 86 87 92 100 110 121 134 148 162 102 100 101 105 112 121 131 143 156 170 116 114 115 119 125 133 142 153 165 178 130 128 129 132 138 145 154 164 175 187
54 26 109 46 46 110 45 71 99 106 70 42 71 69 105 81 102 119 75 67 44 23 46 87 50 104 40 76 110 121 61 48 62 78 111 93 111 120 69 71 35 18 0 18 35 52 70 87 104 122 38 23 15 23 38 54 71 88 105 122 45 34 29 34 45 60 75 91 108 125 55 46 43 46 55 67 81 97 112 129 67 60 57 60 67 77 90 104 118 134 80 73 71 73 79 88 99 112 126 140 93 87 85 87 92 99 109 121 134 148 106 101 99 101 105 112 121 131 143 156 119 115 114 115 118 124 132 142 153 165 133 129 128 129 132 137 144 153 163 175
41 26 95 32 34 105 46 70 86 97 62 47 64 61 94 69 88 105 67 58 30 25 34 82 37 99 40 72 97 106 55 53 61 73 100 81 97 105 61 61 52 35 18 0 18 35 52 70 87 104 54 38 23 15 23 38 54 71 88 105 60 45 34 29 33 45 59 75 91 108 68 55 46 43 46 55 67 81 97 112 77 67 60 57 59 66 77 89 103 118 88 79 73 71 73 79 88 99 112 125 100 92 87 85 87 91 99 109 121 134 112 105 101 99 100 105 111 120 131 143 125 119 115 113 114 118 124 132 141 152 138 132 129 127 128 131 137 144 153 163
33 35 83 21 29 102 53 73 74 91 58 58 61 58 85 60 74 91 63 54 22 37 28 81 29 97 46 72 85 91 54 62 65 72 91 72 84 91 57 56 70 52 35 18 0 18 35 52 70 87 71 54 38 23 15 23 38 54 71 88 75 60 45 33 29 33 45 59 75 91 82 67 55 46 43 46 55 67 81 96 90 77 67 59 57 59 66 77 89 103 99 88 79 73 71 73 78 87 99 111 110 100 92 87 85 86 91 99 109 120 121 112 105 100 99 100 104 111 120 130 133 125 118 114 113 114 117 123 131 141 145 138 132 128 127 127 131 136 143 152
33 49 74 22 33 103 64 79 66 88 59 71 64 60 79 54 63 80 64 55 25 51 32 83 31 98 58 77 76 77 58 74 73 74 85 65 73 78 57 56 87 70 52 35 18 0 18 35 52 70 88 71 54 38 23 14 23 38 54 71 91 75 60 45 33 28 33 45 59 75 97 82 67 55 46 42 46 55 67 81 104 90 77 66 59 56 59 66 76 89 112 99 88 79 73 70 72 78 87 98 122 110 99 91 86 84 86 91 98 108 132 121 112 105 100 98 99 104 110 119 143 133 124 118 114 112 113 117 123 131 154 145 137 131 127 126 127 130 135 143
41 65 67 34 45 106 78 89 61 88 64 86 70 67 76 54 55 71 69 61 37 67 44 89 40 101 71 85 69 65 66 88 84 81 82 63 64 68 63 61 104 87 70 52 35 18 0 18 35 52 105 88 71 54 38 23 14 23 38 54 108 91 75 59 45 33 28 33 45 59 113 97 81 67 55 46 42 46 54 67 119 104 90 77 66 59 56 59 66 76 126 112 99 88 78 72 70 72 78 87 134 121 109 99 91 86 84 85 90 98 144 131 121 111 104 99 98 99 103 110 154 142 132 124 117 113 112 113 116 122 164 154 144 137 131 127 125 126 130 135
54 81 65 49 59 112 93 101 61 92 74 101 80 77 78 59 51 65 78 71 53 84 58 97 54 108 86 95 67 56 78 103 97 90 83 66 60 61 73 70 122 104 87 70 52 35 18 0 18 35 122 105 88 71 54 38 23 14 23 38 125 108 91 75 59 45 33 28 33 45 129 112 97 81 67 55 46 42 45 54 134 118 104 89 77 66 59 56 58 65 140 126 112 99 87 78 72 70 72 77 148 134 121 109 99 91 85 83 85 90 156 143 131 120 111 104 99 97 99 103 166 153 142 132 123 117 113 111 112 116 176 164 153 144 136 130 126 125 126 129
69 98 67 66 75 120 108 114 66 99 86 117 92 89 83 69 54 64 89 84 69 101 74 108 69 117 102 108 70 51 91 119 111 102 87 73 61 58 85 82 139 122 104 87 70 52 35 18 0 18 140 122 105 88 71 54 38 23 14 23 142 125 108 91 75 59 45 33 28 33 145 129 112 97 81 67 54 45 42 45 150 134 118 103 89 76 66 58 55 58 156 140 126 112 99 87 78 72 69 71 162 148 134 121 109 98 90 85 83 85 170 156 143 131 120 110 103 99 97 98 179 165 153 141 131 123 116 112 110 112 188 175 163 153 143 135 130 126 124 125
85 115 73 82 91 130 124 128 75 108 99 133 105 103 91 81 61 68 102 98 85 118 90 120 85 128 118 121 76 52 106 135 126 115 94 83 66 60 98 96 156 139 122 104 87 70 52 35 18 0 157 140 122 105 88 71 54 38 23 14 159 142 125 108 91 75 59 45 33 28 162 145 129 112 96 81 67 54 45 42 166 150 134 118 103 89 76 65 58 55 171 155 140 125 111 98 87 77 71 69 177 162 148 134 120 108 98 90 85 83 184 170 156 143 130 119 110 103 98 96 192 178 165 152 141 131 122 116 112 110 201 187 175 163 152 143 135 129 125 124
80 46 132 77 72 116 50 74 122 119 87 40 85 84 123 104 129 144 90 84 74 42 72 95 77 110 51 82 132 149 76 45 66 88 129 114 136 146 86 89 15 23 38 54 71 88 105 122 140 157 0 18 35 52 70 87 104 122 139 156 15 23 38 54 71 88 105 122 140 157 29 34 45 60 75 91 108 125 142 159 43 47 55 68 82 97 113 129 145 162 58 60 67 77 90 104 119 134 150 166 72 74 80 88 99 112 126 140 156 171 86 88 93 100 110 122 134 148 162 177 100 102 106 112 121 132 144 156 170 184 115 116 119 125 133 143 154 166 179 192
63 29 116 60 55 105 38 64 106 106 72 30 71 70 109 88 112 127 76 70 57 25 55 83 60 99 37 71 117 132 61 35 55 75 115 98 120 130 72 74 23 15 23 38 54 71 88 105 122 140 18 0 18 35 52 70 87 104 122 139 23 15 23 38 54 71 88 105 122 140 34 29 34 45 60 75 91 108 125 142 47 43 46 55 67 82 97 112 129 145 60 57 60 67 77 90 104 118 134 150 74 72 73 79 88 99 112 126 140 155 88 86 87 92 100 110 121 134 148 162 102 100 101 105 112 121 131 143 156 170 116 114 115 119 125 133 142 153 165 178
47 14 101 42 38 97 31 58 91 94 60 28 59 57 95 73 96 112 64 56 40 11 39 74 44 91 27 62 102 116 49 34 48 66 101 84 104 114 59 60 38 23 15 23 38 54 71 88 105 122 35 18 0 18 35 52 70 87 104 122 38 23 15 23 38 54 71 88 105 122 45 34 29 34 45 60 75 91 108 125 55 46 43 46 55 67 81 97 112 129 67 60 57 60 67 77 90 104 118 134 80 73 71 73 79 88 99 112 126 140 93 87 85 87 92 99 109 121 134 148 106 101 99 101 105 112 121 131 143 156 119 115 114 115 118 124 132 142 153 165
32 13 86 25 23 91 32 56 76 85 49 36 51 48 83 59 80 97 54 46 23 14 24 69 28 85 26 58 87 100 41 40 47 59 89 71 89 98 48 49 54 38 23 15 23 38 54 71 88 105 52 35 18 0 18 35 52 70 87 104 54 38 23 15 23 38 54 71 88 105 60 45 34 29 33 45 59 75 91 108 68 55 46 43 46 55 67 81 97 112 77 67 60 57 59 66 77 89 103 118 88 79 73 71 73 79 88 99 112 125 100 92 87 85 87 91 99 109 121 134 112 105 101 99 100 105 111 120 131 143 125 119 115 113 114 118 124 132 141 152
20 27 73 9 15 88 42 59 64 78 44 49 47 44 72 48 65 82 50 40 8 30 14 67 16 83 35 59 74 84 40 52 53 58 79 59 75 83 43 43 71 54 38 23 15 23 38 54 71 88 70 52 35 18 0 18 35 52 70 87 71 54 38 23 15 23 38 54 71 88 75 60 45 33 29 33 45 59 75 91 82 67 55 46 43 46 55 67 81 96 90 77 67 59 57 59 66 77 89 103 99 88 79 73 71 73 78 87 99 111 110 100 92 87 85 86 91 99 109 120 121 112 105 100 99 100 104 111 120 130 133 125 118 114 113 114 117 123 131 141
20 44 62 12 22 89 56 67 53 74 45 64 50 47 65 41 52 69 51 42 15 47 22 70 19 84 49 64 64 69 45 66 62 61 72 52 62 69 44 43 88 71 54 38 23 14 23 38 54 71 87 70 52 35 18 0 18 35 52 70 88 71 54 38 23 14 23 38 54 71 91 75 60 45 33 28 33 45 59 75 97 82 67 55 46 42 46 55 67 81 104 90 77 66 59 56 59 66 76 89 112 99 88 79 73 70 72 78 87 98 122 110 99 91 86 84 86 91 98 108 132 121 112 105 100 98 99 104 110 119 143 133 124 118 114 112 113 117 123 131
32 61 54 29 37 93 71 79 48 75 52 80 58 55 62 40 42 59 57 50 32 64 36 77 32 88 65 74 56 55 56 82 75 69 68 49 52 56 51 49 105 88 71 54 38 23 14 23 38 54 104 87 70 52 35 18 0 18 35 52 105 88 71 54 38 23 14 23 38 54 108 91 75 59 45 33 28 33 45 59 113 97 81 67 55 46 42 46 54 67 119 104 90 77 66 59 56 59 66 76 126 112 99 88 78 72 70 72 78 87 134 121 109 99 91 86 84 85 90 98 144 131 121 111 104 99 98 99 103 110 154 142 132 124 117 113 112 113 116 122
47 78 51 46 54 99 87 92 48 79 64 96 70 67 64 47 37 52 68 62 49 81 53 86 48 96 81 86 54 44 69 98 89 80 69 53 46 48 63 60 122 105 88 71 54 38 23 14 23 38 122 104 87 70 52 35 18 0 18 35 122 105 88 71 54 38 23 14 23 38 125 108 91 75 59 45 33 28 33 45 129 112 97 81 67 55 46 42 45 54 134 118 104 89 77 66 59 56 58 65 140 126 112 99 87 78 72 70 72 77 148 134 121 109 99 91 85 83 85 90 156 143 131 120 111 104 99 97 99 103 166 153 142 132 123 117 113 111 112 116
64 95 54 63 71 109 103 106 54 87 77 113 83 81 70 58 41 50 80 76 66 99 70 98 65 106 98 99 56 38 84 114 104 93 74 61 47 44 76 74 140 122 105 88 71 54 38 23 14 23 139 122 104 87 70 52 35 18 0 18 140 122 105 88 71 54 38 23 14 23 142 125 108 91 75 59 45 33 28 33 145 129 112 97 81 67 54 45 42 45 150 134 118 103 89 76 66 58 55 58 156 140 126 112 99 87 78 72 69 71 162 148 134 121 109 98 90 85 83 85 170 156 143 131 120 110 103 99 97 98 179 165 153 141 131 123 116 112 110 112
81 113 62 80 88 120 120 121 64 97 92 130 98 96 80 72 50 55 95 91 83 116 87 111 82 118 115 114 64 39 100 131 120 107 82 73 54 47 91 89 157 140 122 105 88 71 54 38 23 14 156 139 122 104 87 70 52 35 18 0 157 140 122 105 88 71 54 38 23 14 159 142 125 108 91 75 59 45 33 28 162 145 129 112 96 81 67 54 45 42 166 150 134 118 103 89 76 65 58 55 171 155 140 125 111 98 87 77 71 69 177 162 148 134 120 108 98 90 85 83 184 170 156 143 130 119 110 103 98 96 192 178 165 152 141 131 122 116 112 110
78 45 127 77 70 105 43 64 117 111 81 32 78 77 117 99 125 139 83 79 74 42 71 85 76 99 46 73 127 146 69 35 57 79 122 108 132 143 80 83 29 34 45 60 75 91 108 125 142 159 15 23 38 54 71 88 105 122 140 157 0 18 35 52 70 87 104 122 139 156 15 23 38 54 71 88 105 122 140 157 29 34 45 60 75 91 108 125 142 159 43 47 55 68 82 97 113 129 145 162 58 60 67 77 90 104 119 134 150 166 72 74 80 88 99 112 126 140 156 171 86 88 93 100 110 122 134 148 162 177 100 102 106 112 121 132 144 156 170 184
61 28 111 60 53 94 28 52 100 97 65 18 63 62 101 83 108 123 68 63 57 25 54 72 59 88 29 60 111 129 53 23 44 65 107 92 115 126 64 67 34 29 34 45 60 75 91 108 125 142 23 15 23 38 54 71 88 105 122 140 18 0 18 35 52 70 87 104 122 139 23 15 23 38 54 71 88 105 122 140 34 29 34 45 60 75 91 108 125 142 47 43 46 55 67 82 97 112 129 145 60 57 60 67 77 90 104 118 134 150 74 72 73 79 88 99 112 126 140 155 88 86 87 92 100 110 121 134 148 162 102 100 101 105 112 121 131 143 156 170
44 11 95 43 36 84 17 44 84 84 50 14 49 47 86 66 91 106 54 47 40 9 36 62 41 78 15 49 95 112 39 20 35 54 92 76 99 109 49 51 45 34 29 34 45 60 75 91 108 125 38 23 15 23 38 54 71 88 105 122 35 18 0 18 35 52 70 87 104 122 38 23 15 23 38 54 71 88 105 122 45 34 29 34 45 60 75 91 108 125 55 46 43 46 55 67 81 97 112 129 67 60 57 60 67 77 90 104 118 134 80 73 71 73 79 88 99 112 126 140 93 87 85 87 92 99 109 121 134 148 106 101 99 101 105 112 121 131 143 156
26 9 79 26 18 78 20 42 69 73 38 27 38 36 73 51 75 90 42 34 23 13 19 55 24 71 13 44 79 95 28 30 34 46 79 62 82 92 37 38 60 45 34 29 33 45 59 75 91 108 54 38 23 15 23 38 54 71 88 105 52 35 18 0 18 35 52 70 87 104 54 38 23 15 23 38 54 71 88 105 60 45 34 29 33 45 59 75 91 108 68 55 46 43 46 55 67 81 97 112 77 67 60 57 59 66 77 89 103 118 88 79 73 71 73 79 88 99 112 125 100 92 87 85 87 91 99 109 121 134 112 105 101 99 100 105 111 120 131 143
10 26 64 12 1 74 34 47 54 65 30 43 33 30 61 37 59 75 36 26 9 30 2 53 7 69 28 45 65 79 26 45 41 44 67 48 67 76 29 29 75 60 45 33 29 33 45 59 75 91 71 54 38 23 15 23 38 54 71 88 70 52 35 18 0 18 35 52 70 87 71 54 38 23 15 23 38 54 71 88 75 60 45 33 29 33 45 59 75 91 82 67 55 46 43 46 55 67 81 96 90 77 67 59 57 59 66 77 89 103 99 88 79 73 71 73 78 87 99 111 110 100 92 87 85 86 91 99 109 120 121 112 105 100 99 100 104 111 120 130
10 43 51 14 17 75 50 57 42 60 32 59 37 34 52 27 43 60 37 29 16 47 17 57 12 70 44 52 52 62 34 61 53 48 59 39 52 61 31 29 91 75 60 45 33 28 33 45 59 75 88 71 54 38 23 14 23 38 54 71 87 70 52 35 18 0 18 35 52 70 88 71 54 38 23 14 23 38 54 71 91 75 60 45 33 28 33 45 59 75 97 82 67 55 46 42 46 55 67 81 104 90 77 66 59 56 59 66 76 89 112 99 88 79 73 70 72 78 87 98 122 110 99 91 86 84 86 91 98 108 132 121 112 105 100 98 99 104 110 119
27 60 41 29 35 80 66 69 34 61 42 76 48 45 49 27 30 47 46 40 32 64 34 65 29 76 61 63 43 47 47 77 67 58 54 36 40 46 41 38 108 91 75 59 45 33 28 33 45 59 105 88 71 54 38 23 14 23 38 54 104 87 70 52 35 18 0 18 35 52 105 88 71 54 38 23 14 23 38 54 108 91 75 59 45 33 28 33 45 59 113 97 81 67 55 46 42 46 54 67 119 104 90 77 66 59 56 59 66 76 126 112 99 88 78 72 70 72 78 87 134 121 109 99 91 86 84 85 90 98 144 131 121 111 104 99 98 99 103 110
44 78 37 46 52 87 83 84 34 66 55 93 61 59 51 36 24 39 58 54 49 81 51 76 46 84 78 77 40 33 63 94 83 71 55 40 33 35 54 52 125 108 91 75 59 45 33 28 33 45 122 105 88 71 54 38 23 14 23 38 122 104 87 70 52 35 18 0 18 35 122 105 88 71 54 38 23 14 23 38 125 108 91 75 59 45 33 28 33 45 129 112 97 81 67 55 46 42 45 54 134 118 104 89 77 66 59 56 58 65 140 126 112 99 87 78 72 70 72 77 148 134 121 109 99 91 85 83 85 90 156 143 131 120 111 104 99 97 99 103
61 95 41 63 69 98 100 99 42 75 70 110 76 75 59 50 29 37 73 70 66 99 68 89 63 96 95 92 44 24 79 111 99 85 62 51 34 30 70 67 142 125 108 91 75 59 45 33 28 33 140 122 105 88 71 54 38 23 14 23 139 122 104 87 70 52 35 18 0 18 140 122 105 88 71 54 38 23 14 23 142 125 108 91 75 59 45 33 28 33 145 129 112 97 81 67 54 45 42 45 150 134 118 103 89 76 66 58 55 58 156 140 126 112 99 87 78 72 69 71 162 148 134 121 109 98 90 85 83 85 170 156 143 131 120 110 103 99 97 98
79 112 51 81 86 110 117 115 55 87 86 128 92 91 70 66 41 43 88 86 83 116 86 104 81 108 113 107 53 26 95 128 115 100 71 65 43 35 86 83 159 142 125 108 91 75 59 45 33 28 157 140 122 105 88 71 54 38 23 14 156 139 122 104 87 70 52 35 18 0 157 140 122 105 88 71 54 38 23 14 159 142 125 108 91 75 59 45 33 28 162 145 129 112 96 81 67 54 45 42 166 150 134 118 103 89 76 65 58 55 171 155 140 125 111 98 87 77 71 69 177 162 148 134 120 108 98 90 85 83 184 170 156 143 130 119 110 103 98 96
79 48 124 80 72 96 40 56 114 104 77 30 73 73 111 97 123 136 78 75 77 46 72 77 77 90 45 65 123 145 65 30 50 72 117 104 129 140 77 79 43 47 55 68 82 97 113 129 145 162 29 34 45 60 75 91 108 125 142 159 15 23 38 54 71 88 105 122 140 157 0 18 35 52 70 87 104 122 139 156 15 23 38 54 71 88 105 122 140 157 29 34 45 60 75 91 108 125 142 159 43 47 55 68 82 97 113 129 145 162 58 60 67 77 90 104 119 134 150 166 72 74 80 88 99 112 126 140 156 171 86 88 93 100 110 122 134 148 162 177
62 33 107 64 55 83 23 42 97 89 60 12 56 56 95 79 106 119 62 58 60 31 56 63 60 77 28 50 107 127 48 13 34 57 101 88 112 123 60 62 47 43 46 55 67 82 97 112 129 145 34 29 34 45 60 75 91 108 125 142 23 15 23 38 54 71 88 105 122 140 18 0 18 35 52 70 87 104 122 139 23 15 23 38 54 71 88 105 122 140 34 29 34 45 60 75 91 108 125 142 47 43 46 55 67 82 97 112 129 145 60 57 60 67 77 90 104 118 134 150 74 72 73 79 88 99 112 126 140 155 88 86 87 92 100 110 121 134 148 162
45 21 90 48 38 72 6 31 80 74 43 6 40 40 79 62 89 102 46 42 45 22 39 50 44 66 11 38 90 110 32 8 22 43 85 71 95 106 43 45 55 46 43 46 55 67 81 97 112 129 45 34 29 34 45 60 75 91 108 125 38 23 15 23 38 54 71 88 105 122 35 18 0 18 35 52 70 87 104 122 38 23 15 23 38 54 71 88 105 122 45 34 29 34 45 60 75 91 108 125 55 46 43 46 55 67 81 97 112 129 67 60 57 60 67 77 90 104 118 134 80 73 71 73 79 88 99 112 126 140 93 87 85 87 92 99 109 121 134 148
28 20 73 34 23 64 13 28 63 62 28 23 26 25 64 45 72 85 31 25 31 24 24 41 28 58 9 30 73 93 17 24 20 33 70 55 78 89 27 29 68 55 46 43 46 55 67 81 97 112 60 45 34 29 33 45 59 75 91 108 54 38 23 15 23 38 54 71 88 105 52 35 18 0 18 35 52 70 87 104 54 38 23 15 23 38 54 71 88 105 60 45 34 29 33 45 59 75 91 108 68 55 46 43 46 55 67 81 97 112 77 67 60 57 59 66 77 89 103 118 88 79 73 71 73 79 88 99 112 125 100 92 87 85 87 91 99 109 121 134
14 32 57 24 14 60 30 35 47 52 17 41 19 16 50 29 54 69 22 13 22 35 15 39 16 55 26 32 58 76 12 41 30 30 57 39 61 72 15 16 82 67 55 46 43 46 55 67 81 96 75 60 45 33 29 33 45 59 75 91 71 54 38 23 15 23 38 54 71 88 70 52 35 18 0 18 35 52 70 87 71 54 38 23 15 23 38 54 71 88 75 60 45 33 29 33 45 59 75 91 82 67 55 46 43 46 55 67 81 96 90 77 67 59 57 59 66 77 89 103 99 88 79 73 71 73 78 87 99 111 110 100 92 87 85 86 91 99 109 120
14 47 42 25 22 61 47 47 32 46 20 58 26 23 40 15 38 53 24 17 26 51 22 44 18 57 43 41 43 58 25 58 45 36 46 27 45 55 19 16 97 82 67 55 46 42 46 55 67 81 91 75 60 45 33 28 33 45 59 75 88 71 54 38 23 14 23 38 54 71 87 70 52 35 18 0 18 35 52 70 88 71 54 38 23 14 23 38 54 71 91 75 60 45 33 28 33 45 59 75 97 82 67 55 46 42 46 55 67 81 104 90 77 66 59 56 59 66 76 89 112 99 88 79 73 70 72 78 87 98 122 110 99 91 86 84 86 91 98 108
29 63 29 36 37 67 64 62 21 47 33 75 39 37 35 15 21 38 36 32 38 67 37 54 32 63 60 55 31 41 42 75 62 48 41 22 30 39 33 30 113 97 81 67 55 46 42 46 54 67 108 91 75 59 45 33 28 33 45 59 105 88 71 54 38 23 14 23 38 54 104 87 70 52 35 18 0 18 35 52 105 88 71 54 38 23 14 23 38 54 108 91 75 59 45 33 28 33 45 59 113 97 81 67 55 46 42 46 54 67 119 104 90 77 66 59 56 59 66 76 126 112 99 88 78 72 70 72 78 87 134 121 109 99 91 86 84 85 90 98
45 80 23 51 54 76 82 78 21 54 49 92 55 54 38 29 10 26 51 49 53 83 53 67 48 74 78 70 26 25 59 93 78 63 42 29 20 24 49 46 129 112 97 81 67 55 46 42 45 54 125 108 91 75 59 45 33 28 33 45 122 105 88 71 54 38 23 14 23 38 122 104 87 70 52 35 18 0 18 35 122 105 88 71 54 38 23 14 23 38 125 108 91 75 59 45 33 28 33 45 129 112 97 81 67 55 46 42 45 54 134 118 104 89 77 66 59 56 58 65 140 126 112 99 87 78 72 70 72 77 148 134 121 109 99 91 85 83 85 90
62 96 29 67 71 88 99 94 33 65 66 110 72 70 48 45 19 23 67 66 69 100 70 82 65 86 95 86 32 11 76 110 95 79 50 43 22 17 66 63 145 129 112 97 81 67 54 45 42 45 142 125 108 91 75 59 45 33 28 33 140 122 105 88 71 54 38 23 14 23 139 122 104 87 70 52 35 18 0 18 140 122 105 88 71 54 38 23 14 23 142 125 108 91 75 59 45 33 28 33 145 129 112 97 81 67 54 45 42 45 150 134 118 103 89 76 66 58 55 58 156 140 126 112 99 87 78 72 69 71 162 148 134 121 109 98 90 85 83 85
79 114 42 83 88 101 116 111 48 78 83 127 88 87 61 62 35 32 84 83 86 117 87 98 82 100 112 103 44 16 93 127 112 95 62 58 34 24 83 80 162 145 129 112 96 81 67 54 45 42 159 142 125 108 91 75 59 45 33 28 157 140 122 105 88 71 54 38 23 14 156 139 122 104 87 70 52 35 18 0 157 140 122 105 88 71 54 38 23 14 159 142 125 108 91 75 59 45 33 28 162 145 129 112 96 81 67 54 45 42 166 150 134 118 103 89 76 65 58 55 171 155 140 125 111 98 87 77 71 69 177 162 148 134 120 108 98 90 85 83
82 55 122 85 76 88 42 51 112 98 75 34 70 71 108 96 123 135 76 75 82 54 77 71 81 82 48 60 121 144 65 31 46 68 112 103 128 139 75 78 58 60 67 77 90 104 119 134 150 166 43 47 55 68 82 97 113 129 145 162 29 34 45 60 75 91 108 125 142 159 15 23 38 54 71 88 105 122 140 157 0 18 35 52 70 87 104 122 139 156 15 23 38 54 71 88 105 122 140 157 29 34 45 60 75 91 108 125 142 159 43 47 55 68 82 97 113 129 145 162 58 60 67 77 90 104 119 134 150 166 72 74 80 88 99 112 126 140 156 171
66 43 105 70 60 73 26 34 95 82 58 20 53 54 91 79 106 117 58 57 67 42 61 55 65 68 33 44 104 127 47 16 29 51 96 85 111 122 58 61 60 57 60 67 77 90 104 118 134 150 47 43 46 55 67 82 97 112 129 145 34 29 34 45 60 75 91 108 125 142 23 15 23 38 54 71 88 105 122 140 18 0 18 35 52 70 87 104 122 139 23 15 23 38 54 71 88 105 122 140 34 29 34 45 60 75 91 108 125 142 47 43 46 55 67 82 97 112 129 145 60 57 60 67 77 90 104 118 134 150 74 72 73 79 88 99 112 126 140 155
50 34 87 56 45 61 14 20 78 67 41 17 36 36 74 61 88 100 41 40 53 35 46 40 50 55 21 28 87 110 30 12 12 35 79 68 93 105 41 43 67 60 57 60 67 77 90 104 118 134 55 46 43 46 55 67 81 97 112 129 45 34 29 34 45 60 75 91 108 125 38 23 15 23 38 54 71 88 105 122 35 18 0 18 35 52 70 87 104 122 38 23 15 23 38 54 71 88 105 122 45 34 29 34 45 60 75 91 108 125 55 46 43 46 55 67 81 97 112 129 67 60 57 60 67 77 90 104 118 134 80 73 71 73 79 88 99 112 126 140
36 34 70 44 34 51 18 14 61 52 23 28 19 19 58 44 71 83 24 23 42 37 34 29 37 45 20 17 70 92 13 25 8 21 63 51 76 87 23 26 77 67 60 57 59 66 77 89 103 118 68 55 46 43 46 55 67 81 97 112 60 45 34 29 33 45 59 75 91 108 54 38 23 15 23 38 54 71 88 105 52 35 18 0 18 35 52 70 87 104 54 38 23 15 23 38 54 71 88 105 60 45 34 29 33 45 59 75 91 108 68 55 46 43 46 55 67 81 97 112 77 67 60 57 59 66 77 89 103 118 88 79 73 71 73 79 88 99 112 125
27 41 53 38 28 46 32 25 43 40 6 43 5 3 42 27 54 66 9 6 36 45 29 25 29 41 31 19 53 75 7 42 25 16 48 34 59 70 6 9 90 77 67 59 57 59 66 77 89 103 82 67 55 46 43 46 55 67 81 96 75 60 45 33 29 33 45 59 75 91 71 54 38 23 15 23 38 54 71 88 70 52 35 18 0 18 35 52 70 87 71 54 38 23 15 23 38 54 71 88 75 60 45 33 29 33 45 59 75 91 82 67 55 46 43 46 55 67 81 96 90 77 67 59 57 59 66 77 89 103 99 88 79 73 71 73 78 87 99 111
27 54 36 38 33 48 49 41 26 33 12 60 18 17 28 10 37 49 14 13 38 58 33 32 30 43 46 33 36 58 23 59 42 26 35 17 42 53 12 9 104 90 77 66 59 56 59 66 76 89 97 82 67 55 46 42 46 55 67 81 91 75 60 45 33 28 33 45 59 75 88 71 54 38 23 14 23 38 54 71 87 70 52 35 18 0 18 35 52 70 88 71 54 38 23 14 23 38 54 71 91 75 60 45 33 28 33 45 59 75 97 82 67 55 46 42 46 55 67 81 104 90 77 66 59 56 59 66 76 89 112 99 88 79 73 70 72 78 87 98
36 68 20 46 44 55 66 57 10 34 30 77 35 34 21 9 20 32 30 30 47 72 44 45 40 52 63 49 21 41 40 76 59 42 27 8 24 36 30 27 119 104 90 77 66 59 56 59 66 76 113 97 81 67 55 46 42 46 54 67 108 91 75 59 45 33 28 33 45 59 105 88 71 54 38 23 14 23 38 54 104 87 70 52 35 18 0 18 35 52 105 88 71 54 38 23 14 23 38 54 108 91 75 59 45 33 28 33 45 59 113 97 81 67 55 46 42 46 54 67 119 104 90 77 66 59 56 59 66 76 126 112 99 88 78 72 70 72 78 87
50 84 10 58 59 66 83 74 11 43 47 94 52 51 26 26 5 16 47 48 60 88 58 60 54 64 79 66 12 24 58 93 76 58 29 21 8 18 47 44 134 118 104 89 77 66 59 56 58 65 129 112 97 81 67 55 46 42 45 54 125 108 91 75 59 45 33 28 33 45 122 105 88 71 54 38 23 14 23 38 122 104 87 70 52 35 18 0 18 35 122 105 88 71 54 38 23 14 23 38 125 108 91 75 59 45 33 28 33 45 129 112 97 81 67 55 46 42 45 54 134 118 104 89 77 66 59 56 58 65 140 126 112 99 87 78 72 70 72 77
66 100 20 73 74 79 100 91 28 56 64 111 69 68 39 44 17 10 65 65 74 104 74 77 69 79 96 83 22 7 75 110 93 75 40 38 12 3 64 61 150 134 118 103 89 76 66 58 55 58 145 129 112 97 81 67 54 45 42 45 142 125 108 91 75 59 45 33 28 33 140 122 105 88 71 54 38 23 14 23 139 122 104 87 70 52 35 18 0 18 140 122 105 88 71 54 38 23 14 23 142 125 108 91 75 59 45 33 28 33 145 129 112 97 81 67 54 45 42 45 150 134 118 103 89 76 66 58 55 58 156 140 126 112 99 87 78 72 69 71
82 117 36 88 91 94 117 109 45 71 81 128 87 86 55 61 34 24 82 82 90 120 90 93 85 94 113 100 38 13 92 127 111 92 54 55 29 18 81 79 166 150 134 118 103 89 76 65 58 55 162 145 129 112 96 81 67 54 45 42 159 142 125 108 91 75 59 45 33 28 157 140 122 105 88 71 54 38 23 14 156 139 122 104 87 70 52 35 18 0 157 140 122 105 88 71 54 38 23 14 159 142 125 108 91 75 59 45 33 28 162 145 129 112 96 81 67 54 45 42 166 150 134 118 103 89 76 65 58 55 171 155 140 125 111 98 87 77 71 69
87 65 122 92 82 81 49 49 113 95 76 42 71 72 106 97 124 134 76 76 89 64 83 68 87 76 55 58 121 145 67 38 47 66 110 102 128 140 77 79 72 74 80 88 99 112 126 140 156 171 58 60 67 77 90 104 119 134 150 166 43 47 55 68 82 97 113 129 145 162 29 34 45 60 75 91 108 125 142 159 15 23 38 54 71 88 105 122 140 157 0 18 35 52 70 87 104 122 139 156 15 23 38 54 71 88 105 122 140 157 29 34 45 60 75 91 108 125 142 159 43 47 55 68 82 97 113 129 145 162 58 60 67 77 90 104 119 134 150 166
72 54 104 78 68 66 36 32 95 78 59 32 54 55 89 80 107 117 58 60 75 54 69 50 72 60 42 41 103 128 50 27 30 49 93 85 111 122 60 63 74 72 73 79 88 99 112 126 140 155 60 57 60 67 77 90 104 118 134 150 47 43 46 55 67 82 97 112 129 145 34 29 34 45 60 75 91 108 125 142 23 15 23 38 54 71 88 105 122 140 18 0 18 35 52 70 87 104 122 139 23 15 23 38 54 71 88 105 122 140 34 29 34 45 60 75 91 108 125 142 47 43 46 55 67 82 97 112 129 145 60 57 60 67 77 90 104 118 134 150
58 48 87 66 55 51 28 14 78 61 43 31 37 38 72 64 90 100 41 43 63 49 56 34 59 45 34 24 86 111 35 25 15 31 76 68 94 105 43 46 80 73 71 73 79 88 99 112 126 140 67 60 57 60 67 77 90 104 118 134 55 46 43 46 55 67 81 97 112 129 45 34 29 34 45 60 75 91 108 125 38 23 15 23 38 54 71 88 105 122 35 18 0 18 35 52 70 87 104 122 38 23 15 23 38 54 71 88 105 122 45 34 29 34 45 60 75 91 108 125 55 46 43 46 55 67 81 97 112 129 67 60 57 60 67 77 90 104 118 134
47 48 70 57 46 39 30 4 61 45 27 38 21 23 54 47 73 83 24 28 54 50 47 18 49 33 33 6 69 94 22 33 12 14 59 51 77 88 27 30 88 79 73 71 73 79 88 99 112 125 77 67 60 57 59 66 77 89 103 118 68 55 46 43 46 55 67 81 97 112 60 45 34 29 33 45 59 75 91 108 54 38 23 15 23 38 54 71 88 105 52 35 18 0 18 35 52 70 87 104 54 38 23 15 23 38 54 71 88 105 60 45 34 29 33 45 59 75 91 108 68 55 46 43 46 55 67 81 97 112 77 67 60 57 59 66 77 89 103 118
40 53 52 52 42 32 40 21 44 30 15 50 10 13 37 31 57 65 10 18 50 57 43 11 43 27 41 12 52 77 19 47 26 4 42 34 59 71 16 17 99 88 79 73 71 73 78 87 99 111 90 77 67 59 57 59 66 77 89 103 82 67 55 46 43 46 55 67 81 96 75 60 45 33 29 33 45 59 75 91 71 54 38 23 15 23 38 54 71 88 70 52 35 18 0 18 35 52 70 87 71 54 38 23 15 23 38 54 71 88 75 60 45 33 29 33 45 59 75 91 82 67 55 46 43 46 55 67 81 96 90 77 67 59 57 59 66 77 89 103
40 63 35 52 45 34 54 39 27 19 18 65 20 21 20 19 41 48 14 21 51 67 46 23 44 31 53 29 34 61 29 63 43 22 26 17 42 54 19 18 112 99 88 79 73 70 72 78 87 98 104 90 77 66 59 56 59 66 76 89 97 82 67 55 46 42 46 55 67 81 91 75 60 45 33 28 33 45 59 75 88 71 54 38 23 14 23 38 54 71 87 70 52 35 18 0 18 35 52 70 88 71 54 38 23 14 23 38 54 71 91 75 60 45 33 28 33 45 59 75 97 82 67 55 46 42 46 55 67 81 104 90 77 66 59 56 59 66 76 89
47 76 18 58 54 44 70 56 13 21 32 81 36 36 7 19 27 31 30 35 58 80 54 39 51 42 68 47 17 44 44 79 60 39 14 7 26 37 33 31 126 112 99 88 78 72 70 72 78 87 119 104 90 77 66 59 56 59 66 76 113 97 81 67 55 46 42 46 54 67 108 91 75 59 45 33 28 33 45 59 105 88 71 54 38 23 14 23 38 54 104 87 70 52 35 18 0 18 35 52 105 88 71 54 38 23 14 23 38 54 108 91 75 59 45 33 28 33 45 59 113 97 81 67 55 46 42 46 54 67 119 104 90 77 66 59 56 59 66 76
59 90 5 68 67 57 86 73 14 34 49 97 53 53 18 31 19 14 47 50 69 94 66 56 62 57 84 64 3 30 60 95 77 56 18 21 12 22 49 46 140 126 112 99 87 78 72 70 72 77 134 118 104 89 77 66 59 56 58 65 129 112 97 81 67 55 46 42 45 54 125 108 91 75 59 45 33 28 33 45 122 105 88 71 54 38 23 14 23 38 122 104 87 70 52 35 18 0 18 35 122 105 88 71 54 38 23 14 23 38 125 108 91 75 59 45 33 28 33 45 129 112 97 81 67 55 46 42 45 54 134 118 104 89 77 66 59 56 58 65
72 105 19 80 81 72 103 91 29 50 65 114 70 70 34 47 25 8 65 67 82 109 80 73 76 73 100 81 19 19 77 112 94 73 32 38 15 12 66 63 156 140 126 112 99 87 78 72 69 71 150 134 118 103 89 76 66 58 55 58 145 129 112 97 81 67 54 45 42 45 142 125 108 91 75 59 45 33 28 33 140 122 105 88 71 54 38 23 14 23 139 122 104 87 70 52 35 18 0 18 140 122 105 88 71 54 38 23 14 23 142 125 108 91 75 59 45 33 28 33 145 129 112 97 81 67 54 45 42 45 150 134 118 103 89 76 66 58 55 58
87 121 36 94 96 88 119 108 45 66 82 130 87 87 51 63 38 23 82 84 96 125 96 91 91 89 116 99 36 22 94 129 111 91 49 55 30 21 83 80 171 155 140 125 111 98 87 77 71 69 166 150 134 118 103 89 76 65 58 55 162 145 129 112 96 81 67 54 45 42 159 142 125 108 91 75 59 45 33 28 157 140 122 105 88 71 54 38 23 14 156 139 122 104 87 70 52 35 18 0 157 140 122 105 88 71 54 38 23 14 159 142 125 108 91 75 59 45 33 28 162 145 129 112 96 81 67 54 45 42 166 150 134 118 103 89 76 65 58 55
95 76 123 101 90 77 58 51 115 93 80 53 74 76 106 101 127 136 78 81 98 75 91 67 95 73 65 60 122 148 72 49 52 67 109 104 130 142 80 83 86 88 93 100 110 122 134 148 162 177 72 74 80 88 99 112 126 140 156 171 58 60 67 77 90 104 119 134 150 166 43 47 55 68 82 97 113 129 145 162 29 34 45 60 75 91 108 125 142 159 15 23 38 54 71 88 105 122 140 157 0 18 35 52 70 87 104 122 139 156 15 23 38 54 71 88 105 122 140 157 29 34 45 60 75 91 108 125 142 159 43 47 55 68 82 97 113 129 145 162
81 67 106 88 77 60 47 35 98 76 64 46 58 60 89 84 111 119 62 65 85 67 78 50 81 56 54 43 105 131 57 40 38 50 92 87 113 125 65 67 88 86 87 92 100 110 121 134 148 162 74 72 73 79 88 99 112 126 140 155 60 57 60 67 77 90 104 118 134 150 47 43 46 55 67 82 97 112 129 145 34 29 34 45 60 75 91 108 125 142 23 15 23 38 54 71 88 105 122 140 18 0 18 35 52 70 87 104 122 139 23 15 23 38 54 71 88 105 122 140 34 29 34 45 60 75 91 108 125 142 47 43 46 55 67 82 97 112 129 145
69 62 89 78 67 44 42 21 81 59 49 45 43 45 72 69 94 102 46 51 75 63 68 32 70 39 48 27 88 114 44 39 27 34 75 71 96 108 50 52 93 87 85 87 92 99 109 121 134 148 80 73 71 73 79 88 99 112 126 140 67 60 57 60 67 77 90 104 118 134 55 46 43 46 55 67 81 97 112 129 45 34 29 34 45 60 75 91 108 125 38 23 15 23 38 54 71 88 105 122 35 18 0 18 35 52 70 87 104 122 38 23 15 23 38 54 71 88 105 122 45 34 29 34 45 60 75 91 108 125 55 46 43 46 55 67 81 97 112 129
59 62 72 70 59 29 43 16 65 41 36 50 30 33 54 54 78 85 32 38 67 64 60 15 61 23 47 15 71 98 34 45 25 19 57 54 80 91 37 39 100 92 87 85 87 91 99 109 121 134 88 79 73 71 73 79 88 99 112 125 77 67 60 57 59 66 77 89 103 118 68 55 46 43 46 55 67 81 97 112 60 45 34 29 33 45 59 75 91 108 54 38 23 15 23 38 54 71 88 105 52 35 18 0 18 35 52 70 87 104 54 38 23 15 23 38 54 71 88 105 60 45 34 29 33 45 59 75 91 108 68 55 46 43 46 55 67 81 97 112
54 66 56 65 56 19 51 26 49 24 28 60 24 27 37 41 63 68 22 32 64 69 57 5 57 13 53 18 54 82 32 56 34 14 40 39 63 75 29 30 110 100 92 87 85 86 91 99 109 120 99 88 79 73 71 73 78 87 99 111 90 77 67 59 57 59 66 77 89 103 82 67 55 46 43 46 55 67 81 96 75 60 45 33 29 33 45 59 75 91 71 54 38 23 15 23 38 54 71 88 70 52 35 18 0 18 35 52 70 87 71 54 38 23 15 23 38 54 71 88 75 60 45 33 29 33 45 59 75 91 82 67 55 46 43 46 55 67 81 96
54 74 40 66 59 22 62 41 35 8 30 72 29 31 21 32 49 52 25 34 65 78 59 21 57 20 63 32 38 66 39 69 48 25 23 26 48 59 31 31 122 110 99 91 86 84 86 91 98 108 112 99 88 79 73 70 72 78 87 98 104 90 77 66 59 56 59 66 76 89 97 82 67 55 46 42 46 55 67 81 91 75 60 45 33 28 33 45 59 75 88 71 54 38 23 14 23 38 54 71 87 70 52 35 18 0 18 35 52 70 88 71 54 38 23 14 23 38 54 71 91 75 60 45 33 28 33 45 59 75 97 82 67 55 46 42 46 55 67 81
59 85 26 70 66 35 76 58 25 12 40 87 42 43 8 32 38 36 36 43 71 89 66 38 63 35 76 48 23 52 51 84 63 41 6 21 34 44 41 39 134 121 109 99 91 86 84 85 90 98 126 112 99 88 78 72 70 72 78 87 119 104 90 77 66 59 56 59 66 76 113 97 81 67 55 46 42 46 54 67 108 91 75 59 45 33 28 33 45 59 105 88 71 54 38 23 14 23 38 54 104 87 70 52 35 18 0 18 35 52 105 88 71 54 38 23 14 23 38 54 108 91 75 59 45 33 28 33 45 59 113 97 81 67 55 46 42 46 54 67
69 98 19 79 76 51 91 75 25 29 54 102 57 57 18 40 33 23 51 57 79 102 76 56 72 52 90 65 17 40 66 100 80 58 13 29 25 31 55 53 148 134 121 109 99 91 85 83 85 90 140 126 112 99 87 78 72 70 72 77 134 118 104 89 77 66 59 56 58 65 129 112 97 81 67 55 46 42 45 54 125 108 91 75 59 45 33 28 33 45 122 105 88 71 54 38 23 14 23 38 122 104 87 70 52 35 18 0 18 35 122 105 88 71 54 38 23 14 23 38 125 108 91 75 59 45 33 28 33 45 129 112 97 81 67 55 46 42 45 54
81 112 26 90 89 67 107 92 36 47 70 118 73 73 34 53 36 20 68 72 91 116 88 73 84 69 105 82 25 33 81 116 96 75 30 42 26 26 70 68 162 148 134 121 109 98 90 85 83 85 156 140 126 112 99 87 78 72 69 71 150 134 118 103 89 76 66 58 55 58 145 129 112 97 81 67 54 45 42 45 142 125 108 91 75 59 45 33 28 33 140 122 105 88 71 54 38 23 14 23 139 122 104 87 70 52 35 18 0 18 140 122 105 88 71 54 38 23 14 23 142 125 108 91 75 59 45 33 28 33 145 129 112 97 81 67 54 45 42 45
94 127 40 102 103 84 123 109 50 64 86 134 89 90 51 68 47 30 84 88 104 131 102 90 98 86 121 99 39 35 97 132 113 92 47 58 37 31 86 84 177 162 148 134 120 108 98 90 85 83 171 155 140 125 111 98 87 77 71 69 166 150 134 118 103 89 76 65 58 55 162 145 129 112 96 81 67 54 45 42 159 142 125 108 91 75 59 45 33 28 157 140 122 105 88 71 54 38 23 14 156 139 122 104 87 70 52 35 18 0 157 140 122 105 88 71 54 38 23 14 159 142 125 108 91 75 59 45 33 28 162 145 129 112 96 81 67 54 45 42
103 88 126 110 100 75 69 57 118 94 86 66 80 82 108 106 131 138 83 87 108 88 101 69 104 72 75 64 125 152 79 60 60 71 111 108 133 145 87 89 100 102 106 112 121 132 144 156 170 184 86 88 93 100 110 122 134 148 162 177 72 74 80 88 99 112 126 140 156 171 58 60 67 77 90 104 119 134 150 166 43 47 55 68 82 97 113 129 145 162 29 34 45 60 75 91 108 125 142 159 15 23 38 54 71 88 105 122 140 157 0 18 35 52 70 87 104 122 139 156 15 23 38 54 71 88 105 122 140 157 29 34 45 60 75 91 108 125 142 159
91 80 109 99 88 57 60 43 102 76 71 60 65 67 91 91 115 122 68 73 96 81 89 53 92 54 67 49 108 135 66 54 48 56 93 92 117 128 72 75 102 100 101 105 112 121 131 143 156 170 88 86 87 92 100 110 121 134 148 162 74 72 73 79 88 99 112 126 140 155 60 57 60 67 77 90 104 118 134 150 47 43 46 55 67 82 97 112 129 145 34 29 34 45 60 75 91 108 125 142 23 15 23 38 54 71 88 105 122 140 18 0 18 35 52 70 87 104 122 139 23 15 23 38 54 71 88 105 122 140 34 29 34 45 60 75 91 108 125 142
80 76 93 90 79 40 56 33 86 59 58 59 52 55 74 76 100 105 54 60 87 77 80 37 82 37 62 36 91 119 55 53 40 42 76 76 101 112 59 61 106 101 99 101 105 112 121 131 143 156 93 87 85 87 92 99 109 121 134 148 80 73 71 73 79 88 99 112 126 140 67 60 57 60 67 77 90 104 118 134 55 46 43 46 55 67 81 97 112 129 45 34 29 34 45 60 75 91 108 125 38 23 15 23 38 54 71 88 105 122 35 18 0 18 35 52 70 87 104 122 38 23 15 23 38 54 71 88 105 122 45 34 29 34 45 60 75 91 108 125
72 76 77 83 73 23 57 30 71 42 47 63 42 45 58 63 85 89 43 50 81 78 74 23 74 20 61 28 75 103 48 57 39 31 60 61 85 96 49 50 112 105 101 99 100 105 111 120 131 143 100 92 87 85 87 91 99 109 121 134 88 79 73 71 73 79 88 99 112 125 77 67 60 57 59 66 77 89 103 118 68 55 46 43 46 55 67 81 97 112 60 45 34 29 33 45 59 75 91 108 54 38 23 15 23 38 54 71 88 105 52 35 18 0 18 35 52 70 87 104 54 38 23 15 23 38 54 71 88 105 60 45 34 29 33 45 59 75 91 108
68 79 62 79 70 7 63 36 57 26 42 71 38 41 42 52 71 73 36 45 78 82 71 18 71 3 66 30 60 88 46 66 45 28 43 48 70 80 43 44 121 112 105 100 99 100 104 111 120 130 110 100 92 87 85 86 91 99 109 120 99 88 79 73 71 73 78 87 99 111 90 77 67 59 57 59 66 77 89 103 82 67 55 46 43 46 55 67 81 96 75 60 45 33 29 33 45 59 75 91 71 54 38 23 15 23 38 54 71 88 70 52 35 18 0 18 35 52 70 87 71 54 38 23 15 23 38 54 71 88 75 60 45 33 29 33 45 59 75 91
68 86 48 80 72 14 73 48 45 12 43 82 41 44 29 46 59 58 38 47 79 89 73 27 71 16 74 40 46 74 51 78 56 35 28 38 56 66 44 44 132 121 112 105 100 98 99 104 110 119 122 110 99 91 86 84 86 91 98 108 112 99 88 79 73 70 72 78 87 98 104 90 77 66 59 56 59 66 76 89 97 82 67 55 46 42 46 55 67 81 91 75 60 45 33 28 33 45 59 75 88 71 54 38 23 14 23 38 54 71 87 70 52 35 18 0 18 35 52 70 88 71 54 38 23 14 23 38 54 71 91 75 60 45 33 28 33 45 59 75
72 96 37 83 78 31 85 63 38 16 51 95 51 53 22 46 50 45 46 54 83 99 78 42 76 33 85 54 35 61 61 91 70 47 17 35 45 53 52 51 144 131 121 111 104 99 98 99 103 110 134 121 109 99 91 86 84 85 90 98 126 112 99 88 78 72 70 72 78 87 119 104 90 77 66 59 56 59 66 76 113 97 81 67 55 46 42 46 54 67 108 91 75 59 45 33 28 33 45 59 105 88 71 54 38 23 14 23 38 54 104 87 70 52 35 18 0 18 35 52 105 88 71 54 38 23 14 23 38 54 108 91 75 59 45 33 28 33 45 59
80 107 33 91 87 48 98 79 38 31 62 109 64 65 27 52 46 36 59 65 91 111 87 58 83 50 98 69 30 52 73 106 85 62 20 40 38 43 63 61 156 143 131 120 111 104 99 97 99 103 148 134 121 109 99 91 85 83 85 90 140 126 112 99 87 78 72 70 72 77 134 118 104 89 77 66 59 56 58 65 129 112 97 81 67 55 46 42 45 54 125 108 91 75 59 45 33 28 33 45 122 105 88 71 54 38 23 14 23 38 122 104 87 70 52 35 18 0 18 35 122 105 88 71 54 38 23 14 23 38 125 108 91 75 59 45 33 28 33 45
90 120 37 100 98 65 113 95 46 47 76 124 78 79 40 62 49 34 73 79 101 124 98 75 94 68 112 86 35 47 87 121 101 78 34 51 39 39 77 75 170 156 143 131 120 110 103 99 97 98 162 148 134 121 109 98 90 85 83 85 156 140 126 112 99 87 78 72 69 71 150 134 118 103 89 76 66 58 55 58 145 129 112 97 81 67 54 45 42 45 142 125 108 91 75 59 45 33 28 33 140 122 105 88 71 54 38 23 14 23 139 122 104 87 70 52 35 18 0 18 140 122 105 88 71 54 38 23 14 23 142 125 108 91 75 59 45 33 28 33
103 134 48 112 111 82 128 112 58 65 91 139 94 95 55 75 57 40 89 93 113 138 111 92 106 85 127 102 47 48 103 137 117 95 50 64 47 43 92 89 184 170 156 143 130 119 110 103 98 96 177 162 148 134 120 108 98 90 85 83 171 155 140 125 111 98 87 77 71 69 166 150 134 118 103 89 76 65 58 55 162 145 129 112 96 81 67 54 45 42 159 142 125 108 91 75 59 45 33 28 157 140 122 105 88 71 54 38 23 14 156 139 122 104 87 70 52 35 18 0 157 140 122 105 88 71 54 38 23 14 159 142 125 108 91 75 59 45 33 28
113 100 130 121 110 75 81 66 123 96 94 79 87 90 112 113 137 142 90 95 118 100 111 74 114 73 87 72 129 156 88 73 70 78 113 113 138 149 94 97 115 116 119 125 133 143 154 166 179 192 100 102 106 112 121 132 144 156 170 184 86 88 93 100 110 122 134 148 162 177 72 74 80 88 99 112 126 140 156 171 58 60 67 77 90 104 119 134 150 166 43 47 55 68 82 97 113 129 145 162 29 34 45 60 75 91 108 125 142 159 15 23 38 54 71 88 105 122 140 157 0 18 35 52 70 87 104 122 139 156 15 23 38 54 71 88 105 122 140 157
102 94 114 111 100 58 74 54 108 80 80 74 74 77 95 98 122 126 76 82 108 95 101 59 103 57 80 58 113 141 76 68 60 64 97 98 122 133 81 84 116 114 115 119 125 133 142 153 165 178 102 100 101 105 112 121 131 143 156 170 88 86 87 92 100 110 121 134 148 162 74 72 73 79 88 99 112 126 140 155 60 57 60 67 77 90 104 118 134 150 47 43 46 55 67 82 97 112 129 145 34 29 34 45 60 75 91 108 125 142 23 15 23 38 54 71 88 105 122 140 18 0 18 35 52 70 87 104 122 139 23 15 23 38 54 71 88 105 122 140
92 90 99 102 92 41 70 46 93 63 69 73 63 66 80 85 107 110 64 71 100 92 93 45 94 40 76 48 97 125 67 67 54 52 81 83 107 118 70 72 119 115 114 115 118 124 132 142 153 165 106 101 99 101 105 112 121 131 143 156 93 87 85 87 92 99 109 121 134 148 80 73 71 73 79 88 99 112 126 140 67 60 57 60 67 77 90 104 118 134 55 46 43 46 55 67 81 97 112 129 45 34 29 34 45 60 75 91 108 125 38 23 15 23 38 54 71 88 105 122 35 18 0 18 35 52 70 87 104 122 38 23 15 23 38 54 71 88 105 122
85 90 84 96 86 25 71 44 79 48 60 76 55 58 65 74 93 95 55 63 95 92 87 35 88 26 75 42 82 110 61 70 53 44 65 70 92 102 61 63 125 119 115 113 114 118 124 132 141 152 112 105 101 99 100 105 111 120 131 143 100 92 87 85 87 91 99 109 121 134 88 79 73 71 73 79 88 99 112 125 77 67 60 57 59 66 77 89 103 118 68 55 46 43 46 55 67 81 97 112 60 45 34 29 33 45 59 75 91 108 54 38 23 15 23 38 54 71 88 105 52 35 18 0 18 35 52 70 87 104 54 38 23 15 23 38 54 71 88 105
82 93 70 93 84 12 76 48 67 34 56 83 52 55 51 65 81 80 50 59 92 95 85 32 85 17 79 43 68 96 60 78 58 42 50 59 78 88 57 58 133 125 118 114 113 114 117 123 131 141 121 112 105 100 99 100 104 111 120 130 110 100 92 87 85 86 91 99 109 120 99 88 79 73 71 73 78 87 99 111 90 77 67 59 57 59 66 77 89 103 82 67 55 46 43 46 55 67 81 96 75 60 45 33 29 33 45 59 75 91 71 54 38 23 15 23 38 54 71 88 70 52 35 18 0 18 35 52 70 87 71 54 38 23 15 23 38 54 71 88
81 98 58 93 86 17 84 58 57 25 57 92 54 57 40 60 70 67 51 60 93 102 86 38 85 23 86 51 56 83 64 88 67 47 38 51 66 75 58 58 143 133 124 118 114 112 113 117 123 131 132 121 112 105 100 98 99 104 110 119 122 110 99 91 86 84 86 91 98 108 112 99 88 79 73 70 72 78 87 98 104 90 77 66 59 56 59 66 76 89 97 82 67 55 46 42 46 55 67 81 91 75 60 45 33 28 33 45 59 75 88 71 54 38 23 14 23 38 54 71 87 70 52 35 18 0 18 35 52 70 88 71 54 38 23 14 23 38 54 71
85 107 50 97 91 32 94 71 52 27 62 104 62 64 36 59 63 56 58 66 96 111 91 50 89 37 95 62 47 72 72 100 78 57 30 49 57 64 64 63 154 142 132 124 117 113 112 113 116 122 144 131 121 111 104 99 98 99 103 110 134 121 109 99 91 86 84 85 90 98 126 112 99 88 78 72 70 72 78 87 119 104 90 77 66 59 56 59 66 76 113 97 81 67 55 46 42 46 54 67 108 91 75 59 45 33 28 33 45 59 105 88 71 54 38 23 14 23 38 54 104 87 70 52 35 18 0 18 35 52 105 88 71 54 38 23 14 23 38 54
92 117 47 103 98 49 107 85 52 38 72 117 73 75 39 64 60 49 68 75 103 121 98 64 95 53 107 76 44 64 83 113 92 70 32 52 52 56 73 72 166 153 142 132 123 117 113 111 112 116 156 143 131 120 111 104 99 97 99 103 148 134 121 109 99 91 85 83 85 90 140 126 112 99 87 78 72 70 72 77 134 118 104 89 77 66 59 56 58 65 129 112 97 81 67 55 46 42 45 54 125 108 91 75 59 45 33 28 33 45 122 105 88 71 54 38 23 14 23 38 122 104 87 70 52 35 18 0 18 35 122 105 88 71 54 38 23 14 23 38
101 129 50 111 108 66 120 100 58 52 84 131 86 87 49 73 62 47 81 87 112 133 108 79 105 70 120 91 48 60 95 128 107 84 42 61 53 53 85 83 179 165 153 141 131 123 116 112 110 112 170 156 143 131 120 110 103 99 97 98 162 148 134 121 109 98 90 85 83 85 156 140 126 112 99 87 78 72 69 71 150 134 118 103 89 76 66 58 55 58 145 129 112 97 81 67 54 45 42 45 142 125 108 91 75 59 45 33 28 33 140 122 105 88 71 54 38 23 14 23 139 122 104 87 70 52 35 18 0 18 140 122 105 88 71 54 38 23 14 23
112 142 58 122 120 83 135 116 67 68 98 145 100 101 62 84 69 52 95 101 123 146 120 95 116 87 134 107 57 61 109 143 122 99 56 73 59 56 99 97 192 178 165 152 141 131 122 116 112 110 184 170 156 143 130 119 110 103 98 96 177 162 148 134 120 108 98 90 85 83 171 155 140 125 111 98 87 77 71 69 166 150 134 118 103 89 76 65 58 55 162 145 129 112 96 81 67 54 45 42 159 142 125 108 91 75 59 45 33 28 157 140 122 105 88 71 54 38 23 14 156 139 122 104 87 70 52 35 18 0 157 140 122 105 88 71 54 38 23 14
124 113 136 132 121 79 93 76 130 101 103 92 96 99 117 121 144 148 99 105 130 114 122 81 125 78 100 81 134 162 98 86 81 86 118 120 144 155 103 106 129 130 133 138 145 154 164 176 188 201 115 116 119 125 133 143 154 166 179 192 100 102 106 112 121 132 144 156 170 184 86 88 93 100 110 122 134 148 162 177 72 74 80 88 99 112 126 140 156 171 58 60 67 77 90 104 119 134 150 166 43 47 55 68 82 97 113 129 145 162 29 34 45 60 75 91 108 125 142 159 15 23 38 54 71 88 105 122 140 157 0 18 35 52 70 87 104 122 139 156
113 107 121 123 112 62 87 66 115 85 91 88 85 87 102 107 129 132 86 93 120 108 113 68 115 62 93 69 119 147 88 82 73 74 102 106 129 139 92 94 130 128 129 132 138 145 154 164 175 187 116 114 115 119 125 133 142 153 165 178 102 100 101 105 112 121 131 143 156 170 88 86 87 92 100 110 121 134 148 162 74 72 73 79 88 99 112 126 140 155 60 57 60 67 77 90 104 118 134 150 47 43 46 55 67 82 97 112 129 145 34 29 34 45 60 75 91 108 125 142 23 15 23 38 54 71 88 105 122 140 18 0 18 35 52 70 87 104 122 139
105 104 106 115 105 47 84 60 101 70 81 87 75 78 87 95 116 117 76 83 113 106 106 56 107 48 90 61 104 132 80 81 68 64 87 92 114 125 82 84 133 129 128 129 132 137 144 153 163 175 119 115 114 115 118 124 132 142 153 165 106 101 99 101 105 112 121 131 143 156 93 87 85 87 92 99 109 121 134 148 80 73 71 73 79 88 99 112 126 140 67 60 57 60 67 77 90 104 118 134 55 46 43 46 55 67 81 97 112 129 45 34 29 34 45 60 75 91 108 125 38 23 15 23 38 54 71 88 105 122 35 18 0 18 35 52 70 87 104 122
99 104 92 110 100 33 85 58 89 56 73 89 68 71 73 85 103 103 68 77 108 106 101 49 101 36 89 56 90 118 75 84 67 57 72 81 100 110 74 76 138 132 129 127 128 131 137 144 153 163 125 119 115 113 114 118 124 132 141 152 112 105 101 99 100 105 111 120 131 143 100 92 87 85 87 91 99 109 121 134 88 79 73 71 73 79 88 99 112 125 77 67 60 57 59 66 77 89 103 118 68 55 46 43 46 55 67 81 97 112 60 45 34 29 33 45 59 75 91 108 54 38 23 15 23 38 54 71 88 105 52 35 18 0 18 35 52 70 87 104
95 106 80 107 98 25 89 61 78 45 70 95 66 69 62 78 92 89 64 73 106 109 99 46 98 31 92 57 78 105 74 90 71 56 59 71 88 97 71 72 145 138 132 128 127 127 131 136 143 152 133 125 118 114 113 114 117 123 131 141 121 112 105 100 99 100 104 111 120 130 110 100 92 87 85 86 91 99 109 120 99 88 79 73 71 73 78 87 99 111 90 77 67 59 57 59 66 77 89 103 82 67 55 46 43 46 55 67 81 96 75 60 45 33 29 33 45 59 75 91 71 54 38 23 15 23 38 54 71 88 70 52 35 18 0 18 35 52 70 87
95 111 70 107 100 28 96 69 70 39 70 103 68 71 53 73 83 77 65 74 106 114 100 50 99 34 98 63 67 94 77 99 78 59 49 65 77 85 72 72 154 145 137 131 127 126 127 130 135 143 143 133 124 118 114 112 113 117 123 131 132 121 112 105 100 98 99 104 110 119 122 110 99 91 86 84 86 91 98 108 112 99 88 79 73 70 72 78 87 98 104 90 77 66 59 56 59 66 76 89 97 82 67 55 46 42 46 55 67 81 91 75 60 45 33 28 33 45 59 75 88 71 54 38 23 14 23 38 54 71 87 70 52 35 18 0 18 35 52 70
98 119 63 110 104 39 105 80 66 40 75 114 74 76 50 73 77 68 70 79 110 122 104 60 102 45 107 72 60 84 84 110 88 67 44 63 70 76 76 76 164 154 144 137 131 127 125 126 130 135 154 142 132 124 117 113 112 113 116 122 144 131 121 111 104 99 98 99 103 110 134 121 109 99 91 86 84 85 90 98 126 112 99 88 78 72 70 72 78 87 119 104 90 77 66 59 56 59 66 76 113 97 81 67 55 46 42 46 54 67 108 91 75 59 45 33 28 33 45 59 105 88 71 54 38 23 14 23 38 54 104 87 70 52 35 18 0 18 35 52
104 128 60 115 110 53 116 93 66 48 83 126 83 85 52 77 74 62 79 87 115 132 111 72 108 59 117 84 58 77 93 122 101 79 46 65 66 69 84 83 176 164 153 144 136 130 126 125 126 129 166 153 142 132 123 117 113 111 112 116 156 143 131 120 111 104 99 97 99 103 148 134 121 109 99 91 85 83 85 90 140 126 112 99 87 78 72 70 72 77 134 118 104 89 77 66 59 56 58 65 129 112 97 81 67 55 46 42 45 54 125 108 91 75 59 45 33 28 33 45 122 105 88 71 54 38 23 14 23 38 122 104 87 70 52 35 18 0 18 35
112 139 63 123 119 69 129 107 70 60 94 139 95 96 59 84 76 61 90 97 123 143 119 86 116 74 129 98 61 74 105 135 114 92 53 72 66 67 95 93 188 175 163 153 143 135 130 126 124 125 179 165 153 141 131 123 116 112 110 112 170 156 143 131 120 110 103 99 97 98 162 148 134 121 109 98 90 85 83 85 156 140 126 112 99 87 78 72 69 71 150 134 118 103 89 76 66 58 55 58 145 129 112 97 81 67 54 45 42 45 142 125 108 91 75 59 45 33 28 33 140 122 105 88 71 54 38 23 14 23 139 122 104 87 70 52 35 18 0 18
122 151 70 132 130 86 143 122 78 74 106 153 108 109 71 94 81 65 103 109 133 155 130 101 126 90 142 113 68 74 117 150 129 106 64 82 71 69 107 105 201 187 175 163 152 143 135 129 125 124 192 178 165 152 141 131 122 116 112 110 184 170 156 143 130 119 110 103 98 96 177 162 148 134 120 108 98 90 85 83 171 155 140 125 111 98 87 77 71 69 166 150 134 118 103 89 76 65 58 55 162 145 129 112 96 81 67 54 45 42 159 142 125 108 91 75 59 45 33 28 157 140 122 105 88 71 54 38 23 14 156 139 122 104 87 70 52 35 18 0
