0 19 40 23 25 48 25 32 65 34 65 20 13 55 51 42 42 56 17 44 6 47 34 39 42 66 54 19 15 19 49 21 47 54 52 46 47 24 15 26 108 83 68 68 85 93 63 41 43 66 86 51 19 22 55 87 54 24 27 57 97 69 49 50 71
19 0 42 34 34 65 43 44 70 50 71 35 17 70 67 30 58 73 18 62 14 35 37 52 47 84 54 32 29 28 52 32 49 70 69 33 64 42 20 27 111 91 82 86 103 92 67 54 61 83 79 48 26 39 69 75 41 6 30 64 81 51 31 43 71
40 42 0 23 18 76 46 23 28 38 30 30 29 89 84 72 76 84 55 71 41 34 7 76 7 92 15 28 29 22 10 24 8 84 83 75 76 52 53 65 70 51 53 73 102 54 25 29 59 92 50 17 22 56 90 61 39 42 66 97 81 66 68 84 110
23 34 23 0 6 54 24 11 44 20 43 8 17 67 62 62 54 63 39 50 26 45 16 55 22 70 38 6 8 7 29 2 29 62 61 65 54 30 37 48 87 61 49 59 83 74 42 21 39 71 72 38 9 34 68 80 52 36 49 77 96 74 64 72 93
25 34 18 6 0 59 29 12 40 25 40 13 17 72 67 63 59 68 41 55 28 41 11 59 18 75 33 10 12 7 25 7 24 67 66 66 59 35 39 51 83 59 50 62 88 70 39 22 44 76 67 33 8 39 73 75 47 35 52 81 92 71 63 73 96
48 65 76 54 59 0 31 55 90 42 87 47 58 18 13 76 14 9 52 5 52 94 70 26 74 19 90 49 50 57 81 53 81 9 9 80 2 25 49 52 130 98 67 44 41 125 90 56 23 19 125 91 58 27 23 132 100 71 49 47 144 116 91 75 74
25 43 46 24 29 31 0 26 62 16 60 17 31 45 39 64 32 39 38 26 30 66 40 36 44 47 60 19 20 27 51 23 51 39 38 68 31 10 34 43 104 74 50 44 62 96 62 29 19 48 95 61 28 17 47 103 72 48 42 61 117 91 73 69 82
32 44 23 11 12 55 26 0 37 16 35 13 28 70 64 72 58 64 49 51 36 52 19 61 19 70 36 14 17 17 26 12 27 64 63 76 55 34 46 58 79 52 39 52 80 70 36 11 37 71 72 39 18 40 72 83 58 46 58 83 102 82 74 82 101
65 70 28 44 40 90 62 37 0 49 7 49 56 106 101 100 94 99 81 86 67 57 33 97 24 103 23 48 51 46 18 45 21 99 99 102 91 71 79 90 44 26 43 74 107 35 4 35 70 104 47 32 47 76 109 70 60 69 91 120 95 88 94 111 135
34 50 38 20 25 42 16 16 49 0 46 16 35 57 52 75 46 50 49 37 39 65 33 51 35 55 52 19 22 26 41 20 42 50 50 79 42 25 46 56 90 59 36 39 64 84 49 15 22 56 87 54 28 32 60 98 71 54 56 76 116 94 81 82 96
65 71 30 43 40 87 60 35 7 46 0 48 56 103 97 101 92 95 81 83 67 61 34 95 25 99 27 47 50 46 21 45 24 96 96 104 87 68 79 90 45 22 37 68 102 40 9 32 66 100 53 36 47 74 106 76 65 71 91 118 101 93 97 112 135
20 35 30 8 13 47 17 13 49 16 48 0 20 60 55 62 47 55 37 42 25 51 23 49 29 63 45 4 7 12 36 7 35 55 54 65 47 23 34 45 92 65 48 54 77 81 48 21 32 64 79 45 13 28 61 87 58 39 45 71 102 79 66 70 89
13 17 29 17 17 58 31 28 56 35 56 20 0 67 63 46 54 66 26 54 13 36 23 51 33 76 43 17 13 12 39 16 37 65 63 49 57 33 24 36 98 76 66 72 93 82 54 38 49 76 74 39 10 33 67 75 43 20 37 69 87 61 47 57 81
55 70 89 67 72 18 45 70 106 57 103 60 67 0 6 73 13 15 54 21 58 102 82 20 88 25 104 62 61 68 95 65 95 11 10 77 18 37 52 51 147 115 85 61 50 140 106 72 41 23 138 103 69 34 6 142 108 76 47 33 151 120 92 69 61
51 67 84 62 67 13 39 64 101 52 97 55 63 6 0 73 10 11 52 16 55 98 77 20 82 23 99 57 56 63 90 60 89 7 5 77 12 32 49 50 141 109 79 55 48 134 100 66 35 21 133 98 64 30 11 138 105 73 46 37 148 117 90 70 64
42 30 72 62 63 76 64 72 100 75 101 62 46 73 73 0 64 82 27 74 37 57 67 54 77 94 83 60 56 57 82 61 79 78 76 4 75 59 31 24 141 121 109 108 117 121 97 82 80 92 104 76 56 53 70 94 61 32 27 54 91 56 22 15 49
42 58 76 54 59 14 32 58 94 46 92 47 54 13 10 64 0 18 43 14 46 89 70 12 75 30 91 49 48 55 82 53 82 14 12 68 13 24 40 41 136 104 76 56 54 127 94 61 32 28 125 90 56 21 15 129 96 64 38 34 138 108 81 63 60
56 73 84 63 68 9 39 64 99 50 95 55 66 15 11 82 18 0 59 14 60 102 78 29 82 13 99 58 58 65 89 62 90 5 7 85 10 34 56 58 138 105 73 47 37 133 99 64 30 11 134 100 66 35 20 141 109 79 55 47 153 123 98 80 74
17 18 55 39 41 52 38 49 81 49 81 37 26 54 52 27 43 59 0 50 14 52 49 35 58 71 68 36 32 35 64 38 62 56 54 31 52 33 4 10 123 100 84 81 93 107 79 58 54 70 96 63 34 28 53 93 58 24 12 47 98 66 39 33 56
44 62 71 50 55 5 26 51 86 37 83 42 54 21 16 74 14 14 50 0 48 90 65 25 70 23 86 45 45 52 77 48 77 13 13 78 5 21 46 50 126 94 64 42 44 120 86 52 20 23 121 87 53 23 26 128 96 67 47 48 140 112 88 74 74
6 14 41 26 28 52 30 36 67 39 67 25 13 58 55 37 46 60 14 48 0 44 35 41 44 71 55 23 19 22 50 24 49 58 56 41 51 29 12 24 110 86 72 74 90 94 65 45 48 70 85 51 21 26 58 85 51 20 25 57 93 64 44 46 69
47 35 34 45 41 94 66 52 57 65 61 51 36 102 98 57 89 102 52 90 44 0 35 85 41 112 35 48 46 40 41 45 38 100 99 57 93 69 53 61 92 82 86 103 127 68 54 61 83 112 48 26 39 69 101 41 7 29 64 98 52 32 43 71 103
34 37 7 16 11 70 40 19 33 33 34 23 23 82 77 67 70 78 49 65 35 35 0 70 10 86 22 21 22 15 16 18 14 78 77 70 70 46 47 58 76 55 52 70 97 60 31 27 54 86 56 22 16 49 84 66 40 37 60 90 84 66 64 79 104
39 52 76 55 59 26 36 61 97 51 95 49 51 20 20 54 12 29 35 25 41 85 70 0 76 41 91 50 48 55 84 53 83 25 23 58 25 27 33 31 139 110 84 67 66 129 96 65 41 40 124 89 55 21 18 125 91 58 28 25 132 101 72 51 50
42 47 7 22 18 74 44 19 24 35 25 29 33 88 82 77 75 82 58 70 44 41 10 76 0 89 18 27 29 23 8 24 8 82 82 79 74 51 56 67 66 46 46 68 98 53 22 24 56 90 53 22 24 56 90 66 46 47 68 98 87 73 73 88 113
66 84 92 70 75 19 47 70 103 55 99 63 76 25 23 94 30 13 71 23 71 112 86 41 89 0 106 66 67 74 96 69 96 17 19 98 20 43 68 70 140 106 73 42 26 138 103 69 34 3 141 107 75 45 30 150 118 90 67 58 163 134 110 92 85
54 54 15 38 33 90 60 36 23 52 27 45 43 104 99 83 91 99 68 86 55 35 22 91 18 106 0 43 44 37 12 39 10 99 98 85 90 67 67 78 59 48 59 85 115 40 20 40 73 107 36 10 37 71 105 51 38 52 79 111 75 66 75 96 123
19 32 28 6 10 49 19 14 48 19 47 4 17 62 57 60 49 58 36 45 23 48 21 50 27 66 43 0 4 9 34 4 34 57 56 63 49 25 33 44 91 65 50 57 80 80 47 23 36 66 77 42 10 29 63 84 54 36 45 72 99 76 63 69 88
15 29 29 8 12 50 20 17 51 22 50 7 13 61 56 56 48 58 32 45 19 46 22 48 29 67 44 4 0 8 36 6 35 57 56 59 49 25 29 41 94 68 54 60 82 81 50 27 37 67 77 43 9 28 62 83 53 32 41 69 97 73 60 65 85
19 28 22 7 7 57 27 17 46 26 46 12 12 68 63 57 55 65 35 52 22 40 15 55 23 74 37 9 8 0 30 6 29 64 63 60 56 32 33 45 89 65 55 65 88 75 44 27 44 74 70 36 2 35 69 76 46 30 46 75 91 68 58 67 90
49 52 10 29 25 81 51 26 18 41 21 36 39 95 90 82 82 89 64 77 50 41 16 84 8 96 12 34 36 30 0 31 4 89 89 84 81 59 62 74 60 42 49 73 104 46 16 29 62 96 47 18 31 63 97 62 45 51 75 105 85 73 77 94 119
21 32 24 2 7 53 23 12 45 20 45 7 16 65 60 61 53 62 38 48 24 45 18 53 24 69 39 4 6 6 31 0 30 61 60 64 53 29 35 47 88 63 50 59 83 76 44 22 38 70 73 39 8 33 67 81 52 35 47 75 97 74 63 70 91
47 49 8 29 24 81 51 27 21 42 24 35 37 95 89 79 82 90 62 77 49 38 14 83 8 96 10 34 35 29 4 30 0 89 89 82 81 58 60 72 62 45 51 75 105 47 19 31 63 97 46 16 29 62 96 60 42 48 73 104 82 70 74 92 117
54 70 84 62 67 9 39 64 99 50 96 55 65 11 7 78 14 5 56 13 58 100 78 25 82 17 99 57 57 64 89 61 89 0 2 82 9 33 53 54 139 106 76 50 41 133 99 65 32 15 134 99 65 32 16 139 107 76 51 43 150 121 95 76 70
52 69 83 61 66 9 38 63 99 50 96 54 63 10 5 76 12 7 54 13 56 99 77 23 82 19 98 56 56 63 89 60 89 2 0 80 9 32 51 52 139 107 76 51 43 133 99 65 32 17 133 98 64 31 15 138 106 75 49 41 149 119 93 74 68
46 33 75 65 66 80 68 76 102 79 104 65 49 77 77 4 68 85 31 78 41 57 70 58 79 98 85 63 59 60 84 64 82 82 80 0 79 63 34 28 143 124 113 111 121 122 100 85 84 96 105 78 59 57 74 93 61 34 31 57 89 55 20 16 50
47 64 76 54 59 2 31 55 91 42 87 47 57 18 12 75 13 10 52 5 51 93 70 25 74 20 90 49 49 56 81 53 81 9 9 79 0 25 48 51 131 98 68 45 42 125 90 56 24 19 125 91 57 26 22 132 100 70 48 46 144 115 90 74 73
24 42 52 30 35 25 10 34 71 25 68 23 33 37 32 59 24 34 33 21 29 69 46 27 51 43 67 25 25 32 59 29 58 33 32 63 25 0 30 37 113 83 58 49 61 104 70 38 21 43 102 67 33 8 39 107 76 48 35 52 120 92 71 63 73
15 20 53 37 39 49 34 46 79 46 79 34 24 52 49 31 40 56 4 46 12 53 47 33 56 68 67 33 29 33 62 35 60 53 51 34 48 30 0 12 122 97 81 78 89 106 77 55 50 67 96 63 32 24 50 94 59 25 13 46 100 69 43 37 57
26 27 65 48 51 52 43 58 90 56 90 45 36 51 50 24 41 58 10 50 24 61 58 31 67 70 78 44 41 45 74 47 72 54 52 28 51 37 12 0 133 109 92 85 93 117 88 66 58 69 106 73 44 30 48 101 67 32 4 38 105 72 42 27 46
108 111 70 87 83 130 104 79 44 90 45 92 98 147 141 141 136 138 123 126 110 92 76 139 66 140 59 91 94 89 60 88 62 139 139 143 131 113 122 133 0 35 70 104 139 29 45 75 108 142 57 67 90 119 150 86 92 110 134 162 114 119 133 153 178
83 91 51 61 59 98 74 52 26 59 22 65 76 115 109 121 104 105 100 94 86 82 55 110 46 106 48 65 68 65 42 63 45 106 107 124 98 83 97 109 35 0 35 70 104 45 29 45 75 108 67 57 66 89 118 92 85 92 109 134 119 113 118 132 153
68 82 53 49 50 67 50 39 43 36 37 48 66 85 79 109 76 73 84 64 72 86 52 84 46 73 59 50 54 55 49 50 51 76 76 113 68 58 81 92 70 35 0 35 70 75 45 28 45 75 90 66 56 66 89 110 92 84 91 109 133 118 112 117 131
68 86 73 59 62 44 44 52 74 39 68 54 72 61 55 108 56 47 81 42 74 103 70 67 68 42 85 57 60 65 73 59 75 50 51 111 45 49 78 85 104 70 35 0 35 108 75 45 28 45 119 89 66 56 66 134 109 91 84 90 153 132 117 111 116
85 103 102 83 88 41 62 80 107 64 102 77 93 50 48 117 54 37 93 44 90 127 97 66 98 26 115 80 82 88 104 83 105 41 43 121 42 61 89 93 139 104 70 35 0 142 108 75 45 28 150 118 89 66 55 162 134 109 90 83 178 153 131 116 110
93 92 54 74 70 125 96 70 35 84 40 81 82 140 134 121 127 133 107 120 94 68 60 129 53 138 40 80 81 75 46 76 47 133 133 122 125 104 106 117 29 45 75 108 142 0 35 70 104 139 29 45 75 108 142 57 67 90 119 150 86 92 110 134 162
63 67 25 42 39 90 62 36 4 49 9 48 54 106 100 97 94 99 79 86 65 54 31 96 22 103 20 47 50 44 16 44 19 99 99 100 90 70 77 88 45 29 45 75 108 35 0 35 70 104 45 29 45 75 108 67 57 66 89 118 92 85 92 109 134
41 54 29 21 22 56 29 11 35 15 32 21 38 72 66 82 61 64 58 52 45 61 27 65 24 69 40 23 27 27 29 22 31 65 65 85 56 38 55 66 75 45 28 45 75 70 35 0 35 70 75 45 28 45 75 90 66 56 66 89 110 92 84 91 109
43 61 59 39 44 23 19 37 70 22 66 32 49 41 35 80 32 30 54 20 48 83 54 41 56 34 73 36 37 44 62 38 63 32 32 84 24 21 50 58 108 75 45 28 45 104 70 35 0 35 108 75 45 28 45 119 89 66 56 66 134 109 91 84 90
66 83 92 71 76 19 48 71 104 56 100 64 76 23 21 92 28 11 70 23 70 112 86 40 90 3 107 66 67 74 96 70 97 15 17 96 19 43 67 69 142 108 75 45 28 139 104 70 35 0 142 108 75 45 28 150 118 89 66 55 162 134 109 90 83
86 79 50 72 67 125 95 72 47 87 53 79 74 138 133 104 125 134 96 121 85 48 56 124 53 141 36 77 77 70 47 73 46 134 133 105 125 102 96 106 57 67 90 119 150 29 45 75 108 142 0 35 70 104 139 29 45 75 108 142 57 67 90 119 150
51 48 17 38 33 91 61 39 32 54 36 45 39 103 98 76 90 100 63 87 51 26 22 89 22 107 10 42 43 36 18 39 16 99 98 78 91 67 63 73 67 57 66 89 118 45 29 45 75 108 35 0 35 70 104 45 29 45 75 108 67 57 66 89 118
19 26 22 9 8 58 28 18 47 28 47 13 10 69 64 56 56 66 34 53 21 39 16 55 24 75 37 10 9 2 31 8 29 65 64 59 57 33 32 44 90 66 56 66 89 75 45 28 45 75 70 35 0 35 70 75 45 28 45 75 90 66 56 66 89
22 39 56 34 39 27 17 40 76 32 74 28 33 34 30 53 21 35 28 23 26 69 49 21 56 45 71 29 28 35 63 33 62 32 31 57 26 8 24 30 119 89 66 56 66 108 75 45 28 45 104 70 35 0 35 108 75 45 28 45 119 89 66 56 66
55 69 90 68 73 23 47 72 109 60 106 61 67 6 11 70 15 20 53 26 58 101 84 18 90 30 105 63 62 69 97 67 96 16 15 74 22 39 50 48 150 118 89 66 55 142 108 75 45 28 139 104 70 35 0 142 108 75 45 28 150 118 89 66 55
87 75 61 80 75 132 103 83 70 98 76 87 75 142 138 94 129 141 93 128 85 41 66 125 66 150 51 84 83 76 62 81 60 139 138 93 132 107 94 101 86 92 110 134 162 57 67 90 119 150 29 45 75 108 142 0 35 70 104 139 29 45 75 108 142
54 41 39 52 47 100 72 58 60 71 65 58 43 108 105 61 96 109 58 96 51 7 40 91 46 118 38 54 53 46 45 52 42 107 106 61 100 76 59 67 92 85 92 109 134 67 57 66 89 118 45 29 45 75 108 35 0 35 70 104 45 29 45 75 108
24 6 42 36 35 71 48 46 69 54 71 39 20 76 73 32 64 79 24 67 20 29 37 58 47 90 52 36 32 30 51 35 48 76 75 34 70 48 25 32 110 92 84 91 109 90 66 56 66 89 75 45 28 45 75 70 35 0 35 70 75 45 28 45 75
27 30 66 49 52 49 42 58 91 56 91 45 37 47 46 27 38 55 12 47 25 64 60 28 68 67 79 45 41 46 75 47 73 51 49 31 48 35 13 4 134 109 91 84 90 119 89 66 56 66 108 75 45 28 45 104 70 35 0 35 108 75 45 28 45
57 64 97 77 81 47 61 83 120 76 118 71 69 33 37 54 34 47 47 48 57 98 90 25 98 58 111 72 69 75 105 75 104 43 41 57 46 52 46 38 162 134 109 90 83 150 118 89 66 55 142 108 75 45 28 139 104 70 35 0 142 108 75 45 28
97 81 81 96 92 144 117 102 95 116 101 102 87 151 148 91 138 153 98 140 93 52 84 132 87 163 75 99 97 91 85 97 82 150 149 89 144 120 100 105 114 119 133 153 178 86 92 110 134 162 57 67 90 119 150 29 45 75 108 142 0 35 70 104 139
69 51 66 74 71 116 91 82 88 94 93 79 61 120 117 56 108 123 66 112 64 32 66 101 73 134 66 76 73 68 73 74 70 121 119 55 115 92 69 72 119 113 118 132 153 92 85 92 109 134 67 57 66 89 118 45 29 45 75 108 35 0 35 70 104
49 31 68 64 63 91 73 74 94 81 97 66 47 92 90 22 81 98 39 88 44 43 64 72 73 110 75 63 60 58 77 63 74 95 93 20 90 71 43 42 133 118 112 117 131 110 92 84 91 109 90 66 56 66 89 75 45 28 45 75 70 35 0 35 70
50 43 84 72 73 75 69 82 111 82 112 70 57 69 70 15 63 80 33 74 46 71 79 51 88 92 96 69 65 67 94 70 92 76 74 16 74 63 37 27 153 132 117 111 116 134 109 91 84 90 119 89 66 56 66 108 75 45 28 45 104 70 35 0 35
71 71 110 93 96 74 82 101 135 96 135 89 81 61 64 49 60 74 56 74 69 103 104 50 113 85 123 88 85 90 119 91 117 70 68 50 73 73 57 46 178 153 131 116 110 162 134 109 90 83 150 118 89 66 55 142 108 75 45 28 139 104 70 35 0
