0 88 96 103 64 19 53 9 56 23 22 125 29 107 72 92 62 52 10 16 47 84 94 92 64 15 52 31 64 35 70 108 74 102 85 81 75 61 28 18 151 135 120 106 92 80 70 63 61 63 146 130 114 98 83 70 58 50 47 51 142 125 108 92 76 61 48 37 33 38 139 122 105 88 71 55 39 26 20 27 138 121 103 86 69 52 34 18 6 20 138 121 104 86 69 52 35 19 9 21 140 123 106 89 72 56 41 28 23 29 143 126 109 93 78 63 50 40 36 41 147 131 115 100 85 72 61 53 50 53 152 137 122 107 94 82 72 66 64 66
88 0 67 33 85 70 40 83 38 68 70 37 77 30 18 40 47 77 80 74 66 10 69 5 82 75 38 64 29 60 24 26 18 29 8 60 36 37 70 76 63 47 33 24 26 37 51 67 84 100 60 42 26 11 14 30 47 64 81 98 59 42 25 9 13 29 46 63 81 98 62 46 31 21 23 35 50 66 83 100 68 54 42 35 36 44 57 72 87 103 76 64 54 49 49 56 66 79 93 109 86 75 67 63 63 68 77 88 101 115 97 87 80 77 77 81 88 98 110 123 108 100 94 91 91 94 101 109 120 132 120 113 107 105 105 108 113 121 131 142
96 67 0 44 45 85 56 88 54 89 75 80 69 52 60 28 38 50 92 81 49 75 3 67 43 90 60 66 54 64 52 58 74 47 60 15 36 48 68 79 100 94 90 89 92 98 106 116 128 141 88 80 76 75 78 85 94 106 119 133 76 67 62 61 65 73 84 97 111 126 66 55 48 47 52 62 75 89 104 120 56 43 34 33 40 52 67 82 99 115 50 34 22 20 30 45 61 78 95 112 46 29 12 8 24 42 59 76 93 111 47 31 16 13 26 43 60 77 94 111 52 38 27 26 34 48 64 80 96 113 60 48 41 39 46 57 70 85 101 117
103 33 44 0 77 87 51 96 48 87 83 37 84 8 38 19 46 74 96 88 66 43 46 30 74 92 53 74 41 70 35 15 48 5 29 43 31 43 79 87 59 50 47 49 57 69 83 97 113 129 49 38 33 36 47 61 76 92 108 125 40 26 18 25 39 54 71 88 105 122 36 19 4 17 34 52 69 86 103 121 38 22 11 20 36 52 69 87 104 121 44 31 25 30 42 57 73 89 106 123 53 43 39 42 52 64 79 94 110 126 64 56 53 56 63 74 86 101 116 131 77 70 67 69 75 84 96 109 123 137 89 84 82 83 88 96 106 118 131 145
64 85 45 77 0 60 52 56 52 67 49 111 36 84 70 59 38 13 64 53 25 88 43 87 4 64 56 42 59 43 62 89 82 79 78 36 51 50 40 49 136 125 116 108 104 102 103 106 113 121 125 114 103 95 90 88 89 93 101 110 116 103 92 83 76 74 75 81 89 100 107 93 81 70 63 60 62 68 78 90 100 85 71 59 50 46 48 56 68 82 94 78 63 49 37 32 36 46 60 75 91 74 57 41 26 18 24 38 54 70 89 72 54 37 20 4 16 34 51 68 89 72 55 38 22 11 19 35 52 69 92 76 59 44 31 25 29 41 56 72
19 70 85 87 60 0 36 15 39 8 12 106 26 90 54 76 48 48 10 10 39 66 84 74 60 6 34 20 47 21 52 90 55 85 67 70 59 45 21 14 133 117 102 87 74 62 54 51 54 61 128 111 95 80 65 52 42 37 41 51 124 107 91 74 58 43 30 24 29 42 123 105 88 71 54 37 21 10 20 36 122 105 88 70 53 36 19 5 18 35 124 107 90 73 56 40 26 19 25 39 126 110 93 77 62 48 37 33 37 47 131 115 99 84 70 59 50 46 49 58 136 121 107 93 80 70 63 60 62 69 143 129 115 102 91 82 76 74 76 81
53 40 56 51 52 36 0 46 3 37 33 74 38 54 23 42 19 41 46 38 29 39 56 43 49 42 5 25 12 21 18 56 32 50 34 42 24 10 31 38 100 86 73 61 53 50 53 61 73 86 94 78 64 50 40 37 41 51 64 79 89 73 57 41 28 23 29 42 57 73 87 70 53 36 19 9 20 36 53 71 87 70 52 35 18 6 19 36 53 70 89 72 56 40 27 20 27 41 56 73 93 77 62 49 38 34 38 49 63 78 99 84 71 59 51 48 51 59 71 85 107 93 81 71 65 62 64 71 81 93 116 103 92 84 78 76 78 83 92 103
9 83 88 96 56 15 46 0 49 22 14 119 21 100 66 84 54 44 10 9 39 79 86 86 56 14 46 23 57 27 63 101 69 95 79 73 67 53 20 10 145 130 115 101 88 77 69 64 64 69 139 123 108 93 79 66 56 50 50 56 135 118 102 86 71 56 44 37 37 44 132 115 98 81 65 49 34 24 24 34 130 113 96 78 61 44 27 12 12 28 130 113 96 78 61 44 27 11 11 27 132 114 97 81 64 48 33 22 22 33 134 118 101 85 70 55 43 35 35 43 139 123 107 92 77 65 54 49 49 54 144 129 114 100 87 75 67 62 62 67
56 38 54 48 52 39 3 49 0 40 35 72 40 52 21 39 18 42 48 40 30 38 54 41 49 45 7 28 10 23 15 53 31 47 32 40 22 7 33 40 98 84 71 60 53 51 54 63 75 88 91 76 61 48 39 37 42 53 66 81 87 70 54 39 27 23 31 44 60 76 84 67 50 33 17 9 23 39 56 73 84 67 50 32 16 7 22 39 56 73 86 69 53 38 25 21 29 43 59 76 90 75 60 47 37 34 40 51 65 80 97 82 69 58 50 48 52 61 73 87 105 91 79 70 64 62 65 73 83 95 114 101 91 83 78 76 79 85 94 105
23 68 89 87 67 8 37 22 40 0 20 104 33 90 53 78 52 54 14 17 45 63 88 72 66 9 35 26 47 26 52 90 52 85 65 74 61 46 28 22 131 114 99 83 69 57 48 44 47 55 127 110 93 77 61 47 35 30 34 45 124 107 90 73 56 40 25 16 23 37 123 106 88 71 54 36 19 3 17 34 123 106 89 72 55 38 23 12 20 36 126 109 92 76 60 45 32 26 31 43 129 113 97 82 67 54 44 40 43 52 134 119 104 89 76 65 57 54 56 63 141 126 112 98 87 77 70 68 69 75 148 134 121 108 98 89 84 82 83 88
22 70 75 83 49 12 33 14 35 20 0 106 14 86 53 70 41 36 17 6 28 68 74 74 48 16 33 10 44 13 50 88 58 81 66 61 53 40 9 6 132 117 103 90 78 69 63 62 66 73 126 110 95 81 67 57 50 48 53 62 121 105 89 73 58 45 36 35 41 52 118 101 84 68 51 36 24 21 30 45 117 99 82 65 48 31 14 8 24 41 117 99 82 65 48 31 15 10 24 41 119 102 85 68 52 37 25 23 32 46 122 106 89 74 59 47 38 36 42 54 127 111 96 82 69 58 51 50 55 64 133 118 104 91 79 70 65 64 67 75
125 37 80 37 111 106 74 119 72 104 106 0 111 29 53 54 76 107 116 110 97 43 83 33 108 111 74 99 63 94 57 23 54 34 41 79 61 69 104 111 27 14 17 31 48 65 82 99 116 133 24 7 12 29 46 64 81 98 115 133 29 18 20 33 49 66 82 99 117 134 39 32 33 42 55 70 86 103 119 136 51 46 46 53 64 78 92 108 124 140 64 60 60 66 75 86 100 114 129 145 77 74 74 79 86 96 109 122 136 151 91 88 88 92 98 107 118 131 144 158 105 102 102 105 111 119 129 140 153 166 119 116 116 119 124 131 140 151 162 175
29 77 69 84 36 26 38 21 40 33 14 111 0 89 60 69 39 24 28 18 21 76 67 80 36 29 39 14 49 18 54 91 67 83 71 55 53 43 8 13 137 123 110 98 88 80 76 76 79 86 130 115 100 87 76 67 62 62 67 75 123 108 92 78 65 55 49 48 54 64 119 102 86 70 56 43 35 35 42 55 115 98 82 65 49 34 22 22 32 47 114 97 79 62 45 28 11 10 26 43 114 97 79 62 45 28 13 12 27 44 116 99 82 66 50 35 24 24 34 48 119 103 87 72 57 45 37 37 44 56 124 109 94 80 67 57 51 51 56 66
107 30 52 8 84 90 54 100 52 90 86 29 89 0 38 26 51 81 99 92 72 40 54 26 81 95 56 78 44 74 38 7 47 6 27 51 36 47 83 91 52 42 39 43 53 66 81 96 112 129 42 30 25 31 44 59 75 91 108 125 36 20 11 22 38 55 72 89 106 123 34 17 4 19 36 54 71 88 106 123 39 25 18 26 40 56 73 90 107 124 47 36 33 37 48 62 78 94 110 127 58 50 47 50 59 71 84 99 115 131 70 63 61 63 70 81 93 107 121 136 82 77 75 77 83 92 102 115 129 143 96 91 89 91 96 103 113 124 137 151
72 18 60 38 70 54 23 66 21 53 53 53 60 38 0 37 33 61 64 58 50 18 61 21 67 59 21 47 12 43 9 38 15 35 13 50 26 21 53 59 79 64 50 40 34 38 47 61 76 91 74 58 42 28 20 26 39 54 71 87 72 55 38 21 7 17 34 51 68 85 72 55 38 21 9 18 34 51 68 85 75 59 43 30 23 27 40 55 71 88 80 66 52 42 37 40 49 62 77 92 88 74 63 54 51 53 60 71 84 99 97 85 75 68 65 66 72 81 93 106 107 96 87 81 79 80 85 93 103 115 118 108 100 95 93 94 98 105 114 125
92 40 28 19 59 76 42 84 39 78 70 54 69 26 37 0 31 57 85 76 51 48 30 39 56 82 45 61 34 57 30 31 50 21 33 25 18 33 65 75 77 68 62 61 65 73 84 96 110 125 66 55 49 47 52 62 74 88 103 119 57 44 35 33 40 52 66 82 98 115 50 35 22 20 30 45 61 78 94 111 47 30 13 8 24 41 58 75 93 110 48 31 16 12 25 42 59 76 93 110 53 38 27 25 34 47 63 79 96 112 61 48 40 39 45 56 69 84 100 116 70 60 54 53 57 66 78 91 106 121 82 73 68 67 70 78 88 100 114 128
62 47 38 46 38 48 19 54 18 52 41 76 39 51 33 31 0 31 56 46 21 50 38 49 35 54 24 31 22 28 24 55 46 46 40 24 16 13 35 45 102 89 79 71 67 67 72 80 91 103 93 79 67 58 53 53 59 69 81 95 86 71 57 46 39 40 47 59 73 88 80 64 48 35 25 26 37 51 67 83 77 60 43 27 13 15 30 47 64 81 77 59 42 25 9 12 28 46 63 80 79 62 46 31 20 21 34 49 65 82 83 68 53 41 33 34 43 56 70 86 90 75 63 53 47 48 54 65 78 92 98 85 74 65 61 61 66 75 87 100
52 77 50 74 13 48 41 44 42 54 36 107 24 81 61 57 31 0 51 40 13 79 47 79 13 51 45 29 50 30 54 85 72 75 70 37 46 41 27 36 132 120 109 100 94 91 91 94 100 108 122 109 98 88 81 77 77 81 88 97 114 100 87 76 68 63 63 68 76 87 107 92 78 65 55 49 49 55 65 78 101 85 70 55 43 36 36 44 56 70 97 80 64 48 33 22 23 34 49 65 95 78 61 44 27 11 12 28 45 62 95 78 61 44 27 12 12 28 45 62 98 81 64 48 34 24 24 35 49 65 102 86 70 56 44 37 37 45 57 71
10 80 92 96 64 10 46 10 48 14 17 116 28 99 64 85 56 51 0 12 45 75 91 84 63 6 44 26 56 29 62 100 65 95 76 77 68 54 25 15 142 127 111 96 83 70 61 55 55 59 138 121 105 89 74 60 49 42 41 47 134 117 100 84 68 52 38 28 28 36 132 115 98 80 63 47 30 16 15 28 131 114 97 80 62 45 28 10 8 25 132 115 98 81 64 47 32 19 17 30 135 118 101 85 69 54 40 31 30 39 138 122 106 91 76 62 51 44 44 50 144 128 113 98 85 73 63 58 57 62 150 135 120 107 94 84 76 72 71 75
16 74 81 88 53 10 38 9 40 17 6 110 18 92 58 76 46 40 12 0 34 71 80 78 52 12 37 16 49 19 55 93 61 87 70 66 59 45 14 5 137 121 107 93 81 70 63 61 63 69 131 115 99 84 71 59 50 47 50 58 127 110 94 78 62 48 38 33 37 47 124 107 90 73 56 40 26 19 25 39 122 105 88 70 53 36 19 5 18 35 123 105 88 71 54 37 21 10 20 36 124 107 91 74 58 42 30 23 29 41 128 111 95 79 65 51 41 37 41 50 133 117 101 87 74 62 54 51 54 61 139 124 109 96 84 74 67 65 67 73
47 66 49 66 25 39 29 39 30 45 28 97 21 72 50 51 21 13 45 34 0 67 48 68 23 44 33 20 38 20 42 75 60 67 59 35 36 29 20 30 122 109 98 89 82 78 78 82 90 99 114 100 87 76 68 64 65 70 78 89 106 91 77 65 56 50 51 57 67 80 100 84 69 55 44 37 38 46 58 72 96 80 63 47 33 23 25 36 51 67 94 77 60 43 26 11 14 29 46 63 94 77 59 42 25 10 13 29 46 63 96 79 63 46 32 22 23 35 50 66 100 84 68 54 42 35 36 44 57 72 106 91 76 64 54 49 50 56 66 79
84 10 75 43 88 66 39 79 38 63 68 43 76 40 18 48 50 79 75 71 67 0 76 14 85 70 37 62 30 58 27 36 11 39 15 66 41 39 68 73 69 52 36 23 18 27 42 58 75 92 67 49 32 15 5 21 38 56 73 90 68 51 34 19 12 24 40 57 74 91 71 56 41 29 26 33 46 61 77 93 78 63 51 42 40 44 55 68 82 98 86 73 63 56 54 57 65 77 90 104 95 84 75 69 68 71 77 87 99 112 106 96 88 83 82 84 90 98 109 121 117 108 101 97 96 98 102 110 119 130 129 121 115 111 110 111 116 122 131 141
94 69 3 46 43 84 56 86 54 88 74 83 67 54 61 30 38 47 91 80 48 76 0 68 40 89 60 65 54 63 53 60 75 50 61 15 36 48 67 77 103 96 92 91 93 98 106 116 128 140 91 83 78 77 79 86 95 106 118 132 79 70 64 63 66 73 84 96 110 125 68 57 50 49 53 62 74 88 103 118 59 46 37 35 41 52 66 81 97 114 52 37 24 21 30 44 60 76 93 110 49 31 15 8 23 40 57 74 91 109 49 32 16 10 24 40 57 74 92 109 53 38 27 23 32 45 61 77 94 111 61 48 39 37 43 54 67 82 98 114
92 5 67 30 87 74 43 86 41 72 74 33 80 26 21 39 49 79 84 78 68 14 68 0 83 79 42 67 32 63 26 23 23 26 10 60 37 39 73 79 59 44 30 23 28 40 55 71 88 105 55 38 22 9 18 34 51 68 85 102 55 38 21 6 17 33 51 68 85 102 58 42 28 20 25 38 54 70 87 104 64 50 39 34 37 47 60 75 91 107 73 61 52 48 50 58 69 82 97 112 83 73 65 62 64 70 79 91 105 119 94 85 79 76 78 83 91 101 113 127 106 98 93 90 91 96 103 112 123 135 118 111 107 104 105 109 115 123 133 145
64 82 43 74 4 60 49 56 49 66 48 108 36 81 67 56 35 13 63 52 23 85 40 83 0 64 54 41 56 42 59 86 79 75 75 33 48 47 39 48 132 122 112 105 101 99 101 105 112 121 122 110 100 92 87 85 87 92 100 110 113 100 88 79 73 71 73 79 88 99 104 90 78 67 60 57 60 67 77 90 97 82 68 56 47 43 47 56 68 82 91 75 60 45 34 29 34 46 60 76 88 71 54 38 23 16 24 39 55 72 87 69 52 35 17 2 18 36 53 70 88 71 54 37 22 13 22 38 54 71 91 74 59 44 32 27 33 45 59 75
15 75 90 92 64 6 42 14 45 9 16 111 29 95 59 82 54 51 6 12 44 70 89 79 64 0 40 25 52 27 58 96 60 91 72 75 65 50 25 16 138 122 106 91 77 65 56 51 52 58 133 117 100 84 69 55 44 37 38 46 130 113 96 79 63 47 33 24 26 37 128 111 94 76 59 42 26 11 15 30 128 111 93 76 59 42 25 9 13 29 129 112 95 78 62 46 31 20 22 35 132 115 99 83 67 53 41 34 35 44 136 120 105 89 75 63 53 47 48 55 142 126 112 97 85 74 65 61 62 67 148 134 120 107 95 85 78 75 75 80
52 38 60 53 56 34 5 46 7 35 33 74 39 56 21 45 24 45 44 37 33 37 60 42 54 40 0 26 13 22 19 56 28 51 34 47 28 14 32 38 100 85 71 59 50 46 49 57 68 82 94 78 63 49 38 32 36 46 60 75 91 74 57 41 27 18 24 38 54 70 89 72 54 37 20 5 17 34 51 68 89 72 55 38 22 11 19 35 52 69 92 75 59 44 31 25 29 41 56 72 97 81 66 53 43 39 42 51 63 78 103 89 75 64 56 53 55 62 72 85 111 98 86 76 69 66 68 74 83 94 120 108 97 89 83 80 82 87 94 104
31 64 66 74 42 20 25 23 28 26 10 99 14 78 47 61 31 29 26 16 20 62 65 67 41 25 26 0 37 5 43 80 53 73 59 51 44 32 6 14 125 111 97 85 74 67 64 65 71 80 118 103 88 75 63 54 50 52 59 70 113 97 81 66 52 42 36 39 48 61 109 93 76 60 44 30 22 27 39 54 108 90 73 56 39 22 9 17 33 50 107 90 73 56 39 22 7 16 33 50 109 92 75 59 43 29 21 25 38 53 113 96 80 65 51 40 34 37 47 60 118 102 87 73 61 52 48 50 57 69 124 109 96 83 73 65 62 63 69 79
64 29 54 41 59 47 12 57 10 47 44 63 49 44 12 34 22 50 56 49 38 30 54 32 56 52 13 37 0 32 6 44 24 39 23 41 19 9 42 49 89 74 62 51 46 46 53 64 77 91 83 67 52 40 32 33 42 55 70 86 78 62 45 30 18 20 33 48 65 82 77 59 42 25 8 11 28 46 63 80 78 60 44 27 14 16 30 47 64 81 81 65 49 36 27 28 38 52 68 84 86 72 58 47 41 41 49 60 74 89 94 80 68 59 54 55 60 70 82 96 103 90 80 72 68 69 73 81 92 104 113 101 92 86 82 82 86 93 102 114
35 60 64 70 43 21 21 27 23 26 13 94 18 74 43 57 28 30 29 19 20 58 63 63 42 27 22 5 32 0 38 76 49 69 55 49 41 27 10 18 121 106 93 80 71 64 61 64 71 81 114 99 84 70 59 51 48 51 59 71 109 93 77 62 48 38 34 38 49 63 106 89 72 55 40 26 20 27 41 56 104 87 69 52 35 18 6 19 36 53 104 87 70 52 36 19 9 20 37 54 106 89 73 56 41 28 23 29 42 58 110 94 78 63 50 40 37 41 51 64 116 100 86 72 61 53 51 54 62 73 122 108 95 83 73 67 64 67 73 83
70 24 52 35 62 52 18 63 15 52 50 57 54 38 9 30 24 54 62 55 42 27 53 26 59 58 19 43 6 38 0 38 23 33 17 41 17 13 48 55 83 69 56 47 43 46 55 67 81 96 77 61 46 35 29 33 44 59 74 90 72 56 39 24 15 22 37 53 70 87 71 54 36 19 2 17 34 51 68 86 72 55 39 23 14 21 36 53 70 87 76 60 46 34 28 32 44 58 74 90 82 68 55 46 42 45 53 66 80 95 90 78 67 59 56 58 65 75 88 102 100 88 79 72 70 72 77 86 97 110 110 100 92 86 84 85 90 98 107 119
108 26 58 15 89 90 56 101 53 90 88 23 91 7 38 31 55 85 100 93 75 36 60 23 86 96 56 80 44 76 38 0 44 11 25 56 39 49 85 93 48 37 33 37 48 62 77 93 109 126 39 25 19 26 40 56 72 89 106 123 35 18 5 19 36 53 70 88 105 122 36 20 11 21 37 54 71 88 105 122 42 30 25 30 43 58 74 91 107 124 52 43 39 43 52 65 80 95 111 128 63 56 53 56 63 74 87 102 117 133 76 69 67 69 76 85 96 110 124 139 89 83 81 83 88 96 107 119 132 146 102 97 95 97 101 108 118 128 141 154
74 18 74 48 82 55 32 69 31 52 58 54 67 47 15 50 46 72 65 61 60 11 75 23 79 60 28 53 24 49 23 44 0 44 20 64 40 33 59 63 79 63 47 32 22 24 35 50 66 83 77 60 43 26 10 13 29 46 63 80 77 60 43 26 11 13 29 46 63 80 80 63 47 33 23 24 35 50 66 83 85 69 55 43 36 37 45 58 72 87 91 77 65 56 50 51 57 67 80 94 100 87 76 68 64 64 69 78 89 102 110 98 89 82 78 78 82 89 99 111 120 110 101 95 92 92 95 102 110 121 131 122 114 109 106 106 109 114 122 131
102 29 47 5 79 85 50 95 47 85 81 34 83 6 35 21 46 75 95 87 67 39 50 26 75 91 51 73 39 69 33 11 44 0 25 46 31 42 78 86 57 48 43 45 53 65 79 94 110 126 48 35 29 32 43 57 72 88 105 122 41 25 15 21 35 51 68 85 102 119 38 21 4 15 32 49 67 84 101 118 41 25 15 20 35 51 68 85 102 119 48 35 29 32 43 57 72 88 105 122 57 48 43 45 53 65 79 94 110 126 69 61 57 59 65 75 87 101 116 131 81 74 71 72 78 86 97 109 123 137 94 88 85 86 91 98 107 119 131 145
85 8 60 29 78 67 34 79 32 65 66 41 71 27 13 33 40 70 76 70 59 15 61 10 75 72 34 59 23 55 17 25 20 25 0 52 29 30 64 71 67 52 39 32 32 41 54 69 85 102 62 45 30 18 20 32 48 65 81 98 60 42 25 8 11 28 45 63 80 97 61 44 28 14 16 30 47 64 81 98 65 50 36 27 28 38 52 68 84 100 72 59 48 41 42 49 60 74 89 105 81 69 60 55 55 61 70 83 96 111 91 81 73 69 69 74 82 92 105 118 102 93 87 83 83 87 94 103 114 127 114 106 100 97 97 100 106 114 124 136
81 60 15 43 36 70 42 73 40 74 61 79 55 51 50 25 24 37 77 66 35 66 15 60 33 75 47 51 41 49 41 56 64 46 52 0 25 34 53 64 102 93 86 83 83 87 93 103 114 126 91 80 73 69 69 73 81 92 104 118 81 69 60 55 55 61 70 82 96 111 72 58 47 41 41 49 60 74 89 105 65 50 36 27 28 38 52 68 84 100 61 44 28 14 16 30 47 64 81 98 60 42 25 8 11 28 45 63 80 97 62 45 30 19 20 32 48 65 82 99 67 52 40 32 33 41 55 70 85 102 75 62 52 46 46 53 63 77 91 107
75 36 36 31 51 59 24 67 22 61 53 61 53 36 26 18 16 46 68 59 36 41 36 37 48 65 28 44 19 41 17 39 40 31 29 25 0 15 49 58 87 75 65 60 59 63 71 82 95 109 78 64 53 46 45 50 60 73 87 103 71 55 42 32 31 38 51 65 81 97 66 49 33 20 17 28 44 60 77 94 64 47 29 12 7 24 41 58 76 93 65 48 32 17 14 27 43 60 77 94 69 54 40 29 27 36 49 64 80 96 76 62 50 43 41 47 58 71 86 101 84 72 62 56 55 59 68 80 93 107 94 83 75 70 69 73 80 90 102 115
61 37 48 43 50 45 10 53 7 46 40 69 43 47 21 33 13 41 54 45 29 39 48 39 47 50 14 32 9 27 13 49 33 42 30 34 15 0 36 45 95 81 69 60 54 54 60 69 81 95 88 73 59 48 41 41 48 59 73 88 82 66 50 37 27 27 37 51 66 83 79 62 45 29 15 15 29 45 62 79 78 61 44 26 9 10 27 44 61 79 80 63 47 31 19 19 32 47 64 80 84 68 53 41 32 32 41 54 69 84 90 76 63 52 46 46 52 63 76 90 98 85 73 65 60 60 65 73 85 98 107 95 85 78 74 74 77 85 95 107
28 70 68 79 40 21 31 20 33 28 9 104 8 83 53 65 35 27 25 14 20 68 67 73 39 25 32 6 42 10 48 85 59 78 64 53 49 36 0 11 130 116 102 90 80 72 69 69 74 82 124 108 94 80 68 59 55 55 61 71 118 102 86 71 58 47 41 42 49 61 114 97 81 65 49 36 27 29 39 53 111 94 77 60 43 27 14 17 31 48 111 94 76 59 42 24 7 11 29 46 112 95 78 61 44 29 17 19 33 48 115 98 82 66 51 38 31 32 41 54 119 103 88 73 60 50 44 45 52 63 125 110 96 82 71 62 58 58 64 73
18 76 79 87 49 14 38 10 40 22 6 111 13 91 59 75 45 36 15 5 30 73 77 79 48 16 38 14 49 18 55 93 63 86 71 64 58 45 11 0 137 122 108 95 83 73 67 65 67 74 131 116 100 86 73 61 54 51 54 62 126 110 94 78 64 51 41 37 41 51 123 106 89 73 57 41 29 23 30 43 121 104 87 69 52 35 19 10 21 37 121 104 86 69 52 35 18 5 19 36 122 105 88 71 55 39 25 19 26 40 125 109 92 76 61 47 37 33 38 48 130 114 98 83 70 58 50 47 50 59 135 120 105 92 80 70 63 60 63 70
151 63 100 59 136 133 100 145 98 131 132 27 137 52 79 77 102 132 142 137 122 69 103 59 132 138 100 125 89 121 83 48 79 57 67 102 87 95 130 137 0 18 35 52 70 87 104 122 139 156 15 23 38 54 71 88 105 122 140 157 29 34 45 60 75 91 108 125 142 159 43 47 55 68 82 97 113 129 145 162 58 60 67 77 90 104 119 134 150 166 72 74 80 88 99 112 126 140 156 171 86 88 93 100 110 122 134 148 162 177 100 102 106 112 121 132 144 156 170 184 115 116 119 125 133 143 154 166 179 192 129 130 133 138 145 154 164 176 188 201
135 47 94 50 125 117 86 130 84 114 117 14 123 42 64 68 89 120 127 121 109 52 96 44 122 122 85 111 74 106 69 37 63 48 52 93 75 81 116 122 18 0 18 35 52 70 87 104 122 139 23 15 23 38 54 71 88 105 122 140 34 29 34 45 60 75 91 108 125 142 47 43 46 55 67 82 97 112 129 145 60 57 60 67 77 90 104 118 134 150 74 72 73 79 88 99 112 126 140 155 88 86 87 92 100 110 121 134 148 162 102 100 101 105 112 121 131 143 156 170 116 114 115 119 125 133 142 153 165 178 130 128 129 132 138 145 154 164 175 187
120 33 90 47 116 102 73 115 71 99 103 17 110 39 50 62 79 109 111 107 98 36 92 30 112 106 71 97 62 93 56 33 47 43 39 86 65 69 102 108 35 18 0 18 35 52 70 87 104 122 38 23 15 23 38 54 71 88 105 122 45 34 29 34 45 60 75 91 108 125 55 46 43 46 55 67 81 97 112 129 67 60 57 60 67 77 90 104 118 134 80 73 71 73 79 88 99 112 126 140 93 87 85 87 92 99 109 121 134 148 106 101 99 101 105 112 121 131 143 156 119 115 114 115 118 124 132 142 153 165 133 129 128 129 132 137 144 153 163 175
106 24 89 49 108 87 61 101 60 83 90 31 98 43 40 61 71 100 96 93 89 23 91 23 105 91 59 85 51 80 47 37 32 45 32 83 60 60 90 95 52 35 18 0 18 35 52 70 87 104 54 38 23 15 23 38 54 71 88 105 60 45 34 29 33 45 59 75 91 108 68 55 46 43 46 55 67 81 97 112 77 67 60 57 59 66 77 89 103 118 88 79 73 71 73 79 88 99 112 125 100 92 87 85 87 91 99 109 121 134 112 105 101 99 100 105 111 120 131 143 125 119 115 113 114 118 124 132 141 152 138 132 129 127 128 131 137 144 153 163
92 26 92 57 104 74 53 88 53 69 78 48 88 53 34 65 67 94 83 81 82 18 93 28 101 77 50 74 46 71 43 48 22 53 32 83 59 54 80 83 70 52 35 18 0 18 35 52 70 87 71 54 38 23 15 23 38 54 71 88 75 60 45 33 29 33 45 59 75 91 82 67 55 46 43 46 55 67 81 96 90 77 67 59 57 59 66 77 89 103 99 88 79 73 71 73 78 87 99 111 110 100 92 87 85 86 91 99 109 120 121 112 105 100 99 100 104 111 120 130 133 125 118 114 113 114 117 123 131 141 145 138 132 128 127 127 131 136 143 152
80 37 98 69 102 62 50 77 51 57 69 65 80 66 38 73 67 91 70 70 78 27 98 40 99 65 46 67 46 64 46 62 24 65 41 87 63 54 72 73 87 70 52 35 18 0 18 35 52 70 88 71 54 38 23 14 23 38 54 71 91 75 60 45 33 28 33 45 59 75 97 82 67 55 46 42 46 55 67 81 104 90 77 66 59 56 59 66 76 89 112 99 88 79 73 70 72 78 87 98 122 110 99 91 86 84 86 91 98 108 132 121 112 105 100 98 99 104 110 119 143 133 124 118 114 112 113 117 123 131 154 145 137 131 127 126 127 130 135 143
70 51 106 83 103 54 53 69 54 48 63 82 76 81 47 84 72 91 61 63 78 42 106 55 101 56 49 64 53 61 55 77 35 79 54 93 71 60 69 67 104 87 70 52 35 18 0 18 35 52 105 88 71 54 38 23 14 23 38 54 108 91 75 59 45 33 28 33 45 59 113 97 81 67 55 46 42 46 54 67 119 104 90 77 66 59 56 59 66 76 126 112 99 88 78 72 70 72 78 87 134 121 109 99 91 86 84 85 90 98 144 131 121 111 104 99 98 99 103 110 154 142 132 124 117 113 112 113 116 122 164 154 144 137 131 127 125 126 130 135
63 67 116 97 106 51 61 64 63 44 62 99 76 96 61 96 80 94 55 61 82 58 116 71 105 51 57 65 64 64 67 93 50 94 69 103 82 69 69 65 122 104 87 70 52 35 18 0 18 35 122 105 88 71 54 38 23 14 23 38 125 108 91 75 59 45 33 28 33 45 129 112 97 81 67 55 46 42 45 54 134 118 104 89 77 66 59 56 58 65 140 126 112 99 87 78 72 70 72 77 148 134 121 109 99 91 85 83 85 90 156 143 131 120 111 104 99 97 99 103 166 153 142 132 123 117 113 111 112 116 176 164 153 144 136 130 126 125 126 129
61 84 128 113 113 54 73 64 75 47 66 116 79 112 76 110 91 100 55 63 90 75 128 88 112 52 68 71 77 71 81 109 66 110 85 114 95 81 74 67 139 122 104 87 70 52 35 18 0 18 140 122 105 88 71 54 38 23 14 23 142 125 108 91 75 59 45 33 28 33 145 129 112 97 81 67 54 45 42 45 150 134 118 103 89 76 66 58 55 58 156 140 126 112 99 87 78 72 69 71 162 148 134 121 109 98 90 85 83 85 170 156 143 131 120 110 103 99 97 98 179 165 153 141 131 123 116 112 110 112 188 175 163 153 143 135 130 126 124 125
63 100 141 129 121 61 86 69 88 55 73 133 86 129 91 125 103 108 59 69 99 92 140 105 121 58 82 80 91 81 96 126 83 126 102 126 109 95 82 74 156 139 122 104 87 70 52 35 18 0 157 140 122 105 88 71 54 38 23 14 159 142 125 108 91 75 59 45 33 28 162 145 129 112 96 81 67 54 45 42 166 150 134 118 103 89 76 65 58 55 171 155 140 125 111 98 87 77 71 69 177 162 148 134 120 108 98 90 85 83 184 170 156 143 130 119 110 103 98 96 192 178 165 152 141 131 122 116 112 110 201 187 175 163 152 143 135 129 125 124
146 60 88 49 125 128 94 139 91 127 126 24 130 42 74 66 93 122 138 131 114 67 91 55 122 133 94 118 83 114 77 39 77 48 62 91 78 88 124 131 15 23 38 54 71 88 105 122 140 157 0 18 35 52 70 87 104 122 139 156 15 23 38 54 71 88 105 122 140 157 29 34 45 60 75 91 108 125 142 159 43 47 55 68 82 97 113 129 145 162 58 60 67 77 90 104 119 134 150 166 72 74 80 88 99 112 126 140 156 171 86 88 93 100 110 122 134 148 162 177 100 102 106 112 121 132 144 156 170 184 115 116 119 125 133 143 154 166 179 192
130 42 80 38 114 111 78 123 76 110 110 7 115 30 58 55 79 109 121 115 100 49 83 38 110 117 78 103 67 99 61 25 60 35 45 80 64 73 108 116 23 15 23 38 54 71 88 105 122 140 18 0 18 35 52 70 87 104 122 139 23 15 23 38 54 71 88 105 122 140 34 29 34 45 60 75 91 108 125 142 47 43 46 55 67 82 97 112 129 145 60 57 60 67 77 90 104 118 134 150 74 72 73 79 88 99 112 126 140 155 88 86 87 92 100 110 121 134 148 162 102 100 101 105 112 121 131 143 156 170 116 114 115 119 125 133 142 153 165 178
114 26 76 33 103 95 64 108 61 93 95 12 100 25 42 49 67 98 105 99 87 32 78 22 100 100 63 88 52 84 46 19 43 29 30 73 53 59 94 100 38 23 15 23 38 54 71 88 105 122 35 18 0 18 35 52 70 87 104 122 38 23 15 23 38 54 71 88 105 122 45 34 29 34 45 60 75 91 108 125 55 46 43 46 55 67 81 97 112 129 67 60 57 60 67 77 90 104 118 134 80 73 71 73 79 88 99 112 126 140 93 87 85 87 92 99 109 121 134 148 106 101 99 101 105 112 121 131 143 156 119 115 114 115 118 124 132 142 153 165
98 11 75 36 95 80 50 93 48 77 81 29 87 31 28 47 58 88 89 84 76 15 77 9 92 84 49 75 40 70 35 26 26 32 18 69 46 48 80 86 54 38 23 15 23 38 54 71 88 105 52 35 18 0 18 35 52 70 87 104 54 38 23 15 23 38 54 71 88 105 60 45 34 29 33 45 59 75 91 108 68 55 46 43 46 55 67 81 97 112 77 67 60 57 59 66 77 89 103 118 88 79 73 71 73 79 88 99 112 125 100 92 87 85 87 91 99 109 121 134 112 105 101 99 100 105 111 120 131 143 125 119 115 113 114 118 124 132 141 152
83 14 78 47 90 65 40 79 39 61 67 46 76 44 20 52 53 81 74 71 68 5 79 18 87 69 38 63 32 59 29 40 10 43 20 69 45 41 68 73 71 54 38 23 15 23 38 54 71 88 70 52 35 18 0 18 35 52 70 87 71 54 38 23 15 23 38 54 71 88 75 60 45 33 29 33 45 59 75 91 82 67 55 46 43 46 55 67 81 96 90 77 67 59 57 59 66 77 89 103 99 88 79 73 71 73 78 87 99 111 110 100 92 87 85 86 91 99 109 120 121 112 105 100 99 100 104 111 120 130 133 125 118 114 113 114 117 123 131 141
70 30 85 61 88 52 37 66 37 47 57 64 67 59 26 62 53 77 60 59 64 21 86 34 85 55 32 54 33 51 33 56 13 57 32 73 50 41 59 61 88 71 54 38 23 14 23 38 54 71 87 70 52 35 18 0 18 35 52 70 88 71 54 38 23 14 23 38 54 71 91 75 60 45 33 28 33 45 59 75 97 82 67 55 46 42 46 55 67 81 104 90 77 66 59 56 59 66 76 89 112 99 88 79 73 70 72 78 87 98 122 110 99 91 86 84 86 91 98 108 132 121 112 105 100 98 99 104 110 119 143 133 124 118 114 112 113 117 123 131
58 47 94 76 89 42 41 56 42 35 50 81 62 75 39 74 59 77 49 50 65 38 95 51 87 44 36 50 42 48 44 72 29 72 48 81 60 48 55 54 105 88 71 54 38 23 14 23 38 54 104 87 70 52 35 18 0 18 35 52 105 88 71 54 38 23 14 23 38 54 108 91 75 59 45 33 28 33 45 59 113 97 81 67 55 46 42 46 54 67 119 104 90 77 66 59 56 59 66 76 126 112 99 88 78 72 70 72 78 87 134 121 109 99 91 86 84 85 90 98 144 131 121 111 104 99 98 99 103 110 154 142 132 124 117 113 112 113 116 122
50 64 106 92 93 37 51 50 53 30 48 98 62 91 54 88 69 81 42 47 70 56 106 68 92 37 46 52 55 51 59 89 46 88 65 92 73 59 55 51 122 105 88 71 54 38 23 14 23 38 122 104 87 70 52 35 18 0 18 35 122 105 88 71 54 38 23 14 23 38 125 108 91 75 59 45 33 28 33 45 129 112 97 81 67 55 46 42 45 54 134 118 104 89 77 66 59 56 58 65 140 126 112 99 87 78 72 70 72 77 148 134 121 109 99 91 85 83 85 90 156 143 131 120 111 104 99 97 99 103 166 153 142 132 123 117 113 111 112 116
47 81 119 108 101 41 64 50 66 34 53 115 67 108 71 103 81 88 41 50 78 73 118 85 100 38 60 59 70 59 74 106 63 105 81 104 87 73 61 54 140 122 105 88 71 54 38 23 14 23 139 122 104 87 70 52 35 18 0 18 140 122 105 88 71 54 38 23 14 23 142 125 108 91 75 59 45 33 28 33 145 129 112 97 81 67 54 45 42 45 150 134 118 103 89 76 66 58 55 58 156 140 126 112 99 87 78 72 69 71 162 148 134 121 109 98 90 85 83 85 170 156 143 131 120 110 103 99 97 98 179 165 153 141 131 123 116 112 110 112
51 98 133 125 110 51 79 56 81 45 62 133 75 125 87 119 95 97 47 58 89 90 132 102 110 46 75 70 86 71 90 123 80 122 98 118 103 88 71 62 157 140 122 105 88 71 54 38 23 14 156 139 122 104 87 70 52 35 18 0 157 140 122 105 88 71 54 38 23 14 159 142 125 108 91 75 59 45 33 28 162 145 129 112 96 81 67 54 45 42 166 150 134 118 103 89 76 65 58 55 171 155 140 125 111 98 87 77 71 69 177 162 148 134 120 108 98 90 85 83 184 170 156 143 130 119 110 103 98 96 192 178 165 152 141 131 122 116 112 110
142 59 76 40 116 124 89 135 87 124 121 29 123 36 72 57 86 114 134 127 106 68 79 55 113 130 91 113 78 109 72 35 77 41 60 81 71 82 118 126 29 34 45 60 75 91 108 125 142 159 15 23 38 54 71 88 105 122 140 157 0 18 35 52 70 87 104 122 139 156 15 23 38 54 71 88 105 122 140 157 29 34 45 60 75 91 108 125 142 159 43 47 55 68 82 97 113 129 145 162 58 60 67 77 90 104 119 134 150 166 72 74 80 88 99 112 126 140 156 171 86 88 93 100 110 122 134 148 162 177 100 102 106 112 121 132 144 156 170 184
125 42 67 26 103 107 73 118 70 107 105 18 108 20 55 44 71 100 117 110 91 51 70 38 100 113 74 97 62 93 56 18 60 25 42 69 55 66 102 110 34 29 34 45 60 75 91 108 125 142 23 15 23 38 54 71 88 105 122 140 18 0 18 35 52 70 87 104 122 139 23 15 23 38 54 71 88 105 122 140 34 29 34 45 60 75 91 108 125 142 47 43 46 55 67 82 97 112 129 145 60 57 60 67 77 90 104 118 134 150 74 72 73 79 88 99 112 126 140 155 88 86 87 92 100 110 121 134 148 162 102 100 101 105 112 121 131 143 156 170
108 25 62 18 92 91 57 102 54 90 89 20 92 11 38 35 57 87 100 94 77 34 64 21 88 96 57 81 45 77 39 5 43 15 25 60 42 50 86 94 45 34 29 34 45 60 75 91 108 125 38 23 15 23 38 54 71 88 105 122 35 18 0 18 35 52 70 87 104 122 38 23 15 23 38 54 71 88 105 122 45 34 29 34 45 60 75 91 108 125 55 46 43 46 55 67 81 97 112 129 67 60 57 60 67 77 90 104 118 134 80 73 71 73 79 88 99 112 126 140 93 87 85 87 92 99 109 121 134 148 106 101 99 101 105 112 121 131 143 156
92 9 61 25 83 74 41 86 39 73 73 33 78 22 21 33 46 76 84 78 65 19 63 6 79 79 41 66 30 62 24 19 26 21 8 55 32 37 71 78 60 45 34 29 33 45 59 75 91 108 54 38 23 15 23 38 54 71 88 105 52 35 18 0 18 35 52 70 87 104 54 38 23 15 23 38 54 71 88 105 60 45 34 29 33 45 59 75 91 108 68 55 46 43 46 55 67 81 97 112 77 67 60 57 59 66 77 89 103 118 88 79 73 71 73 79 88 99 112 125 100 92 87 85 87 91 99 109 121 134 112 105 101 99 100 105 111 120 131 143
76 13 65 39 76 58 28 71 27 56 58 49 65 38 7 40 39 68 68 62 56 12 66 17 73 63 27 52 18 48 15 36 11 35 11 55 31 27 58 64 75 60 45 33 29 33 45 59 75 91 71 54 38 23 15 23 38 54 71 88 70 52 35 18 0 18 35 52 70 87 71 54 38 23 15 23 38 54 71 88 75 60 45 33 29 33 45 59 75 91 82 67 55 46 43 46 55 67 81 96 90 77 67 59 57 59 66 77 89 103 99 88 79 73 71 73 78 87 99 111 110 100 92 87 85 86 91 99 109 120 121 112 105 100 99 100 104 111 120 130
61 29 73 54 74 43 23 56 23 40 45 66 55 55 17 52 40 63 52 48 50 24 73 33 71 47 18 42 20 38 22 53 13 51 28 61 38 27 47 51 91 75 60 45 33 28 33 45 59 75 88 71 54 38 23 14 23 38 54 71 87 70 52 35 18 0 18 35 52 70 88 71 54 38 23 14 23 38 54 71 91 75 60 45 33 28 33 45 59 75 97 82 67 55 46 42 46 55 67 81 104 90 77 66 59 56 59 66 76 89 112 99 88 79 73 70 72 78 87 98 122 110 99 91 86 84 86 91 98 108 132 121 112 105 100 98 99 104 110 119
48 46 84 71 75 30 29 44 31 25 36 82 49 72 34 66 47 63 38 38 51 40 84 51 73 33 24 36 33 34 37 70 29 68 45 70 51 37 41 41 108 91 75 59 45 33 28 33 45 59 105 88 71 54 38 23 14 23 38 54 104 87 70 52 35 18 0 18 35 52 105 88 71 54 38 23 14 23 38 54 108 91 75 59 45 33 28 33 45 59 113 97 81 67 55 46 42 46 54 67 119 104 90 77 66 59 56 59 66 76 126 112 99 88 78 72 70 72 78 87 134 121 109 99 91 86 84 85 90 98 144 131 121 111 104 99 98 99 103 110
37 63 97 88 81 24 42 37 44 16 35 99 48 89 51 82 59 68 28 33 57 57 96 68 79 24 38 39 48 38 53 88 46 85 63 82 65 51 42 37 125 108 91 75 59 45 33 28 33 45 122 105 88 71 54 38 23 14 23 38 122 104 87 70 52 35 18 0 18 35 122 105 88 71 54 38 23 14 23 38 125 108 91 75 59 45 33 28 33 45 129 112 97 81 67 55 46 42 45 54 134 118 104 89 77 66 59 56 58 65 140 126 112 99 87 78 72 70 72 77 148 134 121 109 99 91 85 83 85 90 156 143 131 120 111 104 99 97 99 103
33 81 111 105 89 29 57 37 60 23 41 117 54 106 68 98 73 76 28 37 67 74 110 85 88 26 54 48 65 49 70 105 63 102 80 96 81 66 49 41 142 125 108 91 75 59 45 33 28 33 140 122 105 88 71 54 38 23 14 23 139 122 104 87 70 52 35 18 0 18 140 122 105 88 71 54 38 23 14 23 142 125 108 91 75 59 45 33 28 33 145 129 112 97 81 67 54 45 42 45 150 134 118 103 89 76 66 58 55 58 156 140 126 112 99 87 78 72 69 71 162 148 134 121 109 98 90 85 83 85 170 156 143 131 120 110 103 99 97 98
38 98 126 122 100 42 73 44 76 37 52 134 64 123 85 115 88 87 36 47 80 91 125 102 99 37 70 61 82 63 87 122 80 119 97 111 97 83 61 51 159 142 125 108 91 75 59 45 33 28 157 140 122 105 88 71 54 38 23 14 156 139 122 104 87 70 52 35 18 0 157 140 122 105 88 71 54 38 23 14 159 142 125 108 91 75 59 45 33 28 162 145 129 112 96 81 67 54 45 42 166 150 134 118 103 89 76 65 58 55 171 155 140 125 111 98 87 77 71 69 177 162 148 134 120 108 98 90 85 83 184 170 156 143 130 119 110 103 98 96
139 62 66 36 107 123 87 132 84 123 118 39 119 34 72 50 80 107 132 124 100 71 68 58 104 128 89 109 77 106 71 36 80 38 61 72 66 79 114 123 43 47 55 68 82 97 113 129 145 162 29 34 45 60 75 91 108 125 142 159 15 23 38 54 71 88 105 122 140 157 0 18 35 52 70 87 104 122 139 156 15 23 38 54 71 88 105 122 140 157 29 34 45 60 75 91 108 125 142 159 43 47 55 68 82 97 113 129 145 162 58 60 67 77 90 104 119 134 150 166 72 74 80 88 99 112 126 140 156 171 86 88 93 100 110 122 134 148 162 177
122 46 55 19 93 105 70 115 67 106 101 32 102 17 55 35 64 92 115 107 84 56 57 42 90 111 72 93 59 89 54 20 63 21 44 58 49 62 97 106 47 43 46 55 67 82 97 112 129 145 34 29 34 45 60 75 91 108 125 142 23 15 23 38 54 71 88 105 122 140 18 0 18 35 52 70 87 104 122 139 23 15 23 38 54 71 88 105 122 140 34 29 34 45 60 75 91 108 125 142 47 43 46 55 67 82 97 112 129 145 60 57 60 67 77 90 104 118 134 150 74 72 73 79 88 99 112 126 140 155 88 86 87 92 100 110 121 134 148 162
105 31 48 4 81 88 53 98 50 88 84 33 86 4 38 22 48 78 98 90 69 41 50 28 78 94 54 76 42 72 36 11 47 4 28 47 33 45 81 89 55 46 43 46 55 67 81 97 112 129 45 34 29 34 45 60 75 91 108 125 38 23 15 23 38 54 71 88 105 122 35 18 0 18 35 52 70 87 104 122 38 23 15 23 38 54 71 88 105 122 45 34 29 34 45 60 75 91 108 125 55 46 43 46 55 67 81 97 112 129 67 60 57 60 67 77 90 104 118 134 80 73 71 73 79 88 99 112 126 140 93 87 85 87 92 99 109 121 134 148
88 21 47 17 70 71 36 81 33 71 68 42 70 19 21 20 35 65 80 73 55 29 49 20 67 76 37 60 25 55 19 21 33 15 14 41 20 29 65 73 68 55 46 43 46 55 67 81 97 112 60 45 34 29 33 45 59 75 91 108 54 38 23 15 23 38 54 71 88 105 52 35 18 0 18 35 52 70 87 104 54 38 23 15 23 38 54 71 88 105 60 45 34 29 33 45 59 75 91 108 68 55 46 43 46 55 67 81 97 112 77 67 60 57 59 66 77 89 103 118 88 79 73 71 73 79 88 99 112 125 100 92 87 85 87 91 99 109 121 134
71 23 52 34 63 54 19 65 17 54 51 55 56 36 9 30 25 55 63 56 44 26 53 25 60 59 20 44 8 40 2 37 23 32 16 41 17 15 49 57 82 67 55 46 43 46 55 67 81 96 75 60 45 33 29 33 45 59 75 91 71 54 38 23 15 23 38 54 71 88 70 52 35 18 0 18 35 52 70 87 71 54 38 23 15 23 38 54 71 88 75 60 45 33 29 33 45 59 75 91 82 67 55 46 43 46 55 67 81 96 90 77 67 59 57 59 66 77 89 103 99 88 79 73 71 73 78 87 99 111 110 100 92 87 85 86 91 99 109 120
55 35 62 52 60 37 9 49 9 36 36 70 43 54 18 45 26 49 47 40 37 33 62 38 57 42 5 30 11 26 17 54 24 49 30 49 28 15 36 41 97 82 67 55 46 42 46 55 67 81 91 75 60 45 33 28 33 45 59 75 88 71 54 38 23 14 23 38 54 71 87 70 52 35 18 0 18 35 52 70 88 71 54 38 23 14 23 38 54 71 91 75 60 45 33 28 33 45 59 75 97 82 67 55 46 42 46 55 67 81 104 90 77 66 59 56 59 66 76 89 112 99 88 79 73 70 72 78 87 98 122 110 99 91 86 84 86 91 98 108
39 50 75 69 62 21 20 34 23 19 24 86 35 71 34 61 37 49 30 26 38 46 74 54 60 26 17 22 28 20 34 71 35 67 47 60 44 29 27 29 113 97 81 67 55 46 42 46 54 67 108 91 75 59 45 33 28 33 45 59 105 88 71 54 38 23 14 23 38 54 104 87 70 52 35 18 0 18 35 52 105 88 71 54 38 23 14 23 38 54 108 91 75 59 45 33 28 33 45 59 113 97 81 67 55 46 42 46 54 67 119 104 90 77 66 59 56 59 66 76 126 112 99 88 78 72 70 72 78 87 134 121 109 99 91 86 84 85 90 98
26 66 89 86 68 10 36 24 39 3 21 103 35 88 51 78 51 55 16 19 46 61 88 70 67 11 34 27 46 27 51 88 50 84 64 74 60 45 29 23 129 112 97 81 67 55 46 42 45 54 125 108 91 75 59 45 33 28 33 45 122 105 88 71 54 38 23 14 23 38 122 104 87 70 52 35 18 0 18 35 122 105 88 71 54 38 23 14 23 38 125 108 91 75 59 45 33 28 33 45 129 112 97 81 67 55 46 42 45 54 134 118 104 89 77 66 59 56 58 65 140 126 112 99 87 78 72 70 72 77 148 134 121 109 99 91 85 83 85 90
20 83 104 103 78 20 53 24 56 17 30 119 42 106 68 94 67 65 15 25 58 77 103 87 77 15 51 39 63 41 68 105 66 101 81 89 77 62 39 30 145 129 112 97 81 67 54 45 42 45 142 125 108 91 75 59 45 33 28 33 140 122 105 88 71 54 38 23 14 23 139 122 104 87 70 52 35 18 0 18 140 122 105 88 71 54 38 23 14 23 142 125 108 91 75 59 45 33 28 33 145 129 112 97 81 67 54 45 42 45 150 134 118 103 89 76 66 58 55 58 156 140 126 112 99 87 78 72 69 71 162 148 134 121 109 98 90 85 83 85
27 100 120 121 90 36 71 34 73 34 45 136 55 123 85 111 83 78 28 39 72 93 118 104 90 30 68 54 80 56 86 122 83 118 98 105 94 79 53 43 162 145 129 112 96 81 67 54 45 42 159 142 125 108 91 75 59 45 33 28 157 140 122 105 88 71 54 38 23 14 156 139 122 104 87 70 52 35 18 0 157 140 122 105 88 71 54 38 23 14 159 142 125 108 91 75 59 45 33 28 162 145 129 112 96 81 67 54 45 42 166 150 134 118 103 89 76 65 58 55 171 155 140 125 111 98 87 77 71 69 177 162 148 134 120 108 98 90 85 83
138 68 56 38 100 122 87 130 84 123 117 51 115 39 75 47 77 101 131 122 96 78 59 64 97 128 89 108 78 104 72 42 85 41 65 65 64 78 111 121 58 60 67 77 90 104 119 134 150 166 43 47 55 68 82 97 113 129 145 162 29 34 45 60 75 91 108 125 142 159 15 23 38 54 71 88 105 122 140 157 0 18 35 52 70 87 104 122 139 156 15 23 38 54 71 88 105 122 140 157 29 34 45 60 75 91 108 125 142 159 43 47 55 68 82 97 113 129 145 162 58 60 67 77 90 104 119 134 150 166 72 74 80 88 99 112 126 140 156 171
121 54 43 22 85 105 70 113 67 106 99 46 98 25 59 30 60 85 114 105 80 63 46 50 82 111 72 90 60 87 55 30 69 25 50 50 47 61 94 104 60 57 60 67 77 90 104 118 134 150 47 43 46 55 67 82 97 112 129 145 34 29 34 45 60 75 91 108 125 142 23 15 23 38 54 71 88 105 122 140 18 0 18 35 52 70 87 104 122 139 23 15 23 38 54 71 88 105 122 140 34 29 34 45 60 75 91 108 125 142 47 43 46 55 67 82 97 112 129 145 60 57 60 67 77 90 104 118 134 150 74 72 73 79 88 99 112 126 140 155
103 42 34 11 71 88 52 96 50 89 82 46 82 18 43 13 43 70 97 88 63 51 37 39 68 93 55 73 44 69 39 25 55 15 36 36 29 44 77 87 67 60 57 60 67 77 90 104 118 134 55 46 43 46 55 67 81 97 112 129 45 34 29 34 45 60 75 91 108 125 38 23 15 23 38 54 71 88 105 122 35 18 0 18 35 52 70 87 104 122 38 23 15 23 38 54 71 88 105 122 45 34 29 34 45 60 75 91 108 125 55 46 43 46 55 67 81 97 112 129 67 60 57 60 67 77 90 104 118 134 80 73 71 73 79 88 99 112 126 140
86 35 33 20 59 70 35 78 32 72 65 53 65 26 30 8 27 55 80 70 47 42 35 34 56 76 38 56 27 52 23 30 43 20 27 27 12 26 60 69 77 67 60 57 59 66 77 89 103 118 68 55 46 43 46 55 67 81 97 112 60 45 34 29 33 45 59 75 91 108 54 38 23 15 23 38 54 71 88 105 52 35 18 0 18 35 52 70 87 104 54 38 23 15 23 38 54 71 88 105 60 45 34 29 33 45 59 75 91 108 68 55 46 43 46 55 67 81 97 112 77 67 60 57 59 66 77 89 103 118 88 79 73 71 73 79 88 99 112 125
69 36 40 36 50 53 18 61 16 55 48 64 49 40 23 24 13 43 62 53 33 40 41 37 47 59 22 39 14 35 14 43 36 35 28 28 7 9 43 52 90 77 67 59 57 59 66 77 89 103 82 67 55 46 43 46 55 67 81 96 75 60 45 33 29 33 45 59 75 91 71 54 38 23 15 23 38 54 71 88 70 52 35 18 0 18 35 52 70 87 71 54 38 23 15 23 38 54 71 88 75 60 45 33 29 33 45 59 75 91 82 67 55 46 43 46 55 67 81 96 90 77 67 59 57 59 66 77 89 103 99 88 79 73 71 73 78 87 99 111
52 44 52 52 46 36 6 44 7 38 31 78 34 56 27 41 15 36 45 36 23 44 52 47 43 42 11 22 16 18 21 58 37 51 38 38 24 10 27 35 104 90 77 66 59 56 59 66 76 89 97 82 67 55 46 42 46 55 67 81 91 75 60 45 33 28 33 45 59 75 88 71 54 38 23 14 23 38 54 71 87 70 52 35 18 0 18 35 52 70 88 71 54 38 23 14 23 38 54 71 91 75 60 45 33 28 33 45 59 75 97 82 67 55 46 42 46 55 67 81 104 90 77 66 59 56 59 66 76 89 112 99 88 79 73 70 72 78 87 98
34 57 67 69 48 19 19 27 22 23 14 92 22 73 40 58 30 36 28 19 25 55 66 60 47 25 19 9 30 6 36 74 45 68 52 52 41 27 14 19 119 104 90 77 66 59 56 59 66 76 113 97 81 67 55 46 42 46 54 67 108 91 75 59 45 33 28 33 45 59 105 88 71 54 38 23 14 23 38 54 104 87 70 52 35 18 0 18 35 52 105 88 71 54 38 23 14 23 38 54 108 91 75 59 45 33 28 33 45 59 113 97 81 67 55 46 42 46 54 67 119 104 90 77 66 59 56 59 66 76 126 112 99 88 78 72 70 72 78 87
18 72 82 87 56 5 36 12 39 12 8 108 22 90 55 75 47 44 10 5 36 68 81 75 56 9 35 17 47 19 53 91 58 85 68 68 58 44 17 10 134 118 104 89 77 66 59 56 58 65 129 112 97 81 67 55 46 42 45 54 125 108 91 75 59 45 33 28 33 45 122 105 88 71 54 38 23 14 23 38 122 104 87 70 52 35 18 0 18 35 122 105 88 71 54 38 23 14 23 38 125 108 91 75 59 45 33 28 33 45 129 112 97 81 67 55 46 42 45 54 134 118 104 89 77 66 59 56 58 65 140 126 112 99 87 78 72 70 72 77
6 87 99 104 68 18 53 12 56 20 24 124 32 107 71 93 64 56 8 18 51 82 97 91 68 13 52 33 64 36 70 107 72 102 84 84 76 61 31 21 150 134 118 103 89 76 66 58 55 58 145 129 112 97 81 67 54 45 42 45 142 125 108 91 75 59 45 33 28 33 140 122 105 88 71 54 38 23 14 23 139 122 104 87 70 52 35 18 0 18 140 122 105 88 71 54 38 23 14 23 142 125 108 91 75 59 45 33 28 33 145 129 112 97 81 67 54 45 42 45 150 134 118 103 89 76 66 58 55 58 156 140 126 112 99 87 78 72 69 71
20 103 115 121 82 35 70 28 73 36 41 140 47 124 88 110 81 70 25 35 67 98 114 107 82 29 69 50 81 53 87 124 87 119 100 100 93 79 48 37 166 150 134 118 103 89 76 65 58 55 162 145 129 112 96 81 67 54 45 42 159 142 125 108 91 75 59 45 33 28 157 140 122 105 88 71 54 38 23 14 156 139 122 104 87 70 52 35 18 0 157 140 122 105 88 71 54 38 23 14 159 142 125 108 91 75 59 45 33 28 162 145 129 112 96 81 67 54 45 42 166 150 134 118 103 89 76 65 58 55 171 155 140 125 111 98 87 77 71 69
138 76 50 44 94 124 89 130 86 126 117 64 114 47 80 48 77 97 132 123 94 86 52 73 91 129 92 107 81 104 76 52 91 48 72 61 65 80 111 121 72 74 80 88 99 112 126 140 156 171 58 60 67 77 90 104 119 134 150 166 43 47 55 68 82 97 113 129 145 162 29 34 45 60 75 91 108 125 142 159 15 23 38 54 71 88 105 122 140 157 0 18 35 52 70 87 104 122 139 156 15 23 38 54 71 88 105 122 140 157 29 34 45 60 75 91 108 125 142 159 43 47 55 68 82 97 113 129 145 162 58 60 67 77 90 104 119 134 150 166
121 64 34 31 78 107 72 113 69 109 99 60 97 36 66 31 59 80 115 105 77 73 37 61 75 112 75 90 65 87 60 43 77 35 59 44 48 63 94 104 74 72 73 79 88 99 112 126 140 155 60 57 60 67 77 90 104 118 134 150 47 43 46 55 67 82 97 112 129 145 34 29 34 45 60 75 91 108 125 142 23 15 23 38 54 71 88 105 122 140 18 0 18 35 52 70 87 104 122 139 23 15 23 38 54 71 88 105 122 140 34 29 34 45 60 75 91 108 125 142 47 43 46 55 67 82 97 112 129 145 60 57 60 67 77 90 104 118 134 150
104 54 22 25 63 90 56 96 53 92 82 60 79 33 52 16 42 64 98 88 60 63 24 52 60 95 59 73 49 70 46 39 65 29 48 28 32 47 76 86 80 73 71 73 79 88 99 112 126 140 67 60 57 60 67 77 90 104 118 134 55 46 43 46 55 67 81 97 112 129 45 34 29 34 45 60 75 91 108 125 38 23 15 23 38 54 71 88 105 122 35 18 0 18 35 52 70 87 104 122 38 23 15 23 38 54 71 88 105 122 45 34 29 34 45 60 75 91 108 125 55 46 43 46 55 67 81 97 112 129 67 60 57 60 67 77 90 104 118 134
86 49 20 30 49 73 40 78 38 76 65 66 62 37 42 12 25 48 81 71 43 56 21 48 45 78 44 56 36 52 34 43 56 32 41 14 17 31 59 69 88 79 73 71 73 79 88 99 112 125 77 67 60 57 59 66 77 89 103 118 68 55 46 43 46 55 67 81 97 112 60 45 34 29 33 45 59 75 91 108 54 38 23 15 23 38 54 71 88 105 52 35 18 0 18 35 52 70 87 104 54 38 23 15 23 38 54 71 88 105 60 45 34 29 33 45 59 75 91 108 68 55 46 43 46 55 67 81 97 112 77 67 60 57 59 66 77 89 103 118
69 49 30 42 37 56 27 61 25 60 48 75 45 48 37 25 9 33 64 54 26 54 30 50 34 62 31 39 27 36 28 52 50 43 42 16 14 19 42 52 99 88 79 73 71 73 78 87 99 111 90 77 67 59 57 59 66 77 89 103 82 67 55 46 43 46 55 67 81 96 75 60 45 33 29 33 45 59 75 91 71 54 38 23 15 23 38 54 71 88 70 52 35 18 0 18 35 52 70 87 71 54 38 23 15 23 38 54 71 88 75 60 45 33 29 33 45 59 75 91 82 67 55 46 43 46 55 67 81 96 90 77 67 59 57 59 66 77 89 103
52 56 45 57 32 40 20 44 21 45 31 86 28 62 40 42 12 22 47 37 11 57 44 58 29 46 25 22 28 19 32 65 51 57 49 30 27 19 24 35 112 99 88 79 73 70 72 78 87 98 104 90 77 66 59 56 59 66 76 89 97 82 67 55 46 42 46 55 67 81 91 75 60 45 33 28 33 45 59 75 88 71 54 38 23 14 23 38 54 71 87 70 52 35 18 0 18 35 52 70 88 71 54 38 23 14 23 38 54 71 91 75 60 45 33 28 33 45 59 75 97 82 67 55 46 42 46 55 67 81 104 90 77 66 59 56 59 66 76 89
35 66 61 73 36 26 27 27 29 32 15 100 11 78 49 59 28 23 32 21 14 65 60 69 34 31 29 7 38 9 44 80 57 72 60 47 43 32 7 18 126 112 99 88 78 72 70 72 78 87 119 104 90 77 66 59 56 59 66 76 113 97 81 67 55 46 42 46 54 67 108 91 75 59 45 33 28 33 45 59 105 88 71 54 38 23 14 23 38 54 104 87 70 52 35 18 0 18 35 52 105 88 71 54 38 23 14 23 38 54 108 91 75 59 45 33 28 33 45 59 113 97 81 67 55 46 42 46 54 67 119 104 90 77 66 59 56 59 66 76
19 79 78 89 46 19 41 11 43 26 10 114 10 94 62 76 46 34 19 10 29 77 76 82 46 20 41 16 52 20 58 95 67 88 74 64 60 47 11 5 140 126 112 99 87 78 72 70 72 77 134 118 104 89 77 66 59 56 58 65 129 112 97 81 67 55 46 42 45 54 125 108 91 75 59 45 33 28 33 45 122 105 88 71 54 38 23 14 23 38 122 104 87 70 52 35 18 0 18 35 122 105 88 71 54 38 23 14 23 38 125 108 91 75 59 45 33 28 33 45 129 112 97 81 67 55 46 42 45 54 134 118 104 89 77 66 59 56 58 65
9 93 95 106 60 25 56 11 59 31 24 129 26 110 77 93 63 49 17 20 46 90 93 97 60 22 56 33 68 37 74 111 80 105 89 81 77 64 29 19 156 140 126 112 99 87 78 72 69 71 150 134 118 103 89 76 66 58 55 58 145 129 112 97 81 67 54 45 42 45 142 125 108 91 75 59 45 33 28 33 140 122 105 88 71 54 38 23 14 23 139 122 104 87 70 52 35 18 0 18 140 122 105 88 71 54 38 23 14 23 142 125 108 91 75 59 45 33 28 33 145 129 112 97 81 67 54 45 42 45 150 134 118 103 89 76 66 58 55 58
21 109 112 123 75 39 73 27 76 43 41 145 43 127 92 110 80 65 30 36 63 104 110 112 76 35 72 50 84 54 90 128 94 122 105 98 94 80 46 36 171 155 140 125 111 98 87 77 71 69 166 150 134 118 103 89 76 65 58 55 162 145 129 112 96 81 67 54 45 42 159 142 125 108 91 75 59 45 33 28 157 140 122 105 88 71 54 38 23 14 156 139 122 104 87 70 52 35 18 0 157 140 122 105 88 71 54 38 23 14 159 142 125 108 91 75 59 45 33 28 162 145 129 112 96 81 67 54 45 42 166 150 134 118 103 89 76 65 58 55
140 86 46 53 91 126 93 132 90 129 119 77 114 58 88 53 79 95 135 124 94 95 49 83 88 132 97 109 86 106 82 63 100 57 81 60 69 84 112 122 86 88 93 100 110 122 134 148 162 177 72 74 80 88 99 112 126 140 156 171 58 60 67 77 90 104 119 134 150 166 43 47 55 68 82 97 113 129 145 162 29 34 45 60 75 91 108 125 142 159 15 23 38 54 71 88 105 122 140 157 0 18 35 52 70 87 104 122 139 156 15 23 38 54 71 88 105 122 140 157 29 34 45 60 75 91 108 125 142 159 43 47 55 68 82 97 113 129 145 162
123 75 29 43 74 110 77 114 75 113 102 74 97 50 74 38 62 78 118 107 77 84 31 73 71 115 81 92 72 89 68 56 87 48 69 42 54 68 95 105 88 86 87 92 100 110 121 134 148 162 74 72 73 79 88 99 112 126 140 155 60 57 60 67 77 90 104 118 134 150 47 43 46 55 67 82 97 112 129 145 34 29 34 45 60 75 91 108 125 142 23 15 23 38 54 71 88 105 122 140 18 0 18 35 52 70 87 104 122 139 23 15 23 38 54 71 88 105 122 140 34 29 34 45 60 75 91 108 125 142 47 43 46 55 67 82 97 112 129 145
106 67 12 39 57 93 62 97 60 97 85 74 79 47 63 27 46 61 101 91 59 75 15 65 54 99 66 75 58 73 55 53 76 43 60 25 40 53 78 88 93 87 85 87 92 99 109 121 134 148 80 73 71 73 79 88 99 112 126 140 67 60 57 60 67 77 90 104 118 134 55 46 43 46 55 67 81 97 112 129 45 34 29 34 45 60 75 91 108 125 38 23 15 23 38 54 71 88 105 122 35 18 0 18 35 52 70 87 104 122 38 23 15 23 38 54 71 88 105 122 45 34 29 34 45 60 75 91 108 125 55 46 43 46 55 67 81 97 112 129
89 63 8 42 41 77 49 81 47 82 68 79 62 50 54 25 31 44 85 74 42 69 8 62 38 83 53 59 47 56 46 56 68 45 55 8 29 41 61 71 100 92 87 85 87 91 99 109 121 134 88 79 73 71 73 79 88 99 112 125 77 67 60 57 59 66 77 89 103 118 68 55 46 43 46 55 67 81 97 112 60 45 34 29 33 45 59 75 91 108 54 38 23 15 23 38 54 71 88 105 52 35 18 0 18 35 52 70 87 104 54 38 23 15 23 38 54 71 88 105 60 45 34 29 33 45 59 75 91 108 68 55 46 43 46 55 67 81 97 112
72 63 24 52 26 62 38 64 37 67 52 86 45 59 51 34 20 27 69 58 25 68 23 64 23 67 43 43 41 41 42 63 64 53 55 11 27 32 44 55 110 100 92 87 85 86 91 99 109 120 99 88 79 73 71 73 78 87 99 111 90 77 67 59 57 59 66 77 89 103 82 67 55 46 43 46 55 67 81 96 75 60 45 33 29 33 45 59 75 91 71 54 38 23 15 23 38 54 71 88 70 52 35 18 0 18 35 52 70 87 71 54 38 23 15 23 38 54 71 88 75 60 45 33 29 33 45 59 75 91 82 67 55 46 43 46 55 67 81 96
56 68 42 64 18 48 34 48 34 54 37 96 28 71 53 47 21 11 54 42 10 71 40 70 16 53 39 29 41 28 45 74 64 65 61 28 36 32 29 39 122 110 99 91 86 84 86 91 98 108 112 99 88 79 73 70 72 78 87 98 104 90 77 66 59 56 59 66 76 89 97 82 67 55 46 42 46 55 67 81 91 75 60 45 33 28 33 45 59 75 88 71 54 38 23 14 23 38 54 71 87 70 52 35 18 0 18 35 52 70 88 71 54 38 23 14 23 38 54 71 91 75 60 45 33 28 33 45 59 75 97 82 67 55 46 42 46 55 67 81
41 77 59 79 24 37 38 33 40 44 25 109 13 84 60 63 34 12 40 30 13 77 57 79 24 41 42 21 49 23 53 87 69 79 70 45 49 41 17 25 134 121 109 99 91 86 84 85 90 98 126 112 99 88 78 72 70 72 78 87 119 104 90 77 66 59 56 59 66 76 113 97 81 67 55 46 42 46 54 67 108 91 75 59 45 33 28 33 45 59 105 88 71 54 38 23 14 23 38 54 104 87 70 52 35 18 0 18 35 52 105 88 71 54 38 23 14 23 38 54 108 91 75 59 45 33 28 33 45 59 113 97 81 67 55 46 42 46 54 67
28 88 76 94 38 33 49 22 51 40 23 122 12 99 71 79 49 28 31 23 29 87 74 91 39 34 51 25 60 29 66 102 78 94 83 63 64 54 19 19 148 134 121 109 99 91 85 83 85 90 140 126 112 99 87 78 72 70 72 77 134 118 104 89 77 66 59 56 58 65 129 112 97 81 67 55 46 42 45 54 125 108 91 75 59 45 33 28 33 45 122 105 88 71 54 38 23 14 23 38 122 104 87 70 52 35 18 0 18 35 122 105 88 71 54 38 23 14 23 38 125 108 91 75 59 45 33 28 33 45 129 112 97 81 67 55 46 42 45 54
23 101 93 110 54 37 63 22 65 43 32 136 27 115 84 96 65 45 30 29 46 99 91 105 55 35 63 38 74 42 80 117 89 110 96 80 80 69 33 26 162 148 134 121 109 98 90 85 83 85 156 140 126 112 99 87 78 72 69 71 150 134 118 103 89 76 66 58 55 58 145 129 112 97 81 67 54 45 42 45 142 125 108 91 75 59 45 33 28 33 140 122 105 88 71 54 38 23 14 23 139 122 104 87 70 52 35 18 0 18 140 122 105 88 71 54 38 23 14 23 142 125 108 91 75 59 45 33 28 33 145 129 112 97 81 67 54 45 42 45
29 115 111 126 70 47 78 33 80 52 46 151 44 131 99 112 82 62 39 41 63 112 109 119 72 44 78 53 89 58 95 133 102 126 111 97 96 84 48 40 177 162 148 134 120 108 98 90 85 83 171 155 140 125 111 98 87 77 71 69 166 150 134 118 103 89 76 65 58 55 162 145 129 112 96 81 67 54 45 42 159 142 125 108 91 75 59 45 33 28 157 140 122 105 88 71 54 38 23 14 156 139 122 104 87 70 52 35 18 0 157 140 122 105 88 71 54 38 23 14 159 142 125 108 91 75 59 45 33 28 162 145 129 112 96 81 67 54 45 42
143 97 47 64 89 131 99 134 97 134 122 91 116 70 97 61 83 95 138 128 96 106 49 94 87 136 103 113 94 110 90 76 110 69 91 62 76 90 115 125 100 102 106 112 121 132 144 156 170 184 86 88 93 100 110 122 134 148 162 177 72 74 80 88 99 112 126 140 156 171 58 60 67 77 90 104 119 134 150 166 43 47 55 68 82 97 113 129 145 162 29 34 45 60 75 91 108 125 142 159 15 23 38 54 71 88 105 122 140 157 0 18 35 52 70 87 104 122 139 156 15 23 38 54 71 88 105 122 140 157 29 34 45 60 75 91 108 125 142 159
126 87 31 56 72 115 84 118 82 119 106 88 99 63 85 48 68 78 122 111 79 96 32 85 69 120 89 96 80 94 78 69 98 61 81 45 62 76 98 109 102 100 101 105 112 121 131 143 156 170 88 86 87 92 100 110 121 134 148 162 74 72 73 79 88 99 112 126 140 155 60 57 60 67 77 90 104 118 134 150 47 43 46 55 67 82 97 112 129 145 34 29 34 45 60 75 91 108 125 142 23 15 23 38 54 71 88 105 122 140 18 0 18 35 52 70 87 104 122 139 23 15 23 38 54 71 88 105 122 140 34 29 34 45 60 75 91 108 125 142
109 80 16 53 54 99 71 101 69 104 89 88 82 61 75 40 53 61 106 95 63 88 16 79 52 105 75 80 68 78 67 67 89 57 73 30 50 63 82 92 106 101 99 101 105 112 121 131 143 156 93 87 85 87 92 99 109 121 134 148 80 73 71 73 79 88 99 112 126 140 67 60 57 60 67 77 90 104 118 134 55 46 43 46 55 67 81 97 112 129 45 34 29 34 45 60 75 91 108 125 38 23 15 23 38 54 71 88 105 122 35 18 0 18 35 52 70 87 104 122 38 23 15 23 38 54 71 88 105 122 45 34 29 34 45 60 75 91 108 125
93 77 13 56 37 84 59 85 58 89 74 92 66 63 68 39 41 44 91 79 46 83 10 76 35 89 64 65 59 63 59 69 82 59 69 19 43 52 66 76 112 105 101 99 100 105 111 120 131 143 100 92 87 85 87 91 99 109 121 134 88 79 73 71 73 79 88 99 112 125 77 67 60 57 59 66 77 89 103 118 68 55 46 43 46 55 67 81 97 112 60 45 34 29 33 45 59 75 91 108 54 38 23 15 23 38 54 71 88 105 52 35 18 0 18 35 52 70 87 104 54 38 23 15 23 38 54 71 88 105 60 45 34 29 33 45 59 75 91 108
78 77 26 63 20 70 51 70 50 76 59 98 50 70 65 45 33 27 76 65 32 82 24 78 17 75 56 51 54 50 56 76 78 65 69 20 41 46 51 61 121 112 105 100 99 100 104 111 120 130 110 100 92 87 85 86 91 99 109 120 99 88 79 73 71 73 78 87 99 111 90 77 67 59 57 59 66 77 89 103 82 67 55 46 43 46 55 67 81 96 75 60 45 33 29 33 45 59 75 91 71 54 38 23 15 23 38 54 71 88 70 52 35 18 0 18 35 52 70 87 71 54 38 23 15 23 38 54 71 88 75 60 45 33 29 33 45 59 75 91
63 81 43 74 4 59 48 55 48 65 47 107 35 81 66 56 34 12 62 51 22 84 40 83 2 63 53 40 55 40 58 85 78 75 74 32 47 46 38 47 132 121 112 105 100 98 99 104 110 119 122 110 99 91 86 84 86 91 98 108 112 99 88 79 73 70 72 78 87 98 104 90 77 66 59 56 59 66 76 89 97 82 67 55 46 42 46 55 67 81 91 75 60 45 33 28 33 45 59 75 88 71 54 38 23 14 23 38 54 71 87 70 52 35 18 0 18 35 52 70 88 71 54 38 23 14 23 38 54 71 91 75 60 45 33 28 33 45 59 75
50 88 60 86 16 50 51 43 52 57 38 118 24 93 72 69 43 12 51 41 23 90 57 91 18 53 55 34 60 37 65 96 82 87 82 48 58 52 31 37 144 131 121 111 104 99 98 99 103 110 134 121 109 99 91 86 84 85 90 98 126 112 99 88 78 72 70 72 78 87 119 104 90 77 66 59 56 59 66 76 113 97 81 67 55 46 42 46 54 67 108 91 75 59 45 33 28 33 45 59 105 88 71 54 38 23 14 23 38 54 104 87 70 52 35 18 0 18 35 52 105 88 71 54 38 23 14 23 38 54 108 91 75 59 45 33 28 33 45 59
40 98 77 101 34 46 59 35 61 54 36 131 24 107 81 84 56 28 44 37 35 98 74 101 36 47 62 37 70 41 75 110 89 101 92 65 71 63 32 33 156 143 131 120 111 104 99 97 99 103 148 134 121 109 99 91 85 83 85 90 140 126 112 99 87 78 72 70 72 77 134 118 104 89 77 66 59 56 58 65 129 112 97 81 67 55 46 42 45 54 125 108 91 75 59 45 33 28 33 45 122 105 88 71 54 38 23 14 23 38 122 104 87 70 52 35 18 0 18 35 122 105 88 71 54 38 23 14 23 38 125 108 91 75 59 45 33 28 33 45
36 110 94 116 51 49 71 35 73 56 42 144 34 121 93 100 70 45 44 41 50 109 92 113 53 48 72 47 82 51 88 124 99 116 105 82 86 76 41 38 170 156 143 131 120 110 103 99 97 98 162 148 134 121 109 98 90 85 83 85 156 140 126 112 99 87 78 72 69 71 150 134 118 103 89 76 66 58 55 58 145 129 112 97 81 67 54 45 42 45 142 125 108 91 75 59 45 33 28 33 140 122 105 88 71 54 38 23 14 23 139 122 104 87 70 52 35 18 0 18 140 122 105 88 71 54 38 23 14 23 142 125 108 91 75 59 45 33 28 33
41 123 111 131 68 58 85 43 87 63 54 158 48 136 106 116 86 62 50 50 66 121 109 127 70 55 85 60 96 64 102 139 111 131 118 99 101 90 54 48 184 170 156 143 130 119 110 103 98 96 177 162 148 134 120 108 98 90 85 83 171 155 140 125 111 98 87 77 71 69 166 150 134 118 103 89 76 65 58 55 162 145 129 112 96 81 67 54 45 42 159 142 125 108 91 75 59 45 33 28 157 140 122 105 88 71 54 38 23 14 156 139 122 104 87 70 52 35 18 0 157 140 122 105 88 71 54 38 23 14 159 142 125 108 91 75 59 45 33 28
147 108 52 77 89 136 107 139 105 141 127 105 119 82 107 70 90 98 144 133 100 117 53 106 88 142 111 118 103 116 100 89 120 81 102 67 84 98 119 130 115 116 119 125 133 143 154 166 179 192 100 102 106 112 121 132 144 156 170 184 86 88 93 100 110 122 134 148 162 177 72 74 80 88 99 112 126 140 156 171 58 60 67 77 90 104 119 134 150 166 43 47 55 68 82 97 113 129 145 162 29 34 45 60 75 91 108 125 142 159 15 23 38 54 71 88 105 122 140 157 0 18 35 52 70 87 104 122 139 156 15 23 38 54 71 88 105 122 140 157
131 100 38 70 72 121 93 123 91 126 111 102 103 77 96 60 75 81 128 117 84 108 38 98 71 126 98 102 90 100 88 83 110 74 93 52 72 85 103 114 116 114 115 119 125 133 142 153 165 178 102 100 101 105 112 121 131 143 156 170 88 86 87 92 100 110 121 134 148 162 74 72 73 79 88 99 112 126 140 155 60 57 60 67 77 90 104 118 134 150 47 43 46 55 67 82 97 112 129 145 34 29 34 45 60 75 91 108 125 142 23 15 23 38 54 71 88 105 122 140 18 0 18 35 52 70 87 104 122 139 23 15 23 38 54 71 88 105 122 140
115 94 27 67 55 107 81 107 79 112 96 102 87 75 87 54 63 64 113 101 68 101 27 93 54 112 86 87 80 86 79 81 101 71 87 40 62 73 88 98 119 115 114 115 118 124 132 142 153 165 106 101 99 101 105 112 121 131 143 156 93 87 85 87 92 99 109 121 134 148 80 73 71 73 79 88 99 112 126 140 67 60 57 60 67 77 90 104 118 134 55 46 43 46 55 67 81 97 112 129 45 34 29 34 45 60 75 91 108 125 38 23 15 23 38 54 71 88 105 122 35 18 0 18 35 52 70 87 104 122 38 23 15 23 38 54 71 88 105 122
100 91 26 69 38 93 71 92 70 98 82 105 72 77 81 53 53 48 98 87 54 97 23 90 37 97 76 73 72 72 72 83 95 72 83 32 56 65 73 83 125 119 115 113 114 118 124 132 141 152 112 105 101 99 100 105 111 120 131 143 100 92 87 85 87 91 99 109 121 134 88 79 73 71 73 79 88 99 112 125 77 67 60 57 59 66 77 89 103 118 68 55 46 43 46 55 67 81 97 112 60 45 34 29 33 45 59 75 91 108 54 38 23 15 23 38 54 71 88 105 52 35 18 0 18 35 52 70 87 104 54 38 23 15 23 38 54 71 88 105
85 91 34 75 22 80 65 77 64 87 69 111 57 83 79 57 47 34 85 74 42 96 32 91 22 85 69 61 68 61 70 88 92 78 83 33 55 60 60 70 133 125 118 114 113 114 117 123 131 141 121 112 105 100 99 100 104 111 120 130 110 100 92 87 85 86 91 99 109 120 99 88 79 73 71 73 78 87 99 111 90 77 67 59 57 59 66 77 89 103 82 67 55 46 43 46 55 67 81 96 75 60 45 33 29 33 45 59 75 91 71 54 38 23 15 23 38 54 71 88 70 52 35 18 0 18 35 52 70 87 71 54 38 23 15 23 38 54 71 88
72 94 48 84 11 70 62 65 62 77 58 119 45 92 80 66 48 24 73 62 35 98 45 96 13 74 66 52 69 53 72 96 92 86 87 41 59 60 50 58 143 133 124 118 114 112 113 117 123 131 132 121 112 105 100 98 99 104 110 119 122 110 99 91 86 84 86 91 98 108 112 99 88 79 73 70 72 78 87 98 104 90 77 66 59 56 59 66 76 89 97 82 67 55 46 42 46 55 67 81 91 75 60 45 33 28 33 45 59 75 88 71 54 38 23 14 23 38 54 71 87 70 52 35 18 0 18 35 52 70 88 71 54 38 23 14 23 38 54 71
61 101 64 96 19 63 64 54 65 70 51 129 37 102 85 78 54 24 63 54 36 102 61 103 22 65 68 48 73 51 77 107 95 97 94 55 68 65 44 50 154 142 132 124 117 113 112 113 116 122 144 131 121 111 104 99 98 99 103 110 134 121 109 99 91 86 84 85 90 98 126 112 99 88 78 72 70 72 78 87 119 104 90 77 66 59 56 59 66 76 113 97 81 67 55 46 42 46 54 67 108 91 75 59 45 33 28 33 45 59 105 88 71 54 38 23 14 23 38 54 104 87 70 52 35 18 0 18 35 52 105 88 71 54 38 23 14 23 38 54
53 109 80 109 35 60 71 49 73 68 50 140 37 115 93 91 65 35 58 51 44 110 77 112 38 61 74 50 81 54 86 119 102 109 103 70 80 73 45 47 166 153 142 132 123 117 113 111 112 116 156 143 131 120 111 104 99 97 99 103 148 134 121 109 99 91 85 83 85 90 140 126 112 99 87 78 72 70 72 77 134 118 104 89 77 66 59 56 58 65 129 112 97 81 67 55 46 42 45 54 125 108 91 75 59 45 33 28 33 45 122 105 88 71 54 38 23 14 23 38 122 104 87 70 52 35 18 0 18 35 122 105 88 71 54 38 23 14 23 38
50 120 96 123 52 62 81 49 83 69 55 153 44 129 103 106 78 49 57 54 57 119 94 123 54 62 83 57 92 62 97 132 110 123 114 85 93 85 52 50 179 165 153 141 131 123 116 112 110 112 170 156 143 131 120 110 103 99 97 98 162 148 134 121 109 98 90 85 83 85 156 140 126 112 99 87 78 72 69 71 150 134 118 103 89 76 66 58 55 58 145 129 112 97 81 67 54 45 42 45 142 125 108 91 75 59 45 33 28 33 140 122 105 88 71 54 38 23 14 23 139 122 104 87 70 52 35 18 0 18 140 122 105 88 71 54 38 23 14 23
53 132 113 137 69 69 93 54 95 75 64 166 56 143 115 121 92 65 62 61 72 130 111 135 71 67 94 69 104 73 110 146 121 137 127 102 107 98 63 59 192 178 165 152 141 131 122 116 112 110 184 170 156 143 130 119 110 103 98 96 177 162 148 134 120 108 98 90 85 83 171 155 140 125 111 98 87 77 71 69 166 150 134 118 103 89 76 65 58 55 162 145 129 112 96 81 67 54 45 42 159 142 125 108 91 75 59 45 33 28 157 140 122 105 88 71 54 38 23 14 156 139 122 104 87 70 52 35 18 0 157 140 122 105 88 71 54 38 23 14
152 120 60 89 92 143 116 144 114 148 133 119 124 96 118 82 98 102 150 139 106 129 61 118 91 148 120 124 113 122 110 102 131 94 114 75 94 107 125 135 129 130 133 138 145 154 164 176 188 201 115 116 119 125 133 143 154 166 179 192 100 102 106 112 121 132 144 156 170 184 86 88 93 100 110 122 134 148 162 177 72 74 80 88 99 112 126 140 156 171 58 60 67 77 90 104 119 134 150 166 43 47 55 68 82 97 113 129 145 162 29 34 45 60 75 91 108 125 142 159 15 23 38 54 71 88 105 122 140 157 0 18 35 52 70 87 104 122 139 156
137 113 48 84 76 129 103 129 101 134 118 116 109 91 108 73 85 86 135 124 91 121 48 111 74 134 108 109 101 108 100 97 122 88 106 62 83 95 110 120 130 128 129 132 138 145 154 164 175 187 116 114 115 119 125 133 142 153 165 178 102 100 101 105 112 121 131 143 156 170 88 86 87 92 100 110 121 134 148 162 74 72 73 79 88 99 112 126 140 155 60 57 60 67 77 90 104 118 134 150 47 43 46 55 67 82 97 112 129 145 34 29 34 45 60 75 91 108 125 142 23 15 23 38 54 71 88 105 122 140 18 0 18 35 52 70 87 104 122 139
122 107 41 82 59 115 92 114 91 121 104 116 94 89 100 68 74 70 120 109 76 115 39 107 59 120 97 96 92 95 92 95 114 85 100 52 75 85 96 105 133 129 128 129 132 137 144 153 163 175 119 115 114 115 118 124 132 142 153 165 106 101 99 101 105 112 121 131 143 156 93 87 85 87 92 99 109 121 134 148 80 73 71 73 79 88 99 112 126 140 67 60 57 60 67 77 90 104 118 134 55 46 43 46 55 67 81 97 112 129 45 34 29 34 45 60 75 91 108 125 38 23 15 23 38 54 71 88 105 122 35 18 0 18 35 52 70 87 104 122
107 105 39 83 44 102 84 100 83 108 91 119 80 91 95 67 65 56 107 96 64 111 37 104 44 107 89 83 86 83 86 97 109 86 97 46 70 78 82 92 138 132 129 127 128 131 137 144 153 163 125 119 115 113 114 118 124 132 141 152 112 105 101 99 100 105 111 120 131 143 100 92 87 85 87 91 99 109 121 134 88 79 73 71 73 79 88 99 112 125 77 67 60 57 59 66 77 89 103 118 68 55 46 43 46 55 67 81 97 112 60 45 34 29 33 45 59 75 91 108 54 38 23 15 23 38 54 71 88 105 52 35 18 0 18 35 52 70 87 104
94 105 46 88 31 91 78 87 78 98 79 124 67 96 93 70 61 44 94 84 54 110 43 105 32 95 83 73 82 73 84 101 106 91 97 46 69 74 71 80 145 138 132 128 127 127 131 136 143 152 133 125 118 114 113 114 117 123 131 141 121 112 105 100 99 100 104 111 120 130 110 100 92 87 85 86 91 99 109 120 99 88 79 73 71 73 78 87 99 111 90 77 67 59 57 59 66 77 89 103 82 67 55 46 43 46 55 67 81 96 75 60 45 33 29 33 45 59 75 91 71 54 38 23 15 23 38 54 71 88 70 52 35 18 0 18 35 52 70 87
82 108 57 96 25 82 76 75 76 89 70 131 57 103 94 78 61 37 84 74 49 111 54 109 27 85 80 65 82 67 85 108 106 98 100 53 73 74 62 70 154 145 137 131 127 126 127 130 135 143 143 133 124 118 114 112 113 117 123 131 132 121 112 105 100 98 99 104 110 119 122 110 99 91 86 84 86 91 98 108 112 99 88 79 73 70 72 78 87 98 104 90 77 66 59 56 59 66 76 89 97 82 67 55 46 42 46 55 67 81 91 75 60 45 33 28 33 45 59 75 88 71 54 38 23 14 23 38 54 71 87 70 52 35 18 0 18 35 52 70
72 113 70 106 29 76 78 67 79 84 65 140 51 113 98 88 66 37 76 67 50 116 67 115 33 78 82 62 86 64 90 118 109 107 106 63 80 77 58 63 164 154 144 137 131 127 125 126 130 135 154 142 132 124 117 113 112 113 116 122 144 131 121 111 104 99 98 99 103 110 134 121 109 99 91 86 84 85 90 98 126 112 99 88 78 72 70 72 78 87 119 104 90 77 66 59 56 59 66 76 113 97 81 67 55 46 42 46 54 67 108 91 75 59 45 33 28 33 45 59 105 88 71 54 38 23 14 23 38 54 104 87 70 52 35 18 0 18 35 52
66 121 85 118 41 74 83 62 85 82 64 151 51 124 105 100 75 45 72 65 56 122 82 123 45 75 87 63 93 67 98 128 114 119 114 77 90 85 58 60 176 164 153 144 136 130 126 125 126 129 166 153 142 132 123 117 113 111 112 116 156 143 131 120 111 104 99 97 99 103 148 134 121 109 99 91 85 83 85 90 140 126 112 99 87 78 72 70 72 77 134 118 104 89 77 66 59 56 58 65 129 112 97 81 67 55 46 42 45 54 125 108 91 75 59 45 33 28 33 45 122 105 88 71 54 38 23 14 23 38 122 104 87 70 52 35 18 0 18 35
64 131 101 131 56 76 92 62 94 83 67 162 56 137 114 114 87 57 71 67 66 131 98 133 59 75 94 69 102 73 107 141 122 131 124 91 102 95 64 63 188 175 163 153 143 135 130 126 124 125 179 165 153 141 131 123 116 112 110 112 170 156 143 131 120 110 103 99 97 98 162 148 134 121 109 98 90 85 83 85 156 140 126 112 99 87 78 72 69 71 150 134 118 103 89 76 66 58 55 58 145 129 112 97 81 67 54 45 42 45 142 125 108 91 75 59 45 33 28 33 140 122 105 88 71 54 38 23 14 23 139 122 104 87 70 52 35 18 0 18
66 142 117 145 72 81 103 67 105 88 75 175 66 151 125 128 100 71 75 73 79 141 114 145 75 80 104 79 114 83 119 154 131 145 136 107 115 107 73 70 201 187 175 163 152 143 135 129 125 124 192 178 165 152 141 131 122 116 112 110 184 170 156 143 130 119 110 103 98 96 177 162 148 134 120 108 98 90 85 83 171 155 140 125 111 98 87 77 71 69 166 150 134 118 103 89 76 65 58 55 162 145 129 112 96 81 67 54 45 42 159 142 125 108 91 75 59 45 33 28 157 140 122 105 88 71 54 38 23 14 156 139 122 104 87 70 52 35 18 0
