0 34 17 63 9 90 72 6 41 50 58 47 26 76 54 61 27 29 25 24 8 33 13 62 9 81 75 10 39 72 61 44 48 87 57 58 25 19 24 29 53 68 50 86 1 59 17
34 0 20 38 35 59 40 29 10 19 28 17 14 64 27 42 8 24 10 12 41 3 32 34 39 51 43 43 9 39 30 16 15 72 30 34 10 30 12 6 23 36 18 55 34 49 18
17 20 0 47 22 79 56 11 25 38 47 36 10 63 38 56 13 28 11 15 24 21 13 45 24 70 60 24 23 57 50 34 34 73 41 51 13 24 15 17 37 52 35 75 16 59 6
63 38 47 0 68 70 22 58 29 43 49 45 38 34 12 73 41 62 43 48 70 41 55 8 71 64 26 69 30 32 48 47 33 38 10 62 45 66 49 43 17 21 26 63 63 84 49
9 35 22 68 0 88 74 12 43 49 56 46 31 83 58 56 29 24 27 24 9 34 21 66 5 79 78 15 41 74 60 43 49 94 61 54 26 13 24 30 56 70 53 85 9 53 20
90 59 79 70 88 0 50 86 59 41 33 43 73 103 62 40 67 65 69 67 96 59 91 63 92 9 47 99 61 39 30 46 48 105 62 35 67 77 66 63 58 50 51 7 90 55 75
72 40 56 22 74 50 0 66 31 35 37 38 46 54 20 62 45 62 48 51 79 41 66 16 78 46 5 79 33 11 34 41 28 55 18 51 49 69 52 45 20 4 23 44 71 75 55
6 29 11 58 12 86 66 0 36 46 54 43 21 72 49 59 22 27 20 20 13 29 10 56 14 77 70 14 34 67 57 40 43 82 52 55 20 19 20 24 48 63 45 82 6 58 12
41 10 25 29 43 59 31 36 0 20 29 21 16 56 17 48 15 34 17 21 48 12 37 25 47 51 35 49 3 33 30 21 11 63 20 39 18 39 21 15 14 28 11 54 41 57 24
50 19 38 43 49 41 35 46 20 0 9 4 32 74 32 30 26 30 28 26 56 18 50 37 53 33 36 59 22 29 12 7 11 80 34 20 26 40 26 22 27 32 18 37 50 42 34
58 28 47 49 56 33 37 54 29 9 0 11 41 81 38 26 35 35 36 34 64 27 59 42 61 24 37 67 30 29 5 14 19 86 39 15 35 46 34 31 33 34 24 29 58 40 43
47 17 36 45 46 43 38 43 21 4 11 0 31 76 34 29 25 27 26 24 54 16 48 39 51 35 39 57 22 32 15 4 13 81 35 19 24 37 24 20 29 34 19 39 48 39 32
26 14 10 38 31 73 46 21 16 32 41 31 0 57 29 55 8 30 8 15 34 16 21 36 34 64 50 34 14 48 44 30 26 66 32 47 11 30 16 13 27 43 26 68 26 59 12
76 64 63 34 83 103 54 72 56 74 81 76 57 0 43 104 63 86 64 71 82 67 64 41 85 98 58 79 56 65 81 77 64 12 43 94 67 86 71 67 48 54 58 97 76 113 67
54 27 38 12 58 62 20 49 17 32 38 34 29 43 0 62 30 51 32 37 62 29 47 8 62 56 25 61 18 27 38 36 21 48 4 51 34 55 38 32 6 17 15 56 54 72 39
61 42 56 73 56 40 62 59 48 30 26 29 55 104 62 0 47 33 48 42 65 40 67 66 60 33 63 69 49 54 29 27 41 110 63 11 45 44 42 42 57 60 47 41 61 16 51
27 8 13 41 29 67 45 22 15 26 35 25 8 63 30 47 0 24 3 9 34 9 25 37 33 59 49 35 13 46 38 23 22 71 33 40 5 26 9 6 27 42 24 63 27 52 11
29 24 28 62 24 65 62 27 34 30 35 27 30 86 51 33 24 0 23 16 33 22 36 58 28 56 64 37 33 58 40 23 35 95 54 31 20 12 15 20 47 58 40 63 29 32 22
25 10 11 43 27 69 48 20 17 28 36 26 8 64 32 48 3 23 0 7 32 10 23 40 31 60 51 33 15 48 39 24 24 73 35 41 4 24 8 7 30 44 26 64 25 52 8
24 12 15 48 24 67 51 20 21 26 34 24 15 71 37 42 9 16 7 0 31 11 26 45 28 58 55 33 20 50 38 21 26 79 40 37 4 18 1 7 34 48 29 63 24 45 9
8 41 24 70 9 96 79 13 48 56 64 54 34 82 62 65 34 33 32 31 0 40 18 69 6 87 83 6 46 80 68 51 55 93 65 63 32 22 31 36 60 75 58 92 8 61 24
33 3 21 41 34 59 41 29 12 18 27 16 16 67 29 40 9 22 10 11 40 0 33 36 38 50 45 42 12 40 30 15 16 74 32 32 9 28 11 5 25 38 19 54 34 47 17
13 32 13 55 21 91 66 10 37 50 59 48 21 64 47 67 25 36 23 26 18 33 0 54 21 82 70 16 34 69 62 46 46 75 50 62 25 29 26 29 47 62 47 87 12 67 17
62 34 45 8 66 63 16 56 25 37 42 39 36 41 8 66 37 58 40 45 69 36 54 0 69 57 21 69 26 25 41 41 27 44 5 56 41 62 45 39 11 14 20 56 61 78 47
9 39 24 71 5 92 78 14 47 53 61 51 34 85 62 60 33 28 31 28 6 38 21 69 0 83 82 12 45 78 65 47 53 95 65 59 30 17 28 34 60 74 56 89 9 56 23
81 51 70 64 79 9 46 77 51 33 24 35 64 98 56 33 59 56 60 58 87 50 82 57 83 0 44 90 53 35 21 37 40 100 56 27 58 68 58 54 52 45 44 9 81 48 66
75 43 60 26 78 47 5 70 35 36 37 39 50 58 25 63 49 64 51 55 83 45 70 21 82 44 0 83 37 10 34 43 30 58 23 52 52 72 55 48 24 8 26 41 75 76 59
10 43 24 69 15 99 79 14 49 59 67 57 34 79 61 69 35 37 33 33 6 42 16 69 12 90 83 0 47 81 71 54 57 90 64 67 34 27 33 38 60 76 59 95 10 67 26
39 9 23 30 41 61 33 34 3 22 30 22 14 56 18 49 13 33 15 20 46 12 34 26 45 53 37 47 0 35 32 22 13 63 21 40 16 37 20 14 15 30 13 56 39 57 23
72 39 57 32 74 39 11 67 33 29 29 32 48 65 27 54 46 58 48 50 80 40 69 25 78 35 10 81 35 0 25 36 25 66 26 43 48 67 50 44 24 12 23 33 72 68 56
61 30 50 48 60 30 34 57 30 12 5 15 44 81 38 29 38 40 39 38 68 30 62 41 65 21 34 71 32 25 0 18 19 85 39 18 38 50 38 34 33 32 24 25 62 43 46
44 16 34 47 43 46 41 40 21 7 14 4 30 77 36 27 23 23 24 21 51 15 46 41 47 37 43 54 22 36 18 0 15 83 38 19 22 33 21 18 31 38 22 42 45 37 30
48 15 34 33 49 48 28 43 11 11 19 13 26 64 21 41 22 35 24 26 55 16 46 27 53 40 30 57 13 25 19 15 0 69 23 31 24 42 26 20 16 24 7 43 48 52 32
87 72 73 38 94 105 55 82 63 80 86 81 66 12 48 110 71 95 73 79 93 74 75 44 95 100 58 90 63 66 85 83 69 0 47 99 75 95 80 75 53 56 63 98 86 120 77
57 30 41 10 61 62 18 52 20 34 39 35 32 43 4 63 33 54 35 40 65 32 50 5 65 56 23 64 21 26 39 38 23 47 0 53 37 58 41 34 7 15 17 56 57 74 42
58 34 51 62 54 35 51 55 39 20 15 19 47 94 51 11 40 31 41 37 63 32 62 56 59 27 52 67 40 43 18 19 31 99 53 0 39 43 36 35 46 49 37 34 58 25 46
25 10 13 45 26 67 49 20 18 26 35 24 11 67 34 45 5 20 4 4 32 9 25 41 30 58 52 34 16 48 38 22 24 75 37 39 0 22 5 5 31 45 27 63 25 49 9
19 30 24 66 13 77 69 19 39 40 46 37 30 86 55 44 26 12 24 18 22 28 29 62 17 68 72 27 37 67 50 33 42 95 58 43 22 0 18 24 52 65 47 74 19 41 19
24 12 15 49 24 66 52 20 21 26 34 24 16 71 38 42 9 15 8 1 31 11 26 45 28 58 55 33 20 50 38 21 26 80 41 36 5 18 0 7 35 48 30 63 24 45 10
29 6 17 43 30 63 45 24 15 22 31 20 13 67 32 42 6 20 7 7 36 5 29 39 34 54 48 38 14 44 34 18 20 75 34 35 5 24 7 0 28 41 23 59 29 47 13
53 23 37 17 56 58 20 48 14 27 33 29 27 48 6 57 27 47 30 34 60 25 47 11 60 52 24 60 15 24 33 31 16 53 7 46 31 52 35 28 0 16 10 52 53 67 37
68 36 52 21 70 50 4 63 28 32 34 34 43 54 17 60 42 58 44 48 75 38 62 14 74 45 8 76 30 12 32 38 24 56 15 49 45 65 48 41 16 0 19 44 68 73 52
50 18 35 26 53 51 23 45 11 18 24 19 26 58 15 47 24 40 26 29 58 19 47 20 56 44 26 59 13 23 24 22 7 63 17 37 27 47 30 23 10 19 0 45 50 58 34
86 55 75 63 85 7 44 82 54 37 29 39 68 97 56 41 63 63 64 63 92 54 87 56 89 9 41 95 56 33 25 42 43 98 56 34 63 74 63 59 52 44 45 0 86 56 71
1 34 16 63 9 90 71 6 41 50 58 48 26 76 54 61 27 29 25 24 8 34 12 61 9 81 75 10 39 72 62 45 48 86 57 58 25 19 24 29 53 68 50 86 0 59 17
59 49 59 84 53 55 75 58 57 42 40 39 59 113 72 16 52 32 52 45 61 47 67 78 56 48 76 67 57 68 43 37 52 120 74 25 49 41 45 47 67 73 58 56 59 0 53
17 18 6 49 20 75 55 12 24 34 43 32 12 67 39 51 11 22 8 9 24 17 17 47 23 66 59 26 23 56 46 30 32 77 42 46 9 19 10 13 37 52 34 71 17 53 0
