0 44 19 22 26 10 11 11 55 20 60 33 50 45 31 44 47 32 38 50 9 74 17 17 43 6 11 25 48 42 54 34 49 20 48 49 41 26 25 49 80 49 26 37 67 77 42 8 29 63 83 53 33 42 70 97 73 60 66 86 117 98 88 92 107
44 0 42 65 56 41 52 55 83 34 46 57 68 74 15 37 43 16 37 20 52 59 39 61 46 45 35 56 76 23 46 44 77 41 70 11 21 23 20 29 112 86 69 68 83 97 67 43 41 63 90 56 23 19 51 91 58 27 24 53 100 71 50 48 67
19 42 0 30 14 9 29 22 43 9 43 18 34 33 28 56 30 36 50 40 25 57 4 29 25 13 14 14 36 49 37 16 37 2 33 50 30 20 25 36 71 45 36 56 85 62 28 11 44 78 65 34 23 48 81 79 56 50 65 92 99 82 78 88 109
22 65 30 0 26 25 19 11 47 36 72 33 49 37 51 62 58 53 56 68 15 85 31 7 52 21 30 25 40 62 65 43 41 32 45 70 58 45 45 65 66 32 8 39 74 69 38 23 45 77 83 59 50 63 89 103 84 78 87 107 126 111 106 113 128
26 56 14 26 0 20 34 22 30 22 49 9 26 20 42 68 35 50 62 52 28 61 17 29 29 20 26 1 23 62 41 20 24 16 22 64 42 34 39 46 57 31 33 60 92 51 16 19 54 89 59 34 36 62 93 78 61 61 79 105 101 88 88 101 123
10 41 9 25 20 0 20 16 49 12 50 25 42 39 27 49 38 32 43 43 17 65 8 23 34 5 7 19 42 44 45 24 43 11 40 48 34 21 22 41 76 47 31 47 76 69 35 3 35 70 74 43 26 44 74 88 64 54 64 88 108 89 82 89 107
11 52 29 19 34 20 0 13 61 31 70 41 59 51 39 43 58 38 37 59 6 84 28 13 53 16 21 33 54 44 64 44 55 30 55 55 50 36 33 59 84 50 20 27 59 83 49 18 26 59 92 63 43 46 70 107 84 70 72 89 127 108 97 99 111
11 55 22 11 22 16 13 0 49 26 64 31 48 39 41 53 51 43 47 58 7 78 22 8 46 11 20 22 42 52 58 36 43 23 44 60 49 35 35 56 72 39 16 38 71 71 38 13 37 70 81 54 41 53 80 98 78 69 77 97 120 103 97 102 118
55 83 43 47 30 49 61 49 0 50 59 26 19 11 70 97 49 79 92 73 55 66 46 52 42 50 56 31 8 92 52 40 7 44 14 92 65 61 67 64 30 25 52 85 119 23 16 49 83 118 43 39 61 91 123 69 67 81 105 134 96 94 105 124 149
20 34 9 36 22 12 31 26 50 0 40 25 39 40 20 50 28 29 45 33 27 54 6 34 25 16 11 22 44 42 34 17 44 7 39 43 23 12 18 30 79 53 42 56 84 68 35 14 40 74 68 35 16 41 74 79 54 43 57 84 98 78 71 80 101
60 46 43 72 49 50 70 64 59 40 0 43 41 56 42 79 14 55 77 27 67 15 43 72 21 55 51 50 56 67 8 30 56 41 46 56 27 39 46 17 87 75 79 95 120 64 48 53 76 105 48 21 31 63 97 46 14 28 61 95 59 40 46 71 102
33 57 18 33 9 25 41 31 26 25 43 0 18 17 44 73 30 54 68 50 36 55 21 37 23 27 31 10 19 66 36 16 20 18 15 66 42 36 42 43 55 33 41 68 100 45 10 26 60 95 51 27 36 65 98 70 54 59 80 108 93 82 85 101 124
50 68 34 49 26 42 59 48 19 39 41 18 0 18 57 89 31 68 84 57 53 48 37 53 25 45 48 27 17 81 34 25 16 34 6 78 50 49 56 47 47 38 56 85 117 30 12 43 77 112 34 21 46 79 113 56 49 63 90 121 81 77 87 107 134
45 74 33 37 20 39 51 39 11 40 56 17 18 0 60 87 44 69 81 66 45 64 36 42 37 39 45 20 4 81 48 32 5 34 12 82 58 52 57 58 39 21 43 75 109 33 8 39 73 107 49 36 52 81 113 72 64 74 96 124 98 93 100 117 140
31 15 28 51 42 27 39 41 70 20 42 44 57 60 0 38 35 13 35 22 39 57 25 48 36 31 21 42 63 26 40 32 63 27 57 23 16 9 7 26 98 72 56 59 79 86 54 29 35 64 82 47 12 23 58 87 56 32 38 65 100 74 59 62 81
44 37 56 62 68 49 43 53 97 50 79 73 89 87 38 0 72 25 7 56 47 93 53 56 72 48 42 67 90 15 77 66 91 55 88 31 53 43 35 63 124 92 63 43 47 117 83 49 18 27 117 83 49 19 27 124 92 64 44 48 136 108 85 71 74
47 43 30 58 35 38 58 51 49 28 14 30 31 44 35 72 0 48 69 27 54 27 30 59 8 42 39 36 45 61 7 16 45 28 35 54 23 30 38 17 78 63 65 84 110 58 36 40 66 98 48 14 23 58 92 53 27 33 62 95 70 54 56 77 105
32 16 36 53 50 32 38 43 79 29 55 54 68 69 13 25 48 0 23 32 39 69 33 49 48 34 26 50 72 14 53 44 73 36 68 17 28 20 12 38 107 78 57 52 68 97 63 34 26 51 94 59 25 12 46 99 68 41 35 56 112 85 65 62 76
38 37 50 56 62 43 37 47 92 45 77 68 84 81 35 7 69 23 0 54 41 91 47 49 68 43 37 61 85 15 74 62 85 50 83 32 50 40 32 61 118 85 56 38 47 112 77 43 12 30 113 79 46 20 33 121 90 63 47 54 134 107 85 74 79
50 20 40 68 52 43 59 58 73 33 27 50 57 66 22 56 27 32 54 0 58 39 38 66 32 47 40 52 68 43 28 35 68 38 60 30 10 24 28 11 102 82 74 81 100 84 58 46 57 82 73 40 18 38 71 72 38 11 36 69 81 53 39 51 79
9 52 25 15 28 17 6 7 55 27 67 36 53 45 39 47 54 39 41 58 0 81 24 10 49 12 19 27 48 47 60 40 49 26 50 56 49 34 33 57 78 45 18 33 65 77 44 14 31 64 86 58 41 49 74 103 80 68 73 92 123 105 96 100 114
74 59 57 85 61 65 84 78 66 54 15 55 48 64 57 93 27 69 91 39 81 0 57 86 33 69 65 62 65 80 21 43 64 55 54 69 41 53 61 31 92 85 92 110 135 66 57 67 90 119 44 29 46 76 109 34 2 36 71 106 44 29 46 76 109
17 39 4 31 17 8 28 22 46 6 43 21 37 36 25 53 30 33 47 38 24 57 0 30 26 12 11 17 39 46 37 17 40 3 36 47 29 18 22 35 74 47 37 54 83 65 31 10 41 75 67 36 21 45 77 81 57 48 62 89 100 82 76 86 106
17 61 29 7 29 23 13 8 52 34 72 37 53 42 48 56 59 49 49 66 10 86 30 0 53 19 27 28 46 56 65 44 47 31 49 65 56 42 42 64 73 39 9 34 68 75 43 21 38 70 87 61 48 58 82 105 85 76 82 101 127 111 104 109 123
43 46 25 52 29 34 53 46 42 25 21 23 25 37 36 72 8 48 68 32 49 33 26 53 0 38 36 29 38 62 13 10 38 24 29 56 26 29 37 23 71 56 59 80 108 53 29 36 64 97 46 12 24 59 93 55 33 39 66 98 75 60 63 83 110
6 45 13 21 20 5 16 11 50 16 55 27 45 39 31 48 42 34 43 47 12 69 12 19 38 0 10 20 43 45 49 28 43 15 42 50 38 25 25 45 76 45 27 43 73 71 36 3 34 69 77 47 30 45 75 92 69 58 67 89 112 94 86 92 109
11 35 14 30 26 7 21 20 56 11 51 31 48 45 21 42 39 26 37 40 19 65 11 27 36 10 0 26 49 37 45 27 49 14 46 41 30 16 16 39 83 53 35 45 73 75 41 9 30 65 78 46 23 37 68 90 64 50 58 81 109 88 78 83 100
25 56 14 25 1 19 33 22 31 22 50 10 27 20 42 67 36 50 61 52 27 62 17 28 29 20 26 0 24 62 42 21 24 16 23 64 43 34 39 46 58 31 32 59 91 52 17 19 53 88 60 35 36 61 93 79 61 62 79 105 102 89 89 101 123
48 76 36 40 23 42 54 42 8 44 56 19 17 4 63 90 45 72 85 68 48 65 39 46 38 43 49 24 0 85 49 34 1 37 11 85 60 55 61 60 36 22 46 79 112 30 10 42 76 111 46 37 55 84 116 71 65 76 99 127 97 93 101 119 143
42 23 49 62 62 44 44 52 92 42 67 66 81 81 26 15 61 14 15 43 47 80 46 56 62 45 37 62 85 0 65 57 85 48 81 17 40 33 26 50 119 89 64 52 61 110 76 45 24 40 107 73 38 5 33 112 79 50 32 45 123 94 71 60 68
54 46 37 65 41 45 64 58 52 34 8 36 34 48 40 77 7 53 74 28 60 21 37 65 13 49 45 42 49 65 0 22 49 35 39 57 26 35 43 18 80 68 72 90 116 59 40 47 72 103 45 14 28 62 96 47 20 32 63 97 64 47 53 76 106
34 44 16 43 20 24 44 36 40 17 30 16 25 32 32 66 16 44 62 35 40 43 17 44 10 28 27 21 34 57 22 0 34 14 26 54 26 24 32 27 69 49 50 71 99 54 24 26 57 90 52 19 22 55 89 64 42 43 66 96 84 69 69 85 110
49 77 37 41 24 43 55 43 7 44 56 20 16 5 63 91 45 73 85 68 49 64 40 47 38 43 49 24 1 85 49 34 0 37 11 86 60 55 61 60 36 23 47 80 113 29 10 43 77 111 45 36 55 84 117 70 64 76 99 128 97 92 101 119 143
20 41 2 32 16 11 30 23 44 7 41 18 34 34 27 55 28 36 50 38 26 55 3 31 24 15 14 16 37 48 35 14 37 0 33 49 29 19 24 34 72 46 38 57 86 62 28 13 44 78 65 33 21 47 80 78 55 48 64 91 98 80 76 87 108
48 70 33 45 22 40 55 44 14 39 46 15 6 12 57 88 35 68 83 60 50 54 36 49 29 42 46 23 11 81 39 26 11 33 0 79 52 49 56 51 44 33 51 81 114 30 7 41 75 110 39 26 48 79 113 61 54 67 92 122 87 82 91 110 136
49 11 50 70 64 48 55 60 92 43 56 66 78 82 23 31 54 17 32 30 56 69 47 65 56 50 41 64 85 17 57 54 86 49 79 0 31 31 26 40 121 94 74 67 77 107 76 50 39 55 101 66 33 12 41 101 68 35 18 43 110 79 55 45 59
41 21 30 58 42 34 50 49 65 23 27 42 50 58 16 53 23 28 50 10 49 41 29 56 26 38 30 43 60 40 26 26 60 29 52 31 0 15 21 11 95 73 64 73 94 78 50 36 50 79 70 36 8 36 70 72 40 21 41 73 85 60 49 60 85
26 23 20 45 34 21 36 35 61 12 39 36 49 52 9 43 30 20 40 24 34 53 18 42 29 25 16 34 55 33 35 24 55 19 49 31 15 0 9 25 90 64 51 59 82 78 46 23 38 69 75 40 8 31 65 82 52 35 46 73 97 74 62 69 89
25 20 25 45 39 22 33 35 67 18 46 42 56 57 7 35 38 12 32 28 33 61 22 42 37 25 16 39 61 26 43 32 61 24 56 26 21 9 0 31 96 68 50 53 75 85 52 24 30 61 83 48 15 24 58 90 60 38 42 67 104 80 65 68 85
49 29 36 65 46 41 59 56 64 30 17 43 47 58 26 63 17 38 61 11 57 31 35 64 23 45 39 46 60 50 18 27 60 34 51 40 11 25 31 0 94 76 71 83 105 74 50 44 61 89 63 30 17 46 80 62 30 17 46 80 74 50 43 61 89
80 112 71 66 57 76 84 72 30 79 87 55 47 39 98 124 78 107 118 102 78 92 74 73 71 76 83 58 36 119 80 69 36 72 44 121 95 90 96 94 0 35 70 104 139 29 45 75 108 142 57 67 90 119 150 86 92 110 134 162 114 119 133 153 178
49 86 45 32 31 47 50 39 25 53 75 33 38 21 72 92 63 78 85 82 45 85 47 39 56 45 53 31 22 89 68 49 23 46 33 94 73 64 68 76 35 0 35 70 104 45 29 45 75 108 67 57 66 89 118 92 85 92 109 134 119 113 118 132 153
26 69 36 8 33 31 20 16 52 42 79 41 56 43 56 63 65 57 56 74 18 92 37 9 59 27 35 32 46 64 72 50 47 38 51 74 64 51 50 71 70 35 0 35 70 75 45 28 45 75 90 66 56 66 89 110 92 84 91 109 133 118 112 117 131
37 68 56 39 60 47 27 38 85 56 95 68 85 75 59 43 84 52 38 81 33 110 54 34 80 43 45 59 79 52 90 71 80 57 81 67 73 59 53 83 104 70 35 0 35 108 75 45 28 45 119 89 66 56 66 134 109 91 84 90 153 132 117 111 116
67 83 85 74 92 76 59 71 119 84 120 100 117 109 79 47 110 68 47 100 65 135 83 68 108 73 73 91 112 61 116 99 113 86 114 77 94 82 75 105 139 104 70 35 0 142 108 75 45 28 150 118 89 66 55 162 134 109 90 83 178 153 131 116 110
77 97 62 69 51 69 83 71 23 68 64 45 30 33 86 117 58 97 112 84 77 66 65 75 53 71 75 52 30 110 59 54 29 62 30 107 78 78 85 74 29 45 75 108 142 0 35 70 104 139 29 45 75 108 142 57 67 90 119 150 86 92 110 134 162
42 67 28 38 16 35 49 38 16 35 48 10 12 8 54 83 36 63 77 58 44 57 31 43 29 36 41 17 10 76 40 24 10 28 7 76 50 46 52 50 45 29 45 75 108 35 0 35 70 104 45 29 45 75 108 67 57 66 89 118 92 85 92 109 134
8 43 11 23 19 3 18 13 49 14 53 26 43 39 29 49 40 34 43 46 14 67 10 21 36 3 9 19 42 45 47 26 43 13 41 50 36 23 24 44 75 45 28 45 75 70 35 0 35 70 75 45 28 45 75 90 66 56 66 89 110 92 84 91 109
29 41 44 45 54 35 26 37 83 40 76 60 77 73 35 18 66 26 12 57 31 90 41 38 64 34 30 53 76 24 72 57 77 44 75 39 50 38 30 61 108 75 45 28 45 104 70 35 0 35 108 75 45 28 45 119 89 66 56 66 134 109 91 84 90
63 63 78 77 89 70 59 70 118 74 105 95 112 107 64 27 98 51 30 82 64 119 75 70 97 69 65 88 111 40 103 90 111 78 110 55 79 69 61 89 142 108 75 45 28 139 104 70 35 0 142 108 75 45 28 150 118 89 66 55 162 134 109 90 83
83 90 65 83 59 74 92 81 43 68 48 51 34 49 82 117 48 94 113 73 86 44 67 87 46 77 78 60 46 107 45 52 45 65 39 101 70 75 83 63 57 67 90 119 150 29 45 75 108 142 0 35 70 104 139 29 45 75 108 142 57 67 90 119 150
53 56 34 59 34 43 63 54 39 35 21 27 21 36 47 83 14 59 79 40 58 29 36 61 12 47 46 35 37 73 14 19 36 33 26 66 36 40 48 30 67 57 66 89 118 45 29 45 75 108 35 0 35 70 104 45 29 45 75 108 67 57 66 89 118
33 23 23 50 36 26 43 41 61 16 31 36 46 52 12 49 23 25 46 18 41 46 21 48 24 30 23 36 55 38 28 22 55 21 48 33 8 8 15 17 90 66 56 66 89 75 45 28 45 75 70 35 0 35 70 75 45 28 45 75 90 66 56 66 89
42 19 48 63 62 44 46 53 91 41 63 65 79 81 23 19 58 12 20 38 49 76 45 58 59 45 37 61 84 5 62 55 84 47 79 12 36 31 24 46 119 89 66 56 66 108 75 45 28 45 104 70 35 0 35 108 75 45 28 45 119 89 66 56 66
70 51 81 89 93 74 70 80 123 74 97 98 113 113 58 27 92 46 33 71 74 109 77 82 93 75 68 93 116 33 96 89 117 80 113 41 70 65 58 80 150 118 89 66 55 142 108 75 45 28 139 104 70 35 0 142 108 75 45 28 150 118 89 66 55
97 91 79 103 78 88 107 98 69 79 46 70 56 72 87 124 53 99 121 72 103 34 81 105 55 92 90 79 71 112 47 64 70 78 61 101 72 82 90 62 86 92 110 134 162 57 67 90 119 150 29 45 75 108 142 0 35 70 104 139 29 45 75 108 142
73 58 56 84 61 64 84 78 67 54 14 54 49 64 56 92 27 68 90 38 80 2 57 85 33 69 64 61 65 79 20 42 64 55 54 68 40 52 60 30 92 85 92 109 134 67 57 66 89 118 45 29 45 75 108 35 0 35 70 104 45 29 45 75 108
60 27 50 78 61 54 70 69 81 43 28 59 63 74 32 64 33 41 63 11 68 36 48 76 39 58 50 62 76 50 32 43 76 48 67 35 21 35 38 17 110 92 84 91 109 90 66 56 66 89 75 45 28 45 75 70 35 0 35 70 75 45 28 45 75
66 24 65 87 79 64 72 77 105 57 61 80 90 96 38 44 62 35 47 36 73 71 62 82 66 67 58 79 99 32 63 66 99 64 92 18 41 46 42 46 134 109 91 84 90 119 89 66 56 66 108 75 45 28 45 104 70 35 0 35 108 75 45 28 45
86 53 92 107 105 88 89 97 134 84 95 108 121 124 65 48 95 56 54 69 92 106 89 101 98 89 81 105 127 45 97 96 128 91 122 43 73 73 67 80 162 134 109 90 83 150 118 89 66 55 142 108 75 45 28 139 104 70 35 0 142 108 75 45 28
117 100 99 126 101 108 127 120 96 98 59 93 81 98 100 136 70 112 134 81 123 44 100 127 75 112 109 102 97 123 64 84 97 98 87 110 85 97 104 74 114 119 133 153 178 86 92 110 134 162 57 67 90 119 150 29 45 75 108 142 0 35 70 104 139
98 71 82 111 88 89 108 103 94 78 40 82 77 93 74 108 54 85 107 53 105 29 82 111 60 94 88 89 93 94 47 69 92 80 82 79 60 74 80 50 119 113 118 132 153 92 85 92 109 134 67 57 66 89 118 45 29 45 75 108 35 0 35 70 104
88 50 78 106 88 82 97 97 105 71 46 85 87 100 59 85 56 65 85 39 96 46 76 104 63 86 78 89 101 71 53 69 101 76 91 55 49 62 65 43 133 118 112 117 131 110 92 84 91 109 90 66 56 66 89 75 45 28 45 75 70 35 0 35 70
92 48 88 113 101 89 99 102 124 80 71 101 107 117 62 71 77 62 74 51 100 76 86 109 83 92 83 101 119 60 76 85 119 87 110 45 60 69 68 61 153 132 117 111 116 134 109 91 84 90 119 89 66 56 66 108 75 45 28 45 104 70 35 0 35
107 67 109 128 123 107 111 118 149 101 102 124 134 140 81 74 105 76 79 79 114 109 106 123 110 109 100 123 143 68 106 110 143 108 136 59 85 89 85 89 178 153 131 116 110 162 134 109 90 83 150 118 89 66 55 142 108 75 45 28 139 104 70 35 0
