0 39 68 83 44 59 76 27 54 84 79 64 14 56 42 91 43 21 35 31 28 44 29 82 33 57 80 61 48 80 88 62 12 37 41 91 43 37 39 51 72 43 63 53 31 52 45 21
39 0 32 49 36 21 39 13 15 46 42 28 53 17 13 52 7 54 11 16 32 7 18 51 35 20 41 23 14 41 51 25 51 11 4 52 13 49 12 15 34 18 27 15 29 28 15 58
68 32 0 47 43 24 10 42 22 30 11 5 82 22 27 27 32 79 34 38 51 26 41 52 51 25 18 11 34 26 20 8 80 41 32 25 38 64 30 30 23 28 29 22 59 26 25 86
83 49 47 0 81 31 42 60 37 22 48 46 94 35 58 37 43 101 59 64 80 50 67 7 83 31 34 41 36 24 54 46 93 47 46 42 41 97 58 35 24 62 23 38 57 67 57 103
44 36 43 81 0 51 53 31 44 71 52 41 56 47 24 70 42 44 26 22 17 32 22 84 13 51 60 43 49 66 58 39 54 45 39 68 48 22 24 49 60 20 58 44 56 18 24 53
59 21 24 31 51 0 26 33 7 26 31 21 72 4 27 35 16 74 29 35 51 20 38 34 54 2 24 14 13 22 40 19 70 24 18 36 19 67 28 9 14 31 8 8 40 37 27 78
76 39 10 42 53 26 0 50 26 23 6 13 90 26 36 17 38 88 43 47 60 33 50 48 61 27 10 16 37 20 15 16 88 46 38 16 43 73 38 34 20 37 29 26 64 35 34 94
27 13 42 60 31 33 50 0 28 58 53 38 41 30 17 64 18 42 9 10 22 17 10 61 27 32 53 34 25 53 61 35 39 16 15 64 21 39 14 26 46 20 39 27 25 31 20 46
54 15 22 37 44 7 26 28 0 31 31 18 67 3 21 38 12 69 23 29 45 13 31 40 47 7 27 11 12 26 40 16 65 21 13 39 17 61 22 9 19 25 14 1 38 31 21 73
84 46 30 22 71 26 23 58 31 0 28 31 97 29 49 16 42 99 54 59 74 43 62 28 76 27 14 28 37 5 33 32 95 48 44 20 43 89 51 34 12 52 22 31 63 54 48 104
79 42 11 48 52 31 6 53 31 28 0 15 93 30 38 19 42 90 45 49 61 36 52 53 61 32 14 20 42 25 10 18 91 50 42 16 47 73 41 38 25 38 34 31 68 35 35 96
64 28 5 46 41 21 13 38 18 31 15 0 78 19 23 30 28 75 30 34 47 21 37 51 48 22 20 8 30 27 24 3 76 37 28 28 34 61 26 27 23 24 27 18 55 23 21 82
14 53 82 94 56 72 90 41 67 97 93 78 0 69 56 104 56 21 48 45 40 58 43 93 44 70 93 74 61 93 101 75 3 49 54 104 55 45 53 63 85 57 76 67 39 66 59 14
56 17 22 35 47 4 26 30 3 29 30 19 69 0 24 36 14 71 26 31 47 16 34 37 50 4 25 12 12 24 40 17 67 22 15 37 18 63 24 9 17 27 12 4 39 34 23 75
42 13 27 58 24 27 36 17 21 49 38 23 56 24 0 52 19 53 8 11 25 9 14 60 27 27 41 22 26 45 46 21 54 24 16 51 26 41 3 25 38 5 35 20 40 16 3 59
91 52 27 37 70 35 17 64 38 16 19 30 104 36 52 0 50 104 58 63 77 48 65 44 77 36 12 31 47 17 20 32 102 58 51 5 53 90 54 43 23 53 34 38 74 52 50 109
43 7 32 43 42 16 38 18 12 42 42 28 56 14 19 50 0 59 17 22 38 11 24 44 42 15 39 22 8 37 51 25 54 9 4 50 8 55 18 9 30 24 22 12 27 33 20 63
21 54 79 101 44 74 88 42 69 99 90 75 21 71 53 104 59 0 47 42 30 57 39 101 32 73 93 74 66 95 97 73 20 55 57 103 61 28 50 68 88 52 80 68 51 58 55 10
35 11 34 59 26 29 43 9 23 54 45 30 48 26 8 58 17 47 0 6 22 11 9 60 25 29 47 28 24 49 54 28 46 19 14 57 23 39 6 25 42 12 36 23 33 22 11 52
31 16 38 64 22 35 47 10 29 59 49 34 45 31 11 63 22 42 6 0 17 16 3 66 20 34 52 32 30 54 57 32 43 23 19 62 28 33 9 30 47 13 42 28 35 23 14 48
28 32 51 80 17 51 60 22 45 74 61 47 40 47 25 77 38 30 22 17 0 32 14 82 6 50 66 47 45 69 68 45 38 38 35 75 43 18 24 46 63 24 58 44 45 29 27 38
44 7 26 50 32 20 33 17 13 43 36 21 58 16 9 48 11 57 11 16 32 0 19 52 34 19 37 17 18 38 45 19 56 18 9 47 19 48 9 17 32 13 27 13 36 22 9 62
29 18 41 67 22 38 50 10 31 62 52 37 43 34 14 65 24 39 9 3 14 19 0 68 18 37 55 35 32 57 60 35 41 25 21 65 29 31 12 33 50 15 44 31 35 24 17 45
82 51 52 7 84 34 48 61 40 28 53 51 93 37 60 44 44 101 60 66 82 52 68 0 85 34 40 45 37 30 60 50 92 47 48 48 41 99 60 36 29 64 26 40 55 70 60 103
33 35 51 83 13 54 61 27 47 76 61 48 44 50 27 77 42 32 25 20 6 34 18 85 0 53 67 48 49 71 68 46 42 42 38 76 47 14 26 50 65 25 61 47 50 28 29 41
57 20 25 31 51 2 27 32 7 27 32 22 70 4 27 36 15 73 29 34 50 19 37 34 53 0 26 15 11 23 41 20 69 22 17 38 17 67 28 8 15 31 8 7 39 37 27 77
80 41 18 34 60 24 10 53 27 14 14 20 93 25 41 12 39 93 47 52 66 37 55 40 67 26 0 20 36 11 21 22 91 47 40 13 42 80 43 33 14 43 24 27 64 43 39 98
61 23 11 41 43 14 16 34 11 28 20 8 74 12 22 31 22 74 28 32 47 17 35 45 48 15 20 0 23 24 30 6 72 30 22 31 28 62 24 19 18 24 20 11 48 27 20 79
48 14 34 36 49 13 37 25 12 37 42 30 61 12 26 47 8 66 24 30 45 18 32 37 49 11 36 23 0 33 51 27 59 12 11 48 6 62 25 4 26 30 16 12 28 39 27 68
80 41 26 24 66 22 20 53 26 5 25 27 93 24 45 17 37 95 49 54 69 38 57 30 71 23 11 24 33 0 31 27 91 44 39 20 39 85 46 30 8 47 19 27 60 49 43 99
88 51 20 54 58 40 15 61 40 33 10 24 101 40 46 20 51 97 54 57 68 45 60 60 68 41 21 30 51 31 0 27 99 60 51 15 57 79 49 48 33 46 43 40 78 41 43 104
62 25 8 46 39 19 16 35 16 32 18 3 75 17 21 32 25 73 28 32 45 19 35 50 46 20 22 6 27 27 27 0 73 34 25 31 32 59 23 24 23 22 26 16 52 22 19 79
12 51 80 93 54 70 88 39 65 95 91 76 3 67 54 102 54 20 46 43 38 56 41 92 42 69 91 72 59 91 99 73 0 47 52 102 53 43 51 62 83 55 74 65 38 64 57 14
37 11 41 47 45 24 46 16 21 48 50 37 49 22 24 58 9 55 19 23 38 18 25 47 42 22 47 30 12 44 60 34 47 0 10 59 7 54 22 15 37 29 27 21 19 39 26 57
41 4 32 46 39 18 38 15 13 44 42 28 54 15 16 51 4 57 14 19 35 9 21 48 38 17 40 22 11 39 51 25 52 10 0 51 11 52 15 12 32 21 24 13 28 31 17 60
91 52 25 42 68 36 16 64 39 20 16 28 104 37 51 5 50 103 57 62 75 47 65 48 76 38 13 31 48 20 15 31 102 59 51 0 54 88 53 45 25 52 36 39 76 50 49 109
43 13 38 41 48 19 43 21 17 43 47 34 55 18 26 53 8 61 23 28 43 19 29 41 47 17 42 28 6 39 57 32 53 7 11 54 0 60 25 10 32 31 22 17 22 41 28 63
37 49 64 97 22 67 73 39 61 89 73 61 45 63 41 90 55 28 39 33 18 48 31 99 14 67 80 62 62 85 79 59 43 54 52 88 60 0 40 63 78 38 74 60 60 39 42 38
39 12 30 58 24 28 38 14 22 51 41 26 53 24 3 54 18 50 6 9 24 9 12 60 26 28 43 24 25 46 49 23 51 22 15 53 25 40 0 25 40 7 35 21 37 18 6 56
51 15 30 35 49 9 34 26 9 34 38 27 63 9 25 43 9 68 25 30 46 17 33 36 50 8 33 19 4 30 48 24 62 15 12 45 10 63 25 0 23 30 13 9 31 38 26 71
72 34 23 24 60 14 20 46 19 12 25 23 85 17 38 23 30 88 42 47 63 32 50 29 65 15 14 18 26 8 33 23 83 37 32 25 32 78 40 23 0 41 12 20 53 44 37 92
43 18 28 62 20 31 37 20 25 52 38 24 57 27 5 53 24 52 12 13 24 13 15 64 25 31 43 24 30 47 46 22 55 29 21 52 31 38 7 30 41 0 39 24 44 11 5 59
63 27 29 23 58 8 29 39 14 22 34 27 76 12 35 34 22 80 36 42 58 27 44 26 61 8 24 20 16 19 43 26 74 27 24 36 22 74 35 13 12 39 0 15 42 44 34 84
53 15 22 38 44 8 26 27 1 31 31 18 67 4 20 38 12 68 23 28 44 13 31 40 47 7 27 11 12 27 40 16 65 21 13 39 17 60 21 9 20 24 15 0 38 31 20 73
31 29 59 57 56 40 64 25 38 63 68 55 39 39 40 74 27 51 33 35 45 36 35 55 50 39 64 48 28 60 78 52 38 19 28 76 22 60 37 31 53 44 42 38 0 55 42 50
52 28 26 67 18 37 35 31 31 54 35 23 66 34 16 52 33 58 22 23 29 22 24 70 28 37 43 27 39 49 41 22 64 39 31 50 41 39 18 38 44 11 44 31 55 0 14 66
45 15 25 57 24 27 34 20 21 48 35 21 59 23 3 50 20 55 11 14 27 9 17 60 29 27 39 20 27 43 43 19 57 26 17 49 28 42 6 26 37 5 34 20 42 14 0 61
21 58 86 103 53 78 94 46 73 104 96 82 14 75 59 109 63 10 52 48 38 62 45 103 41 77 98 79 68 99 104 79 14 57 60 109 63 38 56 71 92 59 84 73 50 66 61 0
