0 30 63 70 65 70 26 0 82 24 33 86 41 25 26 33 39 41 41 28 4 41 64 34 90 66 28 8 21 56 27 46 71 22 18 14 25 37 38 36 124 96 73 63 71 112 80 51 35 48 107 72 38 8 34 108 75 43 21 39 117 87 61 49 58
30 0 33 47 35 41 8 30 52 25 57 56 21 38 9 62 13 12 20 11 29 11 34 13 60 36 3 33 20 29 52 17 41 42 46 40 18 8 17 25 95 68 53 58 80 82 50 26 35 65 79 44 10 26 61 85 55 34 41 69 99 75 61 65 85
63 33 0 34 6 12 39 63 20 52 87 23 37 65 40 94 29 25 35 40 62 23 3 33 27 9 36 66 49 18 83 18 13 72 78 71 47 26 35 46 62 40 43 67 97 50 17 23 56 90 53 25 28 59 92 69 50 52 73 101 91 77 78 93 117
70 47 34 0 39 44 47 70 40 50 81 40 62 60 56 94 51 47 60 58 67 40 36 37 42 42 50 76 50 21 80 34 44 68 79 72 65 41 58 69 65 31 10 41 75 68 36 22 45 78 81 57 49 63 89 101 83 77 86 107 124 109 105 112 128
65 35 6 39 0 7 41 65 18 55 90 22 36 69 41 96 29 26 34 40 64 25 3 36 27 4 38 67 52 23 86 21 8 75 80 74 47 28 34 45 62 43 48 72 102 48 17 27 60 94 49 19 29 61 95 64 45 50 73 103 86 73 76 92 117
70 41 12 44 7 0 47 70 16 62 96 20 38 75 46 102 33 30 36 45 69 31 10 43 24 5 43 72 58 29 92 28 1 81 86 80 51 34 37 48 59 44 53 78 109 42 16 34 67 101 42 14 33 67 101 57 42 51 77 108 80 70 76 95 121
26 8 39 47 41 47 0 26 58 17 50 61 28 30 13 55 21 20 27 16 24 17 40 10 65 43 8 30 12 31 45 21 48 35 40 33 21 13 24 30 99 71 52 52 72 88 55 27 28 57 86 52 18 20 54 93 62 39 40 64 107 82 65 66 82
0 30 63 70 65 70 26 0 82 24 33 86 41 25 26 33 39 41 41 28 4 41 64 34 90 66 28 8 21 56 27 46 71 22 18 14 25 37 38 36 124 96 73 63 71 112 80 51 35 48 107 72 38 8 34 108 75 43 21 39 117 87 61 49 58
82 52 20 40 18 16 58 82 0 70 105 5 53 84 59 113 47 43 51 58 81 42 19 51 9 18 55 85 68 33 102 37 15 90 97 90 65 45 52 63 44 31 49 79 112 32 4 39 73 108 41 27 47 78 111 63 55 67 91 120 89 83 91 110 135
24 25 52 50 55 62 17 24 70 0 35 73 45 14 28 45 38 36 44 31 20 32 53 20 77 57 24 31 6 40 32 35 62 20 30 23 35 29 41 45 109 78 51 41 56 102 67 34 14 41 102 68 35 16 42 110 79 54 44 58 124 97 78 71 80
33 57 87 81 90 96 50 33 105 35 0 108 72 23 55 17 68 68 72 58 31 66 88 54 112 92 55 38 38 74 7 69 97 15 17 19 57 62 69 68 143 111 81 56 47 136 102 68 37 20 135 101 66 32 10 140 107 75 48 36 149 119 92 71 64
86 56 23 40 22 20 61 86 5 73 108 0 57 86 63 116 51 47 55 62 84 45 23 54 5 23 59 89 71 35 105 40 19 93 100 93 69 49 56 67 40 28 48 80 113 30 6 41 75 110 42 31 51 81 114 66 59 71 95 124 92 87 95 114 139
41 21 37 62 36 38 28 41 53 45 72 57 0 56 18 72 11 16 3 15 41 23 36 33 61 35 21 40 39 42 67 28 39 58 58 53 16 23 5 10 96 76 69 79 100 78 52 41 56 83 68 35 14 40 74 68 35 16 41 74 80 54 44 58 84
25 38 65 60 69 75 30 25 84 14 23 86 56 0 39 35 50 50 56 42 22 46 67 33 90 71 37 33 18 52 21 48 76 9 22 17 44 43 53 55 121 89 60 41 46 115 80 46 16 28 115 81 48 20 30 123 91 63 46 51 135 108 85 73 76
26 9 40 56 41 46 13 26 59 28 55 63 18 39 0 58 14 16 18 4 25 18 40 20 67 42 7 27 22 38 50 24 47 41 42 37 10 16 14 18 102 77 62 64 83 88 57 35 40 66 82 47 13 24 58 85 53 27 33 63 97 70 54 57 77
33 62 94 94 96 102 55 33 113 45 17 116 72 35 58 0 71 72 73 60 33 72 94 62 120 97 59 34 46 84 15 76 102 26 16 23 57 68 70 66 153 122 94 73 64 143 110 78 50 36 139 104 70 36 9 140 106 72 40 20 146 114 84 58 47
39 13 29 51 29 33 21 39 47 38 68 51 11 50 14 71 0 5 10 13 39 12 28 23 55 29 14 40 32 32 63 17 34 54 56 50 19 12 7 19 90 68 59 69 92 75 45 31 48 77 68 33 3 37 71 73 42 26 45 76 87 64 54 65 89
41 12 25 47 26 30 20 41 43 36 68 47 16 50 16 72 5 0 14 15 40 8 25 20 52 26 14 42 32 27 64 13 31 54 57 51 22 9 12 23 87 63 54 66 90 72 42 26 46 77 67 33 4 38 72 74 45 31 48 78 89 67 59 69 92
41 20 35 60 34 36 27 41 51 44 72 55 3 56 18 73 10 14 0 15 42 21 34 32 59 33 20 41 39 40 67 26 37 58 59 54 17 21 4 12 95 74 68 77 99 77 50 40 55 83 67 33 12 40 74 68 36 18 42 75 80 55 46 59 86
28 11 40 58 40 45 16 28 58 31 58 62 15 42 4 60 13 15 15 0 28 19 40 23 67 41 9 28 25 39 53 25 46 44 45 40 8 17 11 15 101 77 64 67 86 87 57 36 43 69 80 45 12 26 60 82 50 24 33 64 94 67 51 55 77
4 29 62 67 64 69 24 4 81 20 31 84 41 22 25 33 39 40 42 28 0 40 62 32 88 65 27 12 18 54 26 44 70 19 18 12 27 36 39 37 122 93 70 59 67 111 78 49 32 45 106 72 37 5 33 109 76 45 25 41 119 89 64 52 62
41 11 23 40 25 31 17 41 42 32 66 45 23 46 18 72 12 8 21 19 40 0 23 14 50 26 14 44 28 21 62 7 31 51 56 50 26 4 19 30 84 59 47 59 84 72 40 19 40 72 70 36 10 37 71 79 51 38 51 79 96 74 65 74 95
64 34 3 36 3 10 40 64 19 53 88 23 36 67 40 94 28 25 34 40 62 23 0 34 27 7 37 66 50 20 84 19 10 73 79 72 46 27 34 46 62 42 45 69 99 49 17 25 58 92 51 22 28 59 93 66 48 51 73 102 88 75 77 93 117
34 13 33 37 36 43 10 34 51 20 54 54 33 33 20 62 23 20 32 23 32 14 34 0 58 38 14 39 17 22 51 15 43 39 47 40 30 12 29 37 91 62 42 46 70 82 48 17 26 59 83 50 20 28 60 93 64 46 50 72 109 86 73 75 92
90 60 27 42 27 24 65 90 9 77 112 5 61 90 67 120 55 52 59 67 88 50 27 58 0 27 63 93 75 38 109 45 23 97 104 98 73 53 60 71 36 26 50 82 116 26 11 44 79 113 42 34 55 85 118 67 62 75 99 128 94 90 99 118 144
66 36 9 42 4 5 43 66 18 57 92 23 35 71 42 97 29 26 33 41 65 26 7 38 27 0 39 68 54 26 88 23 6 77 82 76 47 30 34 45 62 45 51 75 105 46 18 31 63 97 46 16 29 62 96 60 43 49 73 104 82 70 74 92 118
28 3 36 50 38 43 8 28 55 24 55 59 21 37 7 59 14 14 20 9 27 14 37 14 63 39 0 31 19 32 50 19 44 40 44 38 16 11 17 24 97 71 55 59 79 85 53 29 35 64 81 46 12 24 59 86 55 33 39 66 100 75 60 63 82
8 33 66 76 67 72 30 8 85 31 38 89 40 33 27 34 40 42 41 28 12 44 66 39 93 68 31 0 27 61 32 49 73 29 21 20 24 41 38 33 127 100 79 71 78 114 83 56 43 54 107 73 39 15 37 107 72 39 14 36 114 82 55 41 53
21 20 49 50 52 58 12 21 68 6 38 71 39 18 22 46 32 32 39 25 18 28 50 17 75 54 19 27 0 38 35 31 59 23 30 24 29 25 35 39 107 77 53 46 61 99 65 33 19 46 98 64 30 13 44 105 74 48 40 57 118 92 73 67 79
56 29 18 21 23 29 31 56 33 40 74 35 42 52 38 84 32 27 40 39 54 21 20 22 38 26 32 61 38 0 72 15 30 60 68 61 46 23 38 50 70 40 29 49 80 64 29 6 41 76 70 41 30 50 81 86 64 57 70 94 107 90 85 94 113
27 52 83 80 86 92 45 27 102 32 7 105 67 21 50 15 63 64 67 53 26 62 84 51 109 88 50 32 35 72 0 65 93 13 11 14 52 58 64 62 141 109 80 58 52 133 99 66 36 25 131 96 62 27 10 134 101 69 42 33 144 113 86 65 60
46 17 18 34 21 28 21 46 37 35 69 40 28 48 24 76 17 13 26 25 44 7 19 15 45 23 19 49 31 15 65 0 28 54 60 54 33 9 24 36 79 53 42 56 84 68 35 14 40 74 68 35 16 41 74 79 54 43 57 84 98 78 71 80 101
71 41 13 44 8 1 48 71 15 62 97 19 39 76 47 102 34 31 37 46 70 31 10 43 23 6 44 73 59 30 93 28 0 82 87 81 52 35 38 49 58 44 53 79 109 42 16 35 68 102 41 15 34 67 101 57 42 52 78 109 81 71 77 96 122
22 42 72 68 75 81 35 22 90 20 15 93 58 9 41 26 54 54 58 44 19 51 73 39 97 77 40 29 23 60 13 54 82 0 14 10 45 47 55 55 129 97 69 49 50 121 87 54 24 27 120 86 52 19 22 126 93 63 41 42 137 108 83 67 68
18 46 78 79 80 86 40 18 97 30 17 100 58 22 42 16 56 57 59 45 18 56 79 47 104 82 44 21 30 68 11 60 87 14 0 7 43 52 56 53 137 107 80 62 61 127 94 63 37 35 124 89 54 20 16 126 92 60 31 29 134 103 75 56 54
14 40 71 72 74 80 33 14 90 23 19 93 53 17 37 23 50 51 54 40 12 50 72 40 98 76 38 20 24 61 14 54 81 10 7 0 39 46 50 49 130 100 74 57 59 121 88 56 31 35 118 83 49 14 22 121 88 56 32 35 131 100 74 58 60
25 18 47 65 47 51 21 25 65 35 57 69 16 44 10 57 19 22 17 8 27 26 46 30 73 47 16 24 29 46 52 33 52 45 43 39 0 24 15 11 108 85 71 73 90 92 63 44 47 70 83 50 19 26 59 84 50 20 27 59 93 64 45 48 71
37 8 26 41 28 34 13 37 45 29 62 49 23 43 16 68 12 9 21 17 36 4 27 12 53 30 11 41 25 23 58 9 35 47 52 46 24 0 19 29 87 61 48 57 81 76 43 20 37 69 73 39 10 33 67 82 53 37 48 76 98 75 65 72 92
38 17 35 58 34 37 24 38 52 41 69 56 5 53 14 70 7 12 4 11 39 19 34 29 60 34 17 38 35 38 64 24 38 55 56 50 15 19 0 12 95 74 66 74 96 78 51 38 52 80 69 35 10 37 71 71 39 19 41 73 83 58 47 59 85
36 25 46 69 45 48 30 36 63 45 68 67 10 55 18 66 19 23 12 15 37 30 46 37 71 45 24 33 39 50 62 36 49 55 53 49 11 29 12 0 106 86 76 82 100 88 62 48 57 81 76 44 21 37 69 74 40 10 32 66 82 53 37 48 75
124 95 62 65 62 59 99 124 44 109 143 40 96 121 102 153 90 87 95 101 122 84 62 91 36 62 97 127 107 70 141 79 58 129 137 130 108 87 95 106 0 35 70 104 139 29 45 75 108 142 57 67 90 119 150 86 92 110 134 162 114 119 133 153 178
96 68 40 31 43 44 71 96 31 78 111 28 76 89 77 122 68 63 74 77 93 59 42 62 26 45 71 100 77 40 109 53 44 97 107 100 85 61 74 86 35 0 35 70 104 45 29 45 75 108 67 57 66 89 118 92 85 92 109 134 119 113 118 132 153
73 53 43 10 48 53 52 73 49 51 81 48 69 60 62 94 59 54 68 64 70 47 45 42 50 51 55 79 53 29 80 42 53 69 80 74 71 48 66 76 70 35 0 35 70 75 45 28 45 75 90 66 56 66 89 110 92 84 91 109 133 118 112 117 131
63 58 67 41 72 78 52 63 79 41 56 80 79 41 64 73 69 66 77 67 59 59 69 46 82 75 59 71 46 49 58 56 79 49 62 57 73 57 74 82 104 70 35 0 35 108 75 45 28 45 119 89 66 56 66 134 109 91 84 90 153 132 117 111 116
71 80 97 75 102 109 72 71 112 56 47 113 100 46 83 64 92 90 99 86 67 84 99 70 116 105 79 78 61 80 52 84 109 50 61 59 90 81 96 100 139 104 70 35 0 142 108 75 45 28 150 118 89 66 55 162 134 109 90 83 178 153 131 116 110
112 82 50 68 48 42 88 112 32 102 136 30 78 115 88 143 75 72 77 87 111 72 49 82 26 46 85 114 99 64 133 68 42 121 127 121 92 76 78 88 29 45 75 108 142 0 35 70 104 139 29 45 75 108 142 57 67 90 119 150 86 92 110 134 162
80 50 17 36 17 16 55 80 4 67 102 6 52 80 57 110 45 42 50 57 78 40 17 48 11 18 53 83 65 29 99 35 16 87 94 88 63 43 51 62 45 29 45 75 108 35 0 35 70 104 45 29 45 75 108 67 57 66 89 118 92 85 92 109 134
51 26 23 22 27 34 27 51 39 34 68 41 41 46 35 78 31 26 40 36 49 19 25 17 44 31 29 56 33 6 66 14 35 54 63 56 44 20 38 48 75 45 28 45 75 70 35 0 35 70 75 45 28 45 75 90 66 56 66 89 110 92 84 91 109
35 35 56 45 60 67 28 35 73 14 37 75 56 16 40 50 48 46 55 43 32 40 58 26 79 63 35 43 19 41 36 40 68 24 37 31 47 37 52 57 108 75 45 28 45 104 70 35 0 35 108 75 45 28 45 119 89 66 56 66 134 109 91 84 90
48 65 90 78 94 101 57 48 108 41 20 110 83 28 66 36 77 77 83 69 45 72 92 59 113 97 64 54 46 76 25 74 102 27 35 35 70 69 80 81 142 108 75 45 28 139 104 70 35 0 142 108 75 45 28 150 118 89 66 55 162 134 109 90 83
107 79 53 81 49 42 86 107 41 102 135 42 68 115 82 139 68 67 67 80 106 70 51 83 42 46 81 107 98 70 131 68 41 120 124 118 83 73 69 76 57 67 90 119 150 29 45 75 108 142 0 35 70 104 139 29 45 75 108 142 57 67 90 119 150
72 44 25 57 19 14 52 72 27 68 101 31 35 81 47 104 33 33 33 45 72 36 22 50 34 16 46 73 64 41 96 35 15 86 89 83 50 39 35 44 67 57 66 89 118 45 29 45 75 108 35 0 35 70 104 45 29 45 75 108 67 57 66 89 118
38 10 28 49 29 33 18 38 47 35 66 51 14 48 13 70 3 4 12 12 37 10 28 20 55 29 12 39 30 30 62 16 34 52 54 49 19 10 10 21 90 66 56 66 89 75 45 28 45 75 70 35 0 35 70 75 45 28 45 75 90 66 56 66 89
8 26 59 63 61 67 20 8 78 16 32 81 40 20 24 36 37 38 40 26 5 37 59 28 85 62 24 15 13 50 27 41 67 19 20 14 26 33 37 37 119 89 66 56 66 108 75 45 28 45 104 70 35 0 35 108 75 45 28 45 119 89 66 56 66
34 61 92 89 95 101 54 34 111 42 10 114 74 30 58 9 71 72 74 60 33 71 93 60 118 96 59 37 44 81 10 74 101 22 16 22 59 67 71 69 150 118 89 66 55 142 108 75 45 28 139 104 70 35 0 142 108 75 45 28 150 118 89 66 55
108 85 69 101 64 57 93 108 63 110 140 66 68 123 85 140 73 74 68 82 109 79 66 93 67 60 86 107 105 86 134 79 57 126 126 121 84 82 71 74 86 92 110 134 162 57 67 90 119 150 29 45 75 108 142 0 35 70 104 139 29 45 75 108 142
75 55 50 83 45 42 62 75 55 79 107 59 35 91 53 106 42 45 36 50 76 51 48 64 62 43 55 72 74 64 101 54 42 93 92 88 50 53 39 40 92 85 92 109 134 67 57 66 89 118 45 29 45 75 108 35 0 35 70 104 45 29 45 75 108
43 34 52 77 50 51 39 43 67 54 75 71 16 63 27 72 26 31 18 24 45 38 51 46 75 49 33 39 48 57 69 43 52 63 60 56 20 37 19 10 110 92 84 91 109 90 66 56 66 89 75 45 28 45 75 70 35 0 35 70 75 45 28 45 75
21 41 73 86 73 77 40 21 91 44 48 95 41 46 33 40 45 48 42 33 25 51 73 50 99 73 39 14 40 70 42 57 78 41 31 32 27 48 41 32 134 109 91 84 90 119 89 66 56 66 108 75 45 28 45 104 70 35 0 35 108 75 45 28 45
39 69 101 107 103 108 64 39 120 58 36 124 74 51 63 20 76 78 75 64 41 79 102 72 128 104 66 36 57 94 33 84 109 42 29 35 59 76 73 66 162 134 109 90 83 150 118 89 66 55 142 108 75 45 28 139 104 70 35 0 142 108 75 45 28
117 99 91 124 86 80 107 117 89 124 149 92 80 135 97 146 87 89 80 94 119 96 88 109 94 82 100 114 118 107 144 98 81 137 134 131 93 98 83 82 114 119 133 153 178 86 92 110 134 162 57 67 90 119 150 29 45 75 108 142 0 35 70 104 139
87 75 77 109 73 70 82 87 83 97 119 87 54 108 70 114 64 67 55 67 89 74 75 86 90 70 75 82 92 90 113 78 71 108 103 100 64 75 58 53 119 113 118 132 153 92 85 92 109 134 67 57 66 89 118 45 29 45 75 108 35 0 35 70 104
61 61 78 105 76 76 65 61 91 78 92 95 44 85 54 84 54 59 46 51 64 65 77 73 99 74 60 55 73 85 86 71 77 83 75 74 45 65 47 37 133 118 112 117 131 110 92 84 91 109 90 66 56 66 89 75 45 28 45 75 70 35 0 35 70
49 65 93 112 92 95 66 49 110 71 71 114 58 73 57 58 65 69 59 55 52 74 93 75 118 92 63 41 67 94 65 80 96 67 56 58 48 72 59 48 153 132 117 111 116 134 109 91 84 90 119 89 66 56 66 108 75 45 28 45 104 70 35 0 35
58 85 117 128 117 121 82 58 135 80 64 139 84 76 77 47 89 92 86 77 62 95 117 92 144 118 82 53 79 113 60 101 122 68 54 60 71 92 85 75 178 153 131 116 110 162 134 109 90 83 150 118 89 66 55 142 108 75 45 28 139 104 70 35 0
