0 26 66 44 23 51 38 41 69 19 31 36 19 61 88 65 47 16 70 83 55 26 48 53 78 68 42 36 64 14 42 39 14 57 42 50 45 15 66 85 23 62 74 18 66 83
26 0 81 64 44 73 44 44 82 18 38 50 29 83 109 78 72 34 70 106 65 9 68 78 99 88 55 38 79 16 59 54 25 78 63 68 70 38 72 108 48 78 76 26 86 105
66 81 0 27 44 30 40 43 8 84 44 31 53 35 38 6 49 51 46 46 20 86 24 50 32 21 27 48 3 77 25 28 57 28 28 18 46 53 29 50 58 7 40 55 21 40
44 64 27 0 21 11 35 39 33 62 34 19 36 22 45 29 25 31 58 43 29 67 5 29 35 25 21 41 27 57 11 17 39 15 2 9 22 30 44 47 32 21 56 39 23 42
23 44 44 21 0 29 28 32 48 42 23 17 18 40 66 43 32 11 59 62 36 47 25 37 56 45 23 31 43 36 19 19 20 35 20 27 29 9 50 65 18 39 60 21 43 62
51 73 30 11 29 0 45 49 37 69 44 30 46 12 38 33 19 40 67 34 37 75 10 21 28 20 31 52 31 64 21 27 48 6 11 16 17 37 52 37 35 24 64 48 17 33
38 44 40 35 28 45 0 5 40 52 8 16 20 57 74 37 56 25 33 77 23 51 37 61 66 53 16 8 38 46 25 19 25 49 35 34 53 32 29 80 45 40 36 22 52 74
41 44 43 39 32 49 5 0 42 53 10 20 22 60 77 39 60 28 30 80 24 51 41 65 69 57 19 6 40 47 29 23 27 53 39 37 57 35 29 84 49 43 35 23 55 77
69 82 8 33 48 37 40 42 0 86 45 34 54 42 43 5 56 54 41 53 18 88 30 58 39 28 28 47 7 80 29 30 59 36 34 24 53 56 23 57 63 14 34 57 28 47
19 18 84 62 42 69 52 53 86 0 45 53 33 79 106 82 64 33 82 101 71 12 67 69 96 87 59 48 82 7 60 57 28 75 61 68 62 33 81 102 38 80 87 31 84 101
31 38 44 34 23 44 8 10 45 45 0 16 13 56 76 41 53 18 40 77 28 44 37 58 67 55 18 9 42 38 25 19 18 49 33 35 49 25 36 80 39 42 44 14 53 74
36 50 31 19 17 30 16 20 34 53 16 0 22 41 61 29 41 21 44 62 20 55 22 46 52 40 7 23 29 47 10 4 26 34 19 19 38 25 33 65 35 28 44 25 38 59
19 29 53 36 18 46 20 22 54 33 13 22 0 57 80 50 49 9 52 79 39 34 40 55 71 60 27 18 51 27 30 25 6 51 35 40 46 16 48 82 31 50 56 3 58 78
61 83 35 22 40 12 57 60 42 79 56 41 57 0 30 40 20 50 76 23 46 86 20 19 20 18 42 63 36 74 32 38 59 8 23 25 20 47 60 25 42 29 72 60 16 23
88 109 38 45 66 38 74 77 43 106 76 61 80 30 0 44 49 76 84 16 56 112 41 46 10 22 59 82 41 101 51 57 84 32 46 42 49 74 66 20 71 36 77 83 23 9
65 78 6 29 43 33 37 39 5 82 41 29 50 40 44 0 52 50 41 52 15 84 26 54 38 26 24 44 4 76 25 26 55 33 30 20 49 52 23 56 59 11 35 53 26 46
47 72 49 25 32 19 56 60 56 64 53 41 49 20 49 52 0 41 83 39 53 72 27 6 40 36 45 61 49 60 34 40 50 22 24 33 4 36 69 40 26 42 80 52 34 42
16 34 51 31 11 40 25 28 54 33 18 21 9 50 76 50 41 0 58 73 40 37 35 47 66 55 27 26 49 27 27 24 9 45 30 36 39 8 52 75 22 47 60 11 53 72
70 70 46 58 59 67 33 30 41 82 40 44 52 76 84 41 83 58 0 91 31 78 58 86 78 66 39 35 44 76 49 44 57 69 59 52 79 64 18 96 77 50 10 53 66 86
83 106 46 43 62 34 77 80 53 101 77 62 79 23 16 52 39 73 91 0 62 108 40 35 15 26 61 83 48 96 52 58 81 28 44 43 40 69 74 5 64 42 86 82 26 8
55 65 20 29 36 37 23 24 18 71 28 20 39 46 56 15 53 40 31 62 0 72 28 57 50 37 14 30 17 65 20 18 44 39 30 22 50 44 16 66 53 21 28 41 36 58
26 9 86 67 47 75 51 51 88 12 44 55 34 86 112 84 72 37 78 108 72 0 72 78 102 92 60 46 84 13 63 59 30 81 66 72 70 39 80 110 47 83 85 31 89 108
48 68 24 5 25 10 37 41 30 67 37 22 40 20 41 26 27 35 58 40 28 72 0 29 32 21 22 44 24 61 12 19 43 13 6 7 24 34 43 44 36 17 55 43 18 38
53 78 50 29 37 21 61 65 58 69 58 46 55 19 46 54 6 47 86 35 57 78 29 0 37 36 49 66 51 66 38 44 55 23 28 36 9 41 72 35 32 44 84 57 34 39
78 99 32 35 56 28 66 69 39 96 67 52 71 20 10 38 40 66 78 15 50 102 32 37 0 13 51 73 35 91 42 48 74 22 37 33 39 64 61 19 61 29 72 74 15 9
68 88 21 25 45 20 53 57 28 87 55 40 60 18 22 26 36 55 66 26 37 92 21 36 13 0 38 61 23 81 30 36 63 15 26 21 35 54 49 30 54 16 60 62 3 21
42 55 27 21 23 31 16 19 28 59 18 7 27 42 59 24 45 27 39 61 14 60 22 49 51 38 0 23 25 52 11 6 31 35 21 18 41 31 28 65 41 25 38 29 37 58
36 38 48 41 31 52 8 6 47 48 9 23 18 63 82 44 61 26 35 83 30 46 44 66 73 61 23 0 45 42 32 26 23 56 41 41 58 33 35 87 47 47 40 19 59 81
64 79 3 27 43 31 38 40 7 82 42 29 51 36 41 4 49 49 44 48 17 84 24 51 35 23 25 45 0 76 24 26 55 30 28 18 47 51 26 53 57 8 38 53 23 43
14 16 77 57 36 64 46 47 80 7 38 47 27 74 101 76 60 27 76 96 65 13 61 66 91 81 52 42 76 0 54 50 22 70 55 63 58 28 74 98 35 74 81 25 79 96
42 59 25 11 19 21 25 29 29 60 25 10 30 32 51 25 34 27 49 52 20 63 12 38 42 30 11 32 24 54 0 7 34 24 11 10 31 28 36 55 35 21 47 33 28 49
39 54 28 17 19 27 19 23 30 57 19 4 25 38 57 26 40 24 44 58 18 59 19 44 48 36 6 26 26 50 7 0 30 31 17 16 36 27 32 62 36 25 43 28 35 56
14 25 57 39 20 48 25 27 59 28 18 26 6 59 84 55 50 9 57 81 44 30 43 55 74 63 31 23 55 22 34 30 0 53 38 43 47 15 54 84 29 54 61 4 61 80
57 78 28 15 35 6 49 53 36 75 49 34 51 8 32 33 22 45 69 28 39 81 13 23 22 15 35 56 30 70 24 31 53 0 16 17 21 42 53 32 40 22 65 54 13 27
42 63 28 2 20 11 35 39 34 61 33 19 35 23 46 30 24 30 59 44 30 66 6 28 37 26 21 41 28 55 11 17 38 16 0 11 21 28 45 47 30 23 57 38 24 43
50 68 18 9 27 16 34 37 24 68 35 19 40 25 42 20 33 36 52 43 22 72 7 36 33 21 18 41 18 63 10 16 43 17 11 0 30 36 37 47 40 13 49 43 19 40
45 70 46 22 29 17 53 57 53 62 49 38 46 20 49 49 4 39 79 40 50 70 24 9 39 35 41 58 47 58 31 36 47 21 21 30 0 33 66 41 25 40 77 49 33 42
15 38 53 30 9 37 32 35 56 33 25 25 16 47 74 52 36 8 64 69 44 39 34 41 64 54 31 33 51 28 28 27 15 42 28 36 33 0 57 71 15 48 66 18 52 69
66 72 29 44 50 52 29 29 23 81 36 33 48 60 66 23 69 52 18 74 16 80 43 72 61 49 28 35 26 74 36 32 54 53 45 37 66 57 0 79 68 33 12 50 49 69
85 108 50 47 65 37 80 84 57 102 80 65 82 25 20 56 40 75 96 5 66 110 44 35 19 30 65 87 53 98 55 62 84 32 47 47 41 71 79 0 65 46 90 84 31 12
23 48 58 32 18 35 45 49 63 38 39 35 31 42 71 59 26 22 77 64 53 47 36 32 61 54 41 47 57 35 35 36 29 40 30 40 25 15 68 65 0 52 78 32 51 65
62 78 7 21 39 24 40 43 14 80 42 28 50 29 36 11 42 47 50 42 21 83 17 44 29 16 25 47 8 74 21 25 54 22 23 13 40 48 33 46 52 0 45 52 16 37
74 76 40 56 60 64 36 35 34 87 44 44 56 72 77 35 80 60 10 86 28 85 55 84 72 60 38 40 38 81 47 43 61 65 57 49 77 66 12 90 78 45 0 57 60 80
18 26 55 39 21 48 22 23 57 31 14 25 3 60 83 53 52 11 53 82 41 31 43 57 74 62 29 19 53 25 33 28 4 54 38 43 49 18 50 84 32 52 57 0 61 80
66 86 21 23 43 17 52 55 28 84 53 38 58 16 23 26 34 53 66 26 36 89 18 34 15 3 37 59 23 79 28 35 61 13 24 19 33 52 49 31 51 16 60 61 0 22
83 105 40 42 62 33 74 77 47 101 74 59 78 23 9 46 42 72 86 8 58 108 38 39 9 21 58 81 43 96 49 56 80 27 43 40 42 69 69 12 65 37 80 80 22 0
