0 56 63 6 94 37 32 50 28 14 78 33 46 8 92 67 65 7 35 16 3 54 15 10 94 39 16 51 27 28 77 38 18 17 87 69 66 16 37 17 29 42 38 35 73 37 39 100
56 0 41 60 41 50 81 31 30 53 25 25 22 49 39 36 30 59 22 71 59 3 54 65 41 45 61 30 33 43 24 23 39 57 32 38 31 67 27 73 44 23 35 25 22 34 22 49
63 41 0 64 50 78 72 16 51 69 39 50 57 59 47 10 15 61 45 71 65 40 52 67 48 75 57 15 39 36 39 53 53 53 62 11 14 64 57 76 69 28 66 52 60 27 33 49
6 60 64 0 97 42 26 51 33 19 81 38 51 12 95 68 67 4 40 11 4 58 14 5 97 44 12 52 30 28 81 43 23 14 92 71 68 11 42 14 34 44 43 40 77 39 42 103
94 41 50 97 0 89 114 52 69 93 17 65 61 87 3 40 37 95 61 107 97 43 88 101 3 84 95 50 68 74 17 63 77 90 27 40 37 102 67 110 84 54 75 65 40 63 56 11
37 50 78 42 89 0 67 63 28 23 74 29 29 33 88 77 73 43 34 51 38 48 48 45 90 6 52 63 42 52 73 28 29 50 73 80 74 52 24 47 10 51 15 28 55 54 46 98
32 81 72 26 114 67 0 63 57 44 98 62 75 37 111 79 80 26 62 17 30 78 27 23 113 70 20 65 49 40 98 67 47 25 113 81 80 16 67 23 60 61 69 64 100 52 60 117
50 31 16 51 52 63 63 0 36 54 37 35 43 45 49 18 17 48 30 59 52 29 40 55 50 60 46 2 24 24 37 38 38 41 57 20 17 53 42 64 54 13 51 37 51 13 17 54
28 30 51 33 69 28 57 36 0 24 53 6 19 21 67 51 47 32 9 44 31 27 31 37 69 25 37 36 16 28 52 10 11 34 60 53 48 41 12 45 18 23 18 7 45 27 19 77
14 53 69 19 93 23 44 54 24 0 76 28 38 12 91 71 68 21 32 28 15 51 27 22 93 27 29 55 31 36 76 32 17 29 82 73 69 30 30 25 17 44 28 29 66 43 40 100
78 25 39 81 17 74 98 37 53 76 0 49 46 71 15 30 24 79 44 91 80 26 72 85 17 69 79 36 51 58 1 47 61 74 25 30 25 85 51 94 68 38 59 49 30 47 39 25
33 25 50 38 65 29 62 35 6 28 49 0 14 26 63 49 45 37 6 49 36 23 36 42 65 25 42 35 19 31 49 6 16 38 55 51 46 46 9 50 20 23 17 3 40 29 18 73
46 22 57 51 61 29 75 43 19 38 46 14 0 39 59 54 49 50 17 62 49 21 50 55 61 24 56 43 32 44 45 9 29 52 45 56 50 60 9 62 25 32 14 12 29 40 28 70
8 49 59 12 87 33 37 45 21 12 71 26 39 0 85 62 60 12 28 23 10 47 16 17 87 34 20 46 21 24 71 31 11 18 80 64 60 22 31 24 24 35 32 28 65 32 33 94
92 39 47 95 3 88 111 49 67 91 15 63 59 85 0 38 34 93 59 104 94 41 86 99 3 82 93 47 65 71 15 61 75 88 28 37 34 99 65 108 82 51 73 63 39 60 53 12
67 36 10 68 40 77 79 18 51 71 30 49 54 62 38 0 7 66 44 76 69 35 57 72 38 74 63 17 41 41 30 51 55 58 54 3 5 69 55 81 69 28 65 50 53 30 32 40
65 30 15 67 37 73 80 17 47 68 24 45 49 60 34 7 0 64 40 76 68 29 56 71 35 69 63 16 39 41 25 46 52 58 48 8 2 69 51 80 65 25 60 46 47 29 29 38
7 59 61 4 95 43 26 48 32 21 79 37 50 12 93 66 64 0 38 13 7 56 10 7 94 45 9 50 28 25 78 42 22 11 90 68 65 10 42 16 35 42 44 39 76 36 40 100
35 22 45 40 61 34 62 30 9 32 44 6 17 28 59 44 40 38 0 50 38 19 36 44 61 31 42 30 16 28 44 9 18 38 52 46 41 47 13 52 26 17 22 7 38 24 13 68
16 71 71 11 107 51 17 59 44 28 91 49 62 23 104 76 76 13 50 0 14 68 20 7 106 54 14 61 40 35 90 54 34 19 102 78 76 8 53 8 44 53 54 51 88 47 52 112
3 59 65 4 97 38 30 52 31 15 80 36 49 10 94 69 68 7 38 14 0 57 16 7 96 41 15 53 30 29 80 41 21 17 90 71 68 15 40 14 31 44 41 38 75 39 42 103
54 3 40 58 43 48 78 29 27 51 26 23 21 47 41 35 29 56 19 68 57 0 51 62 43 43 59 28 30 40 26 21 36 54 35 37 31 64 25 70 42 20 34 23 24 31 19 51
15 54 52 14 88 48 27 40 31 27 72 36 50 16 86 57 56 10 36 20 16 51 0 16 88 49 8 41 22 16 72 41 22 3 86 59 57 14 42 25 39 35 46 38 73 27 34 93
10 65 67 5 101 45 23 55 37 22 85 42 55 17 99 72 71 7 44 7 7 62 16 0 101 48 12 56 34 31 85 47 27 16 96 74 71 9 47 10 38 48 47 44 81 42 46 106
94 41 48 97 3 90 113 50 69 93 17 65 61 87 3 38 35 94 61 106 96 43 88 101 0 84 94 49 67 73 17 64 77 89 30 38 35 101 67 110 84 53 75 65 42 61 55 9
39 45 75 44 84 6 70 60 25 27 69 25 24 34 82 74 69 45 31 54 41 43 49 48 84 0 53 60 41 51 68 24 29 52 67 76 70 55 19 51 11 47 10 24 49 52 43 93
16 61 57 12 95 52 20 46 37 29 79 42 56 20 93 63 63 9 42 14 15 59 8 12 94 53 0 48 29 22 79 47 28 6 93 65 63 7 48 21 43 42 51 44 80 34 41 100
51 30 15 52 50 63 65 2 36 55 36 35 43 46 47 17 16 50 30 61 53 28 41 56 49 60 48 0 25 26 36 38 39 43 56 19 16 54 42 65 54 13 51 37 50 14 18 53
27 33 39 30 68 42 49 24 16 31 51 19 32 21 65 41 39 28 16 40 30 30 22 34 67 41 29 25 0 13 51 24 15 24 65 43 39 35 27 43 32 15 34 21 52 13 13 73
28 43 36 28 74 52 40 24 28 36 58 31 44 24 71 41 41 25 28 35 29 40 16 31 73 51 22 26 13 0 58 36 23 17 74 43 41 29 39 41 42 21 45 33 63 12 22 78
77 24 39 81 17 73 98 37 52 76 1 49 45 71 15 30 25 78 44 90 80 26 72 85 17 68 79 36 51 58 0 47 61 74 25 30 25 85 51 94 67 38 59 48 30 47 39 25
38 23 53 43 63 28 67 38 10 32 47 6 9 31 61 51 46 42 9 54 41 21 41 47 64 24 47 38 24 36 47 0 21 43 51 53 47 51 5 54 21 25 14 4 35 33 21 71
18 39 53 23 77 29 47 38 11 17 61 16 29 11 75 55 52 22 18 34 21 36 22 27 77 29 28 39 15 23 61 21 0 24 70 57 53 31 21 35 19 27 24 17 55 27 24 84
17 57 53 14 90 50 25 41 34 29 74 38 52 18 88 58 58 11 38 19 17 54 3 16 89 52 6 43 24 17 74 43 24 0 88 60 58 12 45 25 41 37 48 40 76 29 36 95
87 32 62 92 27 73 113 57 60 82 25 55 45 80 28 54 48 90 52 102 90 35 86 96 30 67 93 56 65 74 25 51 70 88 0 54 49 98 53 104 70 54 59 54 18 64 53 38
69 38 11 71 40 80 81 20 53 73 30 51 56 64 37 3 8 68 46 78 71 37 59 74 38 76 65 19 43 43 30 53 57 60 54 0 7 72 58 83 71 30 67 53 54 33 35 39
66 31 14 68 37 74 80 17 48 69 25 46 50 60 34 5 2 65 41 76 68 31 57 71 35 70 63 16 39 41 25 47 53 58 49 7 0 70 52 81 66 26 61 47 48 30 30 38
16 67 64 11 102 52 16 53 41 30 85 46 60 22 99 69 69 10 47 8 15 64 14 9 101 55 7 54 35 29 85 51 31 12 98 72 70 0 52 15 45 48 53 48 85 40 47 106
37 27 57 42 67 24 67 42 12 30 51 9 9 31 65 55 51 42 13 53 40 25 42 47 67 19 48 42 27 39 51 5 21 45 53 58 52 52 0 53 17 30 10 6 37 36 25 75
17 73 76 14 110 47 23 64 45 25 94 50 62 24 108 81 80 16 52 8 14 70 25 10 110 51 21 65 43 41 94 54 35 25 104 83 81 15 53 0 42 57 52 51 89 51 55 116
29 44 69 34 84 10 60 54 18 17 68 20 25 24 82 69 65 35 26 44 31 42 39 38 84 11 43 54 32 42 67 21 19 41 70 71 66 45 17 42 0 41 12 20 53 44 37 92
42 23 28 44 54 51 61 13 23 44 38 23 32 35 51 28 25 42 17 53 44 20 35 48 53 47 42 13 15 21 38 25 27 37 54 30 26 48 30 57 41 0 39 24 44 11 5 59
38 35 66 43 75 15 69 51 18 28 59 17 14 32 73 65 60 44 22 54 41 34 46 47 75 10 51 51 34 45 59 14 24 48 59 67 61 53 10 52 12 39 0 15 42 44 34 84
35 25 52 40 65 28 64 37 7 29 49 3 12 28 63 50 46 39 7 51 38 23 38 44 65 24 44 37 21 33 48 4 17 40 54 53 47 48 6 51 20 24 15 0 38 31 20 73
73 22 60 77 40 55 100 51 45 66 30 40 29 65 39 53 47 76 38 88 75 24 73 81 42 49 80 50 52 63 30 35 55 76 18 54 48 85 37 89 53 44 42 38 0 55 42 50
37 34 27 39 63 54 52 13 27 43 47 29 40 32 60 30 29 36 24 47 39 31 27 42 61 52 34 14 13 12 47 33 27 29 64 33 30 40 36 51 44 11 44 31 55 0 14 66
39 22 33 42 56 46 60 17 19 40 39 18 28 33 53 32 29 40 13 52 42 19 34 46 55 43 41 18 13 22 39 21 24 36 53 35 30 47 25 55 37 5 34 20 42 14 0 61
100 49 49 103 11 98 117 54 77 100 25 73 70 94 12 40 38 100 68 112 103 51 93 106 9 93 100 53 73 78 25 71 84 95 38 39 38 106 75 116 92 59 84 73 50 66 61 0
