0 57 47 22 54 71 42 34 26 53 86 24 50 76 61 91 17 40 79 26 14 45 83 5 43 51 43 51 18 57 65 16 44 75 20 91 22 51 35 74 32 76 3 75 10 65 10
57 0 50 72 73 16 18 27 33 11 32 56 10 41 6 43 66 19 23 35 61 15 31 59 59 8 74 14 61 12 17 49 13 36 43 41 40 52 23 27 26 27 56 25 61 86 66
47 50 0 68 94 56 35 31 32 40 66 65 41 40 51 61 64 49 66 28 59 50 60 51 81 43 87 37 63 41 45 54 42 42 52 63 51 5 36 76 44 51 49 74 43 36 52
22 72 68 0 42 88 60 53 45 70 103 20 67 97 77 110 6 54 94 47 11 59 101 17 37 68 28 70 12 75 83 24 61 95 30 109 33 72 53 84 46 94 20 86 27 83 18
54 73 94 42 0 88 71 68 64 78 103 31 74 110 78 116 41 57 91 67 42 60 104 50 15 73 16 79 37 82 89 42 67 106 43 113 44 98 65 71 55 99 51 76 63 118 56
71 16 56 88 88 0 30 39 46 20 16 72 22 34 11 29 82 35 10 48 77 31 16 74 74 21 90 22 77 16 12 64 28 28 59 26 56 57 36 30 42 14 71 25 75 91 81
42 18 35 60 71 30 0 10 17 11 45 48 9 39 21 50 54 16 39 18 49 17 42 45 56 11 69 10 50 16 24 38 8 37 33 49 31 37 8 43 17 34 43 42 45 69 52
34 27 31 53 68 39 10 0 8 20 54 42 18 45 30 58 47 18 48 9 42 21 51 37 53 20 64 19 43 25 32 31 15 43 27 58 25 34 5 50 14 43 34 49 36 64 43
26 33 32 45 64 46 17 8 0 27 61 36 25 52 37 66 40 21 55 5 35 25 58 29 49 27 58 26 37 32 40 25 21 50 22 65 20 36 11 55 14 50 27 55 29 62 35
53 11 40 70 78 20 11 20 27 0 34 57 4 33 12 40 64 22 29 28 59 19 31 56 63 6 77 4 60 6 13 48 11 29 43 39 40 41 18 38 25 24 53 35 56 75 62
86 32 66 103 103 16 45 54 61 34 0 87 37 35 27 19 97 51 13 62 92 46 7 89 89 36 105 36 92 30 23 80 43 29 74 15 71 66 51 38 57 16 86 33 90 100 96
24 56 65 20 31 72 48 42 36 57 87 0 53 86 61 97 16 37 77 39 14 42 86 20 20 53 23 57 9 62 70 12 46 84 15 95 18 69 41 65 32 80 21 68 33 87 28
50 10 41 67 74 22 9 18 25 4 37 53 0 37 13 44 61 18 30 26 56 15 34 53 59 3 73 6 57 9 17 44 8 33 39 43 36 43 15 36 22 28 50 34 54 76 59
76 41 40 97 110 34 39 45 52 33 35 86 37 0 38 23 91 54 41 50 86 52 28 80 95 38 108 32 88 29 25 76 44 6 72 26 69 38 46 63 56 21 77 58 76 69 84
61 6 51 77 78 11 21 30 37 12 27 61 13 38 0 38 71 24 18 39 66 20 26 64 64 11 79 15 66 11 14 54 17 33 48 36 45 53 27 27 31 22 61 24 66 87 71
91 43 61 110 116 29 50 58 66 40 19 97 44 23 38 0 104 60 30 65 99 57 14 95 101 44 116 41 100 35 28 88 51 19 82 5 80 60 57 56 65 17 92 50 93 92 100
17 66 64 6 41 82 54 47 40 64 97 16 61 91 71 104 0 48 88 41 6 53 95 13 34 62 28 64 7 69 77 18 55 89 24 103 27 68 47 78 40 88 15 81 24 80 16
40 19 49 54 57 35 16 18 21 22 51 37 18 54 24 60 48 0 41 24 43 6 50 41 42 17 56 23 42 26 34 30 11 50 24 59 21 52 13 35 9 44 39 36 46 82 49
79 23 66 94 91 10 39 48 55 29 13 77 30 41 18 30 88 41 0 56 83 36 17 81 77 29 94 31 83 25 21 71 35 35 65 26 62 66 44 26 48 20 79 21 83 101 88
26 35 28 47 67 48 18 9 5 28 62 39 26 50 39 65 41 24 56 0 36 28 58 30 53 28 61 26 39 33 40 28 23 49 25 65 24 32 13 58 18 50 28 57 28 58 35
14 61 59 11 42 77 49 42 35 59 92 14 56 86 66 99 6 43 83 36 0 48 90 9 33 57 30 59 6 64 72 13 50 84 19 98 22 63 42 74 35 83 11 76 22 77 15
45 15 50 59 60 31 17 21 25 19 46 42 15 52 20 57 53 6 36 28 48 0 45 47 45 14 60 21 47 23 30 35 10 48 30 55 27 53 16 30 14 40 45 31 51 84 55
83 31 60 101 104 16 42 51 58 31 7 86 34 28 26 14 95 50 17 58 90 45 0 87 89 34 105 33 90 26 19 78 41 22 73 10 70 60 49 42 55 9 84 37 86 94 93
5 59 51 17 50 74 45 37 29 56 89 20 53 80 64 95 13 41 81 30 9 47 87 0 40 54 39 55 14 61 68 14 47 79 19 94 22 56 38 75 33 79 3 76 14 69 9
43 59 81 37 15 74 56 53 49 63 89 20 59 95 64 101 34 42 77 53 33 45 89 40 0 58 19 64 28 68 75 29 52 92 29 99 30 84 51 59 40 85 41 63 53 106 48
51 8 43 68 73 21 11 20 27 6 36 53 3 38 11 44 62 17 29 28 57 14 34 54 58 0 73 8 57 10 17 45 8 34 39 43 36 45 16 34 22 28 51 32 55 78 61
43 74 87 28 16 90 69 64 58 77 105 23 73 108 79 116 28 56 94 61 30 60 105 39 19 73 0 77 26 82 89 34 66 105 37 114 39 91 62 77 52 100 41 81 52 107 44
51 14 37 70 79 22 10 19 26 4 36 57 6 32 15 41 64 23 31 26 59 21 33 55 64 8 77 0 60 7 14 48 13 28 42 40 40 38 17 41 26 25 52 38 54 72 61
18 61 63 12 37 77 50 43 37 60 92 9 57 88 66 100 7 42 83 39 6 47 90 14 28 57 26 60 0 65 73 13 50 86 18 99 21 67 43 72 35 84 15 75 27 82 20
57 12 41 75 82 16 16 25 32 6 30 62 9 29 11 35 69 26 25 33 64 23 26 61 68 10 82 7 65 0 8 53 16 25 48 34 45 42 23 38 30 19 58 35 60 77 67
65 17 45 83 89 12 24 32 40 13 23 70 17 25 14 28 77 34 21 40 72 30 19 68 75 17 89 14 73 8 0 61 24 19 55 26 53 46 31 39 38 11 66 35 68 80 75
16 49 54 24 42 64 38 31 25 48 80 12 44 76 54 88 18 30 71 28 13 35 78 14 29 45 34 48 13 53 61 0 38 74 6 87 9 58 31 62 23 71 14 64 25 77 23
44 13 42 61 67 28 8 15 21 11 43 46 8 44 17 51 55 11 35 23 50 10 41 47 52 8 66 13 50 16 24 38 0 40 32 50 29 45 10 36 15 35 44 35 49 77 54
75 36 42 95 106 28 37 43 50 29 29 84 33 6 33 19 89 50 35 49 84 48 22 79 92 34 105 28 86 25 19 74 40 0 69 22 67 41 44 57 53 15 76 52 76 73 84
20 43 52 30 43 59 33 27 22 43 74 15 39 72 48 82 24 24 65 25 19 30 73 19 29 39 37 42 18 48 55 6 32 69 0 81 4 56 26 56 18 66 18 58 29 78 28
91 41 63 109 113 26 49 58 65 39 15 95 43 26 36 5 103 59 26 65 98 55 10 94 99 43 114 40 99 34 26 87 50 22 81 0 78 62 57 52 64 16 92 47 93 95 100
22 40 51 33 44 56 31 25 20 40 71 18 36 69 45 80 27 21 62 24 22 27 70 22 30 36 39 40 21 45 53 9 29 67 4 78 0 55 24 53 15 63 21 55 31 78 31
51 52 5 72 98 57 37 34 36 41 66 69 43 38 53 60 68 52 66 32 63 53 60 56 84 45 91 38 67 42 46 58 45 41 56 62 55 0 39 78 47 51 53 76 46 35 56
35 23 36 53 65 36 8 5 11 18 51 41 15 46 27 57 47 13 44 13 42 16 49 38 51 16 62 17 43 23 31 31 10 44 26 57 24 39 0 45 11 41 36 45 39 69 45
74 27 76 84 71 30 43 50 55 38 38 65 36 63 27 56 78 35 26 58 74 30 42 75 59 34 77 41 72 38 39 62 36 57 56 52 53 78 45 0 43 43 73 6 81 112 83
32 26 44 46 55 42 17 14 14 25 57 32 22 56 31 65 40 9 48 18 35 14 55 33 40 22 52 26 35 30 38 23 15 53 18 64 15 47 11 43 0 49 31 44 38 76 41
76 27 51 94 99 14 34 43 50 24 16 80 28 21 22 17 88 44 20 50 83 40 9 79 85 28 100 25 84 19 11 71 35 15 66 16 63 51 41 43 49 0 76 39 78 85 85
3 56 49 20 51 71 43 34 27 53 86 21 50 77 61 92 15 39 79 28 11 45 84 3 41 51 41 52 15 58 66 14 44 76 18 92 21 53 36 73 31 76 0 74 13 67 11
75 25 74 86 76 25 42 49 55 35 33 68 34 58 24 50 81 36 21 57 76 31 37 76 63 32 81 38 75 35 35 64 35 52 58 47 55 76 45 6 44 39 74 0 81 110 84
10 61 43 27 63 75 45 36 29 56 90 33 54 76 66 93 24 46 83 28 22 51 86 14 53 55 52 54 27 60 68 25 49 76 29 93 31 46 39 81 38 78 13 81 0 56 10
65 86 36 83 118 91 69 64 62 75 100 87 76 69 87 92 80 82 101 58 77 84 94 69 106 78 107 72 82 77 80 77 77 73 78 95 78 35 69 112 76 85 67 110 56 0 65
10 66 52 18 56 81 52 43 35 62 96 28 59 84 71 100 16 49 88 35 15 55 93 9 48 61 44 61 20 67 75 23 54 84 28 100 31 56 45 83 41 85 11 84 10 65 0
