0 50 37 88 28 28 47 36 61 49 34 33 18 30 45 17 27 48 78 59 60 41 51 78 31 34 50 30 20 43 43 33 20 16 42 73 54 38 69 52 132 119 107 98 90 86 85 87 93 101 123 109 97 86 77 72 71 74 80 90 115 101 87 75 65 58 57 61 69 80 109 93 78 64 53 45 43 48 58 71 104 88 72 56 42 32 29 36 49 63 101 84 67 50 34 20 16 26 42 58 100 83 66 48 31 14 5 22 39 57 101 84 67 50 34 19 14 26 41 58 104 87 71 55 41 31 28 35 48 63 108 93 78 64 52 44 42 47 57 70
50 0 50 52 72 60 21 20 58 23 52 50 64 35 35 43 47 90 74 13 49 13 5 50 78 58 24 24 59 15 37 45 66 48 42 54 43 83 69 8 93 85 79 77 80 85 94 104 117 130 82 72 66 63 66 73 83 95 108 123 71 60 52 49 53 61 73 86 101 116 62 49 39 35 40 50 64 79 95 111 55 40 27 21 28 42 58 74 91 108 51 34 18 7 20 37 54 71 89 106 52 35 18 8 21 37 54 71 89 106 56 40 27 22 29 42 58 74 91 108 63 49 40 36 41 51 64 79 95 111 72 61 53 50 54 62 73 87 101 117
37 50 0 100 64 64 61 50 89 63 67 65 53 55 67 48 59 83 107 50 84 49 48 95 63 68 65 47 57 54 67 64 55 50 69 94 78 72 99 46 142 133 126 120 117 116 118 123 129 138 131 121 113 107 103 102 105 110 117 126 120 109 100 93 89 88 91 97 105 116 110 98 88 80 75 75 78 84 94 105 101 88 76 67 62 61 65 73 84 96 93 79 66 55 48 47 52 62 74 88 87 71 56 43 34 33 40 52 67 82 83 66 50 34 22 19 30 45 61 78 81 64 46 29 12 8 24 41 59 76 82 64 47 31 15 12 26 42 59 76
88 52 100 0 98 81 42 54 49 40 68 67 95 60 46 74 69 110 53 58 40 52 55 18 107 75 39 59 86 48 49 63 96 78 52 29 41 108 56 58 44 33 30 37 49 63 79 95 112 128 36 22 16 26 41 58 75 92 109 126 32 15 4 21 38 56 73 90 108 125 34 19 14 25 40 57 74 91 108 126 42 31 27 34 47 62 78 94 111 128 52 44 42 46 56 69 84 99 115 131 64 57 56 59 67 78 91 106 121 136 77 71 70 73 79 89 100 113 127 142 90 85 84 86 92 100 110 122 136 149 103 99 98 100 105 112 121 132 144 158
28 72 64 98 0 17 62 53 57 62 31 31 11 41 53 29 29 21 71 82 61 60 74 83 11 25 63 48 13 60 49 35 9 24 46 75 58 12 61 75 139 124 110 97 85 75 69 67 69 75 133 117 102 87 74 63 56 53 56 63 128 111 95 80 65 52 43 39 43 52 124 107 90 74 58 43 31 25 31 43 122 105 88 70 53 37 21 11 21 37 121 104 87 70 52 35 18 3 18 35 123 106 88 72 55 39 24 17 25 39 125 109 92 76 61 47 36 31 36 47 130 113 98 83 69 57 48 45 48 57 135 120 105 91 79 68 61 59 61 68
28 60 64 81 17 0 47 40 41 47 14 14 18 26 36 19 14 31 56 71 44 47 62 67 27 9 48 36 9 47 33 19 19 15 30 58 41 28 46 64 122 107 93 80 70 62 58 60 66 76 116 100 85 71 58 49 45 47 54 66 112 95 79 63 49 37 31 34 44 58 108 91 74 58 41 26 17 22 36 52 107 90 73 55 38 21 4 15 32 50 108 91 74 57 40 24 12 19 34 51 110 94 77 61 46 33 26 30 41 56 114 98 83 68 55 45 40 42 51 63 120 105 90 77 66 58 54 55 62 73 127 113 99 87 78 71 68 69 74 83
47 21 61 42 62 47 0 13 37 3 36 35 56 21 15 34 33 77 54 33 29 13 25 35 70 43 4 18 49 8 18 30 58 39 23 35 22 73 49 28 85 74 65 60 60 65 74 85 98 112 76 63 53 46 46 52 63 76 90 106 69 54 41 33 33 41 54 68 84 101 63 47 32 20 20 32 47 63 80 97 61 44 27 10 10 27 44 61 78 96 62 45 29 15 15 29 45 62 79 96 66 51 37 27 27 37 50 66 82 99 73 59 48 41 41 47 59 72 88 103 81 69 60 54 54 60 69 81 95 109 91 81 73 68 68 72 80 91 103 117
36 20 50 54 53 40 13 0 43 15 33 31 46 15 20 25 27 71 61 32 36 7 23 47 61 39 16 6 40 8 21 26 48 30 24 45 29 65 54 25 98 86 77 71 69 71 77 87 98 111 88 75 65 57 55 58 65 76 89 103 80 66 53 44 41 45 54 67 81 97 74 58 43 32 27 32 45 59 75 92 70 53 36 21 13 22 38 55 72 89 69 52 34 17 2 19 36 53 71 88 71 54 38 23 16 24 39 56 72 89 75 60 46 34 30 35 47 61 77 93 82 68 56 47 44 48 57 69 83 98 90 78 68 61 58 61 68 78 91 105
61 58 89 49 57 41 37 43 0 35 28 29 58 34 24 44 35 64 19 70 10 47 62 32 68 33 35 44 48 44 23 28 59 45 21 21 16 66 12 65 85 69 53 40 30 29 37 50 65 81 81 64 48 31 18 16 28 44 61 78 80 63 46 28 11 7 25 42 59 77 82 65 48 32 18 16 29 44 61 78 85 69 54 40 31 30 38 51 66 82 91 76 63 51 44 43 49 60 73 87 98 85 73 63 58 57 62 70 82 95 107 95 84 76 72 71 75 82 92 104 117 106 96 89 86 85 88 94 103 113 128 118 109 103 99 99 101 107 114 124
49 23 63 40 62 47 3 15 35 0 36 34 57 22 14 35 33 77 51 35 27 15 27 32 70 43 2 19 49 11 17 29 59 40 22 33 20 73 47 30 84 72 63 58 58 63 72 83 96 111 75 61 50 44 44 50 61 74 89 105 67 52 39 30 30 39 52 67 83 100 63 46 30 17 17 30 46 63 80 97 61 44 26 9 9 27 44 61 78 96 63 46 30 17 17 30 46 63 80 97 67 52 38 29 29 38 52 67 83 100 74 61 50 43 43 50 60 74 89 104 83 71 62 57 57 62 71 83 96 110 93 83 75 71 71 75 82 92 105 118
34 52 67 68 31 14 36 33 28 36 0 3 31 18 24 19 9 43 45 65 31 39 55 53 41 8 36 30 21 38 20 7 31 19 16 45 28 41 35 58 109 94 80 67 58 52 52 57 67 79 103 87 72 57 46 38 38 45 57 71 99 82 65 50 35 25 25 35 49 65 96 79 62 45 28 13 13 28 44 61 96 79 61 44 27 11 10 27 44 61 98 81 64 48 33 22 21 33 48 64 102 85 70 55 43 35 35 42 55 69 107 92 77 65 54 48 48 54 64 77 114 100 87 76 67 62 62 66 75 86 122 109 97 87 80 76 76 79 86 96
33 50 65 67 31 14 35 31 29 34 3 0 30 16 23 17 7 44 46 62 31 37 53 53 41 9 35 28 20 36 19 6 31 17 16 45 27 41 36 55 108 94 80 68 59 53 54 59 69 81 102 86 71 58 46 40 40 47 59 73 98 81 65 49 35 26 27 37 51 67 95 78 61 44 27 13 15 30 46 63 94 77 60 43 25 9 11 28 45 62 96 79 62 46 31 19 20 33 48 65 100 83 68 53 40 33 33 42 55 70 105 90 75 62 52 46 47 53 64 77 112 98 84 73 65 60 60 65 74 86 120 107 95 85 78 74 74 78 86 96
18 64 53 95 11 18 56 46 58 57 31 30 0 36 49 22 26 31 74 74 60 53 65 81 15 26 58 41 10 54 46 33 3 18 44 74 56 20 64 67 137 123 109 97 87 79 75 75 78 85 130 115 100 87 76 67 61 61 65 73 124 108 92 78 65 54 48 47 53 63 119 102 86 70 56 43 34 34 41 53 116 99 82 65 49 34 22 20 31 46 114 97 80 63 45 28 12 9 25 43 115 98 80 63 46 29 14 12 27 43 117 100 83 67 51 36 26 25 34 48 120 104 88 73 59 47 39 38 45 56 125 110 95 81 68 58 52 52 57 66
30 35 55 60 41 26 21 15 34 22 18 16 36 0 16 14 13 57 52 47 31 22 38 48 49 24 23 12 28 21 14 12 38 18 14 43 25 52 44 40 103 89 78 69 63 62 66 73 84 97 95 80 67 56 49 48 53 62 75 89 88 73 58 45 36 34 41 52 67 82 84 67 51 36 23 21 30 45 61 78 82 65 47 30 14 8 24 41 58 75 82 65 48 31 15 11 25 41 58 76 85 68 52 37 26 24 32 46 62 78 90 74 60 47 39 37 43 54 68 83 96 82 69 59 52 51 56 65 77 90 105 92 80 71 66 65 69 76 86 99
45 35 67 46 53 36 15 20 24 14 24 23 49 16 0 29 24 66 41 48 17 24 39 33 62 31 14 21 40 21 4 18 51 33 9 28 11 63 35 42 88 74 63 54 50 52 59 70 83 98 81 66 52 41 36 39 48 61 76 91 76 59 44 30 22 27 39 54 70 87 73 56 39 22 9 17 33 50 67 85 73 55 38 21 7 16 33 50 67 85 75 59 43 29 21 26 38 54 70 87 80 65 51 40 35 38 47 60 75 91 87 74 62 53 49 51 58 69 83 97 96 84 74 66 63 65 70 80 91 105 106 95 86 80 77 78 83 91 101 113
17 43 48 74 29 19 34 25 44 35 19 17 22 14 29 0 11 48 62 54 43 31 45 62 36 21 36 20 16 32 27 17 24 6 26 56 38 40 53 47 117 103 91 81 74 70 71 75 83 94 109 94 81 69 61 56 57 63 72 84 102 87 72 59 48 42 43 51 62 76 97 81 65 50 37 29 30 40 54 69 94 77 60 43 27 15 18 32 48 65 93 76 58 41 24 7 12 29 46 64 94 77 60 44 28 16 19 32 49 65 97 81 65 50 37 29 31 41 54 70 102 87 72 59 49 43 44 51 63 76 109 95 81 70 61 57 58 63 73 85
27 47 59 69 29 14 33 27 35 33 9 7 26 13 24 11 0 45 52 59 35 34 49 56 39 12 34 23 17 33 21 8 28 11 18 49 30 40 42 52 111 97 84 72 64 60 60 65 74 86 104 89 74 62 51 46 46 53 64 77 99 83 67 52 40 32 33 42 55 70 95 78 62 45 30 19 20 33 49 65 94 76 59 42 25 8 11 29 46 63 94 77 60 43 27 13 16 30 47 64 97 80 64 49 35 26 28 38 52 68 102 86 71 57 46 40 41 48 60 74 108 93 80 68 59 54 54 60 70 82 116 102 90 79 72 68 68 73 81 91
48 90 83 110 21 31 77 71 64 77 43 44 31 57 66 48 45 0 74 101 70 77 92 94 22 36 78 66 32 77 63 49 29 43 59 84 69 13 64 94 149 133 117 102 88 75 64 57 55 58 144 127 111 95 80 66 53 44 41 45 140 124 107 90 74 58 43 32 27 33 138 121 104 87 70 53 36 21 14 23 138 121 103 86 69 51 34 17 2 19 139 121 104 87 70 53 37 22 15 24 141 124 107 91 74 59 44 33 29 34 144 128 112 96 81 67 54 46 43 46 149 133 118 103 89 76 66 59 56 59 155 140 125 111 98 87 78 72 70 72
78 74 107 53 71 56 54 61 19 51 45 46 74 52 41 62 52 74 0 86 25 65 78 36 81 48 50 62 64 61 41 45 74 62 39 25 32 78 10 81 81 64 47 30 15 12 26 43 60 77 80 63 46 29 12 9 25 42 59 77 82 66 49 34 22 20 31 46 62 79 87 71 56 43 35 34 41 53 67 83 93 79 65 55 48 47 53 63 75 89 101 88 76 67 62 61 65 74 84 97 110 98 88 80 76 75 79 85 95 106 120 109 100 93 90 89 92 98 106 116 131 121 113 107 104 103 105 110 118 127 143 133 126 121 117 117 119 123 130 138
59 13 50 58 82 71 33 32 70 35 65 62 74 47 48 54 59 101 86 0 61 26 10 60 88 70 36 36 70 28 50 58 76 59 54 64 55 93 81 8 96 90 87 87 91 97 106 117 129 143 84 77 73 73 77 85 95 107 121 135 72 63 59 59 64 74 85 99 113 128 61 50 45 45 52 63 77 91 107 123 51 39 31 32 41 54 70 86 102 119 45 29 17 19 32 48 65 82 99 116 42 25 7 11 28 46 63 80 98 115 44 28 15 17 31 47 64 81 98 116 50 37 28 29 39 53 68 85 101 118 59 48 42 43 50 61 75 90 106 122
60 49 84 40 61 44 29 36 10 27 31 31 60 31 17 43 35 70 25 61 0 40 53 24 71 37 26 38 51 36 18 28 61 45 18 15 7 71 21 56 79 64 50 38 33 36 47 60 75 91 74 58 42 27 19 25 38 54 70 87 72 55 37 20 6 17 33 51 68 85 72 55 38 22 10 18 34 51 68 86 75 59 44 31 24 28 41 56 72 88 81 66 53 43 38 41 50 63 77 93 89 75 64 56 52 54 61 72 85 99 98 86 76 69 66 68 73 82 94 107 108 97 88 82 80 81 86 94 104 116 119 109 101 96 94 95 99 106 115 126
41 13 49 52 60 47 13 7 47 15 39 37 53 22 24 31 34 77 65 26 40 0 16 47 67 45 16 12 47 5 26 33 55 36 30 47 33 71 59 19 95 85 77 72 72 75 83 93 104 118 85 73 64 58 58 62 71 82 96 110 76 63 52 45 44 50 60 73 88 103 69 54 40 31 30 38 51 66 82 99 64 48 32 18 17 29 45 62 78 95 62 45 28 11 8 25 42 60 77 94 64 47 31 17 16 28 44 61 78 95 68 53 39 30 29 37 50 66 82 98 75 61 50 43 42 48 59 72 87 103 84 72 62 57 56 61 70 81 95 109
51 5 48 55 74 62 25 23 62 27 55 53 65 38 39 45 49 92 78 10 53 16 0 54 80 61 28 27 61 19 41 49 68 50 45 58 47 85 73 4 95 88 83 81 84 89 98 108 120 134 84 75 69 67 70 77 86 98 111 126 73 62 55 53 57 65 76 89 104 119 63 51 42 39 44 54 67 82 98 114 55 41 29 25 32 45 60 76 93 110 51 34 18 11 23 39 56 73 90 108 50 33 15 5 21 38 55 73 90 107 53 37 24 19 27 42 58 75 92 109 59 46 36 33 38 50 64 79 95 112 68 57 49 47 51 60 72 86 101 116
78 50 95 18 83 67 35 47 32 32 53 53 81 48 33 62 56 94 36 60 24 47 54 0 93 60 31 51 72 42 36 49 83 65 38 12 26 93 39 57 56 42 31 28 35 47 62 78 94 111 51 34 20 14 25 41 57 74 91 109 49 32 14 4 21 39 56 73 91 108 51 35 21 16 26 41 58 75 92 109 57 43 33 30 36 48 63 79 95 112 66 54 46 44 48 58 71 85 100 116 76 66 60 58 61 69 80 93 107 122 87 79 73 72 75 81 91 102 115 129 99 92 87 86 88 94 102 112 124 137 112 105 101 100 102 107 114 123 134 146
31 78 63 107 11 27 70 61 68 70 41 41 15 49 62 36 39 22 81 88 71 67 80 93 0 35 71 55 22 68 59 45 13 32 56 85 68 9 71 81 149 134 120 107 95 85 78 74 75 79 142 127 112 98 85 74 65 61 61 66 137 121 105 90 75 63 53 47 48 54 133 116 99 83 68 53 41 33 34 43 130 113 96 79 62 46 31 20 22 34 129 111 94 77 60 42 25 9 12 29 129 112 94 77 60 43 26 12 14 30 131 114 97 80 64 48 34 25 26 36 134 117 101 85 70 56 45 38 39 46 139 123 107 92 78 66 57 52 52 58
34 58 68 75 25 9 43 39 33 43 8 9 26 24 31 21 12 36 48 70 37 45 61 60 35 0 43 35 16 44 28 14 27 19 24 51 35 34 38 63 115 100 86 73 62 54 52 55 63 74 110 94 78 63 50 41 38 42 52 65 106 89 72 56 41 29 24 30 43 59 103 86 69 52 35 19 10 21 38 55 103 86 69 51 34 17 5 20 37 54 105 88 71 54 39 25 19 27 41 57 108 92 76 61 47 37 33 38 49 63 113 98 83 69 58 49 47 50 59 71 120 105 91 79 69 63 61 63 70 80 127 114 101 91 82 76 74 77 82 91
50 24 65 39 63 48 4 16 35 2 36 35 58 23 14 36 34 78 50 36 26 16 28 31 71 43 0 21 50 12 17 30 60 41 22 31 19 74 46 31 82 71 62 56 57 62 71 83 96 111 73 60 49 43 43 50 61 74 89 105 66 51 38 29 29 39 52 68 84 100 62 45 29 16 17 30 46 63 80 97 60 43 26 8 10 27 45 62 79 96 62 46 30 17 18 31 47 64 80 98 67 52 39 30 31 40 53 68 84 101 74 61 50 44 44 51 62 75 90 105 83 72 63 58 58 63 72 84 97 112 94 84 76 72 72 76 84 94 106 119
30 24 47 59 48 36 18 6 44 19 30 28 41 12 21 20 23 66 62 36 38 12 27 51 55 35 21 0 36 13 21 24 43 25 24 48 31 60 54 29 102 91 81 74 71 72 77 85 96 108 93 80 69 61 57 58 64 74 86 100 85 71 58 48 43 45 52 64 78 93 79 63 48 36 29 32 42 56 71 88 75 58 42 26 15 20 34 50 67 84 74 57 39 22 5 14 31 48 66 83 75 58 42 26 15 20 34 50 67 84 79 63 48 36 29 31 42 56 71 87 85 71 58 48 42 44 52 64 78 93 93 80 69 60 56 58 64 74 86 100
20 59 57 86 13 9 49 40 48 49 21 20 10 28 40 16 17 32 64 70 51 47 61 72 22 16 50 36 0 47 37 24 11 11 35 64 47 25 54 63 128 113 100 87 77 70 67 67 73 81 121 105 91 77 66 57 53 54 60 71 115 99 84 69 55 44 39 41 49 61 111 95 78 62 46 33 25 28 39 54 109 92 75 58 41 25 12 17 32 49 109 91 74 57 40 22 6 14 31 48 110 93 76 59 43 28 18 22 35 51 113 97 81 65 51 39 32 34 44 57 118 102 87 73 60 51 46 47 55 66 124 109 95 82 71 63 60 61 67 76
43 15 54 48 60 47 8 8 44 11 38 36 54 21 21 32 33 77 61 28 36 5 19 42 68 44 12 13 47 0 23 31 56 37 27 43 29 72 55 22 91 81 73 68 68 72 79 90 102 116 82 69 60 54 54 59 68 80 94 108 73 59 47 40 40 47 58 72 87 102 67 51 37 27 26 36 50 65 81 98 63 46 29 15 14 28 44 61 78 96 62 45 27 10 9 26 43 61 78 95 64 48 32 20 20 31 47 63 80 97 70 55 42 33 33 41 53 68 84 100 77 64 53 47 47 53 63 76 90 105 86 75 66 61 61 65 74 85 98 112
43 37 67 49 49 33 18 21 23 17 20 19 46 14 4 27 21 63 41 50 18 26 41 36 59 28 17 21 37 23 0 15 48 30 5 30 12 60 34 44 91 77 65 55 50 51 57 68 80 95 84 69 55 43 37 38 46 58 73 88 79 63 47 32 23 25 36 51 67 84 76 59 42 25 10 14 30 47 64 81 76 59 42 25 9 13 30 47 64 81 79 62 46 32 22 24 35 50 67 83 84 68 54 42 36 37 45 58 72 88 90 76 64 54 49 50 56 67 80 94 99 86 75 67 63 64 69 78 89 102 108 97 87 81 77 78 82 89 99 111
33 45 64 63 35 19 30 26 28 29 7 6 33 12 18 17 8 49 45 58 28 33 49 49 45 14 30 24 24 31 15 0 34 18 11 42 24 46 36 51 104 90 77 65 57 54 56 62 73 85 98 82 68 55 44 40 42 51 63 78 93 77 60 45 33 26 30 41 56 72 90 73 56 39 23 12 19 35 51 68 89 72 55 38 20 4 16 33 50 67 91 74 57 41 26 17 23 37 53 69 95 79 63 49 37 31 34 45 59 74 100 85 71 59 49 45 47 55 67 81 107 93 81 70 62 59 61 67 77 89 116 103 91 82 76 73 74 79 88 98
20 66 55 96 9 19 58 48 59 59 31 31 3 38 51 24 28 29 74 76 61 55 68 83 13 27 60 43 11 56 48 34 0 20 45 75 57 18 64 69 138 124 110 98 88 80 75 74 77 83 131 116 102 88 76 67 61 60 64 72 125 109 94 79 66 55 48 46 51 61 121 104 88 72 57 44 34 33 39 51 118 101 84 67 51 35 22 19 29 44 117 99 82 65 47 30 13 7 23 40 117 100 82 65 48 32 16 12 25 41 119 102 85 69 53 38 27 25 33 47 123 106 90 75 61 48 40 38 44 55 128 112 97 83 70 60 53 52 56 65
16 48 50 78 24 15 39 30 45 40 19 17 18 18 33 6 11 43 62 59 45 36 50 65 32 19 41 25 11 37 30 18 20 0 28 59 40 35 53 52 120 106 94 83 75 70 69 73 80 90 113 98 84 72 62 56 55 60 69 80 106 91 76 62 50 43 42 47 58 71 102 85 69 53 40 30 28 36 49 65 99 82 65 48 32 17 15 27 43 60 98 81 63 46 29 12 7 24 41 59 99 82 65 48 32 19 17 28 44 61 102 86 70 55 41 31 30 38 50 65 107 92 77 63 52 45 44 49 59 73 114 99 85 73 64 58 57 62 70 81
42 42 69 52 46 30 23 24 21 22 16 16 44 14 9 26 18 59 39 54 18 30 45 38 56 24 22 24 35 27 5 11 45 28 0 31 13 57 31 48 94 79 66 56 49 49 54 63 76 90 87 72 57 44 36 35 42 54 68 83 83 66 50 35 23 21 32 46 62 79 80 63 46 29 12 9 25 42 59 77 81 63 46 30 14 11 26 43 60 77 83 67 51 36 25 24 33 47 63 80 88 73 59 46 38 37 44 55 69 85 95 81 68 58 52 51 56 65 78 91 103 90 79 71 66 65 69 77 87 100 113 101 91 84 79 79 82 89 98 109
73 54 94 29 75 58 35 45 21 33 45 45 74 43 28 56 49 84 25 64 15 47 58 12 85 51 31 48 64 43 30 42 75 59 31 0 19 85 27 61 65 50 36 26 27 37 51 66 83 99 61 44 28 14 15 29 46 63 80 97 60 43 26 9 11 27 45 62 79 96 63 47 31 20 20 32 48 64 81 98 68 54 41 33 33 42 55 69 85 101 76 63 53 47 47 53 64 77 91 106 85 74 66 61 61 66 74 86 99 113 96 86 79 75 75 79 86 96 108 121 107 99 92 89 89 92 98 107 118 130 119 111 106 103 103 105 111 119 128 139
54 43 78 41 58 41 22 29 16 20 28 27 56 25 11 38 30 69 32 55 7 33 47 26 68 35 19 31 47 29 12 24 57 40 13 19 0 68 27 50 81 67 54 44 40 43 52 65 79 94 76 60 45 32 26 31 42 57 73 89 72 55 38 22 12 20 36 52 69 87 71 54 36 19 3 17 34 51 69 86 73 56 40 25 17 23 38 54 70 87 77 62 48 36 31 35 46 60 75 91 84 70 58 49 45 48 56 68 82 96 92 80 69 62 59 61 68 78 90 104 102 91 82 76 73 75 80 89 99 112 113 103 95 89 87 88 93 100 110 121
38 83 72 108 12 28 73 65 66 73 41 41 20 52 63 40 40 13 78 93 71 71 85 93 9 34 74 60 25 72 60 46 18 35 57 85 68 0 68 86 149 134 119 105 92 81 73 68 67 70 143 127 112 97 83 70 60 54 53 58 139 122 106 90 75 60 49 41 39 45 135 118 101 85 68 53 38 28 26 34 133 116 99 82 65 48 31 16 13 26 133 116 98 81 64 46 29 12 7 24 134 117 100 83 66 49 34 21 18 29 136 120 103 87 71 56 42 33 31 39 140 124 108 92 78 64 53 46 45 50 145 130 115 100 87 75 65 60 59 63
69 69 99 56 61 46 49 54 12 47 35 36 64 44 35 53 42 64 10 81 21 59 73 39 71 38 46 54 54 55 34 36 64 53 31 27 27 68 0 76 88 71 54 38 24 18 26 40 56 73 86 69 51 34 17 4 19 36 54 71 87 69 52 36 20 11 22 38 55 72 89 73 57 42 30 25 31 44 59 75 94 79 64 52 42 39 43 53 66 80 101 87 74 63 55 53 56 64 75 88 109 96 84 75 69 67 69 75 85 97 118 106 96 88 82 81 83 88 96 107 128 117 108 101 96 95 96 101 108 117 139 129 121 114 110 109 110 114 120 129
52 8 46 58 75 64 28 25 65 30 58 55 67 40 42 47 52 94 81 8 56 19 4 57 81 63 31 29 63 22 44 51 69 52 48 61 50 86 76 0 98 90 86 84 87 92 101 111 123 136 86 77 72 70 73 80 89 101 114 128 75 65 58 56 60 68 79 92 106 121 65 53 44 42 47 57 70 84 99 115 56 42 31 28 35 47 62 78 95 111 51 34 20 14 25 41 58 74 91 109 49 32 14 4 21 39 56 73 91 108 51 35 21 16 26 41 58 75 92 109 57 43 32 29 36 48 63 79 95 111 65 54 46 43 48 58 70 85 100 116
132 93 142 44 139 122 85 98 85 84 109 108 137 103 88 117 111 149 81 96 79 95 95 56 149 115 82 102 128 91 91 104 138 120 94 65 81 149 88 98 0 18 35 52 70 87 104 122 139 156 15 23 38 54 71 88 105 122 140 157 29 34 45 60 75 91 108 125 142 159 43 47 55 68 82 97 113 129 145 162 58 60 67 77 90 104 119 134 150 166 72 74 80 88 99 112 126 140 156 171 86 88 93 100 110 122 134 148 162 177 100 102 106 112 121 132 144 156 170 184 115 116 119 125 133 143 154 166 179 192 129 130 133 138 145 154 164 176 188 201
119 85 133 33 124 107 74 86 69 72 94 94 123 89 74 103 97 133 64 90 64 85 88 42 134 100 71 91 113 81 77 90 124 106 79 50 67 134 71 90 18 0 18 35 52 70 87 104 122 139 23 15 23 38 54 71 88 105 122 140 34 29 34 45 60 75 91 108 125 142 47 43 46 55 67 82 97 112 129 145 60 57 60 67 77 90 104 118 134 150 74 72 73 79 88 99 112 126 140 155 88 86 87 92 100 110 121 134 148 162 102 100 101 105 112 121 131 143 156 170 116 114 115 119 125 133 142 153 165 178 130 128 129 132 138 145 154 164 175 187
107 79 126 30 110 93 65 77 53 63 80 80 109 78 63 91 84 117 47 87 50 77 83 31 120 86 62 81 100 73 65 77 110 94 66 36 54 119 54 86 35 18 0 18 35 52 70 87 104 122 38 23 15 23 38 54 71 88 105 122 45 34 29 34 45 60 75 91 108 125 55 46 43 46 55 67 81 97 112 129 67 60 57 60 67 77 90 104 118 134 80 73 71 73 79 88 99 112 126 140 93 87 85 87 92 99 109 121 134 148 106 101 99 101 105 112 121 131 143 156 119 115 114 115 118 124 132 142 153 165 133 129 128 129 132 137 144 153 163 175
98 77 120 37 97 80 60 71 40 58 67 68 97 69 54 81 72 102 30 87 38 72 81 28 107 73 56 74 87 68 55 65 98 83 56 26 44 105 38 84 52 35 18 0 18 35 52 70 87 104 54 38 23 15 23 38 54 71 88 105 60 45 34 29 33 45 59 75 91 108 68 55 46 43 46 55 67 81 97 112 77 67 60 57 59 66 77 89 103 118 88 79 73 71 73 79 88 99 112 125 100 92 87 85 87 91 99 109 121 134 112 105 101 99 100 105 111 120 131 143 125 119 115 113 114 118 124 132 141 152 138 132 129 127 128 131 137 144 153 163
90 80 117 49 85 70 60 69 30 58 58 59 87 63 50 74 64 88 15 91 33 72 84 35 95 62 57 71 77 68 50 57 88 75 49 27 40 92 24 87 70 52 35 18 0 18 35 52 70 87 71 54 38 23 15 23 38 54 71 88 75 60 45 33 29 33 45 59 75 91 82 67 55 46 43 46 55 67 81 96 90 77 67 59 57 59 66 77 89 103 99 88 79 73 71 73 78 87 99 111 110 100 92 87 85 86 91 99 109 120 121 112 105 100 99 100 104 111 120 130 133 125 118 114 113 114 117 123 131 141 145 138 132 128 127 127 131 136 143 152
86 85 116 63 75 62 65 71 29 63 52 53 79 62 52 70 60 75 12 97 36 75 89 47 85 54 62 72 70 72 51 54 80 70 49 37 43 81 18 92 87 70 52 35 18 0 18 35 52 70 88 71 54 38 23 14 23 38 54 71 91 75 60 45 33 28 33 45 59 75 97 82 67 55 46 42 46 55 67 81 104 90 77 66 59 56 59 66 76 89 112 99 88 79 73 70 72 78 87 98 122 110 99 91 86 84 86 91 98 108 132 121 112 105 100 98 99 104 110 119 143 133 124 118 114 112 113 117 123 131 154 145 137 131 127 126 127 130 135 143
85 94 118 79 69 58 74 77 37 72 52 54 75 66 59 71 60 64 26 106 47 83 98 62 78 52 71 77 67 79 57 56 75 69 54 51 52 73 26 101 104 87 70 52 35 18 0 18 35 52 105 88 71 54 38 23 14 23 38 54 108 91 75 59 45 33 28 33 45 59 113 97 81 67 55 46 42 46 54 67 119 104 90 77 66 59 56 59 66 76 126 112 99 88 78 72 70 72 78 87 134 121 109 99 91 86 84 85 90 98 144 131 121 111 104 99 98 99 103 110 154 142 132 124 117 113 112 113 116 122 164 154 144 137 131 127 125 126 130 135
87 104 123 95 67 60 85 87 50 83 57 59 75 73 70 75 65 57 43 117 60 93 108 78 74 55 83 85 67 90 68 62 74 73 63 66 65 68 40 111 122 104 87 70 52 35 18 0 18 35 122 105 88 71 54 38 23 14 23 38 125 108 91 75 59 45 33 28 33 45 129 112 97 81 67 55 46 42 45 54 134 118 104 89 77 66 59 56 58 65 140 126 112 99 87 78 72 70 72 77 148 134 121 109 99 91 85 83 85 90 156 143 131 120 111 104 99 97 99 103 166 153 142 132 123 117 113 111 112 116 176 164 153 144 136 130 126 125 126 129
93 117 129 112 69 66 98 98 65 96 67 69 78 84 83 83 74 55 60 129 75 104 120 94 75 63 96 96 73 102 80 73 77 80 76 83 79 67 56 123 139 122 104 87 70 52 35 18 0 18 140 122 105 88 71 54 38 23 14 23 142 125 108 91 75 59 45 33 28 33 145 129 112 97 81 67 54 45 42 45 150 134 118 103 89 76 66 58 55 58 156 140 126 112 99 87 78 72 69 71 162 148 134 121 109 98 90 85 83 85 170 156 143 131 120 110 103 99 97 98 179 165 153 141 131 123 116 112 110 112 188 175 163 153 143 135 130 126 124 125
101 130 138 128 75 76 112 111 81 111 79 81 85 97 98 94 86 58 77 143 91 118 134 111 79 74 111 108 81 116 95 85 83 90 90 99 94 70 73 136 156 139 122 104 87 70 52 35 18 0 157 140 122 105 88 71 54 38 23 14 159 142 125 108 91 75 59 45 33 28 162 145 129 112 96 81 67 54 45 42 166 150 134 118 103 89 76 65 58 55 171 155 140 125 111 98 87 77 71 69 177 162 148 134 120 108 98 90 85 83 184 170 156 143 130 119 110 103 98 96 192 178 165 152 141 131 122 116 112 110 201 187 175 163 152 143 135 129 125 124
123 82 131 36 133 116 76 88 81 75 103 102 130 95 81 109 104 144 80 84 74 85 84 51 142 110 73 93 121 82 84 98 131 113 87 61 76 143 86 86 15 23 38 54 71 88 105 122 140 157 0 18 35 52 70 87 104 122 139 156 15 23 38 54 71 88 105 122 140 157 29 34 45 60 75 91 108 125 142 159 43 47 55 68 82 97 113 129 145 162 58 60 67 77 90 104 119 134 150 166 72 74 80 88 99 112 126 140 156 171 86 88 93 100 110 122 134 148 162 177 100 102 106 112 121 132 144 156 170 184 115 116 119 125 133 143 154 166 179 192
109 72 121 22 117 100 63 75 64 61 87 86 115 80 66 94 89 127 63 77 58 73 75 34 127 94 60 80 105 69 69 82 116 98 72 44 60 127 69 77 23 15 23 38 54 71 88 105 122 140 18 0 18 35 52 70 87 104 122 139 23 15 23 38 54 71 88 105 122 140 34 29 34 45 60 75 91 108 125 142 47 43 46 55 67 82 97 112 129 145 60 57 60 67 77 90 104 118 134 150 74 72 73 79 88 99 112 126 140 155 88 86 87 92 100 110 121 134 148 162 102 100 101 105 112 121 131 143 156 170 116 114 115 119 125 133 142 153 165 178
97 66 113 16 102 85 53 65 48 50 72 71 100 67 52 81 74 111 46 73 42 64 69 20 112 78 49 69 91 60 55 68 102 84 57 28 45 112 51 72 38 23 15 23 38 54 71 88 105 122 35 18 0 18 35 52 70 87 104 122 38 23 15 23 38 54 71 88 105 122 45 34 29 34 45 60 75 91 108 125 55 46 43 46 55 67 81 97 112 129 67 60 57 60 67 77 90 104 118 134 80 73 71 73 79 88 99 112 126 140 93 87 85 87 92 99 109 121 134 148 106 101 99 101 105 112 121 131 143 156 119 115 114 115 118 124 132 142 153 165
86 63 107 26 87 71 46 57 31 44 57 58 87 56 41 69 62 95 29 73 27 58 67 14 98 63 43 61 77 54 43 55 88 72 44 14 32 97 34 70 54 38 23 15 23 38 54 71 88 105 52 35 18 0 18 35 52 70 87 104 54 38 23 15 23 38 54 71 88 105 60 45 34 29 33 45 59 75 91 108 68 55 46 43 46 55 67 81 97 112 77 67 60 57 59 66 77 89 103 118 88 79 73 71 73 79 88 99 112 125 100 92 87 85 87 91 99 109 121 134 112 105 101 99 100 105 111 120 131 143 125 119 115 113 114 118 124 132 141 152
77 66 103 41 74 58 46 55 18 44 46 46 76 49 36 61 51 80 12 77 19 58 70 25 85 50 43 57 66 54 37 44 76 62 36 15 26 83 17 73 71 54 38 23 15 23 38 54 71 88 70 52 35 18 0 18 35 52 70 87 71 54 38 23 15 23 38 54 71 88 75 60 45 33 29 33 45 59 75 91 82 67 55 46 43 46 55 67 81 96 90 77 67 59 57 59 66 77 89 103 99 88 79 73 71 73 78 87 99 111 110 100 92 87 85 86 91 99 109 120 121 112 105 100 99 100 104 111 120 130 133 125 118 114 113 114 117 123 131 141
72 73 102 58 63 49 52 58 16 50 38 40 67 48 39 56 46 66 9 85 25 62 77 41 74 41 50 58 57 59 38 40 67 56 35 29 31 70 4 80 88 71 54 38 23 14 23 38 54 71 87 70 52 35 18 0 18 35 52 70 88 71 54 38 23 14 23 38 54 71 91 75 60 45 33 28 33 45 59 75 97 82 67 55 46 42 46 55 67 81 104 90 77 66 59 56 59 66 76 89 112 99 88 79 73 70 72 78 87 98 122 110 99 91 86 84 86 91 98 108 132 121 112 105 100 98 99 104 110 119 143 133 124 118 114 112 113 117 123 131
71 83 105 75 56 45 63 65 28 61 38 40 61 53 48 57 46 53 25 95 38 71 86 57 65 38 61 64 53 68 46 42 61 55 42 46 42 60 19 89 105 88 71 54 38 23 14 23 38 54 104 87 70 52 35 18 0 18 35 52 105 88 71 54 38 23 14 23 38 54 108 91 75 59 45 33 28 33 45 59 113 97 81 67 55 46 42 46 54 67 119 104 90 77 66 59 56 59 66 76 126 112 99 88 78 72 70 72 78 87 134 121 109 99 91 86 84 85 90 98 144 131 121 111 104 99 98 99 103 110 154 142 132 124 117 113 112 113 116 122
74 95 110 92 53 47 76 76 44 74 45 47 61 62 61 63 53 44 42 107 54 82 98 74 61 42 74 74 54 80 58 51 60 60 54 63 57 54 36 101 122 105 88 71 54 38 23 14 23 38 122 104 87 70 52 35 18 0 18 35 122 105 88 71 54 38 23 14 23 38 125 108 91 75 59 45 33 28 33 45 129 112 97 81 67 55 46 42 45 54 134 118 104 89 77 66 59 56 58 65 140 126 112 99 87 78 72 70 72 77 148 134 121 109 99 91 85 83 85 90 156 143 131 120 111 104 99 97 99 103 166 153 142 132 123 117 113 111 112 116
80 108 117 109 56 54 90 89 61 89 57 59 65 75 76 72 64 41 59 121 70 96 111 91 61 52 89 86 60 94 73 63 64 69 68 80 73 53 54 114 140 122 105 88 71 54 38 23 14 23 139 122 104 87 70 52 35 18 0 18 140 122 105 88 71 54 38 23 14 23 142 125 108 91 75 59 45 33 28 33 145 129 112 97 81 67 54 45 42 45 150 134 118 103 89 76 66 58 55 58 156 140 126 112 99 87 78 72 69 71 162 148 134 121 109 98 90 85 83 85 170 156 143 131 120 110 103 99 97 98 179 165 153 141 131 123 116 112 110 112
90 123 126 126 63 66 106 103 78 105 71 73 73 89 91 84 77 45 77 135 87 110 126 109 66 65 105 100 71 108 88 78 72 80 83 97 89 58 71 128 157 140 122 105 88 71 54 38 23 14 156 139 122 104 87 70 52 35 18 0 157 140 122 105 88 71 54 38 23 14 159 142 125 108 91 75 59 45 33 28 162 145 129 112 96 81 67 54 45 42 166 150 134 118 103 89 76 65 58 55 171 155 140 125 111 98 87 77 71 69 177 162 148 134 120 108 98 90 85 83 184 170 156 143 130 119 110 103 98 96 192 178 165 152 141 131 122 116 112 110
115 71 120 32 128 112 69 80 80 67 99 98 124 88 76 102 99 140 82 72 72 76 73 49 137 106 66 85 115 73 79 93 125 106 83 60 72 139 87 75 29 34 45 60 75 91 108 125 142 159 15 23 38 54 71 88 105 122 140 157 0 18 35 52 70 87 104 122 139 156 15 23 38 54 71 88 105 122 140 157 29 34 45 60 75 91 108 125 142 159 43 47 55 68 82 97 113 129 145 162 58 60 67 77 90 104 119 134 150 166 72 74 80 88 99 112 126 140 156 171 86 88 93 100 110 122 134 148 162 177 100 102 106 112 121 132 144 156 170 184
101 60 109 15 111 95 54 66 63 52 82 81 108 73 59 87 83 124 66 63 55 63 62 32 121 89 51 71 99 59 63 77 109 91 66 43 55 122 69 65 34 29 34 45 60 75 91 108 125 142 23 15 23 38 54 71 88 105 122 140 18 0 18 35 52 70 87 104 122 139 23 15 23 38 54 71 88 105 122 140 34 29 34 45 60 75 91 108 125 142 47 43 46 55 67 82 97 112 129 145 60 57 60 67 77 90 104 118 134 150 74 72 73 79 88 99 112 126 140 155 88 86 87 92 100 110 121 134 148 162 102 100 101 105 112 121 131 143 156 170
87 52 100 4 95 79 41 53 46 39 65 65 92 58 44 72 67 107 49 59 37 52 55 14 105 72 38 58 84 47 47 60 94 76 50 26 38 106 52 58 45 34 29 34 45 60 75 91 108 125 38 23 15 23 38 54 71 88 105 122 35 18 0 18 35 52 70 87 104 122 38 23 15 23 38 54 71 88 105 122 45 34 29 34 45 60 75 91 108 125 55 46 43 46 55 67 81 97 112 129 67 60 57 60 67 77 90 104 118 134 80 73 71 73 79 88 99 112 126 140 93 87 85 87 92 99 109 121 134 148 106 101 99 101 105 112 121 131 143 156
75 49 93 21 80 63 33 44 28 30 50 49 78 45 30 59 52 90 34 59 20 45 53 4 90 56 29 48 69 40 32 45 79 62 35 9 22 90 36 56 60 45 34 29 33 45 59 75 91 108 54 38 23 15 23 38 54 71 88 105 52 35 18 0 18 35 52 70 87 104 54 38 23 15 23 38 54 71 88 105 60 45 34 29 33 45 59 75 91 108 68 55 46 43 46 55 67 81 97 112 77 67 60 57 59 66 77 89 103 118 88 79 73 71 73 79 88 99 112 125 100 92 87 85 87 91 99 109 121 134 112 105 101 99 100 105 111 120 131 143
65 53 89 38 65 49 33 41 11 30 35 35 65 36 22 48 40 74 22 64 6 44 57 21 75 41 29 43 55 40 23 33 66 50 23 11 12 75 20 60 75 60 45 33 29 33 45 59 75 91 71 54 38 23 15 23 38 54 71 88 70 52 35 18 0 18 35 52 70 87 71 54 38 23 15 23 38 54 71 88 75 60 45 33 29 33 45 59 75 91 82 67 55 46 43 46 55 67 81 96 90 77 67 59 57 59 66 77 89 103 99 88 79 73 71 73 78 87 99 111 110 100 92 87 85 86 91 99 109 120 121 112 105 100 99 100 104 111 120 130
58 61 88 56 52 37 41 45 7 39 25 26 54 34 27 42 32 58 20 74 17 50 65 39 63 29 39 45 44 47 25 26 55 43 21 27 20 60 11 68 91 75 60 45 33 28 33 45 59 75 88 71 54 38 23 14 23 38 54 71 87 70 52 35 18 0 18 35 52 70 88 71 54 38 23 14 23 38 54 71 91 75 60 45 33 28 33 45 59 75 97 82 67 55 46 42 46 55 67 81 104 90 77 66 59 56 59 66 76 89 112 99 88 79 73 70 72 78 87 98 122 110 99 91 86 84 86 91 98 108 132 121 112 105 100 98 99 104 110 119
57 73 91 73 43 31 54 54 25 52 25 27 48 41 39 43 33 43 31 85 33 60 76 56 53 24 52 52 39 58 36 30 48 42 32 45 36 49 22 79 108 91 75 59 45 33 28 33 45 59 105 88 71 54 38 23 14 23 38 54 104 87 70 52 35 18 0 18 35 52 105 88 71 54 38 23 14 23 38 54 108 91 75 59 45 33 28 33 45 59 113 97 81 67 55 46 42 46 54 67 119 104 90 77 66 59 56 59 66 76 126 112 99 88 78 72 70 72 78 87 134 121 109 99 91 86 84 85 90 98 144 131 121 111 104 99 98 99 103 110
61 86 97 90 39 34 68 67 42 67 35 37 47 52 54 51 42 32 46 99 51 73 89 73 47 30 68 64 41 72 51 41 46 47 46 62 52 41 38 92 125 108 91 75 59 45 33 28 33 45 122 105 88 71 54 38 23 14 23 38 122 104 87 70 52 35 18 0 18 35 122 105 88 71 54 38 23 14 23 38 125 108 91 75 59 45 33 28 33 45 129 112 97 81 67 55 46 42 45 54 134 118 104 89 77 66 59 56 58 65 140 126 112 99 87 78 72 70 72 77 148 134 121 109 99 91 85 83 85 90 156 143 131 120 111 104 99 97 99 103
69 101 105 108 43 44 84 81 59 83 49 51 53 67 70 62 55 27 62 113 68 88 104 91 48 43 84 78 49 87 67 56 51 58 62 79 69 39 55 106 142 125 108 91 75 59 45 33 28 33 140 122 105 88 71 54 38 23 14 23 139 122 104 87 70 52 35 18 0 18 140 122 105 88 71 54 38 23 14 23 142 125 108 91 75 59 45 33 28 33 145 129 112 97 81 67 54 45 42 45 150 134 118 103 89 76 66 58 55 58 156 140 126 112 99 87 78 72 69 71 162 148 134 121 109 98 90 85 83 85 170 156 143 131 120 110 103 99 97 98
80 116 116 125 52 58 101 97 77 100 65 67 63 82 87 76 70 33 79 128 85 103 119 108 54 59 100 93 61 102 84 72 61 71 79 96 87 45 72 121 159 142 125 108 91 75 59 45 33 28 157 140 122 105 88 71 54 38 23 14 156 139 122 104 87 70 52 35 18 0 157 140 122 105 88 71 54 38 23 14 159 142 125 108 91 75 59 45 33 28 162 145 129 112 96 81 67 54 45 42 166 150 134 118 103 89 76 65 58 55 171 155 140 125 111 98 87 77 71 69 177 162 148 134 120 108 98 90 85 83 184 170 156 143 130 119 110 103 98 96
109 62 110 34 124 108 63 74 82 63 96 95 119 84 73 97 95 138 87 61 72 69 63 51 133 103 62 79 111 67 76 90 121 102 80 63 71 135 89 65 43 47 55 68 82 97 113 129 145 162 29 34 45 60 75 91 108 125 142 159 15 23 38 54 71 88 105 122 140 157 0 18 35 52 70 87 104 122 139 156 15 23 38 54 71 88 105 122 140 157 29 34 45 60 75 91 108 125 142 159 43 47 55 68 82 97 113 129 145 162 58 60 67 77 90 104 119 134 150 166 72 74 80 88 99 112 126 140 156 171 86 88 93 100 110 122 134 148 162 177
93 49 98 19 107 91 47 58 65 46 79 78 102 67 56 81 78 121 71 50 55 54 51 35 116 86 45 63 95 51 59 73 104 85 63 47 54 118 73 53 47 43 46 55 67 82 97 112 129 145 34 29 34 45 60 75 91 108 125 142 23 15 23 38 54 71 88 105 122 140 18 0 18 35 52 70 87 104 122 139 23 15 23 38 54 71 88 105 122 140 34 29 34 45 60 75 91 108 125 142 47 43 46 55 67 82 97 112 129 145 60 57 60 67 77 90 104 118 134 150 74 72 73 79 88 99 112 126 140 155 88 86 87 92 100 110 121 134 148 162
78 39 88 14 90 74 32 43 48 30 62 61 86 51 39 65 62 104 56 45 38 40 42 21 99 69 29 48 78 37 42 56 88 69 46 31 36 101 57 44 55 46 43 46 55 67 81 97 112 129 45 34 29 34 45 60 75 91 108 125 38 23 15 23 38 54 71 88 105 122 35 18 0 18 35 52 70 87 104 122 38 23 15 23 38 54 71 88 105 122 45 34 29 34 45 60 75 91 108 125 55 46 43 46 55 67 81 97 112 129 67 60 57 60 67 77 90 104 118 134 80 73 71 73 79 88 99 112 126 140 93 87 85 87 92 99 109 121 134 148
64 35 80 25 74 58 20 32 32 17 45 44 70 36 22 50 45 87 43 45 22 31 39 16 83 52 16 36 62 27 25 39 72 53 29 20 19 85 42 42 68 55 46 43 46 55 67 81 97 112 60 45 34 29 33 45 59 75 91 108 54 38 23 15 23 38 54 71 88 105 52 35 18 0 18 35 52 70 87 104 54 38 23 15 23 38 54 71 88 105 60 45 34 29 33 45 59 75 91 108 68 55 46 43 46 55 67 81 97 112 77 67 60 57 59 66 77 89 103 118 88 79 73 71 73 79 88 99 112 125 100 92 87 85 87 91 99 109 121 134
53 40 75 40 58 41 20 27 18 17 28 27 56 23 9 37 30 70 35 52 10 30 44 26 68 35 17 29 46 26 10 23 57 40 12 20 3 68 30 47 82 67 55 46 43 46 55 67 81 96 75 60 45 33 29 33 45 59 75 91 71 54 38 23 15 23 38 54 71 88 70 52 35 18 0 18 35 52 70 87 71 54 38 23 15 23 38 54 71 88 75 60 45 33 29 33 45 59 75 91 82 67 55 46 43 46 55 67 81 96 90 77 67 59 57 59 66 77 89 103 99 88 79 73 71 73 78 87 99 111 110 100 92 87 85 86 91 99 109 120
45 50 75 57 43 26 32 32 16 30 13 13 43 21 17 29 19 53 34 63 18 38 54 41 53 19 30 32 33 36 14 12 44 30 9 32 17 53 25 57 97 82 67 55 46 42 46 55 67 81 91 75 60 45 33 28 33 45 59 75 88 71 54 38 23 14 23 38 54 71 87 70 52 35 18 0 18 35 52 70 88 71 54 38 23 14 23 38 54 71 91 75 60 45 33 28 33 45 59 75 97 82 67 55 46 42 46 55 67 81 104 90 77 66 59 56 59 66 76 89 112 99 88 79 73 70 72 78 87 98 122 110 99 91 86 84 86 91 98 108
43 64 78 74 31 17 47 45 29 46 13 15 34 30 33 30 20 36 41 77 34 51 67 58 41 10 46 42 25 50 30 19 34 28 25 48 34 38 31 70 113 97 81 67 55 46 42 46 54 67 108 91 75 59 45 33 28 33 45 59 105 88 71 54 38 23 14 23 38 54 104 87 70 52 35 18 0 18 35 52 105 88 71 54 38 23 14 23 38 54 108 91 75 59 45 33 28 33 45 59 113 97 81 67 55 46 42 46 54 67 119 104 90 77 66 59 56 59 66 76 126 112 99 88 78 72 70 72 78 87 134 121 109 99 91 86 84 85 90 98
48 79 84 91 25 22 63 59 44 63 28 30 34 45 50 40 33 21 53 91 51 66 82 75 33 21 63 56 28 65 47 35 33 36 42 64 51 28 44 84 129 112 97 81 67 55 46 42 45 54 125 108 91 75 59 45 33 28 33 45 122 105 88 71 54 38 23 14 23 38 122 104 87 70 52 35 18 0 18 35 122 105 88 71 54 38 23 14 23 38 125 108 91 75 59 45 33 28 33 45 129 112 97 81 67 55 46 42 45 54 134 118 104 89 77 66 59 56 58 65 140 126 112 99 87 78 72 70 72 77 148 134 121 109 99 91 85 83 85 90
58 95 94 108 31 36 80 75 61 80 44 46 41 61 67 54 49 14 67 107 68 82 98 92 34 38 80 71 39 81 64 51 39 49 59 81 69 26 59 99 145 129 112 97 81 67 54 45 42 45 142 125 108 91 75 59 45 33 28 33 140 122 105 88 71 54 38 23 14 23 139 122 104 87 70 52 35 18 0 18 140 122 105 88 71 54 38 23 14 23 142 125 108 91 75 59 45 33 28 33 145 129 112 97 81 67 54 45 42 45 150 134 118 103 89 76 66 58 55 58 156 140 126 112 99 87 78 72 69 71 162 148 134 121 109 98 90 85 83 85
71 111 105 126 43 52 97 92 78 97 61 63 53 78 85 69 65 23 83 123 86 99 114 109 43 55 97 88 54 98 81 68 51 65 77 98 86 34 75 115 162 145 129 112 96 81 67 54 45 42 159 142 125 108 91 75 59 45 33 28 157 140 122 105 88 71 54 38 23 14 156 139 122 104 87 70 52 35 18 0 157 140 122 105 88 71 54 38 23 14 159 142 125 108 91 75 59 45 33 28 162 145 129 112 96 81 67 54 45 42 166 150 134 118 103 89 76 65 58 55 171 155 140 125 111 98 87 77 71 69 177 162 148 134 120 108 98 90 85 83
104 55 101 42 122 107 61 70 85 61 96 94 116 82 73 94 94 138 93 51 75 64 55 57 130 103 60 75 109 63 76 89 118 99 81 68 73 133 94 56 58 60 67 77 90 104 119 134 150 166 43 47 55 68 82 97 113 129 145 162 29 34 45 60 75 91 108 125 142 159 15 23 38 54 71 88 105 122 140 157 0 18 35 52 70 87 104 122 139 156 15 23 38 54 71 88 105 122 140 157 29 34 45 60 75 91 108 125 142 159 43 47 55 68 82 97 113 129 145 162 58 60 67 77 90 104 119 134 150 166 72 74 80 88 99 112 126 140 156 171
88 40 88 31 105 90 44 53 69 44 79 77 99 65 55 77 76 121 79 39 59 48 41 43 113 86 43 58 92 46 59 72 101 82 63 54 56 116 79 42 60 57 60 67 77 90 104 118 134 150 47 43 46 55 67 82 97 112 129 145 34 29 34 45 60 75 91 108 125 142 23 15 23 38 54 71 88 105 122 140 18 0 18 35 52 70 87 104 122 139 23 15 23 38 54 71 88 105 122 140 34 29 34 45 60 75 91 108 125 142 47 43 46 55 67 82 97 112 129 145 60 57 60 67 77 90 104 118 134 150 74 72 73 79 88 99 112 126 140 155
72 27 76 27 88 73 27 36 54 26 61 60 82 47 38 60 59 103 65 31 44 32 29 33 96 69 26 42 75 29 42 55 84 65 46 41 40 99 64 31 67 60 57 60 67 77 90 104 118 134 55 46 43 46 55 67 81 97 112 129 45 34 29 34 45 60 75 91 108 125 38 23 15 23 38 54 71 88 105 122 35 18 0 18 35 52 70 87 104 122 38 23 15 23 38 54 71 88 105 122 45 34 29 34 45 60 75 91 108 125 55 46 43 46 55 67 81 97 112 129 67 60 57 60 67 77 90 104 118 134 80 73 71 73 79 88 99 112 126 140
56 21 67 34 70 55 10 21 40 9 44 43 65 30 21 43 42 86 55 32 31 18 25 30 79 51 8 26 58 15 25 38 67 48 30 33 25 82 52 28 77 67 60 57 59 66 77 89 103 118 68 55 46 43 46 55 67 81 97 112 60 45 34 29 33 45 59 75 91 108 54 38 23 15 23 38 54 71 88 105 52 35 18 0 18 35 52 70 87 104 54 38 23 15 23 38 54 71 88 105 60 45 34 29 33 45 59 75 91 108 68 55 46 43 46 55 67 81 97 112 77 67 60 57 59 66 77 89 103 118 88 79 73 71 73 79 88 99 112 125
42 28 62 47 53 38 10 13 31 9 27 25 49 14 7 27 25 69 48 41 24 17 32 36 62 34 10 15 41 14 9 20 51 32 14 33 17 65 42 35 90 77 67 59 57 59 66 77 89 103 82 67 55 46 43 46 55 67 81 96 75 60 45 33 29 33 45 59 75 91 71 54 38 23 15 23 38 54 71 88 70 52 35 18 0 18 35 52 70 87 71 54 38 23 15 23 38 54 71 88 75 60 45 33 29 33 45 59 75 91 82 67 55 46 43 46 55 67 81 96 90 77 67 59 57 59 66 77 89 103 99 88 79 73 71 73 78 87 99 111
32 42 61 62 37 21 27 22 30 27 11 9 34 8 16 15 8 51 47 54 28 29 45 48 46 17 27 20 25 28 13 4 35 17 11 42 23 48 39 47 104 90 77 66 59 56 59 66 76 89 97 82 67 55 46 42 46 55 67 81 91 75 60 45 33 28 33 45 59 75 88 71 54 38 23 14 23 38 54 71 87 70 52 35 18 0 18 35 52 70 88 71 54 38 23 14 23 38 54 71 91 75 60 45 33 28 33 45 59 75 97 82 67 55 46 42 46 55 67 81 104 90 77 66 59 56 59 66 76 89 112 99 88 79 73 70 72 78 87 98
29 58 65 78 21 4 44 38 38 44 10 11 22 24 33 18 11 34 53 70 41 45 60 63 31 5 45 34 12 44 30 16 22 15 26 55 38 31 43 62 119 104 90 77 66 59 56 59 66 76 113 97 81 67 55 46 42 46 54 67 108 91 75 59 45 33 28 33 45 59 105 88 71 54 38 23 14 23 38 54 104 87 70 52 35 18 0 18 35 52 105 88 71 54 38 23 14 23 38 54 108 91 75 59 45 33 28 33 45 59 113 97 81 67 55 46 42 46 54 67 119 104 90 77 66 59 56 59 66 76 126 112 99 88 78 72 70 72 78 87
36 74 73 94 11 15 61 55 51 61 27 28 20 41 50 32 29 17 63 86 56 62 76 79 20 20 62 50 17 61 47 33 19 27 43 69 54 16 53 78 134 118 104 89 77 66 59 56 58 65 129 112 97 81 67 55 46 42 45 54 125 108 91 75 59 45 33 28 33 45 122 105 88 71 54 38 23 14 23 38 122 104 87 70 52 35 18 0 18 35 122 105 88 71 54 38 23 14 23 38 125 108 91 75 59 45 33 28 33 45 129 112 97 81 67 55 46 42 45 54 134 118 104 89 77 66 59 56 58 65 140 126 112 99 87 78 72 70 72 77
49 91 84 111 21 32 78 72 66 78 44 45 31 58 67 48 46 2 75 102 72 78 93 95 22 37 79 67 32 78 64 50 29 43 60 85 70 13 66 95 150 134 118 103 89 76 66 58 55 58 145 129 112 97 81 67 54 45 42 45 142 125 108 91 75 59 45 33 28 33 140 122 105 88 71 54 38 23 14 23 139 122 104 87 70 52 35 18 0 18 140 122 105 88 71 54 38 23 14 23 142 125 108 91 75 59 45 33 28 33 145 129 112 97 81 67 54 45 42 45 150 134 118 103 89 76 66 58 55 58 156 140 126 112 99 87 78 72 69 71
63 108 96 128 37 50 96 89 82 96 61 62 46 75 85 65 63 19 89 119 88 95 110 112 34 54 96 84 49 96 81 67 44 60 77 101 87 26 80 111 166 150 134 118 103 89 76 65 58 55 162 145 129 112 96 81 67 54 45 42 159 142 125 108 91 75 59 45 33 28 157 140 122 105 88 71 54 38 23 14 156 139 122 104 87 70 52 35 18 0 157 140 122 105 88 71 54 38 23 14 159 142 125 108 91 75 59 45 33 28 162 145 129 112 96 81 67 54 45 42 166 150 134 118 103 89 76 65 58 55 171 155 140 125 111 98 87 77 71 69
101 51 93 52 121 108 62 69 91 63 98 96 114 82 75 93 94 139 101 45 81 62 51 66 129 105 62 74 109 62 79 91 117 98 83 76 77 133 101 51 72 74 80 88 99 112 126 140 156 171 58 60 67 77 90 104 119 134 150 166 43 47 55 68 82 97 113 129 145 162 29 34 45 60 75 91 108 125 142 159 15 23 38 54 71 88 105 122 140 157 0 18 35 52 70 87 104 122 139 156 15 23 38 54 71 88 105 122 140 157 29 34 45 60 75 91 108 125 142 159 43 47 55 68 82 97 113 129 145 162 58 60 67 77 90 104 119 134 150 166
84 34 79 44 104 91 45 52 76 46 81 79 97 65 59 76 77 121 88 29 66 45 34 54 111 88 46 57 91 45 62 74 99 81 67 63 62 116 87 34 74 72 73 79 88 99 112 126 140 155 60 57 60 67 77 90 104 118 134 150 47 43 46 55 67 82 97 112 129 145 34 29 34 45 60 75 91 108 125 142 23 15 23 38 54 71 88 105 122 140 18 0 18 35 52 70 87 104 122 139 23 15 23 38 54 71 88 105 122 140 34 29 34 45 60 75 91 108 125 142 47 43 46 55 67 82 97 112 129 145 60 57 60 67 77 90 104 118 134 150
67 18 66 42 87 74 29 34 63 30 64 62 80 48 43 58 60 104 76 17 53 28 18 46 94 71 30 39 74 27 46 57 82 63 51 53 48 98 74 20 80 73 71 73 79 88 99 112 126 140 67 60 57 60 67 77 90 104 118 134 55 46 43 46 55 67 81 97 112 129 45 34 29 34 45 60 75 91 108 125 38 23 15 23 38 54 71 88 105 122 35 18 0 18 35 52 70 87 104 122 38 23 15 23 38 54 71 88 105 122 45 34 29 34 45 60 75 91 108 125 55 46 43 46 55 67 81 97 112 129 67 60 57 60 67 77 90 104 118 134
50 7 55 46 70 57 15 17 51 17 48 46 63 31 29 41 43 87 67 19 43 11 11 44 77 54 17 22 57 10 32 41 65 46 36 47 36 81 63 14 88 79 73 71 73 79 88 99 112 125 77 67 60 57 59 66 77 89 103 118 68 55 46 43 46 55 67 81 97 112 60 45 34 29 33 45 59 75 91 108 54 38 23 15 23 38 54 71 88 105 52 35 18 0 18 35 52 70 87 104 54 38 23 15 23 38 54 71 88 105 60 45 34 29 33 45 59 75 91 108 68 55 46 43 46 55 67 81 97 112 77 67 60 57 59 66 77 89 103 118
34 20 48 56 52 40 15 2 44 17 33 31 45 15 21 24 27 70 62 32 38 8 23 48 60 39 18 5 40 9 22 26 47 29 25 47 31 64 55 25 99 88 79 73 71 73 78 87 99 111 90 77 67 59 57 59 66 77 89 103 82 67 55 46 43 46 55 67 81 96 75 60 45 33 29 33 45 59 75 91 71 54 38 23 15 23 38 54 71 88 70 52 35 18 0 18 35 52 70 87 71 54 38 23 15 23 38 54 71 88 75 60 45 33 29 33 45 59 75 91 82 67 55 46 43 46 55 67 81 96 90 77 67 59 57 59 66 77 89 103
20 37 47 69 35 24 29 19 43 30 22 19 28 11 26 7 13 53 61 48 41 25 39 58 42 25 31 14 22 26 24 17 30 12 24 53 35 46 53 41 112 99 88 79 73 70 72 78 87 98 104 90 77 66 59 56 59 66 76 89 97 82 67 55 46 42 46 55 67 81 91 75 60 45 33 28 33 45 59 75 88 71 54 38 23 14 23 38 54 71 87 70 52 35 18 0 18 35 52 70 88 71 54 38 23 14 23 38 54 71 91 75 60 45 33 28 33 45 59 75 97 82 67 55 46 42 46 55 67 81 104 90 77 66 59 56 59 66 76 89
16 54 52 84 18 12 45 36 49 46 21 20 12 25 38 12 16 37 65 65 50 42 56 71 25 19 47 31 6 43 35 23 13 7 33 64 46 29 56 58 126 112 99 88 78 72 70 72 78 87 119 104 90 77 66 59 56 59 66 76 113 97 81 67 55 46 42 46 54 67 108 91 75 59 45 33 28 33 45 59 105 88 71 54 38 23 14 23 38 54 104 87 70 52 35 18 0 18 35 52 105 88 71 54 38 23 14 23 38 54 108 91 75 59 45 33 28 33 45 59 113 97 81 67 55 46 42 46 54 67 119 104 90 77 66 59 56 59 66 76
26 71 62 99 3 19 62 53 60 63 33 33 9 41 54 29 30 22 74 82 63 60 73 85 9 27 64 48 14 61 50 37 7 24 47 77 60 12 64 74 140 126 112 99 87 78 72 70 72 77 134 118 104 89 77 66 59 56 58 65 129 112 97 81 67 55 46 42 45 54 125 108 91 75 59 45 33 28 33 45 122 105 88 71 54 38 23 14 23 38 122 104 87 70 52 35 18 0 18 35 122 105 88 71 54 38 23 14 23 38 125 108 91 75 59 45 33 28 33 45 129 112 97 81 67 55 46 42 45 54 134 118 104 89 77 66 59 56 58 65
42 89 74 115 18 34 79 71 73 80 48 48 25 58 70 46 47 15 84 99 77 77 90 100 12 41 80 66 31 78 67 53 23 41 63 91 75 7 75 91 156 140 126 112 99 87 78 72 69 71 150 134 118 103 89 76 66 58 55 58 145 129 112 97 81 67 54 45 42 45 142 125 108 91 75 59 45 33 28 33 140 122 105 88 71 54 38 23 14 23 139 122 104 87 70 52 35 18 0 18 140 122 105 88 71 54 38 23 14 23 142 125 108 91 75 59 45 33 28 33 145 129 112 97 81 67 54 45 42 45 150 134 118 103 89 76 66 58 55 58
58 106 88 131 35 51 96 88 87 97 64 65 43 76 87 64 64 24 97 116 93 94 108 116 29 57 98 83 48 95 83 69 40 59 80 106 91 24 88 109 171 155 140 125 111 98 87 77 71 69 166 150 134 118 103 89 76 65 58 55 162 145 129 112 96 81 67 54 45 42 159 142 125 108 91 75 59 45 33 28 157 140 122 105 88 71 54 38 23 14 156 139 122 104 87 70 52 35 18 0 157 140 122 105 88 71 54 38 23 14 159 142 125 108 91 75 59 45 33 28 162 145 129 112 96 81 67 54 45 42 166 150 134 118 103 89 76 65 58 55
100 52 87 64 123 110 66 71 98 67 102 100 115 85 80 94 97 141 110 42 89 64 50 76 129 108 67 75 110 64 84 95 117 99 88 85 84 134 109 49 86 88 93 100 110 122 134 148 162 177 72 74 80 88 99 112 126 140 156 171 58 60 67 77 90 104 119 134 150 166 43 47 55 68 82 97 113 129 145 162 29 34 45 60 75 91 108 125 142 159 15 23 38 54 71 88 105 122 140 157 0 18 35 52 70 87 104 122 139 156 15 23 38 54 71 88 105 122 140 157 29 34 45 60 75 91 108 125 142 159 43 47 55 68 82 97 113 129 145 162
83 35 71 57 106 94 51 54 85 52 85 83 98 68 65 77 80 124 98 25 75 47 33 66 112 92 52 58 93 48 68 79 100 82 73 74 70 117 96 32 88 86 87 92 100 110 121 134 148 162 74 72 73 79 88 99 112 126 140 155 60 57 60 67 77 90 104 118 134 150 47 43 46 55 67 82 97 112 129 145 34 29 34 45 60 75 91 108 125 142 23 15 23 38 54 71 88 105 122 140 18 0 18 35 52 70 87 104 122 139 23 15 23 38 54 71 88 105 122 140 34 29 34 45 60 75 91 108 125 142 47 43 46 55 67 82 97 112 129 145
66 18 56 56 88 77 37 38 73 38 70 68 80 52 51 60 64 107 88 7 64 31 15 60 94 76 39 42 76 32 54 63 82 65 59 66 58 100 84 14 93 87 85 87 92 99 109 121 134 148 80 73 71 73 79 88 99 112 126 140 67 60 57 60 67 77 90 104 118 134 55 46 43 46 55 67 81 97 112 129 45 34 29 34 45 60 75 91 108 125 38 23 15 23 38 54 71 88 105 122 35 18 0 18 35 52 70 87 104 122 38 23 15 23 38 54 71 88 105 122 45 34 29 34 45 60 75 91 108 125 55 46 43 46 55 67 81 97 112 129
48 8 43 59 72 61 27 23 63 29 55 53 63 37 40 44 49 91 80 11 56 17 5 58 77 61 30 26 59 20 42 49 65 48 46 61 49 83 75 4 100 92 87 85 87 91 99 109 121 134 88 79 73 71 73 79 88 99 112 125 77 67 60 57 59 66 77 89 103 118 68 55 46 43 46 55 67 81 97 112 60 45 34 29 33 45 59 75 91 108 54 38 23 15 23 38 54 71 88 105 52 35 18 0 18 35 52 70 87 104 54 38 23 15 23 38 54 71 88 105 60 45 34 29 33 45 59 75 91 108 68 55 46 43 46 55 67 81 97 112
31 21 34 67 55 46 27 16 58 29 43 40 46 26 35 28 35 74 76 28 52 16 21 61 60 47 31 15 43 20 36 37 48 32 38 61 45 66 69 21 110 100 92 87 85 86 91 99 109 120 99 88 79 73 71 73 78 87 99 111 90 77 67 59 57 59 66 77 89 103 82 67 55 46 43 46 55 67 81 96 75 60 45 33 29 33 45 59 75 91 71 54 38 23 15 23 38 54 71 88 70 52 35 18 0 18 35 52 70 87 71 54 38 23 15 23 38 54 71 88 75 60 45 33 29 33 45 59 75 91 82 67 55 46 43 46 55 67 81 96
14 37 33 78 39 33 37 24 57 38 35 33 29 24 38 16 26 59 75 46 54 28 38 69 43 37 40 20 28 31 37 31 32 19 37 66 48 49 67 39 122 110 99 91 86 84 86 91 98 108 112 99 88 79 73 70 72 78 87 98 104 90 77 66 59 56 59 66 76 89 97 82 67 55 46 42 46 55 67 81 91 75 60 45 33 28 33 45 59 75 88 71 54 38 23 14 23 38 54 71 87 70 52 35 18 0 18 35 52 70 88 71 54 38 23 14 23 38 54 71 91 75 60 45 33 28 33 45 59 75 97 82 67 55 46 42 46 55 67 81
5 54 40 91 24 26 50 39 62 52 35 33 14 32 47 19 28 44 79 63 61 44 55 80 26 33 53 34 18 47 45 34 16 17 44 74 56 34 69 56 134 121 109 99 91 86 84 85 90 98 126 112 99 88 78 72 70 72 78 87 119 104 90 77 66 59 56 59 66 76 113 97 81 67 55 46 42 46 54 67 108 91 75 59 45 33 28 33 45 59 105 88 71 54 38 23 14 23 38 54 104 87 70 52 35 18 0 18 35 52 105 88 71 54 38 23 14 23 38 54 108 91 75 59 45 33 28 33 45 59 113 97 81 67 55 46 42 46 54 67
22 71 52 106 17 30 66 56 70 67 42 42 12 46 60 32 38 33 85 80 72 61 73 93 12 38 68 50 22 63 58 45 12 28 55 86 68 21 75 73 148 134 121 109 99 91 85 83 85 90 140 126 112 99 87 78 72 70 72 77 134 118 104 89 77 66 59 56 58 65 129 112 97 81 67 55 46 42 45 54 125 108 91 75 59 45 33 28 33 45 122 105 88 71 54 38 23 14 23 38 122 104 87 70 52 35 18 0 18 35 122 105 88 71 54 38 23 14 23 38 125 108 91 75 59 45 33 28 33 45 129 112 97 81 67 55 46 42 45 54
39 89 67 121 25 41 82 72 82 83 55 55 27 62 75 49 52 29 95 98 85 78 90 107 14 49 84 67 35 80 72 59 25 44 69 99 82 18 85 91 162 148 134 121 109 98 90 85 83 85 156 140 126 112 99 87 78 72 69 71 150 134 118 103 89 76 66 58 55 58 145 129 112 97 81 67 54 45 42 45 142 125 108 91 75 59 45 33 28 33 140 122 105 88 71 54 38 23 14 23 139 122 104 87 70 52 35 18 0 18 140 122 105 88 71 54 38 23 14 23 142 125 108 91 75 59 45 33 28 33 145 129 112 97 81 67 54 45 42 45
57 106 82 136 39 56 99 89 95 100 69 70 43 78 91 65 68 34 106 115 99 95 107 122 30 63 101 84 51 97 88 74 41 61 85 113 96 29 97 108 177 162 148 134 120 108 98 90 85 83 171 155 140 125 111 98 87 77 71 69 166 150 134 118 103 89 76 65 58 55 162 145 129 112 96 81 67 54 45 42 159 142 125 108 91 75 59 45 33 28 157 140 122 105 88 71 54 38 23 14 156 139 122 104 87 70 52 35 18 0 157 140 122 105 88 71 54 38 23 14 159 142 125 108 91 75 59 45 33 28 162 145 129 112 96 81 67 54 45 42
101 56 83 77 125 114 73 75 107 74 107 105 117 90 87 97 102 144 120 44 98 68 53 87 131 113 74 79 113 70 90 100 119 102 95 96 92 136 118 51 100 102 106 112 121 132 144 156 170 184 86 88 93 100 110 122 134 148 162 177 72 74 80 88 99 112 126 140 156 171 58 60 67 77 90 104 119 134 150 166 43 47 55 68 82 97 113 129 145 162 29 34 45 60 75 91 108 125 142 159 15 23 38 54 71 88 105 122 140 157 0 18 35 52 70 87 104 122 139 156 15 23 38 54 71 88 105 122 140 157 29 34 45 60 75 91 108 125 142 159
84 40 66 71 109 98 59 60 95 61 92 90 100 74 74 81 86 128 109 28 86 53 37 79 114 98 61 63 97 55 76 85 102 86 81 86 80 120 106 35 102 100 101 105 112 121 131 143 156 170 88 86 87 92 100 110 121 134 148 162 74 72 73 79 88 99 112 126 140 155 60 57 60 67 77 90 104 118 134 150 47 43 46 55 67 82 97 112 129 145 34 29 34 45 60 75 91 108 125 142 23 15 23 38 54 71 88 105 122 140 18 0 18 35 52 70 87 104 122 139 23 15 23 38 54 71 88 105 122 140 34 29 34 45 60 75 91 108 125 142
67 27 50 70 92 83 48 46 84 50 77 75 83 60 62 65 71 112 100 15 76 39 24 73 97 83 50 48 81 42 64 71 85 70 68 79 69 103 96 21 106 101 99 101 105 112 121 131 143 156 93 87 85 87 92 99 109 121 134 148 80 73 71 73 79 88 99 112 126 140 67 60 57 60 67 77 90 104 118 134 55 46 43 46 55 67 81 97 112 129 45 34 29 34 45 60 75 91 108 125 38 23 15 23 38 54 71 88 105 122 35 18 0 18 35 52 70 87 104 122 38 23 15 23 38 54 71 88 105 122 45 34 29 34 45 60 75 91 108 125
50 22 34 73 76 68 41 34 76 43 65 62 67 47 53 50 57 96 93 17 69 30 19 72 80 69 44 36 65 33 54 59 69 55 58 75 62 87 88 16 112 105 101 99 100 105 111 120 131 143 100 92 87 85 87 91 99 109 121 134 88 79 73 71 73 79 88 99 112 125 77 67 60 57 59 66 77 89 103 118 68 55 46 43 46 55 67 81 97 112 60 45 34 29 33 45 59 75 91 108 54 38 23 15 23 38 54 71 88 105 52 35 18 0 18 35 52 70 87 104 54 38 23 15 23 38 54 71 88 105 60 45 34 29 33 45 59 75 91 108
34 29 22 79 61 55 41 30 72 43 54 52 51 39 49 37 46 81 90 31 66 29 27 75 64 58 44 29 51 33 49 49 53 41 52 75 59 71 82 26 121 112 105 100 99 100 104 111 120 130 110 100 92 87 85 86 91 99 109 120 99 88 79 73 71 73 78 87 99 111 90 77 67 59 57 59 66 77 89 103 82 67 55 46 43 46 55 67 81 96 75 60 45 33 29 33 45 59 75 91 71 54 38 23 15 23 38 54 71 88 70 52 35 18 0 18 35 52 70 87 71 54 38 23 15 23 38 54 71 88 75 60 45 33 29 33 45 59 75 91
19 42 19 89 47 45 47 35 71 50 48 46 36 37 51 29 40 67 89 47 68 37 42 81 48 49 51 31 39 41 50 45 38 31 51 79 61 56 81 41 132 121 112 105 100 98 99 104 110 119 122 110 99 91 86 84 86 91 98 108 112 99 88 79 73 70 72 78 87 98 104 90 77 66 59 56 59 66 76 89 97 82 67 55 46 42 46 55 67 81 91 75 60 45 33 28 33 45 59 75 88 71 54 38 23 14 23 38 54 71 87 70 52 35 18 0 18 35 52 70 88 71 54 38 23 14 23 38 54 71 91 75 60 45 33 28 33 45 59 75
14 58 30 100 36 40 59 47 75 60 48 47 26 43 58 31 41 54 92 64 73 50 58 91 34 47 62 42 32 53 56 47 27 30 56 86 68 42 83 58 144 131 121 111 104 99 98 99 103 110 134 121 109 99 91 86 84 85 90 98 126 112 99 88 78 72 70 72 78 87 119 104 90 77 66 59 56 59 66 76 113 97 81 67 55 46 42 46 54 67 108 91 75 59 45 33 28 33 45 59 105 88 71 54 38 23 14 23 38 54 104 87 70 52 35 18 0 18 35 52 105 88 71 54 38 23 14 23 38 54 108 91 75 59 45 33 28 33 45 59
26 74 45 113 31 42 72 61 82 74 54 53 25 54 69 41 48 46 98 81 82 66 75 102 25 50 75 56 34 68 67 55 25 38 65 96 78 33 88 75 156 143 131 120 111 104 99 97 99 103 148 134 121 109 99 91 85 83 85 90 140 126 112 99 87 78 72 70 72 77 134 118 104 89 77 66 59 56 58 65 129 112 97 81 67 55 46 42 45 54 125 108 91 75 59 45 33 28 33 45 122 105 88 71 54 38 23 14 23 38 122 104 87 70 52 35 18 0 18 35 122 105 88 71 54 38 23 14 23 38 125 108 91 75 59 45 33 28 33 45
41 91 61 127 36 51 88 77 92 89 64 64 34 68 83 54 60 43 106 98 94 82 92 115 26 59 90 71 44 84 80 67 33 50 78 108 90 31 96 92 170 156 143 131 120 110 103 99 97 98 162 148 134 121 109 98 90 85 83 85 156 140 126 112 99 87 78 72 69 71 150 134 118 103 89 76 66 58 55 58 145 129 112 97 81 67 54 45 42 45 142 125 108 91 75 59 45 33 28 33 140 122 105 88 71 54 38 23 14 23 139 122 104 87 70 52 35 18 0 18 140 122 105 88 71 54 38 23 14 23 142 125 108 91 75 59 45 33 28 33
58 108 78 142 47 63 103 93 104 104 77 77 48 83 97 70 74 46 116 116 107 98 109 129 36 71 105 87 57 100 94 81 47 65 91 121 104 39 107 109 184 170 156 143 130 119 110 103 98 96 177 162 148 134 120 108 98 90 85 83 171 155 140 125 111 98 87 77 71 69 166 150 134 118 103 89 76 65 58 55 162 145 129 112 96 81 67 54 45 42 159 142 125 108 91 75 59 45 33 28 157 140 122 105 88 71 54 38 23 14 156 139 122 104 87 70 52 35 18 0 157 140 122 105 88 71 54 38 23 14 159 142 125 108 91 75 59 45 33 28
104 63 81 90 130 120 81 82 117 83 114 112 120 96 96 102 108 149 131 50 108 75 59 99 134 120 83 85 118 77 99 107 123 107 103 107 102 140 128 57 115 116 119 125 133 143 154 166 179 192 100 102 106 112 121 132 144 156 170 184 86 88 93 100 110 122 134 148 162 177 72 74 80 88 99 112 126 140 156 171 58 60 67 77 90 104 119 134 150 166 43 47 55 68 82 97 113 129 145 162 29 34 45 60 75 91 108 125 142 159 15 23 38 54 71 88 105 122 140 157 0 18 35 52 70 87 104 122 139 156 15 23 38 54 71 88 105 122 140 157
87 49 64 85 113 105 69 68 106 71 100 98 104 82 84 87 93 133 121 37 97 61 46 92 117 105 72 71 102 64 86 93 106 92 90 99 91 124 117 43 116 114 115 119 125 133 142 153 165 178 102 100 101 105 112 121 131 143 156 170 88 86 87 92 100 110 121 134 148 162 74 72 73 79 88 99 112 126 140 155 60 57 60 67 77 90 104 118 134 150 47 43 46 55 67 82 97 112 129 145 34 29 34 45 60 75 91 108 125 142 23 15 23 38 54 71 88 105 122 140 18 0 18 35 52 70 87 104 122 139 23 15 23 38 54 71 88 105 122 140
71 40 46 84 98 90 60 56 96 62 87 84 88 69 74 72 80 118 113 28 88 50 36 87 101 91 63 58 87 53 75 81 90 77 79 92 82 108 108 32 119 115 114 115 118 124 132 142 153 165 106 101 99 101 105 112 121 131 143 156 93 87 85 87 92 99 109 121 134 148 80 73 71 73 79 88 99 112 126 140 67 60 57 60 67 77 90 104 118 134 55 46 43 46 55 67 81 97 112 129 45 34 29 34 45 60 75 91 108 125 38 23 15 23 38 54 71 88 105 122 35 18 0 18 35 52 70 87 104 122 38 23 15 23 38 54 71 88 105 122
55 36 29 86 83 77 54 47 89 57 76 73 73 59 66 59 68 103 107 29 82 43 33 86 85 79 58 48 73 47 67 70 75 63 71 89 76 92 101 29 125 119 115 113 114 118 124 132 141 152 112 105 101 99 100 105 111 120 131 143 100 92 87 85 87 91 99 109 121 134 88 79 73 71 73 79 88 99 112 125 77 67 60 57 59 66 77 89 103 118 68 55 46 43 46 55 67 81 97 112 60 45 34 29 33 45 59 75 91 108 54 38 23 15 23 38 54 71 88 105 52 35 18 0 18 35 52 70 87 104 54 38 23 15 23 38 54 71 88 105
41 41 12 92 69 66 54 44 86 57 67 65 59 52 63 49 59 89 104 39 80 42 38 88 70 69 58 42 60 47 63 62 61 52 66 89 73 78 96 36 133 125 118 114 113 114 117 123 131 141 121 112 105 100 99 100 104 111 120 130 110 100 92 87 85 86 91 99 109 120 99 88 79 73 71 73 78 87 99 111 90 77 67 59 57 59 66 77 89 103 82 67 55 46 43 46 55 67 81 96 75 60 45 33 29 33 45 59 75 91 71 54 38 23 15 23 38 54 71 88 70 52 35 18 0 18 35 52 70 87 71 54 38 23 15 23 38 54 71 88
31 51 8 100 57 58 60 48 85 62 62 60 47 51 65 43 54 76 103 53 81 48 50 94 56 63 63 44 51 53 64 59 48 45 65 92 75 64 95 48 143 133 124 118 114 112 113 117 123 131 132 121 112 105 100 98 99 104 110 119 122 110 99 91 86 84 86 91 98 108 112 99 88 79 73 70 72 78 87 98 104 90 77 66 59 56 59 66 76 89 97 82 67 55 46 42 46 55 67 81 91 75 60 45 33 28 33 45 59 75 88 71 54 38 23 14 23 38 54 71 87 70 52 35 18 0 18 35 52 70 88 71 54 38 23 14 23 38 54 71
28 64 24 110 48 54 69 57 88 71 62 60 39 56 70 44 54 66 105 68 86 59 64 102 45 61 72 52 46 63 69 61 40 44 69 98 80 53 96 63 154 142 132 124 117 113 112 113 116 122 144 131 121 111 104 99 98 99 103 110 134 121 109 99 91 86 84 85 90 98 126 112 99 88 78 72 70 72 78 87 119 104 90 77 66 59 56 59 66 76 113 97 81 67 55 46 42 46 54 67 108 91 75 59 45 33 28 33 45 59 105 88 71 54 38 23 14 23 38 54 104 87 70 52 35 18 0 18 35 52 105 88 71 54 38 23 14 23 38 54
35 79 41 122 45 55 81 69 94 83 66 65 38 65 80 51 60 59 110 85 94 72 79 112 38 63 84 64 47 76 78 67 38 49 77 107 89 46 101 79 166 153 142 132 123 117 113 111 112 116 156 143 131 120 111 104 99 97 99 103 148 134 121 109 99 91 85 83 85 90 140 126 112 99 87 78 72 70 72 77 134 118 104 89 77 66 59 56 58 65 129 112 97 81 67 55 46 42 45 54 125 108 91 75 59 45 33 28 33 45 122 105 88 71 54 38 23 14 23 38 122 104 87 70 52 35 18 0 18 35 122 105 88 71 54 38 23 14 23 38
48 95 59 136 48 62 95 83 103 96 75 74 45 77 91 63 70 56 118 101 104 87 95 124 39 70 97 78 55 90 89 77 44 59 87 118 99 45 108 95 179 165 153 141 131 123 116 112 110 112 170 156 143 131 120 110 103 99 97 98 162 148 134 121 109 98 90 85 83 85 156 140 126 112 99 87 78 72 69 71 150 134 118 103 89 76 66 58 55 58 145 129 112 97 81 67 54 45 42 45 142 125 108 91 75 59 45 33 28 33 140 122 105 88 71 54 38 23 14 23 139 122 104 87 70 52 35 18 0 18 140 122 105 88 71 54 38 23 14 23
63 111 76 149 57 73 109 98 113 110 86 86 56 90 105 76 82 59 127 118 116 103 112 137 46 80 112 93 66 105 102 89 55 73 100 130 112 50 117 111 192 178 165 152 141 131 122 116 112 110 184 170 156 143 130 119 110 103 98 96 177 162 148 134 120 108 98 90 85 83 171 155 140 125 111 98 87 77 71 69 166 150 134 118 103 89 76 65 58 55 162 145 129 112 96 81 67 54 45 42 159 142 125 108 91 75 59 45 33 28 157 140 122 105 88 71 54 38 23 14 156 139 122 104 87 70 52 35 18 0 157 140 122 105 88 71 54 38 23 14
108 72 82 103 135 127 91 90 128 93 122 120 125 105 106 109 116 155 143 59 119 84 68 112 139 127 94 93 124 86 108 116 128 114 113 119 113 145 139 65 129 130 133 138 145 154 164 176 188 201 115 116 119 125 133 143 154 166 179 192 100 102 106 112 121 132 144 156 170 184 86 88 93 100 110 122 134 148 162 177 72 74 80 88 99 112 126 140 156 171 58 60 67 77 90 104 119 134 150 166 43 47 55 68 82 97 113 129 145 162 29 34 45 60 75 91 108 125 142 159 15 23 38 54 71 88 105 122 140 157 0 18 35 52 70 87 104 122 139 156
93 61 64 99 120 113 81 78 118 83 109 107 110 92 95 95 102 140 133 48 109 72 57 105 123 114 84 80 109 75 97 103 112 99 101 111 103 130 129 54 130 128 129 132 138 145 154 164 175 187 116 114 115 119 125 133 142 153 165 178 102 100 101 105 112 121 131 143 156 170 88 86 87 92 100 110 121 134 148 162 74 72 73 79 88 99 112 126 140 155 60 57 60 67 77 90 104 118 134 150 47 43 46 55 67 82 97 112 129 145 34 29 34 45 60 75 91 108 125 142 23 15 23 38 54 71 88 105 122 140 18 0 18 35 52 70 87 104 122 139
78 53 47 98 105 99 73 68 109 75 97 95 95 80 86 81 90 125 126 42 101 62 49 101 107 101 76 69 95 66 87 91 97 85 91 106 95 115 121 46 133 129 128 129 132 137 144 153 163 175 119 115 114 115 118 124 132 142 153 165 106 101 99 101 105 112 121 131 143 156 93 87 85 87 92 99 109 121 134 148 80 73 71 73 79 88 99 112 126 140 67 60 57 60 67 77 90 104 118 134 55 46 43 46 55 67 81 97 112 129 45 34 29 34 45 60 75 91 108 125 38 23 15 23 38 54 71 88 105 122 35 18 0 18 35 52 70 87 104 122
64 50 31 100 91 87 68 61 103 71 87 85 81 71 80 70 79 111 121 43 96 57 47 100 92 91 72 60 82 61 81 82 83 73 84 103 89 100 114 43 138 132 129 127 128 131 137 144 153 163 125 119 115 113 114 118 124 132 141 152 112 105 101 99 100 105 111 120 131 143 100 92 87 85 87 91 99 109 121 134 88 79 73 71 73 79 88 99 112 125 77 67 60 57 59 66 77 89 103 118 68 55 46 43 46 55 67 81 97 112 60 45 34 29 33 45 59 75 91 108 54 38 23 15 23 38 54 71 88 105 52 35 18 0 18 35 52 70 87 104
52 54 15 105 79 78 68 58 99 71 80 78 68 66 77 61 72 98 117 50 94 56 51 102 78 82 72 56 71 61 77 76 70 64 79 103 87 87 110 48 145 138 132 128 127 127 131 136 143 152 133 125 118 114 113 114 117 123 131 141 121 112 105 100 99 100 104 111 120 130 110 100 92 87 85 86 91 99 109 120 99 88 79 73 71 73 78 87 99 111 90 77 67 59 57 59 66 77 89 103 82 67 55 46 43 46 55 67 81 96 75 60 45 33 29 33 45 59 75 91 71 54 38 23 15 23 38 54 71 88 70 52 35 18 0 18 35 52 70 87
44 62 12 112 68 71 72 61 99 75 76 74 58 65 78 57 68 87 117 61 95 61 60 107 66 76 76 58 63 65 78 73 60 58 79 105 88 75 109 58 154 145 137 131 127 126 127 130 135 143 143 133 124 118 114 112 113 117 123 131 132 121 112 105 100 98 99 104 110 119 122 110 99 91 86 84 86 91 98 108 112 99 88 79 73 70 72 78 87 98 104 90 77 66 59 56 59 66 76 89 97 82 67 55 46 42 46 55 67 81 91 75 60 45 33 28 33 45 59 75 88 71 54 38 23 14 23 38 54 71 87 70 52 35 18 0 18 35 52 70
42 73 26 121 61 68 80 68 101 82 76 74 52 69 83 58 68 78 119 75 99 70 72 114 57 74 84 64 60 74 82 74 53 57 82 111 93 65 110 70 164 154 144 137 131 127 125 126 130 135 154 142 132 124 117 113 112 113 116 122 144 131 121 111 104 99 98 99 103 110 134 121 109 99 91 86 84 85 90 98 126 112 99 88 78 72 70 72 78 87 119 104 90 77 66 59 56 59 66 76 113 97 81 67 55 46 42 46 54 67 108 91 75 59 45 33 28 33 45 59 105 88 71 54 38 23 14 23 38 54 104 87 70 52 35 18 0 18 35 52
47 87 42 132 59 69 91 78 107 92 79 78 52 76 91 63 73 72 123 90 106 81 86 123 52 77 94 74 61 85 89 79 52 62 89 119 100 60 114 85 176 164 153 144 136 130 126 125 126 129 166 153 142 132 123 117 113 111 112 116 156 143 131 120 111 104 99 97 99 103 148 134 121 109 99 91 85 83 85 90 140 126 112 99 87 78 72 70 72 77 134 118 104 89 77 66 59 56 58 65 129 112 97 81 67 55 46 42 45 54 125 108 91 75 59 45 33 28 33 45 122 105 88 71 54 38 23 14 23 38 122 104 87 70 52 35 18 0 18 35
57 101 59 144 61 74 103 91 114 105 86 86 57 86 101 73 81 70 130 106 115 95 101 134 52 82 106 86 67 98 99 88 56 70 98 128 110 59 120 100 188 175 163 153 143 135 130 126 124 125 179 165 153 141 131 123 116 112 110 112 170 156 143 131 120 110 103 99 97 98 162 148 134 121 109 98 90 85 83 85 156 140 126 112 99 87 78 72 69 71 150 134 118 103 89 76 66 58 55 58 145 129 112 97 81 67 54 45 42 45 142 125 108 91 75 59 45 33 28 33 140 122 105 88 71 54 38 23 14 23 139 122 104 87 70 52 35 18 0 18
70 117 76 158 68 83 117 105 124 118 96 96 66 99 113 85 91 72 138 122 126 109 116 146 58 91 119 100 76 112 111 98 65 81 109 139 121 63 129 116 201 187 175 163 152 143 135 129 125 124 192 178 165 152 141 131 122 116 112 110 184 170 156 143 130 119 110 103 98 96 177 162 148 134 120 108 98 90 85 83 171 155 140 125 111 98 87 77 71 69 166 150 134 118 103 89 76 65 58 55 162 145 129 112 96 81 67 54 45 42 159 142 125 108 91 75 59 45 33 28 157 140 122 105 88 71 54 38 23 14 156 139 122 104 87 70 52 35 18 0
