0 80 36 5 94 54 41 57 26 5 32 52 27 43 50 90 92 34 89 53 9 74 29 21 95 59 42 46 28 5 81 44 27 85 28 71 89 29 87 68 135 105 78 60 59 126 93 61 35 33 123 88 54 19 17 126 92 60 33 32 135 104 77 58 57
80 0 47 78 21 40 40 43 62 84 52 31 55 53 35 33 24 54 43 31 72 7 53 60 15 28 39 44 55 78 3 41 55 13 52 28 31 54 31 38 77 64 68 87 114 56 36 43 70 101 44 11 27 61 96 49 24 35 65 98 67 52 57 79 108
36 47 0 36 63 37 8 42 30 39 23 17 19 36 27 66 63 28 69 28 30 41 20 16 61 35 8 31 22 36 48 9 21 50 13 47 64 21 63 49 113 88 72 70 85 98 68 46 44 64 90 56 24 20 52 91 57 25 22 52 99 70 48 46 66
5 78 36 0 91 50 40 53 22 10 29 51 24 38 47 87 89 30 85 50 7 72 26 21 93 57 41 42 25 0 79 44 24 84 27 68 86 26 84 64 132 101 73 55 55 123 89 57 30 31 121 86 52 17 19 125 92 60 36 36 135 105 78 61 62
94 21 63 91 0 45 56 46 73 98 63 49 68 60 45 18 7 63 31 41 86 23 65 75 17 35 56 52 67 91 18 60 67 29 66 27 17 66 18 36 57 48 62 88 119 36 20 44 77 111 32 11 41 75 109 48 38 55 83 115 73 66 77 99 127
54 40 37 50 45 0 31 6 30 59 23 34 29 15 11 38 41 21 36 13 46 34 26 40 53 13 33 9 26 50 40 40 28 51 31 19 37 26 35 14 82 53 36 47 75 74 40 9 32 66 77 44 21 37 69 88 62 49 57 81 107 86 77 82 100
41 40 8 40 56 31 0 36 30 45 21 12 19 32 21 58 56 25 61 21 34 34 19 21 55 27 3 26 22 40 41 10 21 45 14 39 56 20 55 42 105 81 66 68 85 91 61 39 43 67 83 49 16 23 57 85 52 24 29 60 96 68 50 52 74
57 43 42 53 46 6 36 0 32 62 26 39 33 16 16 37 42 23 33 18 49 38 30 44 55 16 38 12 30 53 43 45 31 55 35 20 36 30 34 12 79 49 31 44 73 73 38 5 32 66 77 46 26 41 71 91 66 54 62 85 110 90 82 87 105
26 62 30 22 73 30 30 32 0 31 11 41 12 17 29 67 70 10 64 32 19 56 11 20 77 38 32 22 9 22 63 38 9 70 18 48 66 10 64 43 111 80 53 42 56 103 69 36 14 40 103 69 36 15 40 111 80 53 42 56 124 97 77 70 79
5 84 39 10 98 59 45 62 31 0 37 55 31 47 55 95 96 39 94 58 13 78 34 25 99 64 46 51 33 10 85 47 32 89 33 76 94 33 92 72 140 110 83 63 60 131 98 66 39 34 127 92 58 23 13 129 96 63 34 27 137 106 78 57 53
32 52 23 29 63 23 21 26 11 37 0 31 7 15 19 59 61 5 58 23 24 46 4 18 67 28 23 15 4 29 53 29 5 60 11 39 58 4 56 36 104 75 53 48 66 95 61 30 22 50 93 59 25 15 47 100 69 44 39 59 114 88 69 66 79
52 31 17 51 49 34 12 39 41 55 31 0 30 40 24 54 50 34 59 22 45 26 30 31 45 27 10 32 32 51 33 11 32 34 26 37 52 31 51 42 101 80 70 76 96 84 57 42 52 78 74 41 14 35 68 74 41 15 35 68 85 57 43 53 79
27 55 19 24 68 29 19 33 12 31 7 30 0 21 24 65 66 11 64 27 19 49 3 12 70 33 22 21 4 24 56 27 3 62 6 45 63 3 62 43 110 81 59 52 67 100 67 37 25 48 97 63 28 9 42 102 70 43 33 53 114 87 66 60 73
43 53 36 38 60 15 32 16 17 47 15 40 21 0 19 52 56 11 48 23 35 47 19 33 67 26 35 10 18 38 53 41 19 63 26 34 51 18 49 27 94 63 38 37 61 88 54 19 18 52 91 58 30 28 56 102 74 54 54 72 119 95 81 80 94
50 35 27 47 45 11 21 16 29 55 19 24 24 19 0 41 42 20 42 5 42 29 21 33 49 10 23 10 23 47 35 29 23 45 24 22 40 22 38 22 88 61 47 55 80 77 44 19 36 68 75 41 11 32 66 84 55 38 48 75 100 77 66 72 92
90 33 66 87 18 38 58 37 67 95 59 54 65 52 41 0 11 58 13 39 82 32 62 74 34 32 59 45 63 87 31 64 64 44 65 20 3 62 4 25 48 31 46 75 107 37 4 34 68 103 45 26 42 73 106 66 54 63 87 116 90 83 89 106 131
92 24 63 89 7 41 56 42 70 96 61 50 66 56 42 11 0 60 24 39 84 26 63 73 24 33 56 48 64 89 22 60 65 34 65 23 10 64 11 31 53 42 55 82 114 36 13 39 73 107 37 16 40 73 107 55 44 57 84 115 80 72 81 101 128
34 54 28 30 63 21 25 23 10 39 5 34 11 11 20 58 60 0 56 23 26 47 9 23 68 28 28 13 8 30 54 34 9 62 16 38 57 8 55 34 102 72 48 44 62 94 60 28 18 49 94 60 28 19 49 102 72 48 44 62 117 91 74 71 84
89 43 69 85 31 36 61 33 64 94 58 59 64 48 42 13 24 56 0 41 81 41 61 74 47 34 63 44 62 85 42 68 63 55 66 23 15 62 13 22 47 21 34 65 99 43 12 29 63 97 56 38 46 72 104 78 66 71 90 116 103 94 97 112 134
53 31 28 50 41 13 21 18 32 58 23 22 27 23 5 39 39 23 41 0 45 25 25 35 45 7 22 14 26 50 31 29 27 41 26 19 37 25 36 21 86 61 49 59 84 74 42 21 40 71 71 37 8 35 69 80 51 36 49 77 96 74 64 72 93
9 72 30 7 86 46 34 49 19 13 24 45 19 35 42 82 84 26 81 45 0 66 21 14 87 51 35 38 20 7 73 38 19 78 21 63 81 20 79 60 128 97 71 56 60 118 85 53 29 36 115 80 46 11 24 119 85 54 31 38 128 98 73 58 61
74 7 41 72 23 34 34 38 56 78 46 26 49 47 29 32 26 47 41 25 66 0 47 54 21 22 34 38 49 72 8 37 49 18 46 23 30 48 30 33 78 62 63 81 108 59 35 38 64 95 50 15 21 55 90 55 29 32 61 93 73 55 57 76 104
29 53 20 26 65 26 19 30 11 34 4 30 3 19 21 62 63 9 61 25 21 47 0 15 68 31 22 18 3 26 54 27 3 61 8 42 61 1 59 40 108 79 56 51 67 98 64 34 24 49 95 61 26 11 45 101 69 43 35 56 114 87 67 63 76
21 60 16 21 75 40 21 44 20 25 18 31 12 33 33 74 73 23 74 35 14 54 15 0 74 42 22 32 16 21 61 24 14 65 9 54 72 15 71 53 120 92 70 62 71 108 76 48 34 50 103 69 34 7 37 105 72 40 22 43 114 85 60 50 62
95 15 61 93 17 53 55 55 77 99 67 45 70 67 49 34 24 68 47 45 87 21 68 74 0 41 54 58 70 93 14 56 70 15 67 37 33 69 34 48 71 65 76 99 127 46 37 55 84 116 30 10 42 76 111 36 22 46 79 112 57 50 64 90 121
59 28 35 57 35 13 27 16 38 64 28 27 33 26 10 32 33 28 34 7 51 22 31 42 41 0 29 17 32 57 28 35 33 39 33 13 31 31 29 16 79 54 45 60 86 67 35 18 43 76 66 33 13 41 75 76 50 40 56 84 94 75 68 78 100
42 39 8 41 56 33 3 38 32 46 23 10 22 35 23 59 56 28 63 22 35 34 22 22 54 29 0 28 24 41 41 7 23 44 16 40 57 23 56 43 106 82 68 71 88 91 62 41 45 69 83 49 17 25 58 84 51 22 28 60 94 66 47 50 73
46 44 31 42 52 9 26 12 22 51 15 32 21 10 10 45 48 13 44 14 38 38 18 32 58 17 28 0 18 42 44 35 20 54 23 26 44 18 42 22 90 61 41 46 70 82 48 16 27 60 83 49 20 29 61 92 64 46 51 73 109 86 74 76 93
28 55 22 25 67 26 22 30 9 33 4 32 4 18 23 63 64 8 62 26 20 49 3 16 70 32 24 18 0 25 56 29 2 63 10 43 62 2 60 40 108 78 55 49 64 99 65 34 22 47 97 62 28 12 44 103 72 45 37 56 116 89 69 64 76
5 78 36 0 91 50 40 53 22 10 29 51 24 38 47 87 89 30 85 50 7 72 26 21 93 57 41 42 25 0 79 44 24 84 27 68 86 26 84 64 132 101 73 55 55 123 89 57 30 31 121 86 52 17 19 125 92 60 36 36 135 105 78 61 62
81 3 48 79 18 40 41 43 63 85 53 33 56 53 35 31 22 54 42 31 73 8 54 61 14 28 41 44 56 79 0 43 56 14 53 27 29 55 29 37 74 61 67 87 114 54 34 43 70 102 43 9 28 63 97 49 26 37 67 100 68 53 59 81 110
44 41 9 44 60 40 10 45 38 47 29 11 27 41 29 64 60 34 68 29 38 37 27 24 56 35 7 35 29 44 43 0 29 44 21 46 62 28 61 50 112 89 75 77 92 95 67 48 51 73 85 52 23 28 59 84 49 17 24 57 91 62 41 44 68
27 55 21 24 67 28 21 31 9 32 5 32 3 19 23 64 65 9 63 27 19 49 3 14 70 33 23 20 2 24 56 29 0 63 9 44 63 2 61 41 109 80 57 50 65 100 66 35 23 47 97 63 29 10 43 103 72 44 35 54 116 89 69 63 75
85 13 50 84 29 51 45 55 70 89 60 34 62 63 45 44 34 62 55 41 78 18 61 65 15 39 44 54 63 84 14 44 63 0 58 40 42 62 42 50 84 74 80 98 124 61 46 55 79 110 43 18 35 68 101 41 12 33 66 100 56 40 50 76 107
28 52 13 27 66 31 14 35 18 33 11 26 6 26 24 65 65 16 66 26 21 46 8 9 67 33 16 23 10 27 53 21 9 58 0 45 63 9 62 44 111 84 63 58 72 100 67 39 31 53 95 60 26 10 44 99 66 37 28 52 110 81 60 55 70
71 28 47 68 27 19 39 20 48 76 39 37 45 34 22 20 23 38 23 19 63 23 42 54 37 13 40 26 43 68 27 46 44 40 45 0 19 43 17 11 67 43 41 62 92 56 23 18 51 85 58 28 24 53 86 73 51 49 68 96 93 78 76 89 112
89 31 64 86 17 37 56 36 66 94 58 52 63 51 40 3 10 57 15 37 81 30 61 72 33 31 57 44 62 86 29 62 63 42 63 19 0 61 3 25 50 33 46 75 107 38 6 33 68 102 44 24 40 71 105 64 52 61 85 114 89 81 87 104 129
29 54 21 26 66 26 20 30 10 33 4 31 3 18 22 62 64 8 62 25 20 48 1 15 69 31 23 18 2 26 55 28 2 62 9 43 61 0 59 40 108 79 56 50 66 98 65 34 23 49 96 61 27 11 44 102 70 44 36 55 115 88 68 63 76
87 31 63 84 18 35 55 34 64 92 56 51 62 49 38 4 11 55 13 36 79 30 59 71 34 29 56 42 60 84 29 61 61 42 62 17 3 59 0 23 51 33 44 73 105 40 6 31 65 100 47 25 39 70 103 66 53 61 84 113 90 81 86 103 128
68 38 49 64 36 14 42 12 43 72 36 42 43 27 22 25 31 34 22 21 60 33 40 53 48 16 43 22 40 64 37 50 41 50 44 11 25 40 23 0 68 40 31 52 83 62 27 9 43 78 67 38 28 51 82 83 61 56 70 95 104 88 83 93 113
135 77 113 132 57 82 105 79 111 140 104 101 110 94 88 48 53 102 47 86 128 78 108 120 71 79 106 90 108 132 74 112 109 84 111 67 50 108 51 68 0 35 70 104 139 29 45 75 108 142 57 67 90 119 150 86 92 110 134 162 114 119 133 153 178
105 64 88 101 48 53 81 49 80 110 75 80 81 63 61 31 42 72 21 61 97 62 79 92 65 54 82 61 78 101 61 89 80 74 84 43 33 79 33 40 35 0 35 70 104 45 29 45 75 108 67 57 66 89 118 92 85 92 109 134 119 113 118 132 153
78 68 72 73 62 36 66 31 53 83 53 70 59 38 47 46 55 48 34 49 71 63 56 70 76 45 68 41 55 73 67 75 57 80 63 41 46 56 44 31 70 35 0 35 70 75 45 28 45 75 90 66 56 66 89 110 92 84 91 109 133 118 112 117 131
60 87 70 55 88 47 68 44 42 63 48 76 52 37 55 75 82 44 65 59 56 81 51 62 99 60 71 46 49 55 87 77 50 98 58 62 75 50 73 52 104 70 35 0 35 108 75 45 28 45 119 89 66 56 66 134 109 91 84 90 153 132 117 111 116
59 114 85 55 119 75 85 73 56 60 66 96 67 61 80 107 114 62 99 84 60 108 67 71 127 86 88 70 64 55 114 92 65 124 72 92 107 66 105 83 139 104 70 35 0 142 108 75 45 28 150 118 89 66 55 162 134 109 90 83 178 153 131 116 110
126 56 98 123 36 74 91 73 103 131 95 84 100 88 77 37 36 94 43 74 118 59 98 108 46 67 91 82 99 123 54 95 100 61 100 56 38 98 40 62 29 45 75 108 142 0 35 70 104 139 29 45 75 108 142 57 67 90 119 150 86 92 110 134 162
93 36 68 89 20 40 61 38 69 98 61 57 67 54 44 4 13 60 12 42 85 35 64 76 37 35 62 48 65 89 34 67 66 46 67 23 6 65 6 27 45 29 45 75 108 35 0 35 70 104 45 29 45 75 108 67 57 66 89 118 92 85 92 109 134
61 43 46 57 44 9 39 5 36 66 30 42 37 19 19 34 39 28 29 21 53 38 34 48 55 18 41 16 34 57 43 48 35 55 39 18 33 34 31 9 75 45 28 45 75 70 35 0 35 70 75 45 28 45 75 90 66 56 66 89 110 92 84 91 109
35 70 44 30 77 32 43 32 14 39 22 52 25 18 36 68 73 18 63 40 29 64 24 34 84 43 45 27 22 30 70 51 23 79 31 51 68 23 65 43 108 75 45 28 45 104 70 35 0 35 108 75 45 28 45 119 89 66 56 66 134 109 91 84 90
33 101 64 31 111 66 67 66 40 34 50 78 48 52 68 103 107 49 97 71 36 95 49 50 116 76 69 60 47 31 102 73 47 110 53 85 102 49 100 78 142 108 75 45 28 139 104 70 35 0 142 108 75 45 28 150 118 89 66 55 162 134 109 90 83
123 44 90 121 32 77 83 77 103 127 93 74 97 91 75 45 37 94 56 71 115 50 95 103 30 66 83 83 97 121 43 85 97 43 95 58 44 96 47 67 57 67 90 119 150 29 45 75 108 142 0 35 70 104 139 29 45 75 108 142 57 67 90 119 150
88 11 56 86 11 44 49 46 69 92 59 41 63 58 41 26 16 60 38 37 80 15 61 69 10 33 49 49 62 86 9 52 63 18 60 28 24 61 25 38 67 57 66 89 118 45 29 45 75 108 35 0 35 70 104 45 29 45 75 108 67 57 66 89 118
54 27 24 52 41 21 16 26 36 58 25 14 28 30 11 42 40 28 46 8 46 21 26 34 42 13 17 20 28 52 28 23 29 35 26 24 40 27 39 28 90 66 56 66 89 75 45 28 45 75 70 35 0 35 70 75 45 28 45 75 90 66 56 66 89
19 61 20 17 75 37 23 41 15 23 15 35 9 28 32 73 73 19 72 35 11 55 11 7 76 41 25 29 12 17 63 28 10 68 10 53 71 11 70 51 119 89 66 56 66 108 75 45 28 45 104 70 35 0 35 108 75 45 28 45 119 89 66 56 66
17 96 52 19 109 69 57 71 40 13 47 68 42 56 66 106 107 49 104 69 24 90 45 37 111 75 58 61 44 19 97 59 43 101 44 86 105 44 103 82 150 118 89 66 55 142 108 75 45 28 139 104 70 35 0 142 108 75 45 28 150 118 89 66 55
126 49 91 125 48 88 85 91 111 129 100 74 102 102 84 66 55 102 78 80 119 55 101 105 36 76 84 92 103 125 49 84 103 41 99 73 64 102 66 83 86 92 110 134 162 57 67 90 119 150 29 45 75 108 142 0 35 70 104 139 29 45 75 108 142
92 24 57 92 38 62 52 66 80 96 69 41 70 74 55 54 44 72 66 51 85 29 69 72 22 50 51 64 72 92 26 49 72 12 66 51 52 70 53 61 92 85 92 109 134 67 57 66 89 118 45 29 45 75 108 35 0 35 70 104 45 29 45 75 108
60 35 25 60 55 49 24 54 53 63 44 15 43 54 38 63 57 48 71 36 54 32 43 40 46 40 22 46 45 60 37 17 44 33 37 49 61 44 61 56 110 92 84 91 109 90 66 56 66 89 75 45 28 45 75 70 35 0 35 70 75 45 28 45 75
33 65 22 36 83 57 29 62 42 34 39 35 33 54 48 87 84 44 90 49 31 61 35 22 79 56 28 51 37 36 67 24 35 66 28 68 85 36 84 70 134 109 91 84 90 119 89 66 56 66 108 75 45 28 45 104 70 35 0 35 108 75 45 28 45
32 98 52 36 115 81 60 85 56 27 59 68 53 72 75 116 115 62 116 77 38 93 56 43 112 84 60 73 56 36 100 57 54 100 52 96 114 55 113 95 162 134 109 90 83 150 118 89 66 55 142 108 75 45 28 139 104 70 35 0 142 108 75 45 28
135 67 99 135 73 107 96 110 124 137 114 85 114 119 100 90 80 117 103 96 128 73 114 114 57 94 94 109 116 135 68 91 116 56 110 93 89 115 90 104 114 119 133 153 178 86 92 110 134 162 57 67 90 119 150 29 45 75 108 142 0 35 70 104 139
104 52 70 105 66 86 68 90 97 106 88 57 87 95 77 83 72 91 94 74 98 55 87 85 50 75 66 86 89 105 53 62 89 40 81 78 81 88 81 88 119 113 118 132 153 92 85 92 109 134 67 57 66 89 118 45 29 45 75 108 35 0 35 70 104
77 57 48 78 77 77 50 82 77 78 69 43 66 81 66 89 81 74 97 64 73 57 67 60 64 68 47 74 69 78 59 41 69 50 60 76 87 68 86 83 133 118 112 117 131 110 92 84 91 109 90 66 56 66 89 75 45 28 45 75 70 35 0 35 70
58 79 46 61 99 82 52 87 70 57 66 53 60 80 72 106 101 71 112 72 58 76 63 50 90 78 50 76 64 61 81 44 63 76 55 89 104 63 103 93 153 132 117 111 116 134 109 91 84 90 119 89 66 56 66 108 75 45 28 45 104 70 35 0 35
57 108 66 62 127 100 74 105 79 53 79 79 73 94 92 131 128 84 134 93 61 104 76 62 121 100 73 93 76 62 110 68 75 107 70 112 129 76 128 113 178 153 131 116 110 162 134 109 90 83 150 118 89 66 55 142 108 75 45 28 139 104 70 35 0
