0 28 66 21 41 25 71 75 22 33 34 21 25 66 22 63 49 29 68 34 5 22 69 9 29 5 51 75 26 45 54 17 39 19 26 37 64 29 59 48 109 89 79 84 102 90 65 52 59 82 78 46 24 38 69 75 40 7 31 65 82 52 34 45 73
28 0 75 44 40 50 56 82 23 47 38 19 18 59 26 36 44 16 65 29 31 30 55 32 31 29 41 83 30 56 27 20 13 11 26 15 68 14 56 41 113 86 67 62 75 101 69 42 35 55 95 61 26 11 45 98 65 34 25 50 108 79 57 51 67
66 75 0 52 37 80 58 9 53 34 38 84 57 39 51 104 38 61 29 48 63 47 57 58 44 71 46 10 46 22 94 80 77 66 50 68 12 63 32 41 44 37 57 87 119 26 13 45 80 114 33 24 50 82 116 56 51 67 93 124 82 79 90 111 138
21 44 52 0 37 29 72 60 27 20 29 41 34 62 25 80 46 39 61 36 16 21 70 13 29 23 52 61 26 31 70 37 53 33 29 49 52 40 54 47 95 80 79 92 114 74 53 52 70 98 59 29 26 55 87 55 21 17 51 85 65 41 39 61 92
41 40 37 37 0 62 36 43 21 22 9 53 23 26 20 68 9 26 27 12 40 20 34 35 12 45 16 43 16 23 58 50 41 33 17 32 29 27 19 10 74 49 42 60 88 62 29 16 46 80 63 31 18 47 80 75 51 45 62 90 94 77 72 84 106
25 50 80 29 62 0 94 88 45 48 54 36 49 88 44 82 71 54 88 57 24 43 92 27 51 22 74 89 48 59 75 32 62 43 49 61 80 54 80 70 123 108 103 109 124 101 82 75 83 103 82 57 47 59 85 70 37 19 42 74 68 34 11 39 73
71 56 58 72 36 94 0 60 49 57 44 74 46 20 50 64 27 44 30 38 71 52 2 67 44 74 21 59 48 55 57 74 48 55 46 42 46 45 27 26 76 42 11 30 64 78 46 21 35 66 90 63 48 55 79 107 86 76 81 98 129 112 104 107 121
75 82 9 60 43 88 60 0 61 42 45 91 65 41 59 110 43 68 31 55 71 55 60 66 52 79 52 3 54 30 100 88 84 74 57 75 16 70 36 47 36 34 59 90 123 20 16 51 85 120 34 32 57 89 123 59 58 75 101 132 86 85 97 119 145
22 23 53 27 21 45 49 61 0 25 16 32 7 45 3 56 28 13 48 12 22 9 47 19 10 26 29 61 7 33 46 30 29 13 5 22 48 14 39 27 93 70 58 66 88 79 49 30 43 73 73 38 4 32 66 78 47 27 41 71 91 67 55 63 86
33 47 34 20 22 48 57 42 25 0 14 52 31 44 22 80 30 36 41 26 30 17 55 25 19 37 37 43 19 12 70 48 52 36 23 45 33 37 36 31 77 61 62 81 108 58 34 37 64 95 49 14 22 56 91 55 30 34 62 94 73 56 58 78 105
34 38 38 29 9 54 44 45 16 14 0 47 20 34 14 69 18 25 35 13 32 12 43 27 7 38 24 45 10 19 59 45 41 29 13 33 32 26 27 19 78 56 51 67 94 63 33 24 50 83 60 26 13 46 80 69 43 37 57 87 87 68 64 77 101
21 19 84 41 53 36 74 91 32 52 47 0 31 75 34 47 59 31 79 42 25 37 72 29 41 19 57 92 38 62 40 5 31 20 36 34 79 30 70 56 125 101 84 80 91 109 80 58 53 68 98 65 35 26 50 95 61 26 11 45 100 68 41 33 54
25 18 57 34 23 49 46 65 7 31 20 31 0 44 10 50 28 6 49 12 26 15 44 24 14 29 27 65 13 38 40 29 22 11 8 16 51 7 40 26 96 70 56 60 81 83 51 28 37 66 79 44 10 26 61 84 53 31 39 67 98 73 59 63 83
66 59 39 62 26 88 20 41 45 44 34 75 44 0 45 77 17 44 11 33 65 45 19 61 37 70 19 40 41 39 68 73 55 55 41 47 27 46 9 19 60 28 20 49 83 59 27 18 48 82 71 47 43 62 91 90 73 70 83 106 114 100 98 107 126
22 26 51 25 20 44 50 59 3 22 14 34 10 45 0 59 28 16 47 13 21 6 48 18 9 26 30 59 5 31 49 31 31 16 5 25 46 17 38 27 92 69 59 68 90 77 47 31 46 76 70 36 3 35 69 75 44 26 43 74 89 65 54 64 87
63 36 104 80 68 82 64 110 56 80 69 47 50 77 59 0 67 45 86 57 67 64 63 68 63 63 60 110 62 87 11 51 28 47 58 36 94 44 77 64 136 104 74 52 47 129 95 61 30 22 128 94 59 26 15 133 100 70 44 39 144 114 88 69 66
49 44 38 46 9 71 27 43 28 30 18 59 28 17 28 67 0 29 21 17 48 28 26 44 20 53 10 43 24 29 58 57 42 39 24 34 28 31 12 4 70 43 33 53 83 62 28 9 43 77 67 37 26 49 81 82 59 53 67 93 102 85 81 91 111
29 16 61 39 26 54 44 68 13 36 25 31 6 44 16 45 29 0 50 14 31 21 42 30 18 33 26 68 18 43 35 31 17 12 14 10 54 2 41 26 98 71 54 55 75 87 54 28 32 60 84 49 15 22 56 90 59 36 39 64 104 78 63 64 82
68 65 29 61 27 88 30 31 48 41 35 79 49 11 47 86 21 50 0 38 66 46 30 61 39 72 27 29 43 34 77 77 62 59 44 54 18 52 10 24 51 22 29 60 94 49 17 25 58 93 61 41 45 69 100 82 69 71 88 113 107 96 98 111 132
34 29 48 36 12 57 38 55 12 26 13 42 12 33 13 57 17 14 38 0 34 16 36 30 9 38 17 55 11 31 47 40 29 22 9 21 40 15 28 15 85 59 46 56 82 74 41 18 38 70 72 38 11 35 69 81 53 39 51 78 98 76 67 74 95
5 31 63 16 40 24 71 71 22 30 32 25 26 65 21 67 48 31 66 34 0 21 69 6 28 8 51 72 25 42 57 21 42 22 26 39 61 31 58 47 106 87 79 86 105 87 62 51 62 86 74 42 23 42 73 70 36 6 35 69 78 49 34 48 77
22 30 47 21 20 43 52 55 9 17 12 37 15 45 6 64 28 21 46 16 21 0 50 16 9 26 32 56 5 26 54 34 37 20 9 30 43 22 38 27 89 67 60 71 95 73 44 32 51 81 65 31 6 40 74 70 39 25 47 78 84 61 53 66 91
69 55 57 70 34 92 2 60 47 55 43 72 44 19 48 63 26 42 30 36 69 50 0 66 42 72 19 59 46 53 56 72 47 54 44 40 45 43 26 25 77 43 13 31 64 78 45 19 34 66 89 62 46 54 78 106 85 74 79 97 127 110 102 105 119
9 32 58 13 35 27 67 66 19 25 27 29 24 61 18 68 44 30 61 30 6 16 66 0 24 13 47 67 21 36 59 25 42 22 22 39 56 30 53 43 101 82 76 84 104 82 57 48 61 87 69 37 20 43 75 67 33 10 39 73 76 49 37 53 82
29 31 44 29 12 51 44 52 10 19 7 41 14 37 9 63 20 18 39 9 28 9 42 24 0 34 24 52 4 25 53 39 35 22 6 27 38 20 30 19 84 61 52 64 89 70 39 24 45 77 66 32 7 39 74 74 45 33 51 80 90 69 61 72 95
5 29 71 23 45 22 74 79 26 37 38 19 29 70 26 63 53 33 72 38 8 26 72 13 34 0 55 79 30 49 54 15 41 21 30 39 68 32 63 52 113 93 83 87 103 94 69 55 61 83 81 50 28 39 68 77 42 7 28 63 82 51 31 41 69
51 41 46 52 16 74 21 52 29 37 24 57 27 19 30 60 10 26 27 17 51 32 19 47 24 55 0 51 27 37 51 56 37 37 26 28 36 28 18 7 77 46 29 45 74 71 36 2 34 69 76 45 28 44 74 90 66 56 65 88 110 91 84 90 107
75 83 10 61 43 89 59 3 61 43 45 92 65 40 59 110 43 68 29 55 72 56 59 67 52 79 51 0 54 31 100 89 83 74 58 75 16 70 35 46 35 32 57 89 122 20 15 50 84 119 36 33 58 89 122 61 59 76 102 132 88 87 99 120 146
26 30 46 26 16 48 48 54 7 19 10 38 13 41 5 62 24 18 43 11 25 5 46 21 4 30 27 54 0 27 52 36 34 20 5 27 41 19 34 23 87 64 56 67 91 72 42 28 47 78 67 32 4 38 73 73 43 30 48 78 88 66 57 69 92
45 56 22 31 23 59 55 30 33 12 19 62 38 39 31 87 29 43 34 31 42 26 53 36 25 49 37 31 27 0 77 59 60 46 31 52 22 45 30 31 65 51 58 81 110 47 23 37 68 101 41 9 30 64 99 54 35 45 72 104 75 63 69 89 116
54 27 94 70 58 75 57 100 46 70 59 40 40 68 49 11 58 35 77 47 57 54 56 59 53 54 51 100 52 77 0 43 18 37 48 26 85 34 68 55 127 96 68 49 52 119 85 52 24 29 118 84 49 16 23 123 91 61 39 42 134 105 80 66 67
17 20 80 37 50 32 74 88 30 48 45 5 29 73 31 51 57 31 77 40 21 34 72 25 39 15 56 89 36 59 43 0 32 19 34 34 76 30 68 55 122 99 84 82 94 105 77 57 55 71 94 61 33 29 55 91 56 22 14 49 96 64 38 34 58
39 13 77 53 41 62 48 84 29 52 41 31 22 55 31 28 42 17 62 29 42 37 47 42 35 41 37 83 34 60 18 32 0 21 30 9 68 16 53 39 112 82 59 50 63 102 69 38 23 45 100 66 31 8 40 106 74 46 34 52 118 90 69 62 73
19 11 66 33 33 43 55 74 13 36 29 20 11 55 16 47 39 12 59 22 22 20 54 22 22 21 37 74 20 46 37 19 21 0 17 18 60 12 50 36 106 81 65 66 83 92 61 39 41 65 85 50 17 22 56 87 54 26 29 59 98 70 51 53 73
26 26 50 29 17 49 46 57 5 23 13 36 8 41 5 58 24 14 44 9 26 9 44 22 6 30 26 58 5 31 48 34 30 17 0 23 44 15 35 22 89 65 54 64 87 76 45 26 43 73 71 36 3 34 69 77 47 31 45 75 92 69 59 67 90
37 15 68 49 32 61 42 75 22 45 33 34 16 47 25 36 34 10 54 21 39 30 40 39 27 39 28 75 27 52 26 34 9 18 23 0 60 9 45 30 104 74 52 49 66 94 61 30 23 51 93 58 25 16 48 99 69 44 39 60 113 87 69 66 80
64 68 12 52 29 80 46 16 48 33 32 79 51 27 46 94 28 54 18 40 61 43 45 56 38 68 36 16 41 22 85 76 68 60 44 60 0 55 21 31 46 30 46 76 108 35 2 35 70 104 44 27 44 74 107 66 56 65 88 117 91 84 90 108 133
29 14 63 40 27 54 45 70 14 37 26 30 7 46 17 44 31 2 52 15 31 22 43 30 20 32 28 70 19 45 34 30 16 12 15 9 55 0 42 28 100 73 55 56 75 88 56 29 31 59 85 51 16 20 54 91 60 36 38 63 104 79 62 63 81
59 56 32 54 19 80 27 36 39 36 27 70 40 9 38 77 12 41 10 28 58 38 26 53 30 63 18 35 34 30 68 68 53 50 35 45 21 42 0 15 60 31 29 56 88 55 20 16 51 85 64 38 36 60 91 82 64 63 79 104 105 91 90 102 122
48 41 41 47 10 70 26 47 27 31 19 56 26 19 27 64 4 26 24 15 47 27 25 43 19 52 7 46 23 31 55 55 39 36 22 30 31 28 15 0 74 45 33 51 80 66 32 6 39 74 70 39 24 45 77 84 61 52 65 90 104 86 80 88 108
109 113 44 95 74 123 76 36 93 77 78 125 96 60 92 136 70 98 51 85 106 89 77 101 84 113 77 35 87 65 127 122 112 106 89 104 46 100 60 74 0 35 70 104 139 29 45 75 108 142 57 67 90 119 150 86 92 110 134 162 114 119 133 153 178
89 86 37 80 49 108 42 34 70 61 56 101 70 28 69 104 43 71 22 59 87 67 43 82 61 93 46 32 64 51 96 99 82 81 65 74 30 73 31 45 35 0 35 70 104 45 29 45 75 108 67 57 66 89 118 92 85 92 109 134 119 113 118 132 153
79 67 57 79 42 103 11 59 58 62 51 84 56 20 59 74 33 54 29 46 79 60 13 76 52 83 29 57 56 58 68 84 59 65 54 52 46 55 29 33 70 35 0 35 70 75 45 28 45 75 90 66 56 66 89 110 92 84 91 109 133 118 112 117 131
84 62 87 92 60 109 30 90 66 81 67 80 60 49 68 52 53 55 60 56 86 71 31 84 64 87 45 89 67 81 49 82 50 66 64 49 76 56 56 51 104 70 35 0 35 108 75 45 28 45 119 89 66 56 66 134 109 91 84 90 153 132 117 111 116
102 75 119 114 88 124 64 123 88 108 94 91 81 83 90 47 83 75 94 82 105 95 64 104 89 103 74 122 91 110 52 94 63 83 87 66 108 75 88 80 139 104 70 35 0 142 108 75 45 28 150 118 89 66 55 162 134 109 90 83 178 153 131 116 110
90 101 26 74 62 101 78 20 79 58 63 109 83 59 77 129 62 87 49 74 87 73 78 82 70 94 71 20 72 47 119 105 102 92 76 94 35 88 55 66 29 45 75 108 142 0 35 70 104 139 29 45 75 108 142 57 67 90 119 150 86 92 110 134 162
65 69 13 53 29 82 46 16 49 34 33 80 51 27 47 95 28 54 17 41 62 44 45 57 39 69 36 15 42 23 85 77 69 61 45 61 2 56 20 32 45 29 45 75 108 35 0 35 70 104 45 29 45 75 108 67 57 66 89 118 92 85 92 109 134
52 42 45 52 16 75 21 51 30 37 24 58 28 18 31 61 9 28 25 18 51 32 19 48 24 55 2 50 28 37 52 57 38 39 26 30 35 29 16 6 75 45 28 45 75 70 35 0 35 70 75 45 28 45 75 90 66 56 66 89 110 92 84 91 109
59 35 80 70 46 83 35 85 43 64 50 53 37 48 46 30 43 32 58 38 62 51 34 61 45 61 34 84 47 68 24 55 23 41 43 23 70 31 51 39 108 75 45 28 45 104 70 35 0 35 108 75 45 28 45 119 89 66 56 66 134 109 91 84 90
82 55 114 98 80 103 66 120 73 95 83 68 66 82 76 22 77 60 93 70 86 81 66 87 77 83 69 119 78 101 29 71 45 65 73 51 104 59 85 74 142 108 75 45 28 139 104 70 35 0 142 108 75 45 28 150 118 89 66 55 162 134 109 90 83
78 95 33 59 63 82 90 34 73 49 60 98 79 71 70 128 67 84 61 72 74 65 89 69 66 81 76 36 67 41 118 94 100 85 71 93 44 85 64 70 57 67 90 119 150 29 45 75 108 142 0 35 70 104 139 29 45 75 108 142 57 67 90 119 150
46 61 24 29 31 57 63 32 38 14 26 65 44 47 36 94 37 49 41 38 42 31 62 37 32 50 45 33 32 9 84 61 66 50 36 58 27 51 38 39 67 57 66 89 118 45 29 45 75 108 35 0 35 70 104 45 29 45 75 108 67 57 66 89 118
24 26 50 26 18 47 48 57 4 22 13 35 10 43 3 59 26 15 45 11 23 6 46 20 7 28 28 58 4 30 49 33 31 17 3 25 44 16 36 24 90 66 56 66 89 75 45 28 45 75 70 35 0 35 70 75 45 28 45 75 90 66 56 66 89
38 11 82 55 47 59 55 89 32 56 46 26 26 62 35 26 49 22 69 35 42 40 54 43 39 39 44 89 38 64 16 29 8 22 34 16 74 20 60 45 119 89 66 56 66 108 75 45 28 45 104 70 35 0 35 108 75 45 28 45 119 89 66 56 66
69 45 116 87 80 85 79 123 66 91 80 50 61 91 69 15 81 56 100 69 73 74 78 75 74 68 74 122 73 99 23 55 40 56 69 48 107 54 91 77 150 118 89 66 55 142 108 75 45 28 139 104 70 35 0 142 108 75 45 28 150 118 89 66 55
75 98 56 55 75 70 107 59 78 55 69 95 84 90 75 133 82 90 82 81 70 70 106 67 74 77 90 61 73 54 123 91 106 87 77 99 66 91 82 84 86 92 110 134 162 57 67 90 119 150 29 45 75 108 142 0 35 70 104 139 29 45 75 108 142
40 65 51 21 51 37 86 58 47 30 43 61 53 73 44 100 59 59 69 53 36 39 85 33 45 42 66 59 43 35 91 56 74 54 47 69 56 60 64 61 92 85 92 109 134 67 57 66 89 118 45 29 45 75 108 35 0 35 70 104 45 29 45 75 108
7 34 67 17 45 19 76 75 27 34 37 26 31 70 26 70 53 36 71 39 6 25 74 10 33 7 56 76 30 45 61 22 46 26 31 44 65 36 63 52 110 92 84 91 109 90 66 56 66 89 75 45 28 45 75 70 35 0 35 70 75 45 28 45 75
31 25 93 51 62 42 81 101 41 62 57 11 39 83 43 44 67 39 88 51 35 47 79 39 51 28 65 102 48 72 39 14 34 29 45 39 88 38 79 65 134 109 91 84 90 119 89 66 56 66 108 75 45 28 45 104 70 35 0 35 108 75 45 28 45
65 50 124 85 90 74 98 132 71 94 87 45 67 106 74 39 93 64 113 78 69 78 97 73 80 63 88 132 78 104 42 49 52 59 75 60 117 63 104 90 162 134 109 90 83 150 118 89 66 55 142 108 75 45 28 139 104 70 35 0 142 108 75 45 28
82 108 82 65 94 68 129 86 91 73 87 100 98 114 89 144 102 104 107 98 78 84 127 76 90 82 110 88 88 75 134 96 118 98 92 113 91 104 105 104 114 119 133 153 178 86 92 110 134 162 57 67 90 119 150 29 45 75 108 142 0 35 70 104 139
52 79 79 41 77 34 112 85 67 56 68 68 73 100 65 114 85 78 96 76 49 61 110 49 69 51 91 87 66 63 105 64 90 70 69 87 84 79 91 86 119 113 118 132 153 92 85 92 109 134 67 57 66 89 118 45 29 45 75 108 35 0 35 70 104
34 57 90 39 72 11 104 97 55 58 64 41 59 98 54 88 81 63 98 67 34 53 102 37 61 31 84 99 57 69 80 38 69 51 59 69 90 62 90 80 133 118 112 117 131 110 92 84 91 109 90 66 56 66 89 75 45 28 45 75 70 35 0 35 70
45 51 111 61 84 39 107 119 63 78 77 33 63 107 64 69 91 64 111 74 48 66 105 53 72 41 90 120 69 89 66 34 62 53 67 66 108 63 102 88 153 132 117 111 116 134 109 91 84 90 119 89 66 56 66 108 75 45 28 45 104 70 35 0 35
73 67 138 92 106 73 121 145 86 105 101 54 83 126 87 66 111 82 132 95 77 91 119 82 95 69 107 146 92 116 67 58 73 73 90 80 133 81 122 108 178 153 131 116 110 162 134 109 90 83 150 118 89 66 55 142 108 75 45 28 139 104 70 35 0
