0 46 22 17 28 18 37 63 44 19 21 60 23 29 70 28 43 37 13 17 5 46 17 38 31 22 38 66 43 22 31 61 18 26 44 26 45 20 20 5 6 49 82 46 14 22 24 27
46 0 25 38 20 39 25 48 46 41 33 16 24 49 57 49 6 48 57 54 45 42 30 12 22 44 25 54 37 39 31 18 32 54 53 46 3 36 27 47 41 43 69 56 39 48 58 42
22 25 0 18 10 18 21 51 38 23 14 39 3 31 59 31 22 35 33 32 21 37 6 18 16 24 22 55 32 22 20 40 10 34 42 28 24 18 2 23 17 39 72 44 18 28 36 26
17 38 18 0 18 28 39 68 53 5 27 49 20 42 76 41 33 48 30 18 13 53 18 27 18 34 40 72 49 5 36 49 23 41 55 38 37 3 17 15 15 56 89 57 4 36 40 38
28 20 10 18 0 28 27 57 46 22 24 32 12 41 65 41 16 44 41 35 26 45 15 10 7 34 28 61 39 20 28 33 20 44 51 38 20 17 11 28 24 46 78 53 19 38 46 35
18 39 18 28 28 0 22 46 27 32 7 55 18 15 53 14 38 21 22 34 21 29 14 35 34 7 23 49 26 33 15 57 9 16 28 11 38 30 18 21 15 32 65 30 26 10 19 10
37 25 21 39 27 22 0 30 22 43 17 40 19 26 38 27 27 23 43 51 39 18 23 28 33 24 1 34 13 43 8 42 20 34 28 24 23 39 23 40 32 19 51 31 38 28 39 21
63 48 51 68 57 46 30 0 23 73 43 59 49 40 9 42 53 31 66 79 66 18 51 55 62 44 30 6 21 73 33 61 48 49 29 41 46 69 52 67 60 15 22 30 67 47 56 39
44 46 38 53 46 27 22 23 0 57 26 61 36 18 28 19 49 8 44 60 47 7 36 48 52 23 22 24 10 57 19 63 31 27 8 19 44 54 38 48 41 9 39 10 51 25 33 18
19 41 23 5 22 32 43 73 57 0 31 52 25 45 81 44 37 52 31 15 14 57 22 31 21 37 44 76 53 4 40 52 26 43 59 42 41 5 21 16 18 60 93 61 6 39 42 41
21 33 14 27 24 7 17 43 26 31 0 49 13 18 51 18 32 22 27 36 23 27 11 30 30 11 18 46 23 32 11 50 5 22 29 14 32 29 14 24 17 29 63 31 26 16 25 12
60 16 39 49 32 55 40 59 61 52 49 0 39 64 67 64 18 63 71 66 58 56 44 23 32 59 40 65 51 49 46 3 47 70 68 61 18 47 41 60 55 56 79 70 51 64 74 58
23 24 3 20 12 18 19 49 36 25 13 39 0 30 57 30 22 33 33 34 23 35 6 18 18 23 20 53 30 24 18 40 9 33 40 26 23 21 4 24 17 37 69 42 20 27 36 24
29 49 31 42 41 15 26 40 18 45 18 64 30 0 45 2 49 10 28 45 34 22 28 47 47 9 27 41 22 47 19 66 22 10 16 4 47 44 31 33 28 26 56 17 40 8 16 7
70 57 59 76 65 53 38 9 28 81 51 67 57 45 0 47 61 36 72 86 73 25 59 64 71 50 38 5 28 81 41 69 55 54 32 47 55 77 60 74 67 22 13 33 75 53 60 45
28 49 31 41 41 14 27 42 19 44 18 64 30 2 47 0 49 11 26 44 32 24 27 46 46 8 27 43 23 46 19 66 21 9 17 4 47 43 30 32 27 27 57 18 38 7 15 7
43 6 22 33 16 38 27 53 49 37 32 18 22 49 61 49 0 49 54 50 41 45 27 6 17 43 27 58 40 34 32 19 31 54 55 46 7 32 24 43 38 46 74 57 35 48 57 43
37 48 35 48 44 21 23 31 8 52 22 63 33 10 36 11 49 0 37 54 41 14 32 48 50 16 24 32 15 53 18 65 27 19 8 12 46 50 35 41 35 17 46 10 46 18 25 11
13 57 33 30 41 22 43 66 44 31 27 71 33 28 72 26 54 37 0 23 17 48 28 49 44 23 44 68 46 33 36 73 26 20 43 26 56 32 31 15 17 51 83 43 27 20 16 28
17 54 32 18 35 34 51 79 60 15 36 66 34 45 86 44 50 54 23 0 13 62 29 44 35 38 52 82 58 18 46 66 32 40 60 42 54 19 30 13 20 65 98 62 16 38 37 43
5 45 21 13 26 21 39 66 47 14 23 58 23 34 73 32 41 41 17 13 0 49 17 36 29 26 39 69 45 17 33 59 19 30 48 30 44 16 19 3 7 52 85 50 10 26 29 30
46 42 37 53 45 29 18 18 7 57 27 56 35 22 25 24 45 14 48 62 49 0 36 46 51 26 18 20 6 58 18 58 31 32 14 23 40 54 38 50 43 4 36 16 52 29 38 21
17 30 6 18 15 14 23 51 36 22 11 44 6 28 59 27 27 32 28 29 17 36 0 23 20 20 23 55 31 22 19 46 6 29 39 24 28 19 4 19 12 38 72 42 16 23 31 22
38 12 18 27 10 35 28 55 48 31 30 23 18 47 64 46 6 48 49 44 36 46 23 0 11 40 28 60 40 28 31 24 27 51 54 43 12 26 19 38 33 47 76 57 29 44 53 40
31 22 16 18 7 34 33 62 52 21 30 32 18 47 71 46 17 50 44 35 29 51 20 11 0 40 34 67 45 18 34 32 26 49 57 43 22 16 17 31 27 52 83 59 20 43 51 41
22 44 24 34 34 7 24 44 23 37 11 59 23 9 50 8 43 16 23 38 26 26 20 40 40 0 25 46 24 39 16 61 15 11 23 5 42 36 23 26 20 29 61 24 32 5 16 6
38 25 22 40 28 23 1 30 22 44 18 40 20 27 38 27 27 24 44 52 39 18 23 28 34 25 0 34 13 44 9 42 21 35 29 25 23 40 23 41 33 19 51 31 39 29 40 21
66 54 55 72 61 49 34 6 24 76 46 65 53 41 5 43 58 32 68 82 69 20 55 60 67 46 34 0 24 76 37 67 51 50 28 43 52 73 56 70 63 18 17 29 71 48 56 41
43 37 32 49 39 26 13 21 10 53 23 51 30 22 28 23 40 15 46 58 45 6 31 40 45 24 13 24 0 53 13 53 27 31 18 22 35 49 33 46 39 8 41 20 47 28 37 19
22 39 22 5 20 33 43 73 57 4 32 49 24 47 81 46 34 53 33 18 17 58 22 28 18 39 44 76 53 0 40 50 27 46 60 43 39 4 21 19 20 60 93 62 8 41 45 42
31 31 20 36 28 15 8 33 19 40 11 46 18 19 41 19 32 18 36 46 33 18 19 31 34 16 9 37 13 40 0 48 15 26 24 17 29 37 20 34 27 20 53 27 35 21 31 13
61 18 40 49 33 57 42 61 63 52 50 3 40 66 69 66 19 65 73 66 59 58 46 24 32 61 42 67 53 50 48 0 49 72 70 63 20 48 42 61 56 58 81 73 52 66 75 60
18 32 10 23 20 9 20 48 31 26 5 47 9 22 55 21 31 27 26 32 19 31 6 27 26 15 21 51 27 27 15 49 0 25 34 18 31 24 9 20 13 34 67 36 21 18 27 17
26 54 34 41 44 16 34 49 27 43 22 70 33 10 54 9 54 19 20 40 30 32 29 51 49 11 35 50 31 46 26 72 25 0 23 10 53 43 33 30 26 35 64 24 38 7 7 14
44 53 42 55 51 28 28 29 8 59 29 68 40 16 32 17 55 8 43 60 48 14 39 54 57 23 29 28 18 60 24 70 34 23 0 18 51 57 42 48 42 16 41 3 53 24 29 18
26 46 28 38 38 11 24 41 19 42 14 61 26 4 47 4 46 12 26 42 30 23 24 43 43 5 25 43 22 43 17 63 18 10 18 0 44 40 27 30 25 26 57 20 36 6 16 4
45 3 24 37 20 38 23 46 44 41 32 18 23 47 55 47 7 46 56 54 44 40 28 12 22 42 23 52 35 39 29 20 31 53 51 44 0 36 25 46 40 41 67 54 38 47 56 41
20 36 18 3 17 30 39 69 54 5 29 47 21 44 77 43 32 50 32 19 16 54 19 26 16 36 40 73 49 4 37 48 24 43 57 40 36 0 17 18 18 56 89 59 6 38 43 39
20 27 2 17 11 18 23 52 38 21 14 41 4 31 60 30 24 35 31 30 19 38 4 19 17 23 23 56 33 21 20 42 9 33 42 27 25 17 0 21 15 40 73 44 16 27 35 25
5 47 23 15 28 21 40 67 48 16 24 60 24 33 74 32 43 41 15 13 3 50 19 38 31 26 41 70 46 19 34 61 20 30 48 30 46 18 21 0 8 52 86 50 12 26 27 31
6 41 17 15 24 15 32 60 41 18 17 55 17 28 67 27 38 35 17 20 7 43 12 33 27 20 33 63 39 20 27 56 13 26 42 25 40 18 15 8 0 45 79 44 12 21 26 24
49 43 39 56 46 32 19 15 9 60 29 56 37 26 22 27 46 17 51 65 52 4 38 47 52 29 19 18 8 60 20 58 34 35 16 26 41 56 40 52 45 0 34 18 54 32 41 24
82 69 72 89 78 65 51 22 39 93 63 79 69 56 13 57 74 46 83 98 85 36 72 76 83 61 51 17 41 93 53 81 67 64 41 57 67 89 73 86 79 34 0 41 87 63 70 56
46 56 44 57 53 30 31 30 10 61 31 70 42 17 33 18 57 10 43 62 50 16 42 57 59 24 31 29 20 62 27 73 36 24 3 20 54 59 44 50 44 18 41 0 55 25 30 20
14 39 18 4 19 26 38 67 51 6 26 51 20 40 75 38 35 46 27 16 10 52 16 29 20 32 39 71 47 8 35 52 21 38 53 36 38 6 16 12 12 54 87 55 0 33 37 35
22 48 28 36 38 10 28 47 25 39 16 64 27 8 53 7 48 18 20 38 26 29 23 44 43 5 29 48 28 41 21 66 18 7 24 6 47 38 27 26 21 32 63 25 33 0 11 9
24 58 36 40 46 19 39 56 33 42 25 74 36 16 60 15 57 25 16 37 29 38 31 53 51 16 40 56 37 45 31 75 27 7 29 16 56 43 35 27 26 41 70 30 37 11 0 19
27 42 26 38 35 10 21 39 18 41 12 58 24 7 45 7 43 11 28 43 30 21 22 40 41 6 21 41 19 42 13 60 17 14 18 4 41 39 25 31 24 24 56 20 35 9 19 0
