0 28 46 52 15 28 36 44 18 23 56 16 34 28 46 16 47 29 12 27 33 22 20 41 7 26 30 18 8 53 59 55 31 25 26 56 17 28 47 16 106 81 67 69 86 91 61 40 43 67 83 49 17 24 57 85 52 23 29 59 95 68 49 52 73
28 0 61 79 28 23 12 18 38 36 70 42 61 48 24 35 57 4 34 44 11 8 46 68 34 4 12 15 31 79 71 66 56 36 7 30 25 54 66 40 121 91 67 54 62 111 78 47 27 41 108 73 39 4 32 112 79 49 30 43 122 93 69 57 65
46 61 0 54 35 41 73 79 28 26 10 49 43 19 65 31 14 60 55 19 71 60 36 43 44 62 70 47 38 43 15 12 28 26 56 89 37 34 9 31 61 37 39 63 94 51 17 20 54 89 56 28 30 59 91 72 54 55 74 102 95 81 82 95 118
52 79 54 0 56 73 87 95 49 56 60 39 19 44 96 50 66 81 49 51 84 73 35 13 46 77 81 68 50 14 66 65 30 58 77 108 61 28 46 43 91 84 91 109 134 66 56 66 89 118 44 28 45 75 108 35 1 36 70 105 45 29 46 76 109
15 28 35 56 0 17 39 46 10 10 44 27 39 21 41 7 34 28 26 16 38 26 22 44 17 28 36 14 8 53 47 42 29 11 24 57 5 29 38 14 95 69 53 57 78 83 51 26 34 64 80 46 12 25 60 87 56 35 41 68 101 76 62 65 84
28 23 41 73 17 0 34 39 25 19 49 43 55 33 25 23 35 21 39 27 34 25 39 60 33 25 34 13 25 69 49 45 44 18 17 48 13 45 47 30 99 69 45 41 61 92 58 25 17 49 93 59 28 22 51 102 73 50 47 66 117 93 77 74 87
36 12 73 87 39 34 0 9 48 47 81 49 69 59 28 45 68 14 39 55 3 15 55 76 42 11 8 26 40 88 82 78 65 47 18 21 36 63 77 50 132 103 77 61 63 122 89 58 35 38 118 83 49 15 22 120 87 54 28 32 129 98 71 53 56
44 18 79 95 46 39 9 0 55 54 87 57 78 66 26 53 73 19 48 61 12 23 63 84 50 19 16 33 48 96 88 83 73 54 24 13 42 71 83 57 138 107 80 60 57 129 95 63 36 31 126 91 56 22 14 129 95 63 35 31 137 107 79 59 57
18 38 28 49 10 25 48 55 0 9 38 25 32 12 49 4 30 38 28 10 46 34 16 36 17 37 44 23 10 44 41 37 20 11 33 67 14 21 30 7 88 64 52 62 86 75 44 24 42 73 71 36 5 34 69 78 49 33 47 76 93 71 60 69 91
23 36 26 56 10 19 47 54 9 0 35 32 39 15 44 9 25 35 34 8 46 34 24 43 24 36 45 22 15 50 37 33 26 3 31 64 12 28 30 15 86 59 45 54 79 76 42 17 35 68 75 41 13 33 67 84 56 40 50 77 100 78 68 74 94
56 70 10 60 44 49 81 87 38 35 0 59 52 29 71 41 16 68 65 29 80 69 45 50 54 70 79 56 48 48 6 7 37 34 64 96 46 43 14 41 52 28 36 65 97 45 11 25 60 94 55 33 40 67 99 75 61 64 84 111 99 89 91 105 128
16 42 49 39 27 43 49 57 25 32 59 0 22 31 62 24 54 44 11 33 46 35 14 29 11 40 43 33 19 42 63 60 26 35 42 70 31 20 47 19 106 86 77 83 101 87 62 49 58 83 75 43 21 38 70 73 38 8 33 68 81 52 36 48 76
34 61 43 19 39 55 69 78 32 39 52 22 0 29 78 33 54 63 33 35 67 55 17 8 28 60 63 50 32 21 57 55 16 42 59 90 43 12 38 26 92 78 79 93 116 70 51 52 72 100 55 26 28 57 91 52 18 21 55 89 63 40 41 65 96
28 48 19 44 21 33 59 66 12 15 29 31 29 0 58 15 26 48 37 8 58 45 18 31 26 48 56 34 21 37 33 30 14 16 44 77 25 18 19 13 78 56 50 66 93 64 33 23 49 82 61 27 12 45 80 70 44 37 57 87 88 69 64 77 101
46 24 65 96 41 25 28 26 49 44 71 62 78 58 0 47 56 20 55 52 30 31 62 84 52 27 33 29 46 93 71 66 69 43 21 29 36 69 72 54 120 87 57 35 40 116 81 47 13 24 118 84 52 26 33 127 96 69 53 56 140 113 92 80 82
16 35 31 50 7 23 45 53 4 9 41 24 33 15 47 0 33 35 26 12 43 31 17 37 15 34 41 21 8 46 44 40 22 12 31 64 12 22 33 8 91 66 54 62 84 78 47 26 40 70 74 39 5 31 66 80 50 31 44 72 95 71 59 66 88
47 57 14 66 34 35 68 73 30 25 16 54 54 26 56 33 0 55 58 22 67 57 43 54 47 58 67 43 40 56 15 11 38 23 50 82 35 43 23 36 65 36 26 50 82 61 27 10 44 79 69 42 34 55 85 86 66 61 75 99 108 93 89 98 118
29 4 60 81 28 21 14 19 38 35 68 44 63 48 20 35 55 0 37 43 14 11 47 69 35 7 16 15 31 80 69 65 56 35 5 30 24 55 65 40 119 89 64 51 59 110 77 45 23 39 108 73 39 7 32 113 80 51 34 46 124 96 72 61 68
12 34 55 49 26 39 39 48 28 34 65 11 33 37 55 26 58 37 0 37 36 27 23 40 11 31 33 28 19 53 69 65 35 37 35 60 29 30 55 24 114 91 78 80 95 97 69 51 54 75 86 53 25 30 60 83 49 15 23 57 90 60 38 41 66
27 44 19 51 16 27 55 61 10 8 29 33 35 8 52 12 22 43 37 0 53 42 22 38 26 44 52 29 19 44 32 28 21 9 39 72 20 24 23 15 80 55 45 59 86 68 35 17 42 75 67 33 13 41 74 77 51 40 56 83 95 75 68 78 100
33 11 71 84 38 34 3 12 46 46 80 46 67 58 30 43 67 14 36 53 0 13 53 73 39 10 5 25 38 86 82 77 63 46 18 24 34 60 75 48 131 102 77 63 66 121 88 57 36 41 116 81 47 13 24 118 84 51 25 32 126 95 68 51 55
22 8 60 73 26 25 15 23 34 34 69 35 55 45 31 31 57 11 27 42 13 0 41 62 28 5 11 14 26 74 71 66 51 35 12 35 23 48 63 35 120 92 70 61 70 109 76 47 33 48 104 69 35 5 36 106 73 41 24 43 116 86 62 51 62
20 46 36 35 22 39 55 63 16 24 45 14 17 18 62 17 43 47 23 22 53 41 0 22 14 45 50 34 16 34 50 47 13 27 44 75 27 8 34 10 92 72 66 77 100 74 48 39 56 84 64 31 12 42 76 66 34 20 45 78 79 55 47 62 89
41 68 43 13 44 60 76 84 36 43 50 29 8 31 84 37 54 69 40 38 73 62 22 0 35 66 70 55 38 14 56 55 18 45 65 96 49 15 36 30 87 76 80 96 121 64 48 54 77 106 48 21 32 64 97 45 13 28 62 96 58 39 46 72 103
7 34 44 46 17 33 42 50 17 24 54 11 28 26 52 15 47 35 11 26 39 28 14 35 0 32 36 24 9 47 58 54 26 26 32 62 21 22 44 13 103 80 68 73 91 87 58 41 48 74 78 44 14 30 63 79 46 18 32 64 89 62 45 52 76
26 4 62 77 28 25 11 19 37 36 70 40 60 48 27 34 58 7 31 44 10 5 45 66 32 0 10 15 30 78 72 67 55 37 9 31 25 52 66 39 122 93 69 58 65 111 78 48 30 44 107 73 38 4 32 110 77 46 27 42 120 91 66 54 63
30 12 70 81 36 34 8 16 44 45 79 43 63 56 33 41 67 16 33 52 5 11 50 70 36 10 0 24 36 82 81 76 60 45 19 28 33 57 74 45 130 102 78 65 70 119 87 57 38 45 113 79 45 13 28 114 80 47 21 33 122 91 64 48 53
18 15 47 68 14 13 26 33 23 22 56 33 50 34 29 21 43 15 28 29 25 14 34 55 24 15 24 0 18 66 57 53 42 22 11 44 10 41 51 26 107 78 57 52 68 97 63 34 26 51 94 59 25 12 46 99 68 41 35 56 112 85 65 62 76
8 31 38 50 8 25 40 48 10 15 48 19 32 21 46 8 40 31 19 19 38 26 16 38 9 30 36 18 0 49 51 47 25 18 28 60 12 24 40 10 98 73 60 65 85 84 53 32 41 69 78 43 9 27 62 82 50 27 37 66 95 69 54 59 81
53 79 43 14 53 69 88 96 44 50 48 42 21 37 93 46 56 80 53 44 86 74 34 14 47 78 82 66 49 0 54 54 25 52 76 108 58 26 35 40 78 71 81 102 129 53 43 58 85 116 34 15 42 75 109 34 15 42 75 109 53 43 58 85 116
59 71 15 66 47 49 82 88 41 37 6 63 57 33 71 44 15 69 69 32 82 71 50 56 58 72 81 57 51 54 0 5 42 36 65 96 48 48 20 45 51 23 31 61 95 47 15 25 59 93 60 39 44 69 100 81 67 69 87 113 105 94 96 109 131
55 66 12 65 42 45 78 83 37 33 7 60 55 30 66 40 11 65 65 28 77 66 47 55 54 67 76 53 47 54 5 0 40 32 60 92 44 45 19 42 55 27 29 58 91 51 18 20 54 89 62 39 40 64 95 82 66 66 83 108 105 93 93 106 126
31 56 28 30 29 44 65 73 20 26 37 26 16 14 69 22 38 56 35 21 63 51 13 18 26 55 60 42 25 25 42 40 0 29 52 85 34 7 24 16 81 64 63 79 105 62 37 37 61 92 53 19 18 52 86 58 30 30 57 90 75 56 55 73 101
25 36 26 58 11 18 47 54 11 3 34 35 42 16 43 12 23 35 37 9 46 35 27 45 26 37 45 22 18 52 36 32 29 0 31 64 13 31 31 18 86 58 43 52 77 76 42 15 33 66 76 42 15 34 66 86 58 43 52 77 103 81 71 76 95
26 7 56 77 24 17 18 24 33 31 64 42 59 44 21 31 50 5 35 39 18 12 44 65 32 9 19 11 28 76 65 60 52 31 0 34 20 51 60 36 115 85 60 49 61 106 72 41 22 42 104 69 35 7 36 109 77 49 35 50 121 93 71 62 72
56 30 89 108 57 48 21 13 67 64 96 70 90 77 29 64 82 30 60 72 24 35 75 96 62 31 28 44 60 108 96 92 85 64 34 0 53 83 94 69 147 115 85 61 51 139 105 72 41 24 137 102 68 33 5 141 107 75 46 32 150 119 90 68 59
17 25 37 61 5 13 36 42 14 12 46 31 43 25 36 12 35 24 29 20 34 23 27 49 21 25 33 10 12 58 48 44 34 13 20 53 0 34 42 19 98 70 51 53 73 87 54 26 29 59 85 50 17 22 56 92 61 38 41 65 106 81 65 66 83
28 54 34 28 29 45 63 71 21 28 43 20 12 18 69 22 43 55 30 24 60 48 8 15 22 52 57 41 24 26 48 45 7 31 51 83 34 0 30 15 87 70 68 82 106 68 44 41 62 92 57 23 17 50 84 59 28 23 52 85 73 51 49 67 95
47 66 9 46 38 47 77 83 30 30 14 47 38 19 72 33 23 65 55 23 75 63 34 36 44 66 74 51 40 35 20 19 24 31 60 94 42 30 0 32 59 41 47 72 102 46 15 28 61 95 48 20 31 63 96 64 47 52 75 105 87 75 78 95 120
16 40 31 43 14 30 50 57 7 15 41 19 26 13 54 8 36 40 24 15 48 35 10 30 13 39 45 26 10 40 45 42 16 18 36 69 19 15 32 0 90 68 59 68 91 75 46 31 47 77 69 34 3 36 71 73 43 26 44 75 88 64 54 65 89
106 121 61 91 95 99 132 138 88 86 52 106 92 78 120 91 65 119 114 80 131 120 92 87 103 122 130 107 98 78 51 55 81 86 115 147 98 87 59 90 0 35 70 104 139 29 45 75 108 142 57 67 90 119 150 86 92 110 134 162 114 119 133 153 178
81 91 37 84 69 69 103 107 64 59 28 86 78 56 87 66 36 89 91 55 102 92 72 76 80 93 102 78 73 71 23 27 64 58 85 115 70 70 41 68 35 0 35 70 104 45 29 45 75 108 67 57 66 89 118 92 85 92 109 134 119 113 118 132 153
67 67 39 91 53 45 77 80 52 45 36 77 79 50 57 54 26 64 78 45 77 70 66 80 68 69 78 57 60 81 31 29 63 43 60 85 51 68 47 59 70 35 0 35 70 75 45 28 45 75 90 66 56 66 89 110 92 84 91 109 133 118 112 117 131
69 54 63 109 57 41 61 60 62 54 65 83 93 66 35 62 50 51 80 59 63 61 77 96 73 58 65 52 65 102 61 58 79 52 49 61 53 82 72 68 104 70 35 0 35 108 75 45 28 45 119 89 66 56 66 134 109 91 84 90 153 132 117 111 116
86 62 94 134 78 61 63 57 86 79 97 101 116 93 40 84 82 59 95 86 66 70 100 121 91 65 70 68 85 129 95 91 105 77 61 51 73 106 102 91 139 104 70 35 0 142 108 75 45 28 150 118 89 66 55 162 134 109 90 83 178 153 131 116 110
91 111 51 66 83 92 122 129 75 76 45 87 70 64 116 78 61 110 97 68 121 109 74 64 87 111 119 97 84 53 47 51 62 76 106 139 87 68 46 75 29 45 75 108 142 0 35 70 104 139 29 45 75 108 142 57 67 90 119 150 86 92 110 134 162
61 78 17 56 51 58 89 95 44 42 11 62 51 33 81 47 27 77 69 35 88 76 48 48 58 78 87 63 53 43 15 18 37 42 72 105 54 44 15 46 45 29 45 75 108 35 0 35 70 104 45 29 45 75 108 67 57 66 89 118 92 85 92 109 134
40 47 20 66 26 25 58 63 24 17 25 49 52 23 47 26 10 45 51 17 57 47 39 54 41 48 57 34 32 58 25 20 37 15 41 72 26 41 28 31 75 45 28 45 75 70 35 0 35 70 75 45 28 45 75 90 66 56 66 89 110 92 84 91 109
43 27 54 89 34 17 35 36 42 35 60 58 72 49 13 40 44 23 54 42 36 33 56 77 48 30 38 26 41 85 59 54 61 33 22 41 29 62 61 47 108 75 45 28 45 104 70 35 0 35 108 75 45 28 45 119 89 66 56 66 134 109 91 84 90
67 41 89 118 64 49 38 31 73 68 94 83 100 82 24 70 79 39 75 75 41 48 84 106 74 44 45 51 69 116 93 89 92 66 42 24 59 92 95 77 142 108 75 45 28 139 104 70 35 0 142 108 75 45 28 150 118 89 66 55 162 134 109 90 83
83 108 56 44 80 93 118 126 71 75 55 75 55 61 118 74 69 108 86 67 116 104 64 48 78 107 113 94 78 34 60 62 53 76 104 137 85 57 48 69 57 67 90 119 150 29 45 75 108 142 0 35 70 104 139 29 45 75 108 142 57 67 90 119 150
49 73 28 28 46 59 83 91 36 41 33 43 26 27 84 39 42 73 53 33 81 69 31 21 44 73 79 59 43 15 39 39 19 42 69 102 50 23 20 34 67 57 66 89 118 45 29 45 75 108 35 0 35 70 104 45 29 45 75 108 67 57 66 89 118
17 39 30 45 12 28 49 56 5 13 40 21 28 12 52 5 34 39 25 13 47 35 12 32 14 38 45 25 9 42 44 40 18 15 35 68 17 17 31 3 90 66 56 66 89 75 45 28 45 75 70 35 0 35 70 75 45 28 45 75 90 66 56 66 89
24 4 59 75 25 22 15 22 34 33 67 38 57 45 26 31 55 7 30 41 13 5 42 64 30 4 13 12 27 75 69 64 52 34 7 33 22 50 63 36 119 89 66 56 66 108 75 45 28 45 104 70 35 0 35 108 75 45 28 45 119 89 66 56 66
57 32 91 108 60 51 22 14 69 67 99 70 91 80 33 66 85 32 60 74 24 36 76 97 63 32 28 46 62 109 100 95 86 66 36 5 56 84 96 71 150 118 89 66 55 142 108 75 45 28 139 104 70 35 0 142 108 75 45 28 150 118 89 66 55
85 112 72 35 87 102 120 129 78 84 75 73 52 70 127 80 86 113 83 77 118 106 66 45 79 110 114 99 82 34 81 82 58 86 109 141 92 59 64 73 86 92 110 134 162 57 67 90 119 150 29 45 75 108 142 0 35 70 104 139 29 45 75 108 142
52 79 54 1 56 73 87 95 49 56 61 38 18 44 96 50 66 80 49 51 84 73 34 13 46 77 80 68 50 15 67 66 30 58 77 107 61 28 47 43 92 85 92 109 134 67 57 66 89 118 45 29 45 75 108 35 0 35 70 104 45 29 45 75 108
23 49 55 36 35 50 54 63 33 40 64 8 21 37 69 31 61 51 15 40 51 41 20 28 18 46 47 41 27 42 69 66 30 43 49 75 38 23 52 26 110 92 84 91 109 90 66 56 66 89 75 45 28 45 75 70 35 0 35 70 75 45 28 45 75
29 30 74 70 41 47 28 35 47 50 84 33 55 57 53 44 75 34 23 56 25 24 45 62 32 27 21 35 37 75 87 83 57 52 35 46 41 52 75 44 134 109 91 84 90 119 89 66 56 66 108 75 45 28 45 104 70 35 0 35 108 75 45 28 45
59 43 102 105 68 66 32 31 76 77 111 68 89 87 56 72 99 46 57 83 32 43 78 96 64 42 33 56 66 109 113 108 90 77 50 32 65 85 105 75 162 134 109 90 83 150 118 89 66 55 142 108 75 45 28 139 104 70 35 0 142 108 75 45 28
95 122 95 45 101 117 129 137 93 100 99 81 63 88 140 95 108 124 90 95 126 116 79 58 89 120 122 112 95 53 105 105 75 103 121 150 106 73 87 88 114 119 133 153 178 86 92 110 134 162 57 67 90 119 150 29 45 75 108 142 0 35 70 104 139
68 93 81 29 76 93 98 107 71 78 89 52 40 69 113 71 93 96 60 75 95 86 55 39 62 91 91 85 69 43 94 93 56 81 93 119 81 51 75 64 119 113 118 132 153 92 85 92 109 134 67 57 66 89 118 45 29 45 75 108 35 0 35 70 104
49 69 82 46 62 77 71 79 60 68 91 36 41 64 92 59 89 72 38 68 68 62 47 46 45 66 64 65 54 58 96 93 55 71 71 90 65 49 78 54 133 118 112 117 131 110 92 84 91 109 90 66 56 66 89 75 45 28 45 75 70 35 0 35 70
52 57 95 76 65 74 53 59 69 74 105 48 65 77 80 66 98 61 41 78 51 51 62 72 52 54 48 62 59 85 109 106 73 76 62 68 66 67 95 65 153 132 117 111 116 134 109 91 84 90 119 89 66 56 66 108 75 45 28 45 104 70 35 0 35
73 65 118 109 84 87 56 57 91 94 128 76 96 101 82 88 118 68 66 100 55 62 89 103 76 63 53 76 81 116 131 126 101 95 72 59 83 95 120 89 178 153 131 116 110 162 134 109 90 83 150 118 89 66 55 142 108 75 45 28 139 104 70 35 0
