0 68 21 50 30 45 30 70 16 83 52 4 18 63 60 23 40 12 34 40 12 34 23 54 19 75 44 69 29 88 58 4 73 70 31 16 50 10 46 47 68 54 43 37 39 48 60 75 90 106 61 46 32 23 26 38 53 69 86 102 57 40 24 10 16 32 49 66 83 100 57 40 23 8 15 31 48 66 83 100 60 44 30 21 24 37 52 68 85 102 66 52 41 35 37 46 59 74 89 105 75 62 53 49 50 57 68 81 95 111 84 74 66 63 64 69 78 90 103 117 95 86 80 77 77 82 90 100 112 125 107 99 93 91 91 95 102 111 122 134
68 0 49 20 88 51 38 17 53 18 38 71 52 7 33 59 69 66 35 53 80 35 90 15 80 13 32 12 40 20 33 68 6 3 41 77 43 75 23 54 134 119 105 91 79 69 62 60 63 70 129 113 97 82 69 57 49 46 50 59 124 108 91 75 60 46 36 32 37 49 121 104 87 71 54 38 24 19 27 41 120 103 86 68 51 34 17 5 20 37 120 103 86 69 52 35 19 10 22 38 122 105 89 72 56 41 29 24 31 44 126 110 93 78 63 50 41 38 42 52 131 115 100 86 72 62 54 52 55 63 137 122 108 95 83 74 67 65 68 75
21 49 0 30 40 29 13 50 9 66 32 25 14 45 40 28 32 17 15 24 33 16 42 35 31 55 23 49 11 68 38 21 54 51 11 28 31 26 29 31 88 75 63 55 51 53 60 71 84 98 81 66 53 42 37 39 49 61 76 92 76 59 44 30 23 27 39 54 71 87 73 56 39 22 9 17 33 50 68 85 73 55 38 21 7 16 33 50 67 85 75 59 43 29 21 25 38 54 70 87 80 65 51 40 34 37 47 60 75 91 87 73 61 52 48 50 58 69 82 97 96 83 73 66 62 64 70 79 91 104 106 94 85 79 76 78 82 90 101 113
50 20 30 0 69 35 21 22 35 37 24 53 35 17 23 45 51 47 16 36 62 18 72 7 61 26 14 20 22 38 23 50 24 22 21 58 28 56 12 38 117 102 89 77 67 61 59 62 70 81 111 95 80 67 55 47 45 50 59 71 106 89 73 58 44 34 31 38 49 64 102 85 68 52 36 22 18 27 42 58 101 84 66 49 32 15 5 21 39 56 101 84 67 50 34 18 12 24 40 57 104 87 71 55 40 29 26 33 46 61 108 92 77 63 50 42 39 44 55 68 114 99 85 72 62 55 53 57 65 77 121 107 94 83 74 69 67 70 77 87
30 88 40 69 0 48 53 85 41 105 61 30 46 84 70 52 31 25 55 42 26 56 20 75 11 92 58 86 51 106 68 27 93 90 48 14 56 20 69 47 63 56 54 58 66 77 90 104 119 135 52 43 40 45 55 68 82 98 114 130 42 30 26 33 46 61 77 93 110 127 35 19 12 23 39 56 73 90 107 125 33 15 4 21 38 55 72 90 107 124 37 23 18 27 41 57 74 91 108 125 45 35 32 37 49 63 79 95 111 128 56 48 46 50 59 71 85 100 116 132 68 62 60 63 70 81 93 107 122 137 81 76 74 76 83 92 103 115 129 144
45 51 29 35 48 0 34 43 38 69 15 49 43 50 24 56 20 35 32 7 54 35 59 41 44 51 21 44 33 66 23 43 55 53 24 43 10 45 42 4 107 97 88 82 79 80 85 93 103 115 97 85 75 68 65 66 72 81 93 106 89 75 63 55 51 53 60 71 84 98 81 66 53 42 37 40 49 62 76 92 76 60 44 31 23 27 39 55 71 87 73 56 39 22 9 17 34 50 68 85 73 55 38 21 7 16 33 50 67 85 75 59 43 29 20 25 38 53 70 87 80 65 51 40 34 37 47 60 75 91 87 73 61 52 48 50 58 69 82 97
30 38 13 21 53 34 0 42 15 54 32 33 15 34 37 26 43 29 5 31 42 4 53 24 43 46 20 40 2 58 35 31 43 41 11 40 33 37 17 37 97 82 69 57 50 47 51 60 72 86 91 75 60 47 37 34 39 50 64 79 87 70 53 38 25 20 28 42 58 75 85 67 50 33 16 6 21 38 55 72 85 68 51 34 18 10 22 39 56 73 88 71 55 40 28 24 31 44 59 76 92 77 62 49 40 37 42 53 66 81 99 85 72 61 53 51 55 63 75 88 107 94 82 73 67 65 68 75 85 97 116 104 94 86 81 79 81 87 96 106
70 17 50 22 85 43 42 0 56 30 28 74 56 21 20 66 62 65 37 46 82 39 91 21 78 9 28 5 43 24 21 70 16 17 40 76 33 75 32 45 137 123 110 98 88 81 76 76 79 86 130 115 101 88 77 68 63 62 66 74 124 108 93 79 66 55 49 48 54 64 119 103 87 71 56 44 36 35 42 54 116 99 82 66 49 34 23 21 32 47 115 97 80 63 46 28 12 10 26 43 115 97 80 63 46 29 13 11 26 43 116 100 83 66 50 36 25 24 33 48 120 104 88 72 58 46 38 37 44 55 125 109 94 80 67 57 51 51 56 65
16 53 9 35 41 38 15 56 0 68 41 19 7 48 48 19 39 17 19 33 27 18 38 39 30 60 31 54 14 73 46 16 58 55 18 27 40 23 31 40 82 68 55 46 42 45 54 66 80 95 76 60 46 34 28 32 44 58 74 90 72 55 39 23 14 21 36 53 70 87 71 54 36 19 2 17 34 51 68 86 72 56 39 24 15 22 37 53 70 87 77 61 46 35 29 33 44 59 74 90 83 69 56 47 43 46 54 67 81 96 91 78 68 60 57 59 66 76 89 102 101 89 80 74 71 73 78 87 98 111 111 101 93 87 85 86 91 99 108 120
83 18 66 37 105 69 54 30 68 0 55 86 66 21 48 72 86 82 51 71 95 51 106 31 96 22 50 26 55 13 49 84 15 16 57 94 60 91 38 71 149 133 117 102 89 76 66 59 57 60 144 127 111 95 80 66 54 46 43 47 140 123 107 90 74 58 44 33 29 35 138 121 104 87 70 53 37 22 15 25 137 120 103 85 68 51 33 16 3 20 138 121 103 86 69 52 36 21 13 23 140 123 106 89 73 57 43 31 27 33 143 127 110 94 79 65 53 44 41 45 148 132 116 101 87 74 64 57 54 58 154 138 123 109 96 85 76 70 68 71
52 38 32 24 61 15 32 28 41 55 0 56 44 38 10 57 35 44 28 20 63 32 70 30 55 36 13 30 31 51 8 51 40 39 24 54 6 54 34 18 118 106 95 86 81 79 80 85 94 104 109 96 84 74 67 65 67 73 82 94 101 87 73 62 54 51 53 61 72 85 95 79 64 51 41 37 40 50 63 78 90 74 57 42 29 23 29 41 57 73 88 71 53 36 20 9 19 36 53 70 88 70 53 36 19 6 18 35 52 70 90 73 56 41 27 20 26 40 56 72 94 78 63 49 38 34 38 48 62 77 100 85 71 60 51 48 51 59 70 84
4 71 25 53 30 49 33 74 19 86 56 0 21 66 64 23 43 15 38 43 9 37 21 57 20 79 48 73 32 91 62 7 76 73 35 17 54 11 49 51 64 50 39 34 37 47 60 75 91 107 58 42 28 20 25 38 54 70 87 104 55 38 21 6 16 33 50 68 85 102 55 38 22 10 18 34 51 68 85 102 59 44 31 23 28 40 55 71 88 105 66 53 42 38 40 50 62 77 92 108 75 64 55 52 54 61 71 84 99 114 85 76 69 66 67 73 82 94 107 121 97 88 82 80 81 86 94 104 116 129 109 101 96 94 95 99 106 115 125 138
18 52 14 35 46 43 15 56 7 66 44 21 0 46 50 14 45 22 20 38 29 18 41 38 35 60 33 55 15 72 49 20 57 54 21 32 44 27 29 45 83 68 54 43 37 39 47 60 74 90 78 62 46 32 23 26 38 53 69 85 75 58 41 24 10 16 31 48 65 83 75 57 40 23 8 14 31 48 65 82 77 61 45 30 21 24 36 51 68 84 82 67 52 41 34 36 45 58 73 89 89 75 62 53 48 50 56 67 80 95 97 85 74 66 62 63 69 78 89 102 107 95 86 79 76 77 81 89 99 111 117 107 99 93 90 91 95 101 110 121
63 7 45 17 84 50 34 21 48 21 38 66 46 0 34 53 67 61 30 51 75 30 86 11 76 19 30 17 35 26 34 64 12 8 37 73 43 70 18 53 129 114 99 85 73 63 56 55 59 68 124 107 92 77 63 51 43 42 47 57 120 103 86 70 55 40 30 28 35 48 117 100 83 66 49 33 18 15 26 42 116 99 82 65 47 30 13 6 23 40 117 100 83 66 50 33 20 16 27 43 120 103 87 71 55 42 31 29 37 49 124 108 92 77 64 52 45 43 48 58 130 114 100 86 74 64 58 57 61 69 137 122 108 96 85 77 72 71 74 81
60 33 40 23 70 24 37 20 48 48 10 64 50 34 0 62 44 53 32 29 71 36 79 28 64 28 18 23 37 43 2 59 34 34 30 63 15 63 34 26 126 114 102 93 86 82 82 85 92 101 118 104 91 81 73 68 68 72 80 90 110 95 82 69 60 54 54 59 69 81 104 88 73 59 48 41 41 47 59 72 99 83 66 51 37 27 27 37 50 66 97 79 62 45 29 15 15 29 45 62 96 79 61 44 27 10 9 26 44 61 97 80 63 47 31 19 19 31 47 63 101 84 68 54 41 32 32 40 53 68 106 90 76 63 52 46 45 52 62 75
23 59 28 45 52 56 26 66 19 72 57 23 14 53 62 0 57 31 31 51 30 28 42 47 41 69 45 64 26 79 61 26 64 61 34 38 57 33 36 58 78 62 46 33 24 27 38 53 69 85 75 58 41 24 11 16 32 48 66 83 75 57 40 23 7 14 31 48 65 82 77 60 44 30 20 23 36 51 68 84 82 66 52 40 34 36 45 58 73 88 88 74 62 52 48 49 56 67 80 94 97 84 73 65 61 62 68 77 89 102 106 95 85 79 75 76 81 88 99 111 117 106 98 92 89 90 94 100 110 120 128 119 111 106 103 104 107 113 121 131
40 69 32 51 31 20 43 62 39 86 35 43 45 67 44 57 0 28 43 16 45 45 46 57 31 70 37 63 41 85 42 36 73 71 33 31 29 35 56 18 93 84 78 76 78 83 91 102 114 128 82 72 65 62 64 71 80 92 106 120 72 60 51 48 51 59 70 84 98 114 63 49 39 34 38 48 61 77 92 109 57 41 27 20 26 39 55 72 88 105 53 36 19 6 18 35 52 69 86 104 54 37 21 9 19 35 52 69 87 104 58 43 30 23 29 41 56 73 89 106 65 52 42 37 41 50 63 78 94 110 74 63 55 52 54 62 72 86 100 115
12 66 17 47 25 35 29 65 17 82 44 15 22 61 53 31 28 0 32 29 19 33 27 52 15 71 38 65 28 85 51 9 71 68 26 12 41 11 45 37 74 62 53 49 50 57 68 81 96 111 66 52 40 35 37 46 59 74 90 106 59 44 29 21 25 37 53 69 86 103 56 39 22 7 15 32 49 66 84 101 57 40 23 10 17 33 50 67 84 101 60 45 31 23 27 39 54 70 86 103 67 53 43 37 39 48 61 75 91 107 76 64 55 51 53 60 70 83 97 112 86 76 69 65 66 72 81 92 105 119 97 88 82 79 80 85 92 102 114 127
34 35 15 16 55 32 5 37 19 51 28 38 20 30 32 31 43 32 0 30 46 4 56 21 46 42 16 36 6 54 31 34 40 37 10 43 29 41 14 35 101 87 73 62 54 51 54 61 73 86 95 79 64 51 41 37 41 51 64 78 90 74 58 42 29 23 29 42 57 73 88 71 53 37 20 9 20 36 53 70 87 70 53 36 19 6 18 35 52 70 89 73 56 40 27 20 26 40 55 72 94 78 62 49 38 34 38 48 62 77 99 85 71 59 51 48 50 59 70 84 107 93 81 71 64 61 64 70 80 92 116 103 92 83 78 75 77 83 91 102
40 53 24 36 42 7 31 46 33 71 20 43 38 51 29 51 16 29 30 0 48 33 53 42 38 54 22 47 30 69 27 37 57 55 21 37 14 39 42 8 101 90 82 76 74 76 82 91 102 114 91 79 69 62 60 63 69 80 92 106 83 69 57 49 46 49 58 70 84 99 76 61 47 36 32 37 48 62 77 93 71 54 38 24 18 26 40 56 73 90 69 52 34 17 4 19 36 53 71 88 70 53 36 20 11 22 38 54 71 89 73 57 42 30 25 31 44 59 75 91 79 65 52 43 39 43 53 66 80 96 87 74 63 56 53 56 64 75 88 102
12 80 33 62 26 54 42 82 27 95 63 9 29 75 71 30 45 19 46 48 0 45 13 66 17 87 55 81 41 99 69 12 85 82 43 15 60 10 57 55 56 43 35 33 40 52 67 83 99 115 50 34 22 20 30 45 61 78 95 112 46 29 12 8 24 42 59 76 93 111 47 31 15 12 26 43 60 77 94 111 52 38 27 25 34 48 63 80 96 113 60 48 40 39 45 56 70 85 101 117 70 60 54 53 58 67 79 92 107 122 81 73 68 67 71 78 89 101 114 129 94 86 82 81 84 90 99 110 123 136 106 100 96 95 98 103 111 121 132 145
34 35 16 18 56 35 4 39 18 51 32 37 18 30 36 28 45 33 4 33 45 0 56 21 47 43 19 37 6 55 34 34 40 37 13 44 33 41 13 39 100 85 71 60 51 47 50 58 69 83 94 78 63 49 38 33 37 47 61 76 90 73 57 41 27 19 25 39 55 71 88 71 54 36 20 6 18 34 52 69 88 71 54 37 21 9 19 35 52 69 91 74 58 43 30 23 29 41 56 72 96 80 65 52 42 37 41 50 63 78 102 87 74 63 55 51 54 61 72 85 110 96 84 75 68 65 67 73 82 94 119 106 96 87 81 79 81 86 94 104
23 90 42 72 20 59 53 91 38 106 70 21 41 86 79 42 46 27 56 53 13 56 0 76 16 97 64 91 51 110 77 23 96 93 52 17 66 17 69 60 48 38 35 39 50 63 79 94 111 127 40 26 21 28 41 57 74 90 107 124 34 18 7 20 37 54 71 88 106 123 35 19 9 21 37 54 71 89 106 123 41 28 23 29 43 58 74 91 108 125 50 40 37 41 51 65 80 95 111 128 61 54 51 54 62 74 87 101 117 133 74 67 65 68 74 84 96 109 123 138 87 81 79 81 87 95 106 118 131 145 100 95 94 95 100 107 116 128 140 153
54 15 35 7 75 41 24 21 39 31 30 57 38 11 28 47 57 52 21 42 66 21 76 0 66 23 21 18 26 34 27 54 20 17 27 63 34 61 11 44 121 106 92 79 68 60 56 58 65 75 115 99 84 69 57 47 43 45 53 65 110 94 77 62 47 35 29 32 43 58 108 90 73 57 40 25 15 21 36 52 107 89 72 55 37 20 3 16 33 50 107 90 73 56 40 24 14 21 36 52 110 93 77 61 46 34 28 32 43 57 114 99 83 69 56 46 42 44 53 65 120 105 91 78 67 59 56 57 64 74 127 113 100 89 79 72 69 71 76 85
19 80 31 61 11 44 43 78 30 96 55 20 35 76 64 41 31 15 46 38 17 47 16 66 0 85 51 78 42 98 62 16 84 82 40 4 51 9 60 44 64 54 49 50 56 66 79 93 109 124 54 42 35 36 44 57 72 87 103 120 46 32 21 23 35 50 66 83 100 117 42 25 9 13 29 46 63 81 98 115 43 26 11 14 30 46 64 81 98 115 48 33 24 25 36 51 67 83 100 117 56 44 38 39 46 59 73 88 104 120 66 57 52 52 58 68 81 95 110 125 78 70 66 66 71 79 90 103 117 132 90 83 80 80 84 91 101 112 125 139
75 13 55 26 92 51 46 9 60 22 36 79 60 19 28 69 70 71 42 54 87 43 97 23 85 0 35 7 47 16 29 75 10 12 45 82 42 81 33 53 142 128 114 101 90 81 75 72 74 80 136 120 105 92 79 69 61 58 61 67 130 114 98 83 69 57 48 45 48 56 126 109 93 77 61 47 36 31 35 46 123 106 89 72 56 39 25 17 24 38 122 105 88 70 53 36 19 3 17 35 123 105 88 71 54 37 22 12 21 36 125 108 91 75 59 44 31 25 30 43 128 112 96 80 66 53 43 39 43 52 133 118 103 88 75 64 56 53 56 63
44 32 23 14 58 21 20 28 31 50 13 48 33 30 18 45 37 38 16 22 55 19 64 21 51 35 0 28 19 49 16 43 36 34 13 49 15 48 22 24 111 98 86 76 69 66 68 74 83 94 103 89 75 64 56 52 54 62 72 85 97 81 66 53 43 38 41 50 63 78 92 75 59 44 31 24 29 41 56 72 89 72 55 38 22 10 19 35 52 69 89 72 54 37 20 5 17 34 51 68 91 74 57 41 27 19 24 38 54 70 94 78 63 49 38 33 36 46 60 75 100 85 71 59 50 46 49 57 68 82 108 94 81 71 63 60 62 69 78 90
69 12 49 20 86 44 40 5 54 26 30 73 55 17 23 64 63 65 36 47 81 37 91 18 78 7 28 0 41 22 24 69 12 13 39 76 35 74 28 47 136 122 108 96 85 77 72 71 75 82 129 114 100 86 74 64 59 58 62 70 124 108 92 77 64 52 45 44 49 59 120 103 86 70 55 42 32 30 38 50 117 100 83 66 49 33 20 17 28 44 116 98 81 64 47 29 12 7 24 41 116 99 82 65 48 32 17 14 27 43 119 102 85 69 54 39 29 27 35 49 123 107 91 76 62 50 42 41 47 57 128 113 98 84 72 62 56 55 59 68
29 40 11 22 51 33 2 43 14 55 31 32 15 35 37 26 41 28 6 30 41 6 51 26 42 47 19 41 0 59 35 29 45 42 10 39 32 36 18 36 96 81 68 57 50 48 52 62 74 87 90 74 59 46 37 34 40 52 66 81 85 69 52 37 24 20 29 44 60 76 83 66 49 32 15 7 22 39 57 74 83 66 49 32 16 10 23 40 57 74 86 70 53 38 26 23 31 45 61 77 91 75 61 48 39 37 42 53 67 82 97 83 70 59 53 51 55 64 75 89 105 92 81 72 66 65 68 75 85 97 115 103 93 85 80 79 81 87 96 107
88 20 68 38 106 66 58 24 73 13 51 91 72 26 43 79 85 85 54 69 99 55 110 34 98 16 49 22 59 0 44 88 15 18 59 96 57 94 43 68 154 139 124 110 97 86 77 71 70 72 148 132 117 102 88 75 65 58 56 59 144 127 111 95 80 66 54 45 42 46 140 123 106 90 73 58 44 32 28 34 138 121 103 86 69 53 36 21 15 24 137 120 103 85 68 51 33 16 2 20 138 121 103 86 69 52 36 21 14 24 140 123 106 90 73 58 43 32 28 34 143 127 111 95 80 65 53 44 42 46 148 132 117 102 88 75 65 58 55 58
58 33 38 23 68 23 35 21 46 49 8 62 49 34 2 61 42 51 31 27 69 34 77 27 62 29 16 24 35 44 0 57 35 34 28 61 13 61 34 25 124 112 100 91 84 81 81 85 91 101 116 102 90 79 71 67 67 72 80 90 108 93 80 68 58 53 53 59 69 81 102 86 71 57 46 39 40 47 59 73 98 81 65 49 35 26 27 37 51 67 95 78 61 44 27 13 15 30 46 63 95 77 60 43 25 9 11 28 45 62 96 79 62 46 31 20 21 33 48 65 100 83 68 53 41 33 34 42 55 70 105 90 75 63 52 47 47 53 64 77
4 68 21 50 27 43 31 70 16 84 51 7 20 64 59 26 36 9 34 37 12 34 23 54 16 75 43 69 29 88 57 0 73 71 31 13 48 8 47 45 68 55 45 40 43 51 63 78 93 109 61 46 33 26 30 41 56 72 88 105 57 40 24 12 19 34 51 68 85 102 55 38 21 4 15 32 50 67 84 101 58 42 27 17 22 36 52 69 86 103 63 49 37 31 34 44 58 73 89 106 71 59 50 45 47 55 67 80 95 111 81 70 63 59 61 67 77 89 102 117 92 83 76 73 75 80 88 99 111 124 104 96 90 87 88 93 100 109 120 133
73 6 54 24 93 55 43 16 58 15 40 76 57 12 34 64 73 71 40 57 85 40 96 20 84 10 36 12 45 15 35 73 0 4 45 82 46 80 29 57 140 124 110 96 84 74 66 63 65 70 134 118 102 88 74 62 53 49 51 59 129 113 96 81 65 52 41 35 38 48 126 109 92 75 59 43 30 22 26 39 125 107 90 73 56 39 22 8 17 33 124 107 90 73 55 38 22 8 17 33 126 109 92 75 59 43 29 21 26 38 129 113 96 80 65 51 40 35 38 47 134 118 102 87 73 61 53 49 51 58 139 124 109 96 83 73 66 62 64 70
70 3 51 22 90 53 41 17 55 16 39 73 54 8 34 61 71 68 37 55 82 37 93 17 82 12 34 13 42 18 34 71 4 0 43 79 45 77 26 56 137 121 107 93 81 70 63 61 63 69 131 115 99 84 71 59 50 47 50 58 127 110 94 78 62 48 38 33 37 47 124 107 90 73 56 40 26 19 25 39 122 105 88 70 53 36 19 5 18 35 123 105 88 71 54 37 21 10 20 36 124 107 91 74 58 42 30 23 29 41 128 111 95 79 65 51 41 37 41 50 133 117 101 87 74 62 54 51 54 61 139 124 109 96 84 74 67 65 67 73
31 41 11 21 48 24 11 40 18 57 24 35 21 37 30 34 33 26 10 21 43 13 52 27 40 45 13 39 10 59 28 31 45 43 0 37 23 36 23 27 98 85 73 64 58 57 62 70 82 95 91 76 63 51 44 43 49 60 73 87 85 69 54 40 31 30 38 51 66 82 82 65 48 32 18 16 29 44 61 78 80 63 46 28 11 7 25 42 59 77 81 64 48 31 18 16 28 44 61 78 85 69 53 40 30 29 37 50 65 81 91 76 62 51 43 42 48 59 72 87 98 84 72 63 57 56 61 69 81 94 107 94 84 76 71 70 74 81 91 103
16 77 28 58 14 43 40 76 27 94 54 17 32 73 63 38 31 12 43 37 15 44 17 63 4 82 49 76 39 96 61 13 82 79 37 0 50 7 57 44 65 55 48 48 53 63 76 90 105 121 56 43 35 34 42 54 68 84 100 117 48 33 21 21 32 47 63 80 97 114 45 28 11 9 26 43 60 78 95 112 46 29 14 13 27 44 61 78 95 112 51 36 26 25 35 49 65 81 98 115 59 47 40 39 46 57 71 86 102 118 69 59 53 53 58 67 79 93 108 123 80 72 67 67 71 79 89 102 115 130 92 85 81 81 84 91 100 111 124 137
50 43 31 28 56 10 33 33 40 60 6 54 44 43 15 57 29 41 29 14 60 33 66 34 51 42 15 35 32 57 13 48 46 45 23 50 0 51 37 12 114 102 92 85 80 79 82 89 97 108 105 92 81 72 67 66 69 76 87 99 97 82 70 59 53 52 56 65 77 91 90 74 60 48 39 38 44 55 69 84 85 68 52 38 26 24 33 47 62 78 82 65 48 31 15 11 25 41 58 76 82 65 47 30 13 8 24 41 58 75 84 67 51 35 23 20 30 45 61 77 88 72 58 45 36 34 40 52 66 82 94 80 67 56 49 48 52 62 74 88
10 75 26 56 20 45 37 75 23 91 54 11 27 70 63 33 35 11 41 39 10 41 17 61 9 81 48 74 36 94 61 8 80 77 36 7 51 0 54 46 64 52 44 42 47 57 70 85 100 116 56 42 31 28 35 48 63 79 95 112 50 34 19 15 26 42 58 75 92 109 48 31 14 5 22 39 57 74 91 109 50 34 20 16 27 42 58 75 92 109 56 42 32 30 36 49 63 79 96 112 65 53 45 44 48 58 71 85 101 116 75 65 59 58 61 69 80 93 107 122 86 78 73 72 75 81 91 102 115 129 99 91 87 86 88 94 102 112 124 137
46 23 29 12 69 42 17 32 31 38 34 49 29 18 34 36 56 45 14 42 57 13 69 11 60 33 22 28 18 43 34 47 29 26 23 57 37 54 0 46 112 96 82 68 57 50 48 52 61 73 106 90 74 59 46 37 34 40 51 65 103 86 69 53 37 24 20 29 43 59 101 84 66 49 32 15 7 22 39 56 101 84 67 50 33 17 9 23 39 56 103 87 70 54 39 27 23 31 45 60 107 91 76 61 48 39 37 42 53 66 113 98 83 70 60 52 51 54 63 75 120 106 93 81 72 66 64 67 75 85 128 115 103 93 85 80 78 81 87 95
47 54 31 38 47 4 37 45 40 71 18 51 45 53 26 58 18 37 35 8 55 39 60 44 44 53 24 47 36 68 25 45 57 56 27 44 12 46 46 0 108 97 89 84 81 83 88 96 106 118 98 86 76 70 67 69 75 85 96 109 88 75 64 56 53 56 63 74 87 101 81 66 53 43 39 43 52 65 79 95 75 59 44 31 25 30 43 58 73 90 71 54 37 21 11 20 36 53 70 87 70 53 36 19 4 18 35 52 69 87 72 56 40 25 18 24 39 55 71 88 77 62 48 36 32 36 47 60 76 92 84 70 58 49 46 49 57 69 82 97
68 134 88 117 63 107 97 137 82 149 118 64 83 129 126 78 93 74 101 101 56 100 48 121 64 142 111 136 96 154 124 68 140 137 98 65 114 64 112 108 0 18 35 52 70 87 104 122 139 156 15 23 38 54 71 88 105 122 140 157 29 34 45 60 75 91 108 125 142 159 43 47 55 68 82 97 113 129 145 162 58 60 67 77 90 104 119 134 150 166 72 74 80 88 99 112 126 140 156 171 86 88 93 100 110 122 134 148 162 177 100 102 106 112 121 132 144 156 170 184 115 116 119 125 133 143 154 166 179 192 129 130 133 138 145 154 164 176 188 201
54 119 75 102 56 97 82 123 68 133 106 50 68 114 114 62 84 62 87 90 43 85 38 106 54 128 98 122 81 139 112 55 124 121 85 55 102 52 96 97 18 0 18 35 52 70 87 104 122 139 23 15 23 38 54 71 88 105 122 140 34 29 34 45 60 75 91 108 125 142 47 43 46 55 67 82 97 112 129 145 60 57 60 67 77 90 104 118 134 150 74 72 73 79 88 99 112 126 140 155 88 86 87 92 100 110 121 134 148 162 102 100 101 105 112 121 131 143 156 170 116 114 115 119 125 133 142 153 165 178 130 128 129 132 138 145 154 164 175 187
43 105 63 89 54 88 69 110 55 117 95 39 54 99 102 46 78 53 73 82 35 71 35 92 49 114 86 108 68 124 100 45 110 107 73 48 92 44 82 89 35 18 0 18 35 52 70 87 104 122 38 23 15 23 38 54 71 88 105 122 45 34 29 34 45 60 75 91 108 125 55 46 43 46 55 67 81 97 112 129 67 60 57 60 67 77 90 104 118 134 80 73 71 73 79 88 99 112 126 140 93 87 85 87 92 99 109 121 134 148 106 101 99 101 105 112 121 131 143 156 119 115 114 115 118 124 132 142 153 165 133 129 128 129 132 137 144 153 163 175
37 91 55 77 58 82 57 98 46 102 86 34 43 85 93 33 76 49 62 76 33 60 39 79 50 101 76 96 57 110 91 40 96 93 64 48 85 42 68 84 52 35 18 0 18 35 52 70 87 104 54 38 23 15 23 38 54 71 88 105 60 45 34 29 33 45 59 75 91 108 68 55 46 43 46 55 67 81 97 112 77 67 60 57 59 66 77 89 103 118 88 79 73 71 73 79 88 99 112 125 100 92 87 85 87 91 99 109 121 134 112 105 101 99 100 105 111 120 131 143 125 119 115 113 114 118 124 132 141 152 138 132 129 127 128 131 137 144 153 163
39 79 51 67 66 79 50 88 42 89 81 37 37 73 86 24 78 50 54 74 40 51 50 68 56 90 69 85 50 97 84 43 84 81 58 53 80 47 57 81 70 52 35 18 0 18 35 52 70 87 71 54 38 23 15 23 38 54 71 88 75 60 45 33 29 33 45 59 75 91 82 67 55 46 43 46 55 67 81 96 90 77 67 59 57 59 66 77 89 103 99 88 79 73 71 73 78 87 99 111 110 100 92 87 85 86 91 99 109 120 121 112 105 100 99 100 104 111 120 130 133 125 118 114 113 114 117 123 131 141 145 138 132 128 127 127 131 136 143 152
48 69 53 61 77 80 47 81 45 76 79 47 39 63 82 27 83 57 51 76 52 47 63 60 66 81 66 77 48 86 81 51 74 70 57 63 79 57 50 83 87 70 52 35 18 0 18 35 52 70 88 71 54 38 23 14 23 38 54 71 91 75 60 45 33 28 33 45 59 75 97 82 67 55 46 42 46 55 67 81 104 90 77 66 59 56 59 66 76 89 112 99 88 79 73 70 72 78 87 98 122 110 99 91 86 84 86 91 98 108 132 121 112 105 100 98 99 104 110 119 143 133 124 118 114 112 113 117 123 131 154 145 137 131 127 126 127 130 135 143
60 62 60 59 90 85 51 76 54 66 80 60 47 56 82 38 91 68 54 82 67 50 79 56 79 75 68 72 52 77 81 63 66 63 62 76 82 70 48 88 104 87 70 52 35 18 0 18 35 52 105 88 71 54 38 23 14 23 38 54 108 91 75 59 45 33 28 33 45 59 113 97 81 67 55 46 42 46 54 67 119 104 90 77 66 59 56 59 66 76 126 112 99 88 78 72 70 72 78 87 134 121 109 99 91 86 84 85 90 98 144 131 121 111 104 99 98 99 103 110 154 142 132 124 117 113 112 113 116 122 164 154 144 137 131 127 125 126 130 135
75 60 71 62 104 93 60 76 66 59 85 75 60 55 85 53 102 81 61 91 83 58 94 58 93 72 74 71 62 71 85 78 63 61 70 90 89 85 52 96 122 104 87 70 52 35 18 0 18 35 122 105 88 71 54 38 23 14 23 38 125 108 91 75 59 45 33 28 33 45 129 112 97 81 67 55 46 42 45 54 134 118 104 89 77 66 59 56 58 65 140 126 112 99 87 78 72 70 72 77 148 134 121 109 99 91 85 83 85 90 156 143 131 120 111 104 99 97 99 103 166 153 142 132 123 117 113 111 112 116 176 164 153 144 136 130 126 125 126 129
90 63 84 70 119 103 72 79 80 57 94 91 74 59 92 69 114 96 73 102 99 69 111 65 109 74 83 75 74 70 91 93 65 63 82 105 97 100 61 106 139 122 104 87 70 52 35 18 0 18 140 122 105 88 71 54 38 23 14 23 142 125 108 91 75 59 45 33 28 33 145 129 112 97 81 67 54 45 42 45 150 134 118 103 89 76 66 58 55 58 156 140 126 112 99 87 78 72 69 71 162 148 134 121 109 98 90 85 83 85 170 156 143 131 120 110 103 99 97 98 179 165 153 141 131 123 116 112 110 112 188 175 163 153 143 135 130 126 124 125
106 70 98 81 135 115 86 86 95 60 104 107 90 68 101 85 128 111 86 114 115 83 127 75 124 80 94 82 87 72 101 109 70 69 95 121 108 116 73 118 156 139 122 104 87 70 52 35 18 0 157 140 122 105 88 71 54 38 23 14 159 142 125 108 91 75 59 45 33 28 162 145 129 112 96 81 67 54 45 42 166 150 134 118 103 89 76 65 58 55 171 155 140 125 111 98 87 77 71 69 177 162 148 134 120 108 98 90 85 83 184 170 156 143 130 119 110 103 98 96 192 178 165 152 141 131 122 116 112 110 201 187 175 163 152 143 135 129 125 124
61 129 81 111 52 97 91 130 76 144 109 58 78 124 118 75 82 66 95 91 50 94 40 115 54 136 103 129 90 148 116 61 134 131 91 56 105 56 106 98 15 23 38 54 71 88 105 122 140 157 0 18 35 52 70 87 104 122 139 156 15 23 38 54 71 88 105 122 140 157 29 34 45 60 75 91 108 125 142 159 43 47 55 68 82 97 113 129 145 162 58 60 67 77 90 104 119 134 150 166 72 74 80 88 99 112 126 140 156 171 86 88 93 100 110 122 134 148 162 177 100 102 106 112 121 132 144 156 170 184 115 116 119 125 133 143 154 166 179 192
46 113 66 95 43 85 75 115 60 127 96 42 62 107 104 58 72 52 79 79 34 78 26 99 42 120 89 114 74 132 102 46 118 115 76 43 92 42 90 86 23 15 23 38 54 71 88 105 122 140 18 0 18 35 52 70 87 104 122 139 23 15 23 38 54 71 88 105 122 140 34 29 34 45 60 75 91 108 125 142 47 43 46 55 67 82 97 112 129 145 60 57 60 67 77 90 104 118 134 150 74 72 73 79 88 99 112 126 140 155 88 86 87 92 100 110 121 134 148 162 102 100 101 105 112 121 131 143 156 170 116 114 115 119 125 133 142 153 165 178
32 97 53 80 40 75 60 101 46 111 84 28 46 92 91 41 65 40 64 69 22 63 21 84 35 105 75 100 59 117 90 33 102 99 63 35 81 31 74 76 38 23 15 23 38 54 71 88 105 122 35 18 0 18 35 52 70 87 104 122 38 23 15 23 38 54 71 88 105 122 45 34 29 34 45 60 75 91 108 125 55 46 43 46 55 67 81 97 112 129 67 60 57 60 67 77 90 104 118 134 80 73 71 73 79 88 99 112 126 140 93 87 85 87 92 99 109 121 134 148 106 101 99 101 105 112 121 131 143 156 119 115 114 115 118 124 132 142 153 165
23 82 42 67 45 68 47 88 34 95 74 20 32 77 81 24 62 35 51 62 20 49 28 69 36 92 64 86 46 102 79 26 88 84 51 34 72 28 59 70 54 38 23 15 23 38 54 71 88 105 52 35 18 0 18 35 52 70 87 104 54 38 23 15 23 38 54 71 88 105 60 45 34 29 33 45 59 75 91 108 68 55 46 43 46 55 67 81 97 112 77 67 60 57 59 66 77 89 103 118 88 79 73 71 73 79 88 99 112 125 100 92 87 85 87 91 99 109 121 134 112 105 101 99 100 105 111 120 131 143 125 119 115 113 114 118 124 132 141 152
26 69 37 55 55 65 37 77 28 80 67 25 23 63 73 11 64 37 41 60 30 38 41 57 44 79 56 74 37 88 71 30 74 71 44 42 67 35 46 67 71 54 38 23 15 23 38 54 71 88 70 52 35 18 0 18 35 52 70 87 71 54 38 23 15 23 38 54 71 88 75 60 45 33 29 33 45 59 75 91 82 67 55 46 43 46 55 67 81 96 90 77 67 59 57 59 66 77 89 103 99 88 79 73 71 73 78 87 99 111 110 100 92 87 85 86 91 99 109 120 121 112 105 100 99 100 104 111 120 130 133 125 118 114 113 114 117 123 131 141
38 57 39 47 68 66 34 68 32 66 65 38 26 51 68 16 71 46 37 63 45 33 57 47 57 69 52 64 34 75 67 41 62 59 43 54 66 48 37 69 88 71 54 38 23 14 23 38 54 71 87 70 52 35 18 0 18 35 52 70 88 71 54 38 23 14 23 38 54 71 91 75 60 45 33 28 33 45 59 75 97 82 67 55 46 42 46 55 67 81 104 90 77 66 59 56 59 66 76 89 112 99 88 79 73 70 72 78 87 98 122 110 99 91 86 84 86 91 98 108 132 121 112 105 100 98 99 104 110 119 143 133 124 118 114 112 113 117 123 131
53 49 49 45 82 72 39 63 44 54 67 54 38 43 68 32 80 59 41 69 61 37 74 43 72 61 54 59 40 65 67 56 53 50 49 68 69 63 34 75 105 88 71 54 38 23 14 23 38 54 104 87 70 52 35 18 0 18 35 52 105 88 71 54 38 23 14 23 38 54 108 91 75 59 45 33 28 33 45 59 113 97 81 67 55 46 42 46 54 67 119 104 90 77 66 59 56 59 66 76 126 112 99 88 78 72 70 72 78 87 134 121 109 99 91 86 84 85 90 98 144 131 121 111 104 99 98 99 103 110 154 142 132 124 117 113 112 113 116 122
69 46 61 50 98 81 50 62 58 46 73 70 53 42 72 48 92 74 51 80 78 47 90 45 87 58 62 58 52 58 72 72 49 47 60 84 76 79 40 85 122 105 88 71 54 38 23 14 23 38 122 104 87 70 52 35 18 0 18 35 122 105 88 71 54 38 23 14 23 38 125 108 91 75 59 45 33 28 33 45 129 112 97 81 67 55 46 42 45 54 134 118 104 89 77 66 59 56 58 65 140 126 112 99 87 78 72 70 72 77 148 134 121 109 99 91 85 83 85 90 156 143 131 120 111 104 99 97 99 103 166 153 142 132 123 117 113 111 112 116
86 50 76 59 114 93 64 66 74 43 82 87 69 47 80 66 106 90 64 92 95 61 107 53 103 61 72 62 66 56 80 88 51 50 73 100 87 95 51 96 140 122 105 88 71 54 38 23 14 23 139 122 104 87 70 52 35 18 0 18 140 122 105 88 71 54 38 23 14 23 142 125 108 91 75 59 45 33 28 33 145 129 112 97 81 67 54 45 42 45 150 134 118 103 89 76 66 58 55 58 156 140 126 112 99 87 78 72 69 71 162 148 134 121 109 98 90 85 83 85 170 156 143 131 120 110 103 99 97 98 179 165 153 141 131 123 116 112 110 112
102 59 92 71 130 106 79 74 90 47 94 104 85 57 90 83 120 106 78 106 112 76 124 65 120 67 85 70 81 59 90 105 59 58 87 117 99 112 65 109 157 140 122 105 88 71 54 38 23 14 156 139 122 104 87 70 52 35 18 0 157 140 122 105 88 71 54 38 23 14 159 142 125 108 91 75 59 45 33 28 162 145 129 112 96 81 67 54 45 42 166 150 134 118 103 89 76 65 58 55 171 155 140 125 111 98 87 77 71 69 177 162 148 134 120 108 98 90 85 83 184 170 156 143 130 119 110 103 98 96 192 178 165 152 141 131 122 116 112 110
57 124 76 106 42 89 87 124 72 140 101 55 75 120 110 75 72 59 90 83 46 90 34 110 46 130 97 124 85 144 108 57 129 127 85 48 97 50 103 88 29 34 45 60 75 91 108 125 142 159 15 23 38 54 71 88 105 122 140 157 0 18 35 52 70 87 104 122 139 156 15 23 38 54 71 88 105 122 140 157 29 34 45 60 75 91 108 125 142 159 43 47 55 68 82 97 113 129 145 162 58 60 67 77 90 104 119 134 150 166 72 74 80 88 99 112 126 140 156 171 86 88 93 100 110 122 134 148 162 177 100 102 106 112 121 132 144 156 170 184
40 108 59 89 30 75 70 108 55 123 87 38 58 103 95 57 60 44 74 69 29 73 18 94 32 114 81 108 69 127 93 40 113 110 69 33 82 34 86 75 34 29 34 45 60 75 91 108 125 142 23 15 23 38 54 71 88 105 122 140 18 0 18 35 52 70 87 104 122 139 23 15 23 38 54 71 88 105 122 140 34 29 34 45 60 75 91 108 125 142 47 43 46 55 67 82 97 112 129 145 60 57 60 67 77 90 104 118 134 150 74 72 73 79 88 99 112 126 140 155 88 86 87 92 100 110 121 134 148 162 102 100 101 105 112 121 131 143 156 170
24 91 44 73 26 63 53 93 39 107 73 21 41 86 82 40 51 29 58 57 12 57 7 77 21 98 66 92 52 111 80 24 96 94 54 21 70 19 69 64 45 34 29 34 45 60 75 91 108 125 38 23 15 23 38 54 71 88 105 122 35 18 0 18 35 52 70 87 104 122 38 23 15 23 38 54 71 88 105 122 45 34 29 34 45 60 75 91 108 125 55 46 43 46 55 67 81 97 112 129 67 60 57 60 67 77 90 104 118 134 80 73 71 73 79 88 99 112 126 140 93 87 85 87 92 99 109 121 134 148 106 101 99 101 105 112 121 131 143 156
10 75 30 58 33 55 38 79 23 90 62 6 24 70 69 23 48 21 42 49 8 41 20 62 23 83 53 77 37 95 68 12 81 78 40 21 59 15 53 56 60 45 34 29 33 45 59 75 91 108 54 38 23 15 23 38 54 71 88 105 52 35 18 0 18 35 52 70 87 104 54 38 23 15 23 38 54 71 88 105 60 45 34 29 33 45 59 75 91 108 68 55 46 43 46 55 67 81 97 112 77 67 60 57 59 66 77 89 103 118 88 79 73 71 73 79 88 99 112 125 100 92 87 85 87 91 99 109 121 134 112 105 101 99 100 105 111 120 131 143
16 60 23 44 46 51 25 66 14 74 54 16 10 55 60 7 51 25 29 46 24 27 37 47 35 69 43 64 24 80 58 19 65 62 31 32 53 26 37 53 75 60 45 33 29 33 45 59 75 91 71 54 38 23 15 23 38 54 71 88 70 52 35 18 0 18 35 52 70 87 71 54 38 23 15 23 38 54 71 88 75 60 45 33 29 33 45 59 75 91 82 67 55 46 43 46 55 67 81 96 90 77 67 59 57 59 66 77 89 103 99 88 79 73 71 73 78 87 99 111 110 100 92 87 85 86 91 99 109 120 121 112 105 100 99 100 104 111 120 130
32 46 27 34 61 53 20 55 21 58 51 33 16 40 54 14 59 37 23 49 42 19 54 35 50 57 38 52 20 66 53 34 52 48 30 47 52 42 24 56 91 75 60 45 33 28 33 45 59 75 88 71 54 38 23 14 23 38 54 71 87 70 52 35 18 0 18 35 52 70 88 71 54 38 23 14 23 38 54 71 91 75 60 45 33 28 33 45 59 75 97 82 67 55 46 42 46 55 67 81 104 90 77 66 59 56 59 66 76 89 112 99 88 79 73 70 72 78 87 98 122 110 99 91 86 84 86 91 98 108 132 121 112 105 100 98 99 104 110 119
49 36 39 31 77 60 28 49 36 44 53 50 31 30 54 31 70 53 29 58 59 25 71 29 66 48 41 45 29 54 53 51 41 38 38 63 56 58 20 63 108 91 75 59 45 33 28 33 45 59 105 88 71 54 38 23 14 23 38 54 104 87 70 52 35 18 0 18 35 52 105 88 71 54 38 23 14 23 38 54 108 91 75 59 45 33 28 33 45 59 113 97 81 67 55 46 42 46 54 67 119 104 90 77 66 59 56 59 66 76 126 112 99 88 78 72 70 72 78 87 134 121 109 99 91 86 84 85 90 98 144 131 121 111 104 99 98 99 103 110
66 32 54 38 93 71 42 48 53 33 61 68 48 28 59 48 84 69 42 70 76 39 88 32 83 45 50 44 44 45 59 68 35 33 51 80 65 75 29 74 125 108 91 75 59 45 33 28 33 45 122 105 88 71 54 38 23 14 23 38 122 104 87 70 52 35 18 0 18 35 122 105 88 71 54 38 23 14 23 38 125 108 91 75 59 45 33 28 33 45 129 112 97 81 67 55 46 42 45 54 134 118 104 89 77 66 59 56 58 65 140 126 112 99 87 78 72 70 72 77 148 134 121 109 99 91 85 83 85 90 156 143 131 120 111 104 99 97 99 103
83 37 71 49 110 84 58 54 70 29 72 85 65 35 69 65 98 86 57 84 93 55 106 43 100 48 63 49 60 42 69 85 38 37 66 97 77 92 43 87 142 125 108 91 75 59 45 33 28 33 140 122 105 88 71 54 38 23 14 23 139 122 104 87 70 52 35 18 0 18 140 122 105 88 71 54 38 23 14 23 142 125 108 91 75 59 45 33 28 33 145 129 112 97 81 67 54 45 42 45 150 134 118 103 89 76 66 58 55 58 156 140 126 112 99 87 78 72 69 71 162 148 134 121 109 98 90 85 83 85 170 156 143 131 120 110 103 99 97 98
100 49 87 64 127 98 75 64 87 35 85 102 83 48 81 82 114 103 73 99 111 71 123 58 117 56 78 59 76 46 81 102 48 47 82 114 91 109 59 101 159 142 125 108 91 75 59 45 33 28 157 140 122 105 88 71 54 38 23 14 156 139 122 104 87 70 52 35 18 0 157 140 122 105 88 71 54 38 23 14 159 142 125 108 91 75 59 45 33 28 162 145 129 112 96 81 67 54 45 42 166 150 134 118 103 89 76 65 58 55 171 155 140 125 111 98 87 77 71 69 177 162 148 134 120 108 98 90 85 83 184 170 156 143 130 119 110 103 98 96
57 121 73 102 35 81 85 119 71 138 95 55 75 117 104 77 63 56 88 76 47 88 35 108 42 126 92 120 83 140 102 55 126 124 82 45 90 48 101 81 43 47 55 68 82 97 113 129 145 162 29 34 45 60 75 91 108 125 142 159 15 23 38 54 71 88 105 122 140 157 0 18 35 52 70 87 104 122 139 156 15 23 38 54 71 88 105 122 140 157 29 34 45 60 75 91 108 125 142 159 43 47 55 68 82 97 113 129 145 162 58 60 67 77 90 104 119 134 150 166 72 74 80 88 99 112 126 140 156 171 86 88 93 100 110 122 134 148 162 177
40 104 56 85 19 66 67 103 54 121 79 38 57 100 88 60 49 39 71 61 31 71 19 90 25 109 75 103 66 123 86 38 109 107 65 28 74 31 84 66 47 43 46 55 67 82 97 112 129 145 34 29 34 45 60 75 91 108 125 142 23 15 23 38 54 71 88 105 122 140 18 0 18 35 52 70 87 104 122 139 23 15 23 38 54 71 88 105 122 140 34 29 34 45 60 75 91 108 125 142 47 43 46 55 67 82 97 112 129 145 60 57 60 67 77 90 104 118 134 150 74 72 73 79 88 99 112 126 140 155 88 86 87 92 100 110 121 134 148 162
23 87 39 68 12 53 50 87 36 104 64 22 40 83 73 44 39 22 53 47 15 54 9 73 9 93 59 86 49 106 71 21 92 90 48 11 60 14 66 53 55 46 43 46 55 67 81 97 112 129 45 34 29 34 45 60 75 91 108 125 38 23 15 23 38 54 71 88 105 122 35 18 0 18 35 52 70 87 104 122 38 23 15 23 38 54 71 88 105 122 45 34 29 34 45 60 75 91 108 125 55 46 43 46 55 67 81 97 112 129 67 60 57 60 67 77 90 104 118 134 80 73 71 73 79 88 99 112 126 140 93 87 85 87 92 99 109 121 134 148
8 71 22 52 23 42 33 71 19 87 51 10 23 66 59 30 34 7 37 36 12 36 21 57 13 77 44 70 32 90 57 4 75 73 32 9 48 5 49 43 68 55 46 43 46 55 67 81 97 112 60 45 34 29 33 45 59 75 91 108 54 38 23 15 23 38 54 71 88 105 52 35 18 0 18 35 52 70 87 104 54 38 23 15 23 38 54 71 88 105 60 45 34 29 33 45 59 75 91 108 68 55 46 43 46 55 67 81 97 112 77 67 60 57 59 66 77 89 103 118 88 79 73 71 73 79 88 99 112 125 100 92 87 85 87 91 99 109 121 134
15 54 9 36 39 37 16 56 2 70 41 18 8 49 48 20 38 15 20 32 26 20 37 40 29 61 31 55 15 73 46 15 59 56 18 26 39 22 32 39 82 67 55 46 43 46 55 67 81 96 75 60 45 33 29 33 45 59 75 91 71 54 38 23 15 23 38 54 71 88 70 52 35 18 0 18 35 52 70 87 71 54 38 23 15 23 38 54 71 88 75 60 45 33 29 33 45 59 75 91 82 67 55 46 43 46 55 67 81 96 90 77 67 59 57 59 66 77 89 103 99 88 79 73 71 73 78 87 99 111 110 100 92 87 85 86 91 99 109 120
31 38 17 22 56 40 6 44 17 53 37 34 14 33 41 23 48 32 9 37 43 6 54 25 46 47 24 42 7 58 39 32 43 40 16 43 38 39 15 43 97 82 67 55 46 42 46 55 67 81 91 75 60 45 33 28 33 45 59 75 88 71 54 38 23 14 23 38 54 71 87 70 52 35 18 0 18 35 52 70 88 71 54 38 23 14 23 38 54 71 91 75 60 45 33 28 33 45 59 75 97 82 67 55 46 42 46 55 67 81 104 90 77 66 59 56 59 66 76 89 112 99 88 79 73 70 72 78 87 98 122 110 99 91 86 84 86 91 98 108
48 24 33 18 73 49 21 36 34 37 40 51 31 18 41 36 61 49 20 48 60 18 71 15 63 36 29 32 22 44 40 50 30 26 29 60 44 57 7 52 113 97 81 67 55 46 42 46 54 67 108 91 75 59 45 33 28 33 45 59 105 88 71 54 38 23 14 23 38 54 104 87 70 52 35 18 0 18 35 52 105 88 71 54 38 23 14 23 38 54 108 91 75 59 45 33 28 33 45 59 113 97 81 67 55 46 42 46 54 67 119 104 90 77 66 59 56 59 66 76 126 112 99 88 78 72 70 72 78 87 134 121 109 99 91 86 84 85 90 98
66 19 50 27 90 62 38 35 51 22 50 68 48 15 47 51 77 66 36 62 77 34 89 21 81 31 41 30 39 32 47 67 22 19 44 78 55 74 22 65 129 112 97 81 67 55 46 42 45 54 125 108 91 75 59 45 33 28 33 45 122 105 88 71 54 38 23 14 23 38 122 104 87 70 52 35 18 0 18 35 122 105 88 71 54 38 23 14 23 38 125 108 91 75 59 45 33 28 33 45 129 112 97 81 67 55 46 42 45 54 134 118 104 89 77 66 59 56 58 65 140 126 112 99 87 78 72 70 72 77 148 134 121 109 99 91 85 83 85 90
83 27 68 42 107 76 55 42 68 15 63 85 65 26 59 68 92 84 53 77 94 52 106 36 98 35 56 38 57 28 59 84 26 25 61 95 69 91 39 79 145 129 112 97 81 67 54 45 42 45 142 125 108 91 75 59 45 33 28 33 140 122 105 88 71 54 38 23 14 23 139 122 104 87 70 52 35 18 0 18 140 122 105 88 71 54 38 23 14 23 142 125 108 91 75 59 45 33 28 33 145 129 112 97 81 67 54 45 42 45 150 134 118 103 89 76 66 58 55 58 156 140 126 112 99 87 78 72 69 71 162 148 134 121 109 98 90 85 83 85
100 41 85 58 125 92 72 54 86 25 78 102 82 42 72 84 109 101 70 93 111 69 123 52 115 46 72 50 74 34 73 101 39 39 78 112 84 109 56 95 162 145 129 112 96 81 67 54 45 42 159 142 125 108 91 75 59 45 33 28 157 140 122 105 88 71 54 38 23 14 156 139 122 104 87 70 52 35 18 0 157 140 122 105 88 71 54 38 23 14 159 142 125 108 91 75 59 45 33 28 162 145 129 112 96 81 67 54 45 42 166 150 134 118 103 89 76 65 58 55 171 155 140 125 111 98 87 77 71 69 177 162 148 134 120 108 98 90 85 83
60 120 73 101 33 76 85 116 72 137 90 59 77 116 99 82 57 57 87 71 52 88 41 107 43 123 89 117 83 138 98 58 125 122 80 46 85 50 101 75 58 60 67 77 90 104 119 134 150 166 43 47 55 68 82 97 113 129 145 162 29 34 45 60 75 91 108 125 142 159 15 23 38 54 71 88 105 122 140 157 0 18 35 52 70 87 104 122 139 156 15 23 38 54 71 88 105 122 140 157 29 34 45 60 75 91 108 125 142 159 43 47 55 68 82 97 113 129 145 162 58 60 67 77 90 104 119 134 150 166 72 74 80 88 99 112 126 140 156 171
44 103 55 84 15 60 68 99 56 120 74 44 61 99 83 66 41 40 70 54 38 71 28 89 26 106 72 100 66 121 81 42 107 105 63 29 68 34 84 59 60 57 60 67 77 90 104 118 134 150 47 43 46 55 67 82 97 112 129 145 34 29 34 45 60 75 91 108 125 142 23 15 23 38 54 71 88 105 122 140 18 0 18 35 52 70 87 104 122 139 23 15 23 38 54 71 88 105 122 140 34 29 34 45 60 75 91 108 125 142 47 43 46 55 67 82 97 112 129 145 60 57 60 67 77 90 104 118 134 150 74 72 73 79 88 99 112 126 140 155
30 86 38 66 4 44 51 82 39 103 57 31 45 82 66 52 27 23 53 38 27 54 23 72 11 89 55 83 49 103 65 27 90 88 46 14 52 20 67 44 67 60 57 60 67 77 90 104 118 134 55 46 43 46 55 67 81 97 112 129 45 34 29 34 45 60 75 91 108 125 38 23 15 23 38 54 71 88 105 122 35 18 0 18 35 52 70 87 104 122 38 23 15 23 38 54 71 88 105 122 45 34 29 34 45 60 75 91 108 125 55 46 43 46 55 67 81 97 112 129 67 60 57 60 67 77 90 104 118 134 80 73 71 73 79 88 99 112 126 140
21 68 21 49 21 31 34 66 24 85 42 23 30 65 51 40 20 10 36 24 25 37 29 55 14 72 38 66 32 86 49 17 73 70 28 13 38 16 50 31 77 67 60 57 59 66 77 89 103 118 68 55 46 43 46 55 67 81 97 112 60 45 34 29 33 45 59 75 91 108 54 38 23 15 23 38 54 71 88 105 52 35 18 0 18 35 52 70 87 104 54 38 23 15 23 38 54 71 88 105 60 45 34 29 33 45 59 75 91 108 68 55 46 43 46 55 67 81 97 112 77 67 60 57 59 66 77 89 103 118 88 79 73 71 73 79 88 99 112 125
24 51 7 32 38 23 18 49 15 68 29 28 21 47 37 34 26 17 19 18 34 21 43 37 30 56 22 49 16 69 35 22 56 53 11 27 26 27 33 25 90 77 67 59 57 59 66 77 89 103 82 67 55 46 43 46 55 67 81 96 75 60 45 33 29 33 45 59 75 91 71 54 38 23 15 23 38 54 71 88 70 52 35 18 0 18 35 52 70 87 71 54 38 23 15 23 38 54 71 88 75 60 45 33 29 33 45 59 75 91 82 67 55 46 43 46 55 67 81 96 90 77 67 59 57 59 66 77 89 103 99 88 79 73 71 73 78 87 99 111
37 34 16 15 55 27 10 34 22 51 23 40 24 30 27 36 39 33 6 26 48 9 58 20 46 39 10 33 10 53 26 36 39 36 7 44 24 42 17 30 104 90 77 66 59 56 59 66 76 89 97 82 67 55 46 42 46 55 67 81 91 75 60 45 33 28 33 45 59 75 88 71 54 38 23 14 23 38 54 71 87 70 52 35 18 0 18 35 52 70 88 71 54 38 23 14 23 38 54 71 91 75 60 45 33 28 33 45 59 75 97 82 67 55 46 42 46 55 67 81 104 90 77 66 59 56 59 66 76 89 112 99 88 79 73 70 72 78 87 98
52 17 33 5 72 39 22 23 37 33 29 55 36 13 27 45 55 50 18 40 63 19 74 3 64 25 19 20 23 36 27 52 22 19 25 61 33 58 9 43 119 104 90 77 66 59 56 59 66 76 113 97 81 67 55 46 42 46 54 67 108 91 75 59 45 33 28 33 45 59 105 88 71 54 38 23 14 23 38 54 104 87 70 52 35 18 0 18 35 52 105 88 71 54 38 23 14 23 38 54 108 91 75 59 45 33 28 33 45 59 113 97 81 67 55 46 42 46 54 67 119 104 90 77 66 59 56 59 66 76 126 112 99 88 78 72 70 72 78 87
68 5 50 21 90 55 39 21 53 16 41 71 51 6 37 58 72 67 35 56 80 35 91 16 81 17 35 17 40 21 37 69 8 5 42 78 47 75 23 58 134 118 104 89 77 66 59 56 58 65 129 112 97 81 67 55 46 42 45 54 125 108 91 75 59 45 33 28 33 45 122 105 88 71 54 38 23 14 23 38 122 104 87 70 52 35 18 0 18 35 122 105 88 71 54 38 23 14 23 38 125 108 91 75 59 45 33 28 33 45 129 112 97 81 67 55 46 42 45 54 134 118 104 89 77 66 59 56 58 65 140 126 112 99 87 78 72 70 72 77
85 20 67 39 107 71 56 32 70 3 57 88 68 23 50 73 88 84 52 73 96 52 108 33 98 24 52 28 57 15 51 86 17 18 59 95 62 92 39 73 150 134 118 103 89 76 66 58 55 58 145 129 112 97 81 67 54 45 42 45 142 125 108 91 75 59 45 33 28 33 140 122 105 88 71 54 38 23 14 23 139 122 104 87 70 52 35 18 0 18 140 122 105 88 71 54 38 23 14 23 142 125 108 91 75 59 45 33 28 33 145 129 112 97 81 67 54 45 42 45 150 134 118 103 89 76 66 58 55 58 156 140 126 112 99 87 78 72 69 71
102 37 85 56 124 87 73 47 87 20 73 105 84 40 66 88 105 101 70 90 113 69 125 50 115 38 69 44 74 24 67 103 33 35 77 112 78 109 56 90 166 150 134 118 103 89 76 65 58 55 162 145 129 112 96 81 67 54 45 42 159 142 125 108 91 75 59 45 33 28 157 140 122 105 88 71 54 38 23 14 156 139 122 104 87 70 52 35 18 0 157 140 122 105 88 71 54 38 23 14 159 142 125 108 91 75 59 45 33 28 162 145 129 112 96 81 67 54 45 42 166 150 134 118 103 89 76 65 58 55 171 155 140 125 111 98 87 77 71 69
66 120 75 101 37 73 88 115 77 138 88 66 82 117 97 88 53 60 89 69 60 91 50 107 48 122 89 116 86 137 95 63 124 123 81 51 82 56 103 71 72 74 80 88 99 112 126 140 156 171 58 60 67 77 90 104 119 134 150 166 43 47 55 68 82 97 113 129 145 162 29 34 45 60 75 91 108 125 142 159 15 23 38 54 71 88 105 122 140 157 0 18 35 52 70 87 104 122 139 156 15 23 38 54 71 88 105 122 140 157 29 34 45 60 75 91 108 125 142 159 43 47 55 68 82 97 113 129 145 162 58 60 67 77 90 104 119 134 150 166
52 103 59 84 23 56 71 97 61 121 71 53 67 100 79 74 36 45 73 52 48 74 40 90 33 105 72 98 70 120 78 49 107 105 64 36 65 42 87 54 74 72 73 79 88 99 112 126 140 155 60 57 60 67 77 90 104 118 134 150 47 43 46 55 67 82 97 112 129 145 34 29 34 45 60 75 91 108 125 142 23 15 23 38 54 71 88 105 122 140 18 0 18 35 52 70 87 104 122 139 23 15 23 38 54 71 88 105 122 140 34 29 34 45 60 75 91 108 125 142 47 43 46 55 67 82 97 112 129 145 60 57 60 67 77 90 104 118 134 150
41 86 43 67 18 39 55 80 46 103 53 42 52 83 62 62 19 31 56 34 40 58 37 73 24 88 54 81 53 103 61 37 90 88 48 26 48 32 70 37 80 73 71 73 79 88 99 112 126 140 67 60 57 60 67 77 90 104 118 134 55 46 43 46 55 67 81 97 112 129 45 34 29 34 45 60 75 91 108 125 38 23 15 23 38 54 71 88 105 122 35 18 0 18 35 52 70 87 104 122 38 23 15 23 38 54 71 88 105 122 45 34 29 34 45 60 75 91 108 125 55 46 43 46 55 67 81 97 112 129 67 60 57 60 67 77 90 104 118 134
35 69 29 50 27 22 40 63 35 86 36 38 41 66 45 52 6 23 40 17 39 43 41 56 25 70 37 64 38 85 44 31 73 71 31 25 31 30 54 21 88 79 73 71 73 79 88 99 112 125 77 67 60 57 59 66 77 89 103 118 68 55 46 43 46 55 67 81 97 112 60 45 34 29 33 45 59 75 91 108 54 38 23 15 23 38 54 71 88 105 52 35 18 0 18 35 52 70 87 104 54 38 23 15 23 38 54 71 88 105 60 45 34 29 33 45 59 75 91 108 68 55 46 43 46 55 67 81 97 112 77 67 60 57 59 66 77 89 103 118
37 52 21 34 41 9 28 46 29 69 20 40 34 50 29 48 18 27 27 4 45 30 51 40 36 53 20 47 26 68 27 34 55 54 18 35 15 36 39 11 99 88 79 73 71 73 78 87 99 111 90 77 67 59 57 59 66 77 89 103 82 67 55 46 43 46 55 67 81 96 75 60 45 33 29 33 45 59 75 91 71 54 38 23 15 23 38 54 71 88 70 52 35 18 0 18 35 52 70 87 71 54 38 23 15 23 38 54 71 88 75 60 45 33 29 33 45 59 75 91 82 67 55 46 43 46 55 67 81 96 90 77 67 59 57 59 66 77 89 103
46 35 25 18 57 17 24 28 33 52 9 50 36 33 15 49 35 39 20 19 56 23 65 24 51 36 5 29 23 51 13 44 38 37 16 49 11 49 27 20 112 99 88 79 73 70 72 78 87 98 104 90 77 66 59 56 59 66 76 89 97 82 67 55 46 42 46 55 67 81 91 75 60 45 33 28 33 45 59 75 88 71 54 38 23 14 23 38 54 71 87 70 52 35 18 0 18 35 52 70 88 71 54 38 23 14 23 38 54 71 91 75 60 45 33 28 33 45 59 75 97 82 67 55 46 42 46 55 67 81 104 90 77 66 59 56 59 66 76 89
59 19 38 12 74 34 31 12 44 36 19 62 45 20 15 56 52 54 26 36 70 29 80 14 67 19 17 12 31 33 15 58 22 21 28 65 25 63 23 36 126 112 99 88 78 72 70 72 78 87 119 104 90 77 66 59 56 59 66 76 113 97 81 67 55 46 42 46 54 67 108 91 75 59 45 33 28 33 45 59 105 88 71 54 38 23 14 23 38 54 104 87 70 52 35 18 0 18 35 52 105 88 71 54 38 23 14 23 38 54 108 91 75 59 45 33 28 33 45 59 113 97 81 67 55 46 42 46 54 67 119 104 90 77 66 59 56 59 66 76
74 10 54 24 91 50 44 10 59 21 36 77 58 16 29 67 69 70 40 53 85 41 95 21 83 3 34 7 45 16 30 73 8 10 44 81 41 79 31 53 140 126 112 99 87 78 72 70 72 77 134 118 104 89 77 66 59 56 58 65 129 112 97 81 67 55 46 42 45 54 125 108 91 75 59 45 33 28 33 45 122 105 88 71 54 38 23 14 23 38 122 104 87 70 52 35 18 0 18 35 122 105 88 71 54 38 23 14 23 38 125 108 91 75 59 45 33 28 33 45 129 112 97 81 67 55 46 42 45 54 134 118 104 89 77 66 59 56 58 65
89 22 70 40 108 68 59 26 74 13 53 92 73 27 45 80 86 86 55 71 101 56 111 36 100 17 51 24 61 2 46 89 17 20 61 98 58 96 45 70 156 140 126 112 99 87 78 72 69 71 150 134 118 103 89 76 66 58 55 58 145 129 112 97 81 67 54 45 42 45 142 125 108 91 75 59 45 33 28 33 140 122 105 88 71 54 38 23 14 23 139 122 104 87 70 52 35 18 0 18 140 122 105 88 71 54 38 23 14 23 142 125 108 91 75 59 45 33 28 33 145 129 112 97 81 67 54 45 42 45 150 134 118 103 89 76 66 58 55 58
105 38 87 57 125 85 76 43 90 23 70 108 89 43 62 94 104 103 72 88 117 72 128 52 117 35 68 41 77 20 63 106 33 36 78 115 76 112 60 87 171 155 140 125 111 98 87 77 71 69 166 150 134 118 103 89 76 65 58 55 162 145 129 112 96 81 67 54 45 42 159 142 125 108 91 75 59 45 33 28 157 140 122 105 88 71 54 38 23 14 156 139 122 104 87 70 52 35 18 0 157 140 122 105 88 71 54 38 23 14 159 142 125 108 91 75 59 45 33 28 162 145 129 112 96 81 67 54 45 42 166 150 134 118 103 89 76 65 58 55
75 122 80 104 45 73 92 115 83 140 88 75 89 120 96 97 54 67 94 70 70 96 61 110 56 123 91 116 91 138 95 71 126 124 85 59 82 65 107 70 86 88 93 100 110 122 134 148 162 177 72 74 80 88 99 112 126 140 156 171 58 60 67 77 90 104 119 134 150 166 43 47 55 68 82 97 113 129 145 162 29 34 45 60 75 91 108 125 142 159 15 23 38 54 71 88 105 122 140 157 0 18 35 52 70 87 104 122 139 156 15 23 38 54 71 88 105 122 140 157 29 34 45 60 75 91 108 125 142 159 43 47 55 68 82 97 113 129 145 162
62 105 65 87 35 55 77 97 69 123 70 64 75 103 79 84 37 53 78 53 60 80 54 93 44 105 74 99 75 121 77 59 109 107 69 47 65 53 91 53 88 86 87 92 100 110 121 134 148 162 74 72 73 79 88 99 112 126 140 155 60 57 60 67 77 90 104 118 134 150 47 43 46 55 67 82 97 112 129 145 34 29 34 45 60 75 91 108 125 142 23 15 23 38 54 71 88 105 122 140 18 0 18 35 52 70 87 104 122 139 23 15 23 38 54 71 88 105 122 140 34 29 34 45 60 75 91 108 125 142 47 43 46 55 67 82 97 112 129 145
53 89 51 71 32 38 62 80 56 106 53 55 62 87 61 73 21 43 62 36 54 65 51 77 38 88 57 82 61 103 60 50 92 91 53 40 47 45 76 36 93 87 85 87 92 99 109 121 134 148 80 73 71 73 79 88 99 112 126 140 67 60 57 60 67 77 90 104 118 134 55 46 43 46 55 67 81 97 112 129 45 34 29 34 45 60 75 91 108 125 38 23 15 23 38 54 71 88 105 122 35 18 0 18 35 52 70 87 104 122 38 23 15 23 38 54 71 88 105 122 45 34 29 34 45 60 75 91 108 125 55 46 43 46 55 67 81 97 112 129
49 72 40 55 37 21 49 63 47 89 36 52 53 71 44 65 9 37 49 20 53 52 54 61 39 71 41 65 48 86 43 45 75 74 40 39 30 44 61 19 100 92 87 85 87 91 99 109 121 134 88 79 73 71 73 79 88 99 112 125 77 67 60 57 59 66 77 89 103 118 68 55 46 43 46 55 67 81 97 112 60 45 34 29 33 45 59 75 91 108 54 38 23 15 23 38 54 71 88 105 52 35 18 0 18 35 52 70 87 104 54 38 23 15 23 38 54 71 88 105 60 45 34 29 33 45 59 75 91 108 68 55 46 43 46 55 67 81 97 112
50 56 34 40 49 7 40 46 43 73 19 54 48 55 27 61 19 39 38 11 58 42 62 46 46 54 27 48 39 69 25 47 59 58 30 46 13 48 48 4 110 100 92 87 85 86 91 99 109 120 99 88 79 73 71 73 78 87 99 111 90 77 67 59 57 59 66 77 89 103 82 67 55 46 43 46 55 67 81 96 75 60 45 33 29 33 45 59 75 91 71 54 38 23 15 23 38 54 71 88 70 52 35 18 0 18 35 52 70 87 71 54 38 23 15 23 38 54 71 88 75 60 45 33 29 33 45 59 75 91 82 67 55 46 43 46 55 67 81 96
57 41 37 29 63 16 37 29 46 57 6 61 50 42 10 62 35 48 34 22 67 37 74 34 59 37 19 32 37 52 9 55 43 42 29 57 8 58 39 18 122 110 99 91 86 84 86 91 98 108 112 99 88 79 73 70 72 78 87 98 104 90 77 66 59 56 59 66 76 89 97 82 67 55 46 42 46 55 67 81 91 75 60 45 33 28 33 45 59 75 88 71 54 38 23 14 23 38 54 71 87 70 52 35 18 0 18 35 52 70 88 71 54 38 23 14 23 38 54 71 91 75 60 45 33 28 33 45 59 75 97 82 67 55 46 42 46 55 67 81
68 29 47 26 79 33 42 13 54 43 18 71 56 31 9 68 52 61 38 38 79 41 87 28 73 22 24 17 42 36 11 67 29 30 37 71 24 71 37 35 134 121 109 99 91 86 84 85 90 98 126 112 99 88 78 72 70 72 78 87 119 104 90 77 66 59 56 59 66 76 113 97 81 67 55 46 42 46 54 67 108 91 75 59 45 33 28 33 45 59 105 88 71 54 38 23 14 23 38 54 104 87 70 52 35 18 0 18 35 52 105 88 71 54 38 23 14 23 38 54 108 91 75 59 45 33 28 33 45 59 113 97 81 67 55 46 42 46 54 67
81 24 60 33 95 50 53 11 67 31 35 84 67 29 26 77 69 75 48 54 92 50 101 32 88 12 38 14 53 21 28 80 21 23 50 86 41 85 42 52 148 134 121 109 99 91 85 83 85 90 140 126 112 99 87 78 72 70 72 77 134 118 104 89 77 66 59 56 58 65 129 112 97 81 67 55 46 42 45 54 125 108 91 75 59 45 33 28 33 45 122 105 88 71 54 38 23 14 23 38 122 104 87 70 52 35 18 0 18 35 122 105 88 71 54 38 23 14 23 38 125 108 91 75 59 45 33 28 33 45 129 112 97 81 67 55 46 42 45 54
95 31 75 46 111 67 66 26 81 27 52 99 80 37 44 89 87 91 62 71 107 63 117 43 104 21 54 27 67 14 45 95 26 29 65 102 58 101 53 69 162 148 134 121 109 98 90 85 83 85 156 140 126 112 99 87 78 72 69 71 150 134 118 103 89 76 66 58 55 58 145 129 112 97 81 67 54 45 42 45 142 125 108 91 75 59 45 33 28 33 140 122 105 88 71 54 38 23 14 23 139 122 104 87 70 52 35 18 0 18 140 122 105 88 71 54 38 23 14 23 142 125 108 91 75 59 45 33 28 33 145 129 112 97 81 67 54 45 42 45
111 44 91 61 128 85 81 43 96 33 70 114 95 49 61 102 104 107 77 89 122 78 133 57 120 36 70 43 82 24 62 111 38 41 81 118 75 116 66 87 177 162 148 134 120 108 98 90 85 83 171 155 140 125 111 98 87 77 71 69 166 150 134 118 103 89 76 65 58 55 162 145 129 112 96 81 67 54 45 42 159 142 125 108 91 75 59 45 33 28 157 140 122 105 88 71 54 38 23 14 156 139 122 104 87 70 52 35 18 0 157 140 122 105 88 71 54 38 23 14 159 142 125 108 91 75 59 45 33 28 162 145 129 112 96 81 67 54 45 42
84 126 87 108 56 75 99 116 91 143 90 85 97 124 97 106 58 76 99 73 81 102 74 114 66 125 94 119 97 140 96 81 129 128 91 69 84 75 113 72 100 102 106 112 121 132 144 156 170 184 86 88 93 100 110 122 134 148 162 177 72 74 80 88 99 112 126 140 156 171 58 60 67 77 90 104 119 134 150 166 43 47 55 68 82 97 113 129 145 162 29 34 45 60 75 91 108 125 142 159 15 23 38 54 71 88 105 122 140 157 0 18 35 52 70 87 104 122 139 156 15 23 38 54 71 88 105 122 140 157 29 34 45 60 75 91 108 125 142 159
74 110 73 92 48 59 85 100 78 127 73 76 85 108 80 95 43 64 85 57 73 87 67 99 57 108 78 102 83 123 79 70 113 111 76 59 67 65 98 56 102 100 101 105 112 121 131 143 156 170 88 86 87 92 100 110 121 134 148 162 74 72 73 79 88 99 112 126 140 155 60 57 60 67 77 90 104 118 134 150 47 43 46 55 67 82 97 112 129 145 34 29 34 45 60 75 91 108 125 142 23 15 23 38 54 71 88 105 122 140 18 0 18 35 52 70 87 104 122 139 23 15 23 38 54 71 88 105 122 140 34 29 34 45 60 75 91 108 125 142
66 93 61 77 46 43 72 83 68 110 56 69 74 92 63 85 30 55 71 42 68 74 65 83 52 91 63 85 70 106 62 63 96 95 62 53 51 59 83 40 106 101 99 101 105 112 121 131 143 156 93 87 85 87 92 99 109 121 134 148 80 73 71 73 79 88 99 112 126 140 67 60 57 60 67 77 90 104 118 134 55 46 43 46 55 67 81 97 112 129 45 34 29 34 45 60 75 91 108 125 38 23 15 23 38 54 71 88 105 122 35 18 0 18 35 52 70 87 104 122 38 23 15 23 38 54 71 88 105 122 45 34 29 34 45 60 75 91 108 125
63 78 52 63 50 29 61 66 60 94 41 66 66 77 47 79 23 51 59 30 67 63 68 69 52 75 49 69 59 90 46 59 80 79 51 53 35 58 70 25 112 105 101 99 100 105 111 120 131 143 100 92 87 85 87 91 99 109 121 134 88 79 73 71 73 79 88 99 112 125 77 67 60 57 59 66 77 89 103 118 68 55 46 43 46 55 67 81 97 112 60 45 34 29 33 45 59 75 91 108 54 38 23 15 23 38 54 71 88 105 52 35 18 0 18 35 52 70 87 104 54 38 23 15 23 38 54 71 88 105 60 45 34 29 33 45 59 75 91 108
64 63 48 50 59 20 53 50 57 79 27 67 62 64 31 75 29 53 51 25 71 55 74 56 58 59 38 54 53 73 31 61 65 65 43 58 23 61 60 18 121 112 105 100 99 100 104 111 120 130 110 100 92 87 85 86 91 99 109 120 99 88 79 73 71 73 78 87 99 111 90 77 67 59 57 59 66 77 89 103 82 67 55 46 43 46 55 67 81 96 75 60 45 33 29 33 45 59 75 91 71 54 38 23 15 23 38 54 71 88 70 52 35 18 0 18 35 52 70 87 71 54 38 23 15 23 38 54 71 88 75 60 45 33 29 33 45 59 75 91
69 50 50 42 71 25 51 36 59 65 20 73 63 52 19 76 41 60 48 31 78 51 84 46 68 44 33 39 51 58 20 67 51 51 42 67 20 69 52 24 132 121 112 105 100 98 99 104 110 119 122 110 99 91 86 84 86 91 98 108 112 99 88 79 73 70 72 78 87 98 104 90 77 66 59 56 59 66 76 89 97 82 67 55 46 42 46 55 67 81 91 75 60 45 33 28 33 45 59 75 88 71 54 38 23 14 23 38 54 71 87 70 52 35 18 0 18 35 52 70 88 71 54 38 23 14 23 38 54 71 91 75 60 45 33 28 33 45 59 75
78 41 58 39 85 38 55 25 66 53 26 82 69 45 19 81 56 70 50 44 89 54 96 42 81 31 36 29 55 43 21 77 40 41 48 79 30 80 51 39 144 131 121 111 104 99 98 99 103 110 134 121 109 99 91 86 84 85 90 98 126 112 99 88 78 72 70 72 78 87 119 104 90 77 66 59 56 59 66 76 113 97 81 67 55 46 42 46 54 67 108 91 75 59 45 33 28 33 45 59 105 88 71 54 38 23 14 23 38 54 104 87 70 52 35 18 0 18 35 52 105 88 71 54 38 23 14 23 38 54 108 91 75 59 45 33 28 33 45 59
90 38 69 44 100 53 63 24 76 44 40 94 78 43 31 88 73 83 59 59 101 61 109 44 95 25 46 27 64 32 33 89 35 37 59 93 45 93 54 55 156 143 131 120 111 104 99 97 99 103 148 134 121 109 99 91 85 83 85 90 140 126 112 99 87 78 72 70 72 77 134 118 104 89 77 66 59 56 58 65 129 112 97 81 67 55 46 42 45 54 125 108 91 75 59 45 33 28 33 45 122 105 88 71 54 38 23 14 23 38 122 104 87 70 52 35 18 0 18 35 122 105 88 71 54 38 23 14 23 38 125 108 91 75 59 45 33 28 33 45
103 42 82 55 116 70 75 33 89 41 56 107 89 48 47 99 89 97 70 75 114 72 123 53 110 30 60 35 75 28 48 102 38 41 72 108 61 107 63 71 170 156 143 131 120 110 103 99 97 98 162 148 134 121 109 98 90 85 83 85 156 140 126 112 99 87 78 72 69 71 150 134 118 103 89 76 66 58 55 58 145 129 112 97 81 67 54 45 42 45 142 125 108 91 75 59 45 33 28 33 140 122 105 88 71 54 38 23 14 23 139 122 104 87 70 52 35 18 0 18 140 122 105 88 71 54 38 23 14 23 142 125 108 91 75 59 45 33 28 33
117 52 97 68 132 87 88 48 102 45 72 121 102 58 63 111 106 112 84 91 129 85 138 65 125 43 75 49 89 34 65 117 47 50 87 123 77 122 75 88 184 170 156 143 130 119 110 103 98 96 177 162 148 134 120 108 98 90 85 83 171 155 140 125 111 98 87 77 71 69 166 150 134 118 103 89 76 65 58 55 162 145 129 112 96 81 67 54 45 42 159 142 125 108 91 75 59 45 33 28 157 140 122 105 88 71 54 38 23 14 156 139 122 104 87 70 52 35 18 0 157 140 122 105 88 71 54 38 23 14 159 142 125 108 91 75 59 45 33 28
95 131 96 114 68 80 107 120 101 148 94 97 107 130 101 117 65 86 107 79 94 110 87 120 78 128 100 123 105 143 100 92 134 133 98 80 88 86 120 77 115 116 119 125 133 143 154 166 179 192 100 102 106 112 121 132 144 156 170 184 86 88 93 100 110 122 134 148 162 177 72 74 80 88 99 112 126 140 156 171 58 60 67 77 90 104 119 134 150 166 43 47 55 68 82 97 113 129 145 162 29 34 45 60 75 91 108 125 142 159 15 23 38 54 71 88 105 122 140 157 0 18 35 52 70 87 104 122 139 156 15 23 38 54 71 88 105 122 140 157
86 115 83 99 62 65 94 104 89 132 78 88 95 114 84 106 52 76 93 65 86 96 81 105 70 112 85 107 92 127 83 83 118 117 84 72 72 78 106 62 116 114 115 119 125 133 142 153 165 178 102 100 101 105 112 121 131 143 156 170 88 86 87 92 100 110 121 134 148 162 74 72 73 79 88 99 112 126 140 155 60 57 60 67 77 90 104 118 134 150 47 43 46 55 67 82 97 112 129 145 34 29 34 45 60 75 91 108 125 142 23 15 23 38 54 71 88 105 122 140 18 0 18 35 52 70 87 104 122 139 23 15 23 38 54 71 88 105 122 140
80 100 73 85 60 51 82 88 80 116 63 82 86 100 68 98 42 69 81 52 82 84 79 91 66 96 71 91 81 111 68 76 102 101 72 67 58 73 93 48 119 115 114 115 118 124 132 142 153 165 106 101 99 101 105 112 121 131 143 156 93 87 85 87 92 99 109 121 134 148 80 73 71 73 79 88 99 112 126 140 67 60 57 60 67 77 90 104 118 134 55 46 43 46 55 67 81 97 112 129 45 34 29 34 45 60 75 91 108 125 38 23 15 23 38 54 71 88 105 122 35 18 0 18 35 52 70 87 104 122 38 23 15 23 38 54 71 88 105 122
77 86 66 72 63 40 73 72 74 101 49 80 79 86 54 92 37 65 71 43 81 75 81 78 66 80 59 76 72 95 53 73 87 87 63 67 45 72 81 36 125 119 115 113 114 118 124 132 141 152 112 105 101 99 100 105 111 120 131 143 100 92 87 85 87 91 99 109 121 134 88 79 73 71 73 79 88 99 112 125 77 67 60 57 59 66 77 89 103 118 68 55 46 43 46 55 67 81 97 112 60 45 34 29 33 45 59 75 91 108 54 38 23 15 23 38 54 71 88 105 52 35 18 0 18 35 52 70 87 104 54 38 23 15 23 38 54 71 88 105
77 72 62 62 70 34 67 58 71 87 38 81 76 74 41 89 41 66 64 39 84 68 87 67 71 66 50 62 66 80 41 75 73 74 57 71 36 75 72 32 133 125 118 114 113 114 117 123 131 141 121 112 105 100 99 100 104 111 120 130 110 100 92 87 85 86 91 99 109 120 99 88 79 73 71 73 78 87 99 111 90 77 67 59 57 59 66 77 89 103 82 67 55 46 43 46 55 67 81 96 75 60 45 33 29 33 45 59 75 91 71 54 38 23 15 23 38 54 71 88 70 52 35 18 0 18 35 52 70 87 71 54 38 23 15 23 38 54 71 88
82 62 64 55 81 37 65 46 73 74 34 86 77 64 32 90 50 72 61 43 90 65 95 59 79 53 46 50 65 65 33 80 61 62 56 79 34 81 66 36 143 133 124 118 114 112 113 117 123 131 132 121 112 105 100 98 99 104 110 119 122 110 99 91 86 84 86 91 98 108 112 99 88 79 73 70 72 78 87 98 104 90 77 66 59 56 59 66 76 89 97 82 67 55 46 42 46 55 67 81 91 75 60 45 33 28 33 45 59 75 88 71 54 38 23 14 23 38 54 71 87 70 52 35 18 0 18 35 52 70 88 71 54 38 23 14 23 38 54 71
90 54 70 53 93 47 68 38 78 64 38 94 81 58 32 94 63 81 64 53 99 67 106 56 90 43 49 42 68 53 34 88 53 54 61 89 40 91 64 47 154 142 132 124 117 113 112 113 116 122 144 131 121 111 104 99 98 99 103 110 134 121 109 99 91 86 84 85 90 98 126 112 99 88 78 72 70 72 78 87 119 104 90 77 66 59 56 59 66 76 113 97 81 67 55 46 42 46 54 67 108 91 75 59 45 33 28 33 45 59 105 88 71 54 38 23 14 23 38 54 104 87 70 52 35 18 0 18 35 52 105 88 71 54 38 23 14 23 38 54
100 52 79 57 107 60 75 37 87 57 48 104 89 57 40 100 78 92 70 66 110 73 118 57 103 39 57 41 75 44 42 99 49 51 69 102 52 102 67 60 166 153 142 132 123 117 113 111 112 116 156 143 131 120 111 104 99 97 99 103 148 134 121 109 99 91 85 83 85 90 140 126 112 99 87 78 72 70 72 77 134 118 104 89 77 66 59 56 58 65 129 112 97 81 67 55 46 42 45 54 125 108 91 75 59 45 33 28 33 45 122 105 88 71 54 38 23 14 23 38 122 104 87 70 52 35 18 0 18 35 122 105 88 71 54 38 23 14 23 38
112 55 91 65 122 75 85 44 98 54 62 116 99 61 53 110 94 105 80 80 123 82 131 64 117 43 68 47 85 42 55 111 51 54 81 115 66 115 75 76 179 165 153 141 131 123 116 112 110 112 170 156 143 131 120 110 103 99 97 98 162 148 134 121 109 98 90 85 83 85 156 140 126 112 99 87 78 72 69 71 150 134 118 103 89 76 66 58 55 58 145 129 112 97 81 67 54 45 42 45 142 125 108 91 75 59 45 33 28 33 140 122 105 88 71 54 38 23 14 23 139 122 104 87 70 52 35 18 0 18 140 122 105 88 71 54 38 23 14 23
125 63 104 77 137 91 97 55 111 58 77 129 111 69 68 120 110 119 92 96 136 94 145 74 132 52 82 57 97 46 70 124 58 61 94 130 82 129 85 92 192 178 165 152 141 131 122 116 112 110 184 170 156 143 130 119 110 103 98 96 177 162 148 134 120 108 98 90 85 83 171 155 140 125 111 98 87 77 71 69 166 150 134 118 103 89 76 65 58 55 162 145 129 112 96 81 67 54 45 42 159 142 125 108 91 75 59 45 33 28 157 140 122 105 88 71 54 38 23 14 156 139 122 104 87 70 52 35 18 0 157 140 122 105 88 71 54 38 23 14
107 137 106 121 81 87 116 125 111 154 100 109 117 137 106 128 74 97 116 87 106 119 100 127 90 133 108 128 115 148 105 104 139 139 107 92 94 99 128 84 129 130 133 138 145 154 164 176 188 201 115 116 119 125 133 143 154 166 179 192 100 102 106 112 121 132 144 156 170 184 86 88 93 100 110 122 134 148 162 177 72 74 80 88 99 112 126 140 156 171 58 60 67 77 90 104 119 134 150 166 43 47 55 68 82 97 113 129 145 162 29 34 45 60 75 91 108 125 142 159 15 23 38 54 71 88 105 122 140 157 0 18 35 52 70 87 104 122 139 156
99 122 94 107 76 73 104 109 101 138 85 101 107 122 90 119 63 88 103 74 100 106 95 113 83 118 94 113 103 132 90 96 124 124 94 85 80 91 115 70 130 128 129 132 138 145 154 164 175 187 116 114 115 119 125 133 142 153 165 178 102 100 101 105 112 121 131 143 156 170 88 86 87 92 100 110 121 134 148 162 74 72 73 79 88 99 112 126 140 155 60 57 60 67 77 90 104 118 134 150 47 43 46 55 67 82 97 112 129 145 34 29 34 45 60 75 91 108 125 142 23 15 23 38 54 71 88 105 122 140 18 0 18 35 52 70 87 104 122 139
93 108 85 94 74 61 94 94 93 123 71 96 99 108 76 111 55 82 92 63 96 96 94 100 80 103 81 98 93 117 75 90 109 109 84 81 67 87 103 58 133 129 128 129 132 137 144 153 163 175 119 115 114 115 118 124 132 142 153 165 106 101 99 101 105 112 121 131 143 156 93 87 85 87 92 99 109 121 134 148 80 73 71 73 79 88 99 112 126 140 67 60 57 60 67 77 90 104 118 134 55 46 43 46 55 67 81 97 112 129 45 34 29 34 45 60 75 91 108 125 38 23 15 23 38 54 71 88 105 122 35 18 0 18 35 52 70 87 104 122
91 95 79 83 76 52 86 80 87 109 60 94 93 96 63 106 52 79 83 56 95 87 95 89 80 88 71 84 85 102 63 87 96 96 76 81 56 86 93 49 138 132 129 127 128 131 137 144 153 163 125 119 115 113 114 118 124 132 141 152 112 105 101 99 100 105 111 120 131 143 100 92 87 85 87 91 99 109 121 134 88 79 73 71 73 79 88 99 112 125 77 67 60 57 59 66 77 89 103 118 68 55 46 43 46 55 67 81 97 112 60 45 34 29 33 45 59 75 91 108 54 38 23 15 23 38 54 71 88 105 52 35 18 0 18 35 52 70 87 104
91 83 76 74 83 48 81 67 85 96 51 95 90 85 52 103 54 80 78 53 98 81 100 79 84 75 63 72 80 88 52 88 83 84 71 84 49 88 85 46 145 138 132 128 127 127 131 136 143 152 133 125 118 114 113 114 117 123 131 141 121 112 105 100 99 100 104 111 120 130 110 100 92 87 85 86 91 99 109 120 99 88 79 73 71 73 78 87 99 111 90 77 67 59 57 59 66 77 89 103 82 67 55 46 43 46 55 67 81 96 75 60 45 33 29 33 45 59 75 91 71 54 38 23 15 23 38 54 71 88 70 52 35 18 0 18 35 52 70 87
95 74 78 69 92 50 79 57 86 85 48 99 91 77 46 104 62 85 75 56 103 79 107 72 91 64 60 62 79 75 47 93 73 74 70 91 48 94 80 49 154 145 137 131 127 126 127 130 135 143 143 133 124 118 114 112 113 117 123 131 132 121 112 105 100 98 99 104 110 119 122 110 99 91 86 84 86 91 98 108 112 99 88 79 73 70 72 78 87 98 104 90 77 66 59 56 59 66 76 89 97 82 67 55 46 42 46 55 67 81 91 75 60 45 33 28 33 45 59 75 88 71 54 38 23 14 23 38 54 71 87 70 52 35 18 0 18 35 52 70
102 67 82 67 103 58 81 51 91 76 51 106 95 72 45 107 72 92 77 64 111 81 116 69 101 56 62 56 81 65 47 100 66 67 74 100 52 102 78 57 164 154 144 137 131 127 125 126 130 135 154 142 132 124 117 113 112 113 116 122 144 131 121 111 104 99 98 99 103 110 134 121 109 99 91 86 84 85 90 98 126 112 99 88 78 72 70 72 78 87 119 104 90 77 66 59 56 59 66 76 113 97 81 67 55 46 42 46 54 67 108 91 75 59 45 33 28 33 45 59 105 88 71 54 38 23 14 23 38 54 104 87 70 52 35 18 0 18 35 52
111 65 90 70 115 69 87 51 99 70 59 115 101 71 52 113 86 102 83 75 121 86 128 71 112 53 69 55 87 58 53 109 62 65 81 111 62 112 81 69 176 164 153 144 136 130 126 125 126 129 166 153 142 132 123 117 113 111 112 116 156 143 131 120 111 104 99 97 99 103 148 134 121 109 99 91 85 83 85 90 140 126 112 99 87 78 72 70 72 77 134 118 104 89 77 66 59 56 58 65 129 112 97 81 67 55 46 42 45 54 125 108 91 75 59 45 33 28 33 45 122 105 88 71 54 38 23 14 23 38 122 104 87 70 52 35 18 0 18 35
122 68 101 77 129 82 96 56 108 68 70 125 110 74 62 121 100 114 91 88 132 94 140 76 125 56 78 59 96 55 64 120 64 67 91 124 74 124 87 82 188 175 163 153 143 135 130 126 124 125 179 165 153 141 131 123 116 112 110 112 170 156 143 131 120 110 103 99 97 98 162 148 134 121 109 98 90 85 83 85 156 140 126 112 99 87 78 72 69 71 150 134 118 103 89 76 66 58 55 58 145 129 112 97 81 67 54 45 42 45 142 125 108 91 75 59 45 33 28 33 140 122 105 88 71 54 38 23 14 23 139 122 104 87 70 52 35 18 0 18
134 75 113 87 144 97 106 65 120 71 84 138 121 81 75 131 115 127 102 102 145 104 153 85 139 63 90 68 107 58 77 133 70 73 103 137 88 137 95 97 201 187 175 163 152 143 135 129 125 124 192 178 165 152 141 131 122 116 112 110 184 170 156 143 130 119 110 103 98 96 177 162 148 134 120 108 98 90 85 83 171 155 140 125 111 98 87 77 71 69 166 150 134 118 103 89 76 65 58 55 162 145 129 112 96 81 67 54 45 42 159 142 125 108 91 75 59 45 33 28 157 140 122 105 88 71 54 38 23 14 156 139 122 104 87 70 52 35 18 0
