0 47 24 56 89 100 14 14 34 41 72 34 22 81 49 79 70 96 57 75 28 81 25 51 90 95 10 10 53 34 81 27 39 56 49 51 67 37 55 79 142 126 110 95 81 68 58 52 51 56 137 121 104 88 73 58 46 38 37 44 134 117 100 83 67 51 36 25 24 33 132 115 98 81 64 46 30 14 11 26 132 115 98 80 63 46 29 12 9 25 134 116 99 82 66 49 34 22 21 31 136 120 103 87 71 56 43 35 34 41 140 124 108 93 79 65 55 48 47 53 146 130 115 101 88 76 67 62 61 65 152 137 123 110 98 88 80 75 75 78
47 0 24 19 47 55 52 34 17 7 27 14 33 38 14 36 26 52 12 48 27 41 25 28 49 50 43 38 6 15 40 21 45 9 9 4 24 11 9 54 103 89 76 66 59 56 59 66 77 90 96 81 66 54 45 42 46 55 68 82 90 74 58 44 33 28 34 46 60 76 87 70 53 37 22 14 23 39 55 72 86 69 51 34 17 2 19 36 54 71 87 70 53 37 22 15 24 39 55 72 90 74 59 44 33 29 34 46 60 76 96 81 67 54 46 43 46 55 68 82 103 89 76 66 59 56 59 67 77 90 111 99 87 78 72 70 73 79 88 99
24 24 0 37 69 78 28 12 11 19 50 13 12 60 26 58 49 75 35 62 10 62 4 37 70 73 20 15 30 11 61 4 31 33 25 28 46 14 32 67 124 108 94 81 70 61 57 58 64 74 118 102 86 72 59 49 43 45 52 64 113 97 80 64 50 37 30 32 42 55 110 93 76 59 43 27 16 20 34 50 109 92 75 57 40 23 6 13 30 47 110 93 76 59 42 26 14 18 33 49 113 96 79 63 48 35 28 30 40 54 117 101 85 71 57 47 41 43 51 62 123 107 93 80 68 59 55 56 62 72 130 115 102 90 80 73 69 70 75 83
56 19 37 0 33 46 64 43 33 20 19 24 48 25 32 24 17 40 11 30 43 26 39 15 34 40 56 49 16 30 25 34 62 18 27 18 12 26 21 35 87 72 58 47 41 41 48 60 73 88 82 65 50 36 27 28 38 51 67 83 78 61 44 28 14 16 30 46 63 80 77 60 43 26 9 10 28 45 62 79 79 62 46 30 19 20 32 48 64 81 83 68 53 40 32 32 41 54 69 85 90 75 62 52 46 46 52 63 76 91 97 84 73 64 59 60 65 74 85 98 107 95 85 77 73 73 77 85 95 107 117 106 97 91 87 87 91 97 106 117
89 47 69 33 0 20 97 76 64 51 22 57 79 10 56 12 22 9 36 33 73 9 71 42 3 13 88 82 42 61 9 66 91 41 52 44 23 57 43 34 56 43 35 34 41 53 68 83 100 116 49 34 22 21 31 46 62 79 96 113 46 28 12 9 25 42 60 77 94 111 46 30 14 12 27 43 60 77 95 112 51 37 26 25 34 48 64 80 97 114 59 47 40 39 45 57 70 85 101 117 69 59 53 53 58 67 79 92 107 123 81 72 67 67 71 78 89 101 114 129 93 85 81 81 84 90 99 110 123 137 105 99 95 95 97 103 111 121 132 145
100 55 78 46 20 0 106 87 71 60 29 67 87 22 60 23 30 12 44 53 80 27 79 58 22 8 97 92 49 69 25 75 95 46 57 51 34 65 48 54 58 50 48 52 61 73 86 101 117 133 47 37 34 39 50 64 80 95 112 128 38 25 20 28 42 58 75 92 109 126 33 16 6 21 38 55 72 90 107 124 34 18 10 22 39 56 73 90 107 124 40 28 24 31 44 60 76 92 109 126 50 41 38 43 53 66 81 97 113 130 61 54 52 56 64 75 89 103 118 134 74 68 66 69 76 85 97 111 125 140 87 82 80 83 88 97 107 119 133 147
14 52 28 64 97 106 0 23 36 46 77 40 21 88 50 86 77 103 62 85 28 89 27 61 97 101 9 16 57 38 89 31 30 60 51 55 74 41 59 90 150 135 120 105 92 80 71 65 63 66 145 129 113 98 83 70 59 51 49 53 141 124 108 92 76 61 48 38 35 40 138 121 104 87 70 54 39 26 22 29 137 119 102 85 68 50 33 17 8 22 137 119 102 85 68 50 33 17 8 21 138 121 104 87 70 54 39 26 21 29 141 124 108 91 76 61 47 38 35 40 145 129 113 97 83 69 58 51 48 52 150 135 119 105 92 80 70 64 62 65
14 34 12 43 76 87 23 0 22 28 58 20 16 68 37 66 57 83 43 63 20 68 14 39 76 81 15 7 39 22 68 14 36 42 36 37 54 24 42 68 129 113 98 83 70 59 52 50 54 63 124 108 91 76 61 48 39 36 42 52 121 104 87 70 54 39 27 23 30 44 119 102 84 67 50 33 17 9 22 39 119 101 84 67 50 33 16 7 22 39 120 103 86 70 53 38 25 20 29 43 123 107 91 75 60 47 37 34 40 51 128 112 97 82 69 57 50 48 52 61 134 119 104 91 79 69 63 62 65 72 141 127 113 101 90 82 77 75 78 84
34 17 11 33 64 71 36 22 0 14 43 13 16 55 15 52 42 69 28 61 10 57 10 38 65 66 28 25 22 4 56 9 30 25 16 20 41 8 23 66 119 105 91 80 70 64 63 66 73 83 112 97 82 69 58 51 49 53 62 74 107 91 75 60 47 38 35 41 52 66 103 86 69 53 38 25 21 30 44 60 101 84 67 49 32 16 8 22 39 56 101 84 67 49 32 16 9 22 39 56 103 86 70 53 38 26 22 30 44 60 107 91 75 60 47 38 36 41 52 66 112 97 83 70 59 51 50 54 62 74 119 105 92 80 71 65 63 66 74 84
41 7 19 20 51 60 46 28 14 0 32 8 28 42 17 40 31 57 16 48 23 44 20 26 52 55 38 33 12 11 43 16 43 15 13 10 28 7 16 54 106 92 78 67 58 54 55 61 71 84 100 84 69 56 45 40 42 50 62 76 95 79 62 47 34 26 29 40 54 70 92 75 58 41 25 13 17 33 49 66 92 74 57 40 23 6 14 31 48 65 93 76 59 43 28 18 21 35 51 67 97 80 65 50 38 31 34 43 57 72 102 87 73 60 50 45 47 54 65 79 109 95 82 71 63 59 60 66 75 87 117 104 93 83 76 73 74 79 87 97
72 27 50 19 22 29 77 58 43 32 0 38 59 13 34 10 3 26 16 39 53 19 51 33 24 24 69 63 21 41 16 47 69 19 31 23 8 37 22 42 78 65 55 49 49 55 65 77 92 107 70 55 43 35 35 43 55 70 85 101 64 48 33 22 22 33 48 64 81 98 61 44 27 11 11 27 44 61 79 96 62 45 28 12 13 28 45 62 79 96 65 49 35 25 25 35 49 65 82 98 71 57 45 38 38 45 57 71 86 102 80 67 57 52 52 57 67 79 93 108 89 78 70 66 66 70 78 89 101 115 100 91 83 80 79 83 90 99 111 123
34 14 13 24 57 67 40 20 13 8 38 0 24 48 22 46 37 63 23 50 20 49 16 25 57 61 32 26 20 10 49 10 41 23 20 18 34 8 23 55 111 96 82 69 58 52 51 55 64 76 105 89 74 59 47 38 37 43 54 68 101 84 68 52 37 25 23 32 46 62 99 82 65 48 31 15 10 25 42 59 99 82 64 47 30 14 9 24 41 58 101 84 67 51 36 23 21 31 45 61 104 88 73 58 45 36 35 41 53 67 110 95 80 67 56 49 48 53 63 75 117 102 89 78 69 63 62 66 74 84 125 112 100 89 81 77 76 79 85 95
22 33 12 48 79 87 21 16 16 28 59 24 0 70 30 68 58 85 44 73 8 72 9 48 80 82 14 14 38 19 71 15 21 41 31 36 56 23 39 78 134 119 105 92 81 72 67 66 69 76 128 112 97 83 70 60 53 52 56 65 123 106 90 75 61 48 40 38 44 55 119 102 85 69 53 38 27 25 33 47 117 100 82 65 48 32 16 12 25 41 117 99 82 65 47 30 13 7 23 40 118 101 84 67 51 35 22 19 29 44 121 104 88 72 57 44 35 33 39 51 125 109 94 79 66 55 48 46 51 61 131 116 102 88 76 67 61 60 64 72
81 38 60 25 10 22 88 68 55 42 13 48 70 0 47 3 13 15 27 33 64 8 62 36 11 15 80 73 33 52 4 57 82 32 43 35 15 48 34 36 65 52 43 39 43 52 65 79 95 111 58 43 30 25 30 43 58 74 90 107 53 37 21 11 21 37 53 70 88 105 53 35 18 4 18 35 52 70 87 104 55 40 25 18 25 39 55 72 89 106 62 48 37 32 37 47 61 77 93 109 70 58 50 46 50 58 70 83 98 114 80 70 63 61 63 70 80 92 105 120 91 83 77 75 76 82 91 101 114 127 103 96 91 89 90 95 102 112 123 136
49 14 26 32 56 60 50 37 15 17 34 22 30 47 0 44 35 60 22 61 23 51 25 41 58 56 43 39 16 16 49 24 36 16 5 15 34 15 13 66 112 99 87 78 72 69 71 77 86 97 103 89 76 66 58 55 58 65 75 88 97 81 67 54 45 41 45 54 66 80 91 75 59 45 33 27 32 44 59 74 88 71 54 38 22 13 22 37 54 71 87 70 53 35 18 2 18 35 52 69 89 72 55 39 24 15 23 38 54 71 92 76 60 46 34 29 34 45 60 75 98 82 68 56 47 43 46 55 67 81 105 91 78 67 60 57 60 67 77 89
79 36 58 24 12 23 86 66 52 40 10 46 68 3 44 0 10 17 24 35 62 11 60 36 14 16 78 72 31 50 7 55 79 29 40 33 13 46 32 37 68 55 46 42 44 53 65 79 95 111 60 46 33 27 32 43 58 73 90 106 55 39 23 13 21 36 53 69 86 104 54 37 19 2 16 34 51 68 86 103 56 40 25 16 22 37 53 70 87 104 62 47 35 30 34 45 59 74 90 107 70 57 48 44 47 55 67 81 96 111 79 69 61 58 60 67 77 89 103 118 90 81 75 72 74 79 88 99 111 125 102 94 88 86 87 92 99 109 121 133
70 26 49 17 22 30 77 57 42 31 3 37 58 13 35 10 0 27 15 36 52 18 50 30 24 25 68 62 21 40 15 46 69 19 31 23 5 36 22 40 78 65 54 48 47 52 62 75 89 105 70 55 43 34 33 41 53 68 83 99 65 49 33 21 20 31 46 62 79 96 63 45 28 11 9 25 43 60 77 94 63 46 30 15 13 27 44 61 78 95 67 51 37 27 26 35 49 64 81 97 73 59 48 40 39 46 57 71 86 102 82 70 60 54 53 58 67 79 93 108 92 81 73 68 67 71 79 89 101 115 103 93 86 82 81 84 91 100 111 123
96 52 75 40 9 12 103 83 69 57 26 63 85 15 60 17 27 0 41 42 78 18 77 50 11 6 94 88 47 66 16 72 95 45 56 49 30 62 47 43 53 43 38 41 50 62 77 92 108 125 44 31 24 28 40 55 71 88 104 121 39 22 10 18 34 51 68 85 102 120 38 21 6 16 33 50 67 85 102 119 42 28 20 25 38 54 70 87 104 121 50 39 34 37 47 60 75 91 107 124 61 52 48 50 58 69 82 97 112 128 73 65 62 64 70 79 91 104 119 134 85 79 76 78 82 91 101 113 126 141 98 93 90 91 96 103 112 123 135 148
57 12 35 11 36 44 62 43 28 16 16 23 44 27 22 24 15 41 0 41 38 30 36 25 37 39 54 48 7 26 28 32 56 8 18 9 13 22 11 45 91 78 65 56 51 52 58 68 81 95 84 69 55 44 37 38 46 59 73 88 79 63 47 33 24 25 36 51 67 84 76 59 42 25 11 14 30 47 64 81 76 59 42 25 9 13 29 47 64 81 79 62 46 31 21 23 35 50 66 83 83 68 54 42 35 36 45 57 72 87 90 76 64 54 49 49 56 66 79 94 98 86 75 67 63 63 68 77 88 101 108 96 87 80 77 77 81 89 99 110
75 48 62 30 33 53 85 63 61 48 39 50 73 33 61 35 36 42 41 0 69 26 65 25 32 45 77 70 46 58 29 59 90 48 57 47 33 54 51 6 70 53 37 21 11 21 37 54 71 88 70 52 35 18 4 18 35 53 70 87 72 55 39 25 18 25 39 55 72 89 76 61 47 36 32 36 47 61 77 93 83 70 58 49 46 49 57 69 83 98 92 80 69 62 60 62 69 79 91 105 102 91 82 76 74 76 81 90 101 114 113 103 95 90 88 89 94 102 111 123 124 115 108 104 102 103 107 114 123 133 136 128 121 117 116 117 121 126 134 144
28 27 10 43 73 80 28 20 10 23 53 20 8 64 23 62 52 78 38 69 0 67 7 45 74 76 21 19 32 13 65 12 22 34 24 30 50 17 33 75 129 114 101 88 78 71 67 68 73 81 122 106 92 78 67 58 53 54 61 71 116 100 84 70 56 45 40 41 49 61 112 95 79 63 47 34 26 28 39 53 110 93 76 59 42 25 13 17 32 49 109 92 75 58 40 23 6 13 30 47 111 94 77 60 44 28 18 21 34 50 114 97 81 65 51 38 32 33 43 56 118 103 87 73 60 50 45 47 54 65 124 109 95 82 71 63 59 60 66 75
81 41 62 26 9 27 89 68 57 44 19 49 72 8 51 11 18 18 30 26 67 0 64 33 9 20 81 74 36 54 4 59 85 36 47 38 18 50 39 28 62 48 37 31 35 46 60 75 91 107 57 40 26 17 24 38 54 70 87 104 54 37 19 4 17 34 51 68 86 103 55 38 22 12 20 35 52 69 86 103 60 45 32 26 30 42 57 73 89 106 67 54 44 40 43 52 64 79 94 110 76 65 57 54 56 63 74 87 101 116 87 77 71 68 70 76 84 96 109 123 99 90 85 82 84 88 96 106 118 131 111 103 98 96 97 101 108 117 128 140
25 25 4 39 71 79 27 14 10 20 51 16 9 62 25 60 50 77 36 65 7 64 0 40 72 75 19 15 31 11 63 7 27 33 25 29 48 15 33 70 126 111 97 84 73 65 61 62 67 76 120 104 89 75 62 52 47 48 55 66 115 98 82 67 52 40 34 35 44 57 112 95 78 61 45 30 20 22 35 50 110 93 76 58 41 24 8 13 30 47 110 93 76 59 42 25 11 15 31 48 113 96 79 63 47 33 24 26 37 52 116 100 84 69 55 44 38 39 47 59 122 106 91 78 65 56 52 52 59 69 128 114 100 87 77 69 65 66 71 79
51 28 37 15 42 58 61 39 38 26 33 25 48 36 41 36 30 50 25 25 45 33 40 0 42 51 53 46 28 34 35 34 66 31 37 28 26 31 34 30 91 75 59 45 33 29 34 45 60 75 88 71 54 38 23 15 23 38 55 72 87 69 52 35 17 1 18 36 53 70 88 71 54 37 22 14 23 38 55 71 91 75 59 45 33 28 33 45 60 75 96 81 67 55 46 42 46 55 67 81 103 89 77 66 59 56 59 66 77 89 112 99 87 78 72 70 72 78 87 98 121 109 99 91 86 84 86 91 98 109 131 120 111 104 100 98 99 104 110 119
90 49 70 34 3 22 97 76 65 52 24 57 80 11 58 14 24 11 37 32 74 9 72 42 0 15 89 82 43 62 9 67 92 42 54 46 25 58 45 33 55 42 33 32 39 52 67 82 99 115 48 33 20 18 30 45 62 78 95 113 45 28 11 8 25 42 59 77 94 111 47 31 16 14 28 44 61 78 95 112 52 39 29 27 36 50 65 81 98 114 61 49 42 41 47 58 72 87 102 118 71 62 56 55 60 69 80 94 108 124 83 74 70 69 73 80 90 102 116 130 95 88 84 83 86 93 101 112 125 138 108 101 98 97 100 105 113 123 134 147
95 50 73 40 13 8 101 81 66 55 24 61 82 15 56 16 25 6 39 45 76 20 75 51 15 0 93 87 44 64 18 70 91 42 53 47 28 60 44 47 58 48 44 46 54 65 79 94 110 126 48 36 30 33 43 57 73 89 105 122 41 26 16 21 35 51 68 85 102 119 38 21 4 15 32 49 67 84 101 118 41 25 14 20 35 51 68 85 102 119 47 35 28 31 42 56 72 88 105 122 57 47 42 44 53 65 78 94 109 125 68 60 56 58 64 74 87 101 115 131 80 74 71 72 77 85 96 109 123 137 93 87 85 86 90 97 107 118 131 145
10 43 20 56 88 97 9 15 28 38 69 32 14 80 43 78 68 94 54 77 21 81 19 53 89 93 0 8 49 30 80 23 29 52 43 47 65 33 51 82 142 127 112 97 84 73 65 60 61 66 137 121 105 89 75 62 52 47 47 54 133 116 99 83 67 53 41 33 34 42 130 113 96 79 62 46 31 20 21 33 129 111 94 77 60 42 25 9 12 28 129 112 94 77 60 43 27 12 15 30 131 114 97 80 64 48 34 25 26 37 134 118 101 85 70 56 45 38 39 47 139 123 107 92 79 67 57 52 52 58 145 129 115 101 88 78 70 66 66 71
10 38 15 49 82 92 16 7 25 33 63 26 14 73 39 72 62 88 48 70 19 74 15 46 82 87 8 0 44 25 74 18 33 47 39 42 59 28 46 75 135 120 104 90 77 66 58 54 56 63 130 114 98 82 68 55 45 41 43 52 126 110 93 76 61 46 33 27 31 42 124 107 90 73 56 39 23 13 20 35 124 106 89 72 54 37 20 3 16 33 125 107 90 73 57 40 25 16 22 36 127 110 94 77 62 47 35 30 33 44 131 115 99 84 70 57 48 43 46 54 136 121 106 92 79 68 60 57 59 66 143 128 114 101 90 80 74 71 72 78
53 6 30 16 42 49 57 39 22 12 21 20 38 33 16 31 21 47 7 46 32 36 31 28 43 44 49 44 0 20 35 27 49 4 11 3 19 16 6 51 98 84 72 62 57 56 60 69 81 94 90 75 62 50 43 42 48 59 72 87 85 69 53 39 30 28 37 50 65 81 81 64 48 31 17 15 28 44 61 78 80 63 46 28 11 7 25 42 59 77 82 65 48 32 19 17 29 44 61 78 85 69 54 41 31 30 38 51 66 82 91 76 63 52 45 44 49 60 73 87 99 85 73 64 58 58 62 70 82 95 108 95 85 77 72 71 75 82 92 104
34 15 11 30 61 69 38 22 4 11 41 10 19 52 16 50 40 66 26 58 13 54 11 34 62 64 30 25 20 0 53 9 33 23 15 18 38 5 22 63 116 102 88 76 67 61 60 64 71 82 110 94 79 66 55 47 46 51 60 73 104 88 72 57 44 34 32 39 51 65 101 84 67 51 35 22 19 29 44 60 99 82 65 48 30 13 7 23 40 57 100 83 66 49 32 17 12 25 41 58 102 86 69 53 39 28 25 33 47 62 107 91 75 61 49 41 39 45 55 69 113 98 84 71 61 54 53 57 66 77 120 106 93 82 73 68 67 70 77 87
81 40 61 25 9 25 89 68 56 43 16 49 71 4 49 7 15 16 28 29 65 4 63 35 9 18 80 74 35 53 0 58 83 34 45 37 16 49 36 32 64 50 40 35 39 49 62 77 93 109 57 41 28 21 27 40 56 72 89 106 54 36 20 7 18 35 52 69 86 104 54 37 20 8 19 35 52 69 87 104 57 42 29 22 28 41 56 72 89 106 64 51 41 36 40 50 63 78 93 109 73 62 54 50 53 60 72 85 99 115 84 74 67 64 66 72 82 94 107 121 95 86 81 78 80 85 93 104 116 129 107 99 94 92 94 98 105 114 125 138
27 21 4 34 66 75 31 14 9 16 47 10 15 57 24 55 46 72 32 59 12 59 7 34 67 70 23 18 27 9 58 0 33 30 23 25 43 11 29 64 120 105 91 78 67 59 56 58 64 75 115 99 83 69 56 46 42 45 53 65 110 94 77 61 47 34 28 32 43 57 107 90 73 56 40 24 14 21 36 52 107 89 72 55 37 20 3 16 33 50 107 90 73 56 40 25 15 21 36 52 110 94 77 61 47 35 29 32 43 57 115 99 83 69 56 47 42 45 53 65 121 106 91 78 67 60 56 58 65 75 128 114 101 89 79 73 70 72 77 86
39 45 31 62 91 95 30 36 30 43 69 41 21 82 36 79 69 95 56 90 22 85 27 66 92 91 29 33 49 33 83 33 0 51 39 47 68 37 48 95 147 133 120 109 99 92 87 86 88 94 139 124 111 98 87 79 74 72 75 81 132 117 102 88 76 66 60 58 62 70 126 110 95 80 66 54 47 45 49 59 122 105 89 73 57 44 34 31 37 49 119 102 85 68 51 35 22 17 27 42 118 101 83 66 49 31 14 5 22 39 118 101 84 67 50 33 18 12 24 40 121 104 87 71 55 40 29 26 33 46 124 108 92 77 63 50 42 40 45 55
56 9 33 18 41 46 60 42 25 15 19 23 41 32 16 29 19 45 8 48 34 36 33 31 42 42 52 47 4 23 34 30 51 0 12 6 19 19 4 52 97 83 72 63 58 58 63 72 84 97 89 74 61 50 44 45 51 62 75 90 83 67 52 39 31 31 40 53 68 84 79 62 45 30 17 18 31 47 64 81 77 60 43 25 8 10 27 45 62 79 78 61 45 29 16 17 30 47 63 80 82 66 51 37 28 29 39 52 68 84 88 73 59 49 42 42 49 61 74 89 95 82 70 61 56 56 61 71 83 96 104 92 82 74 70 70 74 82 92 105
49 9 25 27 52 57 51 36 16 13 31 20 31 43 5 40 31 56 18 57 24 47 25 37 54 53 43 39 11 15 45 23 39 12 0 10 30 13 9 62 108 95 83 73 67 65 67 74 84 95 100 86 72 61 54 51 54 62 73 87 94 78 63 50 40 37 41 51 65 80 89 72 56 41 28 23 30 43 58 74 86 69 52 35 19 9 21 37 54 71 86 69 52 34 18 6 20 37 54 71 88 71 55 39 26 20 27 41 57 73 92 76 61 48 38 34 38 49 63 78 98 84 70 59 51 48 51 60 71 85 106 92 80 70 64 62 64 71 81 93
51 4 28 18 44 51 55 37 20 10 23 18 36 35 15 33 23 49 9 47 30 38 29 28 46 47 47 42 3 18 37 25 47 6 10 0 21 14 7 52 100 86 74 64 58 56 60 68 80 93 93 78 64 52 44 42 48 58 71 85 87 71 55 41 31 29 36 49 63 79 84 67 50 33 19 15 26 42 59 76 82 65 48 30 13 5 22 40 57 74 84 67 50 34 19 15 27 42 59 76 87 71 56 42 31 29 36 49 64 79 93 78 64 52 44 43 48 58 71 85 100 86 74 64 58 57 61 69 80 93 109 96 85 77 72 71 74 80 90 102
67 24 46 12 23 34 74 54 41 28 8 34 56 15 34 13 5 30 13 33 50 18 48 26 25 28 65 59 19 38 16 43 68 19 30 21 0 34 22 37 79 65 53 45 43 48 58 70 85 100 72 57 43 32 29 36 48 63 79 95 68 51 35 21 16 26 42 58 75 92 66 49 31 14 4 22 39 56 73 91 67 51 34 20 14 25 41 58 75 92 72 56 42 31 28 35 48 62 78 95 78 64 52 44 42 47 57 70 84 100 87 74 64 58 56 60 68 79 92 106 96 85 77 71 70 73 80 89 101 114 107 97 90 85 84 86 92 100 111 123
37 11 14 26 57 65 41 24 8 7 37 8 23 48 15 46 36 62 22 54 17 50 15 31 58 60 33 28 16 5 49 11 37 19 13 14 34 0 18 60 112 98 84 73 64 59 58 63 72 83 106 90 75 62 51 45 45 51 61 75 100 84 68 53 40 31 31 40 53 68 97 80 63 47 31 18 18 31 46 63 96 79 61 44 27 10 9 26 44 61 97 80 62 46 29 16 15 29 45 62 99 83 67 51 38 28 28 37 51 66 104 88 73 60 48 42 41 48 59 73 110 96 82 70 61 55 55 60 69 81 118 104 92 81 73 69 69 73 81 91
55 9 32 21 43 48 59 42 23 16 22 23 39 34 13 32 22 47 11 51 33 39 33 34 45 44 51 46 6 22 36 29 48 4 9 7 22 18 0 56 99 86 75 66 61 61 66 74 86 99 91 77 64 53 47 47 53 64 77 91 85 69 54 42 34 34 42 55 69 85 80 63 47 32 21 21 32 48 64 81 78 61 44 27 10 10 27 44 61 79 79 62 45 28 13 14 28 45 62 79 82 65 50 36 26 26 36 50 66 82 87 72 58 46 39 39 46 58 72 87 94 80 68 58 53 53 58 68 80 94 103 90 79 71 67 67 71 79 90 102
79 54 67 35 34 54 90 68 66 54 42 55 78 36 66 37 40 43 45 6 75 28 70 30 33 47 82 75 51 63 32 64 95 52 62 52 37 60 56 0 67 50 33 16 7 22 39 56 73 90 67 50 33 17 9 22 39 56 73 90 70 54 39 27 22 30 44 60 76 93 76 61 48 39 36 42 52 66 81 97 84 71 60 52 50 54 63 74 88 103 93 81 72 66 64 67 74 84 96 110 103 93 85 80 78 81 87 95 106 119 114 105 98 94 92 94 99 107 117 128 126 118 111 108 106 108 112 119 128 138 138 131 125 121 120 122 126 132 139 149
142 103 124 87 56 58 150 129 119 106 78 111 134 65 112 68 78 53 91 70 129 62 126 91 55 58 142 135 98 116 64 120 147 97 108 100 79 112 99 67 0 18 35 52 70 87 104 122 139 156 15 23 38 54 71 88 105 122 140 157 29 34 45 60 75 91 108 125 142 159 43 47 55 68 82 97 113 129 145 162 58 60 67 77 90 104 119 134 150 166 72 74 80 88 99 112 126 140 156 171 86 88 93 100 110 122 134 148 162 177 100 102 106 112 121 132 144 156 170 184 115 116 119 125 133 143 154 166 179 192 129 130 133 138 145 154 164 176 188 201
126 89 108 72 43 50 135 113 105 92 65 96 119 52 99 55 65 43 78 53 114 48 111 75 42 48 127 120 84 102 50 105 133 83 95 86 65 98 86 50 18 0 18 35 52 70 87 104 122 139 23 15 23 38 54 71 88 105 122 140 34 29 34 45 60 75 91 108 125 142 47 43 46 55 67 82 97 112 129 145 60 57 60 67 77 90 104 118 134 150 74 72 73 79 88 99 112 126 140 155 88 86 87 92 100 110 121 134 148 162 102 100 101 105 112 121 131 143 156 170 116 114 115 119 125 133 142 153 165 178 130 128 129 132 138 145 154 164 175 187
110 76 94 58 35 48 120 98 91 78 55 82 105 43 87 46 54 38 65 37 101 37 97 59 33 44 112 104 72 88 40 91 120 72 83 74 53 84 75 33 35 18 0 18 35 52 70 87 104 122 38 23 15 23 38 54 71 88 105 122 45 34 29 34 45 60 75 91 108 125 55 46 43 46 55 67 81 97 112 129 67 60 57 60 67 77 90 104 118 134 80 73 71 73 79 88 99 112 126 140 93 87 85 87 92 99 109 121 134 148 106 101 99 101 105 112 121 131 143 156 119 115 114 115 118 124 132 142 153 165 133 129 128 129 132 137 144 153 163 175
95 66 81 47 34 52 105 83 80 67 49 69 92 39 78 42 48 41 56 21 88 31 84 45 32 46 97 90 62 76 35 78 109 63 73 64 45 73 66 16 52 35 18 0 18 35 52 70 87 104 54 38 23 15 23 38 54 71 88 105 60 45 34 29 33 45 59 75 91 108 68 55 46 43 46 55 67 81 97 112 77 67 60 57 59 66 77 89 103 118 88 79 73 71 73 79 88 99 112 125 100 92 87 85 87 91 99 109 121 134 112 105 101 99 100 105 111 120 131 143 125 119 115 113 114 118 124 132 141 152 138 132 129 127 128 131 137 144 153 163
81 59 70 41 41 61 92 70 70 58 49 58 81 43 72 44 47 50 51 11 78 35 73 33 39 54 84 77 57 67 39 67 99 58 67 58 43 64 61 7 70 52 35 18 0 18 35 52 70 87 71 54 38 23 15 23 38 54 71 88 75 60 45 33 29 33 45 59 75 91 82 67 55 46 43 46 55 67 81 96 90 77 67 59 57 59 66 77 89 103 99 88 79 73 71 73 78 87 99 111 110 100 92 87 85 86 91 99 109 120 121 112 105 100 99 100 104 111 120 130 133 125 118 114 113 114 117 123 131 141 145 138 132 128 127 127 131 136 143 152
68 56 61 41 53 73 80 59 64 54 55 52 72 52 69 53 52 62 52 21 71 46 65 29 52 65 73 66 56 61 49 59 92 58 65 56 48 59 61 22 87 70 52 35 18 0 18 35 52 70 88 71 54 38 23 14 23 38 54 71 91 75 60 45 33 28 33 45 59 75 97 82 67 55 46 42 46 55 67 81 104 90 77 66 59 56 59 66 76 89 112 99 88 79 73 70 72 78 87 98 122 110 99 91 86 84 86 91 98 108 132 121 112 105 100 98 99 104 110 119 143 133 124 118 114 112 113 117 123 131 154 145 137 131 127 126 127 130 135 143
58 59 57 48 68 86 71 52 63 55 65 51 67 65 71 65 62 77 58 37 67 60 61 34 67 79 65 58 60 60 62 56 87 63 67 60 58 58 66 39 104 87 70 52 35 18 0 18 35 52 105 88 71 54 38 23 14 23 38 54 108 91 75 59 45 33 28 33 45 59 113 97 81 67 55 46 42 46 54 67 119 104 90 77 66 59 56 59 66 76 126 112 99 88 78 72 70 72 78 87 134 121 109 99 91 86 84 85 90 98 144 131 121 111 104 99 98 99 103 110 154 142 132 124 117 113 112 113 116 122 164 154 144 137 131 127 125 126 130 135
52 66 58 60 83 101 65 50 66 61 77 55 66 79 77 79 75 92 68 54 68 75 62 45 82 94 60 54 69 64 77 58 86 72 74 68 70 63 74 56 122 104 87 70 52 35 18 0 18 35 122 105 88 71 54 38 23 14 23 38 125 108 91 75 59 45 33 28 33 45 129 112 97 81 67 55 46 42 45 54 134 118 104 89 77 66 59 56 58 65 140 126 112 99 87 78 72 70 72 77 148 134 121 109 99 91 85 83 85 90 156 143 131 120 111 104 99 97 99 103 166 153 142 132 123 117 113 111 112 116 176 164 153 144 136 130 126 125 126 129
51 77 64 73 100 117 63 54 73 71 92 64 69 95 86 95 89 108 81 71 73 91 67 60 99 110 61 56 81 71 93 64 88 84 84 80 85 72 86 73 139 122 104 87 70 52 35 18 0 18 140 122 105 88 71 54 38 23 14 23 142 125 108 91 75 59 45 33 28 33 145 129 112 97 81 67 54 45 42 45 150 134 118 103 89 76 66 58 55 58 156 140 126 112 99 87 78 72 69 71 162 148 134 121 109 98 90 85 83 85 170 156 143 131 120 110 103 99 97 98 179 165 153 141 131 123 116 112 110 112 188 175 163 153 143 135 130 126 124 125
56 90 74 88 116 133 66 63 83 84 107 76 76 111 97 111 105 125 95 88 81 107 76 75 115 126 66 63 94 82 109 75 94 97 95 93 100 83 99 90 156 139 122 104 87 70 52 35 18 0 157 140 122 105 88 71 54 38 23 14 159 142 125 108 91 75 59 45 33 28 162 145 129 112 96 81 67 54 45 42 166 150 134 118 103 89 76 65 58 55 171 155 140 125 111 98 87 77 71 69 177 162 148 134 120 108 98 90 85 83 184 170 156 143 130 119 110 103 98 96 192 178 165 152 141 131 122 116 112 110 201 187 175 163 152 143 135 129 125 124
137 96 118 82 49 47 145 124 112 100 70 105 128 58 103 60 70 44 84 70 122 57 120 88 48 48 137 130 90 110 57 115 139 89 100 93 72 106 91 67 15 23 38 54 71 88 105 122 140 157 0 18 35 52 70 87 104 122 139 156 15 23 38 54 71 88 105 122 140 157 29 34 45 60 75 91 108 125 142 159 43 47 55 68 82 97 113 129 145 162 58 60 67 77 90 104 119 134 150 166 72 74 80 88 99 112 126 140 156 171 86 88 93 100 110 122 134 148 162 177 100 102 106 112 121 132 144 156 170 184 115 116 119 125 133 143 154 166 179 192
121 81 102 65 34 37 129 108 97 84 55 89 112 43 89 46 55 31 69 52 106 40 104 71 33 36 121 114 75 94 41 99 124 74 86 78 57 90 77 50 23 15 23 38 54 71 88 105 122 140 18 0 18 35 52 70 87 104 122 139 23 15 23 38 54 71 88 105 122 140 34 29 34 45 60 75 91 108 125 142 47 43 46 55 67 82 97 112 129 145 60 57 60 67 77 90 104 118 134 150 74 72 73 79 88 99 112 126 140 155 88 86 87 92 100 110 121 134 148 162 102 100 101 105 112 121 131 143 156 170 116 114 115 119 125 133 142 153 165 178
104 66 86 50 22 34 113 91 82 69 43 74 97 30 76 33 43 24 55 35 92 26 89 54 20 30 105 98 62 79 28 83 111 61 72 64 43 75 64 33 38 23 15 23 38 54 71 88 105 122 35 18 0 18 35 52 70 87 104 122 38 23 15 23 38 54 71 88 105 122 45 34 29 34 45 60 75 91 108 125 55 46 43 46 55 67 81 97 112 129 67 60 57 60 67 77 90 104 118 134 80 73 71 73 79 88 99 112 126 140 93 87 85 87 92 99 109 121 134 148 106 101 99 101 105 112 121 131 143 156 119 115 114 115 118 124 132 142 153 165
88 54 72 36 21 39 98 76 69 56 35 59 83 25 66 27 34 28 44 18 78 17 75 38 18 33 89 82 50 66 21 69 98 50 61 52 32 62 53 17 54 38 23 15 23 38 54 71 88 105 52 35 18 0 18 35 52 70 87 104 54 38 23 15 23 38 54 71 88 105 60 45 34 29 33 45 59 75 91 108 68 55 46 43 46 55 67 81 97 112 77 67 60 57 59 66 77 89 103 118 88 79 73 71 73 79 88 99 112 125 100 92 87 85 87 91 99 109 121 134 112 105 101 99 100 105 111 120 131 143 125 119 115 113 114 118 124 132 141 152
73 45 59 27 31 50 83 61 58 45 35 47 70 30 58 32 33 40 37 4 67 24 62 23 30 43 75 68 43 55 27 56 87 44 54 44 29 51 47 9 71 54 38 23 15 23 38 54 71 88 70 52 35 18 0 18 35 52 70 87 71 54 38 23 15 23 38 54 71 88 75 60 45 33 29 33 45 59 75 91 82 67 55 46 43 46 55 67 81 96 90 77 67 59 57 59 66 77 89 103 99 88 79 73 71 73 78 87 99 111 110 100 92 87 85 86 91 99 109 120 121 112 105 100 99 100 104 111 120 130 133 125 118 114 113 114 117 123 131 141
58 42 49 28 46 64 70 48 51 40 43 38 60 43 55 43 41 55 38 18 58 38 52 15 45 57 62 55 42 47 40 46 79 45 51 42 36 45 47 22 88 71 54 38 23 14 23 38 54 71 87 70 52 35 18 0 18 35 52 70 88 71 54 38 23 14 23 38 54 71 91 75 60 45 33 28 33 45 59 75 97 82 67 55 46 42 46 55 67 81 104 90 77 66 59 56 59 66 76 89 112 99 88 79 73 70 72 78 87 98 122 110 99 91 86 84 86 91 98 108 132 121 112 105 100 98 99 104 110 119 143 133 124 118 114 112 113 117 123 131
46 46 43 38 62 80 59 39 49 42 55 37 53 58 58 58 53 71 46 35 53 54 47 23 62 73 52 45 48 46 56 42 74 51 54 48 48 45 53 39 105 88 71 54 38 23 14 23 38 54 104 87 70 52 35 18 0 18 35 52 105 88 71 54 38 23 14 23 38 54 108 91 75 59 45 33 28 33 45 59 113 97 81 67 55 46 42 46 54 67 119 104 90 77 66 59 56 59 66 76 126 112 99 88 78 72 70 72 78 87 134 121 109 99 91 86 84 85 90 98 144 131 121 111 104 99 98 99 103 110 154 142 132 124 117 113 112 113 116 122
38 55 45 51 79 95 51 36 53 50 70 43 52 74 65 73 68 88 59 53 54 70 48 38 78 89 47 41 59 51 72 45 72 62 62 58 63 51 64 56 122 105 88 71 54 38 23 14 23 38 122 104 87 70 52 35 18 0 18 35 122 105 88 71 54 38 23 14 23 38 125 108 91 75 59 45 33 28 33 45 129 112 97 81 67 55 46 42 45 54 134 118 104 89 77 66 59 56 58 65 140 126 112 99 87 78 72 70 72 77 148 134 121 109 99 91 85 83 85 90 156 143 131 120 111 104 99 97 99 103 166 153 142 132 123 117 113 111 112 116
37 68 52 67 96 112 49 42 62 62 85 54 56 90 75 90 83 104 73 70 61 87 55 55 95 105 47 43 72 60 89 53 75 75 73 71 79 61 77 73 140 122 105 88 71 54 38 23 14 23 139 122 104 87 70 52 35 18 0 18 140 122 105 88 71 54 38 23 14 23 142 125 108 91 75 59 45 33 28 33 145 129 112 97 81 67 54 45 42 45 150 134 118 103 89 76 66 58 55 58 156 140 126 112 99 87 78 72 69 71 162 148 134 121 109 98 90 85 83 85 170 156 143 131 120 110 103 99 97 98 179 165 153 141 131 123 116 112 110 112
44 82 64 83 113 128 53 52 74 76 101 68 65 107 88 106 99 121 88 87 71 104 66 72 113 122 54 52 87 73 106 65 81 90 87 85 95 75 91 90 157 140 122 105 88 71 54 38 23 14 156 139 122 104 87 70 52 35 18 0 157 140 122 105 88 71 54 38 23 14 159 142 125 108 91 75 59 45 33 28 162 145 129 112 96 81 67 54 45 42 166 150 134 118 103 89 76 65 58 55 171 155 140 125 111 98 87 77 71 69 177 162 148 134 120 108 98 90 85 83 184 170 156 143 130 119 110 103 98 96 192 178 165 152 141 131 122 116 112 110
134 90 113 78 46 38 141 121 107 95 64 101 123 53 97 55 65 39 79 72 116 54 115 87 45 41 133 126 85 104 54 110 132 83 94 87 68 100 85 70 29 34 45 60 75 91 108 125 142 159 15 23 38 54 71 88 105 122 140 157 0 18 35 52 70 87 104 122 139 156 15 23 38 54 71 88 105 122 140 157 29 34 45 60 75 91 108 125 142 159 43 47 55 68 82 97 113 129 145 162 58 60 67 77 90 104 119 134 150 166 72 74 80 88 99 112 126 140 156 171 86 88 93 100 110 122 134 148 162 177 100 102 106 112 121 132 144 156 170 184
117 74 97 61 28 25 124 104 91 79 48 84 106 37 81 39 49 22 63 55 100 37 98 69 28 26 116 110 69 88 36 94 117 67 78 71 51 84 69 54 34 29 34 45 60 75 91 108 125 142 23 15 23 38 54 71 88 105 122 140 18 0 18 35 52 70 87 104 122 139 23 15 23 38 54 71 88 105 122 140 34 29 34 45 60 75 91 108 125 142 47 43 46 55 67 82 97 112 129 145 60 57 60 67 77 90 104 118 134 150 74 72 73 79 88 99 112 126 140 155 88 86 87 92 100 110 121 134 148 162 102 100 101 105 112 121 131 143 156 170
100 58 80 44 12 20 108 87 75 62 33 68 90 21 67 23 33 10 47 39 84 19 82 52 11 16 99 93 53 72 20 77 102 52 63 55 35 68 54 39 45 34 29 34 45 60 75 91 108 125 38 23 15 23 38 54 71 88 105 122 35 18 0 18 35 52 70 87 104 122 38 23 15 23 38 54 71 88 105 122 45 34 29 34 45 60 75 91 108 125 55 46 43 46 55 67 81 97 112 129 67 60 57 60 67 77 90 104 118 134 80 73 71 73 79 88 99 112 126 140 93 87 85 87 92 99 109 121 134 148 106 101 99 101 105 112 121 131 143 156
83 44 64 28 9 28 92 70 60 47 22 52 75 11 54 13 21 18 33 25 70 4 67 35 8 21 83 76 39 57 7 61 88 39 50 41 21 53 42 27 60 45 34 29 33 45 59 75 91 108 54 38 23 15 23 38 54 71 88 105 52 35 18 0 18 35 52 70 87 104 54 38 23 15 23 38 54 71 88 105 60 45 34 29 33 45 59 75 91 108 68 55 46 43 46 55 67 81 97 112 77 67 60 57 59 66 77 89 103 118 88 79 73 71 73 79 88 99 112 125 100 92 87 85 87 91 99 109 121 134 112 105 101 99 100 105 111 120 131 143
67 33 50 14 25 42 76 54 47 34 22 37 61 21 45 21 20 34 24 18 56 17 52 17 25 35 67 61 30 44 18 47 76 31 40 31 16 40 34 22 75 60 45 33 29 33 45 59 75 91 71 54 38 23 15 23 38 54 71 88 70 52 35 18 0 18 35 52 70 87 71 54 38 23 15 23 38 54 71 88 75 60 45 33 29 33 45 59 75 91 82 67 55 46 43 46 55 67 81 96 90 77 67 59 57 59 66 77 89 103 99 88 79 73 71 73 78 87 99 111 110 100 92 87 85 86 91 99 109 120 121 112 105 100 99 100 104 111 120 130
51 28 37 16 42 58 61 39 38 26 33 25 48 37 41 36 31 51 25 25 45 34 40 1 42 51 53 46 28 34 35 34 66 31 37 29 26 31 34 30 91 75 60 45 33 28 33 45 59 75 88 71 54 38 23 14 23 38 54 71 87 70 52 35 18 0 18 35 52 70 88 71 54 38 23 14 23 38 54 71 91 75 60 45 33 28 33 45 59 75 97 82 67 55 46 42 46 55 67 81 104 90 77 66 59 56 59 66 76 89 112 99 88 79 73 70 72 78 87 98 122 110 99 91 86 84 86 91 98 108 132 121 112 105 100 98 99 104 110 119
36 34 30 30 60 75 48 27 35 29 48 23 40 53 45 53 46 68 36 39 40 51 34 18 59 68 41 33 37 32 52 28 60 40 41 36 42 31 42 44 108 91 75 59 45 33 28 33 45 59 105 88 71 54 38 23 14 23 38 54 104 87 70 52 35 18 0 18 35 52 105 88 71 54 38 23 14 23 38 54 108 91 75 59 45 33 28 33 45 59 113 97 81 67 55 46 42 46 54 67 119 104 90 77 66 59 56 59 66 76 126 112 99 88 78 72 70 72 78 87 134 121 109 99 91 86 84 85 90 98 144 131 121 111 104 99 98 99 103 110
25 46 32 46 77 92 38 23 41 40 64 32 38 70 54 69 62 85 51 55 41 68 35 36 77 85 33 27 50 39 69 32 58 53 51 49 58 40 55 60 125 108 91 75 59 45 33 28 33 45 122 105 88 71 54 38 23 14 23 38 122 104 87 70 52 35 18 0 18 35 122 105 88 71 54 38 23 14 23 38 125 108 91 75 59 45 33 28 33 45 129 112 97 81 67 55 46 42 45 54 134 118 104 89 77 66 59 56 58 65 140 126 112 99 87 78 72 70 72 77 148 134 121 109 99 91 85 83 85 90 156 143 131 120 111 104 99 97 99 103
24 60 42 63 94 109 35 30 52 54 81 46 44 88 66 86 79 102 67 72 49 86 44 53 94 102 34 31 65 51 86 43 62 68 65 63 75 53 69 76 142 125 108 91 75 59 45 33 28 33 140 122 105 88 71 54 38 23 14 23 139 122 104 87 70 52 35 18 0 18 140 122 105 88 71 54 38 23 14 23 142 125 108 91 75 59 45 33 28 33 145 129 112 97 81 67 54 45 42 45 150 134 118 103 89 76 66 58 55 58 156 140 126 112 99 87 78 72 69 71 162 148 134 121 109 98 90 85 83 85 170 156 143 131 120 110 103 99 97 98
33 76 55 80 111 126 40 44 66 70 98 62 55 105 80 104 96 120 84 89 61 103 57 70 111 119 42 42 81 65 104 57 70 84 80 79 92 68 85 93 159 142 125 108 91 75 59 45 33 28 157 140 122 105 88 71 54 38 23 14 156 139 122 104 87 70 52 35 18 0 157 140 122 105 88 71 54 38 23 14 159 142 125 108 91 75 59 45 33 28 162 145 129 112 96 81 67 54 45 42 166 150 134 118 103 89 76 65 58 55 171 155 140 125 111 98 87 77 71 69 177 162 148 134 120 108 98 90 85 83 184 170 156 143 130 119 110 103 98 96
132 87 110 77 46 33 138 119 103 92 61 99 119 53 91 54 63 38 76 76 112 55 112 88 47 38 130 124 81 101 54 107 126 79 89 84 66 97 80 76 43 47 55 68 82 97 113 129 145 162 29 34 45 60 75 91 108 125 142 159 15 23 38 54 71 88 105 122 140 157 0 18 35 52 70 87 104 122 139 156 15 23 38 54 71 88 105 122 140 157 29 34 45 60 75 91 108 125 142 159 43 47 55 68 82 97 113 129 145 162 58 60 67 77 90 104 119 134 150 166 72 74 80 88 99 112 126 140 156 171 86 88 93 100 110 122 134 148 162 177
115 70 93 60 30 16 121 102 86 75 44 82 102 35 75 37 45 21 59 61 95 38 95 71 31 21 113 107 64 84 37 90 110 62 72 67 49 80 63 61 47 43 46 55 67 82 97 112 129 145 34 29 34 45 60 75 91 108 125 142 23 15 23 38 54 71 88 105 122 140 18 0 18 35 52 70 87 104 122 139 23 15 23 38 54 71 88 105 122 140 34 29 34 45 60 75 91 108 125 142 47 43 46 55 67 82 97 112 129 145 60 57 60 67 77 90 104 118 134 150 74 72 73 79 88 99 112 126 140 155 88 86 87 92 100 110 121 134 148 162
98 53 76 43 14 6 104 84 69 58 27 65 85 18 59 19 28 6 42 47 79 22 78 54 16 4 96 90 48 67 20 73 95 45 56 50 31 63 47 48 55 46 43 46 55 67 81 97 112 129 45 34 29 34 45 60 75 91 108 125 38 23 15 23 38 54 71 88 105 122 35 18 0 18 35 52 70 87 104 122 38 23 15 23 38 54 71 88 105 122 45 34 29 34 45 60 75 91 108 125 55 46 43 46 55 67 81 97 112 129 67 60 57 60 67 77 90 104 118 134 80 73 71 73 79 88 99 112 126 140 93 87 85 87 92 99 109 121 134 148
81 37 59 26 12 21 87 67 53 41 11 48 69 4 45 2 11 16 25 36 63 12 61 37 14 15 79 73 31 51 8 56 80 30 41 33 14 47 32 39 68 55 46 43 46 55 67 81 97 112 60 45 34 29 33 45 59 75 91 108 54 38 23 15 23 38 54 71 88 105 52 35 18 0 18 35 52 70 87 104 54 38 23 15 23 38 54 71 88 105 60 45 34 29 33 45 59 75 91 108 68 55 46 43 46 55 67 81 97 112 77 67 60 57 59 66 77 89 103 118 88 79 73 71 73 79 88 99 112 125 100 92 87 85 87 91 99 109 121 134
64 22 43 9 27 38 70 50 38 25 11 31 53 18 33 16 9 33 11 32 47 20 45 22 28 32 62 56 17 35 19 40 66 17 28 19 4 31 21 36 82 67 55 46 43 46 55 67 81 96 75 60 45 33 29 33 45 59 75 91 71 54 38 23 15 23 38 54 71 88 70 52 35 18 0 18 35 52 70 87 71 54 38 23 15 23 38 54 71 88 75 60 45 33 29 33 45 59 75 91 82 67 55 46 43 46 55 67 81 96 90 77 67 59 57 59 66 77 89 103 99 88 79 73 71 73 78 87 99 111 110 100 92 87 85 86 91 99 109 120
46 14 27 10 43 55 54 33 25 13 27 15 38 35 27 34 25 50 14 36 34 35 30 14 44 49 46 39 15 22 35 24 54 18 23 15 22 18 21 42 97 82 67 55 46 42 46 55 67 81 91 75 60 45 33 28 33 45 59 75 88 71 54 38 23 14 23 38 54 71 87 70 52 35 18 0 18 35 52 70 88 71 54 38 23 14 23 38 54 71 91 75 60 45 33 28 33 45 59 75 97 82 67 55 46 42 46 55 67 81 104 90 77 66 59 56 59 66 76 89 112 99 88 79 73 70 72 78 87 98 122 110 99 91 86 84 86 91 98 108
30 23 16 28 60 72 39 17 21 17 44 10 27 52 32 51 43 67 30 47 26 52 20 23 61 67 31 23 28 19 52 14 47 31 30 26 39 18 32 52 113 97 81 67 55 46 42 46 54 67 108 91 75 59 45 33 28 33 45 59 105 88 71 54 38 23 14 23 38 54 104 87 70 52 35 18 0 18 35 52 105 88 71 54 38 23 14 23 38 54 108 91 75 59 45 33 28 33 45 59 113 97 81 67 55 46 42 46 54 67 119 104 90 77 66 59 56 59 66 76 126 112 99 88 78 72 70 72 78 87 134 121 109 99 91 86 84 85 90 98
14 39 20 45 77 90 26 9 30 33 61 25 25 70 44 68 60 85 47 61 28 69 22 38 78 84 20 13 44 29 69 21 45 47 43 42 56 31 48 66 129 112 97 81 67 55 46 42 45 54 125 108 91 75 59 45 33 28 33 45 122 105 88 71 54 38 23 14 23 38 122 104 87 70 52 35 18 0 18 35 122 105 88 71 54 38 23 14 23 38 125 108 91 75 59 45 33 28 33 45 129 112 97 81 67 55 46 42 45 54 134 118 104 89 77 66 59 56 58 65 140 126 112 99 87 78 72 70 72 77 148 134 121 109 99 91 85 83 85 90
11 55 34 62 95 107 22 22 44 49 79 42 33 87 59 86 77 102 64 77 39 86 35 55 95 101 21 20 61 44 87 36 49 64 58 59 73 46 64 81 145 129 112 97 81 67 54 45 42 45 142 125 108 91 75 59 45 33 28 33 140 122 105 88 71 54 38 23 14 23 139 122 104 87 70 52 35 18 0 18 140 122 105 88 71 54 38 23 14 23 142 125 108 91 75 59 45 33 28 33 145 129 112 97 81 67 54 45 42 45 150 134 118 103 89 76 66 58 55 58 156 140 126 112 99 87 78 72 69 71 162 148 134 121 109 98 90 85 83 85
26 72 50 79 112 124 29 39 60 66 96 59 47 104 74 103 94 119 81 93 53 103 50 71 112 118 33 35 78 60 104 52 59 81 74 76 91 63 81 97 162 145 129 112 96 81 67 54 45 42 159 142 125 108 91 75 59 45 33 28 157 140 122 105 88 71 54 38 23 14 156 139 122 104 87 70 52 35 18 0 157 140 122 105 88 71 54 38 23 14 159 142 125 108 91 75 59 45 33 28 162 145 129 112 96 81 67 54 45 42 166 150 134 118 103 89 76 65 58 55 171 155 140 125 111 98 87 77 71 69 177 162 148 134 120 108 98 90 85 83
132 86 109 79 51 34 137 119 101 92 62 99 117 55 88 56 63 42 76 83 110 60 110 91 52 41 129 124 80 99 57 107 122 77 86 82 67 96 78 84 58 60 67 77 90 104 119 134 150 166 43 47 55 68 82 97 113 129 145 162 29 34 45 60 75 91 108 125 142 159 15 23 38 54 71 88 105 122 140 157 0 18 35 52 70 87 104 122 139 156 15 23 38 54 71 88 105 122 140 157 29 34 45 60 75 91 108 125 142 159 43 47 55 68 82 97 113 129 145 162 58 60 67 77 90 104 119 134 150 166 72 74 80 88 99 112 126 140 156 171
115 69 92 62 37 18 119 101 84 74 45 82 100 40 71 40 46 28 59 70 93 45 93 75 39 25 111 106 63 82 42 89 105 60 69 65 51 79 61 71 60 57 60 67 77 90 104 118 134 150 47 43 46 55 67 82 97 112 129 145 34 29 34 45 60 75 91 108 125 142 23 15 23 38 54 71 88 105 122 140 18 0 18 35 52 70 87 104 122 139 23 15 23 38 54 71 88 105 122 140 34 29 34 45 60 75 91 108 125 142 47 43 46 55 67 82 97 112 129 145 60 57 60 67 77 90 104 118 134 150 74 72 73 79 88 99 112 126 140 155
98 51 75 46 26 10 102 84 67 57 28 64 82 25 54 25 30 20 42 58 76 32 76 59 29 14 94 89 46 65 29 72 89 43 52 48 34 61 44 60 67 60 57 60 67 77 90 104 118 134 55 46 43 46 55 67 81 97 112 129 45 34 29 34 45 60 75 91 108 125 38 23 15 23 38 54 71 88 105 122 35 18 0 18 35 52 70 87 104 122 38 23 15 23 38 54 71 88 105 122 45 34 29 34 45 60 75 91 108 125 55 46 43 46 55 67 81 97 112 129 67 60 57 60 67 77 90 104 118 134 80 73 71 73 79 88 99 112 126 140
80 34 57 30 25 22 85 67 49 40 12 47 65 18 38 16 15 25 25 49 59 26 58 45 27 20 77 72 28 48 22 55 73 25 35 30 20 44 27 52 77 67 60 57 59 66 77 89 103 118 68 55 46 43 46 55 67 81 97 112 60 45 34 29 33 45 59 75 91 108 54 38 23 15 23 38 54 71 88 105 52 35 18 0 18 35 52 70 87 104 54 38 23 15 23 38 54 71 88 105 60 45 34 29 33 45 59 75 91 108 68 55 46 43 46 55 67 81 97 112 77 67 60 57 59 66 77 89 103 118 88 79 73 71 73 79 88 99 112 125
63 17 40 19 34 39 68 50 32 23 13 30 48 25 22 22 13 38 9 46 42 30 41 33 36 35 60 54 11 30 28 37 57 8 19 13 14 27 10 50 90 77 67 59 57 59 66 77 89 103 82 67 55 46 43 46 55 67 81 96 75 60 45 33 29 33 45 59 75 91 71 54 38 23 15 23 38 54 71 88 70 52 35 18 0 18 35 52 70 87 71 54 38 23 15 23 38 54 71 88 75 60 45 33 29 33 45 59 75 91 82 67 55 46 43 46 55 67 81 96 90 77 67 59 57 59 66 77 89 103 99 88 79 73 71 73 78 87 99 111
46 2 23 20 48 56 50 33 16 6 28 14 32 39 13 37 27 54 13 49 25 42 24 28 50 51 42 37 7 13 41 20 44 10 9 5 25 10 10 54 104 90 77 66 59 56 59 66 76 89 97 82 67 55 46 42 46 55 67 81 91 75 60 45 33 28 33 45 59 75 88 71 54 38 23 14 23 38 54 71 87 70 52 35 18 0 18 35 52 70 88 71 54 38 23 14 23 38 54 71 91 75 60 45 33 28 33 45 59 75 97 82 67 55 46 42 46 55 67 81 104 90 77 66 59 56 59 66 76 89 112 99 88 79 73 70 72 78 87 98
29 19 6 32 64 73 33 16 8 14 45 9 16 55 22 53 44 70 29 57 13 57 8 33 65 68 25 20 25 7 56 3 34 27 21 22 41 9 27 63 119 104 90 77 66 59 56 59 66 76 113 97 81 67 55 46 42 46 54 67 108 91 75 59 45 33 28 33 45 59 105 88 71 54 38 23 14 23 38 54 104 87 70 52 35 18 0 18 35 52 105 88 71 54 38 23 14 23 38 54 108 91 75 59 45 33 28 33 45 59 113 97 81 67 55 46 42 46 54 67 119 104 90 77 66 59 56 59 66 76 126 112 99 88 78 72 70 72 78 87
12 36 13 48 80 90 17 7 22 31 62 24 12 72 37 70 61 87 47 69 17 73 13 45 81 85 9 3 42 23 72 16 31 45 37 40 58 26 44 74 134 118 104 89 77 66 59 56 58 65 129 112 97 81 67 55 46 42 45 54 125 108 91 75 59 45 33 28 33 45 122 105 88 71 54 38 23 14 23 38 122 104 87 70 52 35 18 0 18 35 122 105 88 71 54 38 23 14 23 38 125 108 91 75 59 45 33 28 33 45 129 112 97 81 67 55 46 42 45 54 134 118 104 89 77 66 59 56 58 65 140 126 112 99 87 78 72 70 72 77
9 54 30 64 97 107 8 22 39 48 79 41 25 89 54 87 78 104 64 83 32 89 30 60 98 102 12 16 59 40 89 33 37 62 54 57 75 44 61 88 150 134 118 103 89 76 66 58 55 58 145 129 112 97 81 67 54 45 42 45 142 125 108 91 75 59 45 33 28 33 140 122 105 88 71 54 38 23 14 23 139 122 104 87 70 52 35 18 0 18 140 122 105 88 71 54 38 23 14 23 142 125 108 91 75 59 45 33 28 33 145 129 112 97 81 67 54 45 42 45 150 134 118 103 89 76 66 58 55 58 156 140 126 112 99 87 78 72 69 71
25 71 47 81 114 124 22 39 56 65 96 58 41 106 71 104 95 121 81 98 49 106 47 75 114 119 28 33 77 57 106 50 49 79 71 74 92 61 79 103 166 150 134 118 103 89 76 65 58 55 162 145 129 112 96 81 67 54 45 42 159 142 125 108 91 75 59 45 33 28 157 140 122 105 88 71 54 38 23 14 156 139 122 104 87 70 52 35 18 0 157 140 122 105 88 71 54 38 23 14 159 142 125 108 91 75 59 45 33 28 162 145 129 112 96 81 67 54 45 42 166 150 134 118 103 89 76 65 58 55 171 155 140 125 111 98 87 77 71 69
134 87 110 83 59 40 137 120 101 93 65 101 117 62 87 62 67 50 79 92 109 67 110 96 61 47 129 125 82 100 64 107 119 78 86 84 72 97 79 93 72 74 80 88 99 112 126 140 156 171 58 60 67 77 90 104 119 134 150 166 43 47 55 68 82 97 113 129 145 162 29 34 45 60 75 91 108 125 142 159 15 23 38 54 71 88 105 122 140 157 0 18 35 52 70 87 104 122 139 156 15 23 38 54 71 88 105 122 140 157 29 34 45 60 75 91 108 125 142 159 43 47 55 68 82 97 113 129 145 162 58 60 67 77 90 104 119 134 150 166
116 70 93 68 47 28 119 103 84 76 49 84 99 48 70 47 51 39 62 80 92 54 93 81 49 35 112 107 65 83 51 90 102 61 69 67 56 80 62 81 74 72 73 79 88 99 112 126 140 155 60 57 60 67 77 90 104 118 134 150 47 43 46 55 67 82 97 112 129 145 34 29 34 45 60 75 91 108 125 142 23 15 23 38 54 71 88 105 122 140 18 0 18 35 52 70 87 104 122 139 23 15 23 38 54 71 88 105 122 140 34 29 34 45 60 75 91 108 125 142 47 43 46 55 67 82 97 112 129 145 60 57 60 67 77 90 104 118 134 150
99 53 76 53 40 24 102 86 67 59 35 67 82 37 53 35 37 34 46 69 75 44 76 67 42 28 94 90 48 66 41 73 85 45 52 50 42 62 45 72 80 73 71 73 79 88 99 112 126 140 67 60 57 60 67 77 90 104 118 134 55 46 43 46 55 67 81 97 112 129 45 34 29 34 45 60 75 91 108 125 38 23 15 23 38 54 71 88 105 122 35 18 0 18 35 52 70 87 104 122 38 23 15 23 38 54 71 88 105 122 45 34 29 34 45 60 75 91 108 125 55 46 43 46 55 67 81 97 112 129 67 60 57 60 67 77 90 104 118 134
82 37 59 40 39 31 85 70 49 43 25 51 65 32 35 30 27 37 31 62 58 40 59 55 41 31 77 73 32 49 36 56 68 29 34 34 31 46 28 66 88 79 73 71 73 79 88 99 112 125 77 67 60 57 59 66 77 89 103 118 68 55 46 43 46 55 67 81 97 112 60 45 34 29 33 45 59 75 91 108 54 38 23 15 23 38 54 71 88 105 52 35 18 0 18 35 52 70 87 104 54 38 23 15 23 38 54 71 88 105 60 45 34 29 33 45 59 75 91 108 68 55 46 43 46 55 67 81 97 112 77 67 60 57 59 66 77 89 103 118
66 22 42 32 45 44 68 53 32 28 25 36 47 37 18 34 26 47 21 60 40 43 42 46 47 42 60 57 19 32 40 40 51 16 18 19 28 29 13 64 99 88 79 73 71 73 78 87 99 111 90 77 67 59 57 59 66 77 89 103 82 67 55 46 43 46 55 67 81 96 75 60 45 33 29 33 45 59 75 91 71 54 38 23 15 23 38 54 71 88 70 52 35 18 0 18 35 52 70 87 71 54 38 23 15 23 38 54 71 88 75 60 45 33 29 33 45 59 75 91 82 67 55 46 43 46 55 67 81 96 90 77 67 59 57 59 66 77 89 103
49 15 26 32 57 60 50 38 16 18 35 23 30 47 2 45 35 60 23 62 23 52 25 42 58 56 43 40 17 17 50 25 35 17 6 15 35 16 14 67 112 99 88 79 73 70 72 78 87 98 104 90 77 66 59 56 59 66 76 89 97 82 67 55 46 42 46 55 67 81 91 75 60 45 33 28 33 45 59 75 88 71 54 38 23 14 23 38 54 71 87 70 52 35 18 0 18 35 52 70 88 71 54 38 23 14 23 38 54 71 91 75 60 45 33 28 33 45 59 75 97 82 67 55 46 42 46 55 67 81 104 90 77 66 59 56 59 66 76 89
34 24 14 41 70 76 33 25 9 21 49 21 13 61 18 59 49 75 35 69 6 64 11 46 72 72 27 25 29 12 63 15 22 30 20 27 48 15 28 74 126 112 99 88 78 72 70 72 78 87 119 104 90 77 66 59 56 59 66 76 113 97 81 67 55 46 42 46 54 67 108 91 75 59 45 33 28 33 45 59 105 88 71 54 38 23 14 23 38 54 104 87 70 52 35 18 0 18 35 52 105 88 71 54 38 23 14 23 38 54 108 91 75 59 45 33 28 33 45 59 113 97 81 67 55 46 42 46 54 67 119 104 90 77 66 59 56 59 66 76
22 39 18 54 85 92 17 20 22 35 65 31 7 77 35 74 64 91 50 79 13 79 15 55 87 88 12 16 44 25 78 21 17 47 37 42 62 29 45 84 140 126 112 99 87 78 72 70 72 77 134 118 104 89 77 66 59 56 58 65 129 112 97 81 67 55 46 42 45 54 125 108 91 75 59 45 33 28 33 45 122 105 88 71 54 38 23 14 23 38 122 104 87 70 52 35 18 0 18 35 122 105 88 71 54 38 23 14 23 38 125 108 91 75 59 45 33 28 33 45 129 112 97 81 67 55 46 42 45 54 134 118 104 89 77 66 59 56 58 65
21 55 33 69 101 109 8 29 39 51 82 45 23 93 52 90 81 107 66 91 30 94 31 67 102 105 15 22 61 41 93 36 27 63 54 59 78 45 62 96 156 140 126 112 99 87 78 72 69 71 150 134 118 103 89 76 66 58 55 58 145 129 112 97 81 67 54 45 42 45 142 125 108 91 75 59 45 33 28 33 140 122 105 88 71 54 38 23 14 23 139 122 104 87 70 52 35 18 0 18 140 122 105 88 71 54 38 23 14 23 142 125 108 91 75 59 45 33 28 33 145 129 112 97 81 67 54 45 42 45 150 134 118 103 89 76 66 58 55 58
31 72 49 85 117 126 21 43 56 67 98 61 40 109 69 107 97 124 83 105 47 110 48 81 118 122 30 36 78 58 109 52 42 80 71 76 95 62 79 110 171 155 140 125 111 98 87 77 71 69 166 150 134 118 103 89 76 65 58 55 162 145 129 112 96 81 67 54 45 42 159 142 125 108 91 75 59 45 33 28 157 140 122 105 88 71 54 38 23 14 156 139 122 104 87 70 52 35 18 0 157 140 122 105 88 71 54 38 23 14 159 142 125 108 91 75 59 45 33 28 162 145 129 112 96 81 67 54 45 42 166 150 134 118 103 89 76 65 58 55
136 90 113 90 69 50 138 123 103 97 71 104 118 70 89 70 73 61 83 102 111 76 113 103 71 57 131 127 85 102 73 110 118 82 88 87 78 99 82 103 86 88 93 100 110 122 134 148 162 177 72 74 80 88 99 112 126 140 156 171 58 60 67 77 90 104 119 134 150 166 43 47 55 68 82 97 113 129 145 162 29 34 45 60 75 91 108 125 142 159 15 23 38 54 71 88 105 122 140 157 0 18 35 52 70 87 104 122 139 156 15 23 38 54 71 88 105 122 140 157 29 34 45 60 75 91 108 125 142 159 43 47 55 68 82 97 113 129 145 162
120 74 96 75 59 41 121 107 86 80 57 88 101 58 72 57 59 52 68 91 94 65 96 89 62 47 114 110 69 86 62 94 101 66 71 71 64 83 65 93 88 86 87 92 100 110 121 134 148 162 74 72 73 79 88 99 112 126 140 155 60 57 60 67 77 90 104 118 134 150 47 43 46 55 67 82 97 112 129 145 34 29 34 45 60 75 91 108 125 142 23 15 23 38 54 71 88 105 122 140 18 0 18 35 52 70 87 104 122 139 23 15 23 38 54 71 88 105 122 140 34 29 34 45 60 75 91 108 125 142 47 43 46 55 67 82 97 112 129 145
103 59 79 62 53 38 104 91 70 65 45 73 84 50 55 48 48 48 54 82 77 57 79 77 56 42 97 94 54 69 54 77 83 51 55 56 52 67 50 85 93 87 85 87 92 99 109 121 134 148 80 73 71 73 79 88 99 112 126 140 67 60 57 60 67 77 90 104 118 134 55 46 43 46 55 67 81 97 112 129 45 34 29 34 45 60 75 91 108 125 38 23 15 23 38 54 71 88 105 122 35 18 0 18 35 52 70 87 104 122 38 23 15 23 38 54 71 88 105 122 45 34 29 34 45 60 75 91 108 125 55 46 43 46 55 67 81 97 112 129
87 44 63 52 53 43 87 75 53 50 38 58 67 46 39 44 40 50 42 76 60 54 63 66 55 44 80 77 41 53 50 61 66 37 39 42 44 51 36 80 100 92 87 85 87 91 99 109 121 134 88 79 73 71 73 79 88 99 112 125 77 67 60 57 59 66 77 89 103 118 68 55 46 43 46 55 67 81 97 112 60 45 34 29 33 45 59 75 91 108 54 38 23 15 23 38 54 71 88 105 52 35 18 0 18 35 52 70 87 104 54 38 23 15 23 38 54 71 88 105 60 45 34 29 33 45 59 75 91 108 68 55 46 43 46 55 67 81 97 112
71 33 48 46 58 53 70 60 38 38 38 45 51 50 24 47 39 58 35 74 44 56 47 59 60 53 64 62 31 39 53 47 49 28 26 31 42 38 26 78 110 100 92 87 85 86 91 99 109 120 99 88 79 73 71 73 78 87 99 111 90 77 67 59 57 59 66 77 89 103 82 67 55 46 43 46 55 67 81 96 75 60 45 33 29 33 45 59 75 91 71 54 38 23 15 23 38 54 71 88 70 52 35 18 0 18 35 52 70 87 71 54 38 23 15 23 38 54 71 88 75 60 45 33 29 33 45 59 75 91 82 67 55 46 43 46 55 67 81 96
56 29 35 46 67 66 54 47 26 31 45 36 35 58 15 55 46 69 36 76 28 63 33 56 69 65 48 47 30 28 60 35 31 29 20 29 47 28 26 81 122 110 99 91 86 84 86 91 98 108 112 99 88 79 73 70 72 78 87 98 104 90 77 66 59 56 59 66 76 89 97 82 67 55 46 42 46 55 67 81 91 75 60 45 33 28 33 45 59 75 88 71 54 38 23 14 23 38 54 71 87 70 52 35 18 0 18 35 52 70 88 71 54 38 23 14 23 38 54 71 91 75 60 45 33 28 33 45 59 75 97 82 67 55 46 42 46 55 67 81
43 34 28 52 79 81 39 37 22 34 57 35 22 70 23 67 57 82 45 81 18 74 24 59 80 78 34 35 38 25 72 29 14 39 27 36 57 28 36 87 134 121 109 99 91 86 84 85 90 98 126 112 99 88 78 72 70 72 78 87 119 104 90 77 66 59 56 59 66 76 113 97 81 67 55 46 42 46 54 67 108 91 75 59 45 33 28 33 45 59 105 88 71 54 38 23 14 23 38 54 104 87 70 52 35 18 0 18 35 52 105 88 71 54 38 23 14 23 38 54 108 91 75 59 45 33 28 33 45 59 113 97 81 67 55 46 42 46 54 67
35 46 30 63 92 97 26 34 30 43 71 41 19 83 38 81 71 97 57 90 21 87 26 66 94 94 25 30 51 33 85 32 5 52 41 49 70 37 50 95 148 134 121 109 99 91 85 83 85 90 140 126 112 99 87 78 72 70 72 77 134 118 104 89 77 66 59 56 58 65 129 112 97 81 67 55 46 42 45 54 125 108 91 75 59 45 33 28 33 45 122 105 88 71 54 38 23 14 23 38 122 104 87 70 52 35 18 0 18 35 122 105 88 71 54 38 23 14 23 38 125 108 91 75 59 45 33 28 33 45 129 112 97 81 67 55 46 42 45 54
34 60 40 76 107 113 21 40 44 57 86 53 29 98 54 96 86 112 72 101 34 101 37 77 108 109 26 33 66 47 99 43 22 68 57 64 84 51 66 106 162 148 134 121 109 98 90 85 83 85 156 140 126 112 99 87 78 72 69 71 150 134 118 103 89 76 66 58 55 58 145 129 112 97 81 67 54 45 42 45 142 125 108 91 75 59 45 33 28 33 140 122 105 88 71 54 38 23 14 23 139 122 104 87 70 52 35 18 0 18 140 122 105 88 71 54 38 23 14 23 142 125 108 91 75 59 45 33 28 33 145 129 112 97 81 67 54 45 42 45
41 76 54 91 123 130 29 51 60 72 102 67 44 114 71 111 102 128 87 114 50 116 52 89 124 125 37 44 82 62 115 57 39 84 73 79 100 66 82 119 177 162 148 134 120 108 98 90 85 83 171 155 140 125 111 98 87 77 71 69 166 150 134 118 103 89 76 65 58 55 162 145 129 112 96 81 67 54 45 42 159 142 125 108 91 75 59 45 33 28 157 140 122 105 88 71 54 38 23 14 156 139 122 104 87 70 52 35 18 0 157 140 122 105 88 71 54 38 23 14 159 142 125 108 91 75 59 45 33 28 162 145 129 112 96 81 67 54 45 42
140 96 117 97 81 61 141 128 107 102 80 110 121 80 92 79 82 73 90 113 114 87 116 112 83 68 134 131 91 107 84 115 118 88 92 93 87 104 87 114 100 102 106 112 121 132 144 156 170 184 86 88 93 100 110 122 134 148 162 177 72 74 80 88 99 112 126 140 156 171 58 60 67 77 90 104 119 134 150 166 43 47 55 68 82 97 113 129 145 162 29 34 45 60 75 91 108 125 142 159 15 23 38 54 71 88 105 122 140 157 0 18 35 52 70 87 104 122 139 156 15 23 38 54 71 88 105 122 140 157 29 34 45 60 75 91 108 125 142 159
124 81 101 84 72 54 124 112 91 87 67 95 104 70 76 69 70 65 76 103 97 77 100 99 74 60 118 115 76 91 74 99 101 73 76 78 74 88 72 105 102 100 101 105 112 121 131 143 156 170 88 86 87 92 100 110 121 134 148 162 74 72 73 79 88 99 112 126 140 155 60 57 60 67 77 90 104 118 134 150 47 43 46 55 67 82 97 112 129 145 34 29 34 45 60 75 91 108 125 142 23 15 23 38 54 71 88 105 122 140 18 0 18 35 52 70 87 104 122 139 23 15 23 38 54 71 88 105 122 140 34 29 34 45 60 75 91 108 125 142
108 67 85 73 67 52 108 97 75 73 57 80 88 63 60 61 60 62 64 95 81 71 84 87 70 56 101 99 63 75 67 83 84 59 61 64 64 73 58 98 106 101 99 101 105 112 121 131 143 156 93 87 85 87 92 99 109 121 134 148 80 73 71 73 79 88 99 112 126 140 67 60 57 60 67 77 90 104 118 134 55 46 43 46 55 67 81 97 112 129 45 34 29 34 45 60 75 91 108 125 38 23 15 23 38 54 71 88 105 122 35 18 0 18 35 52 70 87 104 122 38 23 15 23 38 54 71 88 105 122 45 34 29 34 45 60 75 91 108 125
93 54 71 64 67 56 91 82 60 60 52 67 72 61 46 58 54 64 54 90 65 68 69 78 69 58 85 84 52 61 64 69 67 49 48 52 58 60 46 94 112 105 101 99 100 105 111 120 131 143 100 92 87 85 87 91 99 109 121 134 88 79 73 71 73 79 88 99 112 125 77 67 60 57 59 66 77 89 103 118 68 55 46 43 46 55 67 81 97 112 60 45 34 29 33 45 59 75 91 108 54 38 23 15 23 38 54 71 88 105 52 35 18 0 18 35 52 70 87 104 54 38 23 15 23 38 54 71 88 105 60 45 34 29 33 45 59 75 91 108
79 46 57 59 71 64 76 69 47 50 52 56 57 63 34 60 53 70 49 88 51 70 55 72 73 64 70 70 45 49 66 56 50 42 38 44 56 48 39 92 121 112 105 100 99 100 104 111 120 130 110 100 92 87 85 86 91 99 109 120 99 88 79 73 71 73 78 87 99 111 90 77 67 59 57 59 66 77 89 103 82 67 55 46 43 46 55 67 81 96 75 60 45 33 29 33 45 59 75 91 71 54 38 23 15 23 38 54 71 88 70 52 35 18 0 18 35 52 70 87 71 54 38 23 15 23 38 54 71 88 75 60 45 33 29 33 45 59 75 91
65 43 47 60 78 75 61 57 38 45 57 49 44 70 29 67 58 79 49 89 38 76 44 70 80 74 56 57 44 41 72 47 33 42 34 43 60 42 39 94 132 121 112 105 100 98 99 104 110 119 122 110 99 91 86 84 86 91 98 108 112 99 88 79 73 70 72 78 87 98 104 90 77 66 59 56 59 66 76 89 97 82 67 55 46 42 46 55 67 81 91 75 60 45 33 28 33 45 59 75 88 71 54 38 23 14 23 38 54 71 87 70 52 35 18 0 18 35 52 70 88 71 54 38 23 14 23 38 54 71 91 75 60 45 33 28 33 45 59 75
55 46 41 65 89 89 47 50 36 47 67 48 35 80 34 77 67 91 56 94 32 84 38 72 90 87 45 48 49 39 82 42 18 49 38 48 68 41 46 99 144 131 121 111 104 99 98 99 103 110 134 121 109 99 91 86 84 85 90 98 126 112 99 88 78 72 70 72 78 87 119 104 90 77 66 59 56 59 66 76 113 97 81 67 55 46 42 46 54 67 108 91 75 59 45 33 28 33 45 59 105 88 71 54 38 23 14 23 38 54 104 87 70 52 35 18 0 18 35 52 105 88 71 54 38 23 14 23 38 54 108 91 75 59 45 33 28 33 45 59
48 55 43 74 101 103 38 48 41 54 79 53 33 92 45 89 79 104 66 102 33 96 39 78 102 101 38 43 60 45 94 45 12 61 49 58 79 48 58 107 156 143 131 120 111 104 99 97 99 103 148 134 121 109 99 91 85 83 85 90 140 126 112 99 87 78 72 70 72 77 134 118 104 89 77 66 59 56 58 65 129 112 97 81 67 55 46 42 45 54 125 108 91 75 59 45 33 28 33 45 122 105 88 71 54 38 23 14 23 38 122 104 87 70 52 35 18 0 18 35 122 105 88 71 54 38 23 14 23 38 125 108 91 75 59 45 33 28 33 45
47 68 51 85 114 118 35 52 52 65 93 63 39 105 60 103 93 119 79 111 43 109 47 87 116 115 39 46 73 55 107 53 24 74 63 71 92 59 72 117 170 156 143 131 120 110 103 99 97 98 162 148 134 121 109 98 90 85 83 85 156 140 126 112 99 87 78 72 69 71 150 134 118 103 89 76 66 58 55 58 145 129 112 97 81 67 54 45 42 45 142 125 108 91 75 59 45 33 28 33 140 122 105 88 71 54 38 23 14 23 139 122 104 87 70 52 35 18 0 18 140 122 105 88 71 54 38 23 14 23 142 125 108 91 75 59 45 33 28 33
53 82 62 98 129 134 40 61 66 79 108 75 51 120 75 118 108 134 94 123 56 123 59 98 130 131 47 54 87 69 121 65 40 89 78 85 106 73 87 128 184 170 156 143 130 119 110 103 98 96 177 162 148 134 120 108 98 90 85 83 171 155 140 125 111 98 87 77 71 69 166 150 134 118 103 89 76 65 58 55 162 145 129 112 96 81 67 54 45 42 159 142 125 108 91 75 59 45 33 28 157 140 122 105 88 71 54 38 23 14 156 139 122 104 87 70 52 35 18 0 157 140 122 105 88 71 54 38 23 14 159 142 125 108 91 75 59 45 33 28
146 103 123 107 93 74 145 134 112 109 89 117 125 91 98 90 92 85 98 124 118 99 122 121 95 80 139 136 99 113 95 121 121 95 98 100 96 110 94 126 115 116 119 125 133 143 154 166 179 192 100 102 106 112 121 132 144 156 170 184 86 88 93 100 110 122 134 148 162 177 72 74 80 88 99 112 126 140 156 171 58 60 67 77 90 104 119 134 150 166 43 47 55 68 82 97 113 129 145 162 29 34 45 60 75 91 108 125 142 159 15 23 38 54 71 88 105 122 140 157 0 18 35 52 70 87 104 122 139 156 15 23 38 54 71 88 105 122 140 157
130 89 107 95 85 68 129 119 97 95 78 102 109 83 82 81 81 79 86 115 103 90 106 109 88 74 123 121 85 98 86 106 104 82 84 86 85 96 80 118 116 114 115 119 125 133 142 153 165 178 102 100 101 105 112 121 131 143 156 170 88 86 87 92 100 110 121 134 148 162 74 72 73 79 88 99 112 126 140 155 60 57 60 67 77 90 104 118 134 150 47 43 46 55 67 82 97 112 129 145 34 29 34 45 60 75 91 108 125 142 23 15 23 38 54 71 88 105 122 140 18 0 18 35 52 70 87 104 122 139 23 15 23 38 54 71 88 105 122 140
115 76 93 85 81 66 113 104 83 82 70 89 94 77 68 75 73 76 75 108 87 85 91 99 84 71 107 106 73 84 81 91 87 70 70 74 77 82 68 111 119 115 114 115 118 124 132 142 153 165 106 101 99 101 105 112 121 131 143 156 93 87 85 87 92 99 109 121 134 148 80 73 71 73 79 88 99 112 126 140 67 60 57 60 67 77 90 104 118 134 55 46 43 46 55 67 81 97 112 129 45 34 29 34 45 60 75 91 108 125 38 23 15 23 38 54 71 88 105 122 35 18 0 18 35 52 70 87 104 122 38 23 15 23 38 54 71 88 105 122
101 66 80 77 81 69 97 91 70 71 66 78 79 75 56 72 68 78 67 104 73 82 78 91 83 72 92 92 64 71 78 78 71 61 59 64 71 70 58 108 125 119 115 113 114 118 124 132 141 152 112 105 101 99 100 105 111 120 131 143 100 92 87 85 87 91 99 109 121 134 88 79 73 71 73 79 88 99 112 125 77 67 60 57 59 66 77 89 103 118 68 55 46 43 46 55 67 81 97 112 60 45 34 29 33 45 59 75 91 108 54 38 23 15 23 38 54 71 88 105 52 35 18 0 18 35 52 70 87 104 54 38 23 15 23 38 54 71 88 105
88 59 68 73 84 76 83 79 59 63 66 69 66 76 47 74 67 82 63 102 60 84 65 86 86 77 79 79 58 61 80 67 55 56 51 58 70 61 53 106 133 125 118 114 113 114 117 123 131 141 121 112 105 100 99 100 104 111 120 130 110 100 92 87 85 86 91 99 109 120 99 88 79 73 71 73 78 87 99 111 90 77 67 59 57 59 66 77 89 103 82 67 55 46 43 46 55 67 81 96 75 60 45 33 29 33 45 59 75 91 71 54 38 23 15 23 38 54 71 88 70 52 35 18 0 18 35 52 70 87 71 54 38 23 15 23 38 54 71 88
76 56 59 73 90 85 69 69 51 59 70 63 55 82 43 79 71 91 63 103 50 88 56 84 93 85 67 68 58 54 85 60 40 56 48 57 73 55 53 108 143 133 124 118 114 112 113 117 123 131 132 121 112 105 100 98 99 104 110 119 122 110 99 91 86 84 86 91 98 108 112 99 88 79 73 70 72 78 87 98 104 90 77 66 59 56 59 66 76 89 97 82 67 55 46 42 46 55 67 81 91 75 60 45 33 28 33 45 59 75 88 71 54 38 23 14 23 38 54 71 87 70 52 35 18 0 18 35 52 70 88 71 54 38 23 14 23 38 54 71
67 59 55 77 99 97 58 63 50 60 78 62 48 91 46 88 79 101 68 107 45 96 52 86 101 96 57 60 62 53 93 56 29 61 51 61 80 55 58 112 154 142 132 124 117 113 112 113 116 122 144 131 121 111 104 99 98 99 103 110 134 121 109 99 91 86 84 85 90 98 126 112 99 88 78 72 70 72 78 87 119 104 90 77 66 59 56 59 66 76 113 97 81 67 55 46 42 46 54 67 108 91 75 59 45 33 28 33 45 59 105 88 71 54 38 23 14 23 38 54 104 87 70 52 35 18 0 18 35 52 105 88 71 54 38 23 14 23 38 54
62 67 56 85 110 111 51 62 54 66 89 66 46 101 55 99 89 113 77 114 47 106 52 91 112 109 52 57 70 57 104 58 26 71 60 69 89 60 68 119 166 153 142 132 123 117 113 111 112 116 156 143 131 120 111 104 99 97 99 103 148 134 121 109 99 91 85 83 85 90 140 126 112 99 87 78 72 70 72 77 134 118 104 89 77 66 59 56 58 65 129 112 97 81 67 55 46 42 45 54 125 108 91 75 59 45 33 28 33 45 122 105 88 71 54 38 23 14 23 38 122 104 87 70 52 35 18 0 18 35 122 105 88 71 54 38 23 14 23 38
61 77 62 95 123 125 48 65 62 75 101 74 51 114 67 111 101 126 88 123 54 118 59 98 125 123 52 59 82 66 116 65 33 83 71 80 101 69 80 128 179 165 153 141 131 123 116 112 110 112 170 156 143 131 120 110 103 99 97 98 162 148 134 121 109 98 90 85 83 85 156 140 126 112 99 87 78 72 69 71 150 134 118 103 89 76 66 58 55 58 145 129 112 97 81 67 54 45 42 45 142 125 108 91 75 59 45 33 28 33 140 122 105 88 71 54 38 23 14 23 139 122 104 87 70 52 35 18 0 18 140 122 105 88 71 54 38 23 14 23
65 90 72 107 137 140 52 72 74 87 115 84 61 127 81 125 115 141 101 133 65 131 69 109 138 137 58 66 95 77 129 75 46 96 85 93 114 81 94 138 192 178 165 152 141 131 122 116 112 110 184 170 156 143 130 119 110 103 98 96 177 162 148 134 120 108 98 90 85 83 171 155 140 125 111 98 87 77 71 69 166 150 134 118 103 89 76 65 58 55 162 145 129 112 96 81 67 54 45 42 159 142 125 108 91 75 59 45 33 28 157 140 122 105 88 71 54 38 23 14 156 139 122 104 87 70 52 35 18 0 157 140 122 105 88 71 54 38 23 14
152 111 130 117 105 87 150 141 119 117 100 125 131 103 105 102 103 98 108 136 124 111 128 131 108 93 145 143 108 120 107 128 124 104 106 109 107 118 103 138 129 130 133 138 145 154 164 176 188 201 115 116 119 125 133 143 154 166 179 192 100 102 106 112 121 132 144 156 170 184 86 88 93 100 110 122 134 148 162 177 72 74 80 88 99 112 126 140 156 171 58 60 67 77 90 104 119 134 150 166 43 47 55 68 82 97 113 129 145 162 29 34 45 60 75 91 108 125 142 159 15 23 38 54 71 88 105 122 140 157 0 18 35 52 70 87 104 122 139 156
137 99 115 106 99 82 135 127 105 104 91 112 116 96 91 94 93 93 96 128 109 103 114 120 101 87 129 128 95 106 99 114 108 92 92 96 97 104 90 131 130 128 129 132 138 145 154 164 175 187 116 114 115 119 125 133 142 153 165 178 102 100 101 105 112 121 131 143 156 170 88 86 87 92 100 110 121 134 148 162 74 72 73 79 88 99 112 126 140 155 60 57 60 67 77 90 104 118 134 150 47 43 46 55 67 82 97 112 129 145 34 29 34 45 60 75 91 108 125 142 23 15 23 38 54 71 88 105 122 140 18 0 18 35 52 70 87 104 122 139
123 87 102 97 95 80 119 113 92 93 83 100 102 91 78 88 86 90 87 121 95 98 100 111 98 85 115 114 85 93 94 101 92 82 80 85 90 92 79 125 133 129 128 129 132 137 144 153 163 175 119 115 114 115 118 124 132 142 153 165 106 101 99 101 105 112 121 131 143 156 93 87 85 87 92 99 109 121 134 148 80 73 71 73 79 88 99 112 126 140 67 60 57 60 67 77 90 104 118 134 55 46 43 46 55 67 81 97 112 129 45 34 29 34 45 60 75 91 108 125 38 23 15 23 38 54 71 88 105 122 35 18 0 18 35 52 70 87 104 122
110 78 90 91 95 83 105 101 80 83 80 89 88 89 67 86 82 91 80 117 82 96 87 104 97 86 101 101 77 82 92 89 77 74 70 77 85 81 71 121 138 132 129 127 128 131 137 144 153 163 125 119 115 113 114 118 124 132 141 152 112 105 101 99 100 105 111 120 131 143 100 92 87 85 87 91 99 109 121 134 88 79 73 71 73 79 88 99 112 125 77 67 60 57 59 66 77 89 103 118 68 55 46 43 46 55 67 81 97 112 60 45 34 29 33 45 59 75 91 108 54 38 23 15 23 38 54 71 88 105 52 35 18 0 18 35 52 70 87 104
98 72 80 87 97 88 92 90 71 76 79 81 76 90 60 87 81 96 77 116 71 97 77 100 100 90 88 90 72 73 94 79 63 70 64 72 84 73 67 120 145 138 132 128 127 127 131 136 143 152 133 125 118 114 113 114 117 123 131 141 121 112 105 100 99 100 104 111 120 130 110 100 92 87 85 86 91 99 109 120 99 88 79 73 71 73 78 87 99 111 90 77 67 59 57 59 66 77 89 103 82 67 55 46 43 46 55 67 81 96 75 60 45 33 29 33 45 59 75 91 71 54 38 23 15 23 38 54 71 88 70 52 35 18 0 18 35 52 70 87
88 70 73 87 103 97 80 82 65 73 83 77 67 95 57 92 84 103 77 117 63 101 69 98 105 97 78 80 71 68 98 73 50 70 62 71 86 69 67 122 154 145 137 131 127 126 127 130 135 143 143 133 124 118 114 112 113 117 123 131 132 121 112 105 100 98 99 104 110 119 122 110 99 91 86 84 86 91 98 108 112 99 88 79 73 70 72 78 87 98 104 90 77 66 59 56 59 66 76 89 97 82 67 55 46 42 46 55 67 81 91 75 60 45 33 28 33 45 59 75 88 71 54 38 23 14 23 38 54 71 87 70 52 35 18 0 18 35 52 70
80 73 69 91 111 107 70 77 63 74 90 76 61 102 60 99 91 112 81 121 59 108 65 99 113 107 70 74 75 67 105 70 42 74 64 74 92 69 71 126 164 154 144 137 131 127 125 126 130 135 154 142 132 124 117 113 112 113 116 122 144 131 121 111 104 99 98 99 103 110 134 121 109 99 91 86 84 85 90 98 126 112 99 88 78 72 70 72 78 87 119 104 90 77 66 59 56 59 66 76 113 97 81 67 55 46 42 46 54 67 108 91 75 59 45 33 28 33 45 59 105 88 71 54 38 23 14 23 38 54 104 87 70 52 35 18 0 18 35 52
75 79 70 97 121 119 64 75 66 79 99 79 60 112 67 109 100 123 89 126 60 117 66 104 123 118 66 71 82 70 114 72 40 82 71 80 100 73 79 132 176 164 153 144 136 130 126 125 126 129 166 153 142 132 123 117 113 111 112 116 156 143 131 120 111 104 99 97 99 103 148 134 121 109 99 91 85 83 85 90 140 126 112 99 87 78 72 70 72 77 134 118 104 89 77 66 59 56 58 65 129 112 97 81 67 55 46 42 45 54 125 108 91 75 59 45 33 28 33 45 122 105 88 71 54 38 23 14 23 38 122 104 87 70 52 35 18 0 18 35
75 88 75 106 132 133 62 78 74 87 111 85 64 123 77 121 111 135 99 134 66 128 71 110 134 131 66 72 92 77 125 77 45 92 81 90 111 81 90 139 188 175 163 153 143 135 130 126 124 125 179 165 153 141 131 123 116 112 110 112 170 156 143 131 120 110 103 99 97 98 162 148 134 121 109 98 90 85 83 85 156 140 126 112 99 87 78 72 69 71 150 134 118 103 89 76 66 58 55 58 145 129 112 97 81 67 54 45 42 45 142 125 108 91 75 59 45 33 28 33 140 122 105 88 71 54 38 23 14 23 139 122 104 87 70 52 35 18 0 18
78 99 83 117 145 147 65 84 84 97 123 95 72 136 89 133 123 148 110 144 75 140 79 119 147 145 71 78 104 87 138 86 55 105 93 102 123 91 102 149 201 187 175 163 152 143 135 129 125 124 192 178 165 152 141 131 122 116 112 110 184 170 156 143 130 119 110 103 98 96 177 162 148 134 120 108 98 90 85 83 171 155 140 125 111 98 87 77 71 69 166 150 134 118 103 89 76 65 58 55 162 145 129 112 96 81 67 54 45 42 159 142 125 108 91 75 59 45 33 28 157 140 122 105 88 71 54 38 23 14 156 139 122 104 87 70 52 35 18 0
