0 30 22 8 21 66 23 52 28 51 88 27 45 40 68 37 64 43 41 33 5 33 23 4 26 45 22 7 33 29 85 21 22 17 59 22 68 25 48 27 94 82 72 65 62 64 71 80 92 106 85 71 60 51 48 51 59 70 84 98 78 63 49 39 34 38 48 62 77 93 73 56 41 27 20 26 40 55 72 89 70 53 36 19 6 18 35 52 69 87 71 54 37 20 9 19 36 53 70 87 74 58 42 29 23 29 41 57 73 89 79 65 51 41 37 41 50 63 78 94 87 74 62 54 51 54 61 72 85 100 96 84 74 68 65 67 73 83 94 108
30 0 43 37 32 82 53 72 58 46 105 25 66 41 81 67 37 66 15 33 28 3 47 32 28 67 51 27 38 43 104 24 50 31 78 51 42 48 22 6 65 52 42 38 41 51 64 78 94 110 58 43 30 24 29 41 57 73 89 106 54 37 21 10 19 36 52 70 87 104 53 36 19 6 18 35 52 69 86 104 57 41 27 20 26 39 55 72 88 105 63 49 38 34 37 48 61 76 92 109 71 60 51 48 50 58 70 83 98 114 82 72 65 62 64 70 80 92 105 120 93 84 78 76 78 83 91 102 114 128 105 97 92 90 91 96 103 112 124 136
22 43 0 17 13 45 22 31 33 41 67 25 24 29 47 37 80 23 56 25 26 45 6 24 22 25 18 19 22 11 65 22 16 12 38 26 84 6 64 38 107 93 80 69 61 57 58 64 74 86 100 85 71 58 48 43 45 53 64 78 95 79 63 48 36 29 32 42 56 72 92 75 58 42 26 15 20 34 51 67 91 74 56 39 22 4 14 31 49 66 92 75 58 41 26 15 20 34 50 67 95 79 63 48 35 28 31 42 56 71 100 85 70 57 47 42 44 52 64 78 107 92 79 68 60 56 57 64 73 86 115 102 90 80 73 70 71 76 84 95
8 37 17 0 21 61 16 46 23 52 82 30 38 41 64 31 71 37 48 34 12 40 16 8 28 39 14 11 33 26 79 24 14 18 54 16 75 20 55 34 101 89 78 70 66 66 71 79 90 103 93 79 67 57 52 53 59 68 81 95 85 70 56 45 38 39 47 59 73 88 80 64 48 34 25 26 37 51 67 83 77 60 43 26 12 14 30 46 63 81 77 60 42 25 9 12 29 46 63 80 79 62 46 31 21 22 34 49 65 82 84 68 54 41 34 35 43 56 71 86 90 76 63 53 48 48 55 65 78 93 98 85 74 66 62 62 67 76 87 100
21 32 13 21 0 51 32 40 42 31 74 12 35 20 51 48 69 34 46 14 24 34 19 25 9 35 28 16 13 11 72 9 27 4 46 34 73 19 54 27 96 81 67 56 48 46 50 60 72 86 90 74 59 45 35 32 38 50 64 79 86 69 52 37 23 19 28 42 58 75 84 67 49 32 15 5 21 39 56 73 84 67 50 33 18 11 23 40 57 74 87 71 55 40 28 25 32 45 61 77 92 77 62 50 41 39 44 54 67 82 99 85 72 61 55 53 56 65 76 89 107 94 83 74 68 67 69 76 86 98 117 105 95 87 82 81 83 89 97 108
66 82 45 61 51 0 56 17 67 52 24 59 24 47 12 64 119 26 97 52 70 83 45 68 56 24 53 63 46 40 22 59 52 53 8 62 123 41 104 77 143 127 111 95 81 68 57 50 48 53 139 122 105 89 73 59 46 37 35 41 136 119 102 85 68 52 37 24 21 30 134 117 100 83 65 48 31 15 8 23 134 117 100 83 66 48 31 15 9 24 136 119 102 85 69 52 37 25 22 31 139 122 106 90 74 60 47 38 36 42 143 127 111 96 82 69 58 51 50 54 149 133 118 104 91 79 70 65 63 67 155 140 126 113 101 91 83 78 77 80
23 53 22 16 32 56 0 40 12 61 75 43 33 50 62 17 86 30 63 45 26 55 17 22 40 33 5 26 42 32 72 38 6 29 48 7 90 19 70 49 117 104 93 85 79 77 79 85 93 104 108 94 82 72 66 63 66 72 82 94 100 85 72 60 52 49 52 60 72 85 94 78 63 50 39 36 40 50 63 78 89 73 56 41 28 22 28 41 57 73 87 70 52 35 19 8 20 36 53 70 87 70 52 35 19 7 19 36 53 70 89 72 56 41 27 21 28 41 57 73 93 78 63 49 39 35 39 50 63 78 100 85 72 60 52 49 52 60 72 85
52 72 31 46 40 17 40 0 51 51 37 50 8 42 25 48 109 10 86 45 56 73 30 54 47 8 37 50 39 30 34 49 36 41 9 46 113 27 93 67 135 119 105 91 78 68 61 58 61 68 129 113 98 82 68 56 48 44 48 56 125 109 92 76 60 46 35 30 35 46 123 105 88 71 55 39 24 17 24 39 121 104 87 70 52 35 18 3 18 35 122 105 88 71 54 37 21 12 21 37 124 107 91 74 58 43 31 26 31 43 128 112 96 80 66 53 43 40 43 53 133 117 102 88 75 64 56 53 56 64 139 124 110 97 85 76 70 67 69 75
28 58 33 23 42 67 12 51 0 72 85 52 44 60 73 11 88 41 66 55 30 60 28 26 50 44 16 33 53 44 82 46 18 39 59 8 92 31 72 55 119 108 99 92 88 88 91 96 105 115 109 97 87 79 74 74 77 84 94 105 100 87 75 66 61 60 64 72 83 96 92 78 64 54 47 46 51 62 74 89 86 70 55 42 33 32 40 52 67 83 82 65 49 33 21 19 30 45 62 78 80 63 46 28 11 8 25 42 59 77 81 64 47 30 16 13 27 43 60 77 84 68 52 38 27 26 35 49 64 80 89 74 60 48 41 40 46 57 71 86
51 46 41 52 31 52 61 51 72 0 73 26 49 12 45 77 77 50 59 19 53 46 46 55 26 50 58 45 20 30 72 31 56 35 52 65 81 44 65 42 95 78 61 45 30 18 20 33 48 65 94 76 59 42 25 8 11 28 46 63 94 77 60 43 27 14 16 31 47 64 97 81 65 49 36 27 28 38 52 68 102 86 71 58 47 41 41 49 60 74 108 94 80 68 59 54 55 61 70 82 116 102 90 80 72 68 69 73 81 92 125 112 101 92 85 82 82 86 93 102 135 123 113 105 99 96 96 99 105 114 145 134 125 118 113 110 110 113 118 125
88 105 67 82 74 24 75 37 85 73 0 82 44 69 28 80 142 46 120 75 92 107 66 90 79 43 73 85 69 63 4 82 72 76 29 81 146 63 127 100 165 149 133 117 102 87 74 63 55 51 162 145 128 112 96 80 65 52 42 38 159 142 125 108 91 74 58 43 30 24 157 140 123 106 88 71 54 37 21 10 157 140 122 105 88 71 53 36 19 4 158 141 124 107 90 73 56 40 26 18 160 143 126 110 93 77 62 48 37 32 164 147 131 115 99 84 70 58 49 45 168 152 136 121 106 92 80 69 62 59 174 158 143 128 114 102 90 81 75 73
27 25 25 30 12 59 43 50 52 26 82 0 45 17 57 59 61 45 39 9 29 25 31 31 4 46 40 21 13 21 80 6 39 14 55 44 65 31 46 20 85 70 56 44 37 37 45 57 72 87 80 64 48 34 24 24 35 50 66 82 78 61 43 27 11 13 29 45 63 80 78 60 43 26 10 12 28 45 62 80 80 63 47 33 22 23 34 49 65 82 85 69 55 43 36 36 44 56 71 86 91 77 65 55 49 50 56 66 78 93 100 87 76 68 63 63 68 77 88 101 109 98 88 81 77 77 81 88 98 110 120 109 101 94 91 91 94 100 109 120
45 66 24 38 35 24 33 8 44 49 44 45 0 40 31 42 103 3 80 41 49 68 23 46 42 1 30 43 36 25 42 43 28 35 16 39 107 20 87 61 130 115 100 87 76 67 62 61 65 74 124 108 93 78 65 54 48 47 53 63 119 102 86 71 56 43 35 34 41 53 116 99 82 65 49 34 22 20 31 46 114 97 80 63 45 28 12 9 26 43 115 97 80 63 46 29 14 12 27 43 117 100 83 67 51 36 26 25 34 48 120 104 88 73 58 46 39 38 45 56 125 110 95 81 68 58 52 52 57 66 132 117 103 90 79 71 66 65 69 77
40 41 29 41 20 47 50 42 60 12 69 17 40 0 43 66 75 40 54 9 43 41 34 44 16 41 46 34 8 19 68 21 44 24 45 53 79 32 61 36 97 80 64 49 37 29 31 41 55 70 93 76 59 43 27 16 19 33 49 66 92 75 58 40 23 6 13 30 47 64 93 76 59 43 27 15 19 33 49 66 96 80 64 49 36 29 31 41 55 70 101 86 71 58 48 42 44 51 63 77 108 94 80 69 61 56 57 63 73 85 116 103 91 81 74 70 71 76 84 94 125 113 102 93 87 84 85 89 96 105 135 124 114 106 101 98 98 102 108 116
68 81 47 64 51 12 62 25 73 45 28 57 31 43 0 72 117 33 95 49 72 82 49 71 54 31 59 64 44 41 28 58 57 54 18 68 121 45 102 76 139 122 106 90 74 60 47 39 37 43 136 119 102 85 68 52 38 26 24 32 134 117 99 82 65 48 31 15 11 25 134 116 99 82 65 47 30 13 8 24 135 118 101 84 67 51 35 23 20 30 138 121 104 88 72 57 44 35 33 40 142 125 110 94 80 66 55 48 47 52 147 131 116 102 88 77 67 62 61 64 153 138 124 111 99 88 80 75 74 77 161 146 133 121 109 100 93 89 88 91
37 67 37 31 48 64 17 48 11 77 80 59 42 66 72 0 98 39 76 61 40 70 32 36 57 42 20 41 59 48 77 54 22 45 56 16 102 34 83 64 130 118 108 101 96 94 95 99 106 115 120 107 97 88 82 80 81 86 94 104 111 97 85 75 69 66 67 73 82 94 103 88 75 64 55 52 54 61 72 85 96 81 66 53 42 38 41 50 63 77 92 75 59 44 31 24 29 41 56 72 89 72 55 38 22 10 19 35 52 69 89 72 54 37 20 5 17 34 51 68 91 74 57 41 27 19 25 38 54 70 95 79 63 49 38 33 36 47 60 75
64 37 80 71 69 119 86 109 88 77 142 61 103 75 117 98 0 102 24 68 60 36 83 64 64 104 85 63 74 80 141 61 85 68 115 83 5 85 17 42 33 28 33 45 59 75 91 108 125 142 22 14 22 38 54 71 88 105 122 140 18 2 18 35 53 70 87 105 122 139 23 16 24 38 55 72 89 106 123 140 35 30 35 46 60 76 92 108 125 142 47 44 47 56 68 82 97 113 129 146 61 58 61 68 78 91 104 119 135 150 75 73 75 80 89 100 113 126 141 156 89 87 88 93 101 111 122 135 149 163 103 101 102 106 113 122 132 144 157 171
43 66 23 37 34 26 30 10 41 50 46 45 3 40 33 39 102 0 79 41 47 67 21 45 42 3 28 42 36 25 43 43 26 35 18 37 107 18 86 61 129 115 100 88 76 68 63 63 68 76 123 107 92 78 65 55 50 49 55 65 118 102 86 70 56 44 36 36 43 56 115 98 81 64 48 34 23 23 34 48 113 96 79 61 44 27 11 11 27 44 113 96 79 61 44 27 12 12 27 44 115 98 81 65 49 34 23 23 34 49 118 102 86 71 56 44 36 36 44 56 123 108 93 78 66 56 50 50 56 65 130 115 101 88 77 68 64 64 68 76
41 15 56 48 46 97 63 86 66 59 120 39 80 54 95 76 24 79 0 47 37 14 60 42 42 81 62 39 52 57 118 38 62 45 92 61 28 62 8 20 54 43 37 40 48 61 75 91 107 123 45 31 23 27 39 54 70 86 103 120 40 23 10 16 32 49 66 84 101 118 39 22 7 15 32 49 66 83 101 118 44 30 21 24 37 52 69 85 102 119 52 41 35 37 46 59 74 90 106 122 62 53 49 50 57 68 81 96 111 127 74 66 63 64 70 79 90 104 118 133 86 80 77 78 82 90 100 112 126 140 99 94 91 92 96 102 111 122 134 148
33 33 25 34 14 52 45 45 55 19 75 9 41 9 49 61 68 41 47 0 35 33 31 36 8 42 41 27 6 17 73 13 40 17 49 48 72 30 54 28 91 75 60 47 37 33 38 49 63 78 87 70 54 38 25 19 27 41 57 74 85 68 51 34 17 5 20 37 54 72 86 69 51 35 19 10 22 38 55 72 88 72 56 41 29 24 31 44 59 75 93 78 63 50 41 38 42 52 66 81 100 85 72 61 54 52 55 63 74 88 108 95 83 74 68 66 68 75 85 96 117 105 95 86 81 80 82 87 96 106 127 116 107 100 95 94 95 100 107 117
5 28 26 12 24 70 26 56 30 53 92 29 49 43 72 40 60 47 37 35 0 31 27 5 28 50 26 9 36 33 90 23 26 21 64 24 64 30 44 26 91 79 70 64 62 65 73 83 96 109 82 68 57 50 48 52 61 73 87 102 74 59 46 37 34 40 51 65 81 97 69 53 37 24 20 29 43 59 76 93 66 49 32 15 7 22 39 56 74 91 67 49 33 17 10 23 40 57 74 91 70 54 39 27 23 31 45 60 77 93 76 61 49 40 37 43 53 67 82 98 84 71 60 53 51 55 64 75 89 104 93 81 72 67 65 68 75 85 98 111
33 3 45 40 34 83 55 73 60 46 107 25 68 41 82 70 36 67 14 33 31 0 49 35 28 69 53 30 38 44 105 25 53 33 79 54 40 50 21 7 63 50 39 35 39 49 63 78 94 110 56 41 27 21 27 41 56 73 89 106 53 36 19 7 19 36 53 70 87 104 53 36 19 8 19 36 53 70 87 105 57 41 28 22 28 41 57 73 90 106 64 50 40 36 40 50 63 78 94 110 73 61 53 50 53 61 72 85 100 115 83 73 67 64 66 73 82 94 108 122 95 86 81 78 80 85 94 104 116 130 107 99 94 93 94 98 106 115 126 138
23 47 6 16 19 45 17 30 28 46 66 31 23 34 49 32 83 21 60 31 27 49 0 24 28 23 13 21 27 16 64 27 11 17 38 21 87 4 67 42 112 98 85 74 66 63 63 69 78 89 104 89 75 63 54 49 50 56 67 80 99 82 67 53 41 35 36 45 58 73 95 78 61 45 31 21 24 36 51 67 93 75 58 41 24 9 14 30 48 65 93 75 58 41 24 10 15 31 48 65 95 78 62 46 32 23 25 37 52 68 99 83 68 54 43 37 38 47 59 74 105 90 76 64 55 50 51 58 68 81 113 99 86 76 68 64 65 70 79 90
4 32 24 8 25 68 22 54 26 55 90 31 46 44 71 36 64 45 42 36 5 35 24 0 30 47 22 10 37 32 87 25 22 21 61 20 69 27 48 30 95 83 74 67 65 68 74 84 95 109 86 73 62 54 51 54 62 73 87 101 78 63 50 41 37 41 51 65 79 95 73 56 41 28 23 29 43 58 74 91 69 52 35 19 9 21 37 54 71 88 69 52 35 18 6 19 36 54 71 88 72 55 39 26 20 27 41 57 73 90 77 62 48 38 34 38 49 63 78 94 84 70 59 51 48 51 60 71 85 100 93 81 71 64 62 64 71 81 93 107
26 28 22 28 9 56 40 47 50 26 79 4 42 16 54 57 64 42 42 8 28 28 28 30 0 43 37 20 11 17 77 6 36 12 51 42 68 27 49 23 89 73 59 47 40 39 45 56 70 85 84 67 51 37 26 25 34 48 64 80 81 64 47 30 15 12 26 43 60 77 80 63 46 29 12 9 25 42 59 77 82 66 49 34 22 20 31 46 62 79 87 71 56 43 35 33 41 53 67 83 93 78 65 55 48 47 53 62 75 89 101 88 76 67 62 61 65 73 84 97 110 98 88 80 76 75 78 85 95 106 120 109 100 93 89 89 92 97 106 116
45 67 25 39 35 24 33 8 44 50 43 46 1 41 31 42 104 3 81 42 50 69 23 47 43 0 30 44 37 26 41 44 29 36 16 39 108 20 88 62 131 116 101 88 77 68 62 62 66 74 125 109 93 79 66 55 49 48 53 63 120 103 87 71 57 44 35 34 41 53 117 100 83 66 50 35 23 21 31 46 115 98 81 63 46 29 13 9 25 42 115 98 81 64 47 30 14 11 26 43 117 100 84 67 51 36 25 24 33 47 121 104 88 73 59 46 38 37 44 55 126 110 95 81 68 58 52 51 56 65 132 117 103 90 79 70 65 65 68 76
22 51 18 14 28 53 5 37 16 58 73 40 30 46 59 20 85 28 62 41 26 53 13 22 37 30 0 24 39 28 70 35 2 26 45 10 89 15 69 47 115 102 91 82 76 74 75 81 89 100 107 93 80 70 63 60 62 68 78 90 99 84 70 58 49 46 48 57 68 82 94 77 62 48 37 32 36 46 60 75 90 73 56 40 26 18 24 38 54 71 88 71 54 36 19 4 17 34 51 69 89 72 54 38 22 11 20 36 52 69 91 75 59 44 31 25 30 42 57 73 96 81 66 53 43 39 42 51 64 79 103 88 75 64 56 53 55 63 73 86
7 27 19 11 16 63 26 50 33 45 85 21 43 34 64 41 63 42 39 27 9 30 21 10 20 44 24 0 28 24 83 15 24 12 57 26 67 24 46 24 92 79 68 60 56 58 65 75 87 101 84 69 57 47 42 45 53 65 79 94 78 62 47 35 28 32 43 57 73 89 74 57 40 25 15 21 35 52 68 85 72 55 38 20 3 15 32 50 67 84 74 57 40 25 15 21 35 52 69 86 78 62 47 35 29 32 43 57 73 89 84 70 57 47 43 45 53 65 79 94 92 79 68 60 57 58 65 75 87 101 101 90 80 74 71 72 77 86 97 109
33 38 22 33 13 46 42 39 53 20 69 13 36 8 44 59 74 36 52 6 36 38 27 37 11 37 39 28 0 13 68 16 37 17 43 46 77 26 59 33 97 81 66 52 41 36 38 47 60 75 93 76 59 44 30 22 26 38 54 70 90 73 56 39 22 8 16 33 50 67 90 73 56 39 22 8 16 33 50 67 93 76 59 44 30 22 26 38 53 70 97 81 66 52 41 35 38 47 60 75 103 88 74 62 53 49 51 58 69 82 110 97 84 74 67 63 65 70 79 91 119 106 95 86 80 77 78 83 91 101 129 117 107 99 93 91 92 96 103 112
29 43 11 26 11 40 32 30 44 30 63 21 25 19 41 48 80 25 57 17 33 44 16 32 17 26 28 24 13 0 61 20 27 14 35 36 84 14 64 38 105 90 76 63 53 47 48 54 64 77 100 84 68 54 41 34 34 43 55 70 96 79 63 46 31 20 21 33 49 65 95 77 60 43 26 9 11 28 45 62 95 78 61 44 27 13 14 29 46 63 97 81 64 49 35 25 26 36 51 67 102 86 71 57 45 39 39 47 58 73 108 93 79 67 58 52 53 58 68 81 115 102 89 78 70 66 66 71 79 90 124 111 100 90 84 80 80 84 91 100
85 104 65 79 72 22 72 34 82 72 4 80 42 68 28 77 141 43 118 73 90 105 64 87 77 41 70 83 68 61 0 81 69 74 27 79 144 61 125 99 164 148 132 116 101 87 74 64 56 54 160 143 127 111 95 79 65 52 43 40 157 140 123 106 90 73 57 43 31 27 155 138 121 104 87 70 53 36 21 13 155 138 120 103 86 68 51 34 17 2 156 138 121 104 87 70 53 37 22 16 158 141 124 107 91 74 59 45 33 29 161 144 128 112 96 81 67 55 46 43 165 149 133 118 103 89 76 66 59 57 171 155 140 125 111 98 87 78 72 70
21 24 22 24 9 59 38 49 46 31 82 6 43 21 58 54 61 43 38 13 23 25 27 25 6 44 35 15 16 20 81 0 34 10 55 39 65 27 45 19 87 72 59 48 42 43 51 62 76 91 81 65 50 37 29 30 40 54 69 85 77 60 43 28 15 18 32 48 65 82 76 59 41 24 7 12 29 46 63 81 77 60 44 28 16 19 32 48 65 82 81 65 50 38 30 31 41 54 70 86 87 73 60 49 44 44 52 63 76 91 95 82 71 62 57 58 64 73 85 98 104 92 82 75 71 72 76 84 95 107 114 104 95 89 85 86 89 96 105 116
22 50 16 14 27 52 6 36 18 56 72 39 28 44 57 22 85 26 62 40 26 53 11 22 36 29 2 24 37 27 69 34 0 25 44 11 89 14 69 47 115 102 91 81 75 72 74 79 88 99 106 92 80 69 62 58 60 67 77 89 99 84 70 58 48 44 47 55 67 81 94 78 62 48 36 31 34 45 59 74 90 73 57 40 25 17 23 37 53 70 89 71 54 37 20 3 16 33 51 68 90 72 55 39 23 12 20 35 52 69 93 76 60 45 33 26 31 42 57 73 97 82 67 54 45 40 43 52 64 79 104 90 77 66 58 54 56 63 74 86
17 31 12 18 4 53 29 41 39 35 76 14 35 24 54 45 68 35 45 17 21 33 17 21 12 36 26 12 17 14 74 10 25 0 48 31 72 18 52 27 95 81 68 58 51 50 54 63 76 89 89 73 59 46 37 36 42 53 67 83 84 68 52 36 25 22 31 46 61 78 82 65 48 31 14 9 24 41 58 75 82 65 48 31 14 9 24 41 58 75 84 68 52 37 25 22 31 46 61 78 89 73 59 46 38 36 42 54 67 83 96 81 68 58 51 50 54 64 76 89 104 91 79 70 65 64 67 75 85 98 113 101 91 83 78 78 80 87 96 107
59 78 38 54 46 8 48 9 59 52 29 55 16 45 18 56 115 18 92 49 64 79 38 61 51 16 45 57 43 35 27 55 44 48 0 55 119 35 99 73 140 124 108 94 80 68 59 54 55 60 135 118 102 86 71 58 47 40 41 48 131 114 97 81 65 49 36 27 28 38 129 112 95 78 61 44 27 14 16 31 129 111 94 77 59 42 25 8 11 28 130 112 95 78 61 45 29 18 19 32 132 115 99 82 66 52 39 31 32 41 136 120 104 88 74 61 50 44 45 52 141 126 110 96 83 71 63 58 59 64 148 133 118 105 93 83 76 72 72 76
22 51 26 16 34 62 7 46 8 65 81 44 39 53 68 16 83 37 61 48 24 54 21 20 42 39 10 26 46 36 79 39 11 31 55 0 87 25 67 48 114 103 93 85 81 80 83 89 98 109 105 92 81 72 67 66 70 77 88 100 96 82 70 60 53 52 57 66 78 91 89 74 60 48 40 39 45 56 69 84 84 68 52 38 27 25 34 47 63 79 82 64 47 31 15 12 26 42 59 76 81 64 47 29 13 8 24 41 59 76 83 66 50 34 22 20 30 45 61 78 87 72 57 44 35 33 40 52 67 82 94 79 66 55 48 47 52 62 74 89
68 42 84 75 73 123 90 113 92 81 146 65 107 79 121 102 5 107 28 72 64 40 87 69 68 108 89 67 77 84 144 65 89 72 119 87 0 89 21 47 29 26 33 46 61 77 94 111 128 145 18 12 24 40 57 74 91 109 126 143 15 6 22 39 56 74 91 108 125 143 23 19 28 43 59 76 92 109 127 144 35 33 39 50 65 80 96 113 129 146 49 47 51 60 73 87 102 117 133 150 63 61 64 72 82 95 109 123 139 155 77 75 78 84 93 104 117 131 145 160 91 89 92 97 105 115 126 139 153 167 105 104 105 110 117 126 137 148 161 175
25 48 6 20 19 41 19 27 31 44 63 31 20 32 45 34 85 18 62 30 30 50 4 27 27 20 15 24 26 14 61 27 14 18 35 25 89 0 69 44 113 99 86 74 66 61 61 66 74 86 106 91 76 63 53 47 47 53 64 77 101 84 69 54 41 34 34 42 55 69 97 80 63 47 32 20 21 33 48 64 95 78 61 43 26 10 11 27 44 62 96 78 61 44 28 13 14 29 45 62 98 81 65 49 35 26 26 36 50 66 103 87 71 58 46 39 39 46 58 72 109 94 80 68 58 53 53 58 68 80 116 102 90 79 71 66 66 71 79 90
48 22 64 55 54 104 70 93 72 65 127 46 87 61 102 83 17 86 8 54 44 21 67 48 49 88 69 46 59 64 125 45 69 52 99 67 21 69 0 27 47 38 36 41 52 66 81 97 113 130 38 26 21 30 44 59 76 93 110 127 33 16 8 22 39 56 73 91 108 125 33 16 9 22 39 56 73 91 108 125 39 26 22 30 44 60 76 93 110 127 48 39 37 42 53 66 81 97 113 130 60 53 51 54 63 75 88 103 118 134 72 66 65 68 75 85 97 110 125 140 85 80 79 81 87 96 107 119 133 147 99 94 93 95 100 108 117 129 141 155
27 6 38 34 27 77 49 67 55 42 100 20 61 36 76 64 42 61 20 28 26 7 42 30 23 62 47 24 33 38 99 19 47 27 73 48 47 44 27 0 70 56 45 39 40 48 60 74 89 105 63 47 34 25 27 38 52 68 85 101 59 42 26 12 16 31 48 65 82 99 58 41 24 8 13 30 47 64 81 99 61 45 30 20 22 35 50 67 83 100 67 52 40 34 35 44 57 72 87 104 75 62 53 47 48 55 66 79 93 109 84 74 66 61 62 67 76 88 101 115 95 86 79 75 76 80 88 98 110 123 107 98 92 89 90 93 100 109 120 132
94 65 107 101 96 143 117 135 119 95 165 85 130 97 139 130 33 129 54 91 91 63 112 95 89 131 115 92 97 105 164 87 115 95 140 114 29 113 47 70 0 18 35 52 70 87 104 122 139 156 15 23 38 54 71 88 105 122 140 157 29 34 45 60 75 91 108 125 142 159 43 47 55 68 82 97 113 129 145 162 58 60 67 77 90 104 119 134 150 166 72 74 80 88 99 112 126 140 156 171 86 88 93 100 110 122 134 148 162 177 100 102 106 112 121 132 144 156 170 184 115 116 119 125 133 143 154 166 179 192 129 130 133 138 145 154 164 176 188 201
82 52 93 89 81 127 104 119 108 78 149 70 115 80 122 118 28 115 43 75 79 50 98 83 73 116 102 79 81 90 148 72 102 81 124 103 26 99 38 56 18 0 18 35 52 70 87 104 122 139 23 15 23 38 54 71 88 105 122 140 34 29 34 45 60 75 91 108 125 142 47 43 46 55 67 82 97 112 129 145 60 57 60 67 77 90 104 118 134 150 74 72 73 79 88 99 112 126 140 155 88 86 87 92 100 110 121 134 148 162 102 100 101 105 112 121 131 143 156 170 116 114 115 119 125 133 142 153 165 178 130 128 129 132 138 145 154 164 175 187
72 42 80 78 67 111 93 105 99 61 133 56 100 64 106 108 33 100 37 60 70 39 85 74 59 101 91 68 66 76 132 59 91 68 108 93 33 86 36 45 35 18 0 18 35 52 70 87 104 122 38 23 15 23 38 54 71 88 105 122 45 34 29 34 45 60 75 91 108 125 55 46 43 46 55 67 81 97 112 129 67 60 57 60 67 77 90 104 118 134 80 73 71 73 79 88 99 112 126 140 93 87 85 87 92 99 109 121 134 148 106 101 99 101 105 112 121 131 143 156 119 115 114 115 118 124 132 142 153 165 133 129 128 129 132 137 144 153 163 175
65 38 69 70 56 95 85 91 92 45 117 44 87 49 90 101 45 88 40 47 64 35 74 67 47 88 82 60 52 63 116 48 81 58 94 85 46 74 41 39 52 35 18 0 18 35 52 70 87 104 54 38 23 15 23 38 54 71 88 105 60 45 34 29 33 45 59 75 91 108 68 55 46 43 46 55 67 81 97 112 77 67 60 57 59 66 77 89 103 118 88 79 73 71 73 79 88 99 112 125 100 92 87 85 87 91 99 109 121 134 112 105 101 99 100 105 111 120 131 143 125 119 115 113 114 118 124 132 141 152 138 132 129 127 128 131 137 144 153 163
62 41 61 66 48 81 79 78 88 30 102 37 76 37 74 96 59 76 48 37 62 39 66 65 40 77 76 56 41 53 101 42 75 51 80 81 61 66 52 40 70 52 35 18 0 18 35 52 70 87 71 54 38 23 15 23 38 54 71 88 75 60 45 33 29 33 45 59 75 91 82 67 55 46 43 46 55 67 81 96 90 77 67 59 57 59 66 77 89 103 99 88 79 73 71 73 78 87 99 111 110 100 92 87 85 86 91 99 109 120 121 112 105 100 99 100 104 111 120 130 133 125 118 114 113 114 117 123 131 141 145 138 132 128 127 127 131 136 143 152
64 51 57 66 46 68 77 68 88 18 87 37 67 29 60 94 75 68 61 33 65 49 63 68 39 68 74 58 36 47 87 43 72 50 68 80 77 61 66 48 87 70 52 35 18 0 18 35 52 70 88 71 54 38 23 14 23 38 54 71 91 75 60 45 33 28 33 45 59 75 97 82 67 55 46 42 46 55 67 81 104 90 77 66 59 56 59 66 76 89 112 99 88 79 73 70 72 78 87 98 122 110 99 91 86 84 86 91 98 108 132 121 112 105 100 98 99 104 110 119 143 133 124 118 114 112 113 117 123 131 154 145 137 131 127 126 127 130 135 143
71 64 58 71 50 57 79 61 91 20 74 45 62 31 47 95 91 63 75 38 73 63 63 74 45 62 75 65 38 48 74 51 74 54 59 83 94 61 81 60 104 87 70 52 35 18 0 18 35 52 105 88 71 54 38 23 14 23 38 54 108 91 75 59 45 33 28 33 45 59 113 97 81 67 55 46 42 46 54 67 119 104 90 77 66 59 56 59 66 76 126 112 99 88 78 72 70 72 78 87 134 121 109 99 91 86 84 85 90 98 144 131 121 111 104 99 98 99 103 110 154 142 132 124 117 113 112 113 116 122 164 154 144 137 131 127 125 126 130 135
80 78 64 79 60 50 85 58 96 33 63 57 61 41 39 99 108 63 91 49 83 78 69 84 56 62 81 75 47 54 64 62 79 63 54 89 111 66 97 74 122 104 87 70 52 35 18 0 18 35 122 105 88 71 54 38 23 14 23 38 125 108 91 75 59 45 33 28 33 45 129 112 97 81 67 55 46 42 45 54 134 118 104 89 77 66 59 56 58 65 140 126 112 99 87 78 72 70 72 77 148 134 121 109 99 91 85 83 85 90 156 143 131 120 111 104 99 97 99 103 166 153 142 132 123 117 113 111 112 116 176 164 153 144 136 130 126 125 126 129
92 94 74 90 72 48 93 61 105 48 55 72 65 55 37 106 125 68 107 63 96 94 78 95 70 66 89 87 60 64 56 76 88 76 55 98 128 74 113 89 139 122 104 87 70 52 35 18 0 18 140 122 105 88 71 54 38 23 14 23 142 125 108 91 75 59 45 33 28 33 145 129 112 97 81 67 54 45 42 45 150 134 118 103 89 76 66 58 55 58 156 140 126 112 99 87 78 72 69 71 162 148 134 121 109 98 90 85 83 85 170 156 143 131 120 110 103 99 97 98 179 165 153 141 131 123 116 112 110 112 188 175 163 153 143 135 130 126 124 125
106 110 86 103 86 53 104 68 115 65 51 87 74 70 43 115 142 76 123 78 109 110 89 109 85 74 100 101 75 77 54 91 99 89 60 109 145 86 130 105 156 139 122 104 87 70 52 35 18 0 157 140 122 105 88 71 54 38 23 14 159 142 125 108 91 75 59 45 33 28 162 145 129 112 96 81 67 54 45 42 166 150 134 118 103 89 76 65 58 55 171 155 140 125 111 98 87 77 71 69 177 162 148 134 120 108 98 90 85 83 184 170 156 143 130 119 110 103 98 96 192 178 165 152 141 131 122 116 112 110 201 187 175 163 152 143 135 129 125 124
85 58 100 93 90 139 108 129 109 94 162 80 124 93 136 120 22 123 45 87 82 56 104 86 84 125 107 84 93 100 160 81 106 89 135 105 18 106 38 63 15 23 38 54 71 88 105 122 140 157 0 18 35 52 70 87 104 122 139 156 15 23 38 54 71 88 105 122 140 157 29 34 45 60 75 91 108 125 142 159 43 47 55 68 82 97 113 129 145 162 58 60 67 77 90 104 119 134 150 166 72 74 80 88 99 112 126 140 156 171 86 88 93 100 110 122 134 148 162 177 100 102 106 112 121 132 144 156 170 184 115 116 119 125 133 143 154 166 179 192
71 43 85 79 74 122 94 113 97 76 145 64 108 76 119 107 14 107 31 70 68 41 89 73 67 109 93 69 76 84 143 65 92 73 118 92 12 91 26 47 23 15 23 38 54 71 88 105 122 140 18 0 18 35 52 70 87 104 122 139 23 15 23 38 54 71 88 105 122 140 34 29 34 45 60 75 91 108 125 142 47 43 46 55 67 82 97 112 129 145 60 57 60 67 77 90 104 118 134 150 74 72 73 79 88 99 112 126 140 155 88 86 87 92 100 110 121 134 148 162 102 100 101 105 112 121 131 143 156 170 116 114 115 119 125 133 142 153 165 178
60 30 71 67 59 105 82 98 87 59 128 48 93 59 102 97 22 92 23 54 57 27 75 62 51 93 80 57 59 68 127 50 80 59 102 81 24 76 21 34 38 23 15 23 38 54 71 88 105 122 35 18 0 18 35 52 70 87 104 122 38 23 15 23 38 54 71 88 105 122 45 34 29 34 45 60 75 91 108 125 55 46 43 46 55 67 81 97 112 129 67 60 57 60 67 77 90 104 118 134 80 73 71 73 79 88 99 112 126 140 93 87 85 87 92 99 109 121 134 148 106 101 99 101 105 112 121 131 143 156 119 115 114 115 118 124 132 142 153 165
51 24 58 57 45 89 72 82 79 42 112 34 78 43 85 88 38 78 27 38 50 21 63 54 37 79 70 47 44 54 111 37 69 46 86 72 40 63 30 25 54 38 23 15 23 38 54 71 88 105 52 35 18 0 18 35 52 70 87 104 54 38 23 15 23 38 54 71 88 105 60 45 34 29 33 45 59 75 91 108 68 55 46 43 46 55 67 81 97 112 77 67 60 57 59 66 77 89 103 118 88 79 73 71 73 79 88 99 112 125 100 92 87 85 87 91 99 109 121 134 112 105 101 99 100 105 111 120 131 143 125 119 115 113 114 118 124 132 141 152
48 29 48 52 35 73 66 68 74 25 96 24 65 27 68 82 54 65 39 25 48 27 54 51 26 66 63 42 30 41 95 29 62 37 71 67 57 53 44 27 71 54 38 23 15 23 38 54 71 88 70 52 35 18 0 18 35 52 70 87 71 54 38 23 15 23 38 54 71 88 75 60 45 33 29 33 45 59 75 91 82 67 55 46 43 46 55 67 81 96 90 77 67 59 57 59 66 77 89 103 99 88 79 73 71 73 78 87 99 111 110 100 92 87 85 86 91 99 109 120 121 112 105 100 99 100 104 111 120 130 133 125 118 114 113 114 117 123 131 141
51 41 43 53 32 59 63 56 74 8 80 24 54 16 52 80 71 55 54 19 52 41 49 54 25 55 60 45 22 34 79 30 58 36 58 66 74 47 59 38 88 71 54 38 23 14 23 38 54 71 87 70 52 35 18 0 18 35 52 70 88 71 54 38 23 14 23 38 54 71 91 75 60 45 33 28 33 45 59 75 97 82 67 55 46 42 46 55 67 81 104 90 77 66 59 56 59 66 76 89 112 99 88 79 73 70 72 78 87 98 122 110 99 91 86 84 86 91 98 108 132 121 112 105 100 98 99 104 110 119 143 133 124 118 114 112 113 117 123 131
59 57 45 59 38 46 66 48 77 11 65 35 48 19 38 81 88 50 70 27 61 56 50 62 34 49 62 53 26 34 65 40 60 42 47 70 91 47 76 52 105 88 71 54 38 23 14 23 38 54 104 87 70 52 35 18 0 18 35 52 105 88 71 54 38 23 14 23 38 54 108 91 75 59 45 33 28 33 45 59 113 97 81 67 55 46 42 46 54 67 119 104 90 77 66 59 56 59 66 76 126 112 99 88 78 72 70 72 78 87 134 121 109 99 91 86 84 85 90 98 144 131 121 111 104 99 98 99 103 110 154 142 132 124 117 113 112 113 116 122
70 73 53 68 50 37 72 44 84 28 52 50 47 33 26 86 105 49 86 41 73 73 56 73 48 48 68 65 38 43 52 54 67 53 40 77 109 53 93 68 122 105 88 71 54 38 23 14 23 38 122 104 87 70 52 35 18 0 18 35 122 105 88 71 54 38 23 14 23 38 125 108 91 75 59 45 33 28 33 45 129 112 97 81 67 55 46 42 45 54 134 118 104 89 77 66 59 56 58 65 140 126 112 99 87 78 72 70 72 77 148 134 121 109 99 91 85 83 85 90 156 143 131 120 111 104 99 97 99 103 166 153 142 132 123 117 113 111 112 116
84 89 64 81 64 35 82 48 94 46 42 66 53 49 24 94 122 55 103 57 87 89 67 87 64 53 78 79 54 55 43 69 77 67 41 88 126 64 110 85 140 122 105 88 71 54 38 23 14 23 139 122 104 87 70 52 35 18 0 18 140 122 105 88 71 54 38 23 14 23 142 125 108 91 75 59 45 33 28 33 145 129 112 97 81 67 54 45 42 45 150 134 118 103 89 76 66 58 55 58 156 140 126 112 99 87 78 72 69 71 162 148 134 121 109 98 90 85 83 85 170 156 143 131 120 110 103 99 97 98 179 165 153 141 131 123 116 112 110 112
98 106 78 95 79 41 94 56 105 63 38 82 63 66 32 104 140 65 120 74 102 106 80 101 80 63 90 94 70 70 40 85 89 83 48 100 143 77 127 101 157 140 122 105 88 71 54 38 23 14 156 139 122 104 87 70 52 35 18 0 157 140 122 105 88 71 54 38 23 14 159 142 125 108 91 75 59 45 33 28 162 145 129 112 96 81 67 54 45 42 166 150 134 118 103 89 76 65 58 55 171 155 140 125 111 98 87 77 71 69 177 162 148 134 120 108 98 90 85 83 184 170 156 143 130 119 110 103 98 96 192 178 165 152 141 131 122 116 112 110
78 54 95 85 86 136 100 125 100 94 159 78 119 92 134 111 18 118 40 85 74 53 99 78 81 120 99 78 90 96 157 77 99 84 131 96 15 101 33 59 29 34 45 60 75 91 108 125 142 159 15 23 38 54 71 88 105 122 140 157 0 18 35 52 70 87 104 122 139 156 15 23 38 54 71 88 105 122 140 157 29 34 45 60 75 91 108 125 142 159 43 47 55 68 82 97 113 129 145 162 58 60 67 77 90 104 119 134 150 166 72 74 80 88 99 112 126 140 156 171 86 88 93 100 110 122 134 148 162 177 100 102 106 112 121 132 144 156 170 184
63 37 79 70 69 119 85 109 87 77 142 61 102 75 117 97 2 102 23 68 59 36 82 63 64 103 84 62 73 79 140 60 84 68 114 82 6 84 16 42 34 29 34 45 60 75 91 108 125 142 23 15 23 38 54 71 88 105 122 140 18 0 18 35 52 70 87 104 122 139 23 15 23 38 54 71 88 105 122 140 34 29 34 45 60 75 91 108 125 142 47 43 46 55 67 82 97 112 129 145 60 57 60 67 77 90 104 118 134 150 74 72 73 79 88 99 112 126 140 155 88 86 87 92 100 110 121 134 148 162 102 100 101 105 112 121 131 143 156 170
49 21 63 56 52 102 72 92 75 60 125 43 86 58 99 85 18 86 10 51 46 19 67 50 47 87 70 47 56 63 123 43 70 52 97 70 22 69 8 26 45 34 29 34 45 60 75 91 108 125 38 23 15 23 38 54 71 88 105 122 35 18 0 18 35 52 70 87 104 122 38 23 15 23 38 54 71 88 105 122 45 34 29 34 45 60 75 91 108 125 55 46 43 46 55 67 81 97 112 129 67 60 57 60 67 77 90 104 118 134 80 73 71 73 79 88 99 112 126 140 93 87 85 87 92 99 109 121 134 148 106 101 99 101 105 112 121 131 143 156
39 10 48 45 37 85 60 76 66 43 108 27 71 40 82 75 35 70 16 34 37 7 53 41 30 71 58 35 39 46 106 28 58 36 81 60 39 54 22 12 60 45 34 29 33 45 59 75 91 108 54 38 23 15 23 38 54 71 88 105 52 35 18 0 18 35 52 70 87 104 54 38 23 15 23 38 54 71 88 105 60 45 34 29 33 45 59 75 91 108 68 55 46 43 46 55 67 81 97 112 77 67 60 57 59 66 77 89 103 118 88 79 73 71 73 79 88 99 112 125 100 92 87 85 87 91 99 109 121 134 112 105 101 99 100 105 111 120 131 143
34 19 36 38 23 68 52 60 61 27 91 11 56 23 65 69 53 56 32 17 34 19 41 37 15 57 49 28 22 31 90 15 48 25 65 53 56 41 39 16 75 60 45 33 29 33 45 59 75 91 71 54 38 23 15 23 38 54 71 88 70 52 35 18 0 18 35 52 70 87 71 54 38 23 15 23 38 54 71 88 75 60 45 33 29 33 45 59 75 91 82 67 55 46 43 46 55 67 81 96 90 77 67 59 57 59 66 77 89 103 99 88 79 73 71 73 78 87 99 111 110 100 92 87 85 86 91 99 109 120 121 112 105 100 99 100 104 111 120 130
38 36 29 39 19 52 49 46 60 14 74 13 43 6 48 66 70 44 49 5 40 36 35 41 12 44 46 32 8 20 73 18 44 22 49 52 74 34 56 31 91 75 60 45 33 28 33 45 59 75 88 71 54 38 23 14 23 38 54 71 87 70 52 35 18 0 18 35 52 70 88 71 54 38 23 14 23 38 54 71 91 75 60 45 33 28 33 45 59 75 97 82 67 55 46 42 46 55 67 81 104 90 77 66 59 56 59 66 76 89 112 99 88 79 73 70 72 78 87 98 122 110 99 91 86 84 86 91 98 108 132 121 112 105 100 98 99 104 110 119
48 52 32 47 28 37 52 35 64 16 58 29 35 13 31 67 87 36 66 20 51 53 36 51 26 35 48 43 16 21 57 32 47 31 36 57 91 34 73 48 108 91 75 59 45 33 28 33 45 59 105 88 71 54 38 23 14 23 38 54 104 87 70 52 35 18 0 18 35 52 105 88 71 54 38 23 14 23 38 54 108 91 75 59 45 33 28 33 45 59 113 97 81 67 55 46 42 46 54 67 119 104 90 77 66 59 56 59 66 76 126 112 99 88 78 72 70 72 78 87 134 121 109 99 91 86 84 85 90 98 144 131 121 111 104 99 98 99 103 110
62 70 42 59 42 24 60 30 72 31 43 45 34 30 15 73 105 36 84 37 65 70 45 65 43 34 57 57 33 33 43 48 55 46 27 66 108 42 91 65 125 108 91 75 59 45 33 28 33 45 122 105 88 71 54 38 23 14 23 38 122 104 87 70 52 35 18 0 18 35 122 105 88 71 54 38 23 14 23 38 125 108 91 75 59 45 33 28 33 45 129 112 97 81 67 55 46 42 45 54 134 118 104 89 77 66 59 56 58 65 140 126 112 99 87 78 72 70 72 77 148 134 121 109 99 91 85 83 85 90 156 143 131 120 111 104 99 97 99 103
77 87 56 73 58 21 72 35 83 47 30 63 41 47 11 82 122 43 101 54 81 87 58 79 60 41 68 73 50 49 31 65 67 61 28 78 125 55 108 82 142 125 108 91 75 59 45 33 28 33 140 122 105 88 71 54 38 23 14 23 139 122 104 87 70 52 35 18 0 18 140 122 105 88 71 54 38 23 14 23 142 125 108 91 75 59 45 33 28 33 145 129 112 97 81 67 54 45 42 45 150 134 118 103 89 76 66 58 55 58 156 140 126 112 99 87 78 72 69 71 162 148 134 121 109 98 90 85 83 85 170 156 143 131 120 110 103 99 97 98
93 104 72 88 75 30 85 46 96 64 24 80 53 64 25 94 139 56 118 72 97 104 73 95 77 53 82 89 67 65 27 82 81 78 38 91 143 69 125 99 159 142 125 108 91 75 59 45 33 28 157 140 122 105 88 71 54 38 23 14 156 139 122 104 87 70 52 35 18 0 157 140 122 105 88 71 54 38 23 14 159 142 125 108 91 75 59 45 33 28 162 145 129 112 96 81 67 54 45 42 166 150 134 118 103 89 76 65 58 55 171 155 140 125 111 98 87 77 71 69 177 162 148 134 120 108 98 90 85 83 184 170 156 143 130 119 110 103 98 96
73 53 92 80 84 134 94 123 92 97 157 78 116 93 134 103 23 115 39 86 69 53 95 73 80 117 94 74 90 95 155 76 94 82 129 89 23 97 33 58 43 47 55 68 82 97 113 129 145 162 29 34 45 60 75 91 108 125 142 159 15 23 38 54 71 88 105 122 140 157 0 18 35 52 70 87 104 122 139 156 15 23 38 54 71 88 105 122 140 157 29 34 45 60 75 91 108 125 142 159 43 47 55 68 82 97 113 129 145 162 58 60 67 77 90 104 119 134 150 166 72 74 80 88 99 112 126 140 156 171 86 88 93 100 110 122 134 148 162 177
56 36 75 64 67 117 78 105 78 81 140 60 99 76 116 88 16 98 22 69 53 36 78 56 63 100 77 57 73 77 138 59 78 65 112 74 19 80 16 41 47 43 46 55 67 82 97 112 129 145 34 29 34 45 60 75 91 108 125 142 23 15 23 38 54 71 88 105 122 140 18 0 18 35 52 70 87 104 122 139 23 15 23 38 54 71 88 105 122 140 34 29 34 45 60 75 91 108 125 142 47 43 46 55 67 82 97 112 129 145 60 57 60 67 77 90 104 118 134 150 74 72 73 79 88 99 112 126 140 155 88 86 87 92 100 110 121 134 148 162
41 19 58 48 49 100 63 88 64 65 123 43 82 59 99 75 24 81 7 51 37 19 61 41 46 83 62 40 56 60 121 41 62 48 95 60 28 63 9 24 55 46 43 46 55 67 81 97 112 129 45 34 29 34 45 60 75 91 108 125 38 23 15 23 38 54 71 88 105 122 35 18 0 18 35 52 70 87 104 122 38 23 15 23 38 54 71 88 105 122 45 34 29 34 45 60 75 91 108 125 55 46 43 46 55 67 81 97 112 129 67 60 57 60 67 77 90 104 118 134 80 73 71 73 79 88 99 112 126 140 93 87 85 87 92 99 109 121 134 148
27 6 42 34 32 83 50 71 54 49 106 26 65 43 82 64 38 64 15 35 24 8 45 28 29 66 48 25 39 43 104 24 48 31 78 48 43 47 22 8 68 55 46 43 46 55 67 81 97 112 60 45 34 29 33 45 59 75 91 108 54 38 23 15 23 38 54 71 88 105 52 35 18 0 18 35 52 70 87 104 54 38 23 15 23 38 54 71 88 105 60 45 34 29 33 45 59 75 91 108 68 55 46 43 46 55 67 81 97 112 77 67 60 57 59 66 77 89 103 118 88 79 73 71 73 79 88 99 112 125 100 92 87 85 87 91 99 109 121 134
20 18 26 25 15 65 39 55 47 36 88 10 49 27 65 55 55 48 32 19 20 19 31 23 12 50 37 15 22 26 87 7 36 14 61 40 59 32 39 13 82 67 55 46 43 46 55 67 81 96 75 60 45 33 29 33 45 59 75 91 71 54 38 23 15 23 38 54 71 88 70 52 35 18 0 18 35 52 70 87 71 54 38 23 15 23 38 54 71 88 75 60 45 33 29 33 45 59 75 91 82 67 55 46 43 46 55 67 81 96 90 77 67 59 57 59 66 77 89 103 99 88 79 73 71 73 78 87 99 111 110 100 92 87 85 86 91 99 109 120
26 35 15 26 5 48 36 39 46 27 71 12 34 15 47 52 72 34 49 10 29 36 21 29 9 35 32 21 8 9 70 12 31 9 44 39 76 20 56 30 97 82 67 55 46 42 46 55 67 81 91 75 60 45 33 28 33 45 59 75 88 71 54 38 23 14 23 38 54 71 87 70 52 35 18 0 18 35 52 70 88 71 54 38 23 14 23 38 54 71 91 75 60 45 33 28 33 45 59 75 97 82 67 55 46 42 46 55 67 81 104 90 77 66 59 56 59 66 76 89 112 99 88 79 73 70 72 78 87 98 122 110 99 91 86 84 86 91 98 108
40 52 20 37 21 31 40 24 51 28 54 28 22 19 30 54 89 23 66 22 43 53 24 43 25 23 36 35 16 11 53 29 34 24 27 45 92 21 73 47 113 97 81 67 55 46 42 46 54 67 108 91 75 59 45 33 28 33 45 59 105 88 71 54 38 23 14 23 38 54 104 87 70 52 35 18 0 18 35 52 105 88 71 54 38 23 14 23 38 54 108 91 75 59 45 33 28 33 45 59 113 97 81 67 55 46 42 46 54 67 119 104 90 77 66 59 56 59 66 76 126 112 99 88 78 72 70 72 78 87 134 121 109 99 91 86 84 85 90 98
55 69 34 51 39 15 50 17 62 38 37 45 20 33 13 61 106 23 83 38 59 70 36 58 42 21 46 52 33 28 36 46 45 41 14 56 109 33 91 64 129 112 97 81 67 55 46 42 45 54 125 108 91 75 59 45 33 28 33 45 122 105 88 71 54 38 23 14 23 38 122 104 87 70 52 35 18 0 18 35 122 105 88 71 54 38 23 14 23 38 125 108 91 75 59 45 33 28 33 45 129 112 97 81 67 55 46 42 45 54 134 118 104 89 77 66 59 56 58 65 140 126 112 99 87 78 72 70 72 77 148 134 121 109 99 91 85 83 85 90
72 86 51 67 56 8 63 24 74 52 21 62 31 49 8 72 123 34 101 55 76 87 51 74 59 31 60 68 50 45 21 63 59 58 16 69 127 48 108 81 145 129 112 97 81 67 54 45 42 45 142 125 108 91 75 59 45 33 28 33 140 122 105 88 71 54 38 23 14 23 139 122 104 87 70 52 35 18 0 18 140 122 105 88 71 54 38 23 14 23 142 125 108 91 75 59 45 33 28 33 145 129 112 97 81 67 54 45 42 45 150 134 118 103 89 76 66 58 55 58 156 140 126 112 99 87 78 72 69 71 162 148 134 121 109 98 90 85 83 85
89 104 67 83 73 23 78 39 89 68 10 80 46 66 24 85 140 48 118 72 93 105 67 91 77 46 75 85 67 62 13 81 74 75 31 84 144 64 125 99 162 145 129 112 96 81 67 54 45 42 159 142 125 108 91 75 59 45 33 28 157 140 122 105 88 71 54 38 23 14 156 139 122 104 87 70 52 35 18 0 157 140 122 105 88 71 54 38 23 14 159 142 125 108 91 75 59 45 33 28 162 145 129 112 96 81 67 54 45 42 166 150 134 118 103 89 76 65 58 55 171 155 140 125 111 98 87 77 71 69 177 162 148 134 120 108 98 90 85 83
70 57 91 77 84 134 89 121 86 102 157 80 114 96 135 96 35 113 44 88 66 57 93 69 82 115 90 72 93 95 155 77 90 82 129 84 35 95 39 61 58 60 67 77 90 104 119 134 150 166 43 47 55 68 82 97 113 129 145 162 29 34 45 60 75 91 108 125 142 159 15 23 38 54 71 88 105 122 140 157 0 18 35 52 70 87 104 122 139 156 15 23 38 54 71 88 105 122 140 157 29 34 45 60 75 91 108 125 142 159 43 47 55 68 82 97 113 129 145 162 58 60 67 77 90 104 119 134 150 166 72 74 80 88 99 112 126 140 156 171
53 41 74 60 67 117 73 104 70 86 140 63 97 80 118 81 30 96 30 72 49 41 75 52 66 98 73 55 76 78 138 60 73 65 111 68 33 78 26 45 60 57 60 67 77 90 104 118 134 150 47 43 46 55 67 82 97 112 129 145 34 29 34 45 60 75 91 108 125 142 23 15 23 38 54 71 88 105 122 140 18 0 18 35 52 70 87 104 122 139 23 15 23 38 54 71 88 105 122 140 34 29 34 45 60 75 91 108 125 142 47 43 46 55 67 82 97 112 129 145 60 57 60 67 77 90 104 118 134 150 74 72 73 79 88 99 112 126 140 155
36 27 56 43 50 100 56 87 55 71 122 47 80 64 101 66 35 79 21 56 32 28 58 35 49 81 56 38 59 61 120 44 57 48 94 52 39 61 22 30 67 60 57 60 67 77 90 104 118 134 55 46 43 46 55 67 81 97 112 129 45 34 29 34 45 60 75 91 108 125 38 23 15 23 38 54 71 88 105 122 35 18 0 18 35 52 70 87 104 122 38 23 15 23 38 54 71 88 105 122 45 34 29 34 45 60 75 91 108 125 55 46 43 46 55 67 81 97 112 129 67 60 57 60 67 77 90 104 118 134 80 73 71 73 79 88 99 112 126 140
19 20 39 26 33 83 41 70 42 58 105 33 63 49 84 53 46 61 24 41 15 22 41 19 34 63 40 20 44 44 103 28 40 31 77 38 50 43 30 20 77 67 60 57 59 66 77 89 103 118 68 55 46 43 46 55 67 81 97 112 60 45 34 29 33 45 59 75 91 108 54 38 23 15 23 38 54 71 88 105 52 35 18 0 18 35 52 70 87 104 54 38 23 15 23 38 54 71 88 105 60 45 34 29 33 45 59 75 91 108 68 55 46 43 46 55 67 81 97 112 77 67 60 57 59 66 77 89 103 118 88 79 73 71 73 79 88 99 112 125
6 26 22 12 18 66 28 52 33 47 88 22 45 36 67 42 60 44 37 29 7 28 24 9 22 46 26 3 30 27 86 16 25 14 59 27 65 26 44 22 90 77 67 59 57 59 66 77 89 103 82 67 55 46 43 46 55 67 81 96 75 60 45 33 29 33 45 59 75 91 71 54 38 23 15 23 38 54 71 88 70 52 35 18 0 18 35 52 70 87 71 54 38 23 15 23 38 54 71 88 75 60 45 33 29 33 45 59 75 91 82 67 55 46 43 46 55 67 81 96 90 77 67 59 57 59 66 77 89 103 99 88 79 73 71 73 78 87 99 111
18 39 4 14 11 48 22 35 32 41 71 23 28 29 51 38 76 27 52 24 22 41 9 21 20 29 18 15 22 13 68 19 17 9 42 25 80 10 60 35 104 90 77 66 59 56 59 66 76 89 97 82 67 55 46 42 46 55 67 81 91 75 60 45 33 28 33 45 59 75 88 71 54 38 23 14 23 38 54 71 87 70 52 35 18 0 18 35 52 70 88 71 54 38 23 14 23 38 54 71 91 75 60 45 33 28 33 45 59 75 97 82 67 55 46 42 46 55 67 81 104 90 77 66 59 56 59 66 76 89 112 99 88 79 73 70 72 78 87 98
35 55 14 30 23 31 28 18 40 41 53 34 12 31 35 41 92 11 69 31 39 57 14 37 31 13 24 32 26 14 51 32 23 24 25 34 96 11 76 50 119 104 90 77 66 59 56 59 66 76 113 97 81 67 55 46 42 46 54 67 108 91 75 59 45 33 28 33 45 59 105 88 71 54 38 23 14 23 38 54 104 87 70 52 35 18 0 18 35 52 105 88 71 54 38 23 14 23 38 54 108 91 75 59 45 33 28 33 45 59 113 97 81 67 55 46 42 46 54 67 119 104 90 77 66 59 56 59 66 76 126 112 99 88 78 72 70 72 78 87
52 72 31 46 40 15 41 3 52 49 36 49 9 41 23 50 108 11 85 44 56 73 30 54 46 9 38 50 38 29 34 48 37 41 8 47 113 27 93 67 134 118 104 89 77 66 59 56 58 65 129 112 97 81 67 55 46 42 45 54 125 108 91 75 59 45 33 28 33 45 122 105 88 71 54 38 23 14 23 38 122 104 87 70 52 35 18 0 18 35 122 105 88 71 54 38 23 14 23 38 125 108 91 75 59 45 33 28 33 45 129 112 97 81 67 55 46 42 45 54 134 118 104 89 77 66 59 56 58 65 140 126 112 99 87 78 72 70 72 77
69 88 49 63 57 9 57 18 67 60 19 65 26 55 20 63 125 27 102 59 74 90 48 71 62 25 54 67 53 46 17 65 53 58 11 63 129 44 110 83 150 134 118 103 89 76 66 58 55 58 145 129 112 97 81 67 54 45 42 45 142 125 108 91 75 59 45 33 28 33 140 122 105 88 71 54 38 23 14 23 139 122 104 87 70 52 35 18 0 18 140 122 105 88 71 54 38 23 14 23 142 125 108 91 75 59 45 33 28 33 145 129 112 97 81 67 54 45 42 45 150 134 118 103 89 76 66 58 55 58 156 140 126 112 99 87 78 72 69 71
87 105 66 81 74 24 73 35 83 74 4 82 43 70 30 77 142 44 119 75 91 106 65 88 79 42 71 84 70 63 2 82 70 75 28 79 146 62 127 100 166 150 134 118 103 89 76 65 58 55 162 145 129 112 96 81 67 54 45 42 159 142 125 108 91 75 59 45 33 28 157 140 122 105 88 71 54 38 23 14 156 139 122 104 87 70 52 35 18 0 157 140 122 105 88 71 54 38 23 14 159 142 125 108 91 75 59 45 33 28 162 145 129 112 96 81 67 54 45 42 166 150 134 118 103 89 76 65 58 55 171 155 140 125 111 98 87 77 71 69
71 63 92 77 87 136 87 122 82 108 158 85 115 101 138 92 47 113 52 93 67 64 93 69 87 115 88 74 97 97 156 81 89 84 130 82 49 96 48 67 72 74 80 88 99 112 126 140 156 171 58 60 67 77 90 104 119 134 150 166 43 47 55 68 82 97 113 129 145 162 29 34 45 60 75 91 108 125 142 159 15 23 38 54 71 88 105 122 140 157 0 18 35 52 70 87 104 122 139 156 15 23 38 54 71 88 105 122 140 157 29 34 45 60 75 91 108 125 142 159 43 47 55 68 82 97 113 129 145 162 58 60 67 77 90 104 119 134 150 166
54 49 75 60 71 119 70 105 65 94 141 69 97 86 121 75 44 96 41 78 49 50 75 52 71 98 71 57 81 81 138 65 71 68 112 64 47 78 39 52 74 72 73 79 88 99 112 126 140 155 60 57 60 67 77 90 104 118 134 150 47 43 46 55 67 82 97 112 129 145 34 29 34 45 60 75 91 108 125 142 23 15 23 38 54 71 88 105 122 140 18 0 18 35 52 70 87 104 122 139 23 15 23 38 54 71 88 105 122 140 34 29 34 45 60 75 91 108 125 142 47 43 46 55 67 82 97 112 129 145 60 57 60 67 77 90 104 118 134 150
37 38 58 42 55 102 52 88 49 80 124 55 80 71 104 59 47 79 35 63 33 40 58 35 56 81 54 40 66 64 121 50 54 52 95 47 51 61 37 40 80 73 71 73 79 88 99 112 126 140 67 60 57 60 67 77 90 104 118 134 55 46 43 46 55 67 81 97 112 129 45 34 29 34 45 60 75 91 108 125 38 23 15 23 38 54 71 88 105 122 35 18 0 18 35 52 70 87 104 122 38 23 15 23 38 54 71 88 105 122 45 34 29 34 45 60 75 91 108 125 55 46 43 46 55 67 81 97 112 129 67 60 57 60 67 77 90 104 118 134
20 34 41 25 40 85 35 71 33 68 107 43 63 58 88 44 56 61 37 50 17 36 41 18 43 64 36 25 52 49 104 38 37 37 78 31 60 44 42 34 88 79 73 71 73 79 88 99 112 125 77 67 60 57 59 66 77 89 103 118 68 55 46 43 46 55 67 81 97 112 60 45 34 29 33 45 59 75 91 108 54 38 23 15 23 38 54 71 88 105 52 35 18 0 18 35 52 70 87 104 54 38 23 15 23 38 54 71 88 105 60 45 34 29 33 45 59 75 91 108 68 55 46 43 46 55 67 81 97 112 77 67 60 57 59 66 77 89 103 118
9 37 26 9 28 69 19 54 21 59 90 36 46 48 72 31 68 44 46 41 10 40 24 6 35 47 19 15 41 35 87 30 20 25 61 15 73 28 53 35 99 88 79 73 71 73 78 87 99 111 90 77 67 59 57 59 66 77 89 103 82 67 55 46 43 46 55 67 81 96 75 60 45 33 29 33 45 59 75 91 71 54 38 23 15 23 38 54 71 88 70 52 35 18 0 18 35 52 70 87 71 54 38 23 15 23 38 54 71 88 75 60 45 33 29 33 45 59 75 91 82 67 55 46 43 46 55 67 81 96 90 77 67 59 57 59 66 77 89 103
19 48 15 12 25 52 8 37 19 54 73 36 29 42 57 24 82 27 59 38 23 50 10 19 33 30 4 21 35 25 70 31 3 22 45 12 87 13 66 44 112 99 88 79 73 70 72 78 87 98 104 90 77 66 59 56 59 66 76 89 97 82 67 55 46 42 46 55 67 81 91 75 60 45 33 28 33 45 59 75 88 71 54 38 23 14 23 38 54 71 87 70 52 35 18 0 18 35 52 70 88 71 54 38 23 14 23 38 54 71 91 75 60 45 33 28 33 45 59 75 97 82 67 55 46 42 46 55 67 81 104 90 77 66 59 56 59 66 76 89
36 61 20 29 32 37 20 21 30 55 56 44 14 44 44 29 97 12 74 42 40 63 15 36 41 14 17 35 38 26 53 41 16 31 29 26 102 14 81 57 126 112 99 88 78 72 70 72 78 87 119 104 90 77 66 59 56 59 66 76 113 97 81 67 55 46 42 46 54 67 108 91 75 59 45 33 28 33 45 59 105 88 71 54 38 23 14 23 38 54 104 87 70 52 35 18 0 18 35 52 105 88 71 54 38 23 14 23 38 54 108 91 75 59 45 33 28 33 45 59 113 97 81 67 55 46 42 46 54 67 119 104 90 77 66 59 56 59 66 76
53 76 34 46 45 25 36 12 45 61 40 56 12 51 35 41 113 12 90 52 57 78 31 54 53 11 34 52 47 36 37 54 33 46 18 42 117 29 97 72 140 126 112 99 87 78 72 70 72 77 134 118 104 89 77 66 59 56 58 65 129 112 97 81 67 55 46 42 45 54 125 108 91 75 59 45 33 28 33 45 122 105 88 71 54 38 23 14 23 38 122 104 87 70 52 35 18 0 18 35 122 105 88 71 54 38 23 14 23 38 125 108 91 75 59 45 33 28 33 45 129 112 97 81 67 55 46 42 45 54 134 118 104 89 77 66 59 56 58 65
70 92 50 63 61 22 53 21 62 70 26 71 27 63 33 56 129 27 106 66 74 94 48 71 67 26 51 69 60 51 22 70 51 61 19 59 133 45 113 87 156 140 126 112 99 87 78 72 69 71 150 134 118 103 89 76 66 58 55 58 145 129 112 97 81 67 54 45 42 45 142 125 108 91 75 59 45 33 28 33 140 122 105 88 71 54 38 23 14 23 139 122 104 87 70 52 35 18 0 18 140 122 105 88 71 54 38 23 14 23 142 125 108 91 75 59 45 33 28 33 145 129 112 97 81 67 54 45 42 45 150 134 118 103 89 76 66 58 55 58
87 109 67 80 77 31 70 37 78 82 18 86 43 77 40 72 146 44 122 81 91 110 65 88 83 43 69 86 75 67 16 86 68 78 32 76 150 62 130 104 171 155 140 125 111 98 87 77 71 69 166 150 134 118 103 89 76 65 58 55 162 145 129 112 96 81 67 54 45 42 159 142 125 108 91 75 59 45 33 28 157 140 122 105 88 71 54 38 23 14 156 139 122 104 87 70 52 35 18 0 157 140 122 105 88 71 54 38 23 14 159 142 125 108 91 75 59 45 33 28 162 145 129 112 96 81 67 54 45 42 166 150 134 118 103 89 76 65 58 55
74 71 95 79 92 139 87 124 80 116 160 91 117 108 142 89 61 115 62 100 70 73 95 72 93 117 89 78 103 102 158 87 90 89 132 81 63 98 60 75 86 88 93 100 110 122 134 148 162 177 72 74 80 88 99 112 126 140 156 171 58 60 67 77 90 104 119 134 150 166 43 47 55 68 82 97 113 129 145 162 29 34 45 60 75 91 108 125 142 159 15 23 38 54 71 88 105 122 140 157 0 18 35 52 70 87 104 122 139 156 15 23 38 54 71 88 105 122 140 157 29 34 45 60 75 91 108 125 142 159 43 47 55 68 82 97 113 129 145 162
58 60 79 62 77 122 70 107 63 102 143 77 100 94 125 72 58 98 53 85 54 61 78 55 78 100 72 62 88 86 141 73 72 73 115 64 61 81 53 62 88 86 87 92 100 110 121 134 148 162 74 72 73 79 88 99 112 126 140 155 60 57 60 67 77 90 104 118 134 150 47 43 46 55 67 82 97 112 129 145 34 29 34 45 60 75 91 108 125 142 23 15 23 38 54 71 88 105 122 140 18 0 18 35 52 70 87 104 122 139 23 15 23 38 54 71 88 105 122 140 34 29 34 45 60 75 91 108 125 142 47 43 46 55 67 82 97 112 129 145
42 51 63 46 62 106 52 91 46 90 126 65 83 80 110 55 61 81 49 72 39 53 62 39 65 84 54 47 74 71 124 60 55 59 99 47 64 65 51 53 93 87 85 87 92 99 109 121 134 148 80 73 71 73 79 88 99 112 126 140 67 60 57 60 67 77 90 104 118 134 55 46 43 46 55 67 81 97 112 129 45 34 29 34 45 60 75 91 108 125 38 23 15 23 38 54 71 88 105 122 35 18 0 18 35 52 70 87 104 122 38 23 15 23 38 54 71 88 105 122 45 34 29 34 45 60 75 91 108 125 55 46 43 46 55 67 81 97 112 129
29 48 48 31 50 90 35 74 28 80 110 55 67 69 94 38 68 65 50 61 27 50 46 26 55 67 38 35 62 57 107 49 39 46 82 29 72 49 54 47 100 92 87 85 87 91 99 109 121 134 88 79 73 71 73 79 88 99 112 125 77 67 60 57 59 66 77 89 103 118 68 55 46 43 46 55 67 81 97 112 60 45 34 29 33 45 59 75 91 108 54 38 23 15 23 38 54 71 88 105 52 35 18 0 18 35 52 70 87 104 54 38 23 15 23 38 54 71 88 105 60 45 34 29 33 45 59 75 91 108 68 55 46 43 46 55 67 81 97 112
23 50 35 21 41 74 19 58 11 72 93 49 51 61 80 22 78 49 57 54 23 53 32 20 48 51 22 29 53 45 91 44 23 38 66 13 82 35 63 48 110 100 92 87 85 86 91 99 109 120 99 88 79 73 71 73 78 87 99 111 90 77 67 59 57 59 66 77 89 103 82 67 55 46 43 46 55 67 81 96 75 60 45 33 29 33 45 59 75 91 71 54 38 23 15 23 38 54 71 88 70 52 35 18 0 18 35 52 70 87 71 54 38 23 15 23 38 54 71 88 75 60 45 33 29 33 45 59 75 91 82 67 55 46 43 46 55 67 81 96
29 58 28 22 39 60 7 43 8 68 77 50 36 56 66 10 91 34 68 52 31 61 23 27 47 36 11 32 49 39 74 44 12 36 52 8 95 26 75 55 122 110 99 91 86 84 86 91 98 108 112 99 88 79 73 70 72 78 87 98 104 90 77 66 59 56 59 66 76 89 97 82 67 55 46 42 46 55 67 81 91 75 60 45 33 28 33 45 59 75 88 71 54 38 23 14 23 38 54 71 87 70 52 35 18 0 18 35 52 70 88 71 54 38 23 14 23 38 54 71 91 75 60 45 33 28 33 45 59 75 97 82 67 55 46 42 46 55 67 81
41 70 31 34 44 47 19 31 25 69 62 56 26 57 55 19 104 23 81 55 45 72 25 41 53 25 20 43 51 39 59 52 20 42 39 24 109 26 88 66 134 121 109 99 91 86 84 85 90 98 126 112 99 88 78 72 70 72 78 87 119 104 90 77 66 59 56 59 66 76 113 97 81 67 55 46 42 46 54 67 108 91 75 59 45 33 28 33 45 59 105 88 71 54 38 23 14 23 38 54 104 87 70 52 35 18 0 18 35 52 105 88 71 54 38 23 14 23 38 54 108 91 75 59 45 33 28 33 45 59 113 97 81 67 55 46 42 46 54 67
57 83 42 49 54 38 36 26 42 73 48 66 25 63 48 35 119 23 96 63 60 85 37 57 62 24 36 57 58 47 45 63 35 54 31 41 123 36 103 79 148 134 121 109 99 91 85 83 85 90 140 126 112 99 87 78 72 70 72 77 134 118 104 89 77 66 59 56 58 65 129 112 97 81 67 55 46 42 45 54 125 108 91 75 59 45 33 28 33 45 122 105 88 71 54 38 23 14 23 38 122 104 87 70 52 35 18 0 18 35 122 105 88 71 54 38 23 14 23 38 125 108 91 75 59 45 33 28 33 45 129 112 97 81 67 55 46 42 45 54
73 98 56 65 67 36 53 31 59 81 37 78 34 73 47 52 135 34 111 74 77 100 52 73 75 33 52 73 69 58 33 76 52 67 32 59 139 50 118 93 162 148 134 121 109 98 90 85 83 85 156 140 126 112 99 87 78 72 69 71 150 134 118 103 89 76 66 58 55 58 145 129 112 97 81 67 54 45 42 45 142 125 108 91 75 59 45 33 28 33 140 122 105 88 71 54 38 23 14 23 139 122 104 87 70 52 35 18 0 18 140 122 105 88 71 54 38 23 14 23 142 125 108 91 75 59 45 33 28 33 145 129 112 97 81 67 54 45 42 45
89 114 71 82 82 42 70 43 77 92 32 93 48 85 52 69 150 49 127 88 93 115 68 90 89 47 69 89 82 73 29 91 69 83 41 76 155 66 134 109 177 162 148 134 120 108 98 90 85 83 171 155 140 125 111 98 87 77 71 69 166 150 134 118 103 89 76 65 58 55 162 145 129 112 96 81 67 54 45 42 159 142 125 108 91 75 59 45 33 28 157 140 122 105 88 71 54 38 23 14 156 139 122 104 87 70 52 35 18 0 157 140 122 105 88 71 54 38 23 14 159 142 125 108 91 75 59 45 33 28 162 145 129 112 96 81 67 54 45 42
79 82 100 84 99 143 89 128 81 125 164 100 120 116 147 89 75 118 74 108 76 83 99 77 101 121 91 84 110 108 161 95 93 96 136 83 77 103 72 84 100 102 106 112 121 132 144 156 170 184 86 88 93 100 110 122 134 148 162 177 72 74 80 88 99 112 126 140 156 171 58 60 67 77 90 104 119 134 150 166 43 47 55 68 82 97 113 129 145 162 29 34 45 60 75 91 108 125 142 159 15 23 38 54 71 88 105 122 140 157 0 18 35 52 70 87 104 122 139 156 15 23 38 54 71 88 105 122 140 157 29 34 45 60 75 91 108 125 142 159
65 72 85 68 85 127 72 112 64 112 147 87 104 103 131 72 73 102 66 95 61 73 83 62 88 104 75 70 97 93 144 82 76 81 120 66 75 87 66 74 102 100 101 105 112 121 131 143 156 170 88 86 87 92 100 110 121 134 148 162 74 72 73 79 88 99 112 126 140 155 60 57 60 67 77 90 104 118 134 150 47 43 46 55 67 82 97 112 129 145 34 29 34 45 60 75 91 108 125 142 23 15 23 38 54 71 88 105 122 140 18 0 18 35 52 70 87 104 122 139 23 15 23 38 54 71 88 105 122 140 34 29 34 45 60 75 91 108 125 142
51 65 70 54 72 111 56 96 47 101 131 76 88 91 116 54 75 86 63 83 49 67 68 48 76 88 59 57 84 79 128 71 60 68 104 50 78 71 65 66 106 101 99 101 105 112 121 131 143 156 93 87 85 87 92 99 109 121 134 148 80 73 71 73 79 88 99 112 126 140 67 60 57 60 67 77 90 104 118 134 55 46 43 46 55 67 81 97 112 129 45 34 29 34 45 60 75 91 108 125 38 23 15 23 38 54 71 88 105 122 35 18 0 18 35 52 70 87 104 122 38 23 15 23 38 54 71 88 105 122 45 34 29 34 45 60 75 91 108 125
41 62 57 41 61 96 41 80 30 92 115 68 73 81 102 37 80 71 64 74 40 64 54 38 67 73 44 47 74 67 112 62 45 58 88 34 84 58 68 61 112 105 101 99 100 105 111 120 131 143 100 92 87 85 87 91 99 109 121 134 88 79 73 71 73 79 88 99 112 125 77 67 60 57 59 66 77 89 103 118 68 55 46 43 46 55 67 81 97 112 60 45 34 29 33 45 59 75 91 108 54 38 23 15 23 38 54 71 88 105 52 35 18 0 18 35 52 70 87 104 54 38 23 15 23 38 54 71 88 105 60 45 34 29 33 45 59 75 91 108
37 64 47 34 55 82 27 66 16 85 99 63 58 74 88 20 89 56 70 68 37 66 43 34 62 59 31 43 67 58 96 57 33 51 74 22 93 46 75 62 121 112 105 100 99 100 104 111 120 130 110 100 92 87 85 86 91 99 109 120 99 88 79 73 71 73 78 87 99 111 90 77 67 59 57 59 66 77 89 103 82 67 55 46 43 46 55 67 81 96 75 60 45 33 29 33 45 59 75 91 71 54 38 23 15 23 38 54 71 88 70 52 35 18 0 18 35 52 70 87 71 54 38 23 15 23 38 54 71 88 75 60 45 33 29 33 45 59 75 91
41 70 42 35 53 69 21 53 13 82 84 63 46 70 77 5 100 44 79 66 43 73 37 38 61 46 25 45 63 52 81 58 26 50 61 20 104 39 85 67 132 121 112 105 100 98 99 104 110 119 122 110 99 91 86 84 86 91 98 108 112 99 88 79 73 70 72 78 87 98 104 90 77 66 59 56 59 66 76 89 97 82 67 55 46 42 46 55 67 81 91 75 60 45 33 28 33 45 59 75 88 71 54 38 23 14 23 38 54 71 87 70 52 35 18 0 18 35 52 70 88 71 54 38 23 14 23 38 54 71 91 75 60 45 33 28 33 45 59 75
50 80 44 43 56 58 28 43 27 82 70 68 39 71 67 17 113 36 90 68 53 82 38 49 65 38 30 53 65 53 67 64 31 54 50 30 117 39 97 76 144 131 121 111 104 99 98 99 103 110 134 121 109 99 91 86 84 85 90 98 126 112 99 88 78 72 70 72 78 87 119 104 90 77 66 59 56 59 66 76 113 97 81 67 55 46 42 46 54 67 108 91 75 59 45 33 28 33 45 59 105 88 71 54 38 23 14 23 38 54 104 87 70 52 35 18 0 18 35 52 105 88 71 54 38 23 14 23 38 54 108 91 75 59 45 33 28 33 45 59
63 92 52 56 65 51 41 40 43 86 58 77 38 76 62 34 126 36 104 75 67 94 47 63 73 37 42 65 70 58 55 73 42 64 44 45 131 46 110 88 156 143 131 120 111 104 99 97 99 103 148 134 121 109 99 91 85 83 85 90 140 126 112 99 87 78 72 70 72 77 134 118 104 89 77 66 59 56 58 65 129 112 97 81 67 55 46 42 45 54 125 108 91 75 59 45 33 28 33 45 122 105 88 71 54 38 23 14 23 38 122 104 87 70 52 35 18 0 18 35 122 105 88 71 54 38 23 14 23 38 125 108 91 75 59 45 33 28 33 45
78 105 64 71 76 50 57 43 60 93 49 88 45 84 61 51 141 44 118 85 82 108 59 78 84 44 57 79 79 68 46 85 57 76 45 61 145 58 125 101 170 156 143 131 120 110 103 99 97 98 162 148 134 121 109 98 90 85 83 85 156 140 126 112 99 87 78 72 69 71 150 134 118 103 89 76 66 58 55 58 145 129 112 97 81 67 54 45 42 45 142 125 108 91 75 59 45 33 28 33 140 122 105 88 71 54 38 23 14 23 139 122 104 87 70 52 35 18 0 18 140 122 105 88 71 54 38 23 14 23 142 125 108 91 75 59 45 33 28 33
94 120 78 86 89 54 73 53 77 102 45 101 56 94 64 68 156 56 133 96 98 122 74 94 97 55 73 94 91 81 43 98 73 89 52 78 160 72 140 115 184 170 156 143 130 119 110 103 98 96 177 162 148 134 120 108 98 90 85 83 171 155 140 125 111 98 87 77 71 69 166 150 134 118 103 89 76 65 58 55 162 145 129 112 96 81 67 54 45 42 159 142 125 108 91 75 59 45 33 28 157 140 122 105 88 71 54 38 23 14 156 139 122 104 87 70 52 35 18 0 157 140 122 105 88 71 54 38 23 14 159 142 125 108 91 75 59 45 33 28
87 93 107 90 107 149 93 133 84 135 168 109 125 125 153 91 89 123 86 117 84 95 105 84 110 126 96 92 119 115 165 104 97 104 141 87 91 109 85 95 115 116 119 125 133 143 154 166 179 192 100 102 106 112 121 132 144 156 170 184 86 88 93 100 110 122 134 148 162 177 72 74 80 88 99 112 126 140 156 171 58 60 67 77 90 104 119 134 150 166 43 47 55 68 82 97 113 129 145 162 29 34 45 60 75 91 108 125 142 159 15 23 38 54 71 88 105 122 140 157 0 18 35 52 70 87 104 122 139 156 15 23 38 54 71 88 105 122 140 157
74 84 92 76 94 133 78 117 68 123 152 98 110 113 138 74 87 108 80 105 71 86 90 70 98 110 81 79 106 102 149 92 82 91 126 72 89 94 80 86 116 114 115 119 125 133 142 153 165 178 102 100 101 105 112 121 131 143 156 170 88 86 87 92 100 110 121 134 148 162 74 72 73 79 88 99 112 126 140 155 60 57 60 67 77 90 104 118 134 150 47 43 46 55 67 82 97 112 129 145 34 29 34 45 60 75 91 108 125 142 23 15 23 38 54 71 88 105 122 140 18 0 18 35 52 70 87 104 122 139 23 15 23 38 54 71 88 105 122 140
62 78 79 63 83 118 63 102 52 113 136 88 95 102 124 57 88 93 77 95 60 81 76 59 88 95 66 68 95 89 133 82 67 79 110 57 92 80 79 79 119 115 114 115 118 124 132 142 153 165 106 101 99 101 105 112 121 131 143 156 93 87 85 87 92 99 109 121 134 148 80 73 71 73 79 88 99 112 126 140 67 60 57 60 67 77 90 104 118 134 55 46 43 46 55 67 81 97 112 129 45 34 29 34 45 60 75 91 108 125 38 23 15 23 38 54 71 88 105 122 35 18 0 18 35 52 70 87 104 122 38 23 15 23 38 54 71 88 105 122
54 76 68 53 74 104 49 88 38 105 121 81 81 93 111 41 93 78 78 86 53 78 64 51 80 81 53 60 86 78 118 75 54 70 96 44 97 68 81 75 125 119 115 113 114 118 124 132 141 152 112 105 101 99 100 105 111 120 131 143 100 92 87 85 87 91 99 109 121 134 88 79 73 71 73 79 88 99 112 125 77 67 60 57 59 66 77 89 103 118 68 55 46 43 46 55 67 81 97 112 60 45 34 29 33 45 59 75 91 108 54 38 23 15 23 38 54 71 88 105 52 35 18 0 18 35 52 70 87 104 54 38 23 15 23 38 54 71 88 105
51 78 60 48 68 91 39 75 27 99 106 77 68 87 99 27 101 66 82 81 51 80 55 48 76 68 43 57 80 70 103 71 45 65 83 35 105 58 87 76 133 125 118 114 113 114 117 123 131 141 121 112 105 100 99 100 104 111 120 130 110 100 92 87 85 86 91 99 109 120 99 88 79 73 71 73 78 87 99 111 90 77 67 59 57 59 66 77 89 103 82 67 55 46 43 46 55 67 81 96 75 60 45 33 29 33 45 59 75 91 71 54 38 23 15 23 38 54 71 88 70 52 35 18 0 18 35 52 70 87 71 54 38 23 15 23 38 54 71 88
54 83 56 48 67 79 35 64 26 96 92 77 58 84 88 19 111 56 90 80 55 85 50 51 75 58 39 58 77 66 89 72 40 64 71 33 115 53 96 80 143 133 124 118 114 112 113 117 123 131 132 121 112 105 100 98 99 104 110 119 122 110 99 91 86 84 86 91 98 108 112 99 88 79 73 70 72 78 87 98 104 90 77 66 59 56 59 66 76 89 97 82 67 55 46 42 46 55 67 81 91 75 60 45 33 28 33 45 59 75 88 71 54 38 23 14 23 38 54 71 87 70 52 35 18 0 18 35 52 70 88 71 54 38 23 14 23 38 54 71
61 91 57 55 69 70 39 56 35 96 80 81 52 85 80 25 122 50 100 82 64 94 51 60 78 52 42 65 78 66 76 76 43 67 63 40 126 53 107 88 154 142 132 124 117 113 112 113 116 122 144 131 121 111 104 99 98 99 103 110 134 121 109 99 91 86 84 85 90 98 126 112 99 88 78 72 70 72 78 87 119 104 90 77 66 59 56 59 66 76 113 97 81 67 55 46 42 46 54 67 108 91 75 59 45 33 28 33 45 59 105 88 71 54 38 23 14 23 38 54 104 87 70 52 35 18 0 18 35 52 105 88 71 54 38 23 14 23 38 54
72 102 64 65 76 65 50 53 49 99 69 88 52 89 75 38 135 50 112 87 75 104 58 71 85 51 51 75 83 71 66 84 52 75 58 52 139 58 119 98 166 153 142 132 123 117 113 111 112 116 156 143 131 120 111 104 99 97 99 103 148 134 121 109 99 91 85 83 85 90 140 126 112 99 87 78 72 70 72 77 134 118 104 89 77 66 59 56 58 65 129 112 97 81 67 55 46 42 45 54 125 108 91 75 59 45 33 28 33 45 122 105 88 71 54 38 23 14 23 38 122 104 87 70 52 35 18 0 18 35 122 105 88 71 54 38 23 14 23 38
85 114 73 78 86 63 63 56 64 105 62 98 57 96 74 54 149 56 126 96 89 116 68 85 95 56 64 87 91 79 59 95 64 85 59 67 153 68 133 110 179 165 153 141 131 123 116 112 110 112 170 156 143 131 120 110 103 99 97 98 162 148 134 121 109 98 90 85 83 85 156 140 126 112 99 87 78 72 69 71 150 134 118 103 89 76 66 58 55 58 145 129 112 97 81 67 54 45 42 45 142 125 108 91 75 59 45 33 28 33 140 122 105 88 71 54 38 23 14 23 139 122 104 87 70 52 35 18 0 18 140 122 105 88 71 54 38 23 14 23
100 128 86 93 98 67 78 64 80 114 59 110 66 105 77 70 163 65 140 106 104 130 81 100 106 65 79 101 101 90 57 107 79 98 64 82 167 80 147 123 192 178 165 152 141 131 122 116 112 110 184 170 156 143 130 119 110 103 98 96 177 162 148 134 120 108 98 90 85 83 171 155 140 125 111 98 87 77 71 69 166 150 134 118 103 89 76 65 58 55 162 145 129 112 96 81 67 54 45 42 159 142 125 108 91 75 59 45 33 28 157 140 122 105 88 71 54 38 23 14 156 139 122 104 87 70 52 35 18 0 157 140 122 105 88 71 54 38 23 14
96 105 115 98 117 155 100 139 89 145 174 120 132 135 161 95 103 130 99 127 93 107 113 93 120 132 103 101 129 124 171 114 104 113 148 94 105 116 99 107 129 130 133 138 145 154 164 176 188 201 115 116 119 125 133 143 154 166 179 192 100 102 106 112 121 132 144 156 170 184 86 88 93 100 110 122 134 148 162 177 72 74 80 88 99 112 126 140 156 171 58 60 67 77 90 104 119 134 150 166 43 47 55 68 82 97 113 129 145 162 29 34 45 60 75 91 108 125 142 159 15 23 38 54 71 88 105 122 140 157 0 18 35 52 70 87 104 122 139 156
84 97 102 85 105 140 85 124 74 134 158 109 117 124 146 79 101 115 94 116 81 99 99 81 109 117 88 90 117 111 155 104 90 101 133 79 104 102 94 98 130 128 129 132 138 145 154 164 175 187 116 114 115 119 125 133 142 153 165 178 102 100 101 105 112 121 131 143 156 170 88 86 87 92 100 110 121 134 148 162 74 72 73 79 88 99 112 126 140 155 60 57 60 67 77 90 104 118 134 150 47 43 46 55 67 82 97 112 129 145 34 29 34 45 60 75 91 108 125 142 23 15 23 38 54 71 88 105 122 140 18 0 18 35 52 70 87 104 122 139
74 92 90 74 95 126 72 110 60 125 143 101 103 114 133 63 102 101 91 107 72 94 86 71 100 103 75 80 107 100 140 95 77 91 118 66 105 90 93 92 133 129 128 129 132 137 144 153 163 175 119 115 114 115 118 124 132 142 153 165 106 101 99 101 105 112 121 131 143 156 93 87 85 87 92 99 109 121 134 148 80 73 71 73 79 88 99 112 126 140 67 60 57 60 67 77 90 104 118 134 55 46 43 46 55 67 81 97 112 129 45 34 29 34 45 60 75 91 108 125 38 23 15 23 38 54 71 88 105 122 35 18 0 18 35 52 70 87 104 122
68 90 80 66 87 113 60 97 48 118 128 94 90 106 121 49 106 88 92 100 67 93 76 64 93 90 64 74 99 90 125 89 66 83 105 55 110 79 95 89 138 132 129 127 128 131 137 144 153 163 125 119 115 113 114 118 124 132 141 152 112 105 101 99 100 105 111 120 131 143 100 92 87 85 87 91 99 109 121 134 88 79 73 71 73 79 88 99 112 125 77 67 60 57 59 66 77 89 103 118 68 55 46 43 46 55 67 81 97 112 60 45 34 29 33 45 59 75 91 108 54 38 23 15 23 38 54 71 88 105 52 35 18 0 18 35 52 70 87 104
65 91 73 62 82 101 52 85 41 113 114 91 79 101 109 38 113 77 96 95 65 94 68 62 89 79 56 71 93 84 111 85 58 78 93 48 117 71 100 90 145 138 132 128 127 127 131 136 143 152 133 125 118 114 113 114 117 123 131 141 121 112 105 100 99 100 104 111 120 130 110 100 92 87 85 86 91 99 109 120 99 88 79 73 71 73 78 87 99 111 90 77 67 59 57 59 66 77 89 103 82 67 55 46 43 46 55 67 81 96 75 60 45 33 29 33 45 59 75 91 71 54 38 23 15 23 38 54 71 88 70 52 35 18 0 18 35 52 70 87
67 96 70 62 81 91 49 76 40 110 102 91 71 98 100 33 122 68 102 94 68 98 64 64 89 70 53 72 91 80 98 86 54 78 83 47 126 66 108 93 154 145 137 131 127 126 127 130 135 143 143 133 124 118 114 112 113 117 123 131 132 121 112 105 100 98 99 104 110 119 122 110 99 91 86 84 86 91 98 108 112 99 88 79 73 70 72 78 87 98 104 90 77 66 59 56 59 66 76 89 97 82 67 55 46 42 46 55 67 81 91 75 60 45 33 28 33 45 59 75 88 71 54 38 23 14 23 38 54 71 87 70 52 35 18 0 18 35 52 70
73 103 71 67 83 83 52 70 46 110 90 94 66 98 93 36 132 64 111 95 75 106 65 71 92 65 55 77 92 80 87 89 56 80 76 52 137 66 117 100 164 154 144 137 131 127 125 126 130 135 154 142 132 124 117 113 112 113 116 122 144 131 121 111 104 99 98 99 103 110 134 121 109 99 91 86 84 85 90 98 126 112 99 88 78 72 70 72 78 87 119 104 90 77 66 59 56 59 66 76 113 97 81 67 55 46 42 46 54 67 108 91 75 59 45 33 28 33 45 59 105 88 71 54 38 23 14 23 38 54 104 87 70 52 35 18 0 18 35 52
83 112 76 76 89 78 60 67 57 113 81 100 65 102 89 47 144 64 122 100 85 115 70 81 97 65 63 86 96 84 78 96 63 87 72 62 148 71 129 109 176 164 153 144 136 130 126 125 126 129 166 153 142 132 123 117 113 111 112 116 156 143 131 120 111 104 99 97 99 103 148 134 121 109 99 91 85 83 85 90 140 126 112 99 87 78 72 70 72 77 134 118 104 89 77 66 59 56 58 65 129 112 97 81 67 55 46 42 45 54 125 108 91 75 59 45 33 28 33 45 122 105 88 71 54 38 23 14 23 38 122 104 87 70 52 35 18 0 18 35
94 124 84 87 97 77 72 69 71 118 75 109 69 108 88 60 157 68 134 107 98 126 79 93 106 68 73 97 103 91 72 105 74 96 72 74 161 79 141 120 188 175 163 153 143 135 130 126 124 125 179 165 153 141 131 123 116 112 110 112 170 156 143 131 120 110 103 99 97 98 162 148 134 121 109 98 90 85 83 85 156 140 126 112 99 87 78 72 69 71 150 134 118 103 89 76 66 58 55 58 145 129 112 97 81 67 54 45 42 45 142 125 108 91 75 59 45 33 28 33 140 122 105 88 71 54 38 23 14 23 139 122 104 87 70 52 35 18 0 18
108 136 95 100 108 80 85 75 86 125 73 120 77 116 91 75 171 76 148 117 111 138 90 107 116 76 86 109 112 100 70 116 86 107 76 89 175 90 155 132 201 187 175 163 152 143 135 129 125 124 192 178 165 152 141 131 122 116 112 110 184 170 156 143 130 119 110 103 98 96 177 162 148 134 120 108 98 90 85 83 171 155 140 125 111 98 87 77 71 69 166 150 134 118 103 89 76 65 58 55 162 145 129 112 96 81 67 54 45 42 159 142 125 108 91 75 59 45 33 28 157 140 122 105 88 71 54 38 23 14 156 139 122 104 87 70 52 35 18 0
