0 73 56 53 65 63 48 60 65 55 60 41 95 84 20 64 64 106 35 61 7 67 52 50 56 93 51 63 81 48 8 77 97 75 15 38 66 86 32 62 57 47 42 45 53 65 78 94 109 125 47 35 28 32 42 56 72 88 105 122 41 25 14 20 35 51 68 85 102 119 38 21 4 15 32 49 67 84 101 118 41 26 16 21 35 51 68 85 102 119 48 36 30 33 43 57 73 89 105 122 58 48 44 46 54 65 79 94 110 126 69 61 58 59 66 75 88 101 116 131 81 75 72 73 78 86 97 110 123 138 94 89 86 87 91 98 108 119 132 145
73 0 43 21 17 18 55 15 8 18 18 34 40 19 67 28 24 51 58 13 79 6 38 24 17 36 28 11 13 26 71 14 43 8 60 39 13 27 48 11 127 113 101 90 81 75 73 75 81 90 119 104 91 78 68 62 59 62 69 80 113 97 82 68 57 48 46 49 58 70 108 91 75 60 46 36 32 37 48 62 104 87 71 54 38 24 18 26 40 56 103 86 68 51 34 17 4 19 37 54 104 86 69 52 35 20 11 22 38 55 106 89 73 57 42 30 25 31 44 59 110 94 79 64 51 42 39 43 53 66 116 101 86 73 63 55 53 56 64 75
56 43 0 32 50 25 71 40 39 35 46 41 81 41 62 17 55 93 24 41 62 41 8 32 33 78 19 42 56 31 59 56 85 39 51 47 47 69 25 37 112 103 96 92 91 94 99 107 117 129 100 90 82 78 77 80 87 96 107 120 90 78 69 64 63 67 75 85 98 112 80 68 57 50 49 54 63 76 90 105 73 58 45 37 35 42 53 68 83 99 67 51 36 24 22 31 46 62 78 95 64 47 30 14 9 25 41 59 76 93 64 47 30 14 10 25 42 59 76 93 68 51 37 25 23 32 46 62 79 95 73 59 46 38 37 43 54 68 84 99
53 21 32 0 20 15 44 10 14 4 15 16 53 33 49 23 25 65 40 11 59 16 24 3 4 50 13 13 31 5 51 28 56 23 41 23 18 41 28 10 107 94 83 74 68 67 70 77 86 98 99 85 72 62 55 53 57 65 76 90 92 77 63 50 41 39 44 54 68 82 87 71 55 40 29 25 32 45 61 77 84 67 50 34 18 11 24 40 57 74 84 67 49 32 15 5 21 39 56 73 86 69 52 36 23 18 27 42 58 75 90 74 59 45 35 32 38 50 64 79 96 81 67 56 48 46 50 59 72 86 103 90 78 68 62 60 63 71 81 94
65 17 50 20 0 28 39 11 14 16 6 24 34 35 56 38 7 45 59 10 71 13 43 21 18 31 32 9 18 23 62 13 37 24 51 28 5 23 46 15 116 101 88 75 65 59 57 61 69 79 110 94 79 65 54 46 43 48 58 70 105 89 72 57 43 33 30 36 48 63 102 85 68 51 35 21 16 26 41 58 101 84 66 49 32 14 4 21 39 56 102 85 67 51 34 19 14 25 41 57 104 88 72 56 42 31 27 34 47 62 109 93 78 64 52 43 41 46 56 69 115 100 86 74 63 57 55 59 67 78 122 109 96 85 76 70 69 72 78 88
63 18 25 15 28 0 59 19 16 16 25 31 57 21 62 11 35 68 42 19 69 17 20 18 14 54 13 20 31 18 63 31 61 15 53 38 25 44 34 14 119 107 97 88 83 81 83 88 96 106 110 97 85 76 69 67 69 76 85 96 102 87 74 64 56 53 56 64 74 88 95 80 65 52 43 39 43 53 65 80 90 74 58 43 31 25 31 43 58 74 87 70 53 36 21 11 21 37 54 71 87 69 52 35 18 4 18 36 53 70 88 71 55 39 25 18 25 39 55 72 92 76 61 47 36 31 36 47 61 77 98 83 69 57 49 45 49 57 69 83
48 55 71 44 39 59 0 42 49 43 38 30 57 73 30 67 34 65 65 43 53 50 64 42 46 56 54 45 56 43 42 50 57 61 36 24 43 53 52 48 85 69 53 38 26 23 32 46 61 78 83 66 49 32 16 10 24 41 58 75 83 65 48 31 14 8 23 40 57 75 85 68 52 36 24 20 30 44 60 77 89 73 58 45 36 34 40 52 66 81 95 81 68 57 50 48 53 62 74 88 103 90 78 69 63 62 65 73 84 96 112 100 90 82 77 76 79 85 94 105 122 111 102 95 91 90 92 98 106 116 133 123 115 108 105 104 106 110 117 127
60 15 40 10 11 19 42 0 8 6 7 20 43 31 53 29 16 55 50 2 66 9 33 12 8 40 22 4 22 14 57 19 46 20 47 25 9 31 38 6 113 99 86 76 68 64 64 69 78 89 106 91 77 64 55 50 51 57 67 80 100 84 68 54 43 36 37 46 58 73 95 79 62 46 32 23 25 36 51 67 93 76 59 42 25 10 14 30 47 64 93 76 59 42 25 9 14 30 47 64 95 79 62 46 32 22 24 36 51 67 99 83 68 54 42 36 37 45 58 72 105 90 76 64 54 49 50 57 67 80 112 99 86 75 67 63 64 69 78 89
65 8 39 14 14 16 49 8 0 11 12 26 43 24 60 26 20 54 52 7 72 3 33 16 10 39 23 5 18 18 63 17 46 12 53 32 10 30 41 4 119 106 93 83 75 70 70 74 81 91 112 97 83 71 62 57 56 61 70 82 105 90 75 61 50 43 43 49 60 73 101 84 68 53 39 30 29 38 51 66 98 80 63 47 31 17 16 29 45 62 97 79 62 45 27 10 8 26 43 60 98 81 64 47 31 18 17 29 45 62 101 84 68 53 40 30 30 38 51 66 106 90 75 62 51 44 43 49 60 73 112 97 84 72 63 57 57 62 70 82
55 18 35 4 16 16 43 6 11 0 11 17 49 32 50 25 21 61 44 8 62 13 28 6 3 46 16 10 28 8 53 25 52 21 43 24 15 37 32 7 109 96 84 75 68 65 68 74 83 95 102 87 74 63 55 52 54 62 73 86 95 79 65 52 42 38 41 51 64 79 90 74 58 42 30 24 29 42 57 73 88 71 54 37 20 10 20 36 53 70 87 70 53 36 19 5 18 35 52 70 89 73 56 40 26 19 26 40 55 72 93 77 62 48 38 33 37 48 61 77 99 84 71 59 50 47 50 58 70 83 107 93 81 71 64 61 63 70 80 92
60 18 46 15 6 25 38 7 12 11 0 19 39 35 51 35 10 51 53 7 66 13 39 16 13 37 27 8 22 18 57 18 42 24 46 23 7 28 41 12 112 97 84 72 63 58 59 63 72 84 105 89 75 62 51 45 45 51 62 75 100 83 68 53 40 31 31 40 53 68 96 79 63 46 30 18 19 31 47 64 95 78 61 43 26 9 10 27 44 62 96 79 62 45 29 15 16 30 46 63 99 82 66 51 37 28 28 38 51 67 103 88 73 59 48 41 42 48 60 73 110 95 82 70 60 55 55 60 70 82 117 104 92 81 73 69 69 73 81 91
41 34 41 16 24 31 30 20 26 17 19 0 56 48 34 38 25 67 40 21 47 28 34 14 19 54 24 23 41 13 38 36 59 38 28 8 26 46 27 24 94 80 68 58 53 53 59 69 81 95 86 71 57 46 39 40 47 59 73 88 81 65 49 35 26 26 37 51 67 83 78 61 44 27 13 14 29 46 63 80 77 60 43 26 9 11 28 45 62 79 79 63 46 31 20 21 33 48 65 81 84 68 54 41 33 34 42 55 70 85 90 76 63 53 47 47 54 64 77 91 98 85 74 66 61 61 66 75 86 99 108 96 86 79 75 75 79 86 96 108
95 40 81 53 34 57 57 43 43 49 39 56 0 52 82 67 32 12 92 42 101 41 75 54 50 4 64 40 28 56 91 26 4 46 81 57 35 13 80 46 141 125 109 94 79 66 56 49 48 53 137 120 104 88 72 57 44 36 34 41 134 117 100 83 67 50 35 23 21 31 133 116 98 81 64 47 30 13 9 25 133 116 99 81 64 47 30 14 11 25 135 118 101 84 67 51 37 25 23 33 138 121 105 89 73 59 46 38 37 43 142 126 110 95 81 68 58 51 50 55 148 132 117 103 90 79 70 65 64 68 154 140 126 112 101 91 83 78 78 81
84 19 41 33 35 21 73 31 24 32 35 48 52 0 81 25 42 62 62 30 90 23 38 36 30 49 34 28 26 37 83 30 56 12 73 55 31 40 55 26 139 127 115 106 98 93 91 93 97 104 130 117 105 94 85 80 77 79 84 93 122 108 95 83 73 66 64 66 72 82 116 100 86 72 61 53 50 52 60 72 110 94 78 63 50 40 36 40 50 63 107 90 73 57 41 28 22 28 41 57 105 87 70 53 36 19 8 19 36 53 105 87 70 53 36 19 7 19 36 53 106 89 73 56 41 27 21 27 40 56 110 94 78 63 49 39 35 39 49 62
20 67 62 49 56 62 30 53 60 50 51 34 82 81 0 66 53 92 47 54 23 61 57 46 52 81 51 56 73 44 13 68 84 71 13 28 58 75 38 57 61 47 35 30 34 45 60 75 91 108 55 39 24 16 23 38 54 71 88 105 53 36 19 2 17 34 52 69 86 104 55 38 23 13 21 37 53 70 87 104 60 45 33 27 32 44 58 74 90 107 67 55 45 41 44 53 66 80 95 111 77 66 58 55 58 65 75 88 102 117 88 78 72 69 71 77 86 97 110 124 99 91 86 83 85 90 97 107 119 132 112 104 99 98 99 103 110 119 129 141
64 28 17 23 38 11 67 29 26 25 35 38 67 25 66 0 45 78 38 29 70 27 14 25 23 64 15 30 41 25 65 41 71 23 56 45 35 54 33 24 121 110 101 94 90 90 92 98 106 117 110 98 88 81 76 76 79 86 95 107 101 88 77 68 62 62 66 74 85 98 93 79 66 55 49 48 53 63 75 90 87 71 57 44 35 34 41 53 68 83 82 66 49 34 22 21 31 46 62 79 80 63 46 29 12 9 25 42 59 77 81 64 46 30 14 12 26 43 60 77 83 67 51 37 26 24 34 48 63 80 88 73 59 47 39 38 44 56 70 85
64 24 55 25 7 35 34 16 20 21 10 25 32 42 53 45 0 43 62 16 71 20 49 25 23 30 37 16 22 27 60 16 34 31 50 27 12 23 49 21 113 98 84 71 60 52 50 54 63 74 108 92 76 61 49 39 36 42 52 66 104 87 71 54 39 27 23 30 44 59 102 85 67 50 33 17 9 22 39 56 102 84 67 50 33 16 7 21 38 55 103 87 70 53 38 25 20 29 43 59 107 91 75 60 47 37 34 40 51 65 112 97 82 69 58 50 48 52 61 73 119 105 91 79 70 64 62 65 72 82 127 114 101 91 82 77 76 78 84 93
106 51 93 65 45 68 65 55 54 61 51 67 12 62 92 78 43 0 104 54 112 52 87 66 62 15 76 52 38 68 101 38 9 57 92 68 47 25 91 57 150 133 117 101 86 71 58 48 43 45 146 130 113 96 80 64 49 37 30 32 144 127 110 93 76 59 42 27 16 20 144 126 109 92 74 57 40 22 5 13 144 127 110 92 75 58 42 26 14 18 146 129 112 95 79 63 48 35 27 30 149 133 116 100 85 70 57 46 41 42 154 138 122 107 92 79 67 59 54 56 159 144 129 114 101 89 79 72 68 69 166 151 137 123 111 100 91 85 82 82
35 58 24 40 59 42 65 50 52 44 53 40 92 62 47 38 62 104 0 51 40 54 24 38 43 89 30 53 70 36 40 68 95 56 35 43 58 80 14 49 89 81 77 77 80 87 96 107 120 134 77 68 63 63 67 75 86 98 112 127 66 56 49 49 54 64 76 90 105 121 57 44 36 35 42 54 68 84 100 116 49 34 22 21 32 46 63 79 96 113 46 29 12 9 25 42 60 77 94 111 46 29 14 12 26 43 60 77 94 112 51 36 26 24 34 48 64 80 97 114 59 47 39 38 45 56 70 85 101 117 69 59 53 52 57 66 78 92 107 122
61 13 41 11 10 19 43 2 7 8 7 21 42 30 54 29 16 54 51 0 68 8 34 13 9 39 23 3 21 15 59 18 45 18 48 27 7 30 39 6 114 101 88 77 69 65 65 69 78 89 107 92 78 66 56 51 51 57 67 80 101 85 70 56 44 37 38 45 57 72 97 80 64 48 34 24 24 35 50 66 95 78 60 43 26 11 13 29 46 63 95 77 60 43 26 10 12 28 45 63 97 80 63 47 32 22 23 34 49 65 100 84 69 55 42 35 36 44 56 71 106 91 77 64 54 49 49 55 66 78 113 99 86 75 67 63 63 68 76 87
7 79 62 59 71 69 53 66 72 62 66 47 101 90 23 70 71 112 40 68 0 74 58 56 63 99 57 70 87 54 11 83 103 81 21 44 73 93 38 68 51 42 39 44 54 67 82 97 113 130 41 29 25 32 45 60 76 93 110 126 34 19 11 23 39 56 73 90 107 125 33 16 5 21 38 55 72 90 107 124 37 24 19 27 42 58 74 91 108 125 46 36 33 38 49 64 79 95 111 128 57 49 47 51 60 72 86 101 116 132 69 63 61 64 71 81 94 108 122 138 82 77 75 77 83 92 103 116 130 144 95 91 89 91 96 104 114 125 138 152
67 6 41 16 13 17 50 9 3 13 13 28 41 23 61 27 20 52 54 8 74 0 35 18 12 38 25 6 16 20 65 15 44 12 55 34 9 28 43 6 121 107 95 84 76 71 70 73 80 90 114 99 85 73 63 57 56 60 69 80 107 92 77 63 51 44 42 48 58 71 103 86 70 54 40 30 28 36 49 64 100 83 66 49 33 18 15 27 43 60 99 81 64 47 29 12 6 23 41 58 100 83 66 49 33 19 16 27 43 60 103 86 70 55 41 31 29 37 50 64 108 92 77 63 52 44 43 48 59 72 114 99 86 73 64 58 57 61 69 80
52 38 8 24 43 20 64 33 33 28 39 34 75 38 57 14 49 87 24 34 58 35 0 25 26 72 12 36 50 23 54 49 79 34 46 40 41 63 21 30 109 99 91 86 85 87 92 100 110 122 98 87 78 72 71 73 79 89 100 113 88 76 65 59 57 60 67 78 91 105 80 66 54 45 43 47 56 69 83 99 73 58 43 32 29 35 47 61 77 94 69 52 36 21 15 25 40 56 73 90 67 50 33 15 3 20 37 55 72 89 69 52 36 21 15 25 40 56 73 90 73 58 43 32 29 35 47 61 77 94 80 66 54 45 43 47 56 69 83 99
50 24 32 3 21 18 42 12 16 6 16 14 54 36 46 25 25 66 38 13 56 18 25 0 7 51 13 15 33 3 48 30 57 26 38 21 20 43 26 13 105 92 80 71 66 65 69 76 86 99 96 82 69 59 52 51 56 65 77 90 90 74 60 47 39 37 43 55 68 83 85 68 52 37 26 24 32 46 62 78 82 65 48 31 15 11 25 41 58 76 82 65 47 30 14 8 24 41 58 75 84 67 51 36 23 21 30 45 61 78 88 73 58 45 36 34 41 52 67 82 95 80 67 56 49 48 53 62 75 89 103 89 78 69 63 62 66 73 84 97
56 17 33 4 18 14 46 8 10 3 13 19 50 30 52 23 23 62 43 9 63 12 26 7 0 47 15 10 28 9 55 25 53 19 44 26 15 38 32 6 111 98 86 77 70 68 70 76 85 96 103 89 76 65 57 54 57 64 75 87 96 81 66 53 44 40 43 53 65 80 91 75 59 44 32 26 31 43 58 74 88 71 54 37 22 12 21 37 53 70 87 70 53 35 18 3 18 35 52 69 89 72 55 39 24 17 24 38 55 71 93 76 61 47 35 31 35 46 60 76 98 83 69 57 48 45 48 56 68 82 105 91 79 68 61 59 61 68 78 90
93 36 78 50 31 54 56 40 39 46 37 54 4 49 81 64 30 15 89 39 99 38 72 51 47 0 61 37 24 54 89 23 8 43 79 56 32 10 77 42 140 124 109 94 80 67 57 51 51 56 136 119 103 87 72 57 45 38 38 45 133 116 99 82 66 50 35 25 24 34 131 114 97 79 62 45 28 13 12 27 131 114 96 79 62 44 27 11 10 27 132 115 98 81 64 48 33 21 21 32 135 118 102 85 70 55 43 34 34 42 139 123 107 92 77 64 54 48 48 53 144 129 114 100 87 75 66 61 61 66 151 136 122 109 97 87 79 75 75 79
51 28 19 13 32 13 54 22 23 16 27 24 64 34 51 15 37 76 30 23 57 25 12 13 15 61 0 24 40 12 51 39 68 27 41 31 30 52 21 19 107 96 86 79 76 77 81 88 99 110 97 85 74 66 62 63 68 77 88 102 89 75 63 53 48 49 56 66 80 94 82 67 53 41 34 36 45 57 72 88 78 61 45 30 21 23 35 51 67 84 75 58 41 24 8 13 30 47 64 82 76 59 42 25 11 15 31 48 65 82 79 62 47 33 24 26 37 52 68 85 84 69 55 44 38 39 47 60 74 89 91 77 65 56 52 52 59 69 82 96
63 11 42 13 9 20 45 4 5 10 8 23 40 28 56 30 16 52 53 3 70 6 36 15 10 37 24 0 19 18 61 16 44 17 50 29 6 28 41 6 117 103 90 79 70 65 65 69 77 88 109 94 80 68 58 52 51 57 66 78 103 87 72 58 46 38 38 45 56 70 99 82 66 50 36 25 24 34 48 64 97 80 63 45 29 13 12 27 44 61 97 79 62 45 28 11 10 26 43 60 99 82 65 49 34 22 21 32 47 63 102 86 70 56 43 35 35 42 54 69 108 93 78 65 55 49 48 54 64 76 115 101 87 76 67 62 62 66 74 85
81 13 56 31 18 31 56 22 18 28 22 41 28 26 73 41 22 38 70 21 87 16 50 33 28 24 40 19 0 35 78 6 31 19 68 45 15 15 59 22 133 119 105 92 81 73 68 68 72 79 126 111 96 82 70 60 55 54 59 68 121 105 89 74 60 48 41 40 47 58 117 100 84 68 52 38 28 27 36 49 115 98 81 64 47 30 16 14 28 44 114 97 80 62 45 28 11 8 25 42 116 98 81 65 48 32 19 18 30 45 118 102 85 69 54 41 32 31 39 52 123 107 91 77 63 52 45 45 51 61 128 113 99 85 74 64 59 59 63 71
48 26 31 5 23 18 43 14 18 8 18 13 56 37 44 25 27 68 36 15 54 20 23 3 9 54 12 18 35 0 47 33 59 27 36 20 22 45 24 15 103 90 79 71 66 65 69 77 88 100 95 80 68 58 52 52 57 66 78 92 88 72 58 46 38 38 45 56 70 85 83 66 50 36 25 24 34 48 64 80 80 63 46 29 14 12 27 43 61 78 80 62 45 28 12 10 26 43 60 77 82 65 49 34 22 21 32 47 63 80 86 71 56 44 35 35 42 54 69 84 93 78 66 55 49 48 54 64 76 90 101 88 76 68 63 62 66 75 86 98
8 71 59 51 62 63 42 57 63 53 57 38 91 83 13 65 60 101 40 59 11 65 54 48 55 89 51 61 78 47 0 74 93 73 11 34 63 82 34 60 57 45 38 38 46 57 72 87 103 119 49 35 24 25 35 50 66 82 99 116 44 27 12 13 28 45 62 79 97 114 44 27 10 11 28 45 62 79 96 114 48 33 22 22 34 49 65 81 98 115 55 43 35 36 43 56 70 86 102 118 65 55 49 49 55 65 78 92 107 123 76 68 63 63 68 76 87 100 114 129 88 81 77 77 81 88 98 109 122 136 101 95 91 91 94 100 109 119 131 144
77 14 56 28 13 31 50 19 17 25 18 36 26 30 68 41 16 38 68 18 83 15 49 30 25 23 39 16 6 33 74 0 30 21 63 40 11 14 56 20 128 113 99 87 76 67 63 63 68 77 122 106 91 77 65 55 49 50 56 66 117 100 84 69 55 43 36 36 44 57 113 96 80 63 47 32 22 23 35 50 112 94 77 60 43 26 10 13 29 46 112 94 77 60 43 26 11 13 29 46 114 97 80 63 47 33 23 24 35 50 117 101 85 69 55 43 36 37 45 57 122 106 91 77 65 55 50 50 56 66 128 114 100 87 76 68 64 64 69 77
97 43 85 56 37 61 57 46 46 52 42 59 4 56 84 71 34 9 95 45 103 44 79 57 53 8 68 44 31 59 93 30 0 50 83 60 39 17 83 49 142 126 110 94 79 66 54 46 44 49 138 122 105 88 72 57 44 33 31 37 136 119 102 85 68 51 35 22 17 27 135 118 100 83 66 49 31 14 5 22 135 118 101 84 67 50 33 18 12 25 137 120 104 87 70 55 40 29 26 33 141 124 108 92 77 62 50 42 39 45 145 129 114 99 85 72 62 55 53 57 151 136 121 107 94 83 74 68 67 70 158 143 129 116 104 94 87 82 81 83
75 8 39 23 24 15 61 20 12 21 24 38 46 12 71 23 31 57 56 18 81 12 34 26 19 43 27 17 19 27 73 21 50 0 63 44 20 34 47 15 130 117 105 95 87 82 81 83 89 98 121 107 94 83 74 68 67 70 77 87 114 99 85 72 62 55 53 57 65 77 108 92 77 63 50 42 39 44 55 68 104 87 71 55 40 29 25 33 46 61 101 84 67 50 33 18 12 24 40 57 101 84 66 49 32 15 5 22 39 56 102 85 68 52 36 22 18 27 42 58 106 89 73 58 44 34 32 38 49 64 111 95 80 67 55 47 45 50 59 71
15 60 51 41 51 53 36 47 53 43 46 28 81 73 13 56 50 92 35 48 21 55 46 38 44 79 41 50 68 36 11 63 83 63 0 24 53 72 27 50 67 55 46 42 45 54 67 81 96 112 59 45 33 28 33 45 59 75 91 108 54 38 22 14 22 38 54 71 88 105 52 35 18 1 18 35 52 70 87 104 55 38 23 15 23 38 54 71 88 105 60 46 34 29 34 45 60 75 92 108 68 56 47 43 47 55 68 82 97 113 78 67 60 57 60 67 77 90 104 118 89 80 74 71 73 79 88 99 112 126 101 93 88 86 87 92 100 110 121 134
38 39 47 23 28 38 24 25 32 24 23 8 57 55 28 45 27 68 43 27 44 34 40 21 26 56 31 29 45 20 34 40 60 44 24 0 30 49 30 30 89 74 62 52 46 47 54 65 78 92 82 67 52 40 32 34 43 56 71 86 78 61 45 30 19 21 34 49 66 83 76 59 41 24 7 12 29 46 64 81 77 60 43 26 13 16 31 47 64 81 80 64 48 35 26 28 38 52 68 84 86 71 57 46 40 41 48 60 74 89 93 79 67 58 54 54 60 70 82 96 102 89 79 72 68 68 73 81 92 104 112 101 91 85 82 82 86 93 102 114
66 13 47 18 5 25 43 9 10 15 7 26 35 31 58 35 12 47 58 7 73 9 41 20 15 32 30 6 15 22 63 11 39 20 53 30 0 23 46 11 118 104 91 79 69 63 62 65 72 83 112 96 82 68 57 50 48 52 61 73 106 90 74 59 46 37 34 40 51 65 103 86 69 53 37 24 20 29 43 59 101 84 66 49 32 15 7 22 39 56 101 84 67 50 33 17 10 23 40 57 103 87 70 54 39 27 23 31 45 60 107 91 76 61 48 39 37 42 53 67 113 98 83 70 60 53 51 55 63 75 120 106 93 81 72 66 65 68 75 85
86 27 69 41 23 44 53 31 30 37 28 46 13 40 75 54 23 25 80 30 93 28 63 43 38 10 52 28 15 45 82 14 17 34 72 49 23 0 68 33 135 120 104 90 77 66 59 56 58 65 130 114 98 82 68 55 46 42 45 53 126 109 93 76 60 46 34 28 32 44 124 106 89 72 55 39 24 14 22 36 123 106 88 71 54 36 19 2 17 34 124 107 89 72 56 39 24 15 22 37 126 109 93 76 61 46 34 28 33 44 130 114 98 83 68 56 46 42 45 54 135 120 105 90 78 67 59 56 58 65 142 127 113 100 88 79 72 70 71 77
32 48 25 28 46 34 52 38 41 32 41 27 80 55 38 33 49 91 14 39 38 43 21 26 32 77 21 41 59 24 34 56 83 47 27 30 46 68 0 38 88 78 71 68 69 74 83 94 107 121 78 66 58 54 55 62 72 85 99 114 69 55 45 40 42 50 63 77 92 108 62 46 33 26 29 40 55 71 87 104 57 40 24 12 18 33 50 67 84 101 56 39 22 5 14 32 49 66 83 101 59 42 27 18 22 36 52 68 85 102 64 50 38 32 34 44 58 73 89 105 72 60 50 46 48 55 66 80 95 110 82 71 63 60 61 67 77 88 102 116
62 11 37 10 15 14 48 6 4 7 12 24 46 26 57 24 21 57 49 6 68 6 30 13 6 42 19 6 22 15 60 20 49 15 50 30 11 33 38 0 116 103 91 81 73 69 70 75 83 93 108 94 80 69 60 56 56 62 72 84 102 86 72 58 48 42 43 50 62 76 97 80 64 49 36 28 30 40 54 69 94 77 60 43 27 15 18 32 48 65 93 76 58 41 24 7 12 29 46 64 94 77 60 44 28 17 19 33 49 65 98 81 65 50 38 30 31 41 55 70 103 87 73 60 49 44 45 52 63 77 109 95 82 70 62 58 58 64 73 85
57 127 112 107 116 119 85 113 119 109 112 94 141 139 61 121 113 150 89 114 51 121 109 105 111 140 107 117 133 103 57 128 142 130 67 89 118 135 88 116 0 18 35 52 70 87 104 122 139 156 15 23 38 54 71 88 105 122 140 157 29 34 45 60 75 91 108 125 142 159 43 47 55 68 82 97 113 129 145 162 58 60 67 77 90 104 119 134 150 166 72 74 80 88 99 112 126 140 156 171 86 88 93 100 110 122 134 148 162 177 100 102 106 112 121 132 144 156 170 184 115 116 119 125 133 143 154 166 179 192 129 130 133 138 145 154 164 176 188 201
47 113 103 94 101 107 69 99 106 96 97 80 125 127 47 110 98 133 81 101 42 107 99 92 98 124 96 103 119 90 45 113 126 117 55 74 104 120 78 103 18 0 18 35 52 70 87 104 122 139 23 15 23 38 54 71 88 105 122 140 34 29 34 45 60 75 91 108 125 142 47 43 46 55 67 82 97 112 129 145 60 57 60 67 77 90 104 118 134 150 74 72 73 79 88 99 112 126 140 155 88 86 87 92 100 110 121 134 148 162 102 100 101 105 112 121 131 143 156 170 116 114 115 119 125 133 142 153 165 178 130 128 129 132 138 145 154 164 175 187
42 101 96 83 88 97 53 86 93 84 84 68 109 115 35 101 84 117 77 88 39 95 91 80 86 109 86 90 105 79 38 99 110 105 46 62 91 104 71 91 35 18 0 18 35 52 70 87 104 122 38 23 15 23 38 54 71 88 105 122 45 34 29 34 45 60 75 91 108 125 55 46 43 46 55 67 81 97 112 129 67 60 57 60 67 77 90 104 118 134 80 73 71 73 79 88 99 112 126 140 93 87 85 87 92 99 109 121 134 148 106 101 99 101 105 112 121 131 143 156 119 115 114 115 118 124 132 142 153 165 133 129 128 129 132 137 144 153 163 175
45 90 92 74 75 88 38 76 83 75 72 58 94 106 30 94 71 101 77 77 44 84 86 71 77 94 79 79 92 71 38 87 94 95 42 52 79 90 68 81 52 35 18 0 18 35 52 70 87 104 54 38 23 15 23 38 54 71 88 105 60 45 34 29 33 45 59 75 91 108 68 55 46 43 46 55 67 81 97 112 77 67 60 57 59 66 77 89 103 118 88 79 73 71 73 79 88 99 112 125 100 92 87 85 87 91 99 109 121 134 112 105 101 99 100 105 111 120 131 143 125 119 115 113 114 118 124 132 141 152 138 132 129 127 128 131 137 144 153 163
53 81 91 68 65 83 26 68 75 68 63 53 79 98 34 90 60 86 80 69 54 76 85 66 70 80 76 70 81 66 46 76 79 87 45 46 69 77 69 73 70 52 35 18 0 18 35 52 70 87 71 54 38 23 15 23 38 54 71 88 75 60 45 33 29 33 45 59 75 91 82 67 55 46 43 46 55 67 81 96 90 77 67 59 57 59 66 77 89 103 99 88 79 73 71 73 78 87 99 111 110 100 92 87 85 86 91 99 109 120 121 112 105 100 99 100 104 111 120 130 133 125 118 114 113 114 117 123 131 141 145 138 132 128 127 127 131 136 143 152
65 75 94 67 59 81 23 64 70 65 58 53 66 93 45 90 52 71 87 65 67 71 87 65 68 67 77 65 73 65 57 67 66 82 54 47 63 66 74 69 87 70 52 35 18 0 18 35 52 70 88 71 54 38 23 14 23 38 54 71 91 75 60 45 33 28 33 45 59 75 97 82 67 55 46 42 46 55 67 81 104 90 77 66 59 56 59 66 76 89 112 99 88 79 73 70 72 78 87 98 122 110 99 91 86 84 86 91 98 108 132 121 112 105 100 98 99 104 110 119 143 133 124 118 114 112 113 117 123 131 154 145 137 131 127 126 127 130 135 143
78 73 99 70 57 83 32 64 70 68 59 59 56 91 60 92 50 58 96 65 82 70 92 69 70 57 81 65 68 69 72 63 54 81 67 54 62 59 83 70 104 87 70 52 35 18 0 18 35 52 105 88 71 54 38 23 14 23 38 54 108 91 75 59 45 33 28 33 45 59 113 97 81 67 55 46 42 46 54 67 119 104 90 77 66 59 56 59 66 76 126 112 99 88 78 72 70 72 78 87 134 121 109 99 91 86 84 85 90 98 144 131 121 111 104 99 98 99 103 110 154 142 132 124 117 113 112 113 116 122 164 154 144 137 131 127 125 126 130 135
94 75 107 77 61 88 46 69 74 74 63 69 49 93 75 98 54 48 107 69 97 73 100 76 76 51 88 69 68 77 87 63 46 83 81 65 65 56 94 75 122 104 87 70 52 35 18 0 18 35 122 105 88 71 54 38 23 14 23 38 125 108 91 75 59 45 33 28 33 45 129 112 97 81 67 55 46 42 45 54 134 118 104 89 77 66 59 56 58 65 140 126 112 99 87 78 72 70 72 77 148 134 121 109 99 91 85 83 85 90 156 143 131 120 111 104 99 97 99 103 166 153 142 132 123 117 113 111 112 116 176 164 153 144 136 130 126 125 126 129
109 81 117 86 69 96 61 78 81 83 72 81 48 97 91 106 63 43 120 78 113 80 110 86 85 51 99 77 72 88 103 68 44 89 96 78 72 58 107 83 139 122 104 87 70 52 35 18 0 18 140 122 105 88 71 54 38 23 14 23 142 125 108 91 75 59 45 33 28 33 145 129 112 97 81 67 54 45 42 45 150 134 118 103 89 76 66 58 55 58 156 140 126 112 99 87 78 72 69 71 162 148 134 121 109 98 90 85 83 85 170 156 143 131 120 110 103 99 97 98 179 165 153 141 131 123 116 112 110 112 188 175 163 153 143 135 130 126 124 125
125 90 129 98 79 106 78 89 91 95 84 95 53 104 108 117 74 45 134 89 130 90 122 99 96 56 110 88 79 100 119 77 49 98 112 92 83 65 121 93 156 139 122 104 87 70 52 35 18 0 157 140 122 105 88 71 54 38 23 14 159 142 125 108 91 75 59 45 33 28 162 145 129 112 96 81 67 54 45 42 166 150 134 118 103 89 76 65 58 55 171 155 140 125 111 98 87 77 71 69 177 162 148 134 120 108 98 90 85 83 184 170 156 143 130 119 110 103 98 96 192 178 165 152 141 131 122 116 112 110 201 187 175 163 152 143 135 129 125 124
47 119 100 99 110 110 83 106 112 102 105 86 137 130 55 110 108 146 77 107 41 114 98 96 103 136 97 109 126 95 49 122 138 121 59 82 112 130 78 108 15 23 38 54 71 88 105 122 140 157 0 18 35 52 70 87 104 122 139 156 15 23 38 54 71 88 105 122 140 157 29 34 45 60 75 91 108 125 142 159 43 47 55 68 82 97 113 129 145 162 58 60 67 77 90 104 119 134 150 166 72 74 80 88 99 112 126 140 156 171 86 88 93 100 110 122 134 148 162 177 100 102 106 112 121 132 144 156 170 184 115 116 119 125 133 143 154 166 179 192
35 104 90 85 94 97 66 91 97 87 89 71 120 117 39 98 92 130 68 92 29 99 87 82 89 119 85 94 111 80 35 106 122 107 45 67 96 114 66 94 23 15 23 38 54 71 88 105 122 140 18 0 18 35 52 70 87 104 122 139 23 15 23 38 54 71 88 105 122 140 34 29 34 45 60 75 91 108 125 142 47 43 46 55 67 82 97 112 129 145 60 57 60 67 77 90 104 118 134 150 74 72 73 79 88 99 112 126 140 155 88 86 87 92 100 110 121 134 148 162 102 100 101 105 112 121 131 143 156 170 116 114 115 119 125 133 142 153 165 178
28 91 82 72 79 85 49 77 83 74 75 57 104 105 24 88 76 113 63 78 25 85 78 69 76 103 74 80 96 68 24 91 105 94 33 52 82 98 58 80 38 23 15 23 38 54 71 88 105 122 35 18 0 18 35 52 70 87 104 122 38 23 15 23 38 54 71 88 105 122 45 34 29 34 45 60 75 91 108 125 55 46 43 46 55 67 81 97 112 129 67 60 57 60 67 77 90 104 118 134 80 73 71 73 79 88 99 112 126 140 93 87 85 87 92 99 109 121 134 148 106 101 99 101 105 112 121 131 143 156 119 115 114 115 118 124 132 142 153 165
32 78 78 62 65 76 32 64 71 63 62 46 88 94 16 81 61 96 63 66 32 73 72 59 65 87 66 68 82 58 25 77 88 83 28 40 68 82 54 69 54 38 23 15 23 38 54 71 88 105 52 35 18 0 18 35 52 70 87 104 54 38 23 15 23 38 54 71 88 105 60 45 34 29 33 45 59 75 91 108 68 55 46 43 46 55 67 81 97 112 77 67 60 57 59 66 77 89 103 118 88 79 73 71 73 79 88 99 112 125 100 92 87 85 87 91 99 109 121 134 112 105 101 99 100 105 111 120 131 143 125 119 115 113 114 118 124 132 141 152
42 68 77 55 54 69 16 55 62 55 51 39 72 85 23 76 49 80 67 56 45 63 71 52 57 72 62 58 70 52 35 65 72 74 33 32 57 68 55 60 71 54 38 23 15 23 38 54 71 88 70 52 35 18 0 18 35 52 70 87 71 54 38 23 15 23 38 54 71 88 75 60 45 33 29 33 45 59 75 91 82 67 55 46 43 46 55 67 81 96 90 77 67 59 57 59 66 77 89 103 99 88 79 73 71 73 78 87 99 111 110 100 92 87 85 86 91 99 109 120 121 112 105 100 99 100 104 111 120 130 133 125 118 114 113 114 117 123 131 141
56 62 80 53 46 67 10 50 57 52 45 40 57 80 38 76 39 64 75 51 60 57 73 51 54 57 63 52 60 52 50 55 57 68 45 34 50 55 62 56 88 71 54 38 23 14 23 38 54 71 87 70 52 35 18 0 18 35 52 70 88 71 54 38 23 14 23 38 54 71 91 75 60 45 33 28 33 45 59 75 97 82 67 55 46 42 46 55 67 81 104 90 77 66 59 56 59 66 76 89 112 99 88 79 73 70 72 78 87 98 122 110 99 91 86 84 86 91 98 108 132 121 112 105 100 98 99 104 110 119 143 133 124 118 114 112 113 117 123 131
72 59 87 57 43 69 24 51 56 54 45 47 44 77 54 79 36 49 86 51 76 56 79 56 57 45 68 51 55 57 66 49 44 67 59 43 48 46 72 56 105 88 71 54 38 23 14 23 38 54 104 87 70 52 35 18 0 18 35 52 105 88 71 54 38 23 14 23 38 54 108 91 75 59 45 33 28 33 45 59 113 97 81 67 55 46 42 46 54 67 119 104 90 77 66 59 56 59 66 76 126 112 99 88 78 72 70 72 78 87 134 121 109 99 91 86 84 85 90 98 144 131 121 111 104 99 98 99 103 110 154 142 132 124 117 113 112 113 116 122
88 62 96 65 48 76 41 57 61 62 51 59 36 79 71 86 42 37 98 57 93 60 89 65 64 38 77 57 54 66 82 50 33 70 75 56 52 42 85 62 122 105 88 71 54 38 23 14 23 38 122 104 87 70 52 35 18 0 18 35 122 105 88 71 54 38 23 14 23 38 125 108 91 75 59 45 33 28 33 45 129 112 97 81 67 55 46 42 45 54 134 118 104 89 77 66 59 56 58 65 140 126 112 99 87 78 72 70 72 77 148 134 121 109 99 91 85 83 85 90 156 143 131 120 111 104 99 97 99 103 166 153 142 132 123 117 113 111 112 116
105 69 107 76 58 85 58 67 70 73 62 73 34 84 88 95 52 30 112 67 110 69 100 77 75 38 88 66 59 78 99 56 31 77 91 71 61 45 99 72 140 122 105 88 71 54 38 23 14 23 139 122 104 87 70 52 35 18 0 18 140 122 105 88 71 54 38 23 14 23 142 125 108 91 75 59 45 33 28 33 145 129 112 97 81 67 54 45 42 45 150 134 118 103 89 76 66 58 55 58 156 140 126 112 99 87 78 72 69 71 162 148 134 121 109 98 90 85 83 85 170 156 143 131 120 110 103 99 97 98 179 165 153 141 131 123 116 112 110 112
122 80 120 90 70 96 75 80 82 86 75 88 41 93 105 107 66 32 127 80 126 80 113 90 87 45 102 78 68 92 116 66 37 87 108 86 73 53 114 84 157 140 122 105 88 71 54 38 23 14 156 139 122 104 87 70 52 35 18 0 157 140 122 105 88 71 54 38 23 14 159 142 125 108 91 75 59 45 33 28 162 145 129 112 96 81 67 54 45 42 166 150 134 118 103 89 76 65 58 55 171 155 140 125 111 98 87 77 71 69 177 162 148 134 120 108 98 90 85 83 184 170 156 143 130 119 110 103 98 96 192 178 165 152 141 131 122 116 112 110
41 113 90 92 105 102 83 100 105 95 100 81 134 122 53 101 104 144 66 101 34 107 88 90 96 133 89 103 121 88 44 117 136 114 54 78 106 126 69 102 29 34 45 60 75 91 108 125 142 159 15 23 38 54 71 88 105 122 140 157 0 18 35 52 70 87 104 122 139 156 15 23 38 54 71 88 105 122 140 157 29 34 45 60 75 91 108 125 142 159 43 47 55 68 82 97 113 129 145 162 58 60 67 77 90 104 119 134 150 166 72 74 80 88 99 112 126 140 156 171 86 88 93 100 110 122 134 148 162 177 100 102 106 112 121 132 144 156 170 184
25 97 78 77 89 87 65 84 90 79 83 65 117 108 36 88 87 127 56 85 19 92 76 74 81 116 75 87 105 72 27 100 119 99 38 61 90 109 55 86 34 29 34 45 60 75 91 108 125 142 23 15 23 38 54 71 88 105 122 140 18 0 18 35 52 70 87 104 122 139 23 15 23 38 54 71 88 105 122 140 34 29 34 45 60 75 91 108 125 142 47 43 46 55 67 82 97 112 129 145 60 57 60 67 77 90 104 118 134 150 74 72 73 79 88 99 112 126 140 155 88 86 87 92 100 110 121 134 148 162 102 100 101 105 112 121 131 143 156 170
14 82 69 63 72 74 48 68 75 65 68 49 100 95 19 77 71 110 49 70 11 77 65 60 66 99 63 72 89 58 12 84 102 85 22 45 74 93 45 72 45 34 29 34 45 60 75 91 108 125 38 23 15 23 38 54 71 88 105 122 35 18 0 18 35 52 70 87 104 122 38 23 15 23 38 54 71 88 105 122 45 34 29 34 45 60 75 91 108 125 55 46 43 46 55 67 81 97 112 129 67 60 57 60 67 77 90 104 118 134 80 73 71 73 79 88 99 112 126 140 93 87 85 87 92 99 109 121 134 148 106 101 99 101 105 112 121 131 143 156
20 68 64 50 57 64 31 54 61 52 53 35 83 83 2 68 54 93 49 56 23 63 59 47 53 82 53 58 74 46 13 69 85 72 14 30 59 76 40 58 60 45 34 29 33 45 59 75 91 108 54 38 23 15 23 38 54 71 88 105 52 35 18 0 18 35 52 70 87 104 54 38 23 15 23 38 54 71 88 105 60 45 34 29 33 45 59 75 91 108 68 55 46 43 46 55 67 81 97 112 77 67 60 57 59 66 77 89 103 118 88 79 73 71 73 79 88 99 112 125 100 92 87 85 87 91 99 109 121 134 112 105 101 99 100 105 111 120 131 143
35 57 63 41 43 56 14 43 50 42 40 26 67 73 17 62 39 76 54 44 39 51 57 39 44 66 48 46 60 38 28 55 68 62 22 19 46 60 42 48 75 60 45 33 29 33 45 59 75 91 71 54 38 23 15 23 38 54 71 88 70 52 35 18 0 18 35 52 70 87 71 54 38 23 15 23 38 54 71 88 75 60 45 33 29 33 45 59 75 91 82 67 55 46 43 46 55 67 81 96 90 77 67 59 57 59 66 77 89 103 99 88 79 73 71 73 78 87 99 111 110 100 92 87 85 86 91 99 109 120 121 112 105 100 99 100 104 111 120 130
51 48 67 39 33 53 8 36 43 38 31 26 50 66 34 62 27 59 64 37 56 44 60 37 40 50 49 38 48 38 45 43 51 55 38 21 37 46 50 42 91 75 60 45 33 28 33 45 59 75 88 71 54 38 23 14 23 38 54 71 87 70 52 35 18 0 18 35 52 70 88 71 54 38 23 14 23 38 54 71 91 75 60 45 33 28 33 45 59 75 97 82 67 55 46 42 46 55 67 81 104 90 77 66 59 56 59 66 76 89 112 99 88 79 73 70 72 78 87 98 122 110 99 91 86 84 86 91 98 108 132 121 112 105 100 98 99 104 110 119
68 46 75 44 30 56 23 37 43 41 31 37 35 64 52 66 23 42 76 38 73 42 67 43 43 35 56 38 41 45 62 36 35 53 54 34 34 34 63 43 108 91 75 59 45 33 28 33 45 59 105 88 71 54 38 23 14 23 38 54 104 87 70 52 35 18 0 18 35 52 105 88 71 54 38 23 14 23 38 54 108 91 75 59 45 33 28 33 45 59 113 97 81 67 55 46 42 46 54 67 119 104 90 77 66 59 56 59 66 76 126 112 99 88 78 72 70 72 78 87 134 121 109 99 91 86 84 85 90 98 144 131 121 111 104 99 98 99 103 110
85 49 85 54 36 64 40 46 49 51 40 51 23 66 69 74 30 27 90 45 90 48 78 55 53 25 66 45 40 56 79 36 22 57 71 49 40 28 77 50 125 108 91 75 59 45 33 28 33 45 122 105 88 71 54 38 23 14 23 38 122 104 87 70 52 35 18 0 18 35 122 105 88 71 54 38 23 14 23 38 125 108 91 75 59 45 33 28 33 45 129 112 97 81 67 55 46 42 45 54 134 118 104 89 77 66 59 56 58 65 140 126 112 99 87 78 72 70 72 77 148 134 121 109 99 91 85 83 85 90 156 143 131 120 111 104 99 97 99 103
102 58 98 68 48 74 57 58 60 64 53 67 21 72 86 85 44 16 105 57 107 58 91 68 65 24 80 56 47 70 97 44 17 65 88 66 51 32 92 62 142 125 108 91 75 59 45 33 28 33 140 122 105 88 71 54 38 23 14 23 139 122 104 87 70 52 35 18 0 18 140 122 105 88 71 54 38 23 14 23 142 125 108 91 75 59 45 33 28 33 145 129 112 97 81 67 54 45 42 45 150 134 118 103 89 76 66 58 55 58 156 140 126 112 99 87 78 72 69 71 162 148 134 121 109 98 90 85 83 85 170 156 143 131 120 110 103 99 97 98
119 70 112 82 63 88 75 73 73 79 68 83 31 82 104 98 59 20 121 72 125 71 105 83 80 34 94 70 58 85 114 57 27 77 105 83 65 44 108 76 159 142 125 108 91 75 59 45 33 28 157 140 122 105 88 71 54 38 23 14 156 139 122 104 87 70 52 35 18 0 157 140 122 105 88 71 54 38 23 14 159 142 125 108 91 75 59 45 33 28 162 145 129 112 96 81 67 54 45 42 166 150 134 118 103 89 76 65 58 55 171 155 140 125 111 98 87 77 71 69 177 162 148 134 120 108 98 90 85 83 184 170 156 143 130 119 110 103 98 96
38 108 80 87 102 95 85 95 101 90 96 78 133 116 55 93 102 144 57 97 33 103 80 85 91 131 82 99 117 83 44 113 135 108 52 76 103 124 62 97 43 47 55 68 82 97 113 129 145 162 29 34 45 60 75 91 108 125 142 159 15 23 38 54 71 88 105 122 140 157 0 18 35 52 70 87 104 122 139 156 15 23 38 54 71 88 105 122 140 157 29 34 45 60 75 91 108 125 142 159 43 47 55 68 82 97 113 129 145 162 58 60 67 77 90 104 119 134 150 166 72 74 80 88 99 112 126 140 156 171 86 88 93 100 110 122 134 148 162 177
21 91 68 71 85 80 68 79 84 74 79 61 116 100 38 79 85 126 44 80 16 86 66 68 75 114 67 82 100 66 27 96 118 92 35 59 86 106 46 80 47 43 46 55 67 82 97 112 129 145 34 29 34 45 60 75 91 108 125 142 23 15 23 38 54 71 88 105 122 140 18 0 18 35 52 70 87 104 122 139 23 15 23 38 54 71 88 105 122 140 34 29 34 45 60 75 91 108 125 142 47 43 46 55 67 82 97 112 129 145 60 57 60 67 77 90 104 118 134 150 74 72 73 79 88 99 112 126 140 155 88 86 87 92 100 110 121 134 148 162
4 75 57 55 68 65 52 62 68 58 63 44 98 86 23 66 67 109 36 64 5 70 54 52 59 97 53 66 84 50 10 80 100 77 18 41 69 89 33 64 55 46 43 46 55 67 81 97 112 129 45 34 29 34 45 60 75 91 108 125 38 23 15 23 38 54 71 88 105 122 35 18 0 18 35 52 70 87 104 122 38 23 15 23 38 54 71 88 105 122 45 34 29 34 45 60 75 91 108 125 55 46 43 46 55 67 81 97 112 129 67 60 57 60 67 77 90 104 118 134 80 73 71 73 79 88 99 112 126 140 93 87 85 87 92 99 109 121 134 148
15 60 50 40 51 52 36 46 53 42 46 27 81 72 13 55 50 92 35 48 21 54 45 37 44 79 41 50 68 36 11 63 83 63 1 24 53 72 26 49 68 55 46 43 46 55 67 81 97 112 60 45 34 29 33 45 59 75 91 108 54 38 23 15 23 38 54 71 88 105 52 35 18 0 18 35 52 70 87 104 54 38 23 15 23 38 54 71 88 105 60 45 34 29 33 45 59 75 91 108 68 55 46 43 46 55 67 81 97 112 77 67 60 57 59 66 77 89 103 118 88 79 73 71 73 79 88 99 112 125 100 92 87 85 87 91 99 109 121 134
32 46 49 29 35 43 24 32 39 30 30 13 64 61 21 49 33 74 42 34 38 40 43 26 32 62 34 36 52 25 28 47 66 50 18 7 37 55 29 36 82 67 55 46 43 46 55 67 81 96 75 60 45 33 29 33 45 59 75 91 71 54 38 23 15 23 38 54 71 88 70 52 35 18 0 18 35 52 70 87 71 54 38 23 15 23 38 54 71 88 75 60 45 33 29 33 45 59 75 91 82 67 55 46 43 46 55 67 81 96 90 77 67 59 57 59 66 77 89 103 99 88 79 73 71 73 78 87 99 111 110 100 92 87 85 86 91 99 109 120
49 36 54 25 21 39 20 23 30 24 18 14 47 53 37 48 17 57 54 24 55 30 47 24 26 45 36 25 38 24 45 32 49 42 35 12 24 39 40 28 97 82 67 55 46 42 46 55 67 81 91 75 60 45 33 28 33 45 59 75 88 71 54 38 23 14 23 38 54 71 87 70 52 35 18 0 18 35 52 70 88 71 54 38 23 14 23 38 54 71 91 75 60 45 33 28 33 45 59 75 97 82 67 55 46 42 46 55 67 81 104 90 77 66 59 56 59 66 76 89 112 99 88 79 73 70 72 78 87 98 122 110 99 91 86 84 86 91 98 108
67 32 63 32 16 43 30 25 29 29 19 29 30 50 53 53 9 40 68 24 72 28 56 32 31 28 45 24 28 34 62 22 31 39 52 29 20 24 55 30 113 97 81 67 55 46 42 46 54 67 108 91 75 59 45 33 28 33 45 59 105 88 71 54 38 23 14 23 38 54 104 87 70 52 35 18 0 18 35 52 105 88 71 54 38 23 14 23 38 54 108 91 75 59 45 33 28 33 45 59 113 97 81 67 55 46 42 46 54 67 119 104 90 77 66 59 56 59 66 76 126 112 99 88 78 72 70 72 78 87 134 121 109 99 91 86 84 85 90 98
84 37 76 45 26 53 44 36 38 42 31 46 13 52 70 63 22 22 84 35 90 36 69 46 43 13 57 34 27 48 79 23 14 44 70 46 29 14 71 40 129 112 97 81 67 55 46 42 45 54 125 108 91 75 59 45 33 28 33 45 122 105 88 71 54 38 23 14 23 38 122 104 87 70 52 35 18 0 18 35 122 105 88 71 54 38 23 14 23 38 125 108 91 75 59 45 33 28 33 45 129 112 97 81 67 55 46 42 45 54 134 118 104 89 77 66 59 56 58 65 140 126 112 99 87 78 72 70 72 77 148 134 121 109 99 91 85 83 85 90
101 48 90 61 41 65 60 51 51 57 47 63 9 60 87 75 39 5 100 50 107 49 83 62 58 12 72 48 36 64 96 35 5 55 87 64 43 22 87 54 145 129 112 97 81 67 54 45 42 45 142 125 108 91 75 59 45 33 28 33 140 122 105 88 71 54 38 23 14 23 139 122 104 87 70 52 35 18 0 18 140 122 105 88 71 54 38 23 14 23 142 125 108 91 75 59 45 33 28 33 145 129 112 97 81 67 54 45 42 45 150 134 118 103 89 76 66 58 55 58 156 140 126 112 99 87 78 72 69 71 162 148 134 121 109 98 90 85 83 85
118 62 105 77 58 80 77 67 66 73 64 80 25 72 104 90 56 13 116 66 124 64 99 78 74 27 88 64 49 80 114 50 22 68 104 81 59 36 104 69 162 145 129 112 96 81 67 54 45 42 159 142 125 108 91 75 59 45 33 28 157 140 122 105 88 71 54 38 23 14 156 139 122 104 87 70 52 35 18 0 157 140 122 105 88 71 54 38 23 14 159 142 125 108 91 75 59 45 33 28 162 145 129 112 96 81 67 54 45 42 166 150 134 118 103 89 76 65 58 55 171 155 140 125 111 98 87 77 71 69 177 162 148 134 120 108 98 90 85 83
41 104 73 84 101 90 89 93 98 88 95 77 133 110 60 87 102 144 49 95 37 100 73 82 88 131 78 97 115 80 48 112 135 104 55 77 101 123 57 94 58 60 67 77 90 104 119 134 150 166 43 47 55 68 82 97 113 129 145 162 29 34 45 60 75 91 108 125 142 159 15 23 38 54 71 88 105 122 140 157 0 18 35 52 70 87 104 122 139 156 15 23 38 54 71 88 105 122 140 157 29 34 45 60 75 91 108 125 142 159 43 47 55 68 82 97 113 129 145 162 58 60 67 77 90 104 119 134 150 166 72 74 80 88 99 112 126 140 156 171
26 87 58 67 84 74 73 76 80 71 78 60 116 94 45 71 84 127 34 78 24 83 58 65 71 114 61 80 98 63 33 94 118 87 38 60 84 106 40 77 60 57 60 67 77 90 104 118 134 150 47 43 46 55 67 82 97 112 129 145 34 29 34 45 60 75 91 108 125 142 23 15 23 38 54 71 88 105 122 140 18 0 18 35 52 70 87 104 122 139 23 15 23 38 54 71 88 105 122 140 34 29 34 45 60 75 91 108 125 142 47 43 46 55 67 82 97 112 129 145 60 57 60 67 77 90 104 118 134 150 74 72 73 79 88 99 112 126 140 155
16 71 45 50 66 58 58 59 63 54 61 43 99 78 33 57 67 110 22 60 19 66 43 48 54 96 45 63 81 46 22 77 101 71 23 43 66 88 24 60 67 60 57 60 67 77 90 104 118 134 55 46 43 46 55 67 81 97 112 129 45 34 29 34 45 60 75 91 108 125 38 23 15 23 38 54 71 88 105 122 35 18 0 18 35 52 70 87 104 122 38 23 15 23 38 54 71 88 105 122 45 34 29 34 45 60 75 91 108 125 55 46 43 46 55 67 81 97 112 129 67 60 57 60 67 77 90 104 118 134 80 73 71 73 79 88 99 112 126 140
21 54 37 34 49 43 45 42 47 37 43 26 81 63 27 44 50 92 21 43 27 49 32 31 37 79 30 45 64 29 22 60 84 55 15 26 49 71 12 43 77 67 60 57 59 66 77 89 103 118 68 55 46 43 46 55 67 81 97 112 60 45 34 29 33 45 59 75 91 108 54 38 23 15 23 38 54 71 88 105 52 35 18 0 18 35 52 70 87 104 54 38 23 15 23 38 54 71 88 105 60 45 34 29 33 45 59 75 91 108 68 55 46 43 46 55 67 81 97 112 77 67 60 57 59 66 77 89 103 118 88 79 73 71 73 79 88 99 112 125
35 38 35 18 32 31 36 25 31 20 26 9 64 50 32 35 33 75 32 26 42 33 29 15 22 62 21 29 47 14 34 43 67 40 23 13 32 54 18 27 90 77 67 59 57 59 66 77 89 103 82 67 55 46 43 46 55 67 81 96 75 60 45 33 29 33 45 59 75 91 71 54 38 23 15 23 38 54 71 88 70 52 35 18 0 18 35 52 70 87 71 54 38 23 15 23 38 54 71 88 75 60 45 33 29 33 45 59 75 91 82 67 55 46 43 46 55 67 81 96 90 77 67 59 57 59 66 77 89 103 99 88 79 73 71 73 78 87 99 111
51 24 42 11 14 25 34 10 17 10 9 11 47 40 44 34 16 58 46 11 58 18 35 11 12 44 23 13 30 12 49 26 50 29 38 16 15 36 33 15 104 90 77 66 59 56 59 66 76 89 97 82 67 55 46 42 46 55 67 81 91 75 60 45 33 28 33 45 59 75 88 71 54 38 23 14 23 38 54 71 87 70 52 35 18 0 18 35 52 70 88 71 54 38 23 14 23 38 54 71 91 75 60 45 33 28 33 45 59 75 97 82 67 55 46 42 46 55 67 81 104 90 77 66 59 56 59 66 76 89 112 99 88 79 73 70 72 78 87 98
68 18 53 24 4 31 40 14 16 20 10 28 30 36 58 41 7 42 63 13 74 15 47 25 21 27 35 12 16 27 65 10 33 25 54 31 7 19 50 18 119 104 90 77 66 59 56 59 66 76 113 97 81 67 55 46 42 46 54 67 108 91 75 59 45 33 28 33 45 59 105 88 71 54 38 23 14 23 38 54 104 87 70 52 35 18 0 18 35 52 105 88 71 54 38 23 14 23 38 54 108 91 75 59 45 33 28 33 45 59 113 97 81 67 55 46 42 46 54 67 119 104 90 77 66 59 56 59 66 76 126 112 99 88 78 72 70 72 78 87
85 26 68 40 21 43 52 30 29 36 27 45 14 40 74 53 21 26 79 29 91 27 61 41 37 11 51 27 14 43 81 13 18 33 71 47 22 2 67 32 134 118 104 89 77 66 59 56 58 65 129 112 97 81 67 55 46 42 45 54 125 108 91 75 59 45 33 28 33 45 122 105 88 71 54 38 23 14 23 38 122 104 87 70 52 35 18 0 18 35 122 105 88 71 54 38 23 14 23 38 125 108 91 75 59 45 33 28 33 45 129 112 97 81 67 55 46 42 45 54 134 118 104 89 77 66 59 56 58 65 140 126 112 99 87 78 72 70 72 77
102 40 83 57 39 58 66 47 45 53 44 62 11 50 90 68 38 14 96 46 108 43 77 58 53 10 67 44 28 61 98 29 12 46 88 64 39 17 84 48 150 134 118 103 89 76 66 58 55 58 145 129 112 97 81 67 54 45 42 45 142 125 108 91 75 59 45 33 28 33 140 122 105 88 71 54 38 23 14 23 139 122 104 87 70 52 35 18 0 18 140 122 105 88 71 54 38 23 14 23 142 125 108 91 75 59 45 33 28 33 145 129 112 97 81 67 54 45 42 45 150 134 118 103 89 76 66 58 55 58 156 140 126 112 99 87 78 72 69 71
119 56 99 74 56 74 81 64 62 70 62 79 25 63 107 83 55 18 113 63 125 60 94 76 70 27 84 61 44 78 115 46 25 61 105 81 56 34 101 65 166 150 134 118 103 89 76 65 58 55 162 145 129 112 96 81 67 54 45 42 159 142 125 108 91 75 59 45 33 28 157 140 122 105 88 71 54 38 23 14 156 139 122 104 87 70 52 35 18 0 157 140 122 105 88 71 54 38 23 14 159 142 125 108 91 75 59 45 33 28 162 145 129 112 96 81 67 54 45 42 166 150 134 118 103 89 76 65 58 55 171 155 140 125 111 98 87 77 71 69
48 103 67 84 102 87 95 93 97 87 96 79 135 107 67 82 103 146 46 95 46 99 69 82 87 132 75 97 114 80 55 112 137 101 60 80 101 124 56 93 72 74 80 88 99 112 126 140 156 171 58 60 67 77 90 104 119 134 150 166 43 47 55 68 82 97 113 129 145 162 29 34 45 60 75 91 108 125 142 159 15 23 38 54 71 88 105 122 140 157 0 18 35 52 70 87 104 122 139 156 15 23 38 54 71 88 105 122 140 157 29 34 45 60 75 91 108 125 142 159 43 47 55 68 82 97 113 129 145 162 58 60 67 77 90 104 119 134 150 166
36 86 51 67 85 70 81 76 79 70 79 63 118 90 55 66 87 129 29 77 36 81 52 65 70 115 58 79 97 62 43 94 120 84 46 64 84 107 39 76 74 72 73 79 88 99 112 126 140 155 60 57 60 67 77 90 104 118 134 150 47 43 46 55 67 82 97 112 129 145 34 29 34 45 60 75 91 108 125 142 23 15 23 38 54 71 88 105 122 140 18 0 18 35 52 70 87 104 122 139 23 15 23 38 54 71 88 105 122 140 34 29 34 45 60 75 91 108 125 142 47 43 46 55 67 82 97 112 129 145 60 57 60 67 77 90 104 118 134 150
30 68 36 49 67 53 68 59 62 53 62 46 101 73 45 49 70 112 12 60 33 64 36 47 53 98 41 62 80 45 35 77 104 67 34 48 67 89 22 58 80 73 71 73 79 88 99 112 126 140 67 60 57 60 67 77 90 104 118 134 55 46 43 46 55 67 81 97 112 129 45 34 29 34 45 60 75 91 108 125 38 23 15 23 38 54 71 88 105 122 35 18 0 18 35 52 70 87 104 122 38 23 15 23 38 54 71 88 105 122 45 34 29 34 45 60 75 91 108 125 55 46 43 46 55 67 81 97 112 129 67 60 57 60 67 77 90 104 118 134
33 51 24 32 51 36 57 42 45 36 45 31 84 57 41 34 53 95 9 43 38 47 21 30 35 81 24 45 62 28 36 60 87 50 29 35 50 72 5 41 88 79 73 71 73 79 88 99 112 125 77 67 60 57 59 66 77 89 103 118 68 55 46 43 46 55 67 81 97 112 60 45 34 29 33 45 59 75 91 108 54 38 23 15 23 38 54 71 88 105 52 35 18 0 18 35 52 70 87 104 54 38 23 15 23 38 54 71 88 105 60 45 34 29 33 45 59 75 91 108 68 55 46 43 46 55 67 81 97 112 77 67 60 57 59 66 77 89 103 118
43 34 22 15 34 21 50 25 27 19 29 20 67 41 44 22 38 79 25 26 49 29 15 14 18 64 8 28 45 12 43 43 70 33 34 26 33 56 14 24 99 88 79 73 71 73 78 87 99 111 90 77 67 59 57 59 66 77 89 103 82 67 55 46 43 46 55 67 81 96 75 60 45 33 29 33 45 59 75 91 71 54 38 23 15 23 38 54 71 88 70 52 35 18 0 18 35 52 70 87 71 54 38 23 15 23 38 54 71 88 75 60 45 33 29 33 45 59 75 91 82 67 55 46 43 46 55 67 81 96 90 77 67 59 57 59 66 77 89 103
57 17 31 5 19 11 48 9 10 5 15 21 51 28 53 21 25 63 42 10 64 12 25 8 3 48 13 11 28 10 56 26 55 18 45 28 17 39 32 7 112 99 88 79 73 70 72 78 87 98 104 90 77 66 59 56 59 66 76 89 97 82 67 55 46 42 46 55 67 81 91 75 60 45 33 28 33 45 59 75 88 71 54 38 23 14 23 38 54 71 87 70 52 35 18 0 18 35 52 70 88 71 54 38 23 14 23 38 54 71 91 75 60 45 33 28 33 45 59 75 97 82 67 55 46 42 46 55 67 81 104 90 77 66 59 56 59 66 76 89
73 4 46 21 14 21 53 14 8 18 16 33 37 22 66 31 20 48 60 12 79 6 40 24 18 33 30 10 11 26 70 11 40 12 60 38 10 24 49 12 126 112 99 88 78 72 70 72 78 87 119 104 90 77 66 59 56 59 66 76 113 97 81 67 55 46 42 46 54 67 108 91 75 59 45 33 28 33 45 59 105 88 71 54 38 23 14 23 38 54 104 87 70 52 35 18 0 18 35 52 105 88 71 54 38 23 14 23 38 54 108 91 75 59 45 33 28 33 45 59 113 97 81 67 55 46 42 46 54 67 119 104 90 77 66 59 56 59 66 76
89 19 62 39 25 37 62 30 26 35 30 48 25 28 80 46 29 35 77 28 95 23 56 41 35 21 47 26 8 43 86 13 29 24 75 52 23 15 66 29 140 126 112 99 87 78 72 70 72 77 134 118 104 89 77 66 59 56 58 65 129 112 97 81 67 55 46 42 45 54 125 108 91 75 59 45 33 28 33 45 122 105 88 71 54 38 23 14 23 38 122 104 87 70 52 35 18 0 18 35 122 105 88 71 54 38 23 14 23 38 125 108 91 75 59 45 33 28 33 45 129 112 97 81 67 55 46 42 45 54 134 118 104 89 77 66 59 56 58 65
105 37 78 56 41 54 74 47 43 52 46 65 23 41 95 62 43 27 94 45 111 41 73 58 52 21 64 43 25 60 102 29 26 40 92 68 40 22 83 46 156 140 126 112 99 87 78 72 69 71 150 134 118 103 89 76 66 58 55 58 145 129 112 97 81 67 54 45 42 45 142 125 108 91 75 59 45 33 28 33 140 122 105 88 71 54 38 23 14 23 139 122 104 87 70 52 35 18 0 18 140 122 105 88 71 54 38 23 14 23 142 125 108 91 75 59 45 33 28 33 145 129 112 97 81 67 54 45 42 45 150 134 118 103 89 76 66 58 55 58
122 54 95 73 57 71 88 64 60 70 63 81 33 57 111 79 59 30 111 63 128 58 90 75 69 32 82 60 42 77 118 46 33 57 108 84 57 37 101 64 171 155 140 125 111 98 87 77 71 69 166 150 134 118 103 89 76 65 58 55 162 145 129 112 96 81 67 54 45 42 159 142 125 108 91 75 59 45 33 28 157 140 122 105 88 71 54 38 23 14 156 139 122 104 87 70 52 35 18 0 157 140 122 105 88 71 54 38 23 14 159 142 125 108 91 75 59 45 33 28 162 145 129 112 96 81 67 54 45 42 166 150 134 118 103 89 76 65 58 55
58 104 64 86 104 87 103 95 98 89 99 84 138 105 77 80 107 149 46 97 57 100 67 84 89 135 76 99 116 82 65 114 141 101 68 86 103 126 59 94 86 88 93 100 110 122 134 148 162 177 72 74 80 88 99 112 126 140 156 171 58 60 67 77 90 104 119 134 150 166 43 47 55 68 82 97 113 129 145 162 29 34 45 60 75 91 108 125 142 159 15 23 38 54 71 88 105 122 140 157 0 18 35 52 70 87 104 122 139 156 15 23 38 54 71 88 105 122 140 157 29 34 45 60 75 91 108 125 142 159 43 47 55 68 82 97 113 129 145 162
48 86 47 69 88 69 90 79 81 73 82 68 121 87 66 63 91 133 29 80 49 83 50 67 72 118 59 82 98 65 55 97 124 84 56 71 87 109 42 77 88 86 87 92 100 110 121 134 148 162 74 72 73 79 88 99 112 126 140 155 60 57 60 67 77 90 104 118 134 150 47 43 46 55 67 82 97 112 129 145 34 29 34 45 60 75 91 108 125 142 23 15 23 38 54 71 88 105 122 140 18 0 18 35 52 70 87 104 122 139 23 15 23 38 54 71 88 105 122 140 34 29 34 45 60 75 91 108 125 142 47 43 46 55 67 82 97 112 129 145
44 69 30 52 72 52 78 62 64 56 66 54 105 70 58 46 75 116 14 63 47 66 33 51 55 102 42 65 81 49 49 80 108 66 47 57 70 93 27 60 93 87 85 87 92 99 109 121 134 148 80 73 71 73 79 88 99 112 126 140 67 60 57 60 67 77 90 104 118 134 55 46 43 46 55 67 81 97 112 129 45 34 29 34 45 60 75 91 108 125 38 23 15 23 38 54 71 88 105 122 35 18 0 18 35 52 70 87 104 122 38 23 15 23 38 54 71 88 105 122 45 34 29 34 45 60 75 91 108 125 55 46 43 46 55 67 81 97 112 129
46 52 14 36 56 35 69 46 47 40 51 41 89 53 55 29 60 100 12 47 51 49 15 36 39 85 25 49 65 34 49 63 92 49 43 46 54 76 18 44 100 92 87 85 87 91 99 109 121 134 88 79 73 71 73 79 88 99 112 125 77 67 60 57 59 66 77 89 103 118 68 55 46 43 46 55 67 81 97 112 60 45 34 29 33 45 59 75 91 108 54 38 23 15 23 38 54 71 88 105 52 35 18 0 18 35 52 70 87 104 54 38 23 15 23 38 54 71 88 105 60 45 34 29 33 45 59 75 91 108 68 55 46 43 46 55 67 81 97 112
54 35 9 23 42 18 63 32 31 26 37 33 73 36 58 12 47 85 26 32 60 33 3 23 24 70 11 34 48 22 55 47 77 32 47 40 39 61 22 28 110 100 92 87 85 86 91 99 109 120 99 88 79 73 71 73 78 87 99 111 90 77 67 59 57 59 66 77 89 103 82 67 55 46 43 46 55 67 81 96 75 60 45 33 29 33 45 59 75 91 71 54 38 23 15 23 38 54 71 88 70 52 35 18 0 18 35 52 70 87 71 54 38 23 15 23 38 54 71 88 75 60 45 33 29 33 45 59 75 91 82 67 55 46 43 46 55 67 81 96
65 20 25 18 31 4 62 22 18 19 28 34 59 19 65 9 37 70 43 22 72 19 20 21 17 55 15 22 32 21 65 33 62 15 55 41 27 46 36 17 122 110 99 91 86 84 86 91 98 108 112 99 88 79 73 70 72 78 87 98 104 90 77 66 59 56 59 66 76 89 97 82 67 55 46 42 46 55 67 81 91 75 60 45 33 28 33 45 59 75 88 71 54 38 23 14 23 38 54 71 87 70 52 35 18 0 18 35 52 70 88 71 54 38 23 14 23 38 54 71 91 75 60 45 33 28 33 45 59 75 97 82 67 55 46 42 46 55 67 81
79 11 41 27 27 18 65 24 17 26 28 42 46 8 75 25 34 57 60 23 86 16 37 30 24 43 31 21 19 32 78 23 50 5 68 48 23 34 52 19 134 121 109 99 91 86 84 85 90 98 126 112 99 88 78 72 70 72 78 87 119 104 90 77 66 59 56 59 66 76 113 97 81 67 55 46 42 46 54 67 108 91 75 59 45 33 28 33 45 59 105 88 71 54 38 23 14 23 38 54 104 87 70 52 35 18 0 18 35 52 105 88 71 54 38 23 14 23 38 54 108 91 75 59 45 33 28 33 45 59 113 97 81 67 55 46 42 46 54 67
94 22 59 42 34 36 73 36 29 40 38 55 38 19 88 42 40 46 77 34 101 27 55 45 38 34 48 32 18 47 92 24 42 22 82 60 31 28 68 33 148 134 121 109 99 91 85 83 85 90 140 126 112 99 87 78 72 70 72 77 134 118 104 89 77 66 59 56 58 65 129 112 97 81 67 55 46 42 45 54 125 108 91 75 59 45 33 28 33 45 122 105 88 71 54 38 23 14 23 38 122 104 87 70 52 35 18 0 18 35 122 105 88 71 54 38 23 14 23 38 125 108 91 75 59 45 33 28 33 45 129 112 97 81 67 55 46 42 45 54
110 38 76 58 47 53 84 51 45 55 51 70 37 36 102 59 51 41 94 49 116 43 72 61 55 34 65 47 30 63 107 35 39 39 97 74 45 33 85 49 162 148 134 121 109 98 90 85 83 85 156 140 126 112 99 87 78 72 69 71 150 134 118 103 89 76 66 58 55 58 145 129 112 97 81 67 54 45 42 45 142 125 108 91 75 59 45 33 28 33 140 122 105 88 71 54 38 23 14 23 139 122 104 87 70 52 35 18 0 18 140 122 105 88 71 54 38 23 14 23 142 125 108 91 75 59 45 33 28 33 145 129 112 97 81 67 54 45 42 45
126 55 93 75 62 70 96 67 62 72 67 85 43 53 117 77 65 42 112 65 132 60 89 78 71 42 82 63 45 80 123 50 45 56 113 89 60 44 102 65 177 162 148 134 120 108 98 90 85 83 171 155 140 125 111 98 87 77 71 69 166 150 134 118 103 89 76 65 58 55 162 145 129 112 96 81 67 54 45 42 159 142 125 108 91 75 59 45 33 28 157 140 122 105 88 71 54 38 23 14 156 139 122 104 87 70 52 35 18 0 157 140 122 105 88 71 54 38 23 14 159 142 125 108 91 75 59 45 33 28 162 145 129 112 96 81 67 54 45 42
69 106 64 90 109 88 112 99 101 93 103 90 142 105 88 81 112 154 51 100 69 103 69 88 93 139 79 102 118 86 76 117 145 102 78 93 107 130 64 98 100 102 106 112 121 132 144 156 170 184 86 88 93 100 110 122 134 148 162 177 72 74 80 88 99 112 126 140 156 171 58 60 67 77 90 104 119 134 150 166 43 47 55 68 82 97 113 129 145 162 29 34 45 60 75 91 108 125 142 159 15 23 38 54 71 88 105 122 140 157 0 18 35 52 70 87 104 122 139 156 15 23 38 54 71 88 105 122 140 157 29 34 45 60 75 91 108 125 142 159
61 89 47 74 93 71 100 83 84 77 88 76 126 87 78 64 97 138 36 84 63 86 52 73 76 123 62 86 102 71 68 101 129 85 67 79 91 114 50 81 102 100 101 105 112 121 131 143 156 170 88 86 87 92 100 110 121 134 148 162 74 72 73 79 88 99 112 126 140 155 60 57 60 67 77 90 104 118 134 150 47 43 46 55 67 82 97 112 129 145 34 29 34 45 60 75 91 108 125 142 23 15 23 38 54 71 88 105 122 140 18 0 18 35 52 70 87 104 122 139 23 15 23 38 54 71 88 105 122 140 34 29 34 45 60 75 91 108 125 142
58 73 30 59 78 55 90 68 68 62 73 63 110 70 72 46 82 122 26 69 61 70 36 58 61 107 47 70 85 56 63 85 114 68 60 67 76 98 38 65 106 101 99 101 105 112 121 131 143 156 93 87 85 87 92 99 109 121 134 148 80 73 71 73 79 88 99 112 126 140 67 60 57 60 67 77 90 104 118 134 55 46 43 46 55 67 81 97 112 129 45 34 29 34 45 60 75 91 108 125 38 23 15 23 38 54 71 88 105 122 35 18 0 18 35 52 70 87 104 122 38 23 15 23 38 54 71 88 105 122 45 34 29 34 45 60 75 91 108 125
59 57 14 45 64 39 82 54 53 48 59 53 95 53 69 30 69 107 24 55 64 55 21 45 47 92 33 56 69 44 63 69 99 52 57 58 61 83 32 50 112 105 101 99 100 105 111 120 131 143 100 92 87 85 87 91 99 109 121 134 88 79 73 71 73 79 88 99 112 125 77 67 60 57 59 66 77 89 103 118 68 55 46 43 46 55 67 81 97 112 60 45 34 29 33 45 59 75 91 108 54 38 23 15 23 38 54 71 88 105 52 35 18 0 18 35 52 70 87 104 54 38 23 15 23 38 54 71 88 105 60 45 34 29 33 45 59 75 91 108
66 42 10 35 52 25 77 42 40 38 48 47 81 36 71 14 58 92 34 42 71 41 15 36 35 77 24 43 54 35 68 55 85 36 60 54 48 68 34 38 121 112 105 100 99 100 104 111 120 130 110 100 92 87 85 86 91 99 109 120 99 88 79 73 71 73 78 87 99 111 90 77 67 59 57 59 66 77 89 103 82 67 55 46 43 46 55 67 81 96 75 60 45 33 29 33 45 59 75 91 71 54 38 23 15 23 38 54 71 88 70 52 35 18 0 18 35 52 70 87 71 54 38 23 15 23 38 54 71 88 75 60 45 33 29 33 45 59 75 91
75 30 25 32 43 18 76 36 30 33 41 47 68 19 77 12 50 79 48 35 81 31 25 34 31 64 26 35 41 35 76 43 72 22 67 54 39 56 44 30 132 121 112 105 100 98 99 104 110 119 122 110 99 91 86 84 86 91 98 108 112 99 88 79 73 70 72 78 87 98 104 90 77 66 59 56 59 66 76 89 97 82 67 55 46 42 46 55 67 81 91 75 60 45 33 28 33 45 59 75 88 71 54 38 23 14 23 38 54 71 87 70 52 35 18 0 18 35 52 70 88 71 54 38 23 14 23 38 54 71 91 75 60 45 33 28 33 45 59 75
88 25 42 38 41 25 79 37 30 37 42 54 58 7 86 26 48 67 64 36 94 29 40 41 35 54 37 35 32 42 87 36 62 18 77 60 37 46 58 31 144 131 121 111 104 99 98 99 103 110 134 121 109 99 91 86 84 85 90 98 126 112 99 88 78 72 70 72 78 87 119 104 90 77 66 59 56 59 66 76 113 97 81 67 55 46 42 46 54 67 108 91 75 59 45 33 28 33 45 59 105 88 71 54 38 23 14 23 38 54 104 87 70 52 35 18 0 18 35 52 105 88 71 54 38 23 14 23 38 54 108 91 75 59 45 33 28 33 45 59
101 31 59 50 46 39 85 45 38 48 48 64 51 19 97 43 52 59 80 44 108 37 56 52 46 48 52 42 31 54 100 37 55 27 90 70 42 42 73 41 156 143 131 120 111 104 99 97 99 103 148 134 121 109 99 91 85 83 85 90 140 126 112 99 87 78 72 70 72 77 134 118 104 89 77 66 59 56 58 65 129 112 97 81 67 55 46 42 45 54 125 108 91 75 59 45 33 28 33 45 122 105 88 71 54 38 23 14 23 38 122 104 87 70 52 35 18 0 18 35 122 105 88 71 54 38 23 14 23 38 125 108 91 75 59 45 33 28 33 45
116 44 76 64 56 55 94 58 51 61 60 77 50 36 110 60 61 54 97 56 122 50 73 67 60 48 68 54 39 69 114 45 53 42 104 82 53 45 89 55 170 156 143 131 120 110 103 99 97 98 162 148 134 121 109 98 90 85 83 85 156 140 126 112 99 87 78 72 69 71 150 134 118 103 89 76 66 58 55 58 145 129 112 97 81 67 54 45 42 45 142 125 108 91 75 59 45 33 28 33 140 122 105 88 71 54 38 23 14 23 139 122 104 87 70 52 35 18 0 18 140 122 105 88 71 54 38 23 14 23 142 125 108 91 75 59 45 33 28 33
131 59 93 79 69 72 105 72 66 77 73 91 55 53 124 77 73 56 114 71 138 64 90 82 76 53 85 69 52 84 129 57 57 58 118 96 67 54 105 70 184 170 156 143 130 119 110 103 98 96 177 162 148 134 120 108 98 90 85 83 171 155 140 125 111 98 87 77 71 69 166 150 134 118 103 89 76 65 58 55 162 145 129 112 96 81 67 54 45 42 159 142 125 108 91 75 59 45 33 28 157 140 122 105 88 71 54 38 23 14 156 139 122 104 87 70 52 35 18 0 157 140 122 105 88 71 54 38 23 14 159 142 125 108 91 75 59 45 33 28
81 110 68 96 115 92 122 105 106 99 110 98 148 106 99 83 119 159 59 106 82 108 73 95 98 144 84 108 123 93 88 122 151 106 89 102 113 135 72 103 115 116 119 125 133 143 154 166 179 192 100 102 106 112 121 132 144 156 170 184 86 88 93 100 110 122 134 148 162 177 72 74 80 88 99 112 126 140 156 171 58 60 67 77 90 104 119 134 150 166 43 47 55 68 82 97 113 129 145 162 29 34 45 60 75 91 108 125 142 159 15 23 38 54 71 88 105 122 140 157 0 18 35 52 70 87 104 122 139 156 15 23 38 54 71 88 105 122 140 157
75 94 51 81 100 76 111 90 90 84 95 85 132 89 91 67 105 144 47 91 77 92 58 80 83 129 69 93 107 78 81 106 136 89 80 89 98 120 60 87 116 114 115 119 125 133 142 153 165 178 102 100 101 105 112 121 131 143 156 170 88 86 87 92 100 110 121 134 148 162 74 72 73 79 88 99 112 126 140 155 60 57 60 67 77 90 104 118 134 150 47 43 46 55 67 82 97 112 129 145 34 29 34 45 60 75 91 108 125 142 23 15 23 38 54 71 88 105 122 140 18 0 18 35 52 70 87 104 122 139 23 15 23 38 54 71 88 105 122 140
72 79 37 67 86 61 102 76 75 71 82 74 117 73 86 51 91 129 39 77 75 77 43 67 69 114 55 78 91 66 77 91 121 73 74 79 83 105 50 73 119 115 114 115 118 124 132 142 153 165 106 101 99 101 105 112 121 131 143 156 93 87 85 87 92 99 109 121 134 148 80 73 71 73 79 88 99 112 126 140 67 60 57 60 67 77 90 104 118 134 55 46 43 46 55 67 81 97 112 129 45 34 29 34 45 60 75 91 108 125 38 23 15 23 38 54 71 88 105 122 35 18 0 18 35 52 70 87 104 122 38 23 15 23 38 54 71 88 105 122
73 64 25 56 74 47 95 64 62 59 70 66 103 56 83 37 79 114 38 64 77 63 32 56 57 100 44 65 77 55 77 77 107 58 71 72 70 90 46 60 125 119 115 113 114 118 124 132 141 152 112 105 101 99 100 105 111 120 131 143 100 92 87 85 87 91 99 109 121 134 88 79 73 71 73 79 88 99 112 125 77 67 60 57 59 66 77 89 103 118 68 55 46 43 46 55 67 81 97 112 60 45 34 29 33 45 59 75 91 108 54 38 23 15 23 38 54 71 88 105 52 35 18 0 18 35 52 70 87 104 54 38 23 15 23 38 54 71 88 105
78 51 23 48 63 36 91 54 51 50 60 61 90 41 85 26 70 101 45 54 83 52 29 49 48 87 38 55 63 49 81 65 94 44 73 68 60 78 48 49 133 125 118 114 113 114 117 123 131 141 121 112 105 100 99 100 104 111 120 130 110 100 92 87 85 86 91 99 109 120 99 88 79 73 71 73 78 87 99 111 90 77 67 59 57 59 66 77 89 103 82 67 55 46 43 46 55 67 81 96 75 60 45 33 29 33 45 59 75 91 71 54 38 23 15 23 38 54 71 88 70 52 35 18 0 18 35 52 70 87 71 54 38 23 15 23 38 54 71 88
86 42 32 46 57 31 90 49 44 47 55 61 79 27 90 24 64 89 56 49 92 44 35 48 45 75 39 49 52 48 88 55 83 34 79 68 53 67 55 44 143 133 124 118 114 112 113 117 123 131 132 121 112 105 100 98 99 104 110 119 122 110 99 91 86 84 86 91 98 108 112 99 88 79 73 70 72 78 87 98 104 90 77 66 59 56 59 66 76 89 97 82 67 55 46 42 46 55 67 81 91 75 60 45 33 28 33 45 59 75 88 71 54 38 23 14 23 38 54 71 87 70 52 35 18 0 18 35 52 70 88 71 54 38 23 14 23 38 54 71
97 39 46 50 55 36 92 50 43 50 55 66 70 21 97 34 62 79 70 49 103 43 47 53 48 66 47 48 45 54 98 50 74 32 88 73 51 59 66 45 154 142 132 124 117 113 112 113 116 122 144 131 121 111 104 99 98 99 103 110 134 121 109 99 91 86 84 85 90 98 126 112 99 88 78 72 70 72 78 87 119 104 90 77 66 59 56 59 66 76 113 97 81 67 55 46 42 46 54 67 108 91 75 59 45 33 28 33 45 59 105 88 71 54 38 23 14 23 38 54 104 87 70 52 35 18 0 18 35 52 105 88 71 54 38 23 14 23 38 54
110 43 62 59 59 47 98 57 49 58 60 75 65 27 107 48 65 72 85 55 116 48 61 62 56 61 60 54 45 64 109 50 68 38 99 81 55 56 80 52 166 153 142 132 123 117 113 111 112 116 156 143 131 120 111 104 99 97 99 103 148 134 121 109 99 91 85 83 85 90 140 126 112 99 87 78 72 70 72 77 134 118 104 89 77 66 59 56 58 65 129 112 97 81 67 55 46 42 45 54 125 108 91 75 59 45 33 28 33 45 122 105 88 71 54 38 23 14 23 38 122 104 87 70 52 35 18 0 18 35 122 105 88 71 54 38 23 14 23 38
123 53 79 72 67 61 106 67 60 70 70 86 64 40 119 63 72 68 101 66 130 59 77 75 68 61 74 64 51 76 122 56 67 49 112 92 63 58 95 63 179 165 153 141 131 123 116 112 110 112 170 156 143 131 120 110 103 99 97 98 162 148 134 121 109 98 90 85 83 85 156 140 126 112 99 87 78 72 69 71 150 134 118 103 89 76 66 58 55 58 145 129 112 97 81 67 54 45 42 45 142 125 108 91 75 59 45 33 28 33 140 122 105 88 71 54 38 23 14 23 139 122 104 87 70 52 35 18 0 18 140 122 105 88 71 54 38 23 14 23
138 66 95 86 78 77 116 80 73 83 82 99 68 56 132 80 82 69 117 78 144 72 94 89 82 66 89 76 61 90 136 66 70 64 126 104 75 65 110 77 192 178 165 152 141 131 122 116 112 110 184 170 156 143 130 119 110 103 98 96 177 162 148 134 120 108 98 90 85 83 171 155 140 125 111 98 87 77 71 69 166 150 134 118 103 89 76 65 58 55 162 145 129 112 96 81 67 54 45 42 159 142 125 108 91 75 59 45 33 28 157 140 122 105 88 71 54 38 23 14 156 139 122 104 87 70 52 35 18 0 157 140 122 105 88 71 54 38 23 14
94 116 73 103 122 98 133 112 112 107 117 108 154 110 112 88 127 166 69 113 95 114 80 103 105 151 91 115 128 101 101 128 158 111 101 112 120 142 82 109 129 130 133 138 145 154 164 176 188 201 115 116 119 125 133 143 154 166 179 192 100 102 106 112 121 132 144 156 170 184 86 88 93 100 110 122 134 148 162 177 72 74 80 88 99 112 126 140 156 171 58 60 67 77 90 104 119 134 150 166 43 47 55 68 82 97 113 129 145 162 29 34 45 60 75 91 108 125 142 159 15 23 38 54 71 88 105 122 140 157 0 18 35 52 70 87 104 122 139 156
89 101 59 90 109 83 123 99 97 93 104 96 140 94 104 73 114 151 59 99 91 99 66 89 91 136 77 101 113 88 95 114 143 95 93 101 106 127 71 95 130 128 129 132 138 145 154 164 175 187 116 114 115 119 125 133 142 153 165 178 102 100 101 105 112 121 131 143 156 170 88 86 87 92 100 110 121 134 148 162 74 72 73 79 88 99 112 126 140 155 60 57 60 67 77 90 104 118 134 150 47 43 46 55 67 82 97 112 129 145 34 29 34 45 60 75 91 108 125 142 23 15 23 38 54 71 88 105 122 140 18 0 18 35 52 70 87 104 122 139
86 86 46 78 96 69 115 86 84 81 92 86 126 78 99 59 101 137 53 86 89 86 54 78 79 122 65 87 99 76 91 100 129 80 88 91 93 113 63 82 133 129 128 129 132 137 144 153 163 175 119 115 114 115 118 124 132 142 153 165 106 101 99 101 105 112 121 131 143 156 93 87 85 87 92 99 109 121 134 148 80 73 71 73 79 88 99 112 126 140 67 60 57 60 67 77 90 104 118 134 55 46 43 46 55 67 81 97 112 129 45 34 29 34 45 60 75 91 108 125 38 23 15 23 38 54 71 88 105 122 35 18 0 18 35 52 70 87 104 122
87 73 38 68 85 57 108 75 72 71 81 79 112 63 98 47 91 123 52 75 91 73 45 69 68 109 56 76 85 68 91 87 116 67 86 85 81 100 60 70 138 132 129 127 128 131 137 144 153 163 125 119 115 113 114 118 124 132 141 152 112 105 101 99 100 105 111 120 131 143 100 92 87 85 87 91 99 109 121 134 88 79 73 71 73 79 88 99 112 125 77 67 60 57 59 66 77 89 103 118 68 55 46 43 46 55 67 81 97 112 60 45 34 29 33 45 59 75 91 108 54 38 23 15 23 38 54 71 88 105 52 35 18 0 18 35 52 70 87 104
91 63 37 62 76 49 105 67 63 64 73 75 101 49 99 39 82 111 57 67 96 64 43 63 61 97 52 67 74 63 94 76 104 55 87 82 72 88 61 62 145 138 132 128 127 127 131 136 143 152 133 125 118 114 113 114 117 123 131 141 121 112 105 100 99 100 104 111 120 130 110 100 92 87 85 86 91 99 109 120 99 88 79 73 71 73 78 87 99 111 90 77 67 59 57 59 66 77 89 103 82 67 55 46 43 46 55 67 81 96 75 60 45 33 29 33 45 59 75 91 71 54 38 23 15 23 38 54 71 88 70 52 35 18 0 18 35 52 70 87
98 55 43 60 70 45 104 63 57 61 69 75 91 39 103 38 77 100 66 63 104 58 47 62 59 87 52 62 64 62 100 68 94 47 92 82 66 79 67 58 154 145 137 131 127 126 127 130 135 143 143 133 124 118 114 112 113 117 123 131 132 121 112 105 100 98 99 104 110 119 122 110 99 91 86 84 86 91 98 108 112 99 88 79 73 70 72 78 87 98 104 90 77 66 59 56 59 66 76 89 97 82 67 55 46 42 46 55 67 81 91 75 60 45 33 28 33 45 59 75 88 71 54 38 23 14 23 38 54 71 87 70 52 35 18 0 18 35 52 70
108 53 54 63 69 49 106 64 57 63 69 79 83 35 110 44 76 91 78 63 114 57 56 66 61 79 59 62 59 66 109 64 87 45 100 86 65 72 77 58 164 154 144 137 131 127 125 126 130 135 154 142 132 124 117 113 112 113 116 122 144 131 121 111 104 99 98 99 103 110 134 121 109 99 91 86 84 85 90 98 126 112 99 88 78 72 70 72 78 87 119 104 90 77 66 59 56 59 66 76 113 97 81 67 55 46 42 46 54 67 108 91 75 59 45 33 28 33 45 59 105 88 71 54 38 23 14 23 38 54 104 87 70 52 35 18 0 18 35 52
119 56 68 71 72 57 110 69 62 70 73 86 78 39 119 56 78 85 92 68 125 61 69 73 68 75 69 66 59 75 119 64 82 50 110 93 68 70 88 64 176 164 153 144 136 130 126 125 126 129 166 153 142 132 123 117 113 111 112 116 156 143 131 120 111 104 99 97 99 103 148 134 121 109 99 91 85 83 85 90 140 126 112 99 87 78 72 70 72 77 134 118 104 89 77 66 59 56 58 65 129 112 97 81 67 55 46 42 45 54 125 108 91 75 59 45 33 28 33 45 122 105 88 71 54 38 23 14 23 38 122 104 87 70 52 35 18 0 18 35
132 64 84 81 78 69 117 78 70 80 81 96 78 49 129 70 84 82 107 76 138 69 83 84 78 75 82 74 63 86 131 69 81 59 121 102 75 71 102 73 188 175 163 153 143 135 130 126 124 125 179 165 153 141 131 123 116 112 110 112 170 156 143 131 120 110 103 99 97 98 162 148 134 121 109 98 90 85 83 85 156 140 126 112 99 87 78 72 69 71 150 134 118 103 89 76 66 58 55 58 145 129 112 97 81 67 54 45 42 45 142 125 108 91 75 59 45 33 28 33 140 122 105 88 71 54 38 23 14 23 139 122 104 87 70 52 35 18 0 18
145 75 99 94 88 83 127 89 82 92 91 108 81 62 141 85 93 82 122 87 152 80 99 97 90 79 96 85 71 98 144 77 83 71 134 114 85 77 116 85 201 187 175 163 152 143 135 129 125 124 192 178 165 152 141 131 122 116 112 110 184 170 156 143 130 119 110 103 98 96 177 162 148 134 120 108 98 90 85 83 171 155 140 125 111 98 87 77 71 69 166 150 134 118 103 89 76 65 58 55 162 145 129 112 96 81 67 54 45 42 159 142 125 108 91 75 59 45 33 28 157 140 122 105 88 71 54 38 23 14 156 139 122 104 87 70 52 35 18 0
