0 34 22 57 13 19 18 8 16 15 31 52 48 35 64 23 10 41 36 31 6 12 25 37 5 26 23 4 20 6 28 73 27 54 62 11 5 35 42 28 86 72 61 53 51 54 62 73 86 101 78 63 50 40 37 41 51 64 79 95 72 56 41 28 23 29 42 58 74 91 69 52 35 19 9 20 37 54 71 88 69 52 35 18 6 20 36 54 71 88 72 55 40 26 20 27 41 57 73 90 77 62 48 38 34 39 49 63 78 94 84 71 59 51 48 52 60 72 85 100 93 81 71 65 62 65 72 82 94 107 103 92 84 78 76 78 84 93 103 116
34 0 40 64 25 17 32 38 19 31 64 55 47 48 62 32 39 17 67 42 30 22 41 49 30 11 14 30 36 30 58 79 50 57 61 41 37 8 66 40 85 69 53 37 25 21 30 44 60 76 83 66 49 32 15 8 23 40 57 74 83 66 49 32 16 9 23 40 57 74 86 69 53 38 26 23 31 45 60 77 91 75 60 48 39 37 42 53 67 82 97 83 70 59 52 50 55 63 75 89 105 92 81 71 66 64 68 75 85 97 114 102 92 84 79 78 81 87 96 107 125 114 104 98 93 92 94 100 107 117 135 125 117 111 107 106 108 112 119 128
22 40 0 35 31 31 39 28 24 11 38 31 29 56 45 11 15 54 32 53 19 25 4 16 25 30 27 22 41 26 24 52 11 75 42 14 25 45 26 49 107 93 80 70 63 60 62 68 78 91 99 84 70 58 50 46 49 57 68 82 94 78 62 48 37 32 36 46 60 75 90 73 56 40 26 18 24 38 54 71 88 71 54 36 19 4 17 34 52 69 89 72 54 38 22 11 20 36 52 69 91 75 59 44 31 25 30 42 57 73 96 81 66 53 43 39 42 51 64 79 103 88 75 64 56 53 55 62 73 86 111 97 86 76 69 67 68 74 84 95
57 64 35 0 64 62 73 63 54 43 67 11 20 91 19 37 49 80 52 87 53 58 32 20 59 55 53 56 75 60 49 17 35 109 15 48 60 70 33 84 141 126 112 99 88 79 73 71 73 79 134 118 104 90 77 67 60 57 60 67 128 112 97 81 67 55 47 43 47 56 124 108 91 75 59 45 34 30 35 46 122 105 88 71 54 38 23 16 24 39 121 103 86 69 52 34 17 2 19 36 121 104 87 70 53 36 21 13 22 38 124 107 90 74 58 43 31 27 32 44 127 111 95 80 66 53 44 40 44 54 133 117 102 88 75 64 57 54 57 65
13 25 31 64 0 10 10 14 13 22 41 58 52 28 69 29 21 30 48 24 13 8 34 45 8 21 19 11 13 8 40 81 38 45 67 23 14 24 54 21 77 62 50 41 39 44 55 68 83 98 70 55 40 28 25 33 46 61 77 94 67 50 33 18 11 24 40 57 74 91 66 49 32 15 6 22 39 56 74 91 68 52 36 23 19 28 43 59 76 92 73 58 45 35 32 39 50 64 80 96 81 67 56 48 46 51 60 72 86 101 90 78 68 62 60 64 71 82 94 108 100 89 81 76 74 77 83 93 104 117 111 101 94 90 88 91 96 104 114 126
19 17 31 62 10 0 18 22 9 21 49 54 48 35 64 26 26 24 54 30 16 7 34 44 15 12 11 15 21 14 45 78 40 50 63 27 21 17 56 28 80 65 51 39 33 36 46 59 74 90 75 59 43 28 19 24 37 52 69 86 73 56 39 22 6 15 32 49 66 84 74 57 40 23 10 17 33 50 67 84 77 61 45 32 24 28 39 54 70 87 82 67 54 43 38 40 49 62 76 91 90 76 65 56 52 54 60 71 84 98 99 86 76 69 66 67 73 82 93 106 109 98 89 83 80 81 85 93 103 115 119 110 102 96 94 95 99 105 114 125
18 32 39 73 10 18 0 15 23 30 40 67 61 19 78 38 27 32 51 15 20 17 42 53 15 29 28 18 4 14 43 89 44 37 76 29 16 29 59 12 68 55 44 39 40 49 61 75 91 107 62 46 33 25 28 39 54 70 86 103 58 41 24 11 17 32 49 66 83 100 57 40 23 7 14 31 48 66 83 100 60 44 29 19 23 36 51 68 85 102 66 51 40 33 35 45 58 73 89 105 74 61 52 47 49 56 67 80 95 110 84 73 65 61 62 68 77 89 102 117 94 85 78 75 76 81 89 99 111 124 106 98 92 89 90 94 101 110 121 133
8 38 28 63 14 22 15 0 22 23 28 58 55 29 71 30 14 43 37 26 13 17 32 43 9 31 29 10 15 9 29 79 32 49 69 16 3 38 46 23 80 68 58 52 52 57 67 79 93 108 72 58 46 39 38 45 57 71 86 102 66 50 36 25 25 35 49 65 81 98 62 45 29 13 12 27 44 61 78 95 62 45 28 11 10 26 43 61 78 95 65 48 33 22 21 32 47 63 80 97 70 56 43 35 35 42 54 69 84 101 78 65 55 49 48 54 64 77 91 106 88 76 68 63 62 67 75 86 99 113 98 88 81 77 76 80 87 96 108 121
16 19 24 54 13 9 23 22 0 13 46 47 40 41 57 18 21 31 49 36 11 6 26 36 14 10 8 12 26 14 40 70 33 57 55 22 20 22 49 33 88 73 59 47 40 40 46 58 72 87 83 66 51 36 26 26 36 50 65 82 79 62 45 29 14 14 28 45 61 79 79 62 44 27 10 10 26 43 61 78 81 64 48 32 20 20 32 47 63 80 85 69 55 42 33 33 41 54 68 84 91 77 64 53 47 47 53 63 76 90 99 86 75 66 61 61 65 74 85 98 108 97 86 79 75 74 78 85 95 107 119 108 99 92 89 88 91 98 106 117
15 31 11 43 22 21 30 23 13 0 40 37 33 49 49 8 13 43 38 44 11 16 13 24 17 21 17 14 33 18 30 59 20 66 47 14 20 34 36 41 98 84 71 60 53 51 54 63 75 88 91 76 61 48 39 37 42 53 66 81 87 70 54 39 27 23 31 44 60 76 84 67 50 33 17 9 23 39 56 73 84 67 50 32 16 7 22 39 56 73 86 69 53 38 25 21 29 43 59 76 90 75 60 47 37 34 40 51 65 80 97 82 69 58 50 48 52 61 73 87 105 91 79 70 64 62 65 73 83 95 114 101 91 83 78 76 79 85 94 105
31 64 38 67 41 49 40 28 46 40 0 66 66 46 81 46 28 70 19 46 36 43 41 50 35 56 53 35 39 35 18 82 33 66 77 27 28 65 38 44 95 87 81 78 79 84 92 102 114 128 84 74 67 64 66 72 81 92 106 120 74 62 54 50 52 59 70 83 98 113 65 52 41 36 39 48 61 76 92 108 59 43 29 22 27 39 55 71 87 104 55 38 21 8 17 34 51 68 85 102 55 38 21 8 17 34 51 68 85 102 59 43 29 22 26 39 54 71 87 104 65 51 41 36 39 48 61 76 92 108 74 62 53 50 52 59 70 83 98 113
52 55 31 11 58 54 67 58 47 37 66 0 10 85 15 30 45 71 54 81 47 51 28 17 53 47 45 50 70 54 49 24 34 103 11 45 55 61 37 78 134 119 104 91 79 69 63 61 64 72 128 112 97 82 68 57 50 47 51 60 123 107 90 75 60 46 37 34 39 50 120 103 86 69 53 38 24 20 28 43 119 101 84 67 50 33 16 7 22 38 119 102 84 67 50 33 17 9 22 39 121 104 87 70 54 39 27 23 31 44 124 108 92 76 61 49 39 37 42 52 129 113 98 84 71 60 53 50 54 63 135 120 106 93 81 72 66 64 67 74
48 47 29 20 52 48 61 55 40 33 66 10 0 80 17 25 43 63 56 76 43 45 26 18 49 39 38 46 65 49 50 33 34 97 16 42 52 53 41 73 127 112 97 83 70 60 54 53 57 66 122 106 90 75 61 48 40 39 45 56 118 102 85 68 53 38 27 26 34 48 116 99 82 65 48 31 16 13 26 42 116 99 81 64 47 29 12 7 24 41 117 100 83 66 50 34 21 19 29 44 120 103 87 71 56 43 34 32 39 51 124 108 93 78 65 54 47 46 51 61 130 115 101 87 75 66 60 59 63 71 137 123 109 97 87 79 74 73 76 83
35 48 56 91 28 35 19 29 41 49 46 85 80 0 97 56 43 41 62 6 38 36 60 71 32 47 46 36 16 32 55 107 60 21 95 45 32 43 74 8 52 41 35 38 47 60 75 91 107 123 44 30 21 26 38 53 70 86 103 120 39 22 8 16 33 50 67 84 101 119 39 22 9 17 33 50 67 84 101 119 44 30 22 26 39 54 70 87 103 120 53 42 36 39 48 61 76 91 107 124 63 55 51 52 59 70 83 97 113 128 75 68 65 66 72 81 92 105 119 134 88 82 79 80 85 92 102 114 127 141 101 95 93 94 98 104 113 124 136 149
64 62 45 19 69 64 78 71 57 49 81 15 17 97 0 42 59 78 68 93 60 62 41 31 65 55 54 62 82 66 63 22 48 113 4 58 68 69 50 89 144 128 113 98 85 73 63 58 57 61 139 123 107 91 76 63 51 44 43 49 135 118 102 85 69 54 40 31 30 38 133 116 99 82 65 48 32 19 17 29 132 115 98 80 63 46 28 11 7 25 133 116 98 81 64 47 31 17 15 28 135 118 101 85 68 53 39 29 28 36 138 122 106 90 75 61 50 42 41 47 143 127 112 97 83 71 61 56 55 59 149 134 119 106 93 82 74 69 69 72
23 32 11 37 29 26 38 30 18 8 46 30 25 56 42 0 20 46 42 52 18 22 10 18 24 22 19 21 41 25 34 53 20 73 39 20 28 37 35 49 105 90 76 64 55 51 52 59 69 82 99 83 68 54 43 37 39 47 60 74 94 78 61 46 32 23 26 38 53 69 92 75 58 41 24 10 16 32 49 66 92 75 57 40 23 8 14 31 48 65 94 77 60 44 30 21 24 36 52 68 98 82 66 52 41 34 36 45 58 73 104 89 75 62 53 48 50 57 67 81 111 97 84 74 66 62 63 69 78 89 119 107 95 86 79 76 77 81 89 99
10 39 15 49 21 26 27 14 21 13 28 45 43 43 59 20 0 49 29 40 11 19 18 30 14 30 27 12 28 15 20 66 18 63 56 3 12 41 33 37 94 81 70 62 58 60 66 75 87 101 86 72 59 49 44 46 54 65 79 94 80 64 49 37 30 33 43 57 72 88 75 59 42 27 17 21 35 51 67 84 74 57 39 22 5 14 31 48 66 83 75 58 41 25 13 19 33 50 67 84 78 62 47 34 27 30 41 55 71 87 84 70 57 46 41 43 51 63 77 92 92 79 67 59 55 56 63 73 85 99 101 89 79 72 69 70 75 83 94 107
41 17 54 80 30 24 32 43 31 43 70 71 63 41 78 46 49 0 77 37 39 31 55 64 37 26 28 38 35 36 68 95 63 45 78 51 43 10 79 35 71 54 37 21 10 20 36 53 70 87 70 53 36 19 5 18 35 52 69 87 73 56 40 26 19 26 39 55 72 88 78 62 49 38 33 37 48 61 76 92 85 71 59 51 47 50 58 70 83 98 93 81 71 64 61 63 70 80 92 105 103 92 83 77 75 77 82 91 101 114 114 104 96 91 89 91 95 102 112 123 125 116 109 105 103 104 108 115 123 133 137 129 123 119 117 118 122 127 135 144
36 67 32 52 48 54 51 37 49 38 19 54 56 62 68 42 29 77 0 60 39 47 33 38 41 58 55 39 51 41 9 66 23 82 64 27 36 70 20 58 112 102 94 89 86 88 92 100 109 121 102 90 81 75 72 74 80 88 99 112 92 79 69 61 58 61 67 77 89 103 84 70 57 48 44 47 56 67 81 96 77 62 47 36 30 34 45 59 75 91 73 56 40 25 16 23 37 54 70 87 71 54 36 19 3 17 34 51 68 86 72 55 38 23 13 21 36 53 70 87 76 60 45 33 27 31 43 57 73 90 82 67 54 45 41 44 53 65 79 95
31 42 53 87 24 30 15 26 36 44 46 81 76 6 93 52 40 37 60 0 34 31 56 67 28 42 41 32 12 27 53 103 57 23 90 41 29 38 71 4 55 43 35 35 43 56 70 86 102 118 47 33 22 22 33 48 65 81 98 115 44 26 10 11 28 45 62 79 96 114 44 27 12 13 28 45 62 79 97 114 49 35 25 25 35 50 66 82 99 116 57 46 38 39 46 58 72 87 103 119 67 58 52 52 58 68 80 94 109 124 79 71 66 66 71 79 90 102 116 131 91 84 80 80 84 91 100 111 124 138 104 98 94 94 97 103 112 122 133 146
6 30 19 53 13 16 20 13 11 11 36 47 43 38 60 18 11 39 39 34 0 9 22 34 6 21 18 3 23 7 30 69 26 57 57 12 10 31 42 31 88 74 62 53 48 50 57 68 81 95 81 66 52 40 34 37 46 59 74 89 76 60 44 30 21 24 37 52 68 85 74 57 40 23 7 15 32 49 66 83 74 57 40 23 10 16 32 49 66 83 77 61 45 31 23 26 38 53 69 86 82 67 54 43 37 39 48 60 75 90 90 76 64 55 51 52 59 70 83 97 98 86 76 68 65 66 71 80 92 105 108 97 88 82 79 80 84 92 102 114
12 22 25 58 8 7 17 17 6 16 43 51 45 36 62 22 19 31 47 31 9 0 28 39 9 15 13 8 20 9 38 74 33 52 60 21 15 23 50 28 83 69 55 45 40 42 51 63 77 92 78 61 46 33 26 30 41 55 71 87 74 57 40 24 13 19 34 50 67 84 73 56 39 21 5 15 32 49 66 84 75 58 42 27 17 22 36 52 68 85 79 64 49 37 31 34 44 58 73 89 86 72 59 50 45 47 55 66 80 95 94 81 70 63 59 61 67 76 88 102 104 92 83 76 73 74 79 87 98 110 114 104 95 90 87 88 92 99 109 120
25 41 4 32 34 34 42 32 26 13 41 28 26 60 41 10 18 55 33 56 22 28 0 12 28 31 28 25 44 29 26 48 11 78 38 18 29 46 25 53 110 96 83 72 64 61 62 67 77 88 103 88 74 61 52 47 48 55 66 80 97 81 66 51 39 33 35 44 58 73 93 77 60 44 29 19 23 36 51 68 92 74 57 40 23 7 14 31 48 65 92 75 58 41 24 11 17 32 49 66 95 78 62 46 33 25 27 39 53 69 99 83 69 55 44 38 40 48 61 75 105 91 77 65 57 52 53 60 70 83 113 100 87 77 70 66 67 72 81 92
37 49 16 20 45 44 53 43 36 24 50 17 18 71 31 18 30 64 38 67 34 39 12 0 39 39 37 36 56 40 33 37 17 90 28 29 40 54 24 64 121 107 94 82 73 67 65 67 74 84 114 99 85 71 61 53 51 54 62 74 109 93 77 62 49 40 37 42 52 65 105 88 71 55 40 28 23 30 43 59 103 85 68 51 34 18 9 22 38 55 102 85 68 51 33 17 6 21 38 55 104 87 70 54 38 25 20 28 42 58 108 91 76 60 47 37 34 39 50 64 113 97 83 69 58 50 48 51 60 72 120 105 92 80 70 63 61 64 71 82
5 30 25 59 8 15 15 9 14 17 35 53 49 32 65 24 14 37 41 28 6 9 28 39 0 23 21 4 17 1 32 75 31 51 63 16 7 31 46 25 82 69 57 49 46 50 59 71 85 100 75 60 46 36 32 37 49 63 78 94 70 54 38 24 18 26 41 57 73 90 68 51 34 17 5 20 37 54 71 89 69 52 35 19 11 22 38 55 72 89 72 56 42 29 25 31 44 59 75 92 78 64 51 42 39 43 53 66 81 96 86 73 63 55 53 56 64 75 88 103 96 84 75 69 67 69 76 85 97 110 106 96 88 83 81 83 88 97 107 119
26 11 30 55 21 12 29 31 10 21 56 47 39 47 55 22 30 26 58 42 21 15 31 39 23 0 4 22 33 23 49 71 40 60 54 32 30 16 56 39 90 74 58 45 34 31 36 48 63 78 86 69 52 36 22 17 26 41 57 74 84 67 50 33 15 4 20 38 55 72 85 68 51 35 19 13 24 39 56 73 88 72 56 42 30 26 33 46 61 77 94 78 64 52 43 40 45 55 68 82 101 86 74 63 56 54 58 66 77 90 109 96 85 76 70 68 71 77 87 99 118 106 96 89 84 82 84 90 98 109 129 118 109 102 97 96 98 103 110 119
23 14 27 53 19 11 28 29 8 17 53 45 38 46 54 19 27 28 55 41 18 13 28 37 21 4 0 19 32 21 46 69 37 60 53 28 27 18 53 38 90 74 59 46 37 34 39 51 65 80 86 69 53 37 24 20 29 43 59 75 84 67 49 32 15 7 22 39 56 73 84 67 50 33 17 10 23 39 56 73 87 70 54 39 27 23 31 45 60 76 92 76 62 49 40 37 42 53 67 82 98 84 71 60 53 51 55 63 75 89 106 93 82 73 67 65 68 75 85 97 116 104 93 85 80 79 81 87 96 107 126 115 106 99 94 93 95 100 108 117
4 30 22 56 11 15 18 10 12 14 35 50 46 36 62 21 12 38 39 32 3 8 25 36 4 22 19 0 20 5 31 72 28 54 60 14 8 31 44 28 85 72 60 51 48 50 58 69 83 98 78 63 49 38 34 37 47 61 76 92 74 57 41 27 20 25 39 55 71 88 71 54 37 20 6 17 34 51 69 86 72 54 37 21 10 19 35 52 69 86 75 58 43 30 24 28 41 56 72 89 80 65 52 42 38 41 50 63 78 93 88 74 63 55 52 54 61 72 85 100 97 85 75 68 66 67 73 83 94 107 107 96 88 82 80 81 86 94 104 116
20 36 41 75 13 21 4 15 26 33 39 70 65 16 82 41 28 35 51 12 23 20 44 56 17 33 32 20 0 16 43 92 46 35 79 30 17 33 60 9 66 53 44 40 43 52 65 79 95 111 59 44 31 26 30 43 57 73 90 106 54 38 22 11 20 36 53 70 87 104 53 36 19 4 17 34 52 69 86 104 56 40 25 18 24 38 54 71 88 105 62 48 37 32 36 46 60 76 92 108 70 58 49 46 49 57 69 82 97 113 80 70 63 60 62 69 79 91 104 119 91 82 76 74 76 81 90 100 113 126 103 95 90 88 89 94 101 111 122 135
6 30 26 60 8 14 14 9 14 18 35 54 49 32 66 25 15 36 41 27 7 9 29 40 1 23 21 5 16 0 33 76 32 50 64 17 7 30 47 24 81 68 56 48 46 50 59 71 85 100 74 59 46 35 32 37 49 63 78 95 70 53 37 23 18 27 41 57 74 91 67 50 33 16 4 20 38 55 72 89 68 51 35 19 12 23 39 56 73 90 72 56 41 30 25 32 45 60 76 93 78 64 51 42 39 44 54 67 82 97 86 73 63 56 53 57 65 76 89 104 96 84 75 69 67 70 77 86 98 111 106 96 88 83 81 84 89 97 108 120
28 58 24 49 40 45 43 29 40 30 18 49 50 55 63 34 20 68 9 53 30 38 26 33 32 49 46 31 43 33 0 64 17 76 60 18 27 61 21 51 106 95 87 80 78 79 84 92 102 114 97 84 74 67 64 65 71 80 92 105 88 74 62 54 50 52 59 70 83 97 81 66 52 41 36 39 48 61 76 91 75 59 43 30 22 26 39 54 70 87 73 56 38 22 8 17 33 50 67 85 73 56 38 22 8 17 33 50 67 85 75 59 43 29 22 26 39 54 70 87 81 65 52 41 35 38 48 61 75 91 88 74 62 53 49 51 59 70 83 97
73 79 52 17 81 78 89 79 70 59 82 24 33 107 22 53 66 95 66 103 69 74 48 37 75 71 69 72 92 76 64 0 50 125 20 64 77 85 46 100 157 142 128 115 102 92 84 79 78 80 150 135 120 106 92 81 71 65 64 67 145 129 113 98 83 70 59 52 50 54 141 124 107 91 76 61 48 39 36 42 138 120 104 87 70 54 39 27 23 31 136 119 101 84 67 50 33 17 9 23 136 119 101 84 67 49 32 16 7 22 137 120 103 86 69 53 37 24 20 29 140 123 107 90 74 59 46 36 34 39 144 128 112 96 82 68 57 49 47 51
27 50 11 35 38 40 44 32 33 20 33 34 34 60 48 20 18 63 23 57 26 33 11 17 31 40 37 28 46 32 17 50 0 80 44 16 29 54 17 54 112 99 87 78 72 70 72 78 87 98 103 89 76 66 59 56 59 66 76 89 96 81 67 54 45 42 45 55 67 81 91 75 59 44 33 28 33 45 60 75 88 71 54 37 22 14 23 38 55 71 87 69 52 35 17 1 18 36 53 70 88 71 54 38 23 15 23 38 55 72 91 75 59 45 33 29 34 45 60 76 97 81 67 55 46 43 46 55 68 82 104 90 77 66 59 57 59 66 77 90
54 57 75 109 45 50 37 49 57 66 66 103 97 21 113 73 63 45 82 23 57 52 78 90 51 60 60 54 35 50 76 125 80 0 112 64 51 51 94 26 32 21 21 33 48 64 81 98 115 132 26 10 10 27 44 62 79 96 113 131 28 13 14 29 45 62 79 96 114 131 36 26 26 36 50 66 82 99 116 133 47 40 40 47 58 72 87 103 119 136 59 54 54 59 68 81 94 109 125 140 72 68 68 72 80 90 103 116 131 146 86 82 82 85 92 101 112 125 139 153 99 96 96 99 104 113 123 134 147 161 113 110 110 112 117 125 134 144 156 169
62 61 42 15 67 63 76 69 55 47 77 11 16 95 4 39 56 78 64 90 57 60 38 28 63 54 53 60 79 64 60 20 44 112 0 55 66 68 47 87 142 127 112 98 84 73 64 60 60 65 137 121 105 90 75 62 52 46 46 53 133 116 100 84 68 53 40 33 33 42 130 113 96 79 63 46 31 19 20 32 129 112 95 77 60 43 26 9 11 28 130 112 95 78 61 44 28 13 15 29 132 115 98 81 65 49 35 26 26 37 135 118 102 86 71 57 46 39 39 47 140 124 108 93 80 67 58 53 53 59 145 130 116 102 89 79 71 66 67 71
11 41 14 48 23 27 29 16 22 14 27 45 42 45 58 20 3 51 27 41 12 21 18 29 16 32 28 14 30 17 18 64 16 64 55 0 13 43 31 38 96 83 72 64 60 61 67 76 88 101 88 73 61 51 46 48 55 66 79 94 81 66 51 39 32 34 44 57 72 88 77 60 44 29 19 22 35 51 67 84 75 57 40 23 6 13 31 48 65 82 75 58 41 25 12 17 32 49 66 83 79 62 47 33 25 28 39 53 69 86 84 69 56 45 39 41 49 61 75 91 91 78 66 58 53 54 61 71 83 97 100 88 78 71 67 68 73 82 93 105
5 37 25 60 14 21 16 3 20 20 28 55 52 32 68 28 12 43 36 29 10 15 29 40 7 30 27 8 17 7 27 77 29 51 66 13 0 37 43 26 83 70 60 54 52 57 65 77 91 105 75 61 48 40 38 44 55 69 84 99 69 53 38 27 25 33 47 62 78 95 65 48 31 16 11 25 41 58 75 93 65 47 30 13 7 23 41 58 75 92 67 51 35 23 20 30 44 60 77 94 73 58 45 35 34 40 52 66 82 98 80 67 56 49 47 52 62 74 88 103 89 77 68 63 61 65 73 83 96 110 99 89 81 76 75 78 85 94 105 118
35 8 45 70 24 17 29 38 22 34 65 61 53 43 69 37 41 10 70 38 31 23 46 54 31 16 18 31 33 30 61 85 54 51 68 43 37 0 70 36 79 62 45 30 19 20 33 49 65 82 77 59 42 25 8 11 28 46 63 80 77 60 44 27 14 16 30 47 64 81 81 65 49 35 27 28 38 52 68 84 86 71 58 47 40 41 48 60 74 89 94 80 68 59 54 54 60 70 82 96 102 90 80 72 68 68 73 81 92 104 112 101 92 85 82 82 86 93 102 113 123 113 105 99 96 96 99 105 113 124 134 125 118 112 110 110 113 118 125 134
42 66 26 33 54 56 59 46 49 36 38 37 41 74 50 35 33 79 20 71 42 50 25 24 46 56 53 44 60 47 21 46 17 94 47 31 43 70 0 68 125 113 103 94 88 86 86 90 98 107 116 103 91 82 75 72 73 78 86 96 108 94 81 70 61 58 59 65 75 87 101 86 71 58 49 44 46 53 65 79 96 79 64 49 37 30 33 43 57 72 92 75 58 42 27 16 21 35 51 68 91 74 56 39 22 5 14 31 49 66 92 75 58 41 25 14 19 34 50 67 95 78 62 47 35 27 30 41 55 71 100 84 70 57 46 41 43 51 63 77
28 40 49 84 21 28 12 23 33 41 44 78 73 8 89 49 37 35 58 4 31 28 53 64 25 39 38 28 9 24 51 100 54 26 87 38 26 36 68 0 58 45 37 36 42 54 68 84 99 116 51 36 24 22 32 46 62 79 96 113 47 30 13 10 25 42 59 76 94 111 47 30 14 10 25 42 59 76 94 111 51 36 25 23 33 47 63 79 96 113 59 46 38 37 43 55 69 84 100 116 68 58 52 51 56 65 77 91 106 121 79 71 65 65 69 76 87 99 113 127 91 84 79 79 82 88 97 109 121 135 104 97 93 93 95 101 109 119 131 143
86 85 107 141 77 80 68 80 88 98 95 134 127 52 144 105 94 71 112 55 88 83 110 121 82 90 90 85 66 81 106 157 112 32 142 96 83 79 125 58 0 18 35 52 70 87 104 122 139 156 15 23 38 54 71 88 105 122 140 157 29 34 45 60 75 91 108 125 142 159 43 47 55 68 82 97 113 129 145 162 58 60 67 77 90 104 119 134 150 166 72 74 80 88 99 112 126 140 156 171 86 88 93 100 110 122 134 148 162 177 100 102 106 112 121 132 144 156 170 184 115 116 119 125 133 143 154 166 179 192 129 130 133 138 145 154 164 176 188 201
72 69 93 126 62 65 55 68 73 84 87 119 112 41 128 90 81 54 102 43 74 69 96 107 69 74 74 72 53 68 95 142 99 21 127 83 70 62 113 45 18 0 18 35 52 70 87 104 122 139 23 15 23 38 54 71 88 105 122 140 34 29 34 45 60 75 91 108 125 142 47 43 46 55 67 82 97 112 129 145 60 57 60 67 77 90 104 118 134 150 74 72 73 79 88 99 112 126 140 155 88 86 87 92 100 110 121 134 148 162 102 100 101 105 112 121 131 143 156 170 116 114 115 119 125 133 142 153 165 178 130 128 129 132 138 145 154 164 175 187
61 53 80 112 50 51 44 58 59 71 81 104 97 35 113 76 70 37 94 35 62 55 83 94 57 58 59 60 44 56 87 128 87 21 112 72 60 45 103 37 35 18 0 18 35 52 70 87 104 122 38 23 15 23 38 54 71 88 105 122 45 34 29 34 45 60 75 91 108 125 55 46 43 46 55 67 81 97 112 129 67 60 57 60 67 77 90 104 118 134 80 73 71 73 79 88 99 112 126 140 93 87 85 87 92 99 109 121 134 148 106 101 99 101 105 112 121 131 143 156 119 115 114 115 118 124 132 142 153 165 133 129 128 129 132 137 144 153 163 175
53 37 70 99 41 39 39 52 47 60 78 91 83 38 98 64 62 21 89 35 53 45 72 82 49 45 46 51 40 48 80 115 78 33 98 64 54 30 94 36 52 35 18 0 18 35 52 70 87 104 54 38 23 15 23 38 54 71 88 105 60 45 34 29 33 45 59 75 91 108 68 55 46 43 46 55 67 81 97 112 77 67 60 57 59 66 77 89 103 118 88 79 73 71 73 79 88 99 112 125 100 92 87 85 87 91 99 109 121 134 112 105 101 99 100 105 111 120 131 143 125 119 115 113 114 118 124 132 141 152 138 132 129 127 128 131 137 144 153 163
51 25 63 88 39 33 40 52 40 53 79 79 70 47 85 55 58 10 86 43 48 40 64 73 46 34 37 48 43 46 78 102 72 48 84 60 52 19 88 42 70 52 35 18 0 18 35 52 70 87 71 54 38 23 15 23 38 54 71 88 75 60 45 33 29 33 45 59 75 91 82 67 55 46 43 46 55 67 81 96 90 77 67 59 57 59 66 77 89 103 99 88 79 73 71 73 78 87 99 111 110 100 92 87 85 86 91 99 109 120 121 112 105 100 99 100 104 111 120 130 133 125 118 114 113 114 117 123 131 141 145 138 132 128 127 127 131 136 143 152
54 21 60 79 44 36 49 57 40 51 84 69 60 60 73 51 60 20 88 56 50 42 61 67 50 31 34 50 52 50 79 92 70 64 73 61 57 20 86 54 87 70 52 35 18 0 18 35 52 70 88 71 54 38 23 14 23 38 54 71 91 75 60 45 33 28 33 45 59 75 97 82 67 55 46 42 46 55 67 81 104 90 77 66 59 56 59 66 76 89 112 99 88 79 73 70 72 78 87 98 122 110 99 91 86 84 86 91 98 108 132 121 112 105 100 98 99 104 110 119 143 133 124 118 114 112 113 117 123 131 154 145 137 131 127 126 127 130 135 143
62 30 62 73 55 46 61 67 46 54 92 63 54 75 63 52 66 36 92 70 57 51 62 65 59 36 39 58 65 59 84 84 72 81 64 67 65 33 86 68 104 87 70 52 35 18 0 18 35 52 105 88 71 54 38 23 14 23 38 54 108 91 75 59 45 33 28 33 45 59 113 97 81 67 55 46 42 46 54 67 119 104 90 77 66 59 56 59 66 76 126 112 99 88 78 72 70 72 78 87 134 121 109 99 91 86 84 85 90 98 144 131 121 111 104 99 98 99 103 110 154 142 132 124 117 113 112 113 116 122 164 154 144 137 131 127 125 126 130 135
73 44 68 71 68 59 75 79 58 63 102 61 53 91 58 59 75 53 100 86 68 63 67 67 71 48 51 69 79 71 92 79 78 98 60 76 77 49 90 84 122 104 87 70 52 35 18 0 18 35 122 105 88 71 54 38 23 14 23 38 125 108 91 75 59 45 33 28 33 45 129 112 97 81 67 55 46 42 45 54 134 118 104 89 77 66 59 56 58 65 140 126 112 99 87 78 72 70 72 77 148 134 121 109 99 91 85 83 85 90 156 143 131 120 111 104 99 97 99 103 166 153 142 132 123 117 113 111 112 116 176 164 153 144 136 130 126 125 126 129
86 60 78 73 83 74 91 93 72 75 114 64 57 107 57 69 87 70 109 102 81 77 77 74 85 63 65 83 95 85 102 78 87 115 60 88 91 65 98 99 139 122 104 87 70 52 35 18 0 18 140 122 105 88 71 54 38 23 14 23 142 125 108 91 75 59 45 33 28 33 145 129 112 97 81 67 54 45 42 45 150 134 118 103 89 76 66 58 55 58 156 140 126 112 99 87 78 72 69 71 162 148 134 121 109 98 90 85 83 85 170 156 143 131 120 110 103 99 97 98 179 165 153 141 131 123 116 112 110 112 188 175 163 153 143 135 130 126 124 125
101 76 91 79 98 90 107 108 87 88 128 72 66 123 61 82 101 87 121 118 95 92 88 84 100 78 80 98 111 100 114 80 98 132 65 101 105 82 107 116 156 139 122 104 87 70 52 35 18 0 157 140 122 105 88 71 54 38 23 14 159 142 125 108 91 75 59 45 33 28 162 145 129 112 96 81 67 54 45 42 166 150 134 118 103 89 76 65 58 55 171 155 140 125 111 98 87 77 71 69 177 162 148 134 120 108 98 90 85 83 184 170 156 143 130 119 110 103 98 96 192 178 165 152 141 131 122 116 112 110 201 187 175 163 152 143 135 129 125 124
78 83 99 134 70 75 62 72 83 91 84 128 122 44 139 99 86 70 102 47 81 78 103 114 75 86 86 78 59 74 97 150 103 26 137 88 75 77 116 51 15 23 38 54 71 88 105 122 140 157 0 18 35 52 70 87 104 122 139 156 15 23 38 54 71 88 105 122 140 157 29 34 45 60 75 91 108 125 142 159 43 47 55 68 82 97 113 129 145 162 58 60 67 77 90 104 119 134 150 166 72 74 80 88 99 112 126 140 156 171 86 88 93 100 110 122 134 148 162 177 100 102 106 112 121 132 144 156 170 184 115 116 119 125 133 143 154 166 179 192
63 66 84 118 55 59 46 58 66 76 74 112 106 30 123 83 72 53 90 33 66 61 88 99 60 69 69 63 44 59 84 135 89 10 121 73 61 59 103 36 23 15 23 38 54 71 88 105 122 140 18 0 18 35 52 70 87 104 122 139 23 15 23 38 54 71 88 105 122 140 34 29 34 45 60 75 91 108 125 142 47 43 46 55 67 82 97 112 129 145 60 57 60 67 77 90 104 118 134 150 74 72 73 79 88 99 112 126 140 155 88 86 87 92 100 110 121 134 148 162 102 100 101 105 112 121 131 143 156 170 116 114 115 119 125 133 142 153 165 178
50 49 70 104 40 43 33 46 51 61 67 97 90 21 107 68 59 36 81 22 52 46 74 85 46 52 53 49 31 46 74 120 76 10 105 61 48 42 91 24 38 23 15 23 38 54 71 88 105 122 35 18 0 18 35 52 70 87 104 122 38 23 15 23 38 54 71 88 105 122 45 34 29 34 45 60 75 91 108 125 55 46 43 46 55 67 81 97 112 129 67 60 57 60 67 77 90 104 118 134 80 73 71 73 79 88 99 112 126 140 93 87 85 87 92 99 109 121 134 148 106 101 99 101 105 112 121 131 143 156 119 115 114 115 118 124 132 142 153 165
40 32 58 90 28 28 25 39 36 48 64 82 75 26 91 54 49 19 75 22 40 33 61 71 36 36 37 38 26 35 67 106 66 27 90 51 40 25 82 22 54 38 23 15 23 38 54 71 88 105 52 35 18 0 18 35 52 70 87 104 54 38 23 15 23 38 54 71 88 105 60 45 34 29 33 45 59 75 91 108 68 55 46 43 46 55 67 81 97 112 77 67 60 57 59 66 77 89 103 118 88 79 73 71 73 79 88 99 112 125 100 92 87 85 87 91 99 109 121 134 112 105 101 99 100 105 111 120 131 143 125 119 115 113 114 118 124 132 141 152
37 15 50 77 25 19 28 38 26 39 66 68 61 38 76 43 44 5 72 33 34 26 52 61 32 22 24 34 30 32 64 92 59 44 75 46 38 8 75 32 71 54 38 23 15 23 38 54 71 88 70 52 35 18 0 18 35 52 70 87 71 54 38 23 15 23 38 54 71 88 75 60 45 33 29 33 45 59 75 91 82 67 55 46 43 46 55 67 81 96 90 77 67 59 57 59 66 77 89 103 99 88 79 73 71 73 78 87 99 111 110 100 92 87 85 86 91 99 109 120 121 112 105 100 99 100 104 111 120 130 133 125 118 114 113 114 117 123 131 141
41 8 46 67 33 24 39 45 26 37 72 57 48 53 63 37 46 18 74 48 37 30 47 53 37 17 20 37 43 37 65 81 56 62 62 48 44 11 72 46 88 71 54 38 23 14 23 38 54 71 87 70 52 35 18 0 18 35 52 70 88 71 54 38 23 14 23 38 54 71 91 75 60 45 33 28 33 45 59 75 97 82 67 55 46 42 46 55 67 81 104 90 77 66 59 56 59 66 76 89 112 99 88 79 73 70 72 78 87 98 122 110 99 91 86 84 86 91 98 108 132 121 112 105 100 98 99 104 110 119 143 133 124 118 114 112 113 117 123 131
51 23 49 60 46 37 54 57 36 42 81 50 40 70 51 39 54 35 80 65 46 41 48 51 49 26 29 47 57 49 71 71 59 79 52 55 55 28 73 62 105 88 71 54 38 23 14 23 38 54 104 87 70 52 35 18 0 18 35 52 105 88 71 54 38 23 14 23 38 54 108 91 75 59 45 33 28 33 45 59 113 97 81 67 55 46 42 46 54 67 119 104 90 77 66 59 56 59 66 76 126 112 99 88 78 72 70 72 78 87 134 121 109 99 91 86 84 85 90 98 144 131 121 111 104 99 98 99 103 110 154 142 132 124 117 113 112 113 116 122
64 40 57 57 61 52 70 71 50 53 92 47 39 86 44 47 65 52 88 81 59 55 55 54 63 41 43 61 73 63 80 65 66 96 46 66 69 46 78 79 122 105 88 71 54 38 23 14 23 38 122 104 87 70 52 35 18 0 18 35 122 105 88 71 54 38 23 14 23 38 125 108 91 75 59 45 33 28 33 45 129 112 97 81 67 55 46 42 45 54 134 118 104 89 77 66 59 56 58 65 140 126 112 99 87 78 72 70 72 77 148 134 121 109 99 91 85 83 85 90 156 143 131 120 111 104 99 97 99 103 166 153 142 132 123 117 113 111 112 116
79 57 68 60 77 69 86 86 65 66 106 51 45 103 43 60 79 69 99 98 74 71 66 62 78 57 59 76 90 78 92 64 76 113 46 79 84 63 86 96 140 122 105 88 71 54 38 23 14 23 139 122 104 87 70 52 35 18 0 18 140 122 105 88 71 54 38 23 14 23 142 125 108 91 75 59 45 33 28 33 145 129 112 97 81 67 54 45 42 45 150 134 118 103 89 76 66 58 55 58 156 140 126 112 99 87 78 72 69 71 162 148 134 121 109 98 90 85 83 85 170 156 143 131 120 110 103 99 97 98 179 165 153 141 131 123 116 112 110 112
95 74 82 67 94 86 103 102 82 81 120 60 56 120 49 74 94 87 112 115 89 87 80 74 94 74 75 92 106 95 105 67 89 131 53 94 99 80 96 113 157 140 122 105 88 71 54 38 23 14 156 139 122 104 87 70 52 35 18 0 157 140 122 105 88 71 54 38 23 14 159 142 125 108 91 75 59 45 33 28 162 145 129 112 96 81 67 54 45 42 166 150 134 118 103 89 76 65 58 55 171 155 140 125 111 98 87 77 71 69 177 162 148 134 120 108 98 90 85 83 184 170 156 143 130 119 110 103 98 96 192 178 165 152 141 131 122 116 112 110
72 83 94 128 67 73 58 66 79 87 74 123 118 39 135 94 80 73 92 44 76 74 97 109 70 84 84 74 54 70 88 145 96 28 133 81 69 77 108 47 29 34 45 60 75 91 108 125 142 159 15 23 38 54 71 88 105 122 140 157 0 18 35 52 70 87 104 122 139 156 15 23 38 54 71 88 105 122 140 157 29 34 45 60 75 91 108 125 142 159 43 47 55 68 82 97 113 129 145 162 58 60 67 77 90 104 119 134 150 166 72 74 80 88 99 112 126 140 156 171 86 88 93 100 110 122 134 148 162 177 100 102 106 112 121 132 144 156 170 184
56 66 78 112 50 56 41 50 62 70 62 107 102 22 118 78 64 56 79 26 60 57 81 93 54 67 67 57 38 53 74 129 81 13 116 66 53 60 94 30 34 29 34 45 60 75 91 108 125 142 23 15 23 38 54 71 88 105 122 140 18 0 18 35 52 70 87 104 122 139 23 15 23 38 54 71 88 105 122 140 34 29 34 45 60 75 91 108 125 142 47 43 46 55 67 82 97 112 129 145 60 57 60 67 77 90 104 118 134 150 74 72 73 79 88 99 112 126 140 155 88 86 87 92 100 110 121 134 148 162 102 100 101 105 112 121 131 143 156 170
41 49 62 97 33 39 24 36 45 54 54 90 85 8 102 61 49 40 69 10 44 40 66 77 38 50 49 41 22 37 62 113 67 14 100 51 38 44 81 13 45 34 29 34 45 60 75 91 108 125 38 23 15 23 38 54 71 88 105 122 35 18 0 18 35 52 70 87 104 122 38 23 15 23 38 54 71 88 105 122 45 34 29 34 45 60 75 91 108 125 55 46 43 46 55 67 81 97 112 129 67 60 57 60 67 77 90 104 118 134 80 73 71 73 79 88 99 112 126 140 93 87 85 87 92 99 109 121 134 148 106 101 99 101 105 112 121 131 143 156
28 32 48 81 18 22 11 25 29 39 50 75 68 16 85 46 37 26 61 11 30 24 51 62 24 33 32 27 11 23 54 98 54 29 84 39 27 27 70 10 60 45 34 29 33 45 59 75 91 108 54 38 23 15 23 38 54 71 88 105 52 35 18 0 18 35 52 70 87 104 54 38 23 15 23 38 54 71 88 105 60 45 34 29 33 45 59 75 91 108 68 55 46 43 46 55 67 81 97 112 77 67 60 57 59 66 77 89 103 118 88 79 73 71 73 79 88 99 112 125 100 92 87 85 87 91 99 109 121 134 112 105 101 99 100 105 111 120 131 143
23 16 37 67 11 6 17 25 14 27 52 60 53 33 69 32 30 19 58 28 21 13 39 49 18 15 15 20 20 18 50 83 45 45 68 32 25 14 61 25 75 60 45 33 29 33 45 59 75 91 71 54 38 23 15 23 38 54 71 88 70 52 35 18 0 18 35 52 70 87 71 54 38 23 15 23 38 54 71 88 75 60 45 33 29 33 45 59 75 91 82 67 55 46 43 46 55 67 81 96 90 77 67 59 57 59 66 77 89 103 99 88 79 73 71 73 78 87 99 111 110 100 92 87 85 86 91 99 109 120 121 112 105 100 99 100 104 111 120 130
29 9 32 55 24 15 32 35 14 23 59 46 38 50 54 23 33 26 61 45 24 19 33 40 26 4 7 25 36 27 52 70 42 62 53 34 33 16 58 42 91 75 60 45 33 28 33 45 59 75 88 71 54 38 23 14 23 38 54 71 87 70 52 35 18 0 18 35 52 70 88 71 54 38 23 14 23 38 54 71 91 75 60 45 33 28 33 45 59 75 97 82 67 55 46 42 46 55 67 81 104 90 77 66 59 56 59 66 76 89 112 99 88 79 73 70 72 78 87 98 122 110 99 91 86 84 86 91 98 108 132 121 112 105 100 98 99 104 110 119
42 23 36 47 40 32 49 49 28 31 70 37 27 67 40 26 43 39 67 62 37 34 35 37 41 20 22 39 53 41 59 59 45 79 40 44 47 30 59 59 108 91 75 59 45 33 28 33 45 59 105 88 71 54 38 23 14 23 38 54 104 87 70 52 35 18 0 18 35 52 105 88 71 54 38 23 14 23 38 54 108 91 75 59 45 33 28 33 45 59 113 97 81 67 55 46 42 46 54 67 119 104 90 77 66 59 56 59 66 76 126 112 99 88 78 72 70 72 78 87 134 121 109 99 91 86 84 85 90 98 144 131 121 111 104 99 98 99 103 110
58 40 46 43 57 49 66 65 45 44 83 34 26 84 31 38 57 55 77 79 52 50 44 42 57 38 39 55 70 57 70 52 55 96 33 57 62 47 65 76 125 108 91 75 59 45 33 28 33 45 122 105 88 71 54 38 23 14 23 38 122 104 87 70 52 35 18 0 18 35 122 105 88 71 54 38 23 14 23 38 125 108 91 75 59 45 33 28 33 45 129 112 97 81 67 55 46 42 45 54 134 118 104 89 77 66 59 56 58 65 140 126 112 99 87 78 72 70 72 77 148 134 121 109 99 91 85 83 85 90 156 143 131 120 111 104 99 97 99 103
74 57 60 47 74 66 83 81 61 60 98 39 34 101 30 53 72 72 89 96 68 67 58 52 73 55 56 71 87 74 83 50 67 114 33 72 78 64 75 94 142 125 108 91 75 59 45 33 28 33 140 122 105 88 71 54 38 23 14 23 139 122 104 87 70 52 35 18 0 18 140 122 105 88 71 54 38 23 14 23 142 125 108 91 75 59 45 33 28 33 145 129 112 97 81 67 54 45 42 45 150 134 118 103 89 76 66 58 55 58 156 140 126 112 99 87 78 72 69 71 162 148 134 121 109 98 90 85 83 85 170 156 143 131 120 110 103 99 97 98
91 74 75 56 91 84 100 98 79 76 113 50 48 119 38 69 88 88 103 114 85 84 73 65 90 72 73 88 104 91 97 54 81 131 42 88 95 81 87 111 159 142 125 108 91 75 59 45 33 28 157 140 122 105 88 71 54 38 23 14 156 139 122 104 87 70 52 35 18 0 157 140 122 105 88 71 54 38 23 14 159 142 125 108 91 75 59 45 33 28 162 145 129 112 96 81 67 54 45 42 166 150 134 118 103 89 76 65 58 55 171 155 140 125 111 98 87 77 71 69 177 162 148 134 120 108 98 90 85 83 184 170 156 143 130 119 110 103 98 96
69 86 90 124 66 74 57 62 79 84 65 120 116 39 133 92 75 78 84 44 74 73 93 105 68 85 84 71 53 67 81 141 91 36 130 77 65 81 101 47 43 47 55 68 82 97 113 129 145 162 29 34 45 60 75 91 108 125 142 159 15 23 38 54 71 88 105 122 140 157 0 18 35 52 70 87 104 122 139 156 15 23 38 54 71 88 105 122 140 157 29 34 45 60 75 91 108 125 142 159 43 47 55 68 82 97 113 129 145 162 58 60 67 77 90 104 119 134 150 166 72 74 80 88 99 112 126 140 156 171 86 88 93 100 110 122 134 148 162 177
52 69 73 108 49 57 40 45 62 67 52 103 99 22 116 75 59 62 70 27 57 56 77 88 51 68 67 54 36 50 66 124 75 26 113 60 48 65 86 30 47 43 46 55 67 82 97 112 129 145 34 29 34 45 60 75 91 108 125 142 23 15 23 38 54 71 88 105 122 140 18 0 18 35 52 70 87 104 122 139 23 15 23 38 54 71 88 105 122 140 34 29 34 45 60 75 91 108 125 142 47 43 46 55 67 82 97 112 129 145 60 57 60 67 77 90 104 118 134 150 74 72 73 79 88 99 112 126 140 155 88 86 87 92 100 110 121 134 148 162
35 53 56 91 32 40 23 29 44 50 41 86 82 9 99 58 42 49 57 12 40 39 60 71 34 51 50 37 19 33 52 107 59 26 96 44 31 49 71 14 55 46 43 46 55 67 81 97 112 129 45 34 29 34 45 60 75 91 108 125 38 23 15 23 38 54 71 88 105 122 35 18 0 18 35 52 70 87 104 122 38 23 15 23 38 54 71 88 105 122 45 34 29 34 45 60 75 91 108 125 55 46 43 46 55 67 81 97 112 129 67 60 57 60 67 77 90 104 118 134 80 73 71 73 79 88 99 112 126 140 93 87 85 87 92 99 109 121 134 148
19 38 40 75 15 23 7 13 27 33 36 69 65 17 82 41 27 38 48 13 23 21 44 55 17 35 33 20 4 16 41 91 44 36 79 29 16 35 58 10 68 55 46 43 46 55 67 81 97 112 60 45 34 29 33 45 59 75 91 108 54 38 23 15 23 38 54 71 88 105 52 35 18 0 18 35 52 70 87 104 54 38 23 15 23 38 54 71 88 105 60 45 34 29 33 45 59 75 91 108 68 55 46 43 46 55 67 81 97 112 77 67 60 57 59 66 77 89 103 118 88 79 73 71 73 79 88 99 112 125 100 92 87 85 87 91 99 109 121 134
9 26 26 59 6 10 14 12 10 17 39 53 48 33 65 24 17 33 44 28 7 5 29 40 5 19 17 6 17 4 36 76 33 50 63 19 11 27 49 25 82 67 55 46 43 46 55 67 81 96 75 60 45 33 29 33 45 59 75 91 71 54 38 23 15 23 38 54 71 88 70 52 35 18 0 18 35 52 70 87 71 54 38 23 15 23 38 54 71 88 75 60 45 33 29 33 45 59 75 91 82 67 55 46 43 46 55 67 81 96 90 77 67 59 57 59 66 77 89 103 99 88 79 73 71 73 78 87 99 111 110 100 92 87 85 86 91 99 109 120
20 23 18 45 22 17 31 27 10 9 48 38 31 50 48 10 21 37 47 45 15 15 19 28 20 13 10 17 34 20 39 61 28 66 46 22 25 28 44 42 97 82 67 55 46 42 46 55 67 81 91 75 60 45 33 28 33 45 59 75 88 71 54 38 23 14 23 38 54 71 87 70 52 35 18 0 18 35 52 70 88 71 54 38 23 14 23 38 54 71 91 75 60 45 33 28 33 45 59 75 97 82 67 55 46 42 46 55 67 81 104 90 77 66 59 56 59 66 76 89 112 99 88 79 73 70 72 78 87 98 122 110 99 91 86 84 86 91 98 108
37 31 24 34 39 33 48 44 26 23 61 24 16 67 32 16 35 48 56 62 32 32 23 23 37 24 23 34 52 38 48 48 33 82 31 35 41 38 46 59 113 97 81 67 55 46 42 46 54 67 108 91 75 59 45 33 28 33 45 59 105 88 71 54 38 23 14 23 38 54 104 87 70 52 35 18 0 18 35 52 105 88 71 54 38 23 14 23 38 54 108 91 75 59 45 33 28 33 45 59 113 97 81 67 55 46 42 46 54 67 119 104 90 77 66 59 56 59 66 76 126 112 99 88 78 72 70 72 78 87 134 121 109 99 91 86 84 85 90 98
54 45 38 30 56 50 66 61 43 39 76 20 13 84 19 32 51 61 67 79 49 49 36 30 54 39 39 51 69 55 61 39 45 99 19 51 58 52 53 76 129 112 97 81 67 55 46 42 45 54 125 108 91 75 59 45 33 28 33 45 122 105 88 71 54 38 23 14 23 38 122 104 87 70 52 35 18 0 18 35 122 105 88 71 54 38 23 14 23 38 125 108 91 75 59 45 33 28 33 45 129 112 97 81 67 55 46 42 45 54 134 118 104 89 77 66 59 56 58 65 140 126 112 99 87 78 72 70 72 77 148 134 121 109 99 91 85 83 85 90
71 60 54 35 74 67 83 78 61 56 92 28 26 101 17 49 67 76 81 97 66 66 51 43 71 56 56 69 86 72 76 36 60 116 20 67 75 68 65 94 145 129 112 97 81 67 54 45 42 45 142 125 108 91 75 59 45 33 28 33 140 122 105 88 71 54 38 23 14 23 139 122 104 87 70 52 35 18 0 18 140 122 105 88 71 54 38 23 14 23 142 125 108 91 75 59 45 33 28 33 145 129 112 97 81 67 54 45 42 45 150 134 118 103 89 76 66 58 55 58 156 140 126 112 99 87 78 72 69 71 162 148 134 121 109 98 90 85 83 85
88 77 71 46 91 84 100 95 78 73 108 43 42 119 29 66 84 92 96 114 83 84 68 59 89 73 73 86 104 89 91 42 75 133 32 84 93 84 79 111 162 145 129 112 96 81 67 54 45 42 159 142 125 108 91 75 59 45 33 28 157 140 122 105 88 71 54 38 23 14 156 139 122 104 87 70 52 35 18 0 157 140 122 105 88 71 54 38 23 14 159 142 125 108 91 75 59 45 33 28 162 145 129 112 96 81 67 54 45 42 166 150 134 118 103 89 76 65 58 55 171 155 140 125 111 98 87 77 71 69 177 162 148 134 120 108 98 90 85 83
69 91 88 122 68 77 60 62 81 84 59 119 116 44 132 92 74 85 77 49 74 75 92 103 69 88 87 72 56 68 75 138 88 47 129 75 65 86 96 51 58 60 67 77 90 104 119 134 150 166 43 47 55 68 82 97 113 129 145 162 29 34 45 60 75 91 108 125 142 159 15 23 38 54 71 88 105 122 140 157 0 18 35 52 70 87 104 122 139 156 15 23 38 54 71 88 105 122 140 157 29 34 45 60 75 91 108 125 142 159 43 47 55 68 82 97 113 129 145 162 58 60 67 77 90 104 119 134 150 166 72 74 80 88 99 112 126 140 156 171
52 75 71 105 52 61 44 45 64 67 43 101 99 30 115 75 57 71 62 35 57 58 74 85 52 72 70 54 40 51 59 120 71 40 112 57 47 71 79 36 60 57 60 67 77 90 104 118 134 150 47 43 46 55 67 82 97 112 129 145 34 29 34 45 60 75 91 108 125 142 23 15 23 38 54 71 88 105 122 140 18 0 18 35 52 70 87 104 122 139 23 15 23 38 54 71 88 105 122 140 34 29 34 45 60 75 91 108 125 142 47 43 46 55 67 82 97 112 129 145 60 57 60 67 77 90 104 118 134 150 74 72 73 79 88 99 112 126 140 155
35 60 54 88 36 45 29 28 48 50 29 84 81 22 98 57 39 59 47 25 40 42 57 68 35 56 54 37 25 35 43 104 54 40 95 40 30 58 64 25 67 60 57 60 67 77 90 104 118 134 55 46 43 46 55 67 81 97 112 129 45 34 29 34 45 60 75 91 108 125 38 23 15 23 38 54 71 88 105 122 35 18 0 18 35 52 70 87 104 122 38 23 15 23 38 54 71 88 105 122 45 34 29 34 45 60 75 91 108 125 55 46 43 46 55 67 81 97 112 129 67 60 57 60 67 77 90 104 118 134 80 73 71 73 79 88 99 112 126 140
18 48 36 71 23 32 19 11 32 32 22 67 64 26 80 40 22 51 36 25 23 27 40 51 19 42 39 21 18 19 30 87 37 47 77 23 13 47 49 23 77 67 60 57 59 66 77 89 103 118 68 55 46 43 46 55 67 81 97 112 60 45 34 29 33 45 59 75 91 108 54 38 23 15 23 38 54 71 88 105 52 35 18 0 18 35 52 70 87 104 54 38 23 15 23 38 54 71 88 105 60 45 34 29 33 45 59 75 91 108 68 55 46 43 46 55 67 81 97 112 77 67 60 57 59 66 77 89 103 118 88 79 73 71 73 79 88 99 112 125
6 39 19 54 19 24 23 10 20 16 27 50 47 39 63 23 5 47 30 35 10 17 23 34 11 30 27 10 24 12 22 70 22 58 60 6 7 40 37 33 90 77 67 59 57 59 66 77 89 103 82 67 55 46 43 46 55 67 81 96 75 60 45 33 29 33 45 59 75 91 71 54 38 23 15 23 38 54 71 88 70 52 35 18 0 18 35 52 70 87 71 54 38 23 15 23 38 54 71 88 75 60 45 33 29 33 45 59 75 91 82 67 55 46 43 46 55 67 81 96 90 77 67 59 57 59 66 77 89 103 99 88 79 73 71 73 78 87 99 111
20 37 4 38 28 28 36 26 20 7 39 33 29 54 46 8 14 50 34 50 16 22 7 18 22 26 23 19 38 23 26 54 14 72 43 13 23 41 30 47 104 90 77 66 59 56 59 66 76 89 97 82 67 55 46 42 46 55 67 81 91 75 60 45 33 28 33 45 59 75 88 71 54 38 23 14 23 38 54 71 87 70 52 35 18 0 18 35 52 70 88 71 54 38 23 14 23 38 54 71 91 75 60 45 33 28 33 45 59 75 97 82 67 55 46 42 46 55 67 81 104 90 77 66 59 56 59 66 76 89 112 99 88 79 73 70 72 78 87 98
36 42 17 23 43 39 51 43 32 22 55 16 12 70 28 14 31 58 45 66 32 36 14 9 38 33 31 35 54 39 39 39 23 87 26 31 41 48 33 63 119 104 90 77 66 59 56 59 66 76 113 97 81 67 55 46 42 46 54 67 108 91 75 59 45 33 28 33 45 59 105 88 71 54 38 23 14 23 38 54 104 87 70 52 35 18 0 18 35 52 105 88 71 54 38 23 14 23 38 54 108 91 75 59 45 33 28 33 45 59 113 97 81 67 55 46 42 46 54 67 119 104 90 77 66 59 56 59 66 76 126 112 99 88 78 72 70 72 78 87
54 53 34 16 59 54 68 61 47 39 71 7 7 87 11 31 48 70 59 82 49 52 31 22 55 46 45 52 71 56 54 27 38 103 9 48 58 60 43 79 134 118 104 89 77 66 59 56 58 65 129 112 97 81 67 55 46 42 45 54 125 108 91 75 59 45 33 28 33 45 122 105 88 71 54 38 23 14 23 38 122 104 87 70 52 35 18 0 18 35 122 105 88 71 54 38 23 14 23 38 125 108 91 75 59 45 33 28 33 45 129 112 97 81 67 55 46 42 45 54 134 118 104 89 77 66 59 56 58 65 140 126 112 99 87 78 72 70 72 77
71 67 52 24 76 70 85 78 63 56 87 22 24 103 7 48 66 83 75 99 66 68 48 38 72 61 60 69 88 73 70 23 55 119 11 65 75 74 57 96 150 134 118 103 89 76 66 58 55 58 145 129 112 97 81 67 54 45 42 45 142 125 108 91 75 59 45 33 28 33 140 122 105 88 71 54 38 23 14 23 139 122 104 87 70 52 35 18 0 18 140 122 105 88 71 54 38 23 14 23 142 125 108 91 75 59 45 33 28 33 145 129 112 97 81 67 54 45 42 45 150 134 118 103 89 76 66 58 55 58 156 140 126 112 99 87 78 72 69 71
88 82 69 39 92 87 102 95 80 73 104 38 41 120 25 65 83 98 91 116 83 85 65 55 89 77 76 86 105 90 87 31 71 136 28 82 92 89 72 113 166 150 134 118 103 89 76 65 58 55 162 145 129 112 96 81 67 54 45 42 159 142 125 108 91 75 59 45 33 28 157 140 122 105 88 71 54 38 23 14 156 139 122 104 87 70 52 35 18 0 157 140 122 105 88 71 54 38 23 14 159 142 125 108 91 75 59 45 33 28 162 145 129 112 96 81 67 54 45 42 166 150 134 118 103 89 76 65 58 55 171 155 140 125 111 98 87 77 71 69
72 97 89 121 73 82 66 65 85 86 55 119 117 53 133 94 75 93 73 57 77 79 92 102 72 94 92 75 62 72 73 136 87 59 130 75 67 94 92 59 72 74 80 88 99 112 126 140 156 171 58 60 67 77 90 104 119 134 150 166 43 47 55 68 82 97 113 129 145 162 29 34 45 60 75 91 108 125 142 159 15 23 38 54 71 88 105 122 140 157 0 18 35 52 70 87 104 122 139 156 15 23 38 54 71 88 105 122 140 157 29 34 45 60 75 91 108 125 142 159 43 47 55 68 82 97 113 129 145 162 58 60 67 77 90 104 119 134 150 166
55 83 72 103 58 67 51 48 69 69 38 102 100 42 116 77 58 81 56 46 61 64 75 85 56 78 76 58 48 56 56 119 69 54 112 58 51 80 75 46 74 72 73 79 88 99 112 126 140 155 60 57 60 67 77 90 104 118 134 150 47 43 46 55 67 82 97 112 129 145 34 29 34 45 60 75 91 108 125 142 23 15 23 38 54 71 88 105 122 140 18 0 18 35 52 70 87 104 122 139 23 15 23 38 54 71 88 105 122 140 34 29 34 45 60 75 91 108 125 142 47 43 46 55 67 82 97 112 129 145 60 57 60 67 77 90 104 118 134 150
40 70 54 86 45 54 40 33 55 53 21 84 83 36 98 60 41 71 40 38 45 49 58 68 42 64 62 43 37 41 38 101 52 54 95 41 35 68 58 38 80 73 71 73 79 88 99 112 126 140 67 60 57 60 67 77 90 104 118 134 55 46 43 46 55 67 81 97 112 129 45 34 29 34 45 60 75 91 108 125 38 23 15 23 38 54 71 88 105 122 35 18 0 18 35 52 70 87 104 122 38 23 15 23 38 54 71 88 105 122 45 34 29 34 45 60 75 91 108 125 55 46 43 46 55 67 81 97 112 129 67 60 57 60 67 77 90 104 118 134
26 59 38 69 35 43 33 22 42 38 8 67 66 39 81 44 25 64 25 39 31 37 41 51 29 52 49 30 32 30 22 84 35 59 78 25 23 59 42 37 88 79 73 71 73 79 88 99 112 125 77 67 60 57 59 66 77 89 103 118 68 55 46 43 46 55 67 81 97 112 60 45 34 29 33 45 59 75 91 108 54 38 23 15 23 38 54 71 88 105 52 35 18 0 18 35 52 70 87 104 54 38 23 15 23 38 54 71 88 105 60 45 34 29 33 45 59 75 91 108 68 55 46 43 46 55 67 81 97 112 77 67 60 57 59 66 77 89 103 118
20 52 22 52 32 38 35 21 33 25 17 50 50 48 64 30 13 61 16 46 23 31 24 33 25 43 40 24 36 25 8 67 17 68 61 12 20 54 27 43 99 88 79 73 71 73 78 87 99 111 90 77 67 59 57 59 66 77 89 103 82 67 55 46 43 46 55 67 81 96 75 60 45 33 29 33 45 59 75 91 71 54 38 23 15 23 38 54 71 88 70 52 35 18 0 18 35 52 70 87 71 54 38 23 15 23 38 54 71 88 75 60 45 33 29 33 45 59 75 91 82 67 55 46 43 46 55 67 81 96 90 77 67 59 57 59 66 77 89 103
27 50 11 34 39 40 45 32 33 21 34 33 34 61 47 21 19 63 23 58 26 34 11 17 31 40 37 28 46 32 17 50 1 81 44 17 30 54 16 55 112 99 88 79 73 70 72 78 87 98 104 90 77 66 59 56 59 66 76 89 97 82 67 55 46 42 46 55 67 81 91 75 60 45 33 28 33 45 59 75 88 71 54 38 23 14 23 38 54 71 87 70 52 35 18 0 18 35 52 70 88 71 54 38 23 14 23 38 54 71 91 75 60 45 33 28 33 45 59 75 97 82 67 55 46 42 46 55 67 81 104 90 77 66 59 56 59 66 76 89
41 55 20 17 50 49 58 47 41 29 51 17 21 76 31 24 33 70 37 72 38 44 17 6 44 45 42 41 60 45 33 33 18 94 28 32 44 60 21 69 126 112 99 88 78 72 70 72 78 87 119 104 90 77 66 59 56 59 66 76 113 97 81 67 55 46 42 46 54 67 108 91 75 59 45 33 28 33 45 59 105 88 71 54 38 23 14 23 38 54 104 87 70 52 35 18 0 18 35 52 105 88 71 54 38 23 14 23 38 54 108 91 75 59 45 33 28 33 45 59 113 97 81 67 55 46 42 46 54 67 119 104 90 77 66 59 56 59 66 76
57 63 36 2 64 62 73 63 54 43 68 9 19 91 17 36 50 80 54 87 53 58 32 21 59 55 53 56 76 60 50 17 36 109 13 49 60 70 35 84 140 126 112 99 87 78 72 70 72 77 134 118 104 89 77 66 59 56 58 65 129 112 97 81 67 55 46 42 45 54 125 108 91 75 59 45 33 28 33 45 122 105 88 71 54 38 23 14 23 38 122 104 87 70 52 35 18 0 18 35 122 105 88 71 54 38 23 14 23 38 125 108 91 75 59 45 33 28 33 45 129 112 97 81 67 55 46 42 45 54 134 118 104 89 77 66 59 56 58 65
73 75 52 19 80 76 89 80 68 59 85 22 29 107 15 52 67 92 70 103 69 73 49 38 75 68 67 72 92 76 67 9 53 125 15 66 77 82 51 100 156 140 126 112 99 87 78 72 69 71 150 134 118 103 89 76 66 58 55 58 145 129 112 97 81 67 54 45 42 45 142 125 108 91 75 59 45 33 28 33 140 122 105 88 71 54 38 23 14 23 139 122 104 87 70 52 35 18 0 18 140 122 105 88 71 54 38 23 14 23 142 125 108 91 75 59 45 33 28 33 145 129 112 97 81 67 54 45 42 45 150 134 118 103 89 76 66 58 55 58
90 89 69 36 96 91 105 97 84 76 102 39 44 124 28 68 84 105 87 119 86 89 66 55 92 82 82 89 108 93 85 23 70 140 29 83 94 96 68 116 171 155 140 125 111 98 87 77 71 69 166 150 134 118 103 89 76 65 58 55 162 145 129 112 96 81 67 54 45 42 159 142 125 108 91 75 59 45 33 28 157 140 122 105 88 71 54 38 23 14 156 139 122 104 87 70 52 35 18 0 157 140 122 105 88 71 54 38 23 14 159 142 125 108 91 75 59 45 33 28 162 145 129 112 96 81 67 54 45 42 166 150 134 118 103 89 76 65 58 55
77 105 91 121 81 90 74 70 91 90 55 121 120 63 135 98 78 103 71 67 82 86 95 104 78 101 98 80 70 78 73 136 88 72 132 79 73 102 91 68 86 88 93 100 110 122 134 148 162 177 72 74 80 88 99 112 126 140 156 171 58 60 67 77 90 104 119 134 150 166 43 47 55 68 82 97 113 129 145 162 29 34 45 60 75 91 108 125 142 159 15 23 38 54 71 88 105 122 140 157 0 18 35 52 70 87 104 122 139 156 15 23 38 54 71 88 105 122 140 157 29 34 45 60 75 91 108 125 142 159 43 47 55 68 82 97 113 129 145 162
62 92 75 104 67 76 61 56 77 75 38 104 103 55 118 82 62 92 54 58 67 72 78 87 64 86 84 65 58 64 56 119 71 68 115 62 58 90 74 58 88 86 87 92 100 110 121 134 148 162 74 72 73 79 88 99 112 126 140 155 60 57 60 67 77 90 104 118 134 150 47 43 46 55 67 82 97 112 129 145 34 29 34 45 60 75 91 108 125 142 23 15 23 38 54 71 88 105 122 140 18 0 18 35 52 70 87 104 122 139 23 15 23 38 54 71 88 105 122 140 34 29 34 45 60 75 91 108 125 142 47 43 46 55 67 82 97 112 129 145
48 81 59 87 56 65 52 43 64 60 21 87 87 51 101 66 47 83 36 52 54 59 62 70 51 74 71 52 49 51 38 101 54 68 98 47 45 80 56 52 93 87 85 87 92 99 109 121 134 148 80 73 71 73 79 88 99 112 126 140 67 60 57 60 67 77 90 104 118 134 55 46 43 46 55 67 81 97 112 129 45 34 29 34 45 60 75 91 108 125 38 23 15 23 38 54 71 88 105 122 35 18 0 18 35 52 70 87 104 122 38 23 15 23 38 54 71 88 105 122 45 34 29 34 45 60 75 91 108 125 55 46 43 46 55 67 81 97 112 129
38 71 44 70 48 56 47 35 53 47 8 70 71 52 85 52 34 77 19 52 43 50 46 54 42 63 60 42 46 42 22 84 38 72 81 33 35 72 39 51 100 92 87 85 87 91 99 109 121 134 88 79 73 71 73 79 88 99 112 125 77 67 60 57 59 66 77 89 103 118 68 55 46 43 46 55 67 81 97 112 60 45 34 29 33 45 59 75 91 108 54 38 23 15 23 38 54 71 88 105 52 35 18 0 18 35 52 70 87 104 54 38 23 15 23 38 54 71 88 105 60 45 34 29 33 45 59 75 91 108 68 55 46 43 46 55 67 81 97 112
34 66 31 53 46 52 49 35 47 37 17 54 56 59 68 41 27 75 3 58 37 45 33 38 39 56 53 38 49 39 8 67 23 80 65 25 34 68 22 56 110 100 92 87 85 86 91 99 109 120 99 88 79 73 71 73 78 87 99 111 90 77 67 59 57 59 66 77 89 103 82 67 55 46 43 46 55 67 81 96 75 60 45 33 29 33 45 59 75 91 71 54 38 23 15 23 38 54 71 88 70 52 35 18 0 18 35 52 70 87 71 54 38 23 15 23 38 54 71 88 75 60 45 33 29 33 45 59 75 91 82 67 55 46 43 46 55 67 81 96
39 64 25 36 51 54 56 42 47 34 34 39 43 70 53 34 30 77 17 68 39 47 25 25 43 54 51 41 57 44 17 49 15 90 49 28 40 68 5 65 122 110 99 91 86 84 86 91 98 108 112 99 88 79 73 70 72 78 87 98 104 90 77 66 59 56 59 66 76 89 97 82 67 55 46 42 46 55 67 81 91 75 60 45 33 28 33 45 59 75 88 71 54 38 23 14 23 38 54 71 87 70 52 35 18 0 18 35 52 70 88 71 54 38 23 14 23 38 54 71 91 75 60 45 33 28 33 45 59 75 97 82 67 55 46 42 46 55 67 81
49 68 30 21 60 60 67 54 53 40 51 27 34 83 39 36 41 82 34 80 48 55 27 20 53 58 55 50 69 54 33 32 23 103 35 39 52 73 14 77 134 121 109 99 91 86 84 85 90 98 126 112 99 88 78 72 70 72 78 87 119 104 90 77 66 59 56 59 66 76 113 97 81 67 55 46 42 46 54 67 108 91 75 59 45 33 28 33 45 59 105 88 71 54 38 23 14 23 38 54 104 87 70 52 35 18 0 18 35 52 105 88 71 54 38 23 14 23 38 54 108 91 75 59 45 33 28 33 45 59 113 97 81 67 55 46 42 46 54 67
63 75 42 13 72 71 80 69 63 51 68 23 32 97 29 45 55 91 51 94 60 66 39 28 66 66 63 63 82 67 50 16 38 116 26 53 66 81 31 91 148 134 121 109 99 91 85 83 85 90 140 126 112 99 87 78 72 70 72 77 134 118 104 89 77 66 59 56 58 65 129 112 97 81 67 55 46 42 45 54 125 108 91 75 59 45 33 28 33 45 122 105 88 71 54 38 23 14 23 38 122 104 87 70 52 35 18 0 18 35 122 105 88 71 54 38 23 14 23 38 125 108 91 75 59 45 33 28 33 45 129 112 97 81 67 55 46 42 45 54
78 85 57 22 86 84 95 84 76 65 85 31 39 113 28 58 71 101 68 109 75 80 53 42 81 77 75 78 97 82 67 7 55 131 26 69 82 92 49 106 162 148 134 121 109 98 90 85 83 85 156 140 126 112 99 87 78 72 69 71 150 134 118 103 89 76 66 58 55 58 145 129 112 97 81 67 54 45 42 45 142 125 108 91 75 59 45 33 28 33 140 122 105 88 71 54 38 23 14 23 139 122 104 87 70 52 35 18 0 18 140 122 105 88 71 54 38 23 14 23 142 125 108 91 75 59 45 33 28 33 145 129 112 97 81 67 54 45 42 45
94 97 73 38 101 98 110 101 90 80 102 44 51 128 36 73 87 114 86 124 90 95 69 58 96 90 89 93 113 97 85 22 72 146 37 86 98 104 66 121 177 162 148 134 120 108 98 90 85 83 171 155 140 125 111 98 87 77 71 69 166 150 134 118 103 89 76 65 58 55 162 145 129 112 96 81 67 54 45 42 159 142 125 108 91 75 59 45 33 28 157 140 122 105 88 71 54 38 23 14 156 139 122 104 87 70 52 35 18 0 157 140 122 105 88 71 54 38 23 14 159 142 125 108 91 75 59 45 33 28 162 145 129 112 96 81 67 54 45 42
84 114 96 124 90 99 84 78 99 97 59 124 124 75 138 104 84 114 72 79 90 94 99 108 86 109 106 88 80 86 75 137 91 86 135 84 80 112 92 79 100 102 106 112 121 132 144 156 170 184 86 88 93 100 110 122 134 148 162 177 72 74 80 88 99 112 126 140 156 171 58 60 67 77 90 104 119 134 150 166 43 47 55 68 82 97 113 129 145 162 29 34 45 60 75 91 108 125 142 159 15 23 38 54 71 88 105 122 140 157 0 18 35 52 70 87 104 122 139 156 15 23 38 54 71 88 105 122 140 157 29 34 45 60 75 91 108 125 142 159
71 102 81 107 78 86 73 65 86 82 43 108 108 68 122 89 70 104 55 71 76 81 83 91 73 96 93 74 70 73 59 120 75 82 118 69 67 101 75 71 102 100 101 105 112 121 131 143 156 170 88 86 87 92 100 110 121 134 148 162 74 72 73 79 88 99 112 126 140 155 60 57 60 67 77 90 104 118 134 150 47 43 46 55 67 82 97 112 129 145 34 29 34 45 60 75 91 108 125 142 23 15 23 38 54 71 88 105 122 140 18 0 18 35 52 70 87 104 122 139 23 15 23 38 54 71 88 105 122 140 34 29 34 45 60 75 91 108 125 142
59 92 66 90 68 76 65 55 75 69 29 92 93 65 106 75 57 96 38 66 64 70 69 76 63 85 82 63 63 63 43 103 59 82 102 56 56 92 58 65 106 101 99 101 105 112 121 131 143 156 93 87 85 87 92 99 109 121 134 148 80 73 71 73 79 88 99 112 126 140 67 60 57 60 67 77 90 104 118 134 55 46 43 46 55 67 81 97 112 129 45 34 29 34 45 60 75 91 108 125 38 23 15 23 38 54 71 88 105 122 35 18 0 18 35 52 70 87 104 122 38 23 15 23 38 54 71 88 105 122 45 34 29 34 45 60 75 91 108 125
51 84 53 74 62 69 61 49 66 58 22 76 78 66 90 62 46 91 23 66 55 63 55 60 55 76 73 55 60 56 29 86 45 85 86 45 49 85 41 65 112 105 101 99 100 105 111 120 131 143 100 92 87 85 87 91 99 109 121 134 88 79 73 71 73 79 88 99 112 125 77 67 60 57 59 66 77 89 103 118 68 55 46 43 46 55 67 81 97 112 60 45 34 29 33 45 59 75 91 108 54 38 23 15 23 38 54 71 88 105 52 35 18 0 18 35 52 70 87 104 54 38 23 15 23 38 54 71 88 105 60 45 34 29 33 45 59 75 91 108
48 79 43 58 60 66 62 48 61 50 26 61 65 72 75 53 41 89 13 71 51 59 44 47 53 70 67 52 62 53 22 69 33 92 71 39 47 82 25 69 121 112 105 100 99 100 104 111 120 130 110 100 92 87 85 86 91 99 109 120 99 88 79 73 71 73 78 87 99 111 90 77 67 59 57 59 66 77 89 103 82 67 55 46 43 46 55 67 81 96 75 60 45 33 29 33 45 59 75 91 71 54 38 23 15 23 38 54 71 88 70 52 35 18 0 18 35 52 70 87 71 54 38 23 15 23 38 54 71 88 75 60 45 33 29 33 45 59 75 91
52 78 39 43 64 67 68 54 61 48 39 49 54 81 61 48 43 91 21 79 52 61 38 37 56 68 65 54 69 57 26 53 29 101 57 41 52 82 14 76 132 121 112 105 100 98 99 104 110 119 122 110 99 91 86 84 86 91 98 108 112 99 88 79 73 70 72 78 87 98 104 90 77 66 59 56 59 66 76 89 97 82 67 55 46 42 46 55 67 81 91 75 60 45 33 28 33 45 59 75 88 71 54 38 23 14 23 38 54 71 87 70 52 35 18 0 18 35 52 70 88 71 54 38 23 14 23 38 54 71 91 75 60 45 33 28 33 45 59 75
60 81 42 31 71 73 77 64 65 52 54 39 47 92 50 50 51 95 36 90 59 67 40 34 64 71 68 61 79 65 39 37 34 112 46 49 62 86 19 87 144 131 121 111 104 99 98 99 103 110 134 121 109 99 91 86 84 85 90 98 126 112 99 88 78 72 70 72 78 87 119 104 90 77 66 59 56 59 66 76 113 97 81 67 55 46 42 46 54 67 108 91 75 59 45 33 28 33 45 59 105 88 71 54 38 23 14 23 38 54 104 87 70 52 35 18 0 18 35 52 105 88 71 54 38 23 14 23 38 54 108 91 75 59 45 33 28 33 45 59
72 87 51 27 82 82 89 77 74 61 71 37 46 105 42 57 63 102 53 102 70 76 48 39 75 77 75 72 91 76 54 24 45 125 39 61 74 93 34 99 156 143 131 120 111 104 99 97 99 103 148 134 121 109 99 91 85 83 85 90 140 126 112 99 87 78 72 70 72 77 134 118 104 89 77 66 59 56 58 65 129 112 97 81 67 55 46 42 45 54 125 108 91 75 59 45 33 28 33 45 122 105 88 71 54 38 23 14 23 38 122 104 87 70 52 35 18 0 18 35 122 105 88 71 54 38 23 14 23 38 125 108 91 75 59 45 33 28 33 45
85 96 64 32 94 93 102 91 85 73 87 42 51 119 41 67 77 112 70 116 83 88 61 50 88 87 85 85 104 89 70 20 60 139 39 75 88 102 50 113 170 156 143 131 120 110 103 99 97 98 162 148 134 121 109 98 90 85 83 85 156 140 126 112 99 87 78 72 69 71 150 134 118 103 89 76 66 58 55 58 145 129 112 97 81 67 54 45 42 45 142 125 108 91 75 59 45 33 28 33 140 122 105 88 71 54 38 23 14 23 139 122 104 87 70 52 35 18 0 18 140 122 105 88 71 54 38 23 14 23 142 125 108 91 75 59 45 33 28 33
100 107 79 44 108 106 117 106 98 87 104 52 61 134 47 81 92 123 87 131 97 102 75 64 103 99 97 100 119 104 87 29 76 153 47 91 103 113 67 127 184 170 156 143 130 119 110 103 98 96 177 162 148 134 120 108 98 90 85 83 171 155 140 125 111 98 87 77 71 69 166 150 134 118 103 89 76 65 58 55 162 145 129 112 96 81 67 54 45 42 159 142 125 108 91 75 59 45 33 28 157 140 122 105 88 71 54 38 23 14 156 139 122 104 87 70 52 35 18 0 157 140 122 105 88 71 54 38 23 14 159 142 125 108 91 75 59 45 33 28
93 125 103 127 100 109 94 88 108 105 65 129 130 88 143 111 92 125 76 91 98 104 105 113 96 118 116 97 91 96 81 140 97 99 140 91 89 123 95 91 115 116 119 125 133 143 154 166 179 192 100 102 106 112 121 132 144 156 170 184 86 88 93 100 110 122 134 148 162 177 72 74 80 88 99 112 126 140 156 171 58 60 67 77 90 104 119 134 150 166 43 47 55 68 82 97 113 129 145 162 29 34 45 60 75 91 108 125 142 159 15 23 38 54 71 88 105 122 140 157 0 18 35 52 70 87 104 122 139 156 15 23 38 54 71 88 105 122 140 157
81 114 88 111 89 98 85 76 97 91 51 113 115 82 127 97 79 116 60 84 86 92 91 97 84 106 104 85 82 84 65 123 81 96 124 78 77 113 78 84 116 114 115 119 125 133 142 153 165 178 102 100 101 105 112 121 131 143 156 170 88 86 87 92 100 110 121 134 148 162 74 72 73 79 88 99 112 126 140 155 60 57 60 67 77 90 104 118 134 150 47 43 46 55 67 82 97 112 129 145 34 29 34 45 60 75 91 108 125 142 23 15 23 38 54 71 88 105 122 140 18 0 18 35 52 70 87 104 122 139 23 15 23 38 54 71 88 105 122 140
71 104 75 95 81 89 78 68 86 79 41 98 101 79 112 84 67 109 45 80 76 83 77 83 75 96 93 75 76 75 52 107 67 96 108 66 68 105 62 79 119 115 114 115 118 124 132 142 153 165 106 101 99 101 105 112 121 131 143 156 93 87 85 87 92 99 109 121 134 148 80 73 71 73 79 88 99 112 126 140 67 60 57 60 67 77 90 104 118 134 55 46 43 46 55 67 81 97 112 129 45 34 29 34 45 60 75 91 108 125 38 23 15 23 38 54 71 88 105 122 35 18 0 18 35 52 70 87 104 122 38 23 15 23 38 54 71 88 105 122
65 98 64 80 76 83 75 63 79 70 36 84 87 80 97 74 59 105 33 80 68 76 65 69 69 89 85 68 74 69 41 90 55 99 93 58 63 99 47 79 125 119 115 113 114 118 124 132 141 152 112 105 101 99 100 105 111 120 131 143 100 92 87 85 87 91 99 109 121 134 88 79 73 71 73 79 88 99 112 125 77 67 60 57 59 66 77 89 103 118 68 55 46 43 46 55 67 81 97 112 60 45 34 29 33 45 59 75 91 108 54 38 23 15 23 38 54 71 88 105 52 35 18 0 18 35 52 70 87 104 54 38 23 15 23 38 54 71 88 105
62 93 56 66 74 80 76 62 75 64 39 71 75 85 83 66 55 103 27 84 65 73 57 58 67 84 80 66 76 67 35 74 46 104 80 53 61 96 35 82 133 125 118 114 113 114 117 123 131 141 121 112 105 100 99 100 104 111 120 130 110 100 92 87 85 86 91 99 109 120 99 88 79 73 71 73 78 87 99 111 90 77 67 59 57 59 66 77 89 103 82 67 55 46 43 46 55 67 81 96 75 60 45 33 29 33 45 59 75 91 71 54 38 23 15 23 38 54 71 88 70 52 35 18 0 18 35 52 70 87 71 54 38 23 15 23 38 54 71 88
65 92 53 53 77 81 81 67 74 62 48 60 66 92 71 62 56 104 31 91 66 74 52 50 69 82 79 67 81 70 38 59 43 113 67 54 65 96 27 88 143 133 124 118 114 112 113 117 123 131 132 121 112 105 100 98 99 104 110 119 122 110 99 91 86 84 86 91 98 108 112 99 88 79 73 70 72 78 87 98 104 90 77 66 59 56 59 66 76 89 97 82 67 55 46 42 46 55 67 81 91 75 60 45 33 28 33 45 59 75 88 71 54 38 23 14 23 38 54 71 87 70 52 35 18 0 18 35 52 70 88 71 54 38 23 14 23 38 54 71
72 94 55 44 83 85 89 75 78 65 61 53 60 102 61 63 63 108 43 100 71 79 53 48 76 84 81 73 90 77 48 46 46 123 58 61 73 99 30 97 154 142 132 124 117 113 112 113 116 122 144 131 121 111 104 99 98 99 103 110 134 121 109 99 91 86 84 85 90 98 126 112 99 88 78 72 70 72 78 87 119 104 90 77 66 59 56 59 66 76 113 97 81 67 55 46 42 46 54 67 108 91 75 59 45 33 28 33 45 59 105 88 71 54 38 23 14 23 38 54 104 87 70 52 35 18 0 18 35 52 105 88 71 54 38 23 14 23 38 54
82 100 62 40 93 93 99 86 85 73 76 50 59 114 56 69 73 115 57 111 80 87 60 51 85 90 87 83 100 86 61 36 55 134 53 71 83 105 41 109 166 153 142 132 123 117 113 111 112 116 156 143 131 120 111 104 99 97 99 103 148 134 121 109 99 91 85 83 85 90 140 126 112 99 87 78 72 70 72 77 134 118 104 89 77 66 59 56 58 65 129 112 97 81 67 55 46 42 45 54 125 108 91 75 59 45 33 28 33 45 122 105 88 71 54 38 23 14 23 38 122 104 87 70 52 35 18 0 18 35 122 105 88 71 54 38 23 14 23 38
94 107 73 44 104 103 111 99 95 83 92 54 63 127 55 78 85 123 73 124 92 98 70 60 97 98 96 94 113 98 75 34 68 147 53 83 96 113 55 121 179 165 153 141 131 123 116 112 110 112 170 156 143 131 120 110 103 99 97 98 162 148 134 121 109 98 90 85 83 85 156 140 126 112 99 87 78 72 69 71 150 134 118 103 89 76 66 58 55 58 145 129 112 97 81 67 54 45 42 45 142 125 108 91 75 59 45 33 28 33 140 122 105 88 71 54 38 23 14 23 139 122 104 87 70 52 35 18 0 18 140 122 105 88 71 54 38 23 14 23
107 117 86 54 117 115 124 113 107 95 108 63 71 141 59 89 99 133 90 138 105 110 83 72 110 109 107 107 126 111 91 39 82 161 59 97 110 124 71 135 192 178 165 152 141 131 122 116 112 110 184 170 156 143 130 119 110 103 98 96 177 162 148 134 120 108 98 90 85 83 171 155 140 125 111 98 87 77 71 69 166 150 134 118 103 89 76 65 58 55 162 145 129 112 96 81 67 54 45 42 159 142 125 108 91 75 59 45 33 28 157 140 122 105 88 71 54 38 23 14 156 139 122 104 87 70 52 35 18 0 157 140 122 105 88 71 54 38 23 14
103 135 111 133 111 119 106 98 119 114 74 135 137 101 149 119 101 137 82 104 108 114 113 120 106 129 126 107 103 106 88 144 104 113 145 100 99 134 100 104 129 130 133 138 145 154 164 176 188 201 115 116 119 125 133 143 154 166 179 192 100 102 106 112 121 132 144 156 170 184 86 88 93 100 110 122 134 148 162 177 72 74 80 88 99 112 126 140 156 171 58 60 67 77 90 104 119 134 150 166 43 47 55 68 82 97 113 129 145 162 29 34 45 60 75 91 108 125 142 159 15 23 38 54 71 88 105 122 140 157 0 18 35 52 70 87 104 122 139 156
92 125 97 117 101 110 98 88 108 101 62 120 123 95 134 107 89 129 67 98 97 104 100 105 96 118 115 96 95 96 74 128 90 110 130 88 89 125 84 97 130 128 129 132 138 145 154 164 175 187 116 114 115 119 125 133 142 153 165 178 102 100 101 105 112 121 131 143 156 170 88 86 87 92 100 110 121 134 148 162 74 72 73 79 88 99 112 126 140 155 60 57 60 67 77 90 104 118 134 150 47 43 46 55 67 82 97 112 129 145 34 29 34 45 60 75 91 108 125 142 23 15 23 38 54 71 88 105 122 140 18 0 18 35 52 70 87 104 122 139
84 117 86 102 94 102 92 81 99 91 53 106 109 93 119 95 79 123 54 94 88 95 87 92 88 109 106 88 90 88 62 112 77 110 116 78 81 118 70 93 133 129 128 129 132 137 144 153 163 175 119 115 114 115 118 124 132 142 153 165 106 101 99 101 105 112 121 131 143 156 93 87 85 87 92 99 109 121 134 148 80 73 71 73 79 88 99 112 126 140 67 60 57 60 67 77 90 104 118 134 55 46 43 46 55 67 81 97 112 129 45 34 29 34 45 60 75 91 108 125 38 23 15 23 38 54 71 88 105 122 35 18 0 18 35 52 70 87 104 122
78 111 76 88 90 96 89 77 92 83 50 93 97 94 106 86 72 119 45 94 82 90 77 80 83 102 99 82 88 83 53 96 66 112 102 71 76 112 57 93 138 132 129 127 128 131 137 144 153 163 125 119 115 113 114 118 124 132 141 152 112 105 101 99 100 105 111 120 131 143 100 92 87 85 87 91 99 109 121 134 88 79 73 71 73 79 88 99 112 125 77 67 60 57 59 66 77 89 103 118 68 55 46 43 46 55 67 81 97 112 60 45 34 29 33 45 59 75 91 108 54 38 23 15 23 38 54 71 88 105 52 35 18 0 18 35 52 70 87 104
76 107 69 75 88 94 90 76 89 78 52 81 87 98 93 79 69 117 41 97 79 87 70 70 81 97 94 80 89 81 49 82 59 117 89 67 75 110 46 95 145 138 132 128 127 127 131 136 143 152 133 125 118 114 113 114 117 123 131 141 121 112 105 100 99 100 104 111 120 130 110 100 92 87 85 86 91 99 109 120 99 88 79 73 71 73 78 87 99 111 90 77 67 59 57 59 66 77 89 103 82 67 55 46 43 46 55 67 81 96 75 60 45 33 29 33 45 59 75 91 71 54 38 23 15 23 38 54 71 88 70 52 35 18 0 18 35 52 70 87
78 106 67 64 91 95 94 80 88 76 59 72 79 104 82 76 70 118 44 103 80 88 66 63 83 96 93 81 94 84 51 68 57 125 79 68 78 110 41 101 154 145 137 131 127 126 127 130 135 143 143 133 124 118 114 112 113 117 123 131 132 121 112 105 100 98 99 104 110 119 122 110 99 91 86 84 86 91 98 108 112 99 88 79 73 70 72 78 87 98 104 90 77 66 59 56 59 66 76 89 97 82 67 55 46 42 46 55 67 81 91 75 60 45 33 28 33 45 59 75 88 71 54 38 23 14 23 38 54 71 87 70 52 35 18 0 18 35 52 70
84 108 68 57 96 99 101 87 91 79 70 66 74 113 74 77 75 122 53 112 84 92 67 61 88 98 95 86 101 89 59 57 59 134 71 73 85 113 43 109 164 154 144 137 131 127 125 126 130 135 154 142 132 124 117 113 112 113 116 122 144 131 121 111 104 99 98 99 103 110 134 121 109 99 91 86 84 85 90 98 126 112 99 88 78 72 70 72 78 87 119 104 90 77 66 59 56 59 66 76 113 97 81 67 55 46 42 46 54 67 108 91 75 59 45 33 28 33 45 59 105 88 71 54 38 23 14 23 38 54 104 87 70 52 35 18 0 18 35 52
93 112 74 54 104 105 110 96 98 85 83 64 73 124 69 81 83 127 65 122 92 99 72 64 97 103 100 94 111 97 70 49 66 144 66 82 94 118 51 119 176 164 153 144 136 130 126 125 126 129 166 153 142 132 123 117 113 111 112 116 156 143 131 120 111 104 99 97 99 103 148 134 121 109 99 91 85 83 85 90 140 126 112 99 87 78 72 70 72 77 134 118 104 89 77 66 59 56 58 65 129 112 97 81 67 55 46 42 45 54 125 108 91 75 59 45 33 28 33 45 122 105 88 71 54 38 23 14 23 38 122 104 87 70 52 35 18 0 18 35
103 119 84 57 114 114 121 108 106 94 98 67 76 136 69 89 94 135 79 133 102 109 81 71 107 110 108 104 122 108 83 47 77 156 67 93 105 125 63 131 188 175 163 153 143 135 130 126 124 125 179 165 153 141 131 123 116 112 110 112 170 156 143 131 120 110 103 99 97 98 162 148 134 121 109 98 90 85 83 85 156 140 126 112 99 87 78 72 69 71 150 134 118 103 89 76 66 58 55 58 145 129 112 97 81 67 54 45 42 45 142 125 108 91 75 59 45 33 28 33 140 122 105 88 71 54 38 23 14 23 139 122 104 87 70 52 35 18 0 18
116 128 95 65 126 125 133 121 117 105 113 74 83 149 72 99 107 144 95 146 114 120 92 82 119 119 117 116 135 120 97 51 90 169 71 105 118 134 77 143 201 187 175 163 152 143 135 129 125 124 192 178 165 152 141 131 122 116 112 110 184 170 156 143 130 119 110 103 98 96 177 162 148 134 120 108 98 90 85 83 171 155 140 125 111 98 87 77 71 69 166 150 134 118 103 89 76 65 58 55 162 145 129 112 96 81 67 54 45 42 159 142 125 108 91 75 59 45 33 28 157 140 122 105 88 71 54 38 23 14 156 139 122 104 87 70 52 35 18 0
