0 47 7 62 31 20 49 61 44 33 42 48 48 48 9 17 7 10 44 66 53 11 40 51 27 19 55 53 18 34 37 46 39 10 27 12 57 40 48 43 106 92 79 68 61 57 59 66 76 88 99 84 69 57 48 43 46 54 66 80 93 77 62 47 35 30 33 44 58 74 90 73 56 40 25 16 22 37 53 70 89 71 54 37 20 3 16 33 51 68 90 73 56 39 23 13 21 36 52 69 93 76 61 46 33 27 31 43 57 73 98 83 68 55 46 41 44 53 65 79 105 90 77 66 59 55 57 64 74 87 113 100 88 78 72 69 71 76 85 96
47 0 41 107 21 38 93 104 89 76 65 74 92 13 53 57 40 39 83 112 83 39 84 71 26 37 99 98 60 79 62 85 79 42 68 56 99 7 92 68 147 131 116 101 88 76 66 59 58 61 142 126 110 94 79 66 54 46 44 49 138 122 105 88 72 57 43 33 31 37 136 119 102 85 68 51 35 21 17 27 135 118 100 83 66 49 31 14 5 22 135 118 101 84 67 50 33 18 13 25 137 120 104 87 71 55 40 29 26 33 141 124 108 92 77 62 50 42 40 45 145 129 114 99 85 72 62 55 53 57 151 136 121 107 94 83 74 68 67 70
7 41 0 68 25 14 56 67 50 36 47 46 54 42 12 18 3 9 51 72 59 11 47 55 20 12 62 60 20 38 42 48 45 12 34 19 64 35 54 48 113 99 86 74 66 61 62 67 75 87 106 90 76 63 53 48 48 54 65 78 100 84 68 54 42 34 35 43 56 70 96 79 63 47 32 21 22 33 49 65 95 77 60 43 26 9 11 28 45 62 95 78 61 44 27 12 14 29 46 63 97 81 64 48 34 25 26 36 51 66 102 86 71 57 45 38 39 46 58 72 108 93 79 67 57 52 52 58 68 80 115 101 89 78 70 66 66 71 79 90
62 107 68 0 92 78 20 15 19 44 66 77 18 109 58 58 68 69 37 9 55 69 25 69 87 77 14 11 55 39 63 53 36 66 42 52 24 101 20 61 53 46 45 51 61 73 88 103 119 135 42 33 31 39 51 66 82 98 114 131 33 20 18 29 44 61 77 94 112 129 29 12 7 24 41 59 76 93 110 128 32 17 14 27 43 60 77 94 111 128 39 29 28 36 49 64 80 97 113 130 50 43 41 47 58 71 86 101 117 134 62 56 56 60 68 80 93 108 123 139 75 70 70 73 80 90 102 115 130 145 89 84 84 87 93 101 112 124 138 152
31 21 25 92 0 18 80 91 74 57 62 53 78 18 35 38 25 26 73 96 78 28 71 69 5 17 86 84 41 60 58 65 68 31 57 43 87 16 78 64 136 122 108 95 84 75 70 69 72 79 130 114 99 85 73 63 56 55 59 67 124 108 92 77 63 51 43 41 46 57 120 104 87 71 55 41 30 28 35 48 118 101 84 67 50 33 19 14 26 42 117 100 83 65 48 31 13 5 22 40 118 101 84 67 50 34 20 16 27 42 121 104 88 71 56 42 32 29 36 49 125 109 93 78 64 53 45 43 48 58 130 115 100 87 74 65 58 57 61 69
20 38 14 78 18 0 67 79 61 40 60 38 65 35 20 21 16 21 64 80 72 24 58 68 13 3 73 70 24 43 55 47 58 25 47 32 76 32 66 61 124 111 99 88 80 75 73 76 83 92 117 102 89 77 67 61 60 63 71 82 110 95 80 66 55 47 46 50 60 72 105 89 73 58 44 34 32 38 50 65 102 85 68 51 36 22 18 28 43 59 100 83 66 48 31 14 6 22 39 57 101 84 66 49 33 17 12 24 41 58 103 86 70 54 40 28 25 33 46 62 107 91 76 62 50 41 39 44 55 68 113 98 84 71 61 54 53 57 65 77
49 93 56 20 80 67 0 12 11 42 46 76 5 96 48 50 55 55 17 28 36 54 9 50 75 66 8 9 47 37 44 56 17 51 25 38 11 87 2 42 58 45 37 36 42 54 68 84 99 116 51 36 24 22 32 46 62 79 96 113 47 30 13 10 25 42 59 76 94 111 47 30 14 10 25 42 59 76 94 111 51 36 25 23 33 47 63 79 96 113 59 46 38 37 43 55 69 84 100 116 68 58 52 51 56 65 77 91 106 121 79 71 65 65 69 76 87 99 113 127 91 84 79 79 82 88 97 109 121 135 104 97 93 93 95 101 109 119 131 143
61 104 67 15 91 79 12 0 19 51 55 84 14 108 59 61 67 67 26 23 42 66 21 58 87 78 6 10 58 45 54 62 28 63 37 50 11 99 14 51 47 36 32 36 47 61 77 93 109 126 39 24 17 25 39 55 72 89 106 123 35 18 3 18 36 53 70 87 105 122 37 21 12 22 37 54 71 88 105 123 43 31 26 32 44 59 75 91 108 125 53 44 40 44 53 66 80 96 112 128 64 57 54 57 64 75 88 102 117 133 77 71 68 71 77 86 97 110 124 139 90 84 83 84 89 97 108 119 132 146 103 98 97 98 102 109 119 129 141 155
44 89 50 19 74 61 11 19 0 32 50 66 7 91 41 42 50 51 24 25 43 51 8 55 70 60 14 10 39 27 47 45 21 48 24 34 21 83 9 46 66 54 47 46 50 60 73 87 102 118 57 43 34 32 38 50 65 81 97 113 50 35 21 18 28 43 60 76 93 110 48 30 13 6 23 40 57 75 92 109 49 32 17 13 26 42 58 76 93 110 54 40 29 27 34 48 63 79 95 112 62 50 42 41 46 56 70 84 100 116 72 62 56 55 59 67 78 92 106 121 83 75 70 69 72 79 89 101 114 128 95 88 84 83 85 91 100 110 123 136
33 76 36 44 57 40 42 51 32 0 64 34 39 74 24 19 38 42 50 44 66 44 35 72 52 40 45 41 17 6 60 16 44 42 37 32 53 70 41 63 96 86 79 75 75 78 86 95 107 120 86 74 66 61 61 65 74 85 98 112 76 63 53 47 47 53 63 76 91 106 69 54 41 33 33 41 54 69 84 101 64 47 32 20 20 32 47 64 80 97 61 44 27 10 10 27 44 61 78 96 62 45 29 14 14 29 45 62 79 96 66 50 36 27 27 36 50 66 82 99 73 59 47 40 40 47 58 72 87 103 81 69 59 54 54 59 69 81 94 109
42 65 47 66 62 60 46 55 50 64 0 89 49 73 49 57 44 39 30 73 20 37 43 9 60 58 53 55 56 62 6 80 30 35 29 35 46 60 46 5 89 72 55 39 24 16 23 38 54 71 87 70 53 35 18 2 18 35 52 69 88 71 54 38 22 13 22 37 54 71 91 75 59 45 33 27 32 44 59 74 97 81 67 54 45 41 45 54 66 80 103 89 76 66 58 55 58 65 75 88 112 99 87 78 72 69 71 77 86 97 121 109 99 91 85 83 85 90 97 107 131 120 111 104 99 97 98 103 109 118 142 132 123 117 113 111 112 116 122 130
48 74 46 77 53 38 76 84 66 34 89 0 72 66 40 33 49 55 81 75 95 57 68 97 49 40 79 74 34 39 84 26 75 57 66 54 86 68 74 88 129 120 112 106 104 104 107 112 120 130 118 108 99 93 90 90 93 100 108 119 108 96 86 79 76 76 80 87 97 109 98 85 74 66 62 62 67 76 87 100 90 76 63 53 48 48 55 65 78 93 84 68 54 41 34 35 43 56 71 86 79 62 46 31 21 22 34 49 66 82 77 60 42 25 9 12 29 46 63 80 77 60 43 26 12 14 30 46 63 81 80 64 48 34 25 26 36 51 67 83
48 92 54 18 78 65 5 14 7 39 49 72 0 95 46 47 54 54 21 25 40 54 8 53 74 65 8 7 44 33 46 51 19 51 25 37 15 86 4 45 60 49 41 40 47 58 71 86 102 118 52 38 28 27 35 49 64 81 97 114 47 30 16 14 27 44 60 78 95 112 45 28 11 8 25 42 60 77 94 111 49 33 21 19 30 46 62 79 96 113 55 42 34 33 40 53 67 83 99 116 65 54 47 46 52 62 75 89 104 120 75 66 61 60 65 73 84 97 111 126 87 79 75 74 78 85 94 106 119 133 100 93 89 88 91 97 106 116 128 141
48 13 42 109 18 35 96 108 91 74 73 66 95 0 52 55 42 42 88 113 90 43 87 80 23 34 102 101 58 77 70 81 84 46 73 59 103 14 95 76 152 137 122 109 96 85 77 71 70 73 146 130 115 100 86 74 64 58 57 60 141 125 108 93 78 64 52 45 43 48 137 120 104 87 71 56 42 32 29 36 135 118 101 84 67 50 34 20 16 27 134 117 100 82 65 48 30 13 5 22 135 118 101 83 66 50 33 19 14 26 137 120 103 87 70 55 41 30 28 35 140 124 108 92 77 63 51 43 41 46 145 129 114 99 85 73 63 56 55 59
9 53 12 58 35 20 48 59 41 24 49 40 46 52 0 8 14 19 46 61 58 20 39 57 30 20 54 51 9 27 44 37 41 19 30 16 57 46 46 49 105 92 81 72 66 64 68 75 85 97 97 83 70 59 52 50 55 63 75 89 91 75 61 48 39 37 42 53 67 82 86 69 53 38 26 23 31 45 60 77 83 66 49 32 16 9 23 40 57 74 83 66 49 32 15 8 23 40 57 74 85 69 52 37 25 21 30 44 60 76 90 74 59 46 37 35 40 52 66 81 96 82 68 58 50 49 53 62 74 88 104 91 79 70 64 62 66 73 83 96
17 57 18 58 38 21 50 61 42 19 57 33 47 55 8 0 21 26 51 60 64 28 41 65 33 22 55 52 4 23 52 30 45 27 35 22 60 51 49 56 107 95 84 76 72 72 75 82 92 104 98 85 73 64 58 58 62 71 82 96 91 76 62 51 44 44 50 60 74 88 85 69 54 40 31 30 38 51 66 82 81 64 47 31 18 17 29 45 62 79 79 62 45 28 10 8 25 43 60 77 81 64 47 31 17 16 29 45 61 78 84 68 53 39 29 29 37 50 66 82 90 75 61 50 43 42 48 59 73 87 97 83 71 62 56 56 61 70 81 95
7 40 3 68 25 16 55 67 50 38 44 49 54 42 14 21 0 7 50 72 57 9 46 52 21 14 62 60 22 40 40 50 44 10 33 18 63 34 54 45 112 98 84 73 64 59 59 64 73 84 105 90 75 62 52 45 45 52 62 76 100 84 68 53 40 32 32 41 54 68 97 80 63 46 31 19 19 32 47 64 95 78 61 43 26 9 10 27 44 62 96 79 62 45 28 15 15 29 46 63 99 82 66 50 37 27 28 37 51 67 103 87 73 59 48 41 41 48 59 73 109 95 81 69 60 55 55 60 69 81 117 103 91 81 73 68 68 73 80 91
10 39 9 69 26 21 55 67 51 42 39 55 54 42 19 26 7 0 48 74 53 3 47 47 23 19 62 60 27 44 35 55 43 5 31 18 62 32 54 41 111 96 82 70 60 54 53 58 67 79 105 89 74 60 48 40 40 46 57 71 100 84 67 52 37 27 26 35 49 64 98 81 64 47 30 15 13 27 43 60 97 80 63 45 28 11 8 25 42 60 99 82 65 49 33 21 19 30 46 62 102 86 70 55 42 33 32 40 52 67 107 92 77 64 53 47 46 52 62 74 114 100 86 75 66 60 60 64 72 84 122 109 97 86 79 74 74 77 84 94
44 83 51 37 73 64 17 26 24 50 30 81 21 88 46 51 50 48 0 45 20 46 17 33 69 63 23 26 49 45 28 65 7 43 17 33 18 78 18 25 65 49 35 26 27 37 51 67 83 100 61 44 27 13 15 30 46 63 81 98 60 42 25 9 11 28 45 63 80 97 62 46 31 20 21 33 49 65 82 99 68 53 41 33 34 42 55 70 86 102 75 63 52 47 47 54 64 77 92 107 85 74 65 61 61 66 75 86 99 114 95 86 78 75 75 79 86 96 108 122 107 98 92 89 89 92 99 107 118 130 119 111 106 103 103 106 111 119 129 140
66 112 72 9 96 80 28 23 25 44 73 75 25 113 61 60 72 74 45 0 63 74 32 77 91 80 22 19 57 39 70 51 43 71 48 57 32 105 28 69 57 52 52 59 69 81 95 110 126 142 44 38 39 47 59 73 89 105 121 138 33 24 26 37 51 67 84 101 118 135 25 11 14 30 47 64 81 98 116 133 25 9 13 29 47 64 81 98 116 133 31 22 23 35 50 67 83 100 117 134 42 35 36 45 57 72 88 104 120 137 54 49 50 57 67 80 94 109 125 141 68 63 64 69 78 89 102 116 131 146 81 78 78 82 89 99 111 124 138 153
53 83 59 55 78 72 36 42 43 66 20 95 40 90 58 64 57 53 20 63 0 51 36 18 75 70 41 44 62 63 21 82 24 48 30 43 32 78 36 15 70 53 36 19 9 20 36 53 70 88 70 53 35 19 6 19 36 53 70 87 72 56 40 27 20 27 41 56 73 89 78 62 49 39 34 39 49 62 78 93 85 71 60 51 48 51 59 71 85 99 94 82 72 65 62 65 71 81 93 107 104 93 84 78 76 78 84 92 103 115 115 105 97 92 90 92 97 104 113 125 126 117 110 106 104 106 110 116 125 135 138 130 124 120 118 119 123 129 136 146
11 39 11 69 28 24 54 66 51 44 37 57 54 43 20 28 9 3 46 74 51 0 46 45 24 21 61 60 29 45 32 57 41 4 30 18 61 33 53 39 110 95 80 68 58 51 51 56 65 77 104 88 72 58 46 38 37 44 55 69 100 83 67 51 36 25 24 33 48 63 98 80 63 46 29 14 11 26 43 60 97 80 63 46 29 12 10 26 43 60 99 82 66 50 34 23 21 32 47 63 103 87 71 57 44 36 35 42 54 68 109 93 79 66 56 49 48 54 63 76 116 101 88 77 68 63 62 66 74 85 124 111 99 89 81 77 76 79 86 96
40 84 47 25 71 58 9 21 8 35 43 68 8 87 39 41 46 47 17 32 36 46 0 47 66 58 16 15 39 30 39 50 13 43 18 29 19 78 8 39 67 54 44 40 43 53 65 79 95 111 59 44 32 26 31 43 58 74 90 107 54 38 22 12 21 36 53 70 87 104 53 36 19 3 17 34 52 69 86 104 56 40 25 17 24 38 54 71 88 105 62 47 36 31 35 46 60 75 91 108 70 58 49 45 48 56 68 82 97 113 80 69 62 59 61 68 78 90 104 119 91 82 76 73 75 81 89 100 112 126 103 95 90 87 89 93 101 111 122 135
51 71 55 69 69 68 50 58 55 72 9 97 53 80 57 65 52 47 33 77 18 45 47 0 67 66 56 58 64 69 14 88 35 43 35 43 48 67 50 10 87 70 52 35 19 7 19 36 53 70 87 70 52 35 19 8 20 36 53 70 89 73 56 41 28 22 28 41 57 73 94 78 63 50 39 35 40 50 63 78 100 85 72 60 52 49 52 60 72 85 108 94 82 72 66 63 66 72 82 94 116 104 93 85 79 77 79 85 93 104 126 115 105 98 93 91 93 97 105 114 137 127 118 111 107 105 106 110 117 125 148 139 131 125 121 119 120 124 129 137
27 26 20 87 5 13 75 87 70 52 60 49 74 23 30 33 21 23 69 91 75 24 66 67 0 12 81 79 36 55 55 60 64 27 53 38 83 20 74 62 132 118 104 92 81 73 69 69 74 81 125 110 95 82 70 61 56 56 61 70 120 103 88 73 59 48 42 42 49 60 115 99 82 66 51 37 28 29 38 52 113 96 79 62 45 29 16 16 30 46 112 95 78 60 43 26 8 10 27 45 113 96 79 62 46 30 17 18 31 47 116 99 83 67 52 39 30 31 40 53 120 104 89 74 61 50 44 44 51 62 126 111 96 83 71 62 58 58 63 72
19 37 12 77 17 3 66 78 60 40 58 40 65 34 20 22 14 19 63 80 70 21 58 66 12 0 72 70 25 44 53 49 57 23 46 31 75 31 65 59 124 110 97 86 78 72 71 74 80 90 116 101 87 75 65 59 57 60 68 79 110 94 79 65 53 45 43 48 57 70 105 88 72 57 43 32 29 36 48 63 102 85 68 51 35 21 16 26 41 58 101 84 66 49 32 14 4 21 39 56 102 85 68 51 34 20 14 25 41 57 104 88 72 56 42 31 28 34 47 62 109 93 78 64 52 44 41 46 56 69 115 100 86 74 64 57 55 59 67 78
55 99 62 14 86 73 8 6 14 45 53 79 8 102 54 55 62 62 23 22 41 61 16 56 81 72 0 6 52 40 50 57 24 58 32 44 11 93 8 48 52 41 36 38 47 60 74 90 106 123 44 30 22 25 38 53 69 86 103 120 40 23 8 15 32 49 66 83 101 118 40 23 9 16 32 49 66 84 101 118 45 31 23 26 38 53 69 86 103 120 53 42 37 39 48 60 75 90 107 123 64 55 51 52 59 70 82 97 112 128 76 68 65 66 71 80 92 105 119 134 88 82 79 80 84 92 102 114 127 141 101 95 93 94 97 104 113 124 136 149
53 98 60 11 84 70 9 10 10 41 55 74 7 101 51 52 60 60 26 19 44 60 15 58 79 70 6 0 49 35 52 53 25 57 32 43 16 92 9 50 56 46 41 43 51 63 77 92 108 124 47 34 27 30 41 55 71 87 104 120 41 25 13 18 33 50 67 84 101 118 39 22 5 14 31 49 66 83 100 118 42 27 18 22 35 51 68 85 102 119 50 38 32 34 44 57 73 89 105 122 60 50 46 47 55 66 80 94 110 126 71 63 60 61 67 76 88 102 116 131 83 77 74 75 80 88 98 110 124 138 96 91 88 89 93 100 109 120 132 146
18 60 20 55 41 24 47 58 39 17 56 34 44 58 9 4 22 27 49 57 62 29 39 64 36 25 52 49 0 20 51 28 43 28 33 21 57 53 46 55 104 92 82 74 70 71 75 83 93 106 95 82 70 61 57 57 62 72 84 97 87 73 59 49 43 43 50 62 75 90 82 66 50 37 29 30 39 53 69 85 78 61 44 28 16 18 31 47 64 81 77 59 42 25 7 11 28 45 63 80 78 61 44 29 16 18 32 48 64 81 82 66 51 38 30 31 40 54 69 85 88 73 60 49 43 44 51 62 76 90 96 82 71 62 57 58 63 72 84 98
34 79 38 39 60 43 37 45 27 6 62 39 33 77 27 23 40 44 45 39 63 45 30 69 55 44 40 35 20 0 57 20 40 43 34 31 48 72 36 60 91 81 73 70 71 76 84 94 107 121 80 69 60 56 57 63 73 85 99 113 71 58 47 42 43 51 63 77 92 107 64 49 36 28 30 41 55 70 86 103 59 42 26 14 18 33 49 66 83 100 57 40 23 6 13 30 47 65 82 99 59 43 27 16 20 34 50 66 83 100 65 50 37 30 32 42 56 71 87 103 72 59 49 44 45 53 64 78 92 108 82 70 62 58 59 65 74 86 100 114
37 62 42 63 58 55 44 54 47 60 6 84 46 70 44 52 40 35 28 70 21 32 39 14 55 53 50 52 51 57 0 75 27 30 24 30 45 57 43 7 89 72 56 40 27 21 27 41 56 73 87 70 52 35 18 7 19 36 53 70 87 70 53 36 19 8 20 36 53 71 89 73 57 41 28 22 29 42 57 73 94 78 63 50 40 36 40 50 64 79 100 86 72 61 53 50 53 61 72 86 108 95 83 73 67 64 66 73 83 94 117 105 94 86 80 78 80 85 94 104 127 116 106 99 94 92 94 98 105 115 138 127 119 112 108 106 107 111 118 126
46 85 48 53 65 47 56 62 45 16 80 26 51 81 37 30 50 55 65 51 82 57 50 88 60 49 57 53 28 20 75 0 59 56 53 47 66 79 54 79 106 98 92 89 90 94 101 110 121 134 94 85 78 75 76 81 89 99 112 125 83 73 65 61 63 68 78 90 103 117 73 61 52 47 49 56 67 81 95 111 65 51 39 33 36 45 59 74 89 106 59 43 28 19 24 37 52 69 85 102 56 39 22 6 15 32 49 66 84 101 57 40 24 11 17 33 50 67 84 101 61 46 32 24 28 39 54 70 87 103 68 54 44 38 41 49 62 76 91 107
39 79 45 36 68 58 17 28 21 44 30 75 19 84 41 45 44 43 7 43 24 41 13 35 64 57 24 25 43 40 27 59 0 38 12 27 21 73 16 26 69 54 41 32 32 40 53 67 83 100 64 47 32 19 19 30 46 63 79 96 62 44 27 10 9 26 43 60 78 95 63 46 30 16 15 28 45 62 79 96 67 52 38 28 28 37 50 66 82 98 74 60 49 42 41 48 59 72 87 103 82 70 61 55 55 60 69 81 94 109 92 82 74 69 69 73 80 91 103 116 103 94 87 83 83 86 93 102 113 125 115 107 101 97 97 100 105 113 123 134
10 42 12 66 31 25 51 63 48 42 35 57 51 46 19 27 10 5 43 71 48 4 43 43 27 23 58 57 28 43 30 56 38 0 27 15 58 36 50 36 107 92 77 65 55 50 50 56 66 79 101 85 69 55 43 36 37 44 57 71 97 80 63 47 33 23 24 35 50 66 95 77 60 43 26 11 13 29 46 63 95 77 60 43 26 11 13 29 46 63 97 80 63 48 33 23 24 35 50 66 101 85 69 55 43 36 37 45 57 71 107 92 78 65 55 50 50 56 66 79 114 100 87 76 68 64 64 69 77 88 122 109 98 88 81 78 78 82 89 98
27 68 34 42 57 47 25 37 24 37 29 66 25 73 30 35 33 31 17 48 30 30 18 35 53 46 32 32 33 34 24 53 12 27 0 16 31 63 24 26 80 65 52 42 38 42 51 64 79 94 74 58 43 30 24 29 42 57 73 90 71 54 37 21 10 20 36 53 70 87 70 53 36 19 5 18 35 52 69 87 73 56 40 26 19 25 39 55 72 88 78 62 48 38 33 37 47 61 76 92 85 71 59 50 47 50 58 70 83 98 93 81 71 64 61 63 70 79 92 105 103 92 83 77 75 77 82 90 101 114 114 104 96 91 89 90 95 102 112 123
12 56 19 52 43 32 38 50 34 32 35 54 37 59 16 22 18 18 33 57 43 18 29 43 38 31 44 43 21 31 30 47 27 15 16 0 45 50 36 34 94 80 67 57 51 50 55 64 77 91 88 72 58 45 37 36 43 54 69 84 83 66 50 35 24 22 32 47 63 79 81 63 46 29 13 10 26 42 60 77 81 63 46 29 13 10 26 42 60 77 83 66 50 35 24 23 32 47 63 79 88 72 58 45 37 36 43 55 69 84 94 80 67 57 51 50 55 64 77 91 102 90 78 70 64 64 68 76 86 99 112 100 90 83 78 78 81 87 97 108
57 99 64 24 87 76 11 11 21 53 46 86 15 103 57 60 63 62 18 32 32 61 19 48 83 75 11 16 57 48 45 66 21 58 31 45 0 93 13 41 49 35 26 27 37 51 67 83 100 117 44 27 13 15 30 46 63 80 97 115 43 25 9 11 28 45 62 80 97 114 46 31 20 21 33 48 65 82 98 116 53 41 33 34 42 55 70 86 102 118 63 53 47 47 54 64 77 92 107 123 74 66 61 61 66 75 86 99 114 129 86 79 75 75 79 87 97 108 122 136 99 92 89 89 93 99 108 118 130 144 112 106 103 103 106 112 119 129 140 152
40 7 35 101 16 32 87 99 83 70 60 68 86 14 46 51 34 32 78 105 78 33 78 67 20 31 93 92 53 72 57 79 73 36 63 50 93 0 86 64 142 126 111 97 84 72 64 59 59 65 136 120 104 89 74 61 51 45 46 53 132 116 99 83 67 52 40 32 33 42 130 113 95 79 62 45 30 19 20 33 129 111 94 77 59 42 25 8 11 28 129 112 95 77 60 43 27 13 15 30 131 114 97 81 64 49 35 26 27 37 134 118 102 86 71 57 46 40 40 48 139 123 108 93 79 67 58 53 54 59 145 130 115 102 89 79 71 67 67 72
48 92 54 20 78 66 2 14 9 41 46 74 4 95 46 49 54 54 18 28 36 53 8 50 74 65 8 9 46 36 43 54 16 50 24 36 13 86 0 42 59 47 38 37 43 54 68 83 99 116 52 37 25 23 32 46 62 78 95 112 47 31 15 10 25 41 59 76 93 110 47 30 14 9 24 41 58 76 93 110 51 36 24 22 31 46 61 78 95 112 58 46 37 35 42 53 67 83 99 115 68 57 51 49 54 63 76 89 104 120 79 70 64 63 67 75 85 98 112 126 91 83 78 77 80 87 96 107 120 134 103 96 92 91 94 99 107 118 129 142
43 68 48 61 64 61 42 51 46 63 5 88 45 76 49 56 45 41 25 69 15 39 39 10 62 59 48 50 55 60 7 79 26 36 26 34 41 64 42 0 84 67 50 34 20 16 27 43 59 76 82 65 48 30 13 5 22 40 57 74 83 66 49 33 19 14 26 42 59 75 87 70 55 41 30 28 35 48 63 79 92 77 63 51 43 42 47 57 70 85 99 85 73 63 57 55 59 68 79 92 108 95 84 76 71 69 72 79 89 101 118 106 96 89 84 83 86 92 100 111 128 117 109 102 98 97 99 104 112 121 139 129 121 116 112 111 113 117 124 133
106 147 113 53 136 124 58 47 66 96 89 129 60 152 105 107 112 111 65 57 70 110 67 87 132 124 52 56 104 91 89 106 69 107 80 94 49 142 59 84 0 18 35 52 70 87 104 122 139 156 15 23 38 54 71 88 105 122 140 157 29 34 45 60 75 91 108 125 142 159 43 47 55 68 82 97 113 129 145 162 58 60 67 77 90 104 119 134 150 166 72 74 80 88 99 112 126 140 156 171 86 88 93 100 110 122 134 148 162 177 100 102 106 112 121 132 144 156 170 184 115 116 119 125 133 143 154 166 179 192 129 130 133 138 145 154 164 176 188 201
92 131 99 46 122 111 45 36 54 86 72 120 49 137 92 95 98 96 49 52 53 95 54 70 118 110 41 46 92 81 72 98 54 92 65 80 35 126 47 67 18 0 18 35 52 70 87 104 122 139 23 15 23 38 54 71 88 105 122 140 34 29 34 45 60 75 91 108 125 142 47 43 46 55 67 82 97 112 129 145 60 57 60 67 77 90 104 118 134 150 74 72 73 79 88 99 112 126 140 155 88 86 87 92 100 110 121 134 148 162 102 100 101 105 112 121 131 143 156 170 116 114 115 119 125 133 142 153 165 178 130 128 129 132 138 145 154 164 175 187
79 116 86 45 108 99 37 32 47 79 55 112 41 122 81 84 84 82 35 52 36 80 44 52 104 97 36 41 82 73 56 92 41 77 52 67 26 111 38 50 35 18 0 18 35 52 70 87 104 122 38 23 15 23 38 54 71 88 105 122 45 34 29 34 45 60 75 91 108 125 55 46 43 46 55 67 81 97 112 129 67 60 57 60 67 77 90 104 118 134 80 73 71 73 79 88 99 112 126 140 93 87 85 87 92 99 109 121 134 148 106 101 99 101 105 112 121 131 143 156 119 115 114 115 118 124 132 142 153 165 133 129 128 129 132 137 144 153 163 175
68 101 74 51 95 88 36 36 46 75 39 106 40 109 72 76 73 70 26 59 19 68 40 35 92 86 38 43 74 70 40 89 32 65 42 57 27 97 37 34 52 35 18 0 18 35 52 70 87 104 54 38 23 15 23 38 54 71 88 105 60 45 34 29 33 45 59 75 91 108 68 55 46 43 46 55 67 81 97 112 77 67 60 57 59 66 77 89 103 118 88 79 73 71 73 79 88 99 112 125 100 92 87 85 87 91 99 109 121 134 112 105 101 99 100 105 111 120 131 143 125 119 115 113 114 118 124 132 141 152 138 132 129 127 128 131 137 144 153 163
61 88 66 61 84 80 42 47 50 75 24 104 47 96 66 72 64 60 27 69 9 58 43 19 81 78 47 51 70 71 27 90 32 55 38 51 37 84 43 20 70 52 35 18 0 18 35 52 70 87 71 54 38 23 15 23 38 54 71 88 75 60 45 33 29 33 45 59 75 91 82 67 55 46 43 46 55 67 81 96 90 77 67 59 57 59 66 77 89 103 99 88 79 73 71 73 78 87 99 111 110 100 92 87 85 86 91 99 109 120 121 112 105 100 99 100 104 111 120 130 133 125 118 114 113 114 117 123 131 141 145 138 132 128 127 127 131 136 143 152
57 76 61 73 75 75 54 61 60 78 16 104 58 85 64 72 59 54 37 81 20 51 53 7 73 72 60 63 71 76 21 94 40 50 42 50 51 72 54 16 87 70 52 35 18 0 18 35 52 70 88 71 54 38 23 14 23 38 54 71 91 75 60 45 33 28 33 45 59 75 97 82 67 55 46 42 46 55 67 81 104 90 77 66 59 56 59 66 76 89 112 99 88 79 73 70 72 78 87 98 122 110 99 91 86 84 86 91 98 108 132 121 112 105 100 98 99 104 110 119 143 133 124 118 114 112 113 117 123 131 154 145 137 131 127 126 127 130 135 143
59 66 62 88 70 73 68 77 73 86 23 107 71 77 68 75 59 53 51 95 36 51 65 19 69 71 74 77 75 84 27 101 53 50 51 55 67 64 68 27 104 87 70 52 35 18 0 18 35 52 105 88 71 54 38 23 14 23 38 54 108 91 75 59 45 33 28 33 45 59 113 97 81 67 55 46 42 46 54 67 119 104 90 77 66 59 56 59 66 76 126 112 99 88 78 72 70 72 78 87 134 121 109 99 91 86 84 85 90 98 144 131 121 111 104 99 98 99 103 110 154 142 132 124 117 113 112 113 116 122 164 154 144 137 131 127 125 126 130 135
66 59 67 103 69 76 84 93 87 95 38 112 86 71 75 82 64 58 67 110 53 56 79 36 69 74 90 92 83 94 41 110 67 56 64 64 83 59 83 43 122 104 87 70 52 35 18 0 18 35 122 105 88 71 54 38 23 14 23 38 125 108 91 75 59 45 33 28 33 45 129 112 97 81 67 55 46 42 45 54 134 118 104 89 77 66 59 56 58 65 140 126 112 99 87 78 72 70 72 77 148 134 121 109 99 91 85 83 85 90 156 143 131 120 111 104 99 97 99 103 166 153 142 132 123 117 113 111 112 116 176 164 153 144 136 130 126 125 126 129
76 58 75 119 72 83 99 109 102 107 54 120 102 70 85 92 73 67 83 126 70 65 95 53 74 80 106 108 93 107 56 121 83 66 79 77 100 59 99 59 139 122 104 87 70 52 35 18 0 18 140 122 105 88 71 54 38 23 14 23 142 125 108 91 75 59 45 33 28 33 145 129 112 97 81 67 54 45 42 45 150 134 118 103 89 76 66 58 55 58 156 140 126 112 99 87 78 72 69 71 162 148 134 121 109 98 90 85 83 85 170 156 143 131 120 110 103 99 97 98 179 165 153 141 131 123 116 112 110 112 188 175 163 153 143 135 130 126 124 125
88 61 87 135 79 92 116 126 118 120 71 130 118 73 97 104 84 79 100 142 88 77 111 70 81 90 123 124 106 121 73 134 100 79 94 91 117 65 116 76 156 139 122 104 87 70 52 35 18 0 157 140 122 105 88 71 54 38 23 14 159 142 125 108 91 75 59 45 33 28 162 145 129 112 96 81 67 54 45 42 166 150 134 118 103 89 76 65 58 55 171 155 140 125 111 98 87 77 71 69 177 162 148 134 120 108 98 90 85 83 184 170 156 143 130 119 110 103 98 96 192 178 165 152 141 131 122 116 112 110 201 187 175 163 152 143 135 129 125 124
99 142 106 42 130 117 51 39 57 86 87 118 52 146 97 98 105 105 61 44 70 104 59 87 125 116 44 47 95 80 87 94 64 101 74 88 44 136 52 82 15 23 38 54 71 88 105 122 140 157 0 18 35 52 70 87 104 122 139 156 15 23 38 54 71 88 105 122 140 157 29 34 45 60 75 91 108 125 142 159 43 47 55 68 82 97 113 129 145 162 58 60 67 77 90 104 119 134 150 166 72 74 80 88 99 112 126 140 156 171 86 88 93 100 110 122 134 148 162 177 100 102 106 112 121 132 144 156 170 184 115 116 119 125 133 143 154 166 179 192
84 126 90 33 114 102 36 24 43 74 70 108 38 130 83 85 90 89 44 38 53 88 44 70 110 101 30 34 82 69 70 85 47 85 58 72 27 120 37 65 23 15 23 38 54 71 88 105 122 140 18 0 18 35 52 70 87 104 122 139 23 15 23 38 54 71 88 105 122 140 34 29 34 45 60 75 91 108 125 142 47 43 46 55 67 82 97 112 129 145 60 57 60 67 77 90 104 118 134 150 74 72 73 79 88 99 112 126 140 155 88 86 87 92 100 110 121 134 148 162 102 100 101 105 112 121 131 143 156 170 116 114 115 119 125 133 142 153 165 178
69 110 76 31 99 89 24 17 34 66 53 99 28 115 70 73 75 74 27 39 35 72 32 52 95 87 22 27 70 60 52 78 32 69 43 58 13 104 25 48 38 23 15 23 38 54 71 88 105 122 35 18 0 18 35 52 70 87 104 122 38 23 15 23 38 54 71 88 105 122 45 34 29 34 45 60 75 91 108 125 55 46 43 46 55 67 81 97 112 129 67 60 57 60 67 77 90 104 118 134 80 73 71 73 79 88 99 112 126 140 93 87 85 87 92 99 109 121 134 148 106 101 99 101 105 112 121 131 143 156 119 115 114 115 118 124 132 142 153 165
57 94 63 39 85 77 22 25 32 61 35 93 27 100 59 64 62 60 13 47 19 58 26 35 82 75 25 30 61 56 35 75 19 55 30 45 15 89 23 30 54 38 23 15 23 38 54 71 88 105 52 35 18 0 18 35 52 70 87 104 54 38 23 15 23 38 54 71 88 105 60 45 34 29 33 45 59 75 91 108 68 55 46 43 46 55 67 81 97 112 77 67 60 57 59 66 77 89 103 118 88 79 73 71 73 79 88 99 112 125 100 92 87 85 87 91 99 109 121 134 112 105 101 99 100 105 111 120 131 143 125 119 115 113 114 118 124 132 141 152
48 79 53 51 73 67 32 39 38 61 18 90 35 86 52 58 52 48 15 59 6 46 31 19 70 65 38 41 57 57 18 76 19 43 24 37 30 74 32 13 71 54 38 23 15 23 38 54 71 88 70 52 35 18 0 18 35 52 70 87 71 54 38 23 15 23 38 54 71 88 75 60 45 33 29 33 45 59 75 91 82 67 55 46 43 46 55 67 81 96 90 77 67 59 57 59 66 77 89 103 99 88 79 73 71 73 78 87 99 111 110 100 92 87 85 86 91 99 109 120 121 112 105 100 99 100 104 111 120 130 133 125 118 114 113 114 117 123 131 141
43 66 48 66 63 61 46 55 50 65 2 90 49 74 50 58 45 40 30 73 19 38 43 8 61 59 53 55 57 63 7 81 30 36 29 36 46 61 46 5 88 71 54 38 23 14 23 38 54 71 87 70 52 35 18 0 18 35 52 70 88 71 54 38 23 14 23 38 54 71 91 75 60 45 33 28 33 45 59 75 97 82 67 55 46 42 46 55 67 81 104 90 77 66 59 56 59 66 76 89 112 99 88 79 73 70 72 78 87 98 122 110 99 91 86 84 86 91 98 108 132 121 112 105 100 98 99 104 110 119 143 133 124 118 114 112 113 117 123 131
46 54 48 82 56 60 62 72 65 74 18 93 64 64 55 62 45 40 46 89 36 37 58 20 56 57 69 71 62 73 19 89 46 37 42 43 63 51 62 22 105 88 71 54 38 23 14 23 38 54 104 87 70 52 35 18 0 18 35 52 105 88 71 54 38 23 14 23 38 54 108 91 75 59 45 33 28 33 45 59 113 97 81 67 55 46 42 46 54 67 119 104 90 77 66 59 56 59 66 76 126 112 99 88 78 72 70 72 78 87 134 121 109 99 91 86 84 85 90 98 144 131 121 111 104 99 98 99 103 110 154 142 132 124 117 113 112 113 116 122
54 46 54 98 55 63 79 89 81 85 35 100 81 58 63 71 52 46 63 105 53 44 74 36 56 60 86 87 72 85 36 99 63 44 57 54 80 45 78 40 122 105 88 71 54 38 23 14 23 38 122 104 87 70 52 35 18 0 18 35 122 105 88 71 54 38 23 14 23 38 125 108 91 75 59 45 33 28 33 45 129 112 97 81 67 55 46 42 45 54 134 118 104 89 77 66 59 56 58 65 140 126 112 99 87 78 72 70 72 77 148 134 121 109 99 91 85 83 85 90 156 143 131 120 111 104 99 97 99 103 166 153 142 132 123 117 113 111 112 116
66 44 65 114 59 71 96 106 97 98 52 108 97 57 75 82 62 57 81 121 70 55 90 53 61 68 103 104 84 99 53 112 79 57 73 69 97 46 95 57 140 122 105 88 71 54 38 23 14 23 139 122 104 87 70 52 35 18 0 18 140 122 105 88 71 54 38 23 14 23 142 125 108 91 75 59 45 33 28 33 145 129 112 97 81 67 54 45 42 45 150 134 118 103 89 76 66 58 55 58 156 140 126 112 99 87 78 72 69 71 162 148 134 121 109 98 90 85 83 85 170 156 143 131 120 110 103 99 97 98 179 165 153 141 131 123 116 112 110 112
80 49 78 131 67 82 113 123 113 112 69 119 114 60 89 96 76 71 98 138 87 69 107 70 70 79 120 120 97 113 70 125 96 71 90 84 115 53 112 74 157 140 122 105 88 71 54 38 23 14 156 139 122 104 87 70 52 35 18 0 157 140 122 105 88 71 54 38 23 14 159 142 125 108 91 75 59 45 33 28 162 145 129 112 96 81 67 54 45 42 166 150 134 118 103 89 76 65 58 55 171 155 140 125 111 98 87 77 71 69 177 162 148 134 120 108 98 90 85 83 184 170 156 143 130 119 110 103 98 96 192 178 165 152 141 131 122 116 112 110
93 138 100 33 124 110 47 35 50 76 88 108 47 141 91 91 100 100 60 33 72 100 54 89 120 110 40 41 87 71 87 83 62 97 71 83 43 132 47 83 29 34 45 60 75 91 108 125 142 159 15 23 38 54 71 88 105 122 140 157 0 18 35 52 70 87 104 122 139 156 15 23 38 54 71 88 105 122 140 157 29 34 45 60 75 91 108 125 142 159 43 47 55 68 82 97 113 129 145 162 58 60 67 77 90 104 119 134 150 166 72 74 80 88 99 112 126 140 156 171 86 88 93 100 110 122 134 148 162 177 100 102 106 112 121 132 144 156 170 184
77 122 84 20 108 95 30 18 35 63 71 96 30 125 75 76 84 84 42 24 56 83 38 73 103 94 23 25 73 58 70 73 44 80 54 66 25 116 31 66 34 29 34 45 60 75 91 108 125 142 23 15 23 38 54 71 88 105 122 140 18 0 18 35 52 70 87 104 122 139 23 15 23 38 54 71 88 105 122 140 34 29 34 45 60 75 91 108 125 142 47 43 46 55 67 82 97 112 129 145 60 57 60 67 77 90 104 118 134 150 74 72 73 79 88 99 112 126 140 155 88 86 87 92 100 110 121 134 148 162 102 100 101 105 112 121 131 143 156 170
62 105 68 18 92 80 13 3 21 53 54 86 16 108 61 62 68 67 25 26 40 67 22 56 88 79 8 13 59 47 53 65 27 63 37 50 9 99 15 49 45 34 29 34 45 60 75 91 108 125 38 23 15 23 38 54 71 88 105 122 35 18 0 18 35 52 70 87 104 122 38 23 15 23 38 54 71 88 105 122 45 34 29 34 45 60 75 91 108 125 55 46 43 46 55 67 81 97 112 129 67 60 57 60 67 77 90 104 118 134 80 73 71 73 79 88 99 112 126 140 93 87 85 87 92 99 109 121 134 148 106 101 99 101 105 112 121 131 143 156
47 88 54 29 77 66 10 18 18 47 38 79 14 93 48 51 53 52 9 37 27 51 12 41 73 65 15 18 49 42 36 61 10 47 21 35 11 83 10 33 60 45 34 29 33 45 59 75 91 108 54 38 23 15 23 38 54 71 88 105 52 35 18 0 18 35 52 70 87 104 54 38 23 15 23 38 54 71 88 105 60 45 34 29 33 45 59 75 91 108 68 55 46 43 46 55 67 81 97 112 77 67 60 57 59 66 77 89 103 118 88 79 73 71 73 79 88 99 112 125 100 92 87 85 87 91 99 109 121 134 112 105 101 99 100 105 111 120 131 143
35 72 42 44 63 55 25 36 28 47 22 76 27 78 39 44 40 37 11 51 20 36 21 28 59 53 32 33 43 43 19 63 9 33 10 24 28 67 25 19 75 60 45 33 29 33 45 59 75 91 71 54 38 23 15 23 38 54 71 88 70 52 35 18 0 18 35 52 70 87 71 54 38 23 15 23 38 54 71 88 75 60 45 33 29 33 45 59 75 91 82 67 55 46 43 46 55 67 81 96 90 77 67 59 57 59 66 77 89 103 99 88 79 73 71 73 78 87 99 111 110 100 92 87 85 86 91 99 109 120 121 112 105 100 99 100 104 111 120 130
30 57 34 61 51 47 42 53 43 53 13 76 44 64 37 44 32 27 28 67 27 25 36 22 48 45 49 50 43 51 8 68 26 23 20 22 45 52 41 14 91 75 60 45 33 28 33 45 59 75 88 71 54 38 23 14 23 38 54 71 87 70 52 35 18 0 18 35 52 70 88 71 54 38 23 14 23 38 54 71 91 75 60 45 33 28 33 45 59 75 97 82 67 55 46 42 46 55 67 81 104 90 77 66 59 56 59 66 76 89 112 99 88 79 73 70 72 78 87 98 122 110 99 91 86 84 86 91 98 108 132 121 112 105 100 98 99 104 110 119
33 43 35 77 43 46 59 70 60 63 22 80 60 52 42 50 32 26 45 84 41 24 53 28 42 43 66 67 50 63 20 78 43 24 36 32 62 40 59 26 108 91 75 59 45 33 28 33 45 59 105 88 71 54 38 23 14 23 38 54 104 87 70 52 35 18 0 18 35 52 105 88 71 54 38 23 14 23 38 54 108 91 75 59 45 33 28 33 45 59 113 97 81 67 55 46 42 46 54 67 119 104 90 77 66 59 56 59 66 76 126 112 99 88 78 72 70 72 78 87 134 121 109 99 91 86 84 85 90 98 144 131 121 111 104 99 98 99 103 110
44 33 43 94 41 50 76 87 76 76 37 87 78 45 53 60 41 35 63 101 56 33 70 41 42 48 83 84 62 77 36 90 60 35 53 47 80 32 76 42 125 108 91 75 59 45 33 28 33 45 122 105 88 71 54 38 23 14 23 38 122 104 87 70 52 35 18 0 18 35 122 105 88 71 54 38 23 14 23 38 125 108 91 75 59 45 33 28 33 45 129 112 97 81 67 55 46 42 45 54 134 118 104 89 77 66 59 56 58 65 140 126 112 99 87 78 72 70 72 77 148 134 121 109 99 91 85 83 85 90 156 143 131 120 111 104 99 97 99 103
58 31 56 112 46 60 94 105 93 91 54 97 95 43 67 74 54 49 80 118 73 48 87 57 49 57 101 101 75 92 53 103 78 50 70 63 97 33 93 59 142 125 108 91 75 59 45 33 28 33 140 122 105 88 71 54 38 23 14 23 139 122 104 87 70 52 35 18 0 18 140 122 105 88 71 54 38 23 14 23 142 125 108 91 75 59 45 33 28 33 145 129 112 97 81 67 54 45 42 45 150 134 118 103 89 76 66 58 55 58 156 140 126 112 99 87 78 72 69 71 162 148 134 121 109 98 90 85 83 85 170 156 143 131 120 110 103 99 97 98
74 37 70 129 57 72 111 122 110 106 71 109 112 48 82 88 68 64 97 135 89 63 104 73 60 70 118 118 90 107 71 117 95 66 87 79 114 42 110 75 159 142 125 108 91 75 59 45 33 28 157 140 122 105 88 71 54 38 23 14 156 139 122 104 87 70 52 35 18 0 157 140 122 105 88 71 54 38 23 14 159 142 125 108 91 75 59 45 33 28 162 145 129 112 96 81 67 54 45 42 166 150 134 118 103 89 76 65 58 55 171 155 140 125 111 98 87 77 71 69 177 162 148 134 120 108 98 90 85 83 184 170 156 143 130 119 110 103 98 96
90 136 96 29 120 105 47 37 48 69 91 98 45 137 86 85 97 98 62 25 78 98 53 94 115 105 40 39 82 64 89 73 63 95 70 81 46 130 47 87 43 47 55 68 82 97 113 129 145 162 29 34 45 60 75 91 108 125 142 159 15 23 38 54 71 88 105 122 140 157 0 18 35 52 70 87 104 122 139 156 15 23 38 54 71 88 105 122 140 157 29 34 45 60 75 91 108 125 142 159 43 47 55 68 82 97 113 129 145 162 58 60 67 77 90 104 119 134 150 166 72 74 80 88 99 112 126 140 156 171 86 88 93 100 110 122 134 148 162 177
73 119 79 12 104 89 30 21 30 54 75 85 28 120 69 69 80 81 46 11 62 80 36 78 99 88 23 22 66 49 73 61 46 77 53 63 31 113 30 70 47 43 46 55 67 82 97 112 129 145 34 29 34 45 60 75 91 108 125 142 23 15 23 38 54 71 88 105 122 140 18 0 18 35 52 70 87 104 122 139 23 15 23 38 54 71 88 105 122 140 34 29 34 45 60 75 91 108 125 142 47 43 46 55 67 82 97 112 129 145 60 57 60 67 77 90 104 118 134 150 74 72 73 79 88 99 112 126 140 155 88 86 87 92 100 110 121 134 148 162
56 102 63 7 87 73 14 12 13 41 59 74 11 104 53 54 63 64 31 14 49 63 19 63 82 72 9 5 50 36 57 52 30 60 36 46 20 95 14 55 55 46 43 46 55 67 81 97 112 129 45 34 29 34 45 60 75 91 108 125 38 23 15 23 38 54 71 88 105 122 35 18 0 18 35 52 70 87 104 122 38 23 15 23 38 54 71 88 105 122 45 34 29 34 45 60 75 91 108 125 55 46 43 46 55 67 81 97 112 129 67 60 57 60 67 77 90 104 118 134 80 73 71 73 79 88 99 112 126 140 93 87 85 87 92 99 109 121 134 148
40 85 47 24 71 58 10 22 6 33 45 66 8 87 38 40 46 47 20 30 39 46 3 50 66 57 16 14 37 28 41 47 16 43 19 29 21 79 9 41 68 55 46 43 46 55 67 81 97 112 60 45 34 29 33 45 59 75 91 108 54 38 23 15 23 38 54 71 88 105 52 35 18 0 18 35 52 70 87 104 54 38 23 15 23 38 54 71 88 105 60 45 34 29 33 45 59 75 91 108 68 55 46 43 46 55 67 81 97 112 77 67 60 57 59 66 77 89 103 118 88 79 73 71 73 79 88 99 112 125 100 92 87 85 87 91 99 109 121 134
25 68 32 41 55 44 25 37 23 33 33 62 25 71 26 31 31 30 21 47 34 29 17 39 51 43 32 31 29 30 28 49 15 26 5 13 33 62 24 30 82 67 55 46 43 46 55 67 81 96 75 60 45 33 29 33 45 59 75 91 71 54 38 23 15 23 38 54 71 88 70 52 35 18 0 18 35 52 70 87 71 54 38 23 15 23 38 54 71 88 75 60 45 33 29 33 45 59 75 91 82 67 55 46 43 46 55 67 81 96 90 77 67 59 57 59 66 77 89 103 99 88 79 73 71 73 78 87 99 111 110 100 92 87 85 86 91 99 109 120
16 51 21 59 41 34 42 54 40 41 27 62 42 56 23 30 19 15 33 64 39 14 34 35 37 32 49 49 30 41 22 56 28 11 18 10 48 45 41 28 97 82 67 55 46 42 46 55 67 81 91 75 60 45 33 28 33 45 59 75 88 71 54 38 23 14 23 38 54 71 87 70 52 35 18 0 18 35 52 70 88 71 54 38 23 14 23 38 54 71 91 75 60 45 33 28 33 45 59 75 97 82 67 55 46 42 46 55 67 81 104 90 77 66 59 56 59 66 76 89 112 99 88 79 73 70 72 78 87 98 122 110 99 91 86 84 86 91 98 108
22 35 22 76 30 32 59 71 57 54 32 67 60 42 31 38 19 13 49 81 49 11 52 40 28 29 66 66 39 55 29 67 45 13 35 26 65 30 58 35 113 97 81 67 55 46 42 46 54 67 108 91 75 59 45 33 28 33 45 59 105 88 71 54 38 23 14 23 38 54 104 87 70 52 35 18 0 18 35 52 105 88 71 54 38 23 14 23 38 54 108 91 75 59 45 33 28 33 45 59 113 97 81 67 55 46 42 46 54 67 119 104 90 77 66 59 56 59 66 76 126 112 99 88 78 72 70 72 78 87 134 121 109 99 91 86 84 85 90 98
37 21 33 93 28 38 76 88 75 69 44 76 77 32 45 51 32 27 65 98 62 26 69 50 29 36 84 83 53 70 42 81 62 29 52 42 82 19 76 48 129 112 97 81 67 55 46 42 45 54 125 108 91 75 59 45 33 28 33 45 122 105 88 71 54 38 23 14 23 38 122 104 87 70 52 35 18 0 18 35 122 105 88 71 54 38 23 14 23 38 125 108 91 75 59 45 33 28 33 45 129 112 97 81 67 55 46 42 45 54 134 118 104 89 77 66 59 56 58 65 140 126 112 99 87 78 72 70 72 77 148 134 121 109 99 91 85 83 85 90
53 17 49 110 35 50 94 105 92 84 59 87 94 29 60 66 47 43 82 116 78 43 86 63 38 48 101 100 69 86 57 95 79 46 69 60 98 20 93 63 145 129 112 97 81 67 54 45 42 45 142 125 108 91 75 59 45 33 28 33 140 122 105 88 71 54 38 23 14 23 139 122 104 87 70 52 35 18 0 18 140 122 105 88 71 54 38 23 14 23 142 125 108 91 75 59 45 33 28 33 145 129 112 97 81 67 54 45 42 45 150 134 118 103 89 76 66 58 55 58 156 140 126 112 99 87 78 72 69 71 162 148 134 121 109 98 90 85 83 85
70 27 65 128 48 65 111 123 109 101 74 100 111 36 77 82 64 60 99 133 93 60 104 78 52 63 118 118 85 103 73 111 96 63 87 77 116 33 110 79 162 145 129 112 96 81 67 54 45 42 159 142 125 108 91 75 59 45 33 28 157 140 122 105 88 71 54 38 23 14 156 139 122 104 87 70 52 35 18 0 157 140 122 105 88 71 54 38 23 14 159 142 125 108 91 75 59 45 33 28 162 145 129 112 96 81 67 54 45 42 166 150 134 118 103 89 76 65 58 55 171 155 140 125 111 98 87 77 71 69 177 162 148 134 120 108 98 90 85 83
89 135 95 32 118 102 51 43 49 64 97 90 49 135 83 81 95 97 68 25 85 97 56 100 113 102 45 42 78 59 94 65 67 95 73 81 53 129 51 92 58 60 67 77 90 104 119 134 150 166 43 47 55 68 82 97 113 129 145 162 29 34 45 60 75 91 108 125 142 159 15 23 38 54 71 88 105 122 140 157 0 18 35 52 70 87 104 122 139 156 15 23 38 54 71 88 105 122 140 157 29 34 45 60 75 91 108 125 142 159 43 47 55 68 82 97 113 129 145 162 58 60 67 77 90 104 119 134 150 166 72 74 80 88 99 112 126 140 156 171
71 118 77 17 101 85 36 31 32 47 81 76 33 118 66 64 78 80 53 9 71 80 40 85 96 85 31 27 61 42 78 51 52 77 56 63 41 111 36 77 60 57 60 67 77 90 104 118 134 150 47 43 46 55 67 82 97 112 129 145 34 29 34 45 60 75 91 108 125 142 23 15 23 38 54 71 88 105 122 140 18 0 18 35 52 70 87 104 122 139 23 15 23 38 54 71 88 105 122 140 34 29 34 45 60 75 91 108 125 142 47 43 46 55 67 82 97 112 129 145 60 57 60 67 77 90 104 118 134 150 74 72 73 79 88 99 112 126 140 155
54 100 60 14 84 68 25 26 17 32 67 63 21 101 49 47 61 63 41 13 60 63 25 72 79 68 23 18 44 26 63 39 38 60 40 46 33 94 24 63 67 60 57 60 67 77 90 104 118 134 55 46 43 46 55 67 81 97 112 129 45 34 29 34 45 60 75 91 108 125 38 23 15 23 38 54 71 88 105 122 35 18 0 18 35 52 70 87 104 122 38 23 15 23 38 54 71 88 105 122 45 34 29 34 45 60 75 91 108 125 55 46 43 46 55 67 81 97 112 129 67 60 57 60 67 77 90 104 118 134 80 73 71 73 79 88 99 112 126 140
37 83 43 27 67 51 23 32 13 20 54 53 19 84 32 31 43 45 33 29 51 46 17 60 62 51 26 22 28 14 50 33 28 43 26 29 34 77 22 51 77 67 60 57 59 66 77 89 103 118 68 55 46 43 46 55 67 81 97 112 60 45 34 29 33 45 59 75 91 108 54 38 23 15 23 38 54 71 88 105 52 35 18 0 18 35 52 70 87 104 54 38 23 15 23 38 54 71 88 105 60 45 34 29 33 45 59 75 91 108 68 55 46 43 46 55 67 81 97 112 77 67 60 57 59 66 77 89 103 118 88 79 73 71 73 79 88 99 112 125
20 66 26 43 50 36 33 44 26 20 45 48 30 67 16 18 26 28 34 47 48 29 24 52 45 35 38 35 16 18 40 36 28 26 19 13 42 59 31 43 90 77 67 59 57 59 66 77 89 103 82 67 55 46 43 46 55 67 81 96 75 60 45 33 29 33 45 59 75 91 71 54 38 23 15 23 38 54 71 88 70 52 35 18 0 18 35 52 70 87 71 54 38 23 15 23 38 54 71 88 75 60 45 33 29 33 45 59 75 91 82 67 55 46 43 46 55 67 81 96 90 77 67 59 57 59 66 77 89 103 99 88 79 73 71 73 78 87 99 111
3 49 9 60 33 22 47 59 42 32 41 48 46 50 9 17 9 11 42 64 51 12 38 49 29 21 53 51 18 33 36 45 37 11 25 10 55 42 46 42 104 90 77 66 59 56 59 66 76 89 97 82 67 55 46 42 46 55 67 81 91 75 60 45 33 28 33 45 59 75 88 71 54 38 23 14 23 38 54 71 87 70 52 35 18 0 18 35 52 70 88 71 54 38 23 14 23 38 54 71 91 75 60 45 33 28 33 45 59 75 97 82 67 55 46 42 46 55 67 81 104 90 77 66 59 56 59 66 76 89 112 99 88 79 73 70 72 78 87 98
16 31 11 77 19 18 63 75 58 47 45 55 62 34 23 29 10 8 55 81 59 10 54 52 16 16 69 68 31 49 40 59 50 13 39 26 70 25 61 47 119 104 90 77 66 59 56 59 66 76 113 97 81 67 55 46 42 46 54 67 108 91 75 59 45 33 28 33 45 59 105 88 71 54 38 23 14 23 38 54 104 87 70 52 35 18 0 18 35 52 105 88 71 54 38 23 14 23 38 54 108 91 75 59 45 33 28 33 45 59 113 97 81 67 55 46 42 46 54 67 119 104 90 77 66 59 56 59 66 76 126 112 99 88 78 72 70 72 78 87
33 14 28 94 14 28 79 91 76 64 54 65 79 20 40 45 27 25 70 98 71 26 71 60 16 26 86 85 47 66 50 74 66 29 55 42 86 8 78 57 134 118 104 89 77 66 59 56 58 65 129 112 97 81 67 55 46 42 45 54 125 108 91 75 59 45 33 28 33 45 122 105 88 71 54 38 23 14 23 38 122 104 87 70 52 35 18 0 18 35 122 105 88 71 54 38 23 14 23 38 125 108 91 75 59 45 33 28 33 45 129 112 97 81 67 55 46 42 45 54 134 118 104 89 77 66 59 56 58 65 140 126 112 99 87 78 72 70 72 77
51 5 45 111 26 43 96 108 93 80 66 78 96 16 57 62 44 42 86 116 85 43 88 72 30 41 103 102 64 83 64 89 82 46 72 60 102 11 95 70 150 134 118 103 89 76 66 58 55 58 145 129 112 97 81 67 54 45 42 45 142 125 108 91 75 59 45 33 28 33 140 122 105 88 71 54 38 23 14 23 139 122 104 87 70 52 35 18 0 18 140 122 105 88 71 54 38 23 14 23 142 125 108 91 75 59 45 33 28 33 145 129 112 97 81 67 54 45 42 45 150 134 118 103 89 76 66 58 55 58 156 140 126 112 99 87 78 72 69 71
68 22 62 128 42 59 113 125 110 97 80 93 113 27 74 79 62 60 102 133 99 60 105 85 46 58 120 119 81 100 79 106 98 63 88 77 118 28 112 85 166 150 134 118 103 89 76 65 58 55 162 145 129 112 96 81 67 54 45 42 159 142 125 108 91 75 59 45 33 28 157 140 122 105 88 71 54 38 23 14 156 139 122 104 87 70 52 35 18 0 157 140 122 105 88 71 54 38 23 14 159 142 125 108 91 75 59 45 33 28 162 145 129 112 96 81 67 54 45 42 166 150 134 118 103 89 76 65 58 55 171 155 140 125 111 98 87 77 71 69
90 135 95 39 117 100 59 53 54 61 103 84 55 134 83 79 96 99 75 31 94 99 62 108 112 101 53 50 77 57 100 59 74 97 78 83 63 129 58 99 72 74 80 88 99 112 126 140 156 171 58 60 67 77 90 104 119 134 150 166 43 47 55 68 82 97 113 129 145 162 29 34 45 60 75 91 108 125 142 159 15 23 38 54 71 88 105 122 140 157 0 18 35 52 70 87 104 122 139 156 15 23 38 54 71 88 105 122 140 157 29 34 45 60 75 91 108 125 142 159 43 47 55 68 82 97 113 129 145 162 58 60 67 77 90 104 119 134 150 166
73 118 78 29 100 83 46 44 40 44 89 68 42 117 66 62 79 82 63 22 82 82 47 94 95 84 42 38 59 40 86 43 60 80 62 66 53 112 46 85 74 72 73 79 88 99 112 126 140 155 60 57 60 67 77 90 104 118 134 150 47 43 46 55 67 82 97 112 129 145 34 29 34 45 60 75 91 108 125 142 23 15 23 38 54 71 88 105 122 140 18 0 18 35 52 70 87 104 122 139 23 15 23 38 54 71 88 105 122 140 34 29 34 45 60 75 91 108 125 142 47 43 46 55 67 82 97 112 129 145 60 57 60 67 77 90 104 118 134 150
56 101 61 28 83 66 38 40 29 27 76 54 34 100 49 45 62 65 52 23 72 66 36 82 78 66 37 32 42 23 72 28 49 63 48 50 47 95 37 73 80 73 71 73 79 88 99 112 126 140 67 60 57 60 67 77 90 104 118 134 55 46 43 46 55 67 81 97 112 129 45 34 29 34 45 60 75 91 108 125 38 23 15 23 38 54 71 88 105 122 35 18 0 18 35 52 70 87 104 122 38 23 15 23 38 54 71 88 105 122 45 34 29 34 45 60 75 91 108 125 55 46 43 46 55 67 81 97 112 129 67 60 57 60 67 77 90 104 118 134
39 84 44 36 65 48 37 44 27 10 66 41 33 82 32 28 45 49 47 35 65 50 31 72 60 49 39 34 25 6 61 19 42 48 38 35 47 77 35 63 88 79 73 71 73 79 88 99 112 125 77 67 60 57 59 66 77 89 103 118 68 55 46 43 46 55 67 81 97 112 60 45 34 29 33 45 59 75 91 108 54 38 23 15 23 38 54 71 88 105 52 35 18 0 18 35 52 70 87 104 54 38 23 15 23 38 54 71 88 105 60 45 34 29 33 45 59 75 91 108 68 55 46 43 46 55 67 81 97 112 77 67 60 57 59 66 77 89 103 118
23 67 27 49 48 31 43 53 34 10 58 34 40 65 15 10 28 33 47 50 62 34 35 66 43 32 48 44 7 13 53 24 41 33 33 24 54 60 42 57 99 88 79 73 71 73 78 87 99 111 90 77 67 59 57 59 66 77 89 103 82 67 55 46 43 46 55 67 81 96 75 60 45 33 29 33 45 59 75 91 71 54 38 23 15 23 38 54 71 88 70 52 35 18 0 18 35 52 70 87 71 54 38 23 15 23 38 54 71 88 75 60 45 33 29 33 45 59 75 91 82 67 55 46 43 46 55 67 81 96 90 77 67 59 57 59 66 77 89 103
13 50 12 64 31 14 55 66 48 27 55 35 53 48 8 8 15 21 54 67 65 23 46 63 26 14 60 57 11 30 50 37 48 23 37 23 64 43 53 55 112 99 88 79 73 70 72 78 87 98 104 90 77 66 59 56 59 66 76 89 97 82 67 55 46 42 46 55 67 81 91 75 60 45 33 28 33 45 59 75 88 71 54 38 23 14 23 38 54 71 87 70 52 35 18 0 18 35 52 70 88 71 54 38 23 14 23 38 54 71 91 75 60 45 33 28 33 45 59 75 97 82 67 55 46 42 46 55 67 81 104 90 77 66 59 56 59 66 76 89
21 33 14 80 13 6 69 80 63 44 58 43 67 30 23 25 15 19 64 83 71 21 60 66 8 4 75 73 28 47 53 52 59 24 47 32 77 27 67 59 126 112 99 88 78 72 70 72 78 87 119 104 90 77 66 59 56 59 66 76 113 97 81 67 55 46 42 46 54 67 108 91 75 59 45 33 28 33 45 59 105 88 71 54 38 23 14 23 38 54 104 87 70 52 35 18 0 18 35 52 105 88 71 54 38 23 14 23 38 54 108 91 75 59 45 33 28 33 45 59 113 97 81 67 55 46 42 46 54 67 119 104 90 77 66 59 56 59 66 76
36 18 29 97 5 22 84 96 79 61 65 56 83 13 40 43 29 30 77 100 81 32 75 72 10 21 90 89 45 65 61 69 72 35 61 47 92 13 83 68 140 126 112 99 87 78 72 70 72 77 134 118 104 89 77 66 59 56 58 65 129 112 97 81 67 55 46 42 45 54 125 108 91 75 59 45 33 28 33 45 122 105 88 71 54 38 23 14 23 38 122 104 87 70 52 35 18 0 18 35 122 105 88 71 54 38 23 14 23 38 125 108 91 75 59 45 33 28 33 45 129 112 97 81 67 55 46 42 45 54 134 118 104 89 77 66 59 56 58 65
52 13 46 113 22 39 100 112 95 78 75 71 99 5 57 60 46 46 92 117 93 47 91 82 27 39 107 105 63 82 72 85 87 50 76 63 107 15 99 79 156 140 126 112 99 87 78 72 69 71 150 134 118 103 89 76 66 58 55 58 145 129 112 97 81 67 54 45 42 45 142 125 108 91 75 59 45 33 28 33 140 122 105 88 71 54 38 23 14 23 139 122 104 87 70 52 35 18 0 18 140 122 105 88 71 54 38 23 14 23 142 125 108 91 75 59 45 33 28 33 145 129 112 97 81 67 54 45 42 45 150 134 118 103 89 76 66 58 55 58
69 25 63 130 40 57 116 128 112 96 88 86 116 22 74 77 63 62 107 134 107 63 108 94 45 56 123 122 80 99 86 102 103 66 92 79 123 30 115 92 171 155 140 125 111 98 87 77 71 69 166 150 134 118 103 89 76 65 58 55 162 145 129 112 96 81 67 54 45 42 159 142 125 108 91 75 59 45 33 28 157 140 122 105 88 71 54 38 23 14 156 139 122 104 87 70 52 35 18 0 157 140 122 105 88 71 54 38 23 14 159 142 125 108 91 75 59 45 33 28 162 145 129 112 96 81 67 54 45 42 166 150 134 118 103 89 76 65 58 55
93 137 97 50 118 101 68 64 62 62 112 79 65 135 85 81 99 102 85 42 104 103 70 116 113 102 64 60 78 59 108 56 82 101 85 88 74 131 68 108 86 88 93 100 110 122 134 148 162 177 72 74 80 88 99 112 126 140 156 171 58 60 67 77 90 104 119 134 150 166 43 47 55 68 82 97 113 129 145 162 29 34 45 60 75 91 108 125 142 159 15 23 38 54 71 88 105 122 140 157 0 18 35 52 70 87 104 122 139 156 15 23 38 54 71 88 105 122 140 157 29 34 45 60 75 91 108 125 142 159 43 47 55 68 82 97 113 129 145 162
76 120 81 43 101 84 58 57 50 45 99 62 54 118 69 64 82 86 74 35 93 87 58 104 96 85 55 50 61 43 95 39 70 85 71 72 66 114 57 95 88 86 87 92 100 110 121 134 148 162 74 72 73 79 88 99 112 126 140 155 60 57 60 67 77 90 104 118 134 150 47 43 46 55 67 82 97 112 129 145 34 29 34 45 60 75 91 108 125 142 23 15 23 38 54 71 88 105 122 140 18 0 18 35 52 70 87 104 122 139 23 15 23 38 54 71 88 105 122 140 34 29 34 45 60 75 91 108 125 142 47 43 46 55 67 82 97 112 129 145
61 104 64 41 84 66 52 54 42 29 87 46 47 101 52 47 66 70 65 36 84 71 49 93 79 68 51 46 44 27 83 22 61 69 59 58 61 97 51 84 93 87 85 87 92 99 109 121 134 148 80 73 71 73 79 88 99 112 126 140 67 60 57 60 67 77 90 104 118 134 55 46 43 46 55 67 81 97 112 129 45 34 29 34 45 60 75 91 108 125 38 23 15 23 38 54 71 88 105 122 35 18 0 18 35 52 70 87 104 122 38 23 15 23 38 54 71 88 105 122 45 34 29 34 45 60 75 91 108 125 55 46 43 46 55 67 81 97 112 129
46 87 48 47 67 49 51 57 41 14 78 31 46 83 37 31 50 55 61 45 78 57 45 85 62 51 52 47 29 16 73 6 55 55 50 45 61 81 49 76 100 92 87 85 87 91 99 109 121 134 88 79 73 71 73 79 88 99 112 125 77 67 60 57 59 66 77 89 103 118 68 55 46 43 46 55 67 81 97 112 60 45 34 29 33 45 59 75 91 108 54 38 23 15 23 38 54 71 88 105 52 35 18 0 18 35 52 70 87 104 54 38 23 15 23 38 54 71 88 105 60 45 34 29 33 45 59 75 91 108 68 55 46 43 46 55 67 81 97 112
33 71 34 58 50 33 56 64 46 14 72 21 52 66 25 17 37 42 61 57 76 44 48 79 46 34 59 55 16 20 67 15 55 43 47 37 66 64 54 71 110 100 92 87 85 86 91 99 109 120 99 88 79 73 71 73 78 87 99 111 90 77 67 59 57 59 66 77 89 103 82 67 55 46 43 46 55 67 81 96 75 60 45 33 29 33 45 59 75 91 71 54 38 23 15 23 38 54 71 88 70 52 35 18 0 18 35 52 70 87 71 54 38 23 15 23 38 54 71 88 75 60 45 33 29 33 45 59 75 91 82 67 55 46 43 46 55 67 81 96
27 55 25 71 34 17 65 75 56 29 69 22 62 50 21 16 27 33 66 72 78 36 56 77 30 20 70 66 18 34 64 32 60 36 50 36 75 49 63 69 122 110 99 91 86 84 86 91 98 108 112 99 88 79 73 70 72 78 87 98 104 90 77 66 59 56 59 66 76 89 97 82 67 55 46 42 46 55 67 81 91 75 60 45 33 28 33 45 59 75 88 71 54 38 23 14 23 38 54 71 87 70 52 35 18 0 18 35 52 70 88 71 54 38 23 14 23 38 54 71 91 75 60 45 33 28 33 45 59 75 97 82 67 55 46 42 46 55 67 81
31 40 26 86 20 12 77 88 70 45 71 34 75 33 30 29 28 32 75 88 84 35 68 79 17 14 82 80 32 50 66 49 69 37 58 43 86 35 76 72 134 121 109 99 91 86 84 85 90 98 126 112 99 88 78 72 70 72 78 87 119 104 90 77 66 59 56 59 66 76 113 97 81 67 55 46 42 46 54 67 108 91 75 59 45 33 28 33 45 59 105 88 71 54 38 23 14 23 38 54 104 87 70 52 35 18 0 18 35 52 105 88 71 54 38 23 14 23 38 54 108 91 75 59 45 33 28 33 45 59 113 97 81 67 55 46 42 46 54 67
43 29 36 101 16 24 91 102 84 62 77 49 89 19 44 45 37 40 86 104 92 42 82 85 18 25 97 94 48 66 73 66 81 45 70 55 99 26 89 79 148 134 121 109 99 91 85 83 85 90 140 126 112 99 87 78 72 70 72 77 134 118 104 89 77 66 59 56 58 65 129 112 97 81 67 55 46 42 45 54 125 108 91 75 59 45 33 28 33 45 122 105 88 71 54 38 23 14 23 38 122 104 87 70 52 35 18 0 18 35 122 105 88 71 54 38 23 14 23 38 125 108 91 75 59 45 33 28 33 45 129 112 97 81 67 55 46 42 45 54
57 26 51 117 27 41 106 117 100 79 86 66 104 14 60 61 51 52 99 120 103 54 97 93 31 41 112 110 64 83 83 84 94 57 83 69 114 27 104 89 162 148 134 121 109 98 90 85 83 85 156 140 126 112 99 87 78 72 69 71 150 134 118 103 89 76 66 58 55 58 145 129 112 97 81 67 54 45 42 45 142 125 108 91 75 59 45 33 28 33 140 122 105 88 71 54 38 23 14 23 139 122 104 87 70 52 35 18 0 18 140 122 105 88 71 54 38 23 14 23 142 125 108 91 75 59 45 33 28 33 145 129 112 97 81 67 54 45 42 45
73 33 66 134 42 58 121 133 116 96 97 82 120 26 76 78 67 67 114 137 115 68 113 104 47 57 128 126 81 100 94 101 109 71 98 84 129 37 120 101 177 162 148 134 120 108 98 90 85 83 171 155 140 125 111 98 87 77 71 69 166 150 134 118 103 89 76 65 58 55 162 145 129 112 96 81 67 54 45 42 159 142 125 108 91 75 59 45 33 28 157 140 122 105 88 71 54 38 23 14 156 139 122 104 87 70 52 35 18 0 157 140 122 105 88 71 54 38 23 14 159 142 125 108 91 75 59 45 33 28 162 145 129 112 96 81 67 54 45 42
98 141 102 62 121 103 79 77 72 66 121 77 75 137 90 84 103 107 95 54 115 109 80 126 116 104 76 71 82 65 117 57 92 107 93 94 86 134 79 118 100 102 106 112 121 132 144 156 170 184 86 88 93 100 110 122 134 148 162 177 72 74 80 88 99 112 126 140 156 171 58 60 67 77 90 104 119 134 150 166 43 47 55 68 82 97 113 129 145 162 29 34 45 60 75 91 108 125 142 159 15 23 38 54 71 88 105 122 140 157 0 18 35 52 70 87 104 122 139 156 15 23 38 54 71 88 105 122 140 157 29 34 45 60 75 91 108 125 142 159
83 124 86 56 104 86 71 71 62 50 109 60 66 120 74 68 87 92 86 49 105 93 69 115 99 88 68 63 66 50 105 40 82 92 81 80 79 118 70 106 102 100 101 105 112 121 131 143 156 170 88 86 87 92 100 110 121 134 148 162 74 72 73 79 88 99 112 126 140 155 60 57 60 67 77 90 104 118 134 150 47 43 46 55 67 82 97 112 129 145 34 29 34 45 60 75 91 108 125 142 23 15 23 38 54 71 88 105 122 140 18 0 18 35 52 70 87 104 122 139 23 15 23 38 54 71 88 105 122 140 34 29 34 45 60 75 91 108 125 142
68 108 71 56 88 70 65 68 56 36 99 42 61 103 59 53 73 77 78 50 97 79 62 105 83 72 65 60 51 37 94 24 74 78 71 67 75 102 64 96 106 101 99 101 105 112 121 131 143 156 93 87 85 87 92 99 109 121 134 148 80 73 71 73 79 88 99 112 126 140 67 60 57 60 67 77 90 104 118 134 55 46 43 46 55 67 81 97 112 129 45 34 29 34 45 60 75 91 108 125 38 23 15 23 38 54 71 88 105 122 35 18 0 18 35 52 70 87 104 122 38 23 15 23 38 54 71 88 105 122 45 34 29 34 45 60 75 91 108 125
55 92 57 60 71 54 65 71 55 27 91 25 60 87 46 39 59 64 75 57 92 66 59 98 67 56 66 61 38 30 86 11 69 65 64 57 75 86 63 89 112 105 101 99 100 105 111 120 131 143 100 92 87 85 87 91 99 109 121 134 88 79 73 71 73 79 88 99 112 125 77 67 60 57 59 66 77 89 103 118 68 55 46 43 46 55 67 81 97 112 60 45 34 29 33 45 59 75 91 108 54 38 23 15 23 38 54 71 88 105 52 35 18 0 18 35 52 70 87 104 54 38 23 15 23 38 54 71 88 105 60 45 34 29 33 45 59 75 91 108
46 77 45 68 56 40 69 77 59 27 85 9 65 70 37 29 48 53 75 67 90 56 61 93 52 42 71 67 30 32 80 17 69 55 61 51 79 71 67 84 121 112 105 100 99 100 104 111 120 130 110 100 92 87 85 86 91 99 109 120 99 88 79 73 71 73 78 87 99 111 90 77 67 59 57 59 66 77 89 103 82 67 55 46 43 46 55 67 81 96 75 60 45 33 29 33 45 59 75 91 71 54 38 23 15 23 38 54 71 88 70 52 35 18 0 18 35 52 70 87 71 54 38 23 15 23 38 54 71 88 75 60 45 33 29 33 45 59 75 91
41 62 38 80 42 28 76 86 67 36 83 12 73 55 35 29 41 47 79 80 92 49 68 91 39 31 80 76 31 42 78 33 73 50 63 50 87 57 75 83 132 121 112 105 100 98 99 104 110 119 122 110 99 91 86 84 86 91 98 108 112 99 88 79 73 70 72 78 87 98 104 90 77 66 59 56 59 66 76 89 97 82 67 55 46 42 46 55 67 81 91 75 60 45 33 28 33 45 59 75 88 71 54 38 23 14 23 38 54 71 87 70 52 35 18 0 18 35 52 70 88 71 54 38 23 14 23 38 54 71 91 75 60 45 33 28 33 45 59 75
44 50 39 93 32 25 87 97 78 50 85 29 84 41 40 37 41 46 86 94 97 48 78 93 30 28 92 88 40 56 80 50 80 50 70 55 97 46 85 86 144 131 121 111 104 99 98 99 103 110 134 121 109 99 91 86 84 85 90 98 126 112 99 88 78 72 70 72 78 87 119 104 90 77 66 59 56 59 66 76 113 97 81 67 55 46 42 46 54 67 108 91 75 59 45 33 28 33 45 59 105 88 71 54 38 23 14 23 38 54 104 87 70 52 35 18 0 18 35 52 105 88 71 54 38 23 14 23 38 54 108 91 75 59 45 33 28 33 45 59
53 42 46 108 29 33 99 110 92 66 90 46 97 30 52 50 48 52 96 109 104 54 90 97 31 34 105 102 54 71 85 67 91 56 79 64 108 40 98 92 156 143 131 120 111 104 99 97 99 103 148 134 121 109 99 91 85 83 85 90 140 126 112 99 87 78 72 70 72 77 134 118 104 89 77 66 59 56 58 65 129 112 97 81 67 55 46 42 45 54 125 108 91 75 59 45 33 28 33 45 122 105 88 71 54 38 23 14 23 38 122 104 87 70 52 35 18 0 18 35 122 105 88 71 54 38 23 14 23 38 125 108 91 75 59 45 33 28 33 45
65 40 58 123 36 46 113 124 106 82 97 63 111 28 66 66 59 62 108 125 113 63 104 105 40 47 119 116 69 87 94 84 103 66 92 77 122 40 112 100 170 156 143 131 120 110 103 99 97 98 162 148 134 121 109 98 90 85 83 85 156 140 126 112 99 87 78 72 69 71 150 134 118 103 89 76 66 58 55 58 145 129 112 97 81 67 54 45 42 45 142 125 108 91 75 59 45 33 28 33 140 122 105 88 71 54 38 23 14 23 139 122 104 87 70 52 35 18 0 18 140 122 105 88 71 54 38 23 14 23 142 125 108 91 75 59 45 33 28 33
79 45 72 139 49 62 127 139 121 99 107 80 126 35 81 82 73 74 122 141 125 76 119 114 53 62 134 131 85 103 104 101 116 79 105 91 136 48 126 111 184 170 156 143 130 119 110 103 98 96 177 162 148 134 120 108 98 90 85 83 171 155 140 125 111 98 87 77 71 69 166 150 134 118 103 89 76 65 58 55 162 145 129 112 96 81 67 54 45 42 159 142 125 108 91 75 59 45 33 28 157 140 122 105 88 71 54 38 23 14 156 139 122 104 87 70 52 35 18 0 157 140 122 105 88 71 54 38 23 14 159 142 125 108 91 75 59 45 33 28
105 145 108 75 125 107 91 90 83 73 131 77 87 140 96 90 109 114 107 68 126 116 91 137 120 109 88 83 88 72 127 61 103 114 103 102 99 139 91 128 115 116 119 125 133 143 154 166 179 192 100 102 106 112 121 132 144 156 170 184 86 88 93 100 110 122 134 148 162 177 72 74 80 88 99 112 126 140 156 171 58 60 67 77 90 104 119 134 150 166 43 47 55 68 82 97 113 129 145 162 29 34 45 60 75 91 108 125 142 159 15 23 38 54 71 88 105 122 140 157 0 18 35 52 70 87 104 122 139 156 15 23 38 54 71 88 105 122 140 157
90 129 93 70 109 91 84 84 75 59 120 60 79 124 82 75 95 100 98 63 117 101 82 127 104 93 82 77 73 59 116 46 94 100 92 90 92 123 83 117 116 114 115 119 125 133 142 153 165 178 102 100 101 105 112 121 131 143 156 170 88 86 87 92 100 110 121 134 148 162 74 72 73 79 88 99 112 126 140 155 60 57 60 67 77 90 104 118 134 150 47 43 46 55 67 82 97 112 129 145 34 29 34 45 60 75 91 108 125 142 23 15 23 38 54 71 88 105 122 140 18 0 18 35 52 70 87 104 122 139 23 15 23 38 54 71 88 105 122 140
77 114 79 70 93 76 79 83 70 47 111 43 75 108 68 61 81 86 92 64 110 88 76 118 89 78 79 74 60 49 106 32 87 87 83 78 89 108 78 109 119 115 114 115 118 124 132 142 153 165 106 101 99 101 105 112 121 131 143 156 93 87 85 87 92 99 109 121 134 148 80 73 71 73 79 88 99 112 126 140 67 60 57 60 67 77 90 104 118 134 55 46 43 46 55 67 81 97 112 129 45 34 29 34 45 60 75 91 108 125 38 23 15 23 38 54 71 88 105 122 35 18 0 18 35 52 70 87 104 122 38 23 15 23 38 54 71 88 105 122
66 99 67 73 78 62 79 84 69 40 104 26 74 92 58 50 69 75 89 69 106 77 73 111 74 64 80 75 49 44 99 24 83 76 77 70 89 93 77 102 125 119 115 113 114 118 124 132 141 152 112 105 101 99 100 105 111 120 131 143 100 92 87 85 87 91 99 109 121 134 88 79 73 71 73 79 88 99 112 125 77 67 60 57 59 66 77 89 103 118 68 55 46 43 46 55 67 81 97 112 60 45 34 29 33 45 59 75 91 108 54 38 23 15 23 38 54 71 88 105 52 35 18 0 18 35 52 70 87 104 54 38 23 15 23 38 54 71 88 105
59 85 57 80 64 50 82 89 72 40 99 12 78 77 50 43 60 66 89 78 104 68 75 107 61 52 84 80 43 45 94 28 83 68 75 64 93 79 80 98 133 125 118 114 113 114 117 123 131 141 121 112 105 100 99 100 104 111 120 130 110 100 92 87 85 86 91 99 109 120 99 88 79 73 71 73 78 87 99 111 90 77 67 59 57 59 66 77 89 103 82 67 55 46 43 46 55 67 81 96 75 60 45 33 29 33 45 59 75 91 71 54 38 23 15 23 38 54 71 88 70 52 35 18 0 18 35 52 70 87 71 54 38 23 15 23 38 54 71 88
55 72 52 90 53 41 88 97 79 47 97 14 85 63 49 42 55 60 92 89 106 63 81 105 50 44 92 88 44 53 92 39 86 64 77 64 99 67 87 97 143 133 124 118 114 112 113 117 123 131 132 121 112 105 100 98 99 104 110 119 122 110 99 91 86 84 86 91 98 108 112 99 88 79 73 70 72 78 87 98 104 90 77 66 59 56 59 66 76 89 97 82 67 55 46 42 46 55 67 81 91 75 60 45 33 28 33 45 59 75 88 71 54 38 23 14 23 38 54 71 87 70 52 35 18 0 18 35 52 70 88 71 54 38 23 14 23 38 54 71
57 62 52 102 45 39 97 108 89 58 98 30 94 51 53 48 55 60 99 102 110 62 89 106 44 41 102 98 51 64 94 54 93 64 82 68 108 58 96 99 154 142 132 124 117 113 112 113 116 122 144 131 121 111 104 99 98 99 103 110 134 121 109 99 91 86 84 85 90 98 126 112 99 88 78 72 70 72 78 87 119 104 90 77 66 59 56 59 66 76 113 97 81 67 55 46 42 46 54 67 108 91 75 59 45 33 28 33 45 59 105 88 71 54 38 23 14 23 38 54 104 87 70 52 35 18 0 18 35 52 105 88 71 54 38 23 14 23 38 54
64 55 58 115 43 44 109 119 101 72 103 46 106 43 62 59 60 64 107 116 116 66 100 110 44 46 114 110 62 78 98 70 102 69 90 76 118 53 107 104 166 153 142 132 123 117 113 111 112 116 156 143 131 120 111 104 99 97 99 103 148 134 121 109 99 91 85 83 85 90 140 126 112 99 87 78 72 70 72 77 134 118 104 89 77 66 59 56 58 65 129 112 97 81 67 55 46 42 45 54 125 108 91 75 59 45 33 28 33 45 122 105 88 71 54 38 23 14 23 38 122 104 87 70 52 35 18 0 18 35 122 105 88 71 54 38 23 14 23 38
74 53 68 130 48 55 121 132 114 87 109 63 119 41 74 73 69 72 118 131 125 74 112 117 51 56 127 124 76 92 105 87 113 77 101 86 130 54 120 112 179 165 153 141 131 123 116 112 110 112 170 156 143 131 120 110 103 99 97 98 162 148 134 121 109 98 90 85 83 85 156 140 126 112 99 87 78 72 69 71 150 134 118 103 89 76 66 58 55 58 145 129 112 97 81 67 54 45 42 45 142 125 108 91 75 59 45 33 28 33 140 122 105 88 71 54 38 23 14 23 139 122 104 87 70 52 35 18 0 18 140 122 105 88 71 54 38 23 14 23
87 57 80 145 58 68 135 146 128 103 118 81 133 46 88 87 81 84 130 146 135 85 126 125 62 69 141 138 90 108 115 103 125 88 114 99 144 59 134 121 192 178 165 152 141 131 122 116 112 110 184 170 156 143 130 119 110 103 98 96 177 162 148 134 120 108 98 90 85 83 171 155 140 125 111 98 87 77 71 69 166 150 134 118 103 89 76 65 58 55 162 145 129 112 96 81 67 54 45 42 159 142 125 108 91 75 59 45 33 28 157 140 122 105 88 71 54 38 23 14 156 139 122 104 87 70 52 35 18 0 157 140 122 105 88 71 54 38 23 14
113 151 115 89 130 113 104 103 95 81 142 80 100 145 104 97 117 122 119 81 138 124 103 148 126 115 101 96 96 82 138 68 115 122 114 112 112 145 103 139 129 130 133 138 145 154 164 176 188 201 115 116 119 125 133 143 154 166 179 192 100 102 106 112 121 132 144 156 170 184 86 88 93 100 110 122 134 148 162 177 72 74 80 88 99 112 126 140 156 171 58 60 67 77 90 104 119 134 150 166 43 47 55 68 82 97 113 129 145 162 29 34 45 60 75 91 108 125 142 159 15 23 38 54 71 88 105 122 140 157 0 18 35 52 70 87 104 122 139 156
100 136 101 84 115 98 97 98 88 69 132 64 93 129 91 83 103 109 111 78 130 111 95 139 111 100 95 91 82 70 127 54 107 109 104 100 106 130 96 129 130 128 129 132 138 145 154 164 175 187 116 114 115 119 125 133 142 153 165 178 102 100 101 105 112 121 131 143 156 170 88 86 87 92 100 110 121 134 148 162 74 72 73 79 88 99 112 126 140 155 60 57 60 67 77 90 104 118 134 150 47 43 46 55 67 82 97 112 129 145 34 29 34 45 60 75 91 108 125 142 23 15 23 38 54 71 88 105 122 140 18 0 18 35 52 70 87 104 122 139
88 121 89 84 100 84 93 97 84 59 123 48 89 114 79 71 91 97 106 78 124 99 90 131 96 86 93 88 71 62 119 44 101 98 96 90 103 115 92 121 133 129 128 129 132 137 144 153 163 175 119 115 114 115 118 124 132 142 153 165 106 101 99 101 105 112 121 131 143 156 93 87 85 87 92 99 109 121 134 148 80 73 71 73 79 88 99 112 126 140 67 60 57 60 67 77 90 104 118 134 55 46 43 46 55 67 81 97 112 129 45 34 29 34 45 60 75 91 108 125 38 23 15 23 38 54 71 88 105 122 35 18 0 18 35 52 70 87 104 122
78 107 78 87 87 71 93 98 83 54 117 34 88 99 70 62 81 86 103 82 120 89 87 125 83 74 94 89 62 58 112 38 97 88 91 83 103 102 91 116 138 132 129 127 128 131 137 144 153 163 125 119 115 113 114 118 124 132 141 152 112 105 101 99 100 105 111 120 131 143 100 92 87 85 87 91 99 109 121 134 88 79 73 71 73 79 88 99 112 125 77 67 60 57 59 66 77 89 103 118 68 55 46 43 46 55 67 81 97 112 60 45 34 29 33 45 59 75 91 108 54 38 23 15 23 38 54 71 88 105 52 35 18 0 18 35 52 70 87 104
72 94 70 93 74 61 95 102 85 54 113 25 91 85 64 56 73 79 103 89 118 81 89 121 71 64 97 93 57 59 108 41 97 81 89 78 106 89 94 112 145 138 132 128 127 127 131 136 143 152 133 125 118 114 113 114 117 123 131 141 121 112 105 100 99 100 104 111 120 130 110 100 92 87 85 86 91 99 109 120 99 88 79 73 71 73 78 87 99 111 90 77 67 59 57 59 66 77 89 103 82 67 55 46 43 46 55 67 81 96 75 60 45 33 29 33 45 59 75 91 71 54 38 23 15 23 38 54 71 88 70 52 35 18 0 18 35 52 70 87
69 83 66 101 65 54 101 109 91 59 111 26 97 73 62 56 68 74 106 99 119 77 93 119 62 57 104 100 58 65 106 49 100 78 90 78 112 79 99 111 154 145 137 131 127 126 127 130 135 143 143 133 124 118 114 112 113 117 123 131 132 121 112 105 100 98 99 104 110 119 122 110 99 91 86 84 86 91 98 108 112 99 88 79 73 70 72 78 87 98 104 90 77 66 59 56 59 66 76 89 97 82 67 55 46 42 46 55 67 81 91 75 60 45 33 28 33 45 59 75 88 71 54 38 23 14 23 38 54 71 87 70 52 35 18 0 18 35 52 70
71 74 66 112 58 53 109 119 100 69 112 36 106 63 66 61 68 74 111 111 123 76 101 120 58 55 113 109 63 74 107 62 105 78 95 81 119 71 107 113 164 154 144 137 131 127 125 126 130 135 154 142 132 124 117 113 112 113 116 122 144 131 121 111 104 99 98 99 103 110 134 121 109 99 91 86 84 85 90 98 126 112 99 88 78 72 70 72 78 87 119 104 90 77 66 59 56 59 66 76 113 97 81 67 55 46 42 46 54 67 108 91 75 59 45 33 28 33 45 59 105 88 71 54 38 23 14 23 38 54 104 87 70 52 35 18 0 18 35 52
76 68 71 124 57 57 119 129 110 81 116 51 116 56 73 70 73 77 119 124 129 79 111 124 58 59 124 120 72 86 111 76 113 82 102 87 129 67 118 117 176 164 153 144 136 130 126 125 126 129 166 153 142 132 123 117 113 111 112 116 156 143 131 120 111 104 99 97 99 103 148 134 121 109 99 91 85 83 85 90 140 126 112 99 87 78 72 70 72 77 134 118 104 89 77 66 59 56 58 65 129 112 97 81 67 55 46 42 45 54 125 108 91 75 59 45 33 28 33 45 122 105 88 71 54 38 23 14 23 38 122 104 87 70 52 35 18 0 18 35
85 67 79 138 61 65 131 141 123 94 122 67 128 55 83 81 80 84 129 138 136 86 122 129 63 67 136 132 84 100 118 91 123 89 112 97 140 67 129 124 188 175 163 153 143 135 130 126 124 125 179 165 153 141 131 123 116 112 110 112 170 156 143 131 120 110 103 99 97 98 162 148 134 121 109 98 90 85 83 85 156 140 126 112 99 87 78 72 69 71 150 134 118 103 89 76 66 58 55 58 145 129 112 97 81 67 54 45 42 45 142 125 108 91 75 59 45 33 28 33 140 122 105 88 71 54 38 23 14 23 139 122 104 87 70 52 35 18 0 18
96 70 90 152 69 77 143 155 136 109 130 83 141 59 96 95 91 94 140 153 146 96 135 137 72 78 149 146 98 114 126 107 134 98 123 108 152 72 142 133 201 187 175 163 152 143 135 129 125 124 192 178 165 152 141 131 122 116 112 110 184 170 156 143 130 119 110 103 98 96 177 162 148 134 120 108 98 90 85 83 171 155 140 125 111 98 87 77 71 69 166 150 134 118 103 89 76 65 58 55 162 145 129 112 96 81 67 54 45 42 159 142 125 108 91 75 59 45 33 28 157 140 122 105 88 71 54 38 23 14 156 139 122 104 87 70 52 35 18 0
