0 40 30 32 27 18 40 57 69 52 15 34 16 33 37 8 45 12 46 25 26 34 38 23 18 40 46 56 31 76 18 40 23 25 57 41 54 17 47 22 79 68 59 54 55 61 71 83 97 112 71 57 46 40 42 49 61 75 90 106 64 48 35 27 28 39 53 69 85 102 59 42 26 13 17 31 48 65 82 99 58 41 24 7 12 29 47 64 81 99 61 44 29 18 21 34 50 66 83 100 66 51 39 32 33 43 56 71 87 103 74 61 51 46 47 54 65 78 93 108 83 72 64 60 60 66 75 87 100 114 94 84 77 74 74 79 86 97 109 122
40 0 52 10 43 58 74 24 73 47 54 66 36 72 39 34 45 38 79 63 52 18 70 63 27 28 82 17 68 88 57 12 33 65 66 73 50 31 80 56 111 103 97 94 94 97 103 112 122 134 100 90 84 80 80 84 91 101 112 125 89 78 70 66 66 71 79 90 103 117 79 67 57 52 52 58 68 81 95 109 70 56 45 38 39 46 58 73 88 104 64 48 34 25 26 36 51 67 83 100 60 43 27 12 14 29 46 63 80 98 60 43 26 9 12 28 46 63 80 97 63 47 32 21 22 34 49 65 82 99 68 54 42 35 35 44 56 71 86 103
30 52 0 42 57 30 62 74 99 80 31 19 45 49 66 35 74 20 71 47 56 36 22 41 43 65 67 68 51 106 35 58 51 34 87 25 82 23 70 49 61 55 54 59 68 80 93 108 123 139 49 41 40 46 57 71 86 102 118 134 38 28 26 35 49 64 80 97 114 131 30 16 13 27 43 60 77 94 112 129 28 12 8 25 42 59 77 94 111 128 33 21 19 30 45 62 78 95 112 130 43 34 33 40 53 67 83 99 115 132 54 48 47 52 62 75 89 104 120 136 67 62 61 65 73 84 97 111 126 141 80 76 75 78 85 95 106 119 133 148
32 10 42 0 40 49 69 33 75 50 46 56 31 64 40 27 46 29 73 56 48 11 60 55 22 31 76 27 61 88 49 18 30 56 66 64 53 22 75 50 102 94 88 86 87 91 99 108 120 132 90 81 74 72 73 78 87 98 110 124 79 69 61 58 59 66 76 88 102 117 70 57 48 43 46 54 66 80 95 111 62 47 35 29 33 44 58 73 89 106 57 40 25 15 22 36 52 69 86 103 55 37 20 3 16 33 50 68 85 102 56 40 24 14 21 36 52 69 86 103 61 46 34 28 32 43 57 73 89 106 69 56 46 42 45 53 65 79 94 110
27 43 57 40 0 39 36 48 42 28 35 59 13 42 14 23 20 38 38 31 12 48 63 36 19 24 44 53 35 51 34 35 11 44 30 66 29 39 41 22 103 89 77 67 61 59 62 69 80 92 96 81 67 55 47 45 49 58 70 85 90 74 58 45 34 31 37 48 63 78 86 69 53 36 23 17 26 41 57 74 85 67 50 33 15 4 20 38 55 72 85 68 51 35 19 12 23 39 56 73 88 72 56 42 30 26 33 46 61 77 94 78 64 52 43 40 45 55 68 82 100 86 74 63 56 54 57 65 77 90 109 96 84 75 70 68 71 77 87 99
18 58 30 49 39 0 33 75 79 66 5 22 32 20 52 26 59 22 42 18 33 48 25 11 36 57 38 74 22 82 7 58 39 7 66 27 67 30 40 23 64 51 41 37 41 51 64 79 94 110 57 42 29 23 29 42 57 73 90 107 53 36 20 9 20 36 53 70 87 105 53 36 19 6 19 36 53 70 87 104 56 40 27 20 27 40 56 72 89 106 63 49 39 34 38 49 62 77 93 109 71 60 52 48 51 59 71 84 99 114 82 72 65 62 65 71 81 93 106 121 93 84 79 77 78 84 92 103 115 129 105 97 92 91 92 97 104 113 125 137
40 74 62 69 36 33 0 84 60 59 32 53 39 18 49 43 52 50 9 16 25 72 55 23 48 60 9 87 12 57 28 69 44 31 47 56 59 56 8 19 85 69 53 38 26 23 32 46 61 78 83 66 49 32 16 10 24 41 58 75 83 65 48 31 14 8 23 40 57 75 85 68 52 36 24 20 30 44 60 77 89 73 58 45 36 34 40 52 66 81 95 81 68 57 50 48 53 62 74 88 103 90 78 69 63 62 65 73 84 96 112 100 90 82 77 76 79 85 94 105 122 111 102 95 91 90 92 98 106 116 133 123 115 108 105 104 106 110 117 127
57 24 74 33 48 75 84 0 64 38 71 87 47 86 38 50 40 59 86 76 59 41 91 78 40 25 92 12 80 81 73 18 41 82 61 94 41 52 89 67 133 123 116 110 107 107 109 114 121 131 122 111 103 96 93 93 96 101 110 120 111 100 90 83 79 79 82 89 98 110 102 89 78 70 65 65 69 77 88 100 94 80 67 57 51 51 56 66 78 92 87 71 57 45 38 37 44 56 70 86 82 65 49 35 24 24 34 49 64 81 79 62 45 28 13 12 27 44 61 78 79 62 45 28 11 11 27 44 61 78 81 65 49 34 22 22 33 48 64 80
69 73 99 75 42 79 60 64 0 27 74 99 54 74 36 64 29 79 55 65 46 84 103 72 58 45 66 74 66 19 73 61 49 81 13 105 23 79 59 57 141 126 111 97 85 74 67 63 64 70 135 119 104 89 75 63 54 49 51 58 131 114 98 82 67 53 41 36 38 47 128 111 94 77 60 45 31 22 25 37 126 109 91 74 57 40 23 9 16 32 126 109 91 74 57 40 23 8 15 32 127 110 93 77 60 44 30 21 25 37 130 114 97 82 66 52 41 35 37 46 135 119 103 88 74 62 53 49 50 57 141 125 111 97 84 74 66 62 64 69
52 47 80 50 28 66 59 38 27 0 62 85 36 68 15 46 8 60 58 58 37 60 89 63 37 20 67 48 61 44 61 36 29 71 24 92 4 59 62 48 130 117 104 94 85 80 78 79 85 93 122 108 94 82 73 66 64 66 73 82 115 100 85 72 61 53 50 53 61 72 110 94 78 63 50 40 36 40 50 64 106 89 72 56 41 28 22 29 42 57 104 87 70 52 35 19 8 20 37 54 104 87 69 52 35 18 7 19 36 53 106 89 72 56 40 27 21 27 41 57 109 93 77 62 49 38 34 39 49 63 115 99 84 71 59 51 48 51 60 71
15 54 31 46 35 5 32 71 74 62 0 26 27 20 47 22 54 20 40 16 29 46 29 11 31 52 37 70 21 78 5 54 34 11 61 32 63 28 39 19 69 56 45 40 42 51 63 77 92 108 62 47 34 26 30 41 55 71 87 104 57 40 24 13 18 34 50 67 84 101 56 39 22 5 14 32 49 66 83 101 58 42 27 17 22 36 52 68 85 102 64 50 38 31 34 44 58 73 89 105 72 59 50 45 47 55 66 80 94 110 82 71 63 59 61 67 76 88 102 116 92 83 76 73 74 79 87 98 110 124 104 96 90 87 88 92 99 109 120 132
34 66 19 56 59 22 53 87 99 85 26 0 49 37 70 41 78 29 62 39 54 52 5 31 50 73 56 83 42 104 28 69 56 22 87 8 87 35 60 44 47 38 36 41 52 66 81 97 114 130 38 25 22 30 44 60 77 93 110 127 32 15 8 23 40 57 74 91 108 126 32 16 9 23 40 57 74 91 109 126 38 26 23 31 45 60 77 94 110 127 48 39 37 42 53 67 82 98 114 130 59 52 51 55 63 75 89 104 119 135 72 66 65 68 75 85 97 111 125 141 85 80 79 81 87 96 107 120 133 147 98 94 93 95 100 108 118 129 142 155
16 36 45 31 13 32 39 47 54 36 27 49 0 39 22 10 29 26 43 30 17 37 53 32 9 26 47 48 34 63 28 31 8 37 43 56 38 27 45 21 95 82 72 64 61 62 68 78 90 103 86 72 60 51 47 49 57 68 81 96 79 64 50 38 33 36 46 59 74 90 75 58 42 28 19 24 37 53 69 86 73 55 38 21 5 16 33 50 67 84 73 56 39 23 11 18 34 51 68 85 76 60 45 32 24 28 40 55 71 88 82 67 54 43 38 41 50 62 77 92 89 76 65 56 52 54 61 72 85 99 98 86 76 69 66 68 73 82 94 107
33 72 49 64 42 20 18 86 74 68 20 37 39 0 55 38 61 40 26 11 31 66 39 10 46 64 19 87 8 73 16 69 46 15 61 39 68 48 24 20 69 53 38 26 23 31 45 61 77 94 66 49 32 16 10 24 40 57 75 92 66 48 31 15 8 23 40 57 74 92 68 52 37 24 21 30 44 60 77 94 74 59 46 37 35 41 52 66 82 97 81 68 57 50 49 53 62 74 88 103 91 79 70 64 63 66 74 84 96 110 101 91 83 78 77 80 86 95 106 119 112 103 96 92 91 93 98 106 116 128 124 116 109 106 105 107 111 118 127 138
37 39 66 40 14 52 49 38 36 15 47 70 22 55 0 31 9 46 49 45 25 49 74 50 23 14 57 45 48 49 47 29 15 57 27 77 17 45 52 35 115 102 90 81 74 71 72 77 85 96 107 93 80 69 60 57 58 64 74 86 100 85 71 58 48 43 45 52 64 78 95 79 63 48 36 29 32 42 56 72 92 75 58 42 26 15 20 34 51 67 91 74 56 39 22 4 14 31 49 66 92 75 58 41 26 15 20 34 50 67 95 79 63 48 35 28 31 42 56 71 100 85 70 57 47 42 44 52 64 78 107 93 79 68 60 56 57 64 74 86
8 34 35 27 23 26 43 50 64 46 22 41 10 38 31 0 39 16 48 30 25 30 45 29 10 33 50 49 35 73 24 32 17 32 52 48 48 17 49 24 87 75 66 61 61 65 73 84 97 111 78 65 54 47 47 52 62 75 89 105 70 55 42 34 33 41 53 68 83 99 65 49 33 21 20 31 46 62 79 96 63 45 28 11 9 25 43 60 77 94 63 46 30 15 13 27 44 61 78 95 67 51 37 27 26 35 49 64 81 97 74 60 48 40 40 46 57 71 86 102 82 70 60 54 54 58 67 79 93 108 92 81 73 68 67 71 79 89 101 115
45 45 74 46 20 59 52 40 29 8 54 78 29 61 9 39 0 54 52 51 30 56 82 56 31 17 60 48 54 44 54 34 23 63 22 85 9 53 55 41 123 109 97 86 78 73 72 75 82 92 115 100 87 75 65 59 58 62 71 82 108 93 78 64 53 46 45 50 60 73 103 87 71 56 42 33 31 38 51 65 100 83 66 50 34 20 17 28 44 60 99 81 64 47 30 12 6 24 41 58 99 82 65 48 32 17 14 26 42 59 102 85 69 54 39 29 27 35 48 63 107 91 76 62 50 42 40 46 57 70 113 98 84 71 62 55 54 59 67 79
12 38 20 29 38 22 50 59 79 60 20 29 26 40 46 16 54 0 57 34 37 27 33 31 24 46 56 55 40 87 24 41 32 29 67 36 62 9 57 33 75 65 59 58 62 70 81 94 108 123 65 53 46 44 49 59 72 86 101 117 56 42 32 30 37 50 64 80 96 113 50 34 20 16 27 43 59 76 93 110 47 30 13 6 23 40 57 75 92 109 49 33 18 14 26 42 59 76 93 110 55 41 30 28 35 48 63 79 96 112 63 51 44 42 47 57 71 85 101 117 73 63 57 56 60 68 79 93 107 122 85 76 71 70 73 80 90 102 115 129
46 79 71 73 38 42 9 86 55 58 40 62 43 26 49 48 52 57 0 24 27 78 64 31 52 61 11 90 20 50 36 72 47 40 43 65 57 63 5 25 93 77 60 44 31 22 26 38 53 69 91 74 57 40 23 9 16 32 49 66 91 74 57 40 23 8 15 32 49 66 93 76 60 44 30 21 25 37 53 69 97 81 66 52 41 35 37 47 60 74 103 88 75 63 53 49 51 58 68 82 111 97 85 74 67 63 64 70 79 90 119 107 95 86 80 77 78 82 90 100 129 117 107 99 93 91 92 95 102 111 139 129 119 112 107 105 105 109 115 123
25 63 47 56 31 18 16 76 65 58 16 39 30 11 45 30 51 34 24 0 21 58 42 8 37 54 22 77 6 66 12 60 36 18 52 43 58 41 23 10 76 61 47 36 32 36 47 61 77 93 72 55 39 25 18 25 39 55 72 89 70 52 35 18 4 18 35 53 70 87 70 53 37 21 11 21 37 54 71 88 74 58 43 31 25 31 43 58 74 91 80 65 52 43 39 43 52 65 80 95 88 75 64 56 53 56 63 74 87 102 97 85 76 70 67 69 75 85 96 109 107 97 89 83 81 83 88 96 106 118 118 109 102 97 95 97 101 108 117 128
26 52 56 48 12 33 25 59 46 37 29 54 17 31 25 25 30 37 27 21 0 53 57 27 26 36 33 63 24 51 27 45 20 36 33 60 38 41 30 12 96 81 68 57 49 48 52 61 73 87 90 74 59 46 36 34 40 51 65 81 85 69 52 37 24 20 29 43 59 76 83 66 49 32 15 7 22 39 57 74 84 66 49 32 17 10 24 40 57 74 86 70 54 39 27 24 32 45 61 77 91 76 61 49 40 38 43 54 67 82 98 83 71 60 53 51 55 64 76 89 106 93 81 72 67 65 68 76 86 98 115 103 93 85 81 79 82 88 97 107
34 18 36 11 48 48 72 41 84 60 46 52 37 66 49 30 56 27 78 58 53 0 56 56 29 41 79 34 64 97 50 28 38 55 75 59 63 19 79 54 96 89 85 85 88 94 103 114 126 139 84 76 71 71 75 82 92 104 117 132 72 63 57 57 62 70 82 95 110 125 61 50 43 43 49 60 73 88 103 119 53 39 30 29 38 51 66 82 99 115 47 31 17 16 29 45 62 79 96 113 45 27 10 8 26 43 60 77 95 112 47 31 18 17 30 45 62 79 96 113 53 40 31 30 39 52 67 83 99 116 62 51 45 44 50 61 74 88 104 120
38 70 22 60 63 25 55 91 103 89 29 5 53 39 74 45 82 33 64 42 57 56 0 34 55 77 57 87 44 107 32 74 61 25 90 4 91 39 62 47 43 34 33 40 53 67 83 99 115 132 33 21 19 30 45 62 78 95 112 130 28 12 8 25 42 59 77 94 111 128 30 16 13 27 43 60 77 94 112 129 38 28 26 35 49 64 80 97 114 131 49 41 40 46 57 71 86 102 118 134 61 55 54 59 68 80 93 108 123 139 74 69 68 72 79 90 102 115 130 145 87 83 82 85 92 101 111 124 137 151 101 97 96 99 104 112 122 133 146 159
23 63 41 55 36 11 23 78 72 63 11 31 32 10 50 29 56 31 31 8 27 56 34 0 38 57 27 78 11 74 7 61 39 10 59 35 64 38 30 16 69 54 41 33 32 40 53 68 84 100 64 48 32 20 19 31 46 63 79 96 62 44 27 10 9 26 43 60 78 95 63 46 29 15 14 28 45 61 79 96 67 51 37 28 27 36 50 65 82 98 73 60 48 41 41 47 58 72 87 103 82 70 60 55 54 59 69 80 94 109 92 81 73 69 68 72 80 90 103 116 103 94 87 83 82 86 92 101 112 125 115 106 100 97 96 99 105 113 123 134
18 27 43 22 19 36 48 40 58 37 31 50 9 46 23 10 31 24 52 37 26 29 55 38 0 23 56 41 42 69 33 23 10 42 48 58 40 22 54 29 97 85 76 70 68 71 77 86 98 111 87 74 64 57 54 57 65 76 89 103 79 65 52 43 40 44 54 67 82 97 73 57 42 31 26 32 45 60 76 92 69 52 36 20 12 23 39 55 72 89 68 51 34 16 3 20 37 54 71 89 70 53 37 23 17 25 40 56 73 90 75 59 45 35 31 36 48 62 77 94 82 68 56 48 45 49 58 70 84 99 90 78 68 61 59 62 69 79 92 106
40 28 65 31 24 57 60 25 45 20 52 73 26 64 14 33 17 46 61 54 36 41 77 57 23 0 68 32 58 60 53 17 19 63 39 80 23 42 64 44 119 107 97 89 84 82 84 90 98 108 110 97 85 76 70 68 71 77 87 98 101 87 74 64 57 54 58 65 76 89 94 79 65 52 43 41 45 54 67 82 89 73 57 42 31 27 33 45 60 76 86 69 52 35 20 13 23 39 56 73 85 68 51 33 16 3 20 37 54 72 87 70 53 37 23 16 25 40 56 73 90 74 59 45 34 30 36 47 62 77 96 81 67 55 47 44 48 57 70 84
46 82 67 76 44 38 9 92 66 67 37 56 47 19 57 50 60 56 11 22 33 79 57 27 56 68 0 95 16 61 33 77 52 34 54 58 66 63 7 27 84 67 50 34 20 16 27 42 59 76 82 65 48 30 13 5 22 40 57 74 83 66 50 33 19 15 26 42 59 76 87 71 55 41 31 28 36 48 63 79 92 77 64 52 44 42 47 57 70 85 100 86 74 64 57 56 60 68 79 93 108 96 85 76 71 70 73 80 90 101 118 106 97 89 85 84 86 92 101 111 128 118 109 103 99 98 100 105 112 122 140 130 122 116 113 112 114 118 125 133
56 17 68 27 53 74 87 12 74 48 70 83 48 87 45 49 48 55 90 77 63 34 87 78 41 32 95 0 82 90 73 18 44 81 69 90 51 48 92 69 128 120 114 110 109 110 114 121 129 139 117 107 100 96 95 96 101 108 118 129 105 95 87 82 81 83 88 97 107 119 95 83 74 68 66 69 76 86 97 111 85 73 62 55 52 56 64 75 89 103 78 63 50 41 38 43 53 67 81 97 72 56 41 29 25 31 44 60 76 92 68 51 34 18 11 22 39 56 73 90 68 50 33 16 5 21 38 55 72 89 70 53 38 24 19 27 42 58 74 91
31 68 51 61 35 22 12 80 66 61 21 42 34 8 48 35 54 40 20 6 24 64 44 11 42 58 16 82 0 66 17 65 40 20 53 45 61 47 19 14 76 61 46 33 27 31 42 57 73 89 73 56 39 23 13 20 35 52 69 86 72 54 37 20 3 16 33 50 68 85 73 57 40 25 16 22 37 53 70 86 78 62 48 36 30 34 45 58 74 90 84 70 58 48 44 47 55 67 80 95 92 80 69 61 58 60 67 76 89 102 102 91 81 75 72 74 79 87 98 111 113 102 94 89 86 87 92 99 109 120 124 114 107 102 100 101 105 111 120 130
76 88 106 88 51 82 57 81 19 44 78 104 63 73 49 73 44 87 50 66 51 97 107 74 69 60 61 90 66 0 76 77 60 83 22 109 40 89 54 60 141 125 109 94 79 66 55 48 46 51 137 121 104 88 72 57 44 35 33 40 135 118 101 84 67 50 35 22 19 29 134 116 99 82 64 47 30 13 7 24 134 117 99 82 65 48 31 16 11 25 136 119 102 85 68 53 38 27 24 33 139 122 106 90 74 60 48 39 38 44 143 127 112 97 82 70 59 53 51 56 149 134 119 105 92 80 72 66 65 69 156 141 127 114 102 92 84 80 79 82
18 57 35 49 34 7 28 73 73 61 5 28 28 16 47 24 54 24 36 12 27 50 32 7 33 53 33 73 17 76 0 56 35 10 60 34 62 32 35 16 70 56 44 38 39 46 59 73 88 104 63 47 33 24 25 36 51 67 84 100 59 42 26 11 14 30 47 64 81 98 59 42 25 9 13 29 46 63 81 98 62 46 31 21 23 35 50 66 83 100 68 54 42 35 36 44 57 72 87 103 76 64 54 49 49 56 66 79 93 109 86 75 67 63 63 68 77 88 101 115 97 87 80 77 77 81 89 98 110 123 108 100 94 91 91 94 101 110 120 132
40 12 58 18 35 58 69 18 61 36 54 69 31 69 29 32 34 41 72 60 45 28 74 61 23 17 77 18 65 77 56 0 26 64 55 77 39 35 74 51 116 106 98 93 91 92 96 104 113 124 105 94 85 79 77 78 84 92 102 114 95 83 73 66 63 65 71 80 92 106 86 73 61 52 49 51 59 70 84 98 79 64 50 40 35 38 48 62 76 92 74 57 42 28 21 26 40 55 71 88 71 54 37 20 7 18 34 52 69 86 71 54 37 21 8 18 35 52 69 86 74 58 42 29 22 27 40 56 72 88 80 65 51 41 36 40 49 62 77 93
23 33 51 30 11 39 44 41 49 29 34 56 8 46 15 17 23 32 47 36 20 38 61 39 10 19 52 44 40 60 35 26 0 45 39 64 31 31 49 27 102 90 79 71 67 67 71 79 90 103 93 80 68 58 53 53 59 68 81 95 86 71 57 46 39 39 47 59 73 88 81 65 49 35 26 26 36 51 66 83 78 61 44 27 13 14 29 46 63 80 77 60 43 26 9 11 28 45 62 79 80 63 47 31 20 21 33 48 65 81 84 68 54 41 34 34 42 55 70 86 90 76 63 53 47 48 54 64 77 92 98 85 74 66 61 61 66 75 86 99
25 65 34 56 44 7 31 82 81 71 11 22 37 15 57 32 63 29 40 18 36 55 25 10 42 63 34 81 20 83 10 64 45 0 68 26 72 37 38 25 60 46 35 30 35 46 60 76 92 108 55 39 24 16 24 38 55 71 88 105 52 35 18 2 18 35 52 70 87 104 54 37 22 13 22 37 54 71 88 105 59 44 32 27 32 44 59 75 91 108 67 54 45 41 45 54 66 81 96 112 76 66 58 55 58 65 76 88 103 117 87 78 72 69 71 77 86 98 111 125 99 91 85 83 85 90 98 108 120 133 111 104 99 98 99 103 110 119 130 142
57 66 87 66 30 66 47 61 13 24 61 87 43 61 27 52 22 67 43 52 33 75 90 59 48 39 54 69 53 22 60 55 39 68 0 93 21 69 47 44 128 113 98 85 73 63 58 57 62 71 122 106 91 76 62 51 44 44 50 60 118 101 85 69 54 40 31 30 38 51 115 98 81 64 48 32 18 17 29 45 114 97 80 62 45 28 11 8 25 42 115 98 81 64 47 31 17 15 28 44 118 101 84 68 53 39 29 28 37 50 122 105 90 75 61 49 42 42 48 59 127 112 97 83 71 61 56 55 60 69 134 119 105 93 82 74 69 69 73 80
41 73 25 64 66 27 56 94 105 92 32 8 56 39 77 48 85 36 65 43 60 59 4 35 58 80 58 90 45 109 34 77 64 26 93 0 93 43 62 49 39 31 30 39 52 67 83 99 116 133 31 18 17 30 46 62 79 96 113 131 27 10 9 26 43 61 78 95 113 130 30 17 17 30 46 62 79 96 113 131 39 30 30 38 52 67 83 99 116 133 50 44 44 50 61 74 89 104 120 136 63 58 58 62 71 83 96 110 126 141 76 72 72 75 83 93 105 118 132 147 90 86 86 89 95 104 115 127 140 154 103 100 100 102 108 116 125 137 149 162
54 50 82 53 29 67 59 41 23 4 63 87 38 68 17 48 9 62 57 58 38 63 91 64 40 23 66 51 61 40 62 39 31 72 21 93 0 61 61 49 131 117 105 94 85 78 76 77 82 90 123 109 95 83 72 65 62 64 70 79 117 101 87 73 61 52 48 50 58 69 112 96 80 64 50 39 34 37 47 60 108 91 75 58 42 28 20 25 38 54 107 89 72 55 38 21 7 17 33 51 107 90 72 55 38 22 9 18 34 51 109 92 75 59 43 30 23 27 40 55 113 96 81 66 52 41 36 39 49 62 118 102 88 74 63 54 50 52 60 71
17 31 23 22 39 30 56 52 79 59 28 35 27 48 45 17 53 9 63 41 41 19 39 38 22 42 63 48 47 89 32 35 31 37 69 43 61 0 63 38 81 73 67 66 70 77 87 100 113 128 70 60 53 52 57 66 78 91 106 121 60 48 40 38 44 55 69 84 100 116 52 38 27 25 33 47 63 79 95 112 48 31 15 11 25 42 59 76 93 110 47 30 13 8 24 41 58 75 93 110 51 35 23 20 30 45 61 78 95 112 57 45 36 34 41 52 67 82 98 115 67 56 49 48 53 62 75 89 104 119 78 68 63 62 66 73 84 97 111 125
47 80 70 75 41 40 8 89 59 62 39 60 45 24 52 49 55 57 5 23 30 79 62 30 54 64 7 92 19 54 35 74 49 38 47 62 61 63 0 26 90 73 56 41 26 19 25 39 54 71 88 71 54 36 19 5 17 34 52 69 89 71 54 37 21 10 19 35 52 69 91 75 59 43 31 24 29 42 57 73 96 80 66 52 42 38 41 51 64 78 102 88 75 63 55 52 54 62 73 86 110 97 85 75 69 66 68 74 83 95 119 107 96 88 82 80 81 86 94 105 129 118 108 101 96 94 95 99 106 115 140 130 121 114 110 108 109 113 119 127
22 56 49 50 22 23 19 67 57 48 19 44 21 20 35 24 41 33 25 10 12 54 47 16 29 44 27 69 14 60 16 51 27 25 44 49 49 38 26 0 85 70 56 46 40 42 50 62 76 91 79 63 48 34 26 29 40 54 70 86 75 58 42 25 13 17 32 49 66 83 75 57 40 23 6 13 30 48 65 82 76 60 43 28 18 21 35 50 67 84 81 65 50 38 31 33 43 56 72 88 87 73 60 50 45 47 54 65 79 93 95 82 71 63 59 60 66 75 87 101 105 93 83 76 73 74 79 87 97 109 115 104 96 90 87 88 92 98 108 119
79 111 61 102 103 64 85 133 141 130 69 47 95 69 115 87 123 75 93 76 96 96 43 69 97 119 84 128 76 141 70 116 102 60 128 39 131 81 90 85 0 18 35 52 70 87 104 122 139 156 15 23 38 54 71 88 105 122 140 157 29 34 45 60 75 91 108 125 142 159 43 47 55 68 82 97 113 129 145 162 58 60 67 77 90 104 119 134 150 166 72 74 80 88 99 112 126 140 156 171 86 88 93 100 110 122 134 148 162 177 100 102 106 112 121 132 144 156 170 184 115 116 119 125 133 143 154 166 179 192 129 130 133 138 145 154 164 176 188 201
68 103 55 94 89 51 69 123 126 117 56 38 82 53 102 75 109 65 77 61 81 89 34 54 85 107 67 120 61 125 56 106 90 46 113 31 117 73 73 70 18 0 18 35 52 70 87 104 122 139 23 15 23 38 54 71 88 105 122 140 34 29 34 45 60 75 91 108 125 142 47 43 46 55 67 82 97 112 129 145 60 57 60 67 77 90 104 118 134 150 74 72 73 79 88 99 112 126 140 155 88 86 87 92 100 110 121 134 148 162 102 100 101 105 112 121 131 143 156 170 116 114 115 119 125 133 142 153 165 178 130 128 129 132 138 145 154 164 175 187
59 97 54 88 77 41 53 116 111 104 45 36 72 38 90 66 97 59 60 47 68 85 33 41 76 97 50 114 46 109 44 98 79 35 98 30 105 67 56 56 35 18 0 18 35 52 70 87 104 122 38 23 15 23 38 54 71 88 105 122 45 34 29 34 45 60 75 91 108 125 55 46 43 46 55 67 81 97 112 129 67 60 57 60 67 77 90 104 118 134 80 73 71 73 79 88 99 112 126 140 93 87 85 87 92 99 109 121 134 148 106 101 99 101 105 112 121 131 143 156 119 115 114 115 118 124 132 142 153 165 133 129 128 129 132 137 144 153 163 175
54 94 59 86 67 37 38 110 97 94 40 41 64 26 81 61 86 58 44 36 57 85 40 33 70 89 34 110 33 94 38 93 71 30 85 39 94 66 41 46 52 35 18 0 18 35 52 70 87 104 54 38 23 15 23 38 54 71 88 105 60 45 34 29 33 45 59 75 91 108 68 55 46 43 46 55 67 81 97 112 77 67 60 57 59 66 77 89 103 118 88 79 73 71 73 79 88 99 112 125 100 92 87 85 87 91 99 109 121 134 112 105 101 99 100 105 111 120 131 143 125 119 115 113 114 118 124 132 141 152 138 132 129 127 128 131 137 144 153 163
55 94 68 87 61 41 26 107 85 85 42 52 61 23 74 61 78 62 31 32 49 88 53 32 68 84 20 109 27 79 39 91 67 35 73 52 85 70 26 40 70 52 35 18 0 18 35 52 70 87 71 54 38 23 15 23 38 54 71 88 75 60 45 33 29 33 45 59 75 91 82 67 55 46 43 46 55 67 81 96 90 77 67 59 57 59 66 77 89 103 99 88 79 73 71 73 78 87 99 111 110 100 92 87 85 86 91 99 109 120 121 112 105 100 99 100 104 111 120 130 133 125 118 114 113 114 117 123 131 141 145 138 132 128 127 127 131 136 143 152
61 97 80 91 59 51 23 107 74 80 51 66 62 31 71 65 73 70 22 36 48 94 67 40 71 82 16 110 31 66 46 92 67 46 63 67 78 77 19 42 87 70 52 35 18 0 18 35 52 70 88 71 54 38 23 14 23 38 54 71 91 75 60 45 33 28 33 45 59 75 97 82 67 55 46 42 46 55 67 81 104 90 77 66 59 56 59 66 76 89 112 99 88 79 73 70 72 78 87 98 122 110 99 91 86 84 86 91 98 108 132 121 112 105 100 98 99 104 110 119 143 133 124 118 114 112 113 117 123 131 154 145 137 131 127 126 127 130 135 143
71 103 93 99 62 64 32 109 67 78 63 81 68 45 72 73 72 81 26 47 52 103 83 53 77 84 27 114 42 55 59 96 71 60 58 83 76 87 25 50 104 87 70 52 35 18 0 18 35 52 105 88 71 54 38 23 14 23 38 54 108 91 75 59 45 33 28 33 45 59 113 97 81 67 55 46 42 46 54 67 119 104 90 77 66 59 56 59 66 76 126 112 99 88 78 72 70 72 78 87 134 121 109 99 91 86 84 85 90 98 144 131 121 111 104 99 98 99 103 110 154 142 132 124 117 113 112 113 116 122 164 154 144 137 131 127 125 126 130 135
83 112 108 108 69 79 46 114 63 79 77 97 78 61 77 84 75 94 38 61 61 114 99 68 86 90 42 121 57 48 73 104 79 76 57 99 77 100 39 62 122 104 87 70 52 35 18 0 18 35 122 105 88 71 54 38 23 14 23 38 125 108 91 75 59 45 33 28 33 45 129 112 97 81 67 55 46 42 45 54 134 118 104 89 77 66 59 56 58 65 140 126 112 99 87 78 72 70 72 77 148 134 121 109 99 91 85 83 85 90 156 143 131 120 111 104 99 97 99 103 166 153 142 132 123 117 113 111 112 116 176 164 153 144 136 130 126 125 126 129
97 122 123 120 80 94 61 121 64 85 92 114 90 77 85 97 82 108 53 77 73 126 115 84 98 98 59 129 73 46 88 113 90 92 62 116 82 113 54 76 139 122 104 87 70 52 35 18 0 18 140 122 105 88 71 54 38 23 14 23 142 125 108 91 75 59 45 33 28 33 145 129 112 97 81 67 54 45 42 45 150 134 118 103 89 76 66 58 55 58 156 140 126 112 99 87 78 72 69 71 162 148 134 121 109 98 90 85 83 85 170 156 143 131 120 110 103 99 97 98 179 165 153 141 131 123 116 112 110 112 188 175 163 153 143 135 130 126 124 125
112 134 139 132 92 110 78 131 70 93 108 130 103 94 96 111 92 123 69 93 87 139 132 100 111 108 76 139 89 51 104 124 103 108 71 133 90 128 71 91 156 139 122 104 87 70 52 35 18 0 157 140 122 105 88 71 54 38 23 14 159 142 125 108 91 75 59 45 33 28 162 145 129 112 96 81 67 54 45 42 166 150 134 118 103 89 76 65 58 55 171 155 140 125 111 98 87 77 71 69 177 162 148 134 120 108 98 90 85 83 184 170 156 143 130 119 110 103 98 96 192 178 165 152 141 131 122 116 112 110 201 187 175 163 152 143 135 129 125 124
71 100 49 90 96 57 83 122 135 122 62 38 86 66 107 78 115 65 91 72 90 84 33 64 87 110 82 117 73 137 63 105 93 55 122 31 123 70 88 79 15 23 38 54 71 88 105 122 140 157 0 18 35 52 70 87 104 122 139 156 15 23 38 54 71 88 105 122 140 157 29 34 45 60 75 91 108 125 142 159 43 47 55 68 82 97 113 129 145 162 58 60 67 77 90 104 119 134 150 166 72 74 80 88 99 112 126 140 156 171 86 88 93 100 110 122 134 148 162 177 100 102 106 112 121 132 144 156 170 184 115 116 119 125 133 143 154 166 179 192
57 90 41 81 81 42 66 111 119 108 47 25 72 49 93 65 100 53 74 55 74 76 21 48 74 97 65 107 56 121 47 94 80 39 106 18 109 60 71 63 23 15 23 38 54 71 88 105 122 140 18 0 18 35 52 70 87 104 122 139 23 15 23 38 54 71 88 105 122 140 34 29 34 45 60 75 91 108 125 142 47 43 46 55 67 82 97 112 129 145 60 57 60 67 77 90 104 118 134 150 74 72 73 79 88 99 112 126 140 155 88 86 87 92 100 110 121 134 148 162 102 100 101 105 112 121 131 143 156 170 116 114 115 119 125 133 142 153 165 178
46 84 40 74 67 29 49 103 104 94 34 22 60 32 80 54 87 46 57 39 59 71 19 32 64 85 48 100 39 104 33 85 68 24 91 17 95 53 54 48 38 23 15 23 38 54 71 88 105 122 35 18 0 18 35 52 70 87 104 122 38 23 15 23 38 54 71 88 105 122 45 34 29 34 45 60 75 91 108 125 55 46 43 46 55 67 81 97 112 129 67 60 57 60 67 77 90 104 118 134 80 73 71 73 79 88 99 112 126 140 93 87 85 87 92 99 109 121 134 148 106 101 99 101 105 112 121 131 143 156 119 115 114 115 118 124 132 142 153 165
40 80 46 72 55 23 32 96 89 82 26 30 51 16 69 47 75 44 40 25 46 71 30 20 57 76 30 96 23 88 24 79 58 16 76 30 83 52 36 34 54 38 23 15 23 38 54 71 88 105 52 35 18 0 18 35 52 70 87 104 54 38 23 15 23 38 54 71 88 105 60 45 34 29 33 45 59 75 91 108 68 55 46 43 46 55 67 81 97 112 77 67 60 57 59 66 77 89 103 118 88 79 73 71 73 79 88 99 112 125 100 92 87 85 87 91 99 109 121 134 112 105 101 99 100 105 111 120 131 143 125 119 115 113 114 118 124 132 141 152
42 80 57 73 47 29 16 93 75 73 30 44 47 10 60 47 65 49 23 18 36 75 45 19 54 70 13 95 13 72 25 77 53 24 62 46 72 57 19 26 71 54 38 23 15 23 38 54 71 88 70 52 35 18 0 18 35 52 70 87 71 54 38 23 15 23 38 54 71 88 75 60 45 33 29 33 45 59 75 91 82 67 55 46 43 46 55 67 81 96 90 77 67 59 57 59 66 77 89 103 99 88 79 73 71 73 78 87 99 111 110 100 92 87 85 86 91 99 109 120 121 112 105 100 99 100 104 111 120 130 133 125 118 114 113 114 117 123 131 141
49 84 71 78 45 42 10 93 63 66 41 60 49 24 57 52 59 59 9 25 34 82 62 31 57 68 5 96 20 57 36 78 53 38 51 62 65 66 5 29 88 71 54 38 23 14 23 38 54 71 87 70 52 35 18 0 18 35 52 70 88 71 54 38 23 14 23 38 54 71 91 75 60 45 33 28 33 45 59 75 97 82 67 55 46 42 46 55 67 81 104 90 77 66 59 56 59 66 76 89 112 99 88 79 73 70 72 78 87 98 122 110 99 91 86 84 86 91 98 108 132 121 112 105 100 98 99 104 110 119 143 133 124 118 114 112 113 117 123 131
61 91 86 87 49 57 24 96 54 64 55 77 57 40 58 62 58 72 16 39 40 92 78 46 65 71 22 101 35 44 51 84 59 55 44 79 62 78 17 40 105 88 71 54 38 23 14 23 38 54 104 87 70 52 35 18 0 18 35 52 105 88 71 54 38 23 14 23 38 54 108 91 75 59 45 33 28 33 45 59 113 97 81 67 55 46 42 46 54 67 119 104 90 77 66 59 56 59 66 76 126 112 99 88 78 72 70 72 78 87 134 121 109 99 91 86 84 85 90 98 144 131 121 111 104 99 98 99 103 110 154 142 132 124 117 113 112 113 116 122
75 101 102 98 58 73 41 101 49 66 71 93 68 57 64 75 62 86 32 55 51 104 95 63 76 77 40 108 52 35 67 92 68 71 44 96 64 91 34 54 122 105 88 71 54 38 23 14 23 38 122 104 87 70 52 35 18 0 18 35 122 105 88 71 54 38 23 14 23 38 125 108 91 75 59 45 33 28 33 45 129 112 97 81 67 55 46 42 45 54 134 118 104 89 77 66 59 56 58 65 140 126 112 99 87 78 72 70 72 77 148 134 121 109 99 91 85 83 85 90 156 143 131 120 111 104 99 97 99 103 166 153 142 132 123 117 113 111 112 116
90 112 118 110 70 90 58 110 51 73 87 110 81 75 74 89 71 101 49 72 65 117 112 79 89 87 57 118 69 33 84 102 81 88 50 113 70 106 52 70 140 122 105 88 71 54 38 23 14 23 139 122 104 87 70 52 35 18 0 18 140 122 105 88 71 54 38 23 14 23 142 125 108 91 75 59 45 33 28 33 145 129 112 97 81 67 54 45 42 45 150 134 118 103 89 76 66 58 55 58 156 140 126 112 99 87 78 72 69 71 162 148 134 121 109 98 90 85 83 85 170 156 143 131 120 110 103 99 97 98 179 165 153 141 131 123 116 112 110 112
106 125 134 124 85 107 75 120 58 82 104 127 96 92 86 105 82 117 66 89 81 132 130 96 103 98 74 129 86 40 100 114 95 105 60 131 79 121 69 86 157 140 122 105 88 71 54 38 23 14 156 139 122 104 87 70 52 35 18 0 157 140 122 105 88 71 54 38 23 14 159 142 125 108 91 75 59 45 33 28 162 145 129 112 96 81 67 54 45 42 166 150 134 118 103 89 76 65 58 55 171 155 140 125 111 98 87 77 71 69 177 162 148 134 120 108 98 90 85 83 184 170 156 143 130 119 110 103 98 96 192 178 165 152 141 131 122 116 112 110
64 89 38 79 90 53 83 111 131 115 57 32 79 66 100 70 108 56 91 70 85 72 28 62 79 101 83 105 72 135 59 95 86 52 118 27 117 60 89 75 29 34 45 60 75 91 108 125 142 159 15 23 38 54 71 88 105 122 140 157 0 18 35 52 70 87 104 122 139 156 15 23 38 54 71 88 105 122 140 157 29 34 45 60 75 91 108 125 142 159 43 47 55 68 82 97 113 129 145 162 58 60 67 77 90 104 119 134 150 166 72 74 80 88 99 112 126 140 156 171 86 88 93 100 110 122 134 148 162 177 100 102 106 112 121 132 144 156 170 184
48 78 28 69 74 36 65 100 114 100 40 15 64 48 85 55 93 42 74 52 69 63 12 44 65 87 66 95 54 118 42 83 71 35 101 10 101 48 71 58 34 29 34 45 60 75 91 108 125 142 23 15 23 38 54 71 88 105 122 140 18 0 18 35 52 70 87 104 122 139 23 15 23 38 54 71 88 105 122 140 34 29 34 45 60 75 91 108 125 142 47 43 46 55 67 82 97 112 129 145 60 57 60 67 77 90 104 118 134 150 74 72 73 79 88 99 112 126 140 155 88 86 87 92 100 110 121 134 148 162 102 100 101 105 112 121 131 143 156 170
35 70 26 61 58 20 48 90 98 85 24 8 50 31 71 42 78 32 57 35 52 57 8 27 52 74 50 87 37 101 26 73 57 18 85 9 87 40 54 42 45 34 29 34 45 60 75 91 108 125 38 23 15 23 38 54 71 88 105 122 35 18 0 18 35 52 70 87 104 122 38 23 15 23 38 54 71 88 105 122 45 34 29 34 45 60 75 91 108 125 55 46 43 46 55 67 81 97 112 129 67 60 57 60 67 77 90 104 118 134 80 73 71 73 79 88 99 112 126 140 93 87 85 87 92 99 109 121 134 148 106 101 99 101 105 112 121 131 143 156
27 66 35 58 45 9 31 83 82 72 13 23 38 15 58 34 64 30 40 18 37 57 25 10 43 64 33 82 20 84 11 66 46 2 69 26 73 38 37 25 60 45 34 29 33 45 59 75 91 108 54 38 23 15 23 38 54 71 88 105 52 35 18 0 18 35 52 70 87 104 54 38 23 15 23 38 54 71 88 105 60 45 34 29 33 45 59 75 91 108 68 55 46 43 46 55 67 81 97 112 77 67 60 57 59 66 77 89 103 118 88 79 73 71 73 79 88 99 112 125 100 92 87 85 87 91 99 109 121 134 112 105 101 99 100 105 111 120 131 143
28 66 49 59 34 20 14 79 67 61 18 40 33 8 48 33 53 37 23 4 24 62 42 9 40 57 19 81 3 67 14 63 39 18 54 43 61 44 21 13 75 60 45 33 29 33 45 59 75 91 71 54 38 23 15 23 38 54 71 88 70 52 35 18 0 18 35 52 70 87 71 54 38 23 15 23 38 54 71 88 75 60 45 33 29 33 45 59 75 91 82 67 55 46 43 46 55 67 81 96 90 77 67 59 57 59 66 77 89 103 99 88 79 73 71 73 78 87 99 111 110 100 92 87 85 86 91 99 109 120 121 112 105 100 99 100 104 111 120 130
39 71 64 66 31 36 8 79 53 53 34 57 36 23 43 41 46 50 8 18 20 70 59 26 44 54 15 83 16 50 30 65 39 35 40 61 52 55 10 17 91 75 60 45 33 28 33 45 59 75 88 71 54 38 23 14 23 38 54 71 87 70 52 35 18 0 18 35 52 70 88 71 54 38 23 14 23 38 54 71 91 75 60 45 33 28 33 45 59 75 97 82 67 55 46 42 46 55 67 81 104 90 77 66 59 56 59 66 76 89 112 99 88 79 73 70 72 78 87 98 122 110 99 91 86 84 86 91 98 108 132 121 112 105 100 98 99 104 110 119
53 79 80 76 37 53 23 82 41 50 50 74 46 40 45 53 45 64 15 35 29 82 77 43 54 58 26 88 33 35 47 71 47 52 31 78 48 69 19 32 108 91 75 59 45 33 28 33 45 59 105 88 71 54 38 23 14 23 38 54 104 87 70 52 35 18 0 18 35 52 105 88 71 54 38 23 14 23 38 54 108 91 75 59 45 33 28 33 45 59 113 97 81 67 55 46 42 46 54 67 119 104 90 77 66 59 56 59 66 76 126 112 99 88 78 72 70 72 78 87 134 121 109 99 91 86 84 85 90 98 144 131 121 111 104 99 98 99 103 110
69 90 97 88 48 70 40 89 36 53 67 91 59 57 52 68 50 80 32 53 43 95 94 60 67 65 42 97 50 22 64 80 59 70 30 95 50 84 35 49 125 108 91 75 59 45 33 28 33 45 122 105 88 71 54 38 23 14 23 38 122 104 87 70 52 35 18 0 18 35 122 105 88 71 54 38 23 14 23 38 125 108 91 75 59 45 33 28 33 45 129 112 97 81 67 55 46 42 45 54 134 118 104 89 77 66 59 56 58 65 140 126 112 99 87 78 72 70 72 77 148 134 121 109 99 91 85 83 85 90 156 143 131 120 111 104 99 97 99 103
85 103 114 102 63 87 57 98 38 61 84 108 74 74 64 83 60 96 49 70 59 110 111 78 82 76 59 107 68 19 81 92 73 87 38 113 58 100 52 66 142 125 108 91 75 59 45 33 28 33 140 122 105 88 71 54 38 23 14 23 139 122 104 87 70 52 35 18 0 18 140 122 105 88 71 54 38 23 14 23 142 125 108 91 75 59 45 33 28 33 145 129 112 97 81 67 54 45 42 45 150 134 118 103 89 76 66 58 55 58 156 140 126 112 99 87 78 72 69 71 162 148 134 121 109 98 90 85 83 85 170 156 143 131 120 110 103 99 97 98
102 117 131 117 78 105 75 110 47 72 101 126 90 92 78 99 73 113 66 87 76 125 128 95 97 89 76 119 85 29 98 106 88 104 51 130 69 116 69 83 159 142 125 108 91 75 59 45 33 28 157 140 122 105 88 71 54 38 23 14 156 139 122 104 87 70 52 35 18 0 157 140 122 105 88 71 54 38 23 14 159 142 125 108 91 75 59 45 33 28 162 145 129 112 96 81 67 54 45 42 166 150 134 118 103 89 76 65 58 55 171 155 140 125 111 98 87 77 71 69 177 162 148 134 120 108 98 90 85 83 184 170 156 143 130 119 110 103 98 96
59 79 30 70 86 53 85 102 128 110 56 32 75 68 95 65 103 50 93 70 83 61 30 63 73 94 87 95 73 134 59 86 81 54 115 30 112 52 91 75 43 47 55 68 82 97 113 129 145 162 29 34 45 60 75 91 108 125 142 159 15 23 38 54 71 88 105 122 140 157 0 18 35 52 70 87 104 122 139 156 15 23 38 54 71 88 105 122 140 157 29 34 45 60 75 91 108 125 142 159 43 47 55 68 82 97 113 129 145 162 58 60 67 77 90 104 119 134 150 166 72 74 80 88 99 112 126 140 156 171 86 88 93 100 110 122 134 148 162 177
42 67 16 57 69 36 68 89 111 94 39 16 58 52 79 49 87 34 76 53 66 50 16 46 57 79 71 83 57 116 42 73 65 37 98 17 96 38 75 57 47 43 46 55 67 82 97 112 129 145 34 29 34 45 60 75 91 108 125 142 23 15 23 38 54 71 88 105 122 140 18 0 18 35 52 70 87 104 122 139 23 15 23 38 54 71 88 105 122 140 34 29 34 45 60 75 91 108 125 142 47 43 46 55 67 82 97 112 129 145 60 57 60 67 77 90 104 118 134 150 74 72 73 79 88 99 112 126 140 155 88 86 87 92 100 110 121 134 148 162
26 57 13 48 53 19 52 78 94 78 22 9 42 37 63 33 71 20 60 37 49 43 13 29 42 65 55 74 40 99 25 61 49 22 81 17 80 27 59 40 55 46 43 46 55 67 81 97 112 129 45 34 29 34 45 60 75 91 108 125 38 23 15 23 38 54 71 88 105 122 35 18 0 18 35 52 70 87 104 122 38 23 15 23 38 54 71 88 105 122 45 34 29 34 45 60 75 91 108 125 55 46 43 46 55 67 81 97 112 129 67 60 57 60 67 77 90 104 118 134 80 73 71 73 79 88 99 112 126 140 93 87 85 87 92 99 109 121 134 148
13 52 27 43 36 6 36 70 77 63 5 23 28 24 48 21 56 16 44 21 32 43 27 15 31 52 41 68 25 82 9 52 35 13 64 30 64 25 43 23 68 55 46 43 46 55 67 81 97 112 60 45 34 29 33 45 59 75 91 108 54 38 23 15 23 38 54 71 88 105 52 35 18 0 18 35 52 70 87 104 54 38 23 15 23 38 54 71 88 105 60 45 34 29 33 45 59 75 91 108 68 55 46 43 46 55 67 81 97 112 77 67 60 57 59 66 77 89 103 118 88 79 73 71 73 79 88 99 112 125 100 92 87 85 87 91 99 109 121 134
17 52 43 46 23 19 24 65 60 50 14 40 19 21 36 20 42 27 30 11 15 49 43 14 26 43 31 66 16 64 13 49 26 22 48 46 50 33 31 6 82 67 55 46 43 46 55 67 81 96 75 60 45 33 29 33 45 59 75 91 71 54 38 23 15 23 38 54 71 88 70 52 35 18 0 18 35 52 70 87 71 54 38 23 15 23 38 54 71 88 75 60 45 33 29 33 45 59 75 91 82 67 55 46 43 46 55 67 81 96 90 77 67 59 57 59 66 77 89 103 99 88 79 73 71 73 78 87 99 111 110 100 92 87 85 86 91 99 109 120
31 58 60 54 17 36 20 65 45 40 32 57 24 30 29 31 33 43 21 21 7 60 60 28 32 41 28 69 22 47 29 51 26 37 32 62 39 47 24 13 97 82 67 55 46 42 46 55 67 81 91 75 60 45 33 28 33 45 59 75 88 71 54 38 23 14 23 38 54 71 87 70 52 35 18 0 18 35 52 70 88 71 54 38 23 14 23 38 54 71 91 75 60 45 33 28 33 45 59 75 97 82 67 55 46 42 46 55 67 81 104 90 77 66 59 56 59 66 76 89 112 99 88 79 73 70 72 78 87 98 122 110 99 91 86 84 86 91 98 108
48 68 77 66 26 53 30 69 31 36 49 74 37 44 32 46 31 59 25 37 22 73 77 45 45 45 36 76 37 30 46 59 36 54 18 79 34 63 29 30 113 97 81 67 55 46 42 46 54 67 108 91 75 59 45 33 28 33 45 59 105 88 71 54 38 23 14 23 38 54 104 87 70 52 35 18 0 18 35 52 105 88 71 54 38 23 14 23 38 54 108 91 75 59 45 33 28 33 45 59 113 97 81 67 55 46 42 46 54 67 119 104 90 77 66 59 56 59 66 76 126 112 99 88 78 72 70 72 78 87 134 121 109 99 91 86 84 85 90 98
65 81 94 80 41 70 44 77 22 40 66 91 53 60 42 62 38 76 37 54 39 88 94 61 60 54 48 86 53 13 63 70 51 71 17 96 37 79 42 48 129 112 97 81 67 55 46 42 45 54 125 108 91 75 59 45 33 28 33 45 122 105 88 71 54 38 23 14 23 38 122 104 87 70 52 35 18 0 18 35 122 105 88 71 54 38 23 14 23 38 125 108 91 75 59 45 33 28 33 45 129 112 97 81 67 55 46 42 45 54 134 118 104 89 77 66 59 56 58 65 140 126 112 99 87 78 72 70 72 77 148 134 121 109 99 91 85 83 85 90
82 95 112 95 57 87 60 88 25 50 83 109 69 77 56 79 51 93 53 71 57 103 112 79 76 67 63 97 70 7 81 84 66 88 29 113 47 95 57 65 145 129 112 97 81 67 54 45 42 45 142 125 108 91 75 59 45 33 28 33 140 122 105 88 71 54 38 23 14 23 139 122 104 87 70 52 35 18 0 18 140 122 105 88 71 54 38 23 14 23 142 125 108 91 75 59 45 33 28 33 145 129 112 97 81 67 54 45 42 45 150 134 118 103 89 76 66 58 55 58 156 140 126 112 99 87 78 72 69 71 162 148 134 121 109 98 90 85 83 85
99 109 129 111 74 104 77 100 37 64 101 126 86 94 72 96 65 110 69 88 74 119 129 96 92 82 79 111 86 24 98 98 83 105 45 131 60 112 73 82 162 145 129 112 96 81 67 54 45 42 159 142 125 108 91 75 59 45 33 28 157 140 122 105 88 71 54 38 23 14 156 139 122 104 87 70 52 35 18 0 157 140 122 105 88 71 54 38 23 14 159 142 125 108 91 75 59 45 33 28 162 145 129 112 96 81 67 54 45 42 166 150 134 118 103 89 76 65 58 55 171 155 140 125 111 98 87 77 71 69 177 162 148 134 120 108 98 90 85 83
58 70 28 62 85 56 89 94 126 106 58 38 73 74 92 63 100 47 97 74 84 53 38 67 69 89 92 85 78 134 62 79 78 59 114 39 108 48 96 76 58 60 67 77 90 104 119 134 150 166 43 47 55 68 82 97 113 129 145 162 29 34 45 60 75 91 108 125 142 159 15 23 38 54 71 88 105 122 140 157 0 18 35 52 70 87 104 122 139 156 15 23 38 54 71 88 105 122 140 157 29 34 45 60 75 91 108 125 142 159 43 47 55 68 82 97 113 129 145 162 58 60 67 77 90 104 119 134 150 166 72 74 80 88 99 112 126 140 156 171
41 56 12 47 67 40 73 80 109 89 42 26 55 59 75 45 83 30 81 58 66 39 28 51 52 73 77 73 62 117 46 64 61 44 97 30 91 31 80 60 60 57 60 67 77 90 104 118 134 150 47 43 46 55 67 82 97 112 129 145 34 29 34 45 60 75 91 108 125 142 23 15 23 38 54 71 88 105 122 140 18 0 18 35 52 70 87 104 122 139 23 15 23 38 54 71 88 105 122 140 34 29 34 45 60 75 91 108 125 142 47 43 46 55 67 82 97 112 129 145 60 57 60 67 77 90 104 118 134 150 74 72 73 79 88 99 112 126 140 155
24 45 8 35 50 27 58 67 91 72 27 23 38 46 58 28 66 13 66 43 49 30 26 37 36 57 64 62 48 99 31 50 44 32 80 30 75 15 66 43 67 60 57 60 67 77 90 104 118 134 55 46 43 46 55 67 81 97 112 129 45 34 29 34 45 60 75 91 108 125 38 23 15 23 38 54 71 88 105 122 35 18 0 18 35 52 70 87 104 122 38 23 15 23 38 54 71 88 105 122 45 34 29 34 45 60 75 91 108 125 55 46 43 46 55 67 81 97 112 129 67 60 57 60 67 77 90 104 118 134 80 73 71 73 79 88 99 112 126 140
7 38 25 29 33 20 45 57 74 56 17 31 21 37 42 11 50 6 52 31 32 29 35 28 20 42 52 55 36 82 21 40 27 27 62 38 58 11 52 28 77 67 60 57 59 66 77 89 103 118 68 55 46 43 46 55 67 81 97 112 60 45 34 29 33 45 59 75 91 108 54 38 23 15 23 38 54 71 88 105 52 35 18 0 18 35 52 70 87 104 54 38 23 15 23 38 54 71 88 105 60 45 34 29 33 45 59 75 91 108 68 55 46 43 46 55 67 81 97 112 77 67 60 57 59 66 77 89 103 118 88 79 73 71 73 79 88 99 112 125
12 39 42 33 15 27 36 51 57 41 22 45 5 35 26 9 34 23 41 25 17 38 49 27 12 31 44 52 30 65 23 35 13 32 45 52 42 25 42 18 90 77 67 59 57 59 66 77 89 103 82 67 55 46 43 46 55 67 81 96 75 60 45 33 29 33 45 59 75 91 71 54 38 23 15 23 38 54 71 88 70 52 35 18 0 18 35 52 70 87 71 54 38 23 15 23 38 54 71 88 75 60 45 33 29 33 45 59 75 91 82 67 55 46 43 46 55 67 81 96 90 77 67 59 57 59 66 77 89 103 99 88 79 73 71 73 78 87 99 111
29 46 59 44 4 40 34 51 40 28 36 60 16 41 15 25 20 40 35 31 10 51 64 36 23 27 42 56 34 48 35 38 14 44 28 67 28 42 38 21 104 90 77 66 59 56 59 66 76 89 97 82 67 55 46 42 46 55 67 81 91 75 60 45 33 28 33 45 59 75 88 71 54 38 23 14 23 38 54 71 87 70 52 35 18 0 18 35 52 70 88 71 54 38 23 14 23 38 54 71 91 75 60 45 33 28 33 45 59 75 97 82 67 55 46 42 46 55 67 81 104 90 77 66 59 56 59 66 76 89 112 99 88 79 73 70 72 78 87 98
47 58 77 58 20 56 40 56 23 22 52 77 33 52 20 43 17 57 37 43 24 66 80 50 39 33 47 64 45 31 50 48 29 59 11 83 20 59 41 35 119 104 90 77 66 59 56 59 66 76 113 97 81 67 55 46 42 46 54 67 108 91 75 59 45 33 28 33 45 59 105 88 71 54 38 23 14 23 38 54 104 87 70 52 35 18 0 18 35 52 105 88 71 54 38 23 14 23 38 54 108 91 75 59 45 33 28 33 45 59 113 97 81 67 55 46 42 46 54 67 119 104 90 77 66 59 56 59 66 76 126 112 99 88 78 72 70 72 78 87
64 73 94 73 38 72 52 66 9 29 68 94 50 66 34 60 28 75 47 58 40 82 97 65 55 45 57 75 58 16 66 62 46 75 8 99 25 76 51 50 134 118 104 89 77 66 59 56 58 65 129 112 97 81 67 55 46 42 45 54 125 108 91 75 59 45 33 28 33 45 122 105 88 71 54 38 23 14 23 38 122 104 87 70 52 35 18 0 18 35 122 105 88 71 54 38 23 14 23 38 125 108 91 75 59 45 33 28 33 45 129 112 97 81 67 55 46 42 45 54 134 118 104 89 77 66 59 56 58 65 140 126 112 99 87 78 72 70 72 77
81 88 111 89 55 89 66 78 16 42 85 110 67 82 51 77 44 92 60 74 57 99 114 82 72 60 70 89 74 11 83 76 63 91 25 116 38 93 64 67 150 134 118 103 89 76 66 58 55 58 145 129 112 97 81 67 54 45 42 45 142 125 108 91 75 59 45 33 28 33 140 122 105 88 71 54 38 23 14 23 139 122 104 87 70 52 35 18 0 18 140 122 105 88 71 54 38 23 14 23 142 125 108 91 75 59 45 33 28 33 145 129 112 97 81 67 54 45 42 45 150 134 118 103 89 76 66 58 55 58 156 140 126 112 99 87 78 72 69 71
99 104 128 106 72 106 81 92 32 57 102 127 84 97 67 94 60 109 74 91 74 115 131 98 89 76 85 103 90 25 100 92 80 108 42 133 54 110 78 84 166 150 134 118 103 89 76 65 58 55 162 145 129 112 96 81 67 54 45 42 159 142 125 108 91 75 59 45 33 28 157 140 122 105 88 71 54 38 23 14 156 139 122 104 87 70 52 35 18 0 157 140 122 105 88 71 54 38 23 14 159 142 125 108 91 75 59 45 33 28 162 145 129 112 96 81 67 54 45 42 166 150 134 118 103 89 76 65 58 55 171 155 140 125 111 98 87 77 71 69
61 64 33 57 85 63 95 87 126 104 64 48 73 81 91 63 99 49 103 80 86 47 49 73 68 86 100 78 84 136 68 74 77 67 115 50 107 47 102 81 72 74 80 88 99 112 126 140 156 171 58 60 67 77 90 104 119 134 150 166 43 47 55 68 82 97 113 129 145 162 29 34 45 60 75 91 108 125 142 159 15 23 38 54 71 88 105 122 140 157 0 18 35 52 70 87 104 122 139 156 15 23 38 54 71 88 105 122 140 157 29 34 45 60 75 91 108 125 142 159 43 47 55 68 82 97 113 129 145 162 58 60 67 77 90 104 119 134 150 166
44 48 21 40 68 49 81 71 109 87 50 39 56 68 74 46 81 33 88 65 70 31 41 60 51 69 86 63 70 119 54 57 60 54 98 44 89 30 88 65 74 72 73 79 88 99 112 126 140 155 60 57 60 67 77 90 104 118 134 150 47 43 46 55 67 82 97 112 129 145 34 29 34 45 60 75 91 108 125 142 23 15 23 38 54 71 88 105 122 140 18 0 18 35 52 70 87 104 122 139 23 15 23 38 54 71 88 105 122 140 34 29 34 45 60 75 91 108 125 142 47 43 46 55 67 82 97 112 129 145 60 57 60 67 77 90 104 118 134 150
29 34 19 25 51 39 68 57 91 70 38 37 39 57 56 30 64 18 75 52 54 17 40 48 34 52 74 50 58 102 42 42 43 45 81 44 72 13 75 50 80 73 71 73 79 88 99 112 126 140 67 60 57 60 67 77 90 104 118 134 55 46 43 46 55 67 81 97 112 129 45 34 29 34 45 60 75 91 108 125 38 23 15 23 38 54 71 88 105 122 35 18 0 18 35 52 70 87 104 122 38 23 15 23 38 54 71 88 105 122 45 34 29 34 45 60 75 91 108 125 55 46 43 46 55 67 81 97 112 129 67 60 57 60 67 77 90 104 118 134
18 25 30 15 35 34 57 45 74 52 31 42 23 50 39 15 47 14 63 43 39 16 46 41 16 35 64 41 48 85 35 28 26 41 64 50 55 8 63 38 88 79 73 71 73 79 88 99 112 125 77 67 60 57 59 66 77 89 103 118 68 55 46 43 46 55 67 81 97 112 60 45 34 29 33 45 59 75 91 108 54 38 23 15 23 38 54 71 88 105 52 35 18 0 18 35 52 70 87 104 54 38 23 15 23 38 54 71 88 105 60 45 34 29 33 45 59 75 91 108 68 55 46 43 46 55 67 81 97 112 77 67 60 57 59 66 77 89 103 118
21 26 45 22 19 38 50 38 57 35 34 53 11 49 22 13 30 26 53 39 27 29 57 41 3 20 57 38 44 68 36 21 9 45 47 61 38 24 55 31 99 88 79 73 71 73 78 87 99 111 90 77 67 59 57 59 66 77 89 103 82 67 55 46 43 46 55 67 81 96 75 60 45 33 29 33 45 59 75 91 71 54 38 23 15 23 38 54 71 88 70 52 35 18 0 18 35 52 70 87 71 54 38 23 15 23 38 54 71 88 75 60 45 33 29 33 45 59 75 91 82 67 55 46 43 46 55 67 81 96 90 77 67 59 57 59 66 77 89 103
34 36 62 36 12 49 48 37 40 19 44 67 18 53 4 27 12 42 49 43 24 45 71 47 20 13 56 43 47 53 44 26 11 54 31 74 21 41 52 33 112 99 88 79 73 70 72 78 87 98 104 90 77 66 59 56 59 66 76 89 97 82 67 55 46 42 46 55 67 81 91 75 60 45 33 28 33 45 59 75 88 71 54 38 23 14 23 38 54 71 87 70 52 35 18 0 18 35 52 70 88 71 54 38 23 14 23 38 54 71 91 75 60 45 33 28 33 45 59 75 97 82 67 55 46 42 46 55 67 81 104 90 77 66 59 56 59 66 76 89
50 51 78 52 23 62 53 44 23 8 58 82 34 62 14 44 6 59 51 52 32 62 86 58 37 23 60 53 55 38 57 40 28 66 17 89 7 58 54 43 126 112 99 88 78 72 70 72 78 87 119 104 90 77 66 59 56 59 66 76 113 97 81 67 55 46 42 46 54 67 108 91 75 59 45 33 28 33 45 59 105 88 71 54 38 23 14 23 38 54 104 87 70 52 35 18 0 18 35 52 105 88 71 54 38 23 14 23 38 54 108 91 75 59 45 33 28 33 45 59 113 97 81 67 55 46 42 46 54 67 119 104 90 77 66 59 56 59 66 76
66 67 95 69 39 77 62 56 8 20 73 98 51 74 31 61 24 76 58 65 45 79 102 72 54 39 68 67 67 27 72 55 45 81 15 104 17 75 62 56 140 126 112 99 87 78 72 70 72 77 134 118 104 89 77 66 59 56 58 65 129 112 97 81 67 55 46 42 45 54 125 108 91 75 59 45 33 28 33 45 122 105 88 71 54 38 23 14 23 38 122 104 87 70 52 35 18 0 18 35 122 105 88 71 54 38 23 14 23 38 125 108 91 75 59 45 33 28 33 45 129 112 97 81 67 55 46 42 45 54 134 118 104 89 77 66 59 56 58 65
83 83 112 86 56 93 74 70 15 37 89 114 68 88 49 78 41 93 68 80 61 96 118 87 71 56 79 81 80 24 87 71 62 96 28 120 33 93 73 72 156 140 126 112 99 87 78 72 69 71 150 134 118 103 89 76 66 58 55 58 145 129 112 97 81 67 54 45 42 45 142 125 108 91 75 59 45 33 28 33 140 122 105 88 71 54 38 23 14 23 139 122 104 87 70 52 35 18 0 18 140 122 105 88 71 54 38 23 14 23 142 125 108 91 75 59 45 33 28 33 145 129 112 97 81 67 54 45 42 45 150 134 118 103 89 76 66 58 55 58
100 100 130 103 73 109 88 86 32 54 105 130 85 103 66 95 58 110 82 95 77 113 134 103 89 73 93 97 95 33 103 88 79 112 44 136 51 110 86 88 171 155 140 125 111 98 87 77 71 69 166 150 134 118 103 89 76 65 58 55 162 145 129 112 96 81 67 54 45 42 159 142 125 108 91 75 59 45 33 28 157 140 122 105 88 71 54 38 23 14 156 139 122 104 87 70 52 35 18 0 157 140 122 105 88 71 54 38 23 14 159 142 125 108 91 75 59 45 33 28 162 145 129 112 96 81 67 54 45 42 166 150 134 118 103 89 76 65 58 55
66 60 43 55 88 71 103 82 127 104 72 59 76 91 92 67 99 55 111 88 91 45 61 82 70 85 108 72 92 139 76 71 80 76 118 63 107 51 110 87 86 88 93 100 110 122 134 148 162 177 72 74 80 88 99 112 126 140 156 171 58 60 67 77 90 104 119 134 150 166 43 47 55 68 82 97 113 129 145 162 29 34 45 60 75 91 108 125 142 159 15 23 38 54 71 88 105 122 140 157 0 18 35 52 70 87 104 122 139 156 15 23 38 54 71 88 105 122 140 157 29 34 45 60 75 91 108 125 142 159 43 47 55 68 82 97 113 129 145 162
51 43 34 37 72 60 90 65 110 87 59 52 60 79 75 51 82 41 97 75 76 27 55 70 53 68 96 56 80 122 64 54 63 66 101 58 90 35 97 73 88 86 87 92 100 110 121 134 148 162 74 72 73 79 88 99 112 126 140 155 60 57 60 67 77 90 104 118 134 150 47 43 46 55 67 82 97 112 129 145 34 29 34 45 60 75 91 108 125 142 23 15 23 38 54 71 88 105 122 140 18 0 18 35 52 70 87 104 122 139 23 15 23 38 54 71 88 105 122 140 34 29 34 45 60 75 91 108 125 142 47 43 46 55 67 82 97 112 129 145
39 27 33 20 56 52 78 49 93 69 50 51 45 70 58 37 65 30 85 64 61 10 54 60 37 51 85 41 69 106 54 37 47 58 84 58 72 23 85 60 93 87 85 87 92 99 109 121 134 148 80 73 71 73 79 88 99 112 126 140 67 60 57 60 67 77 90 104 118 134 55 46 43 46 55 67 81 97 112 129 45 34 29 34 45 60 75 91 108 125 38 23 15 23 38 54 71 88 105 122 35 18 0 18 35 52 70 87 104 122 38 23 15 23 38 54 71 88 105 122 45 34 29 34 45 60 75 91 108 125 55 46 43 46 55 67 81 97 112 129
32 12 40 3 42 48 69 35 77 52 45 55 32 64 41 27 48 28 74 56 49 8 59 55 23 33 76 29 61 90 49 20 31 55 68 62 55 20 75 50 100 92 87 85 87 91 99 109 121 134 88 79 73 71 73 79 88 99 112 125 77 67 60 57 59 66 77 89 103 118 68 55 46 43 46 55 67 81 97 112 60 45 34 29 33 45 59 75 91 108 54 38 23 15 23 38 54 71 88 105 52 35 18 0 18 35 52 70 87 104 54 38 23 15 23 38 54 71 88 105 60 45 34 29 33 45 59 75 91 108 68 55 46 43 46 55 67 81 97 112
33 14 53 16 30 51 63 24 60 35 47 63 24 63 26 26 32 35 67 53 40 26 68 54 17 16 71 25 58 74 49 7 20 58 53 71 38 30 69 45 110 100 92 87 85 86 91 99 109 120 99 88 79 73 71 73 78 87 99 111 90 77 67 59 57 59 66 77 89 103 82 67 55 46 43 46 55 67 81 96 75 60 45 33 29 33 45 59 75 91 71 54 38 23 15 23 38 54 71 88 70 52 35 18 0 18 35 52 70 87 71 54 38 23 15 23 38 54 71 88 75 60 45 33 29 33 45 59 75 91 82 67 55 46 43 46 55 67 81 96
43 29 67 33 26 59 62 24 44 18 55 75 28 66 15 35 17 48 63 56 38 43 80 59 25 3 70 31 60 60 56 18 21 65 39 83 22 45 66 47 122 110 99 91 86 84 86 91 98 108 112 99 88 79 73 70 72 78 87 98 104 90 77 66 59 56 59 66 76 89 97 82 67 55 46 42 46 55 67 81 91 75 60 45 33 28 33 45 59 75 88 71 54 38 23 14 23 38 54 71 87 70 52 35 18 0 18 35 52 70 88 71 54 38 23 14 23 38 54 71 91 75 60 45 33 28 33 45 59 75 97 82 67 55 46 42 46 55 67 81
56 46 83 50 33 71 65 34 30 7 66 89 40 74 20 49 14 63 64 63 43 60 93 69 40 20 73 44 67 48 66 34 33 76 29 96 9 61 68 54 134 121 109 99 91 86 84 85 90 98 126 112 99 88 78 72 70 72 78 87 119 104 90 77 66 59 56 59 66 76 113 97 81 67 55 46 42 46 54 67 108 91 75 59 45 33 28 33 45 59 105 88 71 54 38 23 14 23 38 54 104 87 70 52 35 18 0 18 35 52 105 88 71 54 38 23 14 23 38 54 108 91 75 59 45 33 28 33 45 59 113 97 81 67 55 46 42 46 54 67
71 63 99 68 46 84 73 49 21 19 80 104 55 84 34 64 26 79 70 74 54 77 108 80 56 37 80 60 76 39 79 52 48 88 28 110 18 78 74 65 148 134 121 109 99 91 85 83 85 90 140 126 112 99 87 78 72 70 72 77 134 118 104 89 77 66 59 56 58 65 129 112 97 81 67 55 46 42 45 54 125 108 91 75 59 45 33 28 33 45 122 105 88 71 54 38 23 14 23 38 122 104 87 70 52 35 18 0 18 35 122 105 88 71 54 38 23 14 23 38 125 108 91 75 59 45 33 28 33 45 129 112 97 81 67 55 46 42 45 54
87 80 115 85 61 99 84 64 25 36 94 119 71 96 50 81 42 96 79 87 67 95 123 94 73 54 90 76 89 38 93 69 65 103 37 126 34 95 83 79 162 148 134 121 109 98 90 85 83 85 156 140 126 112 99 87 78 72 69 71 150 134 118 103 89 76 66 58 55 58 145 129 112 97 81 67 54 45 42 45 142 125 108 91 75 59 45 33 28 33 140 122 105 88 71 54 38 23 14 23 139 122 104 87 70 52 35 18 0 18 140 122 105 88 71 54 38 23 14 23 142 125 108 91 75 59 45 33 28 33 145 129 112 97 81 67 54 45 42 45
103 98 132 102 77 114 96 81 37 53 110 135 88 110 67 97 59 112 90 102 82 112 139 109 90 72 101 92 102 44 109 86 81 117 50 141 51 112 95 93 177 162 148 134 120 108 98 90 85 83 171 155 140 125 111 98 87 77 71 69 166 150 134 118 103 89 76 65 58 55 162 145 129 112 96 81 67 54 45 42 159 142 125 108 91 75 59 45 33 28 157 140 122 105 88 71 54 38 23 14 156 139 122 104 87 70 52 35 18 0 157 140 122 105 88 71 54 38 23 14 159 142 125 108 91 75 59 45 33 28 162 145 129 112 96 81 67 54 45 42
74 60 54 56 94 82 112 79 130 106 82 72 82 101 95 74 102 63 119 97 98 47 74 92 75 87 118 68 102 143 86 71 84 87 122 76 109 57 119 95 100 102 106 112 121 132 144 156 170 184 86 88 93 100 110 122 134 148 162 177 72 74 80 88 99 112 126 140 156 171 58 60 67 77 90 104 119 134 150 166 43 47 55 68 82 97 113 129 145 162 29 34 45 60 75 91 108 125 142 159 15 23 38 54 71 88 105 122 140 157 0 18 35 52 70 87 104 122 139 156 15 23 38 54 71 88 105 122 140 157 29 34 45 60 75 91 108 125 142 159
61 43 48 40 78 72 100 62 114 89 71 66 67 91 79 60 85 51 107 85 83 31 69 81 59 70 106 51 91 127 75 54 68 78 105 72 92 45 107 82 102 100 101 105 112 121 131 143 156 170 88 86 87 92 100 110 121 134 148 162 74 72 73 79 88 99 112 126 140 155 60 57 60 67 77 90 104 118 134 150 47 43 46 55 67 82 97 112 129 145 34 29 34 45 60 75 91 108 125 142 23 15 23 38 54 71 88 105 122 140 18 0 18 35 52 70 87 104 122 139 23 15 23 38 54 71 88 105 122 140 34 29 34 45 60 75 91 108 125 142
51 26 47 24 64 65 90 45 97 72 63 65 54 83 63 48 69 44 95 76 71 18 68 73 45 53 97 34 81 112 67 37 54 72 90 72 75 36 96 71 106 101 99 101 105 112 121 131 143 156 93 87 85 87 92 99 109 121 134 148 80 73 71 73 79 88 99 112 126 140 67 60 57 60 67 77 90 104 118 134 55 46 43 46 55 67 81 97 112 129 45 34 29 34 45 60 75 91 108 125 38 23 15 23 38 54 71 88 105 122 35 18 0 18 35 52 70 87 104 122 38 23 15 23 38 54 71 88 105 122 45 34 29 34 45 60 75 91 108 125
46 9 52 14 52 62 82 28 82 56 59 68 43 78 48 40 54 42 86 70 60 17 72 69 35 37 89 18 75 97 63 21 41 69 75 75 59 34 88 63 112 105 101 99 100 105 111 120 131 143 100 92 87 85 87 91 99 109 121 134 88 79 73 71 73 79 88 99 112 125 77 67 60 57 59 66 77 89 103 118 68 55 46 43 46 55 67 81 97 112 60 45 34 29 33 45 59 75 91 108 54 38 23 15 23 38 54 71 88 105 52 35 18 0 18 35 52 70 87 104 54 38 23 15 23 38 54 71 88 105 60 45 34 29 33 45 59 75 91 108
47 12 62 21 43 65 77 13 66 40 61 75 38 77 35 40 39 47 80 67 53 30 79 68 31 23 85 11 72 82 63 8 34 71 61 83 43 41 82 59 121 112 105 100 99 100 104 111 120 130 110 100 92 87 85 86 91 99 109 120 99 88 79 73 71 73 78 87 99 111 90 77 67 59 57 59 66 77 89 103 82 67 55 46 43 46 55 67 81 96 75 60 45 33 29 33 45 59 75 91 71 54 38 23 15 23 38 54 71 88 70 52 35 18 0 18 35 52 70 87 71 54 38 23 15 23 38 54 71 88 75 60 45 33 29 33 45 59 75 91
54 28 75 36 40 71 76 12 52 27 67 85 41 80 28 46 29 57 77 69 51 45 90 72 36 16 84 22 74 70 68 18 34 77 49 93 30 52 80 60 132 121 112 105 100 98 99 104 110 119 122 110 99 91 86 84 86 91 98 108 112 99 88 79 73 70 72 78 87 98 104 90 77 66 59 56 59 66 76 89 97 82 67 55 46 42 46 55 67 81 91 75 60 45 33 28 33 45 59 75 88 71 54 38 23 14 23 38 54 71 87 70 52 35 18 0 18 35 52 70 88 71 54 38 23 14 23 38 54 71 91 75 60 45 33 28 33 45 59 75
65 46 89 52 45 81 79 27 41 21 76 97 50 86 31 57 27 71 78 75 55 62 102 80 48 25 86 39 79 59 77 35 42 86 42 105 23 67 81 66 144 131 121 111 104 99 98 99 103 110 134 121 109 99 91 86 84 85 90 98 126 112 99 88 78 72 70 72 78 87 119 104 90 77 66 59 56 59 66 76 113 97 81 67 55 46 42 46 54 67 108 91 75 59 45 33 28 33 45 59 105 88 71 54 38 23 14 23 38 54 104 87 70 52 35 18 0 18 35 52 105 88 71 54 38 23 14 23 38 54 108 91 75 59 45 33 28 33 45 59
78 63 104 69 55 93 85 44 35 27 88 111 62 95 42 71 35 85 82 85 64 79 115 90 62 40 92 56 87 53 88 52 55 98 42 118 27 82 86 75 156 143 131 120 111 104 99 97 99 103 148 134 121 109 99 91 85 83 85 90 140 126 112 99 87 78 72 70 72 77 134 118 104 89 77 66 59 56 58 65 129 112 97 81 67 55 46 42 45 54 125 108 91 75 59 45 33 28 33 45 122 105 88 71 54 38 23 14 23 38 122 104 87 70 52 35 18 0 18 35 122 105 88 71 54 38 23 14 23 38 125 108 91 75 59 45 33 28 33 45
93 80 120 86 68 106 94 61 37 41 102 125 77 106 56 86 48 101 90 96 76 96 130 103 77 56 101 73 98 51 101 69 70 111 48 132 40 98 94 87 170 156 143 131 120 110 103 99 97 98 162 148 134 121 109 98 90 85 83 85 156 140 126 112 99 87 78 72 69 71 150 134 118 103 89 76 66 58 55 58 145 129 112 97 81 67 54 45 42 45 142 125 108 91 75 59 45 33 28 33 140 122 105 88 71 54 38 23 14 23 139 122 104 87 70 52 35 18 0 18 140 122 105 88 71 54 38 23 14 23 142 125 108 91 75 59 45 33 28 33
108 97 136 103 82 121 105 78 46 57 116 141 92 119 71 102 63 117 100 109 89 113 145 116 94 73 111 90 111 56 115 86 86 125 59 147 55 115 105 101 184 170 156 143 130 119 110 103 98 96 177 162 148 134 120 108 98 90 85 83 171 155 140 125 111 98 87 77 71 69 166 150 134 118 103 89 76 65 58 55 162 145 129 112 96 81 67 54 45 42 159 142 125 108 91 75 59 45 33 28 157 140 122 105 88 71 54 38 23 14 156 139 122 104 87 70 52 35 18 0 157 140 122 105 88 71 54 38 23 14 159 142 125 108 91 75 59 45 33 28
83 63 67 61 100 93 122 79 135 109 92 85 89 112 100 82 107 73 129 107 106 53 87 103 82 90 128 68 113 149 97 74 90 99 127 90 113 67 129 105 115 116 119 125 133 143 154 166 179 192 100 102 106 112 121 132 144 156 170 184 86 88 93 100 110 122 134 148 162 177 72 74 80 88 99 112 126 140 156 171 58 60 67 77 90 104 119 134 150 166 43 47 55 68 82 97 113 129 145 162 29 34 45 60 75 91 108 125 142 159 15 23 38 54 71 88 105 122 140 157 0 18 35 52 70 87 104 122 139 156 15 23 38 54 71 88 105 122 140 157
72 47 62 46 86 84 111 62 119 93 83 80 76 103 85 70 91 63 117 97 93 40 83 94 68 74 118 50 102 134 87 58 76 91 112 86 96 56 118 93 116 114 115 119 125 133 142 153 165 178 102 100 101 105 112 121 131 143 156 170 88 86 87 92 100 110 121 134 148 162 74 72 73 79 88 99 112 126 140 155 60 57 60 67 77 90 104 118 134 150 47 43 46 55 67 82 97 112 129 145 34 29 34 45 60 75 91 108 125 142 23 15 23 38 54 71 88 105 122 140 18 0 18 35 52 70 87 104 122 139 23 15 23 38 54 71 88 105 122 140
64 32 61 34 74 79 102 45 103 77 76 79 65 96 70 60 76 57 107 89 81 31 82 87 56 59 109 33 94 119 80 42 63 85 97 86 81 49 108 83 119 115 114 115 118 124 132 142 153 165 106 101 99 101 105 112 121 131 143 156 93 87 85 87 92 99 109 121 134 148 80 73 71 73 79 88 99 112 126 140 67 60 57 60 67 77 90 104 118 134 55 46 43 46 55 67 81 97 112 129 45 34 29 34 45 60 75 91 108 125 38 23 15 23 38 54 71 88 105 122 35 18 0 18 35 52 70 87 104 122 38 23 15 23 38 54 71 88 105 122
60 21 65 28 63 77 95 28 88 62 73 81 56 92 57 54 62 56 99 83 72 30 85 83 48 45 103 16 89 105 77 29 53 83 83 89 66 48 101 76 125 119 115 113 114 118 124 132 141 152 112 105 101 99 100 105 111 120 131 143 100 92 87 85 87 91 99 109 121 134 88 79 73 71 73 79 88 99 112 125 77 67 60 57 59 66 77 89 103 118 68 55 46 43 46 55 67 81 97 112 60 45 34 29 33 45 59 75 91 108 54 38 23 15 23 38 54 71 88 105 52 35 18 0 18 35 52 70 87 104 54 38 23 15 23 38 54 71 88 105
60 22 73 32 56 78 91 11 74 49 74 87 52 91 47 54 50 60 93 81 67 39 92 82 45 34 99 5 86 92 77 22 47 85 71 95 52 53 96 73 133 125 118 114 113 114 117 123 131 141 121 112 105 100 99 100 104 111 120 130 110 100 92 87 85 86 91 99 109 120 99 88 79 73 71 73 78 87 99 111 90 77 67 59 57 59 66 77 89 103 82 67 55 46 43 46 55 67 81 96 75 60 45 33 29 33 45 59 75 91 71 54 38 23 15 23 38 54 71 88 70 52 35 18 0 18 35 52 70 87 71 54 38 23 15 23 38 54 71 88
66 34 84 43 54 84 90 11 62 38 79 96 54 93 42 58 42 68 91 83 65 52 101 86 49 30 98 21 87 80 81 27 48 90 61 104 41 62 94 74 143 133 124 118 114 112 113 117 123 131 132 121 112 105 100 98 99 104 110 119 122 110 99 91 86 84 86 91 98 108 112 99 88 79 73 70 72 78 87 98 104 90 77 66 59 56 59 66 76 89 97 82 67 55 46 42 46 55 67 81 91 75 60 45 33 28 33 45 59 75 88 71 54 38 23 14 23 38 54 71 87 70 52 35 18 0 18 35 52 70 88 71 54 38 23 14 23 38 54 71
75 49 97 57 57 92 92 27 53 34 87 107 61 98 44 67 40 79 92 88 68 67 111 92 58 36 100 38 92 72 89 40 54 98 56 115 36 75 95 79 154 142 132 124 117 113 112 113 116 122 144 131 121 111 104 99 98 99 103 110 134 121 109 99 91 86 84 85 90 98 126 112 99 88 78 72 70 72 78 87 119 104 90 77 66 59 56 59 66 76 113 97 81 67 55 46 42 46 54 67 108 91 75 59 45 33 28 33 45 59 105 88 71 54 38 23 14 23 38 54 104 87 70 52 35 18 0 18 35 52 105 88 71 54 38 23 14 23 38 54
87 65 111 73 65 103 98 44 49 39 98 120 72 106 52 79 46 93 95 96 76 83 124 101 70 47 105 55 99 66 98 56 64 108 55 127 39 89 99 87 166 153 142 132 123 117 113 111 112 116 156 143 131 120 111 104 99 97 99 103 148 134 121 109 99 91 85 83 85 90 140 126 112 99 87 78 72 70 72 77 134 118 104 89 77 66 59 56 58 65 129 112 97 81 67 55 46 42 45 54 125 108 91 75 59 45 33 28 33 45 122 105 88 71 54 38 23 14 23 38 122 104 87 70 52 35 18 0 18 35 122 105 88 71 54 38 23 14 23 38
100 82 126 89 77 115 106 61 50 49 110 133 85 116 64 93 57 107 102 106 86 99 137 112 84 62 112 72 109 65 110 72 77 120 60 140 49 104 106 97 179 165 153 141 131 123 116 112 110 112 170 156 143 131 120 110 103 99 97 98 162 148 134 121 109 98 90 85 83 85 156 140 126 112 99 87 78 72 69 71 150 134 118 103 89 76 66 58 55 58 145 129 112 97 81 67 54 45 42 45 142 125 108 91 75 59 45 33 28 33 140 122 105 88 71 54 38 23 14 23 139 122 104 87 70 52 35 18 0 18 140 122 105 88 71 54 38 23 14 23
114 99 141 106 90 129 116 78 57 63 124 147 99 128 78 108 70 122 111 118 98 116 151 125 99 77 122 89 120 69 123 88 92 133 69 154 62 119 115 109 192 178 165 152 141 131 122 116 112 110 184 170 156 143 130 119 110 103 98 96 177 162 148 134 120 108 98 90 85 83 171 155 140 125 111 98 87 77 71 69 166 150 134 118 103 89 76 65 58 55 162 145 129 112 96 81 67 54 45 42 159 142 125 108 91 75 59 45 33 28 157 140 122 105 88 71 54 38 23 14 156 139 122 104 87 70 52 35 18 0 157 140 122 105 88 71 54 38 23 14
94 68 80 69 109 105 133 81 141 115 104 98 98 124 107 92 113 85 139 118 115 62 101 115 90 96 140 70 124 156 108 80 98 111 134 103 118 78 140 115 129 130 133 138 145 154 164 176 188 201 115 116 119 125 133 143 154 166 179 192 100 102 106 112 121 132 144 156 170 184 86 88 93 100 110 122 134 148 162 177 72 74 80 88 99 112 126 140 156 171 58 60 67 77 90 104 119 134 150 166 43 47 55 68 82 97 113 129 145 162 29 34 45 60 75 91 108 125 142 159 15 23 38 54 71 88 105 122 140 157 0 18 35 52 70 87 104 122 139 156
84 54 76 56 96 97 123 65 125 99 96 94 86 116 93 81 98 76 129 109 103 51 97 106 78 81 130 53 114 141 100 65 85 104 119 100 102 68 130 104 130 128 129 132 138 145 154 164 175 187 116 114 115 119 125 133 142 153 165 178 102 100 101 105 112 121 131 143 156 170 88 86 87 92 100 110 121 134 148 162 74 72 73 79 88 99 112 126 140 155 60 57 60 67 77 90 104 118 134 150 47 43 46 55 67 82 97 112 129 145 34 29 34 45 60 75 91 108 125 142 23 15 23 38 54 71 88 105 122 140 18 0 18 35 52 70 87 104 122 139
77 42 75 46 84 92 115 49 111 84 90 93 76 109 79 73 84 71 119 102 93 45 96 100 68 67 122 38 107 127 94 51 74 99 105 100 88 63 121 96 133 129 128 129 132 137 144 153 163 175 119 115 114 115 118 124 132 142 153 165 106 101 99 101 105 112 121 131 143 156 93 87 85 87 92 99 109 121 134 148 80 73 71 73 79 88 99 112 126 140 67 60 57 60 67 77 90 104 118 134 55 46 43 46 55 67 81 97 112 129 45 34 29 34 45 60 75 91 108 125 38 23 15 23 38 54 71 88 105 122 35 18 0 18 35 52 70 87 104 122
74 35 78 42 75 91 108 34 97 71 87 95 69 106 68 68 71 70 112 97 85 44 99 97 61 55 116 24 102 114 91 41 66 98 93 102 74 62 114 90 138 132 129 127 128 131 137 144 153 163 125 119 115 113 114 118 124 132 141 152 112 105 101 99 100 105 111 120 131 143 100 92 87 85 87 91 99 109 121 134 88 79 73 71 73 79 88 99 112 125 77 67 60 57 59 66 77 89 103 118 68 55 46 43 46 55 67 81 97 112 60 45 34 29 33 45 59 75 91 108 54 38 23 15 23 38 54 71 88 105 52 35 18 0 18 35 52 70 87 104
74 35 85 45 70 92 105 22 84 59 88 100 66 105 60 67 62 73 107 95 81 50 104 96 59 47 113 19 100 102 91 36 61 99 82 108 63 66 110 87 145 138 132 128 127 127 131 136 143 152 133 125 118 114 113 114 117 123 131 141 121 112 105 100 99 100 104 111 120 130 110 100 92 87 85 86 91 99 109 120 99 88 79 73 71 73 78 87 99 111 90 77 67 59 57 59 66 77 89 103 82 67 55 46 43 46 55 67 81 96 75 60 45 33 29 33 45 59 75 91 71 54 38 23 15 23 38 54 71 88 70 52 35 18 0 18 35 52 70 87
79 44 95 53 68 97 104 22 74 51 92 108 68 107 56 71 55 80 105 97 79 61 112 99 62 44 112 27 101 92 94 40 61 103 74 116 54 73 108 88 154 145 137 131 127 126 127 130 135 143 143 133 124 118 114 112 113 117 123 131 132 121 112 105 100 98 99 104 110 119 122 110 99 91 86 84 86 91 98 108 112 99 88 79 73 70 72 78 87 98 104 90 77 66 59 56 59 66 76 89 97 82 67 55 46 42 46 55 67 81 91 75 60 45 33 28 33 45 59 75 88 71 54 38 23 14 23 38 54 71 87 70 52 35 18 0 18 35 52 70
86 56 106 65 71 104 106 33 66 48 99 118 73 111 57 79 54 90 105 101 82 74 122 105 69 48 114 42 105 84 101 49 66 110 69 125 50 84 109 92 164 154 144 137 131 127 125 126 130 135 154 142 132 124 117 113 112 113 116 122 144 131 121 111 104 99 98 99 103 110 134 121 109 99 91 86 84 85 90 98 126 112 99 88 78 72 70 72 78 87 119 104 90 77 66 59 56 59 66 76 113 97 81 67 55 46 42 46 54 67 108 91 75 59 45 33 28 33 45 59 105 88 71 54 38 23 14 23 38 54 104 87 70 52 35 18 0 18 35 52
97 71 119 79 77 113 110 48 62 51 109 129 82 118 64 89 59 102 109 108 88 88 133 113 79 57 118 58 111 80 110 62 75 119 69 137 52 97 113 98 176 164 153 144 136 130 126 125 126 129 166 153 142 132 123 117 113 111 112 116 156 143 131 120 111 104 99 97 99 103 148 134 121 109 99 91 85 83 85 90 140 126 112 99 87 78 72 70 72 77 134 118 104 89 77 66 59 56 58 65 129 112 97 81 67 55 46 42 45 54 125 108 91 75 59 45 33 28 33 45 122 105 88 71 54 38 23 14 23 38 122 104 87 70 52 35 18 0 18 35
109 86 133 94 87 125 117 64 64 60 120 142 94 127 74 101 67 115 115 117 97 104 146 123 92 70 125 74 120 79 120 77 86 130 73 149 60 111 119 108 188 175 163 153 143 135 130 126 124 125 179 165 153 141 131 123 116 112 110 112 170 156 143 131 120 110 103 99 97 98 162 148 134 121 109 98 90 85 83 85 156 140 126 112 99 87 78 72 69 71 150 134 118 103 89 76 66 58 55 58 145 129 112 97 81 67 54 45 42 45 142 125 108 91 75 59 45 33 28 33 140 122 105 88 71 54 38 23 14 23 139 122 104 87 70 52 35 18 0 18
122 103 148 110 99 137 127 80 69 71 132 155 107 138 86 115 79 129 123 128 107 120 159 134 106 84 133 91 130 82 132 93 99 142 80 162 71 125 127 119 201 187 175 163 152 143 135 129 125 124 192 178 165 152 141 131 122 116 112 110 184 170 156 143 130 119 110 103 98 96 177 162 148 134 120 108 98 90 85 83 171 155 140 125 111 98 87 77 71 69 166 150 134 118 103 89 76 65 58 55 162 145 129 112 96 81 67 54 45 42 159 142 125 108 91 75 59 45 33 28 157 140 122 105 88 71 54 38 23 14 156 139 122 104 87 70 52 35 18 0
