0 83 48 74 14 7 66 36 38 72 58 75 68 25 56 29 55 54 53 69 30 44 50 76 11 21 59 48 16 32 27 65 82 13 87 64 54 14 69 74 140 125 110 96 84 73 66 62 64 70 134 118 103 88 74 62 53 49 50 58 130 113 97 81 66 52 41 35 37 47 127 110 93 76 60 44 30 21 25 38 125 108 91 73 56 39 22 8 16 32 125 108 91 73 56 39 22 8 16 33 127 110 93 76 60 44 30 22 26 38 130 113 97 81 66 52 41 35 38 47 134 119 103 88 74 62 53 49 51 58 140 125 110 97 84 74 66 63 64 70
83 0 35 10 81 89 17 51 47 11 26 26 33 58 27 54 42 35 30 31 73 39 33 11 81 70 24 35 98 53 72 36 38 75 5 20 38 93 14 44 60 48 40 39 45 56 69 84 100 116 53 38 27 25 33 47 63 79 96 112 48 31 16 12 25 42 59 76 93 110 47 30 13 8 24 41 58 75 93 110 50 35 22 20 30 45 61 78 94 111 57 44 35 34 40 52 67 82 98 115 66 56 49 47 52 62 74 88 104 119 77 68 62 62 65 73 84 97 110 125 89 81 76 76 79 85 94 106 119 132 101 94 90 90 92 98 106 116 128 141
48 35 0 26 47 55 18 20 14 24 10 33 31 24 9 21 26 16 6 29 43 6 4 29 48 37 11 1 64 19 41 29 45 41 39 18 20 59 21 41 93 79 66 55 49 49 54 64 76 91 86 71 56 44 36 35 42 54 69 84 82 65 49 34 22 22 32 47 63 80 80 62 45 28 12 10 26 43 60 77 80 63 46 29 13 12 27 43 60 78 83 66 50 36 25 24 34 48 64 80 88 72 58 46 38 37 44 56 70 85 94 80 68 58 52 51 56 66 78 92 103 90 79 70 66 65 69 77 88 100 112 101 91 84 79 79 82 89 98 109
74 10 26 0 73 80 8 43 39 6 18 21 31 50 18 46 38 26 22 24 66 30 25 11 73 62 15 27 89 44 65 29 39 67 14 11 33 85 8 38 68 54 44 38 41 49 62 76 91 107 61 46 32 25 28 39 54 70 87 103 57 40 24 11 17 33 50 67 84 101 56 39 22 6 15 32 49 66 84 101 59 43 28 19 23 37 52 69 85 102 65 51 39 33 36 45 59 74 89 106 73 61 52 47 49 56 67 81 95 111 83 72 65 61 63 68 78 89 103 117 94 85 78 75 76 81 89 99 112 125 106 98 92 89 90 94 101 110 121 134
14 81 47 73 0 15 65 31 34 70 56 78 61 25 55 27 48 56 51 72 17 44 48 73 4 11 58 47 23 29 14 69 74 7 84 64 48 15 67 79 140 125 112 100 89 81 76 74 77 83 133 118 103 90 78 68 62 60 64 71 127 111 96 81 67 56 49 47 51 60 122 106 89 74 59 45 36 33 39 50 119 102 85 69 52 37 23 19 28 43 118 101 83 66 49 32 15 6 22 39 118 101 84 67 50 33 17 10 23 40 120 103 87 70 54 39 27 24 32 45 124 107 91 76 61 49 40 38 43 54 129 113 98 84 71 60 53 51 55 64
7 89 55 80 15 0 72 41 43 78 64 82 73 31 63 35 60 60 59 75 32 50 56 82 12 24 65 54 10 37 28 72 86 16 93 71 59 8 75 80 146 131 117 103 90 80 72 67 67 71 141 125 109 94 81 68 59 54 53 59 136 119 103 87 72 58 47 40 40 47 132 115 99 82 66 50 36 27 27 36 130 113 96 79 62 45 28 14 15 29 130 113 95 78 61 44 26 9 10 27 131 114 97 80 63 47 31 19 19 32 134 117 100 84 68 53 40 32 32 41 138 121 105 90 75 62 52 46 46 52 143 127 112 98 84 73 64 59 59 64
66 17 18 8 65 72 0 36 31 8 10 23 29 42 10 38 32 20 14 23 58 23 17 14 65 55 8 19 81 37 58 27 39 59 21 6 27 77 6 37 75 62 50 43 42 48 58 72 86 102 69 53 39 29 28 36 50 65 81 97 64 48 31 17 15 28 44 60 77 94 63 46 29 11 7 24 42 59 76 94 65 48 32 19 17 29 44 61 78 95 70 55 41 32 31 38 51 66 82 98 77 63 52 45 44 50 60 73 88 103 86 74 65 59 58 62 71 82 95 109 96 85 77 73 72 76 83 92 104 117 107 98 91 87 86 89 95 103 114 126
36 51 20 43 31 41 36 0 7 40 26 53 33 15 26 10 20 34 22 48 23 19 20 43 32 20 30 20 50 7 22 48 46 26 54 37 18 44 37 59 111 97 85 75 68 65 66 72 81 93 103 88 75 63 55 51 53 60 71 84 97 81 66 53 42 37 40 49 62 76 92 76 59 44 30 23 27 40 55 71 90 73 56 39 22 9 18 34 51 68 90 72 55 38 21 6 16 33 50 67 92 75 58 42 28 20 25 38 54 70 96 80 64 50 39 34 37 47 60 75 101 87 73 61 52 48 50 57 69 82 109 95 83 72 65 62 63 69 79 91
38 47 14 39 34 43 31 7 0 36 22 46 33 14 21 9 22 27 17 42 29 12 14 39 35 24 25 14 53 6 28 41 47 29 50 31 19 47 33 53 106 92 79 69 62 59 61 67 77 90 99 84 70 57 48 45 47 56 68 82 93 77 62 47 36 31 35 46 60 75 90 73 56 40 25 17 23 38 54 71 88 71 53 36 19 3 17 34 51 69 89 72 55 38 22 12 20 36 53 70 92 75 59 44 32 26 31 43 57 73 97 81 67 54 44 40 43 52 65 79 103 89 76 65 57 54 56 63 74 87 111 98 87 77 70 68 70 76 85 96
72 11 24 6 70 78 8 40 36 0 15 26 26 48 16 44 32 28 19 29 62 29 22 7 71 59 15 25 87 42 62 33 34 64 15 13 28 83 4 43 71 59 49 44 46 54 65 79 94 109 63 49 37 30 33 43 57 72 88 105 58 42 26 16 21 35 51 68 85 102 56 39 21 4 14 32 49 66 83 101 57 41 25 14 19 34 50 67 84 101 62 47 35 28 31 41 56 71 88 104 70 57 47 42 44 52 64 78 93 109 79 68 59 56 57 63 73 86 100 114 89 80 73 70 71 76 84 95 108 122 101 92 86 84 85 89 96 106 117 130
58 26 10 18 56 64 10 26 22 15 0 30 24 33 4 29 24 20 5 29 48 15 8 19 56 45 7 11 73 27 48 31 37 50 29 13 18 68 12 43 85 72 60 52 49 52 60 71 85 99 78 63 49 39 35 39 49 63 78 94 73 56 41 27 21 27 41 56 73 89 70 53 36 19 7 19 36 53 70 87 70 53 36 19 8 20 36 53 70 88 73 57 41 28 22 28 41 57 73 90 78 64 50 40 36 40 50 64 78 94 86 73 61 53 50 53 61 72 86 100 95 83 73 67 64 66 73 82 94 108 105 94 86 80 78 80 85 94 104 116
75 26 33 21 78 82 23 53 46 26 30 0 51 53 28 51 54 22 33 8 75 35 34 32 77 69 24 33 90 51 73 13 60 71 30 18 48 88 27 18 67 51 36 23 20 30 44 61 77 94 65 48 30 14 8 23 41 58 75 92 65 48 31 16 11 25 41 58 75 93 69 53 38 27 24 33 46 62 78 95 75 60 48 40 38 44 55 68 84 99 83 70 60 53 52 56 65 77 91 105 92 81 72 67 66 69 77 87 99 113 103 93 85 81 80 83 89 98 109 121 114 105 99 95 94 96 102 109 119 131 126 118 112 109 108 110 114 121 130 141
68 33 31 31 61 73 29 33 33 26 24 51 0 46 27 41 14 43 25 51 48 35 27 23 63 50 30 31 82 38 49 54 15 57 34 34 15 75 24 65 90 80 73 69 70 75 83 94 107 120 80 68 60 55 56 62 72 84 98 113 71 57 47 41 43 51 62 76 91 107 63 48 35 27 30 40 54 70 86 103 59 42 26 14 18 33 49 66 83 100 57 40 23 6 13 30 47 65 82 99 60 43 28 17 20 34 50 67 83 100 65 50 38 31 33 42 56 71 87 104 73 60 50 45 46 53 64 78 93 108 82 71 63 59 60 65 75 87 100 115
25 58 24 50 25 31 42 15 14 48 33 53 46 0 32 6 35 31 29 47 27 20 26 52 25 18 35 23 40 9 24 45 60 19 62 40 32 36 45 55 116 101 87 75 65 58 56 59 67 78 110 94 79 65 53 45 42 46 56 69 105 89 73 57 43 32 28 35 47 62 102 85 68 52 35 21 14 25 40 57 102 84 67 50 32 15 3 21 38 55 103 85 68 52 35 21 15 25 40 57 105 89 73 57 43 32 29 35 47 62 110 94 79 65 53 45 42 47 56 69 116 101 88 75 65 58 56 60 67 78 124 110 97 86 77 72 70 73 79 89
56 27 9 18 55 63 10 26 21 16 4 28 27 32 0 28 26 17 5 26 49 13 7 21 55 45 5 9 72 27 48 28 40 49 31 11 21 67 13 40 85 71 59 50 46 49 57 68 82 96 79 63 49 38 32 36 46 60 75 91 74 57 41 27 18 24 38 53 70 87 72 55 37 20 5 16 33 51 68 85 72 55 38 22 11 19 35 51 69 86 76 60 44 31 25 29 41 56 72 88 81 67 54 43 39 42 51 63 78 93 89 76 64 56 53 55 62 73 85 100 98 86 76 70 67 68 74 83 94 107 108 98 89 83 81 82 87 95 105 116
29 54 21 46 27 35 38 10 9 44 29 51 41 6 28 0 29 31 25 46 26 17 22 47 28 18 31 20 44 4 23 44 55 21 58 38 27 39 41 55 113 99 85 74 65 59 59 63 72 83 106 91 76 63 52 46 45 51 61 74 101 85 69 54 41 32 32 40 52 67 98 81 64 48 32 19 18 30 46 62 97 79 62 45 27 10 9 26 43 60 97 80 63 46 30 16 14 28 44 61 100 83 67 52 38 28 27 36 50 65 105 89 74 60 48 41 41 47 58 72 111 96 82 70 60 55 54 59 68 80 118 105 92 81 73 68 68 72 80 90
55 42 26 38 48 60 32 20 22 32 24 54 14 35 26 29 0 41 23 52 34 28 23 32 50 37 30 26 69 26 36 54 27 44 44 36 6 62 30 65 101 90 81 75 72 74 79 88 99 111 92 79 69 61 58 60 67 77 89 103 84 69 57 48 44 47 55 67 81 96 77 61 47 35 30 34 45 59 74 91 73 56 40 25 16 23 37 53 70 87 71 54 36 19 2 17 34 51 68 86 72 55 38 23 13 21 36 53 70 87 76 60 45 33 27 31 43 58 73 90 82 68 55 45 41 44 53 65 79 95 90 77 66 58 55 57 64 75 87 101
54 35 16 26 56 60 20 34 27 28 20 22 43 31 17 31 41 0 19 16 55 15 19 34 56 48 15 16 69 31 53 15 56 50 39 15 35 66 26 26 87 72 57 44 35 34 40 52 67 82 83 66 50 35 22 20 30 45 61 78 81 64 47 29 13 8 24 41 59 76 81 64 47 31 15 12 26 42 59 76 84 68 52 37 26 25 33 47 63 79 89 74 60 48 40 38 44 56 69 84 96 82 69 59 53 52 57 66 78 91 104 92 81 72 67 66 70 77 87 100 114 102 92 85 81 80 83 89 98 109 124 114 105 98 94 94 96 102 110 120
53 30 6 22 51 59 14 22 17 19 5 33 25 29 5 25 23 19 0 30 45 11 3 23 52 41 9 7 69 23 44 31 39 45 34 15 17 64 16 43 89 76 64 55 50 52 59 69 82 96 82 67 53 42 36 38 47 60 75 90 77 61 45 31 22 26 38 53 69 86 74 57 40 23 9 16 32 49 66 83 74 57 40 23 8 15 32 49 66 83 77 60 44 30 21 25 37 52 69 85 82 66 52 41 35 37 46 59 74 90 89 75 63 54 49 51 58 68 81 96 97 85 74 67 63 64 70 79 90 103 107 96 87 80 77 78 82 90 100 112
69 31 29 24 72 75 23 48 42 29 29 8 51 47 26 46 52 16 30 0 70 30 31 35 71 63 23 29 83 46 69 6 62 65 35 18 46 81 28 15 75 58 42 28 21 26 39 54 71 87 72 55 38 21 7 17 34 51 68 85 72 55 38 21 9 18 34 51 68 85 75 59 43 30 23 27 40 55 71 88 80 65 52 41 37 40 49 62 77 92 88 74 63 54 50 53 60 71 84 98 97 84 74 67 64 66 72 81 93 106 107 96 87 81 78 80 85 93 103 115 117 108 100 95 92 94 98 105 114 125 129 120 113 108 107 107 111 117 125 135
30 73 43 66 17 32 58 23 29 62 48 75 48 27 49 26 34 55 45 70 0 41 42 64 21 12 53 42 39 25 4 69 59 18 76 59 36 31 59 80 133 119 108 97 89 84 83 84 90 98 124 110 97 86 77 71 69 71 77 87 117 102 88 75 64 57 55 58 65 76 111 95 80 65 53 44 41 45 54 67 106 90 73 58 43 32 27 33 45 60 104 87 70 53 36 21 13 23 39 55 103 86 68 51 34 17 2 19 36 54 104 87 70 53 37 22 16 24 39 56 107 91 74 59 45 34 29 35 47 61 112 96 81 67 55 46 43 47 56 69
44 39 6 30 44 50 23 19 12 29 15 35 35 20 13 17 28 15 11 30 41 0 9 34 44 34 16 5 59 17 39 30 49 37 43 21 23 55 26 41 97 82 69 57 50 47 51 60 72 86 91 75 60 47 37 34 39 50 64 79 87 70 53 38 25 20 28 42 58 75 85 67 50 33 16 6 21 38 55 72 85 68 51 34 18 10 22 39 56 73 88 71 55 40 28 24 31 44 59 76 92 77 62 49 40 37 42 53 66 81 99 85 72 61 53 51 55 63 75 88 107 94 82 73 67 65 68 75 85 97 116 104 94 86 81 79 81 87 96 106
50 33 4 25 48 56 17 20 14 22 8 34 27 26 7 22 23 19 3 31 42 9 0 26 49 38 11 5 66 20 41 32 41 43 37 18 17 61 19 44 92 78 66 56 51 52 58 68 80 94 85 70 56 44 37 38 46 58 72 88 80 63 48 33 24 25 36 51 67 83 77 60 43 26 11 14 29 46 63 80 77 60 42 25 10 12 29 46 63 80 79 63 47 32 22 23 34 50 66 82 84 68 54 42 35 36 44 57 71 87 91 77 64 54 49 49 56 66 79 93 99 86 75 67 63 63 68 77 88 101 108 97 87 80 77 77 81 88 98 110
76 11 29 11 73 82 14 43 39 7 19 32 23 52 21 47 32 34 23 35 64 34 26 0 74 62 20 30 91 45 64 39 29 67 13 19 28 86 9 49 70 58 51 48 51 60 72 85 100 116 61 48 37 34 39 49 63 78 94 111 55 39 25 20 27 41 57 74 90 107 51 34 17 6 20 37 54 71 89 106 52 35 19 10 21 38 55 72 89 106 56 41 29 24 30 43 58 75 91 108 63 50 41 38 42 52 65 80 96 112 73 62 54 52 55 63 74 87 102 117 83 74 68 66 68 75 84 96 110 124 95 87 82 80 82 87 96 106 118 132
11 81 48 73 4 12 65 32 35 71 56 77 63 25 55 28 50 56 52 71 21 44 49 74 0 13 59 47 20 29 17 68 76 7 85 65 49 13 68 78 140 126 112 99 88 79 74 72 74 80 134 118 103 90 77 67 60 58 61 68 128 112 96 81 67 55 47 44 48 57 124 107 91 74 59 45 34 30 36 47 121 104 87 70 53 37 23 16 25 40 120 103 85 68 51 34 16 3 19 37 121 103 86 69 52 36 20 12 23 39 123 106 89 73 57 42 31 26 32 45 127 110 94 79 65 52 43 40 44 54 132 116 101 87 74 63 56 54 57 65
21 70 37 62 11 24 55 20 24 59 45 69 50 18 45 18 37 48 41 63 12 34 38 62 13 0 48 37 33 18 8 61 63 8 74 54 37 25 56 72 130 116 103 91 82 75 72 73 78 87 122 107 93 80 69 62 58 60 66 76 116 100 85 71 58 49 44 46 54 66 111 95 79 63 49 37 31 34 44 58 108 91 74 58 41 26 17 22 36 52 107 90 73 55 38 21 4 15 32 50 108 91 74 57 40 24 13 19 34 51 110 94 77 61 46 33 26 30 41 56 115 98 83 68 55 45 40 42 51 63 120 105 91 77 66 58 54 56 62 73
59 24 11 15 58 65 8 30 25 15 7 24 30 35 5 31 30 15 9 23 53 16 11 20 59 48 0 12 74 30 52 25 42 52 28 7 24 70 12 36 82 68 55 46 43 46 54 67 81 96 76 60 46 34 29 33 45 59 75 91 72 55 38 23 15 22 37 54 71 88 70 53 36 18 1 17 35 52 69 86 72 55 38 23 14 22 37 54 71 88 76 60 46 34 29 33 45 59 75 91 82 68 55 46 43 46 54 67 81 96 90 78 67 59 57 59 66 76 89 103 100 88 79 73 71 72 78 87 98 111 110 100 92 87 85 86 91 98 108 120
48 35 1 27 47 54 19 20 14 25 11 33 31 23 9 20 26 16 7 29 42 5 5 30 47 37 12 0 63 19 41 29 45 41 39 18 21 59 22 41 94 79 66 56 49 49 54 63 76 90 87 72 57 44 36 35 42 54 68 83 83 66 50 35 23 21 32 46 62 79 80 63 46 29 12 9 25 42 59 77 81 63 46 30 14 11 26 43 60 77 83 67 51 36 25 24 33 47 63 80 88 73 59 46 38 37 44 55 69 85 95 81 68 58 52 51 56 65 78 91 103 90 79 71 66 65 69 77 87 100 113 101 91 84 79 79 82 89 98 109
16 98 64 89 23 10 81 50 53 87 73 90 82 40 72 44 69 69 69 83 39 59 66 91 20 33 74 63 0 47 36 79 95 25 102 80 68 10 84 87 155 140 125 111 98 86 76 70 68 70 150 134 118 103 88 75 65 57 54 56 145 128 112 96 81 66 53 44 40 44 142 125 108 91 75 59 44 32 26 31 140 123 105 88 71 54 38 22 13 21 139 122 105 87 70 53 35 18 2 18 140 123 106 89 72 55 39 24 16 23 142 125 109 92 76 60 46 35 30 34 146 130 113 98 82 68 56 47 43 46 151 135 119 105 90 78 67 60 57 59
32 53 19 44 29 37 37 7 6 42 27 51 38 9 27 4 26 31 23 46 25 17 20 45 29 18 30 19 47 0 23 45 52 23 56 37 23 41 39 56 112 98 85 74 65 61 61 66 75 87 105 89 75 62 52 47 48 54 65 78 99 83 67 53 41 33 34 43 56 71 96 79 62 46 31 20 21 34 49 66 94 77 59 42 25 8 12 29 46 63 94 77 60 43 26 12 15 30 47 64 97 80 64 48 34 25 26 37 51 67 101 85 70 56 45 39 39 47 59 73 107 93 79 67 57 52 53 59 69 81 115 101 89 78 70 66 67 71 80 91
27 72 41 65 14 28 58 22 28 62 48 73 49 24 48 23 36 53 44 69 4 39 41 64 17 8 52 41 36 23 0 67 61 15 76 58 37 28 59 78 132 119 107 96 87 82 79 81 86 94 124 110 96 85 75 68 66 67 74 83 117 102 88 74 63 55 52 54 62 73 112 96 80 65 52 42 38 41 51 64 108 91 74 58 43 30 24 29 42 57 106 88 71 54 37 21 10 20 36 52 105 88 71 53 36 19 5 18 35 52 107 90 73 56 40 26 19 25 39 55 110 94 78 62 48 37 33 36 47 61 115 99 84 71 59 50 46 49 57 69
65 36 29 29 69 72 27 48 41 33 31 13 54 45 28 44 54 15 31 6 69 30 32 39 68 61 25 29 79 45 67 0 65 63 40 21 48 78 32 12 80 63 47 32 21 22 33 49 65 82 78 60 43 26 10 11 28 45 62 80 78 61 44 27 12 14 29 46 63 80 81 64 49 35 25 26 36 50 66 83 86 71 57 45 38 39 46 58 72 87 93 79 67 58 52 52 58 68 80 94 102 89 78 70 66 66 71 79 90 102 111 100 91 84 80 80 84 91 100 112 122 112 103 97 94 94 97 103 111 122 133 124 116 111 108 108 111 116 123 133
82 38 45 39 74 86 39 46 47 34 37 60 15 60 40 55 27 56 39 62 59 49 41 29 76 63 42 45 95 52 61 65 0 70 37 45 29 88 34 76 88 81 76 76 80 86 96 108 121 134 76 67 62 62 66 75 86 98 112 127 65 55 49 48 54 64 76 90 106 121 56 43 35 34 42 54 69 84 100 117 49 33 22 21 32 47 63 80 97 114 45 28 11 10 26 43 60 78 95 112 46 29 14 13 27 44 61 78 95 112 51 36 26 25 35 49 65 81 98 114 59 47 39 39 46 57 71 86 102 118 69 59 53 53 58 67 79 93 108 123
13 75 41 67 7 16 59 26 29 64 50 71 57 19 49 21 44 50 45 65 18 37 43 67 7 8 52 41 25 23 15 63 70 0 79 58 43 19 61 72 134 119 106 93 82 74 70 69 73 80 127 112 97 83 71 62 56 55 60 69 122 105 90 75 61 50 42 42 48 59 118 101 84 68 53 39 29 28 37 50 115 98 81 64 47 31 17 15 28 44 114 97 80 62 45 28 11 8 25 42 115 98 81 64 48 32 18 17 29 45 118 101 85 69 54 40 31 30 38 51 122 106 91 76 62 51 44 44 49 60 128 113 98 85 73 63 58 57 62 70
87 5 39 14 84 93 21 54 50 15 29 30 34 62 31 58 44 39 34 35 76 43 37 13 85 74 28 39 102 56 76 40 37 79 0 25 41 97 18 47 58 46 40 40 48 59 73 88 104 120 49 35 26 27 37 51 67 83 100 117 44 27 13 15 30 46 63 80 97 115 43 25 9 11 28 45 62 80 97 114 46 31 20 21 33 48 65 82 99 116 53 41 33 34 42 55 70 86 102 118 63 53 47 48 54 64 77 92 107 123 74 66 61 61 66 75 86 100 114 129 86 79 75 75 79 87 97 109 122 136 99 93 89 89 93 99 108 118 131 144
64 20 18 11 64 71 6 37 31 13 13 18 34 40 11 38 36 15 15 18 59 21 18 19 65 54 7 18 80 37 58 21 45 58 25 0 30 76 12 32 76 62 49 40 37 42 53 66 81 97 70 54 39 27 23 31 44 60 76 93 67 50 33 17 9 22 39 56 73 90 67 50 33 16 7 22 39 56 73 90 70 53 38 25 20 29 43 59 75 92 75 60 47 37 34 40 51 65 80 96 82 69 58 50 48 52 61 73 87 102 91 80 70 64 62 65 73 83 95 109 102 91 83 78 76 79 85 94 105 117 113 103 96 92 90 92 97 105 115 127
54 38 20 33 48 59 27 18 19 28 18 48 15 32 21 27 6 35 17 46 36 23 17 28 49 37 24 21 68 23 37 48 29 43 41 30 0 61 25 60 98 86 76 69 66 68 74 83 94 107 89 76 64 56 52 54 62 72 85 99 81 67 53 43 38 41 50 63 78 93 76 59 44 31 24 29 41 56 72 88 72 55 38 22 11 19 35 51 68 86 72 55 37 20 5 16 33 51 68 85 74 57 41 27 19 24 38 54 70 87 79 63 49 38 33 36 46 60 75 91 86 72 60 51 47 49 57 68 82 97 94 82 71 64 61 62 69 78 90 104
14 93 59 85 15 8 77 44 47 83 68 88 75 36 67 39 62 66 64 81 31 55 61 86 13 25 70 59 10 41 28 78 88 19 97 76 61 0 79 87 152 137 122 109 97 87 79 74 74 77 145 130 114 100 87 75 66 61 60 64 140 124 108 92 78 65 54 47 46 52 136 119 103 86 71 56 43 34 33 40 133 116 99 82 65 49 34 21 19 30 132 115 98 80 63 46 29 12 8 25 133 115 98 81 64 47 30 15 12 27 134 117 100 84 67 51 37 26 25 34 138 121 105 89 73 59 47 39 38 45 142 126 111 96 81 69 59 53 52 57
69 14 21 8 67 75 6 37 33 4 12 27 24 45 13 41 30 26 16 28 59 26 19 9 68 56 12 22 84 39 59 32 34 61 18 12 25 79 0 42 74 61 51 46 46 53 64 77 92 107 67 52 39 32 33 42 55 70 86 102 61 45 30 18 20 33 49 65 82 99 59 42 24 7 12 29 46 63 81 98 60 43 27 14 16 31 47 64 81 99 64 49 35 27 28 38 53 68 84 101 71 58 47 41 42 49 61 75 90 105 80 68 59 55 55 61 71 83 97 111 90 80 72 69 69 74 82 92 105 119 101 92 86 83 83 87 94 103 114 127
74 44 41 38 79 80 37 59 53 43 43 18 65 55 40 55 65 26 43 15 80 41 44 49 78 72 36 41 87 56 78 12 76 72 47 32 60 87 42 0 78 60 43 26 11 12 28 45 62 80 78 60 43 26 11 12 28 45 62 80 80 64 48 33 23 24 35 49 66 82 85 70 56 44 36 37 45 57 71 87 92 78 65 56 50 50 56 66 79 93 100 88 77 68 64 64 69 77 88 101 110 98 89 82 78 78 82 89 99 110 120 110 101 95 92 92 95 101 110 120 131 122 114 109 106 106 108 114 121 131 143 134 127 122 120 120 122 127 134 142
140 60 93 68 140 146 75 111 106 71 85 67 90 116 85 113 101 87 89 75 133 97 92 70 140 130 82 94 155 112 132 80 88 134 58 76 98 152 74 78 0 18 35 52 70 87 104 122 139 156 15 23 38 54 71 88 105 122 140 157 29 34 45 60 75 91 108 125 142 159 43 47 55 68 82 97 113 129 145 162 58 60 67 77 90 104 119 134 150 166 72 74 80 88 99 112 126 140 156 171 86 88 93 100 110 122 134 148 162 177 100 102 106 112 121 132 144 156 170 184 115 116 119 125 133 143 154 166 179 192 129 130 133 138 145 154 164 176 188 201
125 48 79 54 125 131 62 97 92 59 72 51 80 101 71 99 90 72 76 58 119 82 78 58 126 116 68 79 140 98 119 63 81 119 46 62 86 137 61 60 18 0 18 35 52 70 87 104 122 139 23 15 23 38 54 71 88 105 122 140 34 29 34 45 60 75 91 108 125 142 47 43 46 55 67 82 97 112 129 145 60 57 60 67 77 90 104 118 134 150 74 72 73 79 88 99 112 126 140 155 88 86 87 92 100 110 121 134 148 162 102 100 101 105 112 121 131 143 156 170 116 114 115 119 125 133 142 153 165 178 130 128 129 132 138 145 154 164 175 187
110 40 66 44 112 117 50 85 79 49 60 36 73 87 59 85 81 57 64 42 108 69 66 51 112 103 55 66 125 85 107 47 76 106 40 49 76 122 51 43 35 18 0 18 35 52 70 87 104 122 38 23 15 23 38 54 71 88 105 122 45 34 29 34 45 60 75 91 108 125 55 46 43 46 55 67 81 97 112 129 67 60 57 60 67 77 90 104 118 134 80 73 71 73 79 88 99 112 126 140 93 87 85 87 92 99 109 121 134 148 106 101 99 101 105 112 121 131 143 156 119 115 114 115 118 124 132 142 153 165 133 129 128 129 132 137 144 153 163 175
96 39 55 38 100 103 43 75 69 44 52 23 69 75 50 74 75 44 55 28 97 57 56 48 99 91 46 56 111 74 96 32 76 93 40 40 69 109 46 26 52 35 18 0 18 35 52 70 87 104 54 38 23 15 23 38 54 71 88 105 60 45 34 29 33 45 59 75 91 108 68 55 46 43 46 55 67 81 97 112 77 67 60 57 59 66 77 89 103 118 88 79 73 71 73 79 88 99 112 125 100 92 87 85 87 91 99 109 121 134 112 105 101 99 100 105 111 120 131 143 125 119 115 113 114 118 124 132 141 152 138 132 129 127 128 131 137 144 153 163
84 45 49 41 89 90 42 68 62 46 49 20 70 65 46 65 72 35 50 21 89 50 51 51 88 82 43 49 98 65 87 21 80 82 48 37 66 97 46 11 70 52 35 18 0 18 35 52 70 87 71 54 38 23 15 23 38 54 71 88 75 60 45 33 29 33 45 59 75 91 82 67 55 46 43 46 55 67 81 96 90 77 67 59 57 59 66 77 89 103 99 88 79 73 71 73 78 87 99 111 110 100 92 87 85 86 91 99 109 120 121 112 105 100 99 100 104 111 120 130 133 125 118 114 113 114 117 123 131 141 145 138 132 128 127 127 131 136 143 152
73 56 49 49 81 80 48 65 59 54 52 30 75 58 49 59 74 34 52 26 84 47 52 60 79 75 46 49 86 61 82 22 86 74 59 42 68 87 53 12 87 70 52 35 18 0 18 35 52 70 88 71 54 38 23 14 23 38 54 71 91 75 60 45 33 28 33 45 59 75 97 82 67 55 46 42 46 55 67 81 104 90 77 66 59 56 59 66 76 89 112 99 88 79 73 70 72 78 87 98 122 110 99 91 86 84 86 91 98 108 132 121 112 105 100 98 99 104 110 119 143 133 124 118 114 112 113 117 123 131 154 145 137 131 127 126 127 130 135 143
66 69 54 62 76 72 58 66 61 65 60 44 83 56 57 59 79 40 59 39 83 51 58 72 74 72 54 54 76 61 79 33 96 70 73 53 74 79 64 28 104 87 70 52 35 18 0 18 35 52 105 88 71 54 38 23 14 23 38 54 108 91 75 59 45 33 28 33 45 59 113 97 81 67 55 46 42 46 54 67 119 104 90 77 66 59 56 59 66 76 126 112 99 88 78 72 70 72 78 87 134 121 109 99 91 86 84 85 90 98 144 131 121 111 104 99 98 99 103 110 154 142 132 124 117 113 112 113 116 122 164 154 144 137 131 127 125 126 130 135
62 84 64 76 74 67 72 72 67 79 71 61 94 59 68 63 88 52 69 54 84 60 68 85 72 73 67 63 70 66 81 49 108 69 88 66 83 74 77 45 122 104 87 70 52 35 18 0 18 35 122 105 88 71 54 38 23 14 23 38 125 108 91 75 59 45 33 28 33 45 129 112 97 81 67 55 46 42 45 54 134 118 104 89 77 66 59 56 58 65 140 126 112 99 87 78 72 70 72 77 148 134 121 109 99 91 85 83 85 90 156 143 131 120 111 104 99 97 99 103 166 153 142 132 123 117 113 111 112 116 176 164 153 144 136 130 126 125 126 129
64 100 76 91 77 67 86 81 77 94 85 77 107 67 82 72 99 67 82 71 90 72 80 100 74 78 81 76 68 75 86 65 121 73 104 81 94 74 92 62 139 122 104 87 70 52 35 18 0 18 140 122 105 88 71 54 38 23 14 23 142 125 108 91 75 59 45 33 28 33 145 129 112 97 81 67 54 45 42 45 150 134 118 103 89 76 66 58 55 58 156 140 126 112 99 87 78 72 69 71 162 148 134 121 109 98 90 85 83 85 170 156 143 131 120 110 103 99 97 98 179 165 153 141 131 123 116 112 110 112 188 175 163 153 143 135 130 126 124 125
70 116 91 107 83 71 102 93 90 109 99 94 120 78 96 83 111 82 96 87 98 86 94 116 80 87 96 90 70 87 94 82 134 80 120 97 107 77 107 80 156 139 122 104 87 70 52 35 18 0 157 140 122 105 88 71 54 38 23 14 159 142 125 108 91 75 59 45 33 28 162 145 129 112 96 81 67 54 45 42 166 150 134 118 103 89 76 65 58 55 171 155 140 125 111 98 87 77 71 69 177 162 148 134 120 108 98 90 85 83 184 170 156 143 130 119 110 103 98 96 192 178 165 152 141 131 122 116 112 110 201 187 175 163 152 143 135 129 125 124
134 53 86 61 133 141 69 103 99 63 78 65 80 110 79 106 92 83 82 72 124 91 85 61 134 122 76 87 150 105 124 78 76 127 49 70 89 145 67 78 15 23 38 54 71 88 105 122 140 157 0 18 35 52 70 87 104 122 139 156 15 23 38 54 71 88 105 122 140 157 29 34 45 60 75 91 108 125 142 159 43 47 55 68 82 97 113 129 145 162 58 60 67 77 90 104 119 134 150 166 72 74 80 88 99 112 126 140 156 171 86 88 93 100 110 122 134 148 162 177 100 102 106 112 121 132 144 156 170 184 115 116 119 125 133 143 154 166 179 192
118 38 71 46 118 125 53 88 84 49 63 48 68 94 63 91 79 66 67 55 110 75 70 48 118 107 60 72 134 89 110 60 67 112 35 54 76 130 52 60 23 15 23 38 54 71 88 105 122 140 18 0 18 35 52 70 87 104 122 139 23 15 23 38 54 71 88 105 122 140 34 29 34 45 60 75 91 108 125 142 47 43 46 55 67 82 97 112 129 145 60 57 60 67 77 90 104 118 134 150 74 72 73 79 88 99 112 126 140 155 88 86 87 92 100 110 121 134 148 162 102 100 101 105 112 121 131 143 156 170 116 114 115 119 125 133 142 153 165 178
103 27 56 32 103 109 39 75 70 37 49 30 60 79 49 76 69 50 53 38 97 60 56 37 103 93 46 57 118 75 96 43 62 97 26 39 64 114 39 43 38 23 15 23 38 54 71 88 105 122 35 18 0 18 35 52 70 87 104 122 38 23 15 23 38 54 71 88 105 122 45 34 29 34 45 60 75 91 108 125 55 46 43 46 55 67 81 97 112 129 67 60 57 60 67 77 90 104 118 134 80 73 71 73 79 88 99 112 126 140 93 87 85 87 92 99 109 121 134 148 106 101 99 101 105 112 121 131 143 156 119 115 114 115 118 124 132 142 153 165
88 25 44 25 90 94 29 63 57 30 39 14 55 65 38 63 61 35 42 21 86 47 44 34 90 80 34 44 103 62 85 26 62 83 27 27 56 100 32 26 54 38 23 15 23 38 54 71 88 105 52 35 18 0 18 35 52 70 87 104 54 38 23 15 23 38 54 71 88 105 60 45 34 29 33 45 59 75 91 108 68 55 46 43 46 55 67 81 97 112 77 67 60 57 59 66 77 89 103 118 88 79 73 71 73 79 88 99 112 125 100 92 87 85 87 91 99 109 121 134 112 105 101 99 100 105 111 120 131 143 125 119 115 113 114 118 124 132 141 152
74 33 36 28 78 81 28 55 48 33 35 8 56 53 32 52 58 22 36 7 77 37 37 39 77 69 29 36 88 52 75 10 66 71 37 23 52 87 33 11 71 54 38 23 15 23 38 54 71 88 70 52 35 18 0 18 35 52 70 87 71 54 38 23 15 23 38 54 71 88 75 60 45 33 29 33 45 59 75 91 82 67 55 46 43 46 55 67 81 96 90 77 67 59 57 59 66 77 89 103 99 88 79 73 71 73 78 87 99 111 110 100 92 87 85 86 91 99 109 120 121 112 105 100 99 100 104 111 120 130 133 125 118 114 113 114 117 123 131 141
62 47 35 39 68 68 36 51 45 43 39 23 62 45 36 46 60 20 38 17 71 34 38 49 67 62 33 35 75 47 68 11 75 62 51 31 54 75 42 12 88 71 54 38 23 14 23 38 54 71 87 70 52 35 18 0 18 35 52 70 88 71 54 38 23 14 23 38 54 71 91 75 60 45 33 28 33 45 59 75 97 82 67 55 46 42 46 55 67 81 104 90 77 66 59 56 59 66 76 89 112 99 88 79 73 70 72 78 87 98 122 110 99 91 86 84 86 91 98 108 132 121 112 105 100 98 99 104 110 119 143 133 124 118 114 112 113 117 123 131
53 63 42 54 62 59 50 53 47 57 49 41 72 42 46 45 67 30 47 34 69 39 46 63 60 58 45 42 65 48 66 28 86 56 67 44 62 66 55 28 105 88 71 54 38 23 14 23 38 54 104 87 70 52 35 18 0 18 35 52 105 88 71 54 38 23 14 23 38 54 108 91 75 59 45 33 28 33 45 59 113 97 81 67 55 46 42 46 54 67 119 104 90 77 66 59 56 59 66 76 126 112 99 88 78 72 70 72 78 87 134 121 109 99 91 86 84 85 90 98 144 131 121 111 104 99 98 99 103 110 154 142 132 124 117 113 112 113 116 122
49 79 54 70 60 54 65 60 56 72 63 58 84 46 60 51 77 45 60 51 71 50 58 78 58 60 59 54 57 54 67 45 98 55 83 60 72 61 70 45 122 105 88 71 54 38 23 14 23 38 122 104 87 70 52 35 18 0 18 35 122 105 88 71 54 38 23 14 23 38 125 108 91 75 59 45 33 28 33 45 129 112 97 81 67 55 46 42 45 54 134 118 104 89 77 66 59 56 58 65 140 126 112 99 87 78 72 70 72 77 148 134 121 109 99 91 85 83 85 90 156 143 131 120 111 104 99 97 99 103 166 153 142 132 123 117 113 111 112 116
50 96 69 87 64 53 81 71 68 88 78 75 98 56 75 61 89 61 75 68 77 64 72 94 61 66 75 68 54 65 74 62 112 60 100 76 85 60 86 62 140 122 105 88 71 54 38 23 14 23 139 122 104 87 70 52 35 18 0 18 140 122 105 88 71 54 38 23 14 23 142 125 108 91 75 59 45 33 28 33 145 129 112 97 81 67 54 45 42 45 150 134 118 103 89 76 66 58 55 58 156 140 126 112 99 87 78 72 69 71 162 148 134 121 109 98 90 85 83 85 170 156 143 131 120 110 103 99 97 98 179 165 153 141 131 123 116 112 110 112
58 112 84 103 71 59 97 84 82 105 94 92 113 69 91 74 103 78 90 85 87 79 88 111 68 76 91 83 56 78 83 80 127 69 117 93 99 64 102 80 157 140 122 105 88 71 54 38 23 14 156 139 122 104 87 70 52 35 18 0 157 140 122 105 88 71 54 38 23 14 159 142 125 108 91 75 59 45 33 28 162 145 129 112 96 81 67 54 45 42 166 150 134 118 103 89 76 65 58 55 171 155 140 125 111 98 87 77 71 69 177 162 148 134 120 108 98 90 85 83 184 170 156 143 130 119 110 103 98 96 192 178 165 152 141 131 122 116 112 110
130 48 82 57 127 136 64 97 93 58 73 65 71 105 74 101 84 81 77 72 117 87 80 55 128 116 72 83 145 99 117 78 65 122 44 67 81 140 61 80 29 34 45 60 75 91 108 125 142 159 15 23 38 54 71 88 105 122 140 157 0 18 35 52 70 87 104 122 139 156 15 23 38 54 71 88 105 122 140 157 29 34 45 60 75 91 108 125 142 159 43 47 55 68 82 97 113 129 145 162 58 60 67 77 90 104 119 134 150 166 72 74 80 88 99 112 126 140 156 171 86 88 93 100 110 122 134 148 162 177 100 102 106 112 121 132 144 156 170 184
113 31 65 40 111 119 48 81 77 42 56 48 57 89 57 85 69 64 61 55 102 70 63 39 112 100 55 66 128 83 102 61 55 105 27 50 67 124 45 64 34 29 34 45 60 75 91 108 125 142 23 15 23 38 54 71 88 105 122 140 18 0 18 35 52 70 87 104 122 139 23 15 23 38 54 71 88 105 122 140 34 29 34 45 60 75 91 108 125 142 47 43 46 55 67 82 97 112 129 145 60 57 60 67 77 90 104 118 134 150 74 72 73 79 88 99 112 126 140 155 88 86 87 92 100 110 121 134 148 162 102 100 101 105 112 121 131 143 156 170
97 16 49 24 96 103 31 66 62 26 41 31 47 73 41 69 57 47 45 38 88 53 48 25 96 85 38 50 112 67 88 44 49 90 13 33 53 108 30 48 45 34 29 34 45 60 75 91 108 125 38 23 15 23 38 54 71 88 105 122 35 18 0 18 35 52 70 87 104 122 38 23 15 23 38 54 71 88 105 122 45 34 29 34 45 60 75 91 108 125 55 46 43 46 55 67 81 97 112 129 67 60 57 60 67 77 90 104 118 134 80 73 71 73 79 88 99 112 126 140 93 87 85 87 92 99 109 121 134 148 106 101 99 101 105 112 121 131 143 156
81 12 34 11 81 87 17 53 47 16 27 16 41 57 27 54 48 29 31 21 75 38 33 20 81 71 23 35 96 53 74 27 48 75 15 17 43 92 18 33 60 45 34 29 33 45 59 75 91 108 54 38 23 15 23 38 54 71 88 105 52 35 18 0 18 35 52 70 87 104 54 38 23 15 23 38 54 71 88 105 60 45 34 29 33 45 59 75 91 108 68 55 46 43 46 55 67 81 97 112 77 67 60 57 59 66 77 89 103 118 88 79 73 71 73 79 88 99 112 125 100 92 87 85 87 91 99 109 121 134 112 105 101 99 100 105 111 120 131 143
66 25 22 17 67 72 15 42 36 21 21 11 43 43 18 41 44 13 22 9 64 25 24 27 67 58 15 23 81 41 63 12 54 61 30 9 38 78 20 23 75 60 45 33 29 33 45 59 75 91 71 54 38 23 15 23 38 54 71 88 70 52 35 18 0 18 35 52 70 87 71 54 38 23 15 23 38 54 71 88 75 60 45 33 29 33 45 59 75 91 82 67 55 46 43 46 55 67 81 96 90 77 67 59 57 59 66 77 89 103 99 88 79 73 71 73 78 87 99 111 110 100 92 87 85 86 91 99 109 120 121 112 105 100 99 100 104 111 120 130
52 42 22 33 56 58 28 37 31 35 27 25 51 32 24 32 47 8 26 18 57 20 25 41 55 49 22 21 66 33 55 14 64 50 46 22 41 65 33 24 91 75 60 45 33 28 33 45 59 75 88 71 54 38 23 14 23 38 54 71 87 70 52 35 18 0 18 35 52 70 88 71 54 38 23 14 23 38 54 71 91 75 60 45 33 28 33 45 59 75 97 82 67 55 46 42 46 55 67 81 104 90 77 66 59 56 59 66 76 89 112 99 88 79 73 70 72 78 87 98 122 110 99 91 86 84 86 91 98 108 132 121 112 105 100 98 99 104 110 119
41 59 32 50 49 47 44 40 35 51 41 41 62 28 38 32 55 24 38 34 55 28 36 57 47 44 37 32 53 34 52 29 76 42 63 39 50 54 49 35 108 91 75 59 45 33 28 33 45 59 105 88 71 54 38 23 14 23 38 54 104 87 70 52 35 18 0 18 35 52 105 88 71 54 38 23 14 23 38 54 108 91 75 59 45 33 28 33 45 59 113 97 81 67 55 46 42 46 54 67 119 104 90 77 66 59 56 59 66 76 126 112 99 88 78 72 70 72 78 87 134 121 109 99 91 86 84 85 90 98 144 131 121 111 104 99 98 99 103 110
35 76 47 67 47 40 60 49 46 68 56 58 76 35 53 40 67 41 53 51 58 42 51 74 44 46 54 46 44 43 54 46 90 42 80 56 63 47 65 49 125 108 91 75 59 45 33 28 33 45 122 105 88 71 54 38 23 14 23 38 122 104 87 70 52 35 18 0 18 35 122 105 88 71 54 38 23 14 23 38 125 108 91 75 59 45 33 28 33 45 129 112 97 81 67 55 46 42 45 54 134 118 104 89 77 66 59 56 58 65 140 126 112 99 87 78 72 70 72 77 148 134 121 109 99 91 85 83 85 90 156 143 131 120 111 104 99 97 99 103
37 93 63 84 51 40 77 62 60 85 73 75 91 47 70 52 81 59 69 68 65 58 67 90 48 54 71 62 40 56 62 63 106 48 97 73 78 46 82 66 142 125 108 91 75 59 45 33 28 33 140 122 105 88 71 54 38 23 14 23 139 122 104 87 70 52 35 18 0 18 140 122 105 88 71 54 38 23 14 23 142 125 108 91 75 59 45 33 28 33 145 129 112 97 81 67 54 45 42 45 150 134 118 103 89 76 66 58 55 58 156 140 126 112 99 87 78 72 69 71 162 148 134 121 109 98 90 85 83 85 170 156 143 131 120 110 103 99 97 98
47 110 80 101 60 47 94 76 75 102 89 93 107 62 87 67 96 76 86 85 76 75 83 107 57 66 88 79 44 71 73 80 121 59 115 90 93 52 99 82 159 142 125 108 91 75 59 45 33 28 157 140 122 105 88 71 54 38 23 14 156 139 122 104 87 70 52 35 18 0 157 140 122 105 88 71 54 38 23 14 159 142 125 108 91 75 59 45 33 28 162 145 129 112 96 81 67 54 45 42 166 150 134 118 103 89 76 65 58 55 171 155 140 125 111 98 87 77 71 69 177 162 148 134 120 108 98 90 85 83 184 170 156 143 130 119 110 103 98 96
127 47 80 56 122 132 63 92 90 56 70 69 63 102 72 98 77 81 74 75 111 85 77 51 124 111 70 80 142 96 112 81 56 118 43 67 76 136 59 85 43 47 55 68 82 97 113 129 145 162 29 34 45 60 75 91 108 125 142 159 15 23 38 54 71 88 105 122 140 157 0 18 35 52 70 87 104 122 139 156 15 23 38 54 71 88 105 122 140 157 29 34 45 60 75 91 108 125 142 159 43 47 55 68 82 97 113 129 145 162 58 60 67 77 90 104 119 134 150 166 72 74 80 88 99 112 126 140 156 171 86 88 93 100 110 122 134 148 162 177
110 30 62 39 106 115 46 76 73 39 53 53 48 85 55 81 61 64 57 59 95 67 60 34 107 95 53 63 125 79 96 64 43 101 25 50 59 119 42 70 47 43 46 55 67 82 97 112 129 145 34 29 34 45 60 75 91 108 125 142 23 15 23 38 54 71 88 105 122 140 18 0 18 35 52 70 87 104 122 139 23 15 23 38 54 71 88 105 122 140 34 29 34 45 60 75 91 108 125 142 47 43 46 55 67 82 97 112 129 145 60 57 60 67 77 90 104 118 134 150 74 72 73 79 88 99 112 126 140 155 88 86 87 92 100 110 121 134 148 162
93 13 45 22 89 99 29 59 56 21 36 38 35 68 37 64 47 47 40 43 80 50 43 17 91 79 36 46 108 62 80 49 35 84 9 33 44 103 24 56 55 46 43 46 55 67 81 97 112 129 45 34 29 34 45 60 75 91 108 125 38 23 15 23 38 54 71 88 105 122 35 18 0 18 35 52 70 87 104 122 38 23 15 23 38 54 71 88 105 122 45 34 29 34 45 60 75 91 108 125 55 46 43 46 55 67 81 97 112 129 67 60 57 60 67 77 90 104 118 134 80 73 71 73 79 88 99 112 126 140 93 87 85 87 92 99 109 121 134 148
76 8 28 6 74 82 11 44 40 4 19 27 27 52 20 48 35 31 23 30 65 33 26 6 74 63 18 29 91 46 65 35 34 68 11 16 31 86 7 44 68 55 46 43 46 55 67 81 97 112 60 45 34 29 33 45 59 75 91 108 54 38 23 15 23 38 54 71 88 105 52 35 18 0 18 35 52 70 87 104 54 38 23 15 23 38 54 71 88 105 60 45 34 29 33 45 59 75 91 108 68 55 46 43 46 55 67 81 97 112 77 67 60 57 59 66 77 89 103 118 88 79 73 71 73 79 88 99 112 125 100 92 87 85 87 91 99 109 121 134
60 24 12 15 59 66 7 30 25 14 7 24 30 35 5 32 30 15 9 23 53 16 11 20 59 49 1 12 75 31 52 25 42 53 28 7 24 71 12 36 82 67 55 46 43 46 55 67 81 96 75 60 45 33 29 33 45 59 75 91 71 54 38 23 15 23 38 54 71 88 70 52 35 18 0 18 35 52 70 87 71 54 38 23 15 23 38 54 71 88 75 60 45 33 29 33 45 59 75 91 82 67 55 46 43 46 55 67 81 96 90 77 67 59 57 59 66 77 89 103 99 88 79 73 71 73 78 87 99 111 110 100 92 87 85 86 91 99 109 120
44 41 10 32 45 50 24 23 17 32 19 33 40 21 16 19 34 12 16 27 44 6 14 37 45 37 17 9 59 20 42 26 54 39 45 22 29 56 29 37 97 82 67 55 46 42 46 55 67 81 91 75 60 45 33 28 33 45 59 75 88 71 54 38 23 14 23 38 54 71 87 70 52 35 18 0 18 35 52 70 88 71 54 38 23 14 23 38 54 71 91 75 60 45 33 28 33 45 59 75 97 82 67 55 46 42 46 55 67 81 104 90 77 66 59 56 59 66 76 89 112 99 88 79 73 70 72 78 87 98 122 110 99 91 86 84 86 91 98 108
30 58 26 49 36 36 42 27 23 49 36 46 54 14 33 18 45 26 32 40 41 21 29 54 34 31 35 25 44 21 38 36 69 29 62 39 41 43 46 45 113 97 81 67 55 46 42 46 54 67 108 91 75 59 45 33 28 33 45 59 105 88 71 54 38 23 14 23 38 54 104 87 70 52 35 18 0 18 35 52 105 88 71 54 38 23 14 23 38 54 108 91 75 59 45 33 28 33 45 59 113 97 81 67 55 46 42 46 54 67 119 104 90 77 66 59 56 59 66 76 126 112 99 88 78 72 70 72 78 87 134 121 109 99 91 86 84 85 90 98
21 75 43 66 33 27 59 40 38 66 53 62 70 25 51 30 59 42 49 55 45 38 46 71 30 34 52 42 32 34 41 50 84 28 80 56 56 34 63 57 129 112 97 81 67 55 46 42 45 54 125 108 91 75 59 45 33 28 33 45 122 105 88 71 54 38 23 14 23 38 122 104 87 70 52 35 18 0 18 35 122 105 88 71 54 38 23 14 23 38 125 108 91 75 59 45 33 28 33 45 129 112 97 81 67 55 46 42 45 54 134 118 104 89 77 66 59 56 58 65 140 126 112 99 87 78 72 70 72 77 148 134 121 109 99 91 85 83 85 90
25 93 60 84 39 27 76 55 54 83 70 78 86 40 68 46 74 59 66 71 54 55 63 89 36 44 69 59 26 49 51 66 100 37 97 73 72 33 81 71 145 129 112 97 81 67 54 45 42 45 142 125 108 91 75 59 45 33 28 33 140 122 105 88 71 54 38 23 14 23 139 122 104 87 70 52 35 18 0 18 140 122 105 88 71 54 38 23 14 23 142 125 108 91 75 59 45 33 28 33 145 129 112 97 81 67 54 45 42 45 150 134 118 103 89 76 66 58 55 58 156 140 126 112 99 87 78 72 69 71 162 148 134 121 109 98 90 85 83 85
38 110 77 101 50 36 94 71 71 101 87 95 103 57 85 62 91 76 83 88 67 72 80 106 47 58 86 77 31 66 64 83 117 50 114 90 88 40 98 87 162 145 129 112 96 81 67 54 45 42 159 142 125 108 91 75 59 45 33 28 157 140 122 105 88 71 54 38 23 14 156 139 122 104 87 70 52 35 18 0 157 140 122 105 88 71 54 38 23 14 159 142 125 108 91 75 59 45 33 28 162 145 129 112 96 81 67 54 45 42 166 150 134 118 103 89 76 65 58 55 171 155 140 125 111 98 87 77 71 69 177 162 148 134 120 108 98 90 85 83
125 50 80 59 119 130 65 90 88 57 70 75 59 102 72 97 73 84 74 80 106 85 77 52 121 108 72 81 140 94 108 86 49 115 46 70 72 133 60 92 58 60 67 77 90 104 119 134 150 166 43 47 55 68 82 97 113 129 145 162 29 34 45 60 75 91 108 125 142 159 15 23 38 54 71 88 105 122 140 157 0 18 35 52 70 87 104 122 139 156 15 23 38 54 71 88 105 122 140 157 29 34 45 60 75 91 108 125 142 159 43 47 55 68 82 97 113 129 145 162 58 60 67 77 90 104 119 134 150 166 72 74 80 88 99 112 126 140 156 171
108 35 63 43 102 113 48 73 71 41 53 60 42 84 55 79 56 68 57 65 90 68 60 35 104 91 55 63 123 77 91 71 33 98 31 53 55 116 43 78 60 57 60 67 77 90 104 118 134 150 47 43 46 55 67 82 97 112 129 145 34 29 34 45 60 75 91 108 125 142 23 15 23 38 54 71 88 105 122 140 18 0 18 35 52 70 87 104 122 139 23 15 23 38 54 71 88 105 122 140 34 29 34 45 60 75 91 108 125 142 47 43 46 55 67 82 97 112 129 145 60 57 60 67 77 90 104 118 134 150 74 72 73 79 88 99 112 126 140 155
91 22 46 28 85 96 32 56 53 25 36 48 26 67 38 62 40 52 40 52 73 51 42 19 87 74 38 46 105 59 74 57 22 81 20 38 38 99 27 65 67 60 57 60 67 77 90 104 118 134 55 46 43 46 55 67 81 97 112 129 45 34 29 34 45 60 75 91 108 125 38 23 15 23 38 54 71 88 105 122 35 18 0 18 35 52 70 87 104 122 38 23 15 23 38 54 71 88 105 122 45 34 29 34 45 60 75 91 108 125 55 46 43 46 55 67 81 97 112 129 67 60 57 60 67 77 90 104 118 134 80 73 71 73 79 88 99 112 126 140
73 20 29 19 69 79 19 39 36 14 19 40 14 50 22 45 25 37 23 41 58 34 25 10 70 58 23 30 88 42 58 45 21 64 21 25 22 82 14 56 77 67 60 57 59 66 77 89 103 118 68 55 46 43 46 55 67 81 97 112 60 45 34 29 33 45 59 75 91 108 54 38 23 15 23 38 54 71 88 105 52 35 18 0 18 35 52 70 87 104 54 38 23 15 23 38 54 71 88 105 60 45 34 29 33 45 59 75 91 108 68 55 46 43 46 55 67 81 97 112 77 67 60 57 59 66 77 89 103 118 88 79 73 71 73 79 88 99 112 125
56 30 13 23 52 62 17 22 19 19 8 38 18 32 11 27 16 26 8 37 43 18 10 21 53 41 14 14 71 25 43 38 32 47 33 20 11 65 16 50 90 77 67 59 57 59 66 77 89 103 82 67 55 46 43 46 55 67 81 96 75 60 45 33 29 33 45 59 75 91 71 54 38 23 15 23 38 54 71 88 70 52 35 18 0 18 35 52 70 87 71 54 38 23 15 23 38 54 71 88 75 60 45 33 29 33 45 59 75 91 82 67 55 46 43 46 55 67 81 96 90 77 67 59 57 59 66 77 89 103 99 88 79 73 71 73 78 87 99 111
39 45 12 37 37 45 29 9 3 34 20 44 33 15 19 10 23 25 15 40 32 10 12 38 37 26 22 11 54 8 30 39 47 31 48 29 19 49 31 50 104 90 77 66 59 56 59 66 76 89 97 82 67 55 46 42 46 55 67 81 91 75 60 45 33 28 33 45 59 75 88 71 54 38 23 14 23 38 54 71 87 70 52 35 18 0 18 35 52 70 88 71 54 38 23 14 23 38 54 71 91 75 60 45 33 28 33 45 59 75 97 82 67 55 46 42 46 55 67 81 104 90 77 66 59 56 59 66 76 89 112 99 88 79 73 70 72 78 87 98
22 61 27 52 23 28 44 18 17 50 36 55 49 3 35 9 37 33 32 49 27 22 29 55 23 17 37 26 38 12 24 46 63 17 65 43 35 34 47 56 119 104 90 77 66 59 56 59 66 76 113 97 81 67 55 46 42 46 54 67 108 91 75 59 45 33 28 33 45 59 105 88 71 54 38 23 14 23 38 54 104 87 70 52 35 18 0 18 35 52 105 88 71 54 38 23 14 23 38 54 108 91 75 59 45 33 28 33 45 59 113 97 81 67 55 46 42 46 54 67 119 104 90 77 66 59 56 59 66 76 126 112 99 88 78 72 70 72 78 87
8 78 43 69 19 14 61 34 34 67 53 68 66 21 51 26 53 47 49 62 33 39 46 72 16 22 54 43 22 29 29 58 80 15 82 59 51 21 64 66 134 118 104 89 77 66 59 56 58 65 129 112 97 81 67 55 46 42 45 54 125 108 91 75 59 45 33 28 33 45 122 105 88 71 54 38 23 14 23 38 122 104 87 70 52 35 18 0 18 35 122 105 88 71 54 38 23 14 23 38 125 108 91 75 59 45 33 28 33 45 129 112 97 81 67 55 46 42 45 54 134 118 104 89 77 66 59 56 58 65 140 126 112 99 87 78 72 70 72 77
16 94 60 85 28 15 78 51 51 84 70 84 83 38 69 43 70 63 66 77 45 56 63 89 25 36 71 60 13 46 42 72 97 28 99 75 68 19 81 79 150 134 118 103 89 76 66 58 55 58 145 129 112 97 81 67 54 45 42 45 142 125 108 91 75 59 45 33 28 33 140 122 105 88 71 54 38 23 14 23 139 122 104 87 70 52 35 18 0 18 140 122 105 88 71 54 38 23 14 23 142 125 108 91 75 59 45 33 28 33 145 129 112 97 81 67 54 45 42 45 150 134 118 103 89 76 66 58 55 58 156 140 126 112 99 87 78 72 69 71
32 111 78 102 43 29 95 68 69 101 88 99 100 55 86 60 87 79 83 92 60 73 80 106 40 52 88 77 21 63 57 87 114 44 116 92 86 30 99 93 166 150 134 118 103 89 76 65 58 55 162 145 129 112 96 81 67 54 45 42 159 142 125 108 91 75 59 45 33 28 157 140 122 105 88 71 54 38 23 14 156 139 122 104 87 70 52 35 18 0 157 140 122 105 88 71 54 38 23 14 159 142 125 108 91 75 59 45 33 28 162 145 129 112 96 81 67 54 45 42 166 150 134 118 103 89 76 65 58 55 171 155 140 125 111 98 87 77 71 69
125 57 83 65 118 130 70 90 89 62 73 83 57 103 76 97 71 89 77 88 104 88 79 56 120 107 76 83 139 94 106 93 45 114 53 75 72 132 64 100 72 74 80 88 99 112 126 140 156 171 58 60 67 77 90 104 119 134 150 166 43 47 55 68 82 97 113 129 145 162 29 34 45 60 75 91 108 125 142 159 15 23 38 54 71 88 105 122 140 157 0 18 35 52 70 87 104 122 139 156 15 23 38 54 71 88 105 122 140 157 29 34 45 60 75 91 108 125 142 159 43 47 55 68 82 97 113 129 145 162 58 60 67 77 90 104 119 134 150 166
108 44 66 51 101 113 55 72 72 47 57 70 40 85 60 80 54 74 60 74 87 71 63 41 103 90 60 67 122 77 88 79 28 97 41 60 55 115 49 88 74 72 73 79 88 99 112 126 140 155 60 57 60 67 77 90 104 118 134 150 47 43 46 55 67 82 97 112 129 145 34 29 34 45 60 75 91 108 125 142 23 15 23 38 54 71 88 105 122 140 18 0 18 35 52 70 87 104 122 139 23 15 23 38 54 71 88 105 122 140 34 29 34 45 60 75 91 108 125 142 47 43 46 55 67 82 97 112 129 145 60 57 60 67 77 90 104 118 134 150
91 35 50 39 83 95 41 55 55 35 41 60 23 68 44 63 36 60 44 63 70 55 47 29 85 73 46 51 105 60 71 67 11 80 33 47 37 98 35 77 80 73 71 73 79 88 99 112 126 140 67 60 57 60 67 77 90 104 118 134 55 46 43 46 55 67 81 97 112 129 45 34 29 34 45 60 75 91 108 125 38 23 15 23 38 54 71 88 105 122 35 18 0 18 35 52 70 87 104 122 38 23 15 23 38 54 71 88 105 122 45 34 29 34 45 60 75 91 108 125 55 46 43 46 55 67 81 97 112 129 67 60 57 60 67 77 90 104 118 134
73 34 36 33 66 78 32 38 38 28 28 53 6 52 31 46 19 48 30 54 53 40 32 24 68 55 34 36 87 43 54 58 10 62 34 37 20 80 27 68 88 79 73 71 73 79 88 99 112 125 77 67 60 57 59 66 77 89 103 118 68 55 46 43 46 55 67 81 97 112 60 45 34 29 33 45 59 75 91 108 54 38 23 15 23 38 54 71 88 105 52 35 18 0 18 35 52 70 87 104 54 38 23 15 23 38 54 71 88 105 60 45 34 29 33 45 59 75 91 108 68 55 46 43 46 55 67 81 97 112 77 67 60 57 59 66 77 89 103 118
56 40 25 36 49 61 31 21 22 31 22 52 13 35 25 30 2 40 21 50 36 28 22 30 51 38 29 25 70 26 37 52 26 45 42 34 5 63 28 64 99 88 79 73 71 73 78 87 99 111 90 77 67 59 57 59 66 77 89 103 82 67 55 46 43 46 55 67 81 96 75 60 45 33 29 33 45 59 75 91 71 54 38 23 15 23 38 54 71 88 70 52 35 18 0 18 35 52 70 87 71 54 38 23 15 23 38 54 71 88 75 60 45 33 29 33 45 59 75 91 82 67 55 46 43 46 55 67 81 96 90 77 67 59 57 59 66 77 89 103
39 52 24 45 32 44 38 6 12 41 28 56 30 21 29 16 17 38 25 53 21 24 23 43 34 21 33 24 53 12 21 52 43 28 55 40 16 46 38 64 112 99 88 79 73 70 72 78 87 98 104 90 77 66 59 56 59 66 76 89 97 82 67 55 46 42 46 55 67 81 91 75 60 45 33 28 33 45 59 75 88 71 54 38 23 14 23 38 54 71 87 70 52 35 18 0 18 35 52 70 88 71 54 38 23 14 23 38 54 71 91 75 60 45 33 28 33 45 59 75 97 82 67 55 46 42 46 55 67 81 104 90 77 66 59 56 59 66 76 89
22 67 34 59 15 26 51 16 20 56 41 65 47 15 41 14 34 44 37 60 13 31 34 58 16 4 45 33 35 15 10 58 60 11 70 51 33 29 53 69 126 112 99 88 78 72 70 72 78 87 119 104 90 77 66 59 56 59 66 76 113 97 81 67 55 46 42 46 54 67 108 91 75 59 45 33 28 33 45 59 105 88 71 54 38 23 14 23 38 54 104 87 70 52 35 18 0 18 35 52 105 88 71 54 38 23 14 23 38 54 108 91 75 59 45 33 28 33 45 59 113 97 81 67 55 46 42 46 54 67 119 104 90 77 66 59 56 59 66 76
8 82 48 74 6 9 66 33 36 71 57 77 65 25 56 28 51 56 52 71 23 44 50 75 3 15 59 47 18 30 20 68 78 8 86 65 51 12 68 77 140 126 112 99 87 78 72 70 72 77 134 118 104 89 77 66 59 56 58 65 129 112 97 81 67 55 46 42 45 54 125 108 91 75 59 45 33 28 33 45 122 105 88 71 54 38 23 14 23 38 122 104 87 70 52 35 18 0 18 35 122 105 88 71 54 38 23 14 23 38 125 108 91 75 59 45 33 28 33 45 129 112 97 81 67 55 46 42 45 54 134 118 104 89 77 66 59 56 58 65
16 98 64 89 22 10 82 50 53 88 73 91 82 40 72 44 68 69 69 84 39 59 66 91 19 32 75 63 2 47 36 80 95 25 102 80 68 8 84 88 156 140 126 112 99 87 78 72 69 71 150 134 118 103 89 76 66 58 55 58 145 129 112 97 81 67 54 45 42 45 142 125 108 91 75 59 45 33 28 33 140 122 105 88 71 54 38 23 14 23 139 122 104 87 70 52 35 18 0 18 140 122 105 88 71 54 38 23 14 23 142 125 108 91 75 59 45 33 28 33 145 129 112 97 81 67 54 45 42 45 150 134 118 103 89 76 66 58 55 58
33 115 80 106 39 27 98 67 70 104 90 105 99 57 88 61 86 84 85 98 55 76 82 108 37 50 91 80 18 64 52 94 112 42 118 96 85 25 101 101 171 155 140 125 111 98 87 77 71 69 166 150 134 118 103 89 76 65 58 55 162 145 129 112 96 81 67 54 45 42 159 142 125 108 91 75 59 45 33 28 157 140 122 105 88 71 54 38 23 14 156 139 122 104 87 70 52 35 18 0 157 140 122 105 88 71 54 38 23 14 159 142 125 108 91 75 59 45 33 28 162 145 129 112 96 81 67 54 45 42 166 150 134 118 103 89 76 65 58 55
127 66 88 73 118 131 77 92 92 70 78 92 60 105 81 100 72 96 82 97 103 92 84 63 121 108 82 88 140 97 105 102 46 115 63 82 74 133 71 110 86 88 93 100 110 122 134 148 162 177 72 74 80 88 99 112 126 140 156 171 58 60 67 77 90 104 119 134 150 166 43 47 55 68 82 97 113 129 145 162 29 34 45 60 75 91 108 125 142 159 15 23 38 54 71 88 105 122 140 157 0 18 35 52 70 87 104 122 139 156 15 23 38 54 71 88 105 122 140 157 29 34 45 60 75 91 108 125 142 159 43 47 55 68 82 97 113 129 145 162
110 56 72 61 101 114 63 75 75 57 64 81 43 89 67 83 55 82 66 84 86 77 68 50 103 91 68 73 123 80 88 89 29 98 53 69 57 115 58 98 88 86 87 92 100 110 121 134 148 162 74 72 73 79 88 99 112 126 140 155 60 57 60 67 77 90 104 118 134 150 47 43 46 55 67 82 97 112 129 145 34 29 34 45 60 75 91 108 125 142 23 15 23 38 54 71 88 105 122 140 18 0 18 35 52 70 87 104 122 139 23 15 23 38 54 71 88 105 122 140 34 29 34 45 60 75 91 108 125 142 47 43 46 55 67 82 97 112 129 145
93 49 58 52 84 97 52 58 59 47 50 72 28 73 54 67 38 69 52 74 68 62 54 41 86 74 55 59 106 64 71 78 14 81 47 58 41 98 47 89 93 87 85 87 92 99 109 121 134 148 80 73 71 73 79 88 99 112 126 140 67 60 57 60 67 77 90 104 118 134 55 46 43 46 55 67 81 97 112 129 45 34 29 34 45 60 75 91 108 125 38 23 15 23 38 54 71 88 105 122 35 18 0 18 35 52 70 87 104 122 38 23 15 23 38 54 71 88 105 122 45 34 29 34 45 60 75 91 108 125 55 46 43 46 55 67 81 97 112 129
76 47 46 47 67 80 45 42 44 42 40 67 17 57 43 52 23 59 41 67 51 49 42 38 69 57 46 46 89 48 53 70 13 64 48 50 27 81 41 82 100 92 87 85 87 91 99 109 121 134 88 79 73 71 73 79 88 99 112 125 77 67 60 57 59 66 77 89 103 118 68 55 46 43 46 55 67 81 97 112 60 45 34 29 33 45 59 75 91 108 54 38 23 15 23 38 54 71 88 105 52 35 18 0 18 35 52 70 87 104 54 38 23 15 23 38 54 71 88 105 60 45 34 29 33 45 59 75 91 108 68 55 46 43 46 55 67 81 97 112
60 52 38 49 50 63 44 28 32 44 36 66 20 43 39 38 13 53 35 64 34 40 35 42 52 40 43 38 72 34 36 66 27 48 54 48 19 64 42 78 110 100 92 87 85 86 91 99 109 120 99 88 79 73 71 73 78 87 99 111 90 77 67 59 57 59 66 77 89 103 82 67 55 46 43 46 55 67 81 96 75 60 45 33 29 33 45 59 75 91 71 54 38 23 15 23 38 54 71 88 70 52 35 18 0 18 35 52 70 87 71 54 38 23 15 23 38 54 71 88 75 60 45 33 29 33 45 59 75 91 82 67 55 46 43 46 55 67 81 96
44 62 37 56 33 47 50 20 26 52 40 69 34 32 42 28 21 52 37 66 17 37 36 52 36 24 46 37 55 25 19 66 44 32 64 52 24 47 49 78 122 110 99 91 86 84 86 91 98 108 112 99 88 79 73 70 72 78 87 98 104 90 77 66 59 56 59 66 76 89 97 82 67 55 46 42 46 55 67 81 91 75 60 45 33 28 33 45 59 75 88 71 54 38 23 14 23 38 54 71 87 70 52 35 18 0 18 35 52 70 88 71 54 38 23 14 23 38 54 71 91 75 60 45 33 28 33 45 59 75 97 82 67 55 46 42 46 55 67 81
30 74 44 67 17 31 60 25 31 64 50 77 50 29 51 27 36 57 46 72 2 42 44 65 20 13 54 44 39 26 5 71 61 18 77 61 38 30 61 82 134 121 109 99 91 86 84 85 90 98 126 112 99 88 78 72 70 72 78 87 119 104 90 77 66 59 56 59 66 76 113 97 81 67 55 46 42 46 54 67 108 91 75 59 45 33 28 33 45 59 105 88 71 54 38 23 14 23 38 54 104 87 70 52 35 18 0 18 35 52 105 88 71 54 38 23 14 23 38 54 108 91 75 59 45 33 28 33 45 59 113 97 81 67 55 46 42 46 54 67
22 88 56 81 10 19 73 38 43 78 64 87 67 35 63 36 53 66 59 81 19 53 57 80 12 19 67 55 24 37 18 79 78 17 92 73 54 15 75 89 148 134 121 109 99 91 85 83 85 90 140 126 112 99 87 78 72 70 72 77 134 118 104 89 77 66 59 56 58 65 129 112 97 81 67 55 46 42 45 54 125 108 91 75 59 45 33 28 33 45 122 105 88 71 54 38 23 14 23 38 122 104 87 70 52 35 18 0 18 35 122 105 88 71 54 38 23 14 23 38 125 108 91 75 59 45 33 28 33 45 129 112 97 81 67 55 46 42 45 54
26 104 70 95 23 19 88 54 57 93 78 99 83 47 78 50 70 78 74 93 36 66 71 96 23 34 81 69 16 51 35 90 95 29 107 87 70 12 90 99 162 148 134 121 109 98 90 85 83 85 156 140 126 112 99 87 78 72 69 71 150 134 118 103 89 76 66 58 55 58 145 129 112 97 81 67 54 45 42 45 142 125 108 91 75 59 45 33 28 33 140 122 105 88 71 54 38 23 14 23 139 122 104 87 70 52 35 18 0 18 140 122 105 88 71 54 38 23 14 23 142 125 108 91 75 59 45 33 28 33 145 129 112 97 81 67 54 45 42 45
38 119 85 111 40 32 103 70 73 109 94 113 100 62 93 65 87 91 90 106 54 81 87 112 39 51 96 85 23 67 52 102 112 45 123 102 87 27 105 110 177 162 148 134 120 108 98 90 85 83 171 155 140 125 111 98 87 77 71 69 166 150 134 118 103 89 76 65 58 55 162 145 129 112 96 81 67 54 45 42 159 142 125 108 91 75 59 45 33 28 157 140 122 105 88 71 54 38 23 14 156 139 122 104 87 70 52 35 18 0 157 140 122 105 88 71 54 38 23 14 159 142 125 108 91 75 59 45 33 28 162 145 129 112 96 81 67 54 45 42
130 77 94 83 120 134 86 96 97 79 86 103 65 110 89 105 76 104 89 107 104 99 91 73 123 110 90 95 142 101 107 111 51 118 74 91 79 134 80 120 100 102 106 112 121 132 144 156 170 184 86 88 93 100 110 122 134 148 162 177 72 74 80 88 99 112 126 140 156 171 58 60 67 77 90 104 119 134 150 166 43 47 55 68 82 97 113 129 145 162 29 34 45 60 75 91 108 125 142 159 15 23 38 54 71 88 105 122 140 157 0 18 35 52 70 87 104 122 139 156 15 23 38 54 71 88 105 122 140 157 29 34 45 60 75 91 108 125 142 159
113 68 80 72 103 117 74 80 81 68 73 93 50 94 76 89 60 92 75 96 87 85 77 62 106 94 78 81 125 85 90 100 36 101 66 80 63 117 68 110 102 100 101 105 112 121 131 143 156 170 88 86 87 92 100 110 121 134 148 162 74 72 73 79 88 99 112 126 140 155 60 57 60 67 77 90 104 118 134 150 47 43 46 55 67 82 97 112 129 145 34 29 34 45 60 75 91 108 125 142 23 15 23 38 54 71 88 105 122 140 18 0 18 35 52 70 87 104 122 139 23 15 23 38 54 71 88 105 122 140 34 29 34 45 60 75 91 108 125 142
97 62 68 65 87 100 65 64 67 59 61 85 38 79 64 74 45 81 63 87 70 72 64 54 89 77 67 68 109 70 73 91 26 85 61 70 49 100 59 101 106 101 99 101 105 112 121 131 143 156 93 87 85 87 92 99 109 121 134 148 80 73 71 73 79 88 99 112 126 140 67 60 57 60 67 77 90 104 118 134 55 46 43 46 55 67 81 97 112 129 45 34 29 34 45 60 75 91 108 125 38 23 15 23 38 54 71 88 105 122 35 18 0 18 35 52 70 87 104 122 38 23 15 23 38 54 71 88 105 122 45 34 29 34 45 60 75 91 108 125
81 62 58 61 70 84 59 50 54 56 53 81 31 65 56 60 33 72 54 81 53 61 54 52 73 61 59 58 92 56 56 84 25 69 61 64 38 84 55 95 112 105 101 99 100 105 111 120 131 143 100 92 87 85 87 91 99 109 121 134 88 79 73 71 73 79 88 99 112 125 77 67 60 57 59 66 77 89 103 118 68 55 46 43 46 55 67 81 97 112 60 45 34 29 33 45 59 75 91 108 54 38 23 15 23 38 54 71 88 105 52 35 18 0 18 35 52 70 87 104 54 38 23 15 23 38 54 71 88 105 60 45 34 29 33 45 59 75 91 108
66 65 52 63 54 68 58 39 44 57 50 80 33 53 53 48 27 67 49 78 37 53 49 55 57 46 57 52 76 45 40 80 35 54 66 62 33 67 55 92 121 112 105 100 99 100 104 111 120 130 110 100 92 87 85 86 91 99 109 120 99 88 79 73 71 73 78 87 99 111 90 77 67 59 57 59 66 77 89 103 82 67 55 46 43 46 55 67 81 96 75 60 45 33 29 33 45 59 75 91 71 54 38 23 15 23 38 54 71 88 70 52 35 18 0 18 35 52 70 87 71 54 38 23 15 23 38 54 71 88 75 60 45 33 29 33 45 59 75 91
52 73 51 68 39 53 62 34 40 63 53 83 42 45 55 41 31 66 51 80 22 51 49 63 42 33 59 51 60 39 26 80 49 40 75 65 36 51 61 92 132 121 112 105 100 98 99 104 110 119 122 110 99 91 86 84 86 91 98 108 112 99 88 79 73 70 72 78 87 98 104 90 77 66 59 56 59 66 76 89 97 82 67 55 46 42 46 55 67 81 91 75 60 45 33 28 33 45 59 75 88 71 54 38 23 14 23 38 54 71 87 70 52 35 18 0 18 35 52 70 88 71 54 38 23 14 23 38 54 71 91 75 60 45 33 28 33 45 59 75
41 84 56 78 27 40 71 37 43 73 61 89 56 42 62 41 43 70 58 85 16 55 56 74 31 26 66 56 46 39 19 84 65 31 86 73 46 37 71 95 144 131 121 111 104 99 98 99 103 110 134 121 109 99 91 86 84 85 90 98 126 112 99 88 78 72 70 72 78 87 119 104 90 77 66 59 56 59 66 76 113 97 81 67 55 46 42 46 54 67 108 91 75 59 45 33 28 33 45 59 105 88 71 54 38 23 14 23 38 54 104 87 70 52 35 18 0 18 35 52 105 88 71 54 38 23 14 23 38 54 108 91 75 59 45 33 28 33 45 59
35 97 66 89 24 32 82 47 52 86 72 98 71 47 73 47 58 77 68 93 24 63 66 87 26 30 76 65 35 47 25 91 81 30 100 83 60 26 83 101 156 143 131 120 111 104 99 97 99 103 148 134 121 109 99 91 85 83 85 90 140 126 112 99 87 78 72 70 72 77 134 118 104 89 77 66 59 56 58 65 129 112 97 81 67 55 46 42 45 54 125 108 91 75 59 45 33 28 33 45 122 105 88 71 54 38 23 14 23 38 122 104 87 70 52 35 18 0 18 35 122 105 88 71 54 38 23 14 23 38 125 108 91 75 59 45 33 28 33 45
38 110 78 103 32 32 95 60 65 100 86 109 87 56 85 58 73 87 81 103 39 75 79 102 32 41 89 78 30 59 39 100 98 38 114 95 75 25 97 110 170 156 143 131 120 110 103 99 97 98 162 148 134 121 109 98 90 85 83 85 156 140 126 112 99 87 78 72 69 71 150 134 118 103 89 76 66 58 55 58 145 129 112 97 81 67 54 45 42 45 142 125 108 91 75 59 45 33 28 33 140 122 105 88 71 54 38 23 14 23 139 122 104 87 70 52 35 18 0 18 140 122 105 88 71 54 38 23 14 23 142 125 108 91 75 59 45 33 28 33
47 125 92 117 45 41 109 75 79 114 100 121 104 69 100 72 90 100 96 115 56 88 93 117 45 56 103 91 34 73 55 112 114 51 129 109 91 34 111 120 184 170 156 143 130 119 110 103 98 96 177 162 148 134 120 108 98 90 85 83 171 155 140 125 111 98 87 77 71 69 166 150 134 118 103 89 76 65 58 55 162 145 129 112 96 81 67 54 45 42 159 142 125 108 91 75 59 45 33 28 157 140 122 105 88 71 54 38 23 14 156 139 122 104 87 70 52 35 18 0 157 140 122 105 88 71 54 38 23 14 159 142 125 108 91 75 59 45 33 28
134 89 103 94 124 138 96 101 103 89 95 114 73 116 98 111 82 114 97 117 107 107 99 83 127 115 100 103 146 107 110 122 59 122 86 102 86 138 90 131 115 116 119 125 133 143 154 166 179 192 100 102 106 112 121 132 144 156 170 184 86 88 93 100 110 122 134 148 162 177 72 74 80 88 99 112 126 140 156 171 58 60 67 77 90 104 119 134 150 166 43 47 55 68 82 97 113 129 145 162 29 34 45 60 75 91 108 125 142 159 15 23 38 54 71 88 105 122 140 157 0 18 35 52 70 87 104 122 139 156 15 23 38 54 71 88 105 122 140 157
119 81 90 85 107 121 85 87 89 80 83 105 60 101 86 96 68 102 85 108 91 94 86 74 110 98 88 90 130 93 94 112 47 106 79 91 72 121 80 122 116 114 115 119 125 133 142 153 165 178 102 100 101 105 112 121 131 143 156 170 88 86 87 92 100 110 121 134 148 162 74 72 73 79 88 99 112 126 140 155 60 57 60 67 77 90 104 118 134 150 47 43 46 55 67 82 97 112 129 145 34 29 34 45 60 75 91 108 125 142 23 15 23 38 54 71 88 105 122 140 18 0 18 35 52 70 87 104 122 139 23 15 23 38 54 71 88 105 122 140
103 76 79 78 91 105 77 73 76 73 73 99 50 88 76 82 55 92 74 100 74 82 75 68 94 83 79 79 113 79 78 103 39 91 75 83 60 105 72 114 119 115 114 115 118 124 132 142 153 165 106 101 99 101 105 112 121 131 143 156 93 87 85 87 92 99 109 121 134 148 80 73 71 73 79 88 99 112 126 140 67 60 57 60 67 77 90 104 118 134 55 46 43 46 55 67 81 97 112 129 45 34 29 34 45 60 75 91 108 125 38 23 15 23 38 54 71 88 105 122 35 18 0 18 35 52 70 87 104 122 38 23 15 23 38 54 71 88 105 122
88 76 70 75 76 90 73 61 65 70 67 95 45 75 70 70 45 85 67 95 59 73 67 66 79 68 73 71 98 67 62 97 39 76 75 78 51 89 69 109 125 119 115 113 114 118 124 132 141 152 112 105 101 99 100 105 111 120 131 143 100 92 87 85 87 91 99 109 121 134 88 79 73 71 73 79 88 99 112 125 77 67 60 57 59 66 77 89 103 118 68 55 46 43 46 55 67 81 97 112 60 45 34 29 33 45 59 75 91 108 54 38 23 15 23 38 54 71 88 105 52 35 18 0 18 35 52 70 87 104 54 38 23 15 23 38 54 71 88 105
74 79 66 76 61 75 72 52 57 71 64 94 46 65 67 60 41 81 63 92 45 67 63 68 65 55 71 66 82 57 48 94 46 62 79 76 47 73 69 106 133 125 118 114 113 114 117 123 131 141 121 112 105 100 99 100 104 111 120 130 110 100 92 87 85 86 91 99 109 120 99 88 79 73 71 73 78 87 99 111 90 77 67 59 57 59 66 77 89 103 82 67 55 46 43 46 55 67 81 96 75 60 45 33 29 33 45 59 75 91 71 54 38 23 15 23 38 54 71 88 70 52 35 18 0 18 35 52 70 87 71 54 38 23 15 23 38 54 71 88
62 85 65 81 49 62 76 48 54 76 66 96 53 58 68 55 44 80 64 94 34 65 63 75 52 45 72 65 68 52 37 94 57 51 87 79 49 59 74 106 143 133 124 118 114 112 113 117 123 131 132 121 112 105 100 98 99 104 110 119 122 110 99 91 86 84 86 91 98 108 112 99 88 79 73 70 72 78 87 98 104 90 77 66 59 56 59 66 76 89 97 82 67 55 46 42 46 55 67 81 91 75 60 45 33 28 33 45 59 75 88 71 54 38 23 14 23 38 54 71 87 70 52 35 18 0 18 35 52 70 88 71 54 38 23 14 23 38 54 71
53 94 69 89 40 52 83 50 56 84 73 102 64 56 74 54 53 83 70 98 29 68 68 84 43 40 78 69 56 53 33 97 71 44 97 85 57 47 82 108 154 142 132 124 117 113 112 113 116 122 144 131 121 111 104 99 98 99 103 110 134 121 109 99 91 86 84 85 90 98 126 112 99 88 78 72 70 72 78 87 119 104 90 77 66 59 56 59 66 76 113 97 81 67 55 46 42 46 54 67 108 91 75 59 45 33 28 33 45 59 105 88 71 54 38 23 14 23 38 54 104 87 70 52 35 18 0 18 35 52 105 88 71 54 38 23 14 23 38 54
49 106 77 99 38 46 92 57 63 95 82 109 78 60 83 59 65 89 79 105 35 75 77 96 40 42 87 77 47 59 36 103 86 44 109 94 68 39 92 114 166 153 142 132 123 117 113 111 112 116 156 143 131 120 111 104 99 97 99 103 148 134 121 109 99 91 85 83 85 90 140 126 112 99 87 78 72 70 72 77 134 118 104 89 77 66 59 56 58 65 129 112 97 81 67 55 46 42 45 54 125 108 91 75 59 45 33 28 33 45 122 105 88 71 54 38 23 14 23 38 122 104 87 70 52 35 18 0 18 35 122 105 88 71 54 38 23 14 23 38
51 119 88 112 43 46 104 69 74 108 94 119 93 67 94 68 79 98 90 114 47 85 88 110 44 51 98 87 43 69 47 111 102 49 122 105 82 38 105 121 179 165 153 141 131 123 116 112 110 112 170 156 143 131 120 110 103 99 97 98 162 148 134 121 109 98 90 85 83 85 156 140 126 112 99 87 78 72 69 71 150 134 118 103 89 76 66 58 55 58 145 129 112 97 81 67 54 45 42 45 142 125 108 91 75 59 45 33 28 33 140 122 105 88 71 54 38 23 14 23 139 122 104 87 70 52 35 18 0 18 140 122 105 88 71 54 38 23 14 23
58 132 100 125 54 52 117 82 87 122 108 131 108 78 107 80 95 109 103 125 61 97 101 124 54 63 111 100 46 81 61 122 118 60 136 117 97 45 119 131 192 178 165 152 141 131 122 116 112 110 184 170 156 143 130 119 110 103 98 96 177 162 148 134 120 108 98 90 85 83 171 155 140 125 111 98 87 77 71 69 166 150 134 118 103 89 76 65 58 55 162 145 129 112 96 81 67 54 45 42 159 142 125 108 91 75 59 45 33 28 157 140 122 105 88 71 54 38 23 14 156 139 122 104 87 70 52 35 18 0 157 140 122 105 88 71 54 38 23 14
140 101 112 106 129 143 107 109 111 101 105 126 82 124 108 118 90 124 107 129 112 116 108 95 132 120 110 113 151 115 115 133 69 128 99 113 94 142 101 143 129 130 133 138 145 154 164 176 188 201 115 116 119 125 133 143 154 166 179 192 100 102 106 112 121 132 144 156 170 184 86 88 93 100 110 122 134 148 162 177 72 74 80 88 99 112 126 140 156 171 58 60 67 77 90 104 119 134 150 166 43 47 55 68 82 97 113 129 145 162 29 34 45 60 75 91 108 125 142 159 15 23 38 54 71 88 105 122 140 157 0 18 35 52 70 87 104 122 139 156
125 94 101 98 113 127 98 95 98 92 94 118 71 110 98 105 77 114 96 120 96 104 97 87 116 105 100 101 135 101 99 124 59 113 93 103 82 126 92 134 130 128 129 132 138 145 154 164 175 187 116 114 115 119 125 133 142 153 165 178 102 100 101 105 112 121 131 143 156 170 88 86 87 92 100 110 121 134 148 162 74 72 73 79 88 99 112 126 140 155 60 57 60 67 77 90 104 118 134 150 47 43 46 55 67 82 97 112 129 145 34 29 34 45 60 75 91 108 125 142 23 15 23 38 54 71 88 105 122 140 18 0 18 35 52 70 87 104 122 139
110 90 91 92 98 112 91 83 87 86 86 112 63 97 89 92 66 105 87 113 81 94 87 82 101 91 92 91 119 89 84 116 53 98 89 96 71 111 86 127 133 129 128 129 132 137 144 153 163 175 119 115 114 115 118 124 132 142 153 165 106 101 99 101 105 112 121 131 143 156 93 87 85 87 92 99 109 121 134 148 80 73 71 73 79 88 99 112 126 140 67 60 57 60 67 77 90 104 118 134 55 46 43 46 55 67 81 97 112 129 45 34 29 34 45 60 75 91 108 125 38 23 15 23 38 54 71 88 105 122 35 18 0 18 35 52 70 87 104 122
97 90 84 89 84 98 87 72 77 84 80 109 59 86 83 81 58 98 80 108 67 86 80 80 87 77 87 84 105 78 71 111 53 85 89 92 64 96 83 122 138 132 129 127 128 131 137 144 153 163 125 119 115 113 114 118 124 132 141 152 112 105 101 99 100 105 111 120 131 143 100 92 87 85 87 91 99 109 121 134 88 79 73 71 73 79 88 99 112 125 77 67 60 57 59 66 77 89 103 118 68 55 46 43 46 55 67 81 97 112 60 45 34 29 33 45 59 75 91 108 54 38 23 15 23 38 54 71 88 105 52 35 18 0 18 35 52 70 87 104
84 92 79 90 71 84 86 65 70 85 78 108 60 77 81 73 55 94 77 107 55 81 77 82 74 66 85 79 90 70 59 108 58 73 93 90 61 81 83 120 145 138 132 128 127 127 131 136 143 152 133 125 118 114 113 114 117 123 131 141 121 112 105 100 99 100 104 111 120 130 110 100 92 87 85 86 91 99 109 120 99 88 79 73 71 73 78 87 99 111 90 77 67 59 57 59 66 77 89 103 82 67 55 46 43 46 55 67 81 96 75 60 45 33 29 33 45 59 75 91 71 54 38 23 15 23 38 54 71 88 70 52 35 18 0 18 35 52 70 87
74 98 79 94 60 73 89 62 68 89 80 110 65 72 82 68 57 94 78 107 46 79 77 87 63 58 86 79 78 66 50 108 67 63 99 92 62 69 87 120 154 145 137 131 127 126 127 130 135 143 143 133 124 118 114 112 113 117 123 131 132 121 112 105 100 98 99 104 110 119 122 110 99 91 86 84 86 91 98 108 112 99 88 79 73 70 72 78 87 98 104 90 77 66 59 56 59 66 76 89 97 82 67 55 46 42 46 55 67 81 91 75 60 45 33 28 33 45 59 75 88 71 54 38 23 14 23 38 54 71 87 70 52 35 18 0 18 35 52 70
66 106 82 101 53 64 95 63 70 96 85 114 75 70 87 68 64 96 82 111 43 81 81 96 56 54 91 82 67 67 46 111 79 58 108 97 69 59 94 122 164 154 144 137 131 127 125 126 130 135 154 142 132 124 117 113 112 113 116 122 144 131 121 111 104 99 98 99 103 110 134 121 109 99 91 86 84 85 90 98 126 112 99 88 78 72 70 72 78 87 119 104 90 77 66 59 56 59 66 76 113 97 81 67 55 46 42 46 54 67 108 91 75 59 45 33 28 33 45 59 105 88 71 54 38 23 14 23 38 54 104 87 70 52 35 18 0 18 35 52
63 116 89 110 51 59 103 69 76 106 94 121 87 73 95 72 75 102 90 117 47 87 88 106 54 56 98 89 60 71 49 116 93 57 118 105 78 53 103 127 176 164 153 144 136 130 126 125 126 129 166 153 142 132 123 117 113 111 112 116 156 143 131 120 111 104 99 97 99 103 148 134 121 109 99 91 85 83 85 90 140 126 112 99 87 78 72 70 72 77 134 118 104 89 77 66 59 56 58 65 129 112 97 81 67 55 46 42 45 54 125 108 91 75 59 45 33 28 33 45 122 105 88 71 54 38 23 14 23 38 122 104 87 70 52 35 18 0 18 35
64 128 98 121 55 59 114 79 85 117 104 130 100 79 105 80 87 110 100 125 56 96 98 118 57 62 108 98 57 80 57 123 108 62 131 115 90 52 114 134 188 175 163 153 143 135 130 126 124 125 179 165 153 141 131 123 116 112 110 112 170 156 143 131 120 110 103 99 97 98 162 148 134 121 109 98 90 85 83 85 156 140 126 112 99 87 78 72 69 71 150 134 118 103 89 76 66 58 55 58 145 129 112 97 81 67 54 45 42 45 142 125 108 91 75 59 45 33 28 33 140 122 105 88 71 54 38 23 14 23 139 122 104 87 70 52 35 18 0 18
70 141 109 134 64 64 126 91 96 130 116 141 115 89 116 90 101 120 112 135 69 106 110 132 65 73 120 109 59 91 69 133 123 70 144 127 104 57 127 142 201 187 175 163 152 143 135 129 125 124 192 178 165 152 141 131 122 116 112 110 184 170 156 143 130 119 110 103 98 96 177 162 148 134 120 108 98 90 85 83 171 155 140 125 111 98 87 77 71 69 166 150 134 118 103 89 76 65 58 55 162 145 129 112 96 81 67 54 45 42 159 142 125 108 91 75 59 45 33 28 157 140 122 105 88 71 54 38 23 14 156 139 122 104 87 70 52 35 18 0
