0 52 47 84 69 18 77 54 96 39 14 44 47 35 87 47 107 7 103 102 4 62 55 80 52 10 52 37 101 55 23 10 11 27 90 32 98 17 107 97 85 72 93 85 94 45
52 0 15 34 47 70 45 4 45 24 40 22 51 27 36 23 87 58 55 53 50 22 5 30 25 62 33 35 51 47 30 50 51 38 39 65 78 57 58 49 36 21 42 34 44 23
47 15 0 39 35 63 36 13 51 11 34 8 37 32 41 33 76 52 68 55 44 16 13 34 12 57 19 21 54 33 24 43 43 41 45 54 67 48 70 50 40 31 53 39 49 9
84 34 39 0 49 101 37 31 13 49 71 44 68 59 3 52 78 90 43 22 82 27 30 5 40 94 47 57 18 59 61 81 81 71 6 91 70 87 42 18 4 18 25 2 11 44
69 47 35 49 0 80 15 45 59 34 56 31 28 66 51 68 42 72 90 53 65 28 44 46 24 77 19 32 56 17 51 61 60 72 53 58 32 61 90 49 48 54 73 49 56 29
18 70 63 101 80 0 91 71 113 54 30 60 55 53 104 64 116 12 121 118 20 78 72 97 66 9 65 50 117 65 41 21 21 43 107 31 107 20 125 113 102 90 111 102 111 60
77 45 36 37 15 91 0 42 46 40 64 35 42 68 38 67 44 81 79 38 74 23 40 35 27 86 26 42 41 31 57 70 70 76 40 71 35 72 79 34 35 46 61 36 42 34
54 4 13 31 45 71 42 0 43 23 41 21 49 30 34 26 84 60 55 51 51 19 2 27 23 64 31 34 49 45 31 52 52 41 37 66 75 58 58 46 33 20 42 32 42 22
96 45 51 13 59 113 46 43 0 61 83 56 79 70 11 62 83 102 39 17 94 39 42 17 52 106 58 70 11 70 73 93 94 82 7 103 76 99 37 16 13 27 22 13 4 56
39 24 11 49 34 54 40 23 61 0 26 6 28 33 51 38 75 44 78 64 36 24 24 44 13 49 16 11 64 27 18 34 34 39 55 43 66 38 81 59 49 42 64 49 59 7
14 40 34 71 56 30 64 41 83 26 0 31 38 29 74 39 96 19 93 88 11 49 42 67 38 24 39 24 88 44 11 11 12 25 77 32 87 19 97 83 72 60 82 72 81 32
44 22 8 44 31 60 35 21 56 6 31 0 29 36 46 39 72 49 75 59 41 19 21 40 8 54 13 14 59 26 23 39 39 43 50 47 63 43 78 54 45 38 61 44 54 2
47 51 37 68 28 55 42 49 79 28 38 29 0 58 70 64 61 49 103 77 44 41 49 64 29 54 22 18 79 12 37 38 37 60 73 30 53 36 105 72 67 66 87 67 76 28
35 27 32 59 66 53 68 30 70 33 29 36 58 0 62 12 108 42 69 80 35 47 31 55 43 44 48 41 77 60 23 39 40 13 65 60 98 47 74 75 62 44 62 60 69 37
87 36 41 3 51 104 38 34 11 51 74 46 70 62 0 54 78 92 42 20 84 29 33 7 42 97 48 60 16 61 64 83 84 74 4 93 70 89 42 16 3 20 25 3 8 46
47 23 33 52 68 64 67 26 62 38 39 39 64 12 54 0 109 53 58 73 46 44 27 49 45 55 51 47 70 64 31 49 50 24 57 70 99 58 63 69 55 35 52 53 61 40
107 87 76 78 42 116 44 84 83 75 96 72 61 108 78 109 0 109 120 70 104 66 83 77 65 114 60 72 75 53 92 98 97 114 80 88 10 97 119 68 75 89 102 77 80 71
7 58 52 90 72 12 81 60 102 44 19 49 49 42 92 53 109 0 109 107 9 67 61 85 56 6 55 40 106 57 29 11 12 33 96 29 100 14 114 102 91 78 100 90 100 50
103 55 68 43 90 121 79 55 39 78 93 75 103 69 42 58 120 109 0 55 102 64 55 44 75 112 82 88 49 97 83 103 104 81 41 120 112 111 7 54 45 38 18 44 42 76
102 53 55 22 53 118 38 51 17 64 88 59 77 80 20 73 70 107 55 0 99 40 49 25 53 112 57 71 6 67 79 97 97 91 18 104 64 102 52 5 19 39 38 20 15 58
4 50 44 82 65 20 74 51 94 36 11 41 44 35 84 46 104 9 102 99 0 59 53 77 48 13 48 33 98 52 21 7 8 27 88 30 95 15 106 94 83 70 91 82 92 42
62 22 16 27 28 78 23 19 39 24 49 19 41 47 29 44 66 67 64 40 59 0 18 23 14 72 20 32 40 34 40 57 58 56 33 65 57 62 65 35 27 27 47 27 36 19
55 5 13 30 44 72 40 2 42 24 42 21 49 31 33 27 83 61 55 49 53 18 0 26 23 65 30 34 47 45 32 52 53 42 36 66 74 59 58 45 32 19 41 31 40 22
80 30 34 5 46 97 35 27 17 44 67 40 64 55 7 49 77 85 44 25 77 23 26 0 36 90 43 53 22 55 57 76 77 67 11 87 69 82 45 21 7 16 27 5 15 40
52 25 12 40 24 66 27 23 52 13 38 8 29 43 42 45 65 56 75 53 48 14 23 36 0 61 8 18 54 23 30 46 45 50 46 51 56 49 77 48 40 38 59 40 50 7
10 62 57 94 77 9 86 64 106 49 24 54 54 44 97 55 114 6 112 112 13 72 65 90 61 0 60 45 111 62 33 17 17 34 100 33 105 19 117 107 95 82 103 95 104 55
52 33 19 47 19 65 26 31 58 16 39 13 22 48 48 51 60 55 82 57 48 20 30 43 8 60 0 16 58 15 32 44 44 54 52 47 51 47 84 53 46 45 66 46 55 11
37 35 21 57 32 50 42 34 70 11 24 14 18 41 60 47 72 40 88 71 33 32 34 53 18 45 16 0 71 21 21 29 29 43 63 34 63 32 91 66 58 52 74 58 67 14
101 51 54 18 56 117 41 49 11 64 88 59 79 77 16 70 75 106 49 6 98 40 47 22 54 111 58 71 0 69 78 97 97 89 13 105 69 102 46 8 16 35 33 17 10 58
55 47 33 59 17 65 31 45 70 27 44 26 12 60 61 64 53 57 97 67 52 34 45 55 23 62 15 21 69 0 41 46 46 63 64 41 44 46 98 62 58 60 80 59 67 25
23 30 24 61 51 41 57 31 73 18 11 23 37 23 64 31 92 29 83 79 21 40 32 57 30 33 32 21 78 41 0 21 22 23 67 39 82 29 87 74 63 50 72 62 71 24
10 50 43 81 61 21 70 52 93 34 11 39 38 39 83 49 98 11 103 97 7 57 52 76 46 17 44 29 97 46 21 0 2 32 87 24 89 9 107 92 82 71 92 81 91 40
11 51 43 81 60 21 70 52 94 34 12 39 37 40 84 50 97 12 104 97 8 58 53 77 45 17 44 29 97 46 22 2 0 34 87 22 89 8 108 92 82 71 93 82 91 40
27 38 41 71 72 43 76 41 82 39 25 43 60 13 74 24 114 33 81 91 27 56 42 67 50 34 54 43 89 63 23 32 34 0 77 55 104 41 86 86 73 56 74 72 81 44
90 39 45 6 53 107 40 37 7 55 77 50 73 65 4 57 80 96 41 18 88 33 36 11 46 100 52 63 13 64 67 87 87 77 0 97 72 92 40 15 6 23 23 6 5 50
32 65 54 91 58 31 71 66 103 43 32 47 30 60 93 70 88 29 120 104 30 65 66 87 51 33 47 34 105 41 39 24 22 55 97 0 80 16 123 99 91 84 107 91 101 47
98 78 67 70 32 107 35 75 76 66 87 63 53 98 70 99 10 100 112 64 95 57 74 69 56 105 51 63 69 44 82 89 89 104 72 80 0 88 111 62 68 81 94 69 73 61
17 57 48 87 61 20 72 58 99 38 19 43 36 47 89 58 97 14 111 102 15 62 59 82 49 19 47 32 102 46 29 9 8 41 92 16 88 0 115 97 87 77 99 87 97 44
107 58 70 42 90 125 79 58 37 81 97 78 105 74 42 63 119 114 7 52 106 65 58 45 77 117 84 91 46 98 87 107 108 86 40 123 111 115 0 52 44 40 18 43 40 78
97 49 50 18 49 113 34 46 16 59 83 54 72 75 16 69 68 102 54 5 94 35 45 21 48 107 53 66 8 62 74 92 92 86 15 99 62 97 52 0 15 35 37 16 13 53
85 36 40 4 48 102 35 33 13 49 72 45 67 62 3 55 75 91 45 19 83 27 32 7 40 95 46 58 16 58 63 82 82 73 6 91 68 87 44 15 0 21 27 2 10 44
72 21 31 18 54 90 46 20 27 42 60 38 66 44 20 35 89 78 38 39 70 27 19 16 38 82 45 52 35 60 50 71 71 56 23 84 81 77 40 35 21 0 23 19 27 39
93 42 53 25 73 111 61 42 22 64 82 61 87 62 25 52 102 100 18 38 91 47 41 27 59 103 66 74 33 80 72 92 93 74 23 107 94 99 18 37 27 23 0 26 25 61
85 34 39 2 49 102 36 32 13 49 72 44 67 60 3 53 77 90 44 20 82 27 31 5 40 95 46 58 17 59 62 81 82 72 6 91 69 87 43 16 2 19 26 0 10 44
94 44 49 11 56 111 42 42 4 59 81 54 76 69 8 61 80 100 42 15 92 36 40 15 50 104 55 67 10 67 71 91 91 81 5 101 73 97 40 13 10 27 25 10 0 54
45 23 9 44 29 60 34 22 56 7 32 2 28 37 46 40 71 50 76 58 42 19 22 40 7 55 11 14 58 25 24 40 40 44 50 47 61 44 78 53 44 39 61 44 54 0
