0 22 23 22 72 60 63 36 5 65 31 29 31 67 76 39 73 66 36 47 9 21 24 31 82 61 72 26 52 55 24 21 46 66 10 28 72 23 47 63 111 102 94 89 87 89 94 101 111 123 101 90 81 75 73 75 81 90 101 114 91 79 68 61 59 62 69 79 92 105 82 68 57 48 45 49 57 69 83 98 75 60 46 35 31 36 47 61 77 93 71 54 38 24 17 25 40 56 72 89 69 52 34 17 3 19 36 53 71 88 70 53 36 21 12 22 38 55 72 89 74 58 43 31 26 32 44 59 75 91 80 65 53 43 40 44 53 66 81 96
22 0 8 3 52 41 45 20 23 45 31 41 19 52 55 20 52 66 15 45 30 5 11 26 62 44 52 9 44 41 26 36 24 53 15 31 51 3 41 61 114 101 90 82 76 74 76 82 91 102 105 91 79 69 63 60 63 70 80 92 98 83 69 57 49 46 50 58 70 84 92 76 61 47 36 32 37 48 62 78 88 71 54 39 25 18 26 40 56 73 86 69 51 34 17 5 19 36 54 71 86 69 52 35 20 11 21 38 54 72 89 73 57 42 29 24 31 43 59 75 94 79 64 51 42 38 43 52 65 80 101 86 73 62 55 52 55 63 74 88
23 8 0 6 50 37 41 27 26 43 39 47 26 58 54 16 51 74 14 53 31 13 3 34 59 50 49 17 52 34 33 41 27 59 14 38 50 7 49 69 122 109 98 90 83 81 81 86 93 103 113 99 87 77 70 67 68 73 82 93 105 91 77 65 57 53 54 61 71 84 99 83 68 55 44 39 41 49 62 76 94 78 61 46 33 25 28 40 54 70 91 74 57 40 24 11 17 33 50 67 91 74 56 39 22 6 14 31 49 66 93 76 59 43 28 19 23 36 52 68 96 80 65 50 39 32 35 44 58 73 102 87 73 60 51 46 48 55 66 80
22 3 6 0 51 40 44 23 24 44 33 43 21 54 55 19 52 69 15 48 29 8 8 29 61 47 51 12 47 39 28 38 25 55 14 33 51 3 44 64 117 104 93 85 79 77 78 84 92 103 108 94 82 72 65 63 65 71 81 93 100 85 72 60 52 49 52 60 71 84 94 78 63 50 39 35 39 49 62 77 90 73 57 41 28 21 27 40 56 72 88 70 53 36 19 7 19 35 52 70 88 70 53 36 20 8 19 36 53 70 90 73 57 42 28 22 28 41 56 73 94 79 64 50 40 36 40 50 63 78 101 86 73 61 53 50 53 60 72 85
72 52 50 51 0 14 16 53 75 8 76 91 58 63 8 34 13 103 37 84 80 55 49 69 10 54 6 53 75 33 73 88 33 66 63 77 11 50 76 97 149 133 118 103 89 77 68 61 60 63 143 127 111 96 81 67 56 48 46 50 139 123 106 90 74 59 45 35 32 38 137 120 103 86 69 52 37 23 19 28 136 118 101 84 67 49 32 15 6 21 136 119 102 84 67 50 33 18 11 23 138 121 104 87 71 55 40 28 24 32 141 124 108 92 76 62 49 40 38 43 145 129 114 98 84 71 60 53 51 55 151 135 121 106 93 82 73 67 65 68
60 41 37 40 14 0 8 45 63 9 67 81 50 62 20 21 22 97 26 77 67 44 36 60 23 53 12 43 69 22 63 76 26 65 50 68 20 38 69 91 144 129 115 101 89 80 73 69 70 75 138 122 107 92 79 68 60 56 57 63 132 116 100 85 70 57 47 42 44 51 129 112 95 79 63 48 35 28 31 41 126 109 92 75 58 42 26 15 19 34 126 108 91 74 57 39 22 5 14 31 127 109 92 75 58 42 26 15 20 34 129 112 95 79 63 48 36 29 31 42 133 116 101 85 71 58 48 42 44 52 138 122 107 93 80 68 60 56 58 64
63 45 41 44 16 8 0 52 67 14 73 86 56 69 23 25 27 104 31 83 70 49 40 67 23 60 12 49 77 18 69 81 34 72 54 74 25 43 76 98 151 136 122 109 97 87 79 75 75 79 144 129 114 100 87 75 67 62 61 66 139 123 107 92 77 65 54 48 48 53 135 118 102 86 70 55 43 35 34 42 132 115 98 81 64 48 33 22 21 32 131 114 96 79 62 45 27 11 10 27 131 114 96 79 62 45 28 13 12 27 133 116 99 82 66 50 35 25 24 34 136 119 103 87 72 57 45 38 38 45 140 124 109 94 80 67 57 51 51 56
36 20 27 23 53 45 52 0 35 46 24 42 7 32 53 30 48 53 23 32 43 17 30 17 62 26 55 12 27 54 23 42 20 33 33 26 48 20 25 47 100 86 74 63 57 55 59 67 78 91 93 78 64 52 43 41 46 56 69 83 88 72 56 42 31 27 34 47 62 78 85 68 51 34 19 13 25 40 57 74 84 66 49 32 15 4 21 38 56 73 85 68 52 35 21 16 26 41 58 75 89 73 57 44 33 30 36 48 63 79 95 80 66 54 46 44 48 58 70 85 102 88 76 66 60 58 61 69 80 92 111 98 87 79 73 72 74 81 90 102
5 23 26 24 75 63 67 35 0 68 27 24 30 65 78 42 75 62 38 44 9 22 28 29 85 60 75 26 50 59 21 16 47 65 14 25 74 25 44 59 107 98 90 86 85 87 93 101 112 124 96 86 77 72 71 74 80 90 102 115 87 74 64 58 57 61 69 80 93 107 78 64 52 45 43 48 58 71 85 101 71 56 42 31 29 36 49 63 79 96 67 50 34 20 15 26 42 59 75 93 65 48 31 13 5 22 40 57 74 91 67 50 34 20 15 26 42 59 75 92 71 56 42 31 29 36 48 63 79 96 78 64 52 45 43 48 58 71 85 100
65 45 43 44 8 9 14 46 68 0 69 84 51 58 12 27 14 97 30 77 73 48 42 62 17 49 10 46 68 30 66 81 26 61 56 70 11 43 69 90 143 127 112 98 85 74 66 61 62 67 137 121 105 90 76 63 53 48 48 55 133 116 100 84 68 54 42 34 35 43 130 113 96 79 62 46 31 21 22 34 129 111 94 77 60 42 25 9 12 29 129 112 94 77 60 43 26 11 14 29 131 114 97 80 63 48 33 24 25 36 134 117 101 85 70 56 44 37 38 46 138 122 107 92 78 66 56 51 51 57 144 129 114 100 88 77 69 64 65 70
31 31 39 33 76 67 73 24 27 69 0 20 18 44 77 49 72 37 42 17 35 26 41 8 85 42 78 25 24 71 7 24 43 43 35 4 72 33 18 33 84 73 64 59 59 64 73 85 98 112 75 62 51 45 45 52 62 76 90 106 67 52 40 31 32 40 54 69 84 101 62 46 30 18 19 31 47 64 81 98 60 43 26 9 10 27 45 62 79 96 62 45 29 15 16 30 46 63 80 97 66 51 37 28 28 38 52 67 83 100 73 59 48 42 42 49 60 74 89 104 82 70 61 56 56 61 70 82 96 110 92 81 74 70 70 74 82 92 104 118
29 41 47 43 91 81 86 42 24 84 20 0 36 64 93 61 89 43 55 31 28 37 49 27 101 62 92 39 42 81 20 10 60 62 37 17 89 43 36 42 85 77 73 72 76 83 93 104 118 132 74 64 59 58 63 71 82 96 110 125 63 52 45 44 50 60 73 88 103 119 54 41 31 30 38 51 66 82 98 115 48 32 19 17 29 45 61 78 95 112 45 28 11 8 25 42 59 77 94 111 47 31 17 15 28 44 61 78 95 112 53 39 30 29 37 50 65 81 98 115 62 50 43 42 48 59 72 87 103 119 72 63 57 56 61 70 81 95 109 124
31 19 26 21 58 50 56 7 30 51 18 36 0 36 59 33 54 50 26 29 38 14 29 11 67 31 60 10 26 56 16 35 25 36 29 20 54 20 23 44 97 84 73 64 59 59 64 72 84 97 90 75 62 51 45 45 51 62 75 90 84 68 53 40 31 31 40 53 68 84 80 63 46 31 18 19 31 47 63 80 78 61 44 26 9 10 27 44 61 79 79 62 45 29 15 16 29 46 63 80 82 66 51 37 28 28 38 51 67 83 88 73 60 48 42 42 48 60 73 88 95 82 70 61 55 55 61 70 82 95 104 92 81 74 69 69 73 81 91 104
67 52 58 54 63 62 69 32 65 58 44 64 36 0 59 56 52 49 50 37 74 49 61 39 69 9 67 44 24 78 47 67 39 4 65 47 54 52 30 42 89 72 56 41 28 23 30 43 58 74 86 69 52 35 19 9 21 37 54 71 86 69 52 34 18 6 20 37 54 71 88 71 55 39 26 20 27 41 57 73 92 76 61 48 38 34 38 49 63 78 98 84 70 59 51 48 51 60 71 85 106 92 80 71 64 62 64 71 81 93 115 102 92 83 78 76 78 83 92 103 125 113 104 96 91 90 91 96 104 113 135 125 116 109 105 104 105 109 116 124
76 55 54 55 8 20 23 53 78 12 77 93 59 59 0 38 8 101 41 83 84 57 54 70 10 51 13 55 73 41 75 90 34 63 67 78 6 53 75 95 146 130 115 99 85 72 62 54 52 56 142 125 109 93 77 63 50 41 39 43 139 122 105 88 72 56 41 29 25 32 137 120 102 85 68 51 34 19 11 23 136 119 102 85 67 50 33 16 5 21 137 120 103 86 69 53 37 23 18 27 140 123 106 90 74 59 45 35 31 37 144 127 111 96 81 67 56 48 45 49 149 133 118 103 89 77 67 61 59 62 155 140 125 112 99 88 80 74 73 75
39 20 16 19 34 21 25 30 42 27 49 61 33 56 38 0 37 82 8 61 47 24 16 43 43 47 33 25 57 24 45 56 18 58 30 49 35 18 55 77 130 116 103 92 83 77 74 76 81 90 122 107 94 81 71 64 61 63 69 79 116 100 85 71 59 51 47 49 57 69 111 94 78 63 49 38 33 36 47 60 107 90 74 57 41 27 19 25 38 54 106 89 71 54 37 20 5 17 34 51 106 89 72 55 38 21 10 19 35 52 108 92 75 59 43 30 24 28 41 56 112 96 80 66 52 42 38 41 50 63 118 102 88 75 63 55 51 54 61 72
73 52 51 52 13 22 27 48 75 14 72 89 54 52 8 37 0 95 38 77 81 54 52 64 17 44 19 51 67 43 70 86 30 55 65 73 3 50 68 89 139 123 108 92 78 65 55 49 49 54 135 118 102 86 70 56 43 36 35 43 132 115 98 81 65 49 34 22 22 33 131 114 96 79 62 45 28 12 11 27 131 114 96 79 62 45 28 12 12 27 133 115 99 82 65 49 35 24 23 34 136 119 103 86 71 57 45 37 37 44 140 124 108 93 79 66 56 50 50 56 146 130 115 101 88 77 69 64 64 68 152 138 124 111 99 89 82 78 77 81
66 66 74 69 103 97 104 53 62 97 37 43 50 49 101 82 95 0 75 22 69 62 77 40 111 53 106 59 29 105 43 52 71 45 71 39 96 68 28 7 48 36 30 33 43 57 73 89 105 122 41 26 16 21 35 51 68 85 102 119 38 21 4 15 32 49 67 84 101 118 41 25 14 20 35 51 68 85 102 119 47 35 28 31 42 56 72 88 105 122 57 47 42 44 52 64 78 93 109 125 68 60 56 58 64 74 87 100 115 131 80 73 70 72 77 85 96 109 122 137 93 87 85 85 90 97 107 118 131 145 106 101 99 99 103 109 118 128 140 153
36 15 14 15 37 26 31 23 38 30 42 55 26 50 41 8 38 75 0 54 43 18 15 36 47 41 38 18 49 31 38 51 14 52 27 43 37 13 48 69 123 109 96 85 77 72 70 73 80 90 115 100 87 74 64 58 56 60 68 79 109 93 78 64 52 45 43 48 57 70 104 88 71 56 42 31 29 36 48 63 101 84 67 50 34 20 15 26 42 58 100 83 66 48 31 14 5 22 39 57 101 84 67 50 34 19 15 26 42 58 104 87 71 56 42 31 28 35 48 63 109 93 78 64 52 44 42 47 57 70 115 100 86 74 64 57 56 60 68 79
47 45 53 48 84 77 83 32 44 77 17 31 29 37 83 61 77 22 54 0 52 41 56 19 92 39 86 38 14 84 24 37 51 35 51 20 78 47 9 17 69 57 47 43 45 54 66 80 95 110 62 47 35 29 32 43 58 73 89 106 56 40 25 15 21 36 52 69 86 103 55 37 20 3 16 33 50 68 85 102 56 40 25 15 21 36 52 69 86 103 62 47 35 29 32 43 58 73 89 106 69 57 47 43 45 54 66 79 95 110 79 68 60 57 59 65 75 88 102 116 90 80 74 71 72 78 86 97 110 124 101 93 87 85 86 91 98 108 119 132
9 30 31 29 80 67 70 43 9 73 35 28 38 74 84 47 81 69 43 52 0 29 31 37 89 68 79 34 58 60 29 19 54 73 17 32 80 31 52 66 113 104 97 94 93 96 101 109 119 131 101 91 84 80 79 82 89 98 109 122 91 80 71 66 65 69 77 87 99 113 81 68 58 52 51 56 65 77 91 106 73 59 46 38 37 44 55 69 84 100 67 51 36 25 24 33 47 63 79 96 64 47 30 14 11 26 42 60 77 94 63 46 29 13 9 25 42 59 77 94 66 50 35 23 21 32 46 62 79 96 72 57 45 36 35 42 54 68 83 99
21 5 13 8 55 44 49 17 22 48 26 37 14 49 57 24 54 62 18 41 29 0 16 22 65 42 55 6 40 46 21 33 25 49 17 26 53 7 36 57 109 97 86 78 72 71 74 81 91 102 100 87 75 65 59 57 61 69 80 93 93 78 64 53 45 43 48 58 71 86 87 71 56 42 32 30 37 49 64 80 84 67 50 34 20 16 27 42 59 76 82 65 48 30 13 5 22 40 57 74 83 66 50 33 19 14 26 42 59 76 87 71 55 41 30 28 35 48 63 79 92 77 63 51 43 42 47 57 70 85 99 86 73 63 57 56 60 68 79 92
24 11 3 8 49 36 40 30 28 42 41 49 29 61 54 16 52 77 15 56 31 16 0 37 59 53 48 20 55 32 36 43 28 62 15 40 51 10 52 72 125 112 101 92 86 83 84 88 95 104 116 102 90 80 73 69 70 75 83 94 108 93 80 68 60 55 56 62 72 84 101 86 71 58 47 41 43 50 62 76 96 80 64 49 35 28 30 40 54 70 93 76 59 42 26 14 18 32 49 66 92 75 58 40 23 6 13 30 47 64 94 77 60 43 28 17 20 33 49 66 97 81 65 50 37 30 32 42 55 71 102 87 72 59 49 44 45 52 64 77
31 26 34 29 69 60 67 17 29 62 8 27 11 39 70 43 64 40 36 19 37 22 37 0 78 35 71 19 21 66 9 29 36 37 33 10 65 28 16 35 88 76 65 58 56 60 67 78 91 105 80 66 54 45 42 47 56 69 83 98 73 57 43 32 28 35 47 61 77 93 69 52 36 21 15 24 40 56 73 90 67 50 33 15 3 20 37 55 72 89 69 52 36 21 15 25 40 57 73 90 73 58 43 33 29 35 47 62 77 94 80 66 54 45 43 47 56 69 83 99 88 76 66 59 57 60 68 78 91 105 98 87 78 73 71 73 80 89 100 113
82 62 59 61 10 23 23 62 85 17 85 101 67 69 10 43 17 111 47 92 89 65 59 78 0 61 12 63 82 40 83 97 42 72 73 87 15 60 84 104 156 140 124 109 95 81 70 61 57 57 151 135 118 102 87 72 59 49 43 44 148 131 114 97 81 65 50 37 30 31 146 129 111 94 77 60 44 28 16 19 145 128 110 93 76 58 41 24 7 12 146 128 111 94 77 60 43 27 15 17 147 130 114 97 80 64 49 36 28 29 151 134 118 102 86 71 58 47 41 42 155 139 123 108 93 80 68 59 55 55 161 145 130 116 102 90 80 72 68 69
61 44 50 47 54 53 60 26 60 49 42 62 31 9 51 47 44 53 41 39 68 42 53 35 61 0 59 37 26 69 44 64 30 12 58 45 46 44 30 47 96 80 64 49 37 31 33 43 57 72 92 75 59 42 27 17 21 35 51 68 91 74 56 39 22 5 14 31 49 66 92 75 58 41 25 13 18 33 50 67 95 78 62 47 34 27 30 41 55 71 99 84 69 56 46 40 42 51 63 77 106 91 78 67 58 54 56 62 72 85 114 100 88 79 71 68 69 74 83 94 123 111 100 91 85 82 83 87 95 104 133 121 112 104 99 96 97 100 107 115
72 52 49 51 6 12 12 55 75 10 78 92 60 67 13 33 19 106 38 86 79 55 48 71 12 59 0 55 78 29 75 88 36 70 62 79 16 50 79 100 152 137 122 108 94 83 73 67 65 68 147 131 115 100 85 72 61 54 51 55 142 126 109 93 78 63 50 41 38 42 139 122 105 88 72 56 41 29 24 31 137 120 103 86 69 52 35 19 10 22 137 120 103 85 68 51 34 17 5 20 138 121 104 87 70 54 38 24 18 27 141 124 107 91 75 60 46 36 32 37 145 128 112 97 82 68 57 49 46 50 150 134 119 104 90 78 68 62 60 62
26 9 17 12 53 43 49 12 26 46 25 39 10 44 55 25 51 59 18 38 34 6 20 19 63 37 55 0 36 47 21 36 22 44 22 25 51 10 33 53 106 93 82 73 68 66 69 76 86 98 98 84 71 61 54 52 56 65 76 90 91 76 62 49 41 38 44 54 68 83 86 70 54 39 28 25 32 46 61 77 84 66 49 33 17 11 24 40 57 74 83 66 49 31 14 6 22 39 57 74 85 68 52 36 23 19 28 43 59 76 89 73 58 45 35 33 39 51 65 80 95 81 67 56 48 47 51 60 73 87 103 89 78 68 62 61 64 72 82 95
52 44 52 47 75 69 77 27 50 68 24 42 26 24 73 57 67 29 49 14 58 40 55 21 82 26 78 36 0 80 29 47 43 21 54 27 68 45 7 23 75 60 47 38 36 41 52 66 81 97 69 53 38 26 22 30 44 60 76 93 66 49 32 16 9 23 39 57 74 91 66 49 32 16 8 23 39 57 74 91 69 53 38 25 22 30 44 60 76 93 75 60 47 38 36 41 52 66 81 97 83 69 59 51 50 54 62 74 88 103 92 80 71 65 64 67 74 84 96 110 102 92 84 79 78 80 86 95 106 119 113 104 97 93 92 94 99 107 116 128
55 41 34 39 33 22 18 54 59 30 71 81 56 78 41 24 43 105 31 84 60 46 32 66 40 69 29 47 80 0 66 74 39 80 45 71 41 39 78 100 153 140 127 115 105 98 92 90 91 96 145 131 117 105 94 85 79 76 78 83 138 123 108 95 83 72 65 63 64 71 132 116 101 86 73 61 52 49 51 59 128 111 95 79 64 50 40 35 38 48 125 108 91 74 58 42 28 21 27 40 123 106 89 71 54 37 20 7 18 35 123 106 89 71 54 37 20 8 18 35 125 108 91 74 58 42 28 21 27 40 128 111 95 79 64 50 40 35 39 48
24 26 33 28 73 63 69 23 21 66 7 20 16 47 75 45 70 43 38 24 29 21 36 9 83 44 75 21 29 66 0 20 41 46 28 5 70 28 23 39 90 79 70 65 64 68 76 86 99 113 81 68 58 51 50 55 65 77 91 106 73 58 46 38 37 43 55 69 84 100 67 51 36 24 23 33 47 63 79 96 64 46 29 14 10 25 42 59 77 94 63 46 29 13 10 25 42 59 77 94 67 50 35 24 22 32 47 62 79 96 72 58 45 37 36 43 54 68 84 100 80 67 57 51 50 55 64 76 90 105 90 78 70 64 64 68 75 86 99 112
21 36 41 38 88 76 81 42 16 81 24 10 35 67 90 56 86 52 51 37 19 33 43 29 97 64 88 36 47 74 20 0 57 65 30 20 86 38 40 50 94 86 81 79 82 87 96 106 118 132 83 73 67 65 68 75 84 96 110 124 72 61 54 51 55 63 74 88 102 118 62 50 40 37 42 52 66 80 96 112 55 40 28 23 30 43 59 75 92 109 51 34 18 9 22 38 55 72 89 107 51 34 17 7 21 38 55 72 89 107 54 39 25 20 28 42 58 74 91 108 61 48 38 34 39 50 64 79 95 112 70 59 51 48 52 61 72 86 101 116
46 24 27 25 33 26 34 20 47 26 43 60 25 39 34 18 30 71 14 51 54 25 28 36 42 30 36 22 43 39 41 57 0 41 39 45 30 23 44 65 118 103 89 77 66 59 57 60 67 78 112 96 81 67 55 46 43 47 56 69 107 91 74 59 45 34 29 35 46 61 104 87 70 53 37 22 16 24 39 56 103 86 68 51 34 16 2 19 36 54 104 87 70 53 36 21 13 23 39 55 106 90 74 58 43 32 27 33 45 60 111 95 80 66 53 44 41 45 55 67 117 102 88 75 65 57 55 58 66 76 124 110 97 86 77 71 69 71 77 87
66 53 59 55 66 65 72 33 65 61 43 62 36 4 63 58 55 45 52 35 73 49 62 37 72 12 70 44 21 80 46 65 41 0 65 46 57 53 27 39 85 69 53 38 26 23 31 45 61 77 83 66 48 31 15 10 24 41 58 75 83 65 48 31 15 8 23 40 57 75 85 68 52 37 24 21 30 45 60 77 89 74 59 46 37 35 41 52 66 82 96 81 68 57 50 49 53 62 74 88 104 90 79 69 64 63 66 74 84 96 113 101 90 82 78 76 79 86 95 106 123 112 102 96 91 90 93 98 106 116 134 123 115 109 105 104 106 111 118 127
10 15 14 14 63 50 54 33 14 56 35 37 29 65 67 30 65 71 27 51 17 17 15 33 73 58 62 22 54 45 28 30 39 65 0 33 64 16 49 67 118 107 98 91 87 87 90 96 105 116 108 96 85 78 74 73 77 84 94 106 99 85 74 65 60 59 64 73 84 97 91 76 63 52 46 46 52 62 75 90 85 69 54 41 32 32 40 53 68 84 81 64 47 32 19 19 31 46 63 80 79 62 44 27 10 9 26 43 61 78 80 63 46 29 15 15 28 45 62 79 83 67 51 37 28 27 36 50 66 82 88 73 59 48 41 41 47 59 72 87
28 31 38 33 77 68 74 26 25 70 4 17 20 47 78 49 73 39 43 20 32 26 40 10 87 45 79 25 27 71 5 20 45 46 33 0 74 32 21 35 85 74 66 62 62 68 76 88 101 115 76 63 53 48 49 55 66 79 93 108 68 53 41 34 35 44 57 71 87 103 62 46 31 20 22 34 50 66 83 100 59 42 25 9 12 29 46 63 81 98 60 43 26 12 15 30 47 64 81 98 63 48 34 25 26 37 51 67 84 101 70 56 45 38 39 47 59 73 89 105 79 66 57 52 53 59 69 81 95 110 89 78 70 66 67 71 80 91 103 117
72 51 50 51 11 20 25 48 74 11 72 89 54 54 6 35 3 96 37 78 80 53 51 65 15 46 16 51 68 41 70 86 30 57 64 74 0 50 70 90 141 125 109 94 80 68 58 52 51 56 137 120 104 88 72 58 46 38 37 44 133 116 99 83 66 50 36 25 24 34 132 114 97 80 63 46 29 14 12 27 132 114 97 80 62 45 28 12 10 26 133 116 99 82 65 49 34 22 21 32 136 119 102 86 70 56 43 35 34 41 140 124 108 92 78 65 54 48 47 53 145 130 115 100 87 76 67 62 61 65 152 137 123 109 97 87 80 75 75 78
23 3 7 3 50 38 43 20 25 43 33 43 20 52 53 18 50 68 13 47 31 7 10 28 60 44 50 10 45 39 28 38 23 53 16 32 50 0 42 63 115 103 92 83 77 74 76 81 90 100 107 93 81 70 63 60 62 69 79 91 100 85 71 59 50 46 49 57 69 82 94 78 62 48 37 32 36 47 60 76 90 73 56 40 26 18 25 39 54 71 88 71 54 36 19 5 17 34 52 69 89 71 54 37 21 11 20 36 52 69 91 75 59 43 31 24 29 42 57 73 96 80 66 53 43 38 42 51 64 78 103 88 75 64 56 52 55 62 73 86
47 41 49 44 76 69 76 25 44 69 18 36 23 30 75 55 68 28 48 9 52 36 52 16 84 30 79 33 7 78 23 40 44 27 49 21 70 42 0 22 75 62 50 43 42 48 58 72 86 102 69 53 39 29 28 36 50 65 81 97 64 48 31 17 15 28 44 60 77 94 63 46 29 11 7 24 42 59 76 94 65 48 32 19 17 29 44 61 78 95 70 55 41 32 31 38 51 66 82 98 77 63 52 45 44 50 60 73 88 103 86 74 65 59 58 62 71 82 95 109 96 85 77 73 72 76 83 92 104 117 107 98 91 87 86 89 95 103 114 126
63 61 69 64 97 91 98 47 59 90 33 42 44 42 95 77 89 7 69 17 66 57 72 35 104 47 100 53 23 100 39 50 65 39 67 35 90 63 22 0 54 41 32 31 39 52 67 83 99 116 47 32 19 18 30 46 62 79 96 113 45 27 10 8 26 43 60 77 95 112 46 30 16 15 29 45 61 78 96 113 52 38 29 28 37 51 66 82 98 115 61 49 42 42 48 59 73 87 103 119 71 62 56 56 61 70 81 95 109 125 83 75 70 70 74 81 91 103 117 131 95 88 84 84 87 93 102 113 126 139 108 102 98 98 101 106 114 124 135 148
111 114 122 117 149 144 151 100 107 143 84 85 97 89 146 130 139 48 123 69 113 109 125 88 156 96 152 106 75 153 90 94 118 85 118 85 141 115 75 54 0 18 35 52 70 87 104 122 139 156 15 23 38 54 71 88 105 122 140 157 29 34 45 60 75 91 108 125 142 159 43 47 55 68 82 97 113 129 145 162 58 60 67 77 90 104 119 134 150 166 72 74 80 88 99 112 126 140 156 171 86 88 93 100 110 122 134 148 162 177 100 102 106 112 121 132 144 156 170 184 115 116 119 125 133 143 154 166 179 192 129 130 133 138 145 154 164 176 188 201
102 101 109 104 133 129 136 86 98 127 73 77 84 72 130 116 123 36 109 57 104 97 112 76 140 80 137 93 60 140 79 86 103 69 107 74 125 103 62 41 18 0 18 35 52 70 87 104 122 139 23 15 23 38 54 71 88 105 122 140 34 29 34 45 60 75 91 108 125 142 47 43 46 55 67 82 97 112 129 145 60 57 60 67 77 90 104 118 134 150 74 72 73 79 88 99 112 126 140 155 88 86 87 92 100 110 121 134 148 162 102 100 101 105 112 121 131 143 156 170 116 114 115 119 125 133 142 153 165 178 130 128 129 132 138 145 154 164 175 187
94 90 98 93 118 115 122 74 90 112 64 73 73 56 115 103 108 30 96 47 97 86 101 65 124 64 122 82 47 127 70 81 89 53 98 66 109 92 50 32 35 18 0 18 35 52 70 87 104 122 38 23 15 23 38 54 71 88 105 122 45 34 29 34 45 60 75 91 108 125 55 46 43 46 55 67 81 97 112 129 67 60 57 60 67 77 90 104 118 134 80 73 71 73 79 88 99 112 126 140 93 87 85 87 92 99 109 121 134 148 106 101 99 101 105 112 121 131 143 156 119 115 114 115 118 124 132 142 153 165 133 129 128 129 132 137 144 153 163 175
89 82 90 85 103 101 109 63 86 98 59 72 64 41 99 92 92 33 85 43 94 78 92 58 109 49 108 73 38 115 65 79 77 38 91 62 94 83 43 31 52 35 18 0 18 35 52 70 87 104 54 38 23 15 23 38 54 71 88 105 60 45 34 29 33 45 59 75 91 108 68 55 46 43 46 55 67 81 97 112 77 67 60 57 59 66 77 89 103 118 88 79 73 71 73 79 88 99 112 125 100 92 87 85 87 91 99 109 121 134 112 105 101 99 100 105 111 120 131 143 125 119 115 113 114 118 124 132 141 152 138 132 129 127 128 131 137 144 153 163
87 76 83 79 89 89 97 57 85 85 59 76 59 28 85 83 78 43 77 45 93 72 86 56 95 37 94 68 36 105 64 82 66 26 87 62 80 77 42 39 70 52 35 18 0 18 35 52 70 87 71 54 38 23 15 23 38 54 71 88 75 60 45 33 29 33 45 59 75 91 82 67 55 46 43 46 55 67 81 96 90 77 67 59 57 59 66 77 89 103 99 88 79 73 71 73 78 87 99 111 110 100 92 87 85 86 91 99 109 120 121 112 105 100 99 100 104 111 120 130 133 125 118 114 113 114 117 123 131 141 145 138 132 128 127 127 131 136 143 152
89 74 81 77 77 80 87 55 87 74 64 83 59 23 72 77 65 57 72 54 96 71 83 60 81 31 83 66 41 98 68 87 59 23 87 68 68 74 48 52 87 70 52 35 18 0 18 35 52 70 88 71 54 38 23 14 23 38 54 71 91 75 60 45 33 28 33 45 59 75 97 82 67 55 46 42 46 55 67 81 104 90 77 66 59 56 59 66 76 89 112 99 88 79 73 70 72 78 87 98 122 110 99 91 86 84 86 91 98 108 132 121 112 105 100 98 99 104 110 119 143 133 124 118 114 112 113 117 123 131 154 145 137 131 127 126 127 130 135 143
94 76 81 78 68 73 79 59 93 66 73 93 64 30 62 74 55 73 70 66 101 74 84 67 70 33 73 69 52 92 76 96 57 31 90 76 58 76 58 67 104 87 70 52 35 18 0 18 35 52 105 88 71 54 38 23 14 23 38 54 108 91 75 59 45 33 28 33 45 59 113 97 81 67 55 46 42 46 54 67 119 104 90 77 66 59 56 59 66 76 126 112 99 88 78 72 70 72 78 87 134 121 109 99 91 86 84 85 90 98 144 131 121 111 104 99 98 99 103 110 154 142 132 124 117 113 112 113 116 122 164 154 144 137 131 127 125 126 130 135
101 82 86 84 61 69 75 67 101 61 85 104 72 43 54 76 49 89 73 80 109 81 88 78 61 43 67 76 66 90 86 106 60 45 96 88 52 81 72 83 122 104 87 70 52 35 18 0 18 35 122 105 88 71 54 38 23 14 23 38 125 108 91 75 59 45 33 28 33 45 129 112 97 81 67 55 46 42 45 54 134 118 104 89 77 66 59 56 58 65 140 126 112 99 87 78 72 70 72 77 148 134 121 109 99 91 85 83 85 90 156 143 131 120 111 104 99 97 99 103 166 153 142 132 123 117 113 111 112 116 176 164 153 144 136 130 126 125 126 129
111 91 93 92 60 70 75 78 112 62 98 118 84 58 52 81 49 105 80 95 119 91 95 91 57 57 65 86 81 91 99 118 67 61 105 101 51 90 86 99 139 122 104 87 70 52 35 18 0 18 140 122 105 88 71 54 38 23 14 23 142 125 108 91 75 59 45 33 28 33 145 129 112 97 81 67 54 45 42 45 150 134 118 103 89 76 66 58 55 58 156 140 126 112 99 87 78 72 69 71 162 148 134 121 109 98 90 85 83 85 170 156 143 131 120 110 103 99 97 98 179 165 153 141 131 123 116 112 110 112 188 175 163 153 143 135 130 126 124 125
123 102 103 103 63 75 79 91 124 67 112 132 97 74 56 90 54 122 90 110 131 102 104 105 57 72 68 98 97 96 113 132 78 77 116 115 56 100 102 116 156 139 122 104 87 70 52 35 18 0 157 140 122 105 88 71 54 38 23 14 159 142 125 108 91 75 59 45 33 28 162 145 129 112 96 81 67 54 45 42 166 150 134 118 103 89 76 65 58 55 171 155 140 125 111 98 87 77 71 69 177 162 148 134 120 108 98 90 85 83 184 170 156 143 130 119 110 103 98 96 192 178 165 152 141 131 122 116 112 110 201 187 175 163 152 143 135 129 125 124
101 105 113 108 143 138 144 93 96 137 75 74 90 86 142 122 135 41 115 62 101 100 116 80 151 92 147 98 69 145 81 83 112 83 108 76 137 107 69 47 15 23 38 54 71 88 105 122 140 157 0 18 35 52 70 87 104 122 139 156 15 23 38 54 71 88 105 122 140 157 29 34 45 60 75 91 108 125 142 159 43 47 55 68 82 97 113 129 145 162 58 60 67 77 90 104 119 134 150 166 72 74 80 88 99 112 126 140 156 171 86 88 93 100 110 122 134 148 162 177 100 102 106 112 121 132 144 156 170 184 115 116 119 125 133 143 154 166 179 192
90 91 99 94 127 122 129 78 86 121 62 64 75 69 125 107 118 26 100 47 91 87 102 66 135 75 131 84 53 131 68 73 96 66 96 63 120 93 53 32 23 15 23 38 54 71 88 105 122 140 18 0 18 35 52 70 87 104 122 139 23 15 23 38 54 71 88 105 122 140 34 29 34 45 60 75 91 108 125 142 47 43 46 55 67 82 97 112 129 145 60 57 60 67 77 90 104 118 134 150 74 72 73 79 88 99 112 126 140 155 88 86 87 92 100 110 121 134 148 162 102 100 101 105 112 121 131 143 156 170 116 114 115 119 125 133 142 153 165 178
81 79 87 82 111 107 114 64 77 105 51 59 62 52 109 94 102 16 87 35 84 75 90 54 118 59 115 71 38 117 58 67 81 48 85 53 104 81 39 19 38 23 15 23 38 54 71 88 105 122 35 18 0 18 35 52 70 87 104 122 38 23 15 23 38 54 71 88 105 122 45 34 29 34 45 60 75 91 108 125 55 46 43 46 55 67 81 97 112 129 67 60 57 60 67 77 90 104 118 134 80 73 71 73 79 88 99 112 126 140 93 87 85 87 92 99 109 121 134 148 106 101 99 101 105 112 121 131 143 156 119 115 114 115 118 124 132 142 153 165
75 69 77 72 96 92 100 52 72 90 45 58 51 35 93 81 86 21 74 29 80 65 80 45 102 42 100 61 26 105 51 65 67 31 78 48 88 70 29 18 54 38 23 15 23 38 54 71 88 105 52 35 18 0 18 35 52 70 87 104 54 38 23 15 23 38 54 71 88 105 60 45 34 29 33 45 59 75 91 108 68 55 46 43 46 55 67 81 97 112 77 67 60 57 59 66 77 89 103 118 88 79 73 71 73 79 88 99 112 125 100 92 87 85 87 91 99 109 121 134 112 105 101 99 100 105 111 120 131 143 125 119 115 113 114 118 124 132 141 152
73 63 70 65 81 79 87 43 71 76 45 63 45 19 77 71 70 35 64 32 79 59 73 42 87 27 85 54 22 94 50 68 55 15 74 49 72 63 28 30 71 54 38 23 15 23 38 54 71 88 70 52 35 18 0 18 35 52 70 87 71 54 38 23 15 23 38 54 71 88 75 60 45 33 29 33 45 59 75 91 82 67 55 46 43 46 55 67 81 96 90 77 67 59 57 59 66 77 89 103 99 88 79 73 71 73 78 87 99 111 110 100 92 87 85 86 91 99 109 120 121 112 105 100 99 100 104 111 120 130 133 125 118 114 113 114 117 123 131 141
75 60 67 63 67 68 75 41 74 63 52 71 45 9 63 64 56 51 58 43 82 57 69 47 72 17 72 52 30 85 55 75 46 10 73 55 58 60 36 46 88 71 54 38 23 14 23 38 54 71 87 70 52 35 18 0 18 35 52 70 88 71 54 38 23 14 23 38 54 71 91 75 60 45 33 28 33 45 59 75 97 82 67 55 46 42 46 55 67 81 104 90 77 66 59 56 59 66 76 89 112 99 88 79 73 70 72 78 87 98 122 110 99 91 86 84 86 91 98 108 132 121 112 105 100 98 99 104 110 119 143 133 124 118 114 112 113 117 123 131
81 63 68 65 56 60 67 46 80 53 62 82 51 21 50 61 43 68 56 58 89 61 70 56 59 21 61 56 44 79 65 84 43 24 77 66 46 62 50 62 105 88 71 54 38 23 14 23 38 54 104 87 70 52 35 18 0 18 35 52 105 88 71 54 38 23 14 23 38 54 108 91 75 59 45 33 28 33 45 59 113 97 81 67 55 46 42 46 54 67 119 104 90 77 66 59 56 59 66 76 126 112 99 88 78 72 70 72 78 87 134 121 109 99 91 86 84 85 90 98 144 131 121 111 104 99 98 99 103 110 154 142 132 124 117 113 112 113 116 122
90 70 73 71 48 56 62 56 90 48 76 96 62 37 41 63 36 85 60 73 98 69 75 69 49 35 54 65 60 76 77 96 47 41 84 79 38 69 65 79 122 105 88 71 54 38 23 14 23 38 122 104 87 70 52 35 18 0 18 35 122 105 88 71 54 38 23 14 23 38 125 108 91 75 59 45 33 28 33 45 129 112 97 81 67 55 46 42 45 54 134 118 104 89 77 66 59 56 58 65 140 126 112 99 87 78 72 70 72 77 148 134 121 109 99 91 85 83 85 90 156 143 131 120 111 104 99 97 99 103 166 153 142 132 123 117 113 111 112 116
101 80 82 81 46 57 61 69 102 48 90 110 75 54 39 69 35 102 68 89 109 80 83 83 43 51 51 76 76 78 91 110 56 58 94 93 37 79 81 96 140 122 105 88 71 54 38 23 14 23 139 122 104 87 70 52 35 18 0 18 140 122 105 88 71 54 38 23 14 23 142 125 108 91 75 59 45 33 28 33 145 129 112 97 81 67 54 45 42 45 150 134 118 103 89 76 66 58 55 58 156 140 126 112 99 87 78 72 69 71 162 148 134 121 109 98 90 85 83 85 170 156 143 131 120 110 103 99 97 98 179 165 153 141 131 123 116 112 110 112
114 92 93 93 50 63 66 83 115 55 106 125 90 71 43 79 43 119 79 106 122 93 94 98 44 68 55 90 93 83 106 124 69 75 106 108 44 91 97 113 157 140 122 105 88 71 54 38 23 14 156 139 122 104 87 70 52 35 18 0 157 140 122 105 88 71 54 38 23 14 159 142 125 108 91 75 59 45 33 28 162 145 129 112 96 81 67 54 45 42 166 150 134 118 103 89 76 65 58 55 171 155 140 125 111 98 87 77 71 69 177 162 148 134 120 108 98 90 85 83 184 170 156 143 130 119 110 103 98 96 192 178 165 152 141 131 122 116 112 110
91 98 105 100 139 132 139 88 87 133 67 63 84 86 139 116 132 38 109 56 91 93 108 73 148 91 142 91 66 138 73 72 107 83 99 68 133 100 64 45 29 34 45 60 75 91 108 125 142 159 15 23 38 54 71 88 105 122 140 157 0 18 35 52 70 87 104 122 139 156 15 23 38 54 71 88 105 122 140 157 29 34 45 60 75 91 108 125 142 159 43 47 55 68 82 97 113 129 145 162 58 60 67 77 90 104 119 134 150 166 72 74 80 88 99 112 126 140 156 171 86 88 93 100 110 122 134 148 162 177 100 102 106 112 121 132 144 156 170 184
79 83 91 85 123 116 123 72 74 116 52 52 68 69 122 100 115 21 93 40 80 78 93 57 131 74 126 76 49 123 58 61 91 65 85 53 116 85 48 27 34 29 34 45 60 75 91 108 125 142 23 15 23 38 54 71 88 105 122 140 18 0 18 35 52 70 87 104 122 139 23 15 23 38 54 71 88 105 122 140 34 29 34 45 60 75 91 108 125 142 47 43 46 55 67 82 97 112 129 145 60 57 60 67 77 90 104 118 134 150 74 72 73 79 88 99 112 126 140 155 88 86 87 92 100 110 121 134 148 162 102 100 101 105 112 121 131 143 156 170
68 69 77 72 106 100 107 56 64 100 40 45 53 52 105 85 98 4 78 25 71 64 80 43 114 56 109 62 32 108 46 54 74 48 74 41 99 71 31 10 45 34 29 34 45 60 75 91 108 125 38 23 15 23 38 54 71 88 105 122 35 18 0 18 35 52 70 87 104 122 38 23 15 23 38 54 71 88 105 122 45 34 29 34 45 60 75 91 108 125 55 46 43 46 55 67 81 97 112 129 67 60 57 60 67 77 90 104 118 134 80 73 71 73 79 88 99 112 126 140 93 87 85 87 92 99 109 121 134 148 106 101 99 101 105 112 121 131 143 156
61 57 65 60 90 85 92 42 58 84 31 44 40 34 88 71 81 15 64 15 66 53 68 32 97 39 93 49 16 95 38 51 59 31 65 34 83 59 17 8 60 45 34 29 33 45 59 75 91 108 54 38 23 15 23 38 54 71 88 105 52 35 18 0 18 35 52 70 87 104 54 38 23 15 23 38 54 71 88 105 60 45 34 29 33 45 59 75 91 108 68 55 46 43 46 55 67 81 97 112 77 67 60 57 59 66 77 89 103 118 88 79 73 71 73 79 88 99 112 125 100 92 87 85 87 91 99 109 121 134 112 105 101 99 100 105 111 120 131 143
59 49 57 52 74 70 77 31 57 68 32 50 31 18 72 59 65 32 52 21 65 45 60 28 81 22 78 41 9 83 37 55 45 15 60 35 66 50 15 26 75 60 45 33 29 33 45 59 75 91 71 54 38 23 15 23 38 54 71 88 70 52 35 18 0 18 35 52 70 87 71 54 38 23 15 23 38 54 71 88 75 60 45 33 29 33 45 59 75 91 82 67 55 46 43 46 55 67 81 96 90 77 67 59 57 59 66 77 89 103 99 88 79 73 71 73 78 87 99 111 110 100 92 87 85 86 91 99 109 120 121 112 105 100 99 100 104 111 120 130
62 46 53 49 59 57 65 27 61 54 40 60 31 6 56 51 49 49 45 36 69 43 55 35 65 5 63 38 23 72 43 63 34 8 59 44 50 46 28 43 91 75 60 45 33 28 33 45 59 75 88 71 54 38 23 14 23 38 54 71 87 70 52 35 18 0 18 35 52 70 88 71 54 38 23 14 23 38 54 71 91 75 60 45 33 28 33 45 59 75 97 82 67 55 46 42 46 55 67 81 104 90 77 66 59 56 59 66 76 89 112 99 88 79 73 70 72 78 87 98 122 110 99 91 86 84 86 91 98 108 132 121 112 105 100 98 99 104 110 119
69 50 54 52 45 47 54 34 69 42 54 73 40 20 41 47 34 67 43 52 77 48 56 47 50 14 50 44 39 65 55 74 29 23 64 57 36 49 44 60 108 91 75 59 45 33 28 33 45 59 105 88 71 54 38 23 14 23 38 54 104 87 70 52 35 18 0 18 35 52 105 88 71 54 38 23 14 23 38 54 108 91 75 59 45 33 28 33 45 59 113 97 81 67 55 46 42 46 54 67 119 104 90 77 66 59 56 59 66 76 126 112 99 88 78 72 70 72 78 87 134 121 109 99 91 86 84 85 90 98 144 131 121 111 104 99 98 99 103 110
79 58 61 60 35 42 48 47 80 34 69 88 53 37 29 49 22 84 48 69 87 58 62 61 37 31 41 54 57 63 69 88 35 40 73 71 25 57 60 77 125 108 91 75 59 45 33 28 33 45 122 105 88 71 54 38 23 14 23 38 122 104 87 70 52 35 18 0 18 35 122 105 88 71 54 38 23 14 23 38 125 108 91 75 59 45 33 28 33 45 129 112 97 81 67 55 46 42 45 54 134 118 104 89 77 66 59 56 58 65 140 126 112 99 87 78 72 70 72 77 148 134 121 109 99 91 85 83 85 90 156 143 131 120 111 104 99 97 99 103
92 70 71 71 32 44 48 62 93 35 84 103 68 54 25 57 22 101 57 86 99 71 72 77 30 49 38 68 74 64 84 102 46 57 84 87 24 69 77 95 142 125 108 91 75 59 45 33 28 33 140 122 105 88 71 54 38 23 14 23 139 122 104 87 70 52 35 18 0 18 140 122 105 88 71 54 38 23 14 23 142 125 108 91 75 59 45 33 28 33 145 129 112 97 81 67 54 45 42 45 150 134 118 103 89 76 66 58 55 58 156 140 126 112 99 87 78 72 69 71 162 148 134 121 109 98 90 85 83 85 170 156 143 131 120 110 103 99 97 98
105 84 84 84 38 51 53 78 107 43 101 119 84 71 32 69 33 118 70 103 113 86 84 93 31 66 42 83 91 71 100 118 61 75 97 103 34 82 94 112 159 142 125 108 91 75 59 45 33 28 157 140 122 105 88 71 54 38 23 14 156 139 122 104 87 70 52 35 18 0 157 140 122 105 88 71 54 38 23 14 159 142 125 108 91 75 59 45 33 28 162 145 129 112 96 81 67 54 45 42 166 150 134 118 103 89 76 65 58 55 171 155 140 125 111 98 87 77 71 69 177 162 148 134 120 108 98 90 85 83 184 170 156 143 130 119 110 103 98 96
82 92 99 94 137 129 135 85 78 130 62 54 80 88 137 111 131 41 104 55 81 87 101 69 146 92 139 86 66 132 67 62 104 85 91 62 132 94 63 46 43 47 55 68 82 97 113 129 145 162 29 34 45 60 75 91 108 125 142 159 15 23 38 54 71 88 105 122 140 157 0 18 35 52 70 87 104 122 139 156 15 23 38 54 71 88 105 122 140 157 29 34 45 60 75 91 108 125 142 159 43 47 55 68 82 97 113 129 145 162 58 60 67 77 90 104 119 134 150 166 72 74 80 88 99 112 126 140 156 171 86 88 93 100 110 122 134 148 162 177
68 76 83 78 120 112 118 68 64 113 46 41 63 71 120 94 114 25 88 37 68 71 86 52 129 75 122 70 49 116 51 50 87 68 76 46 114 78 46 30 47 43 46 55 67 82 97 112 129 145 34 29 34 45 60 75 91 108 125 142 23 15 23 38 54 71 88 105 122 140 18 0 18 35 52 70 87 104 122 139 23 15 23 38 54 71 88 105 122 140 34 29 34 45 60 75 91 108 125 142 47 43 46 55 67 82 97 112 129 145 60 57 60 67 77 90 104 118 134 150 74 72 73 79 88 99 112 126 140 155 88 86 87 92 100 110 121 134 148 162
57 61 68 63 103 95 102 51 52 96 30 31 46 55 102 78 96 14 71 20 58 56 71 36 111 58 105 54 32 101 36 40 70 52 63 31 97 62 29 16 55 46 43 46 55 67 81 97 112 129 45 34 29 34 45 60 75 91 108 125 38 23 15 23 38 54 71 88 105 122 35 18 0 18 35 52 70 87 104 122 38 23 15 23 38 54 71 88 105 122 45 34 29 34 45 60 75 91 108 125 55 46 43 46 55 67 81 97 112 129 67 60 57 60 67 77 90 104 118 134 80 73 71 73 79 88 99 112 126 140 93 87 85 87 92 99 109 121 134 148
48 47 55 50 86 79 86 34 45 79 18 30 31 39 85 63 79 20 56 3 52 42 58 21 94 41 88 39 16 86 24 37 53 37 52 20 80 48 11 15 68 55 46 43 46 55 67 81 97 112 60 45 34 29 33 45 59 75 91 108 54 38 23 15 23 38 54 71 88 105 52 35 18 0 18 35 52 70 87 104 54 38 23 15 23 38 54 71 88 105 60 45 34 29 33 45 59 75 91 108 68 55 46 43 46 55 67 81 97 112 77 67 60 57 59 66 77 89 103 118 88 79 73 71 73 79 88 99 112 125 100 92 87 85 87 91 99 109 121 134
45 36 44 39 69 63 70 19 43 62 19 38 18 26 68 49 62 35 42 16 51 32 47 15 77 25 72 28 8 73 23 42 37 24 46 22 63 37 7 29 82 67 55 46 43 46 55 67 81 96 75 60 45 33 29 33 45 59 75 91 71 54 38 23 15 23 38 54 71 88 70 52 35 18 0 18 35 52 70 87 71 54 38 23 15 23 38 54 71 88 75 60 45 33 29 33 45 59 75 91 82 67 55 46 43 46 55 67 81 96 90 77 67 59 57 59 66 77 89 103 99 88 79 73 71 73 78 87 99 111 110 100 92 87 85 86 91 99 109 120
49 32 39 35 52 48 55 13 48 46 31 51 19 20 51 38 45 51 31 33 56 30 41 24 60 13 56 25 23 61 33 52 22 21 46 34 46 32 24 45 97 82 67 55 46 42 46 55 67 81 91 75 60 45 33 28 33 45 59 75 88 71 54 38 23 14 23 38 54 71 87 70 52 35 18 0 18 35 52 70 88 71 54 38 23 14 23 38 54 71 91 75 60 45 33 28 33 45 59 75 97 82 67 55 46 42 46 55 67 81 104 90 77 66 59 56 59 66 76 89 112 99 88 79 73 70 72 78 87 98 122 110 99 91 86 84 86 91 98 108
57 37 41 39 37 35 43 25 58 31 47 66 31 27 34 33 28 68 29 50 65 37 43 40 44 18 41 32 39 52 47 66 16 30 52 50 29 36 42 61 113 97 81 67 55 46 42 46 54 67 108 91 75 59 45 33 28 33 45 59 105 88 71 54 38 23 14 23 38 54 104 87 70 52 35 18 0 18 35 52 105 88 71 54 38 23 14 23 38 54 108 91 75 59 45 33 28 33 45 59 113 97 81 67 55 46 42 46 54 67 119 104 90 77 66 59 56 59 66 76 126 112 99 88 78 72 70 72 78 87 134 121 109 99 91 86 84 85 90 98
69 48 49 49 23 28 35 40 71 21 64 82 47 41 19 36 12 85 36 68 77 49 50 56 28 33 29 46 57 49 63 80 24 45 62 66 14 47 59 78 129 112 97 81 67 55 46 42 45 54 125 108 91 75 59 45 33 28 33 45 122 105 88 71 54 38 23 14 23 38 122 104 87 70 52 35 18 0 18 35 122 105 88 71 54 38 23 14 23 38 125 108 91 75 59 45 33 28 33 45 129 112 97 81 67 55 46 42 45 54 134 118 104 89 77 66 59 56 58 65 140 126 112 99 87 78 72 70 72 77 148 134 121 109 99 91 85 83 85 90
83 62 62 62 19 31 34 57 85 22 81 98 63 57 11 47 11 102 48 85 91 64 62 73 16 50 24 61 74 51 79 96 39 60 75 83 12 60 76 96 145 129 112 97 81 67 54 45 42 45 142 125 108 91 75 59 45 33 28 33 140 122 105 88 71 54 38 23 14 23 139 122 104 87 70 52 35 18 0 18 140 122 105 88 71 54 38 23 14 23 142 125 108 91 75 59 45 33 28 33 145 129 112 97 81 67 54 45 42 45 150 134 118 103 89 76 66 58 55 58 156 140 126 112 99 87 78 72 69 71 162 148 134 121 109 98 90 85 83 85
98 78 76 77 28 41 42 74 101 34 98 115 80 73 23 60 27 119 63 102 106 80 76 90 19 67 31 77 91 59 96 112 56 77 90 100 27 76 94 113 162 145 129 112 96 81 67 54 45 42 159 142 125 108 91 75 59 45 33 28 157 140 122 105 88 71 54 38 23 14 156 139 122 104 87 70 52 35 18 0 157 140 122 105 88 71 54 38 23 14 159 142 125 108 91 75 59 45 33 28 162 145 129 112 96 81 67 54 45 42 166 150 134 118 103 89 76 65 58 55 171 155 140 125 111 98 87 77 71 69 177 162 148 134 120 108 98 90 85 83
75 88 94 90 136 126 132 84 71 129 60 48 78 92 136 107 131 47 101 56 73 84 96 67 145 95 137 84 69 128 64 55 103 89 85 59 132 90 65 52 58 60 67 77 90 104 119 134 150 166 43 47 55 68 82 97 113 129 145 162 29 34 45 60 75 91 108 125 142 159 15 23 38 54 71 88 105 122 140 157 0 18 35 52 70 87 104 122 139 156 15 23 38 54 71 88 105 122 140 157 29 34 45 60 75 91 108 125 142 159 43 47 55 68 82 97 113 129 145 162 58 60 67 77 90 104 119 134 150 166 72 74 80 88 99 112 126 140 156 171
60 71 78 73 118 109 115 66 56 111 43 32 61 76 119 90 114 35 84 40 59 67 80 50 128 78 120 66 53 111 46 40 86 74 69 42 114 73 48 38 60 57 60 67 77 90 104 118 134 150 47 43 46 55 67 82 97 112 129 145 34 29 34 45 60 75 91 108 125 142 23 15 23 38 54 71 88 105 122 140 18 0 18 35 52 70 87 104 122 139 23 15 23 38 54 71 88 105 122 140 34 29 34 45 60 75 91 108 125 142 47 43 46 55 67 82 97 112 129 145 60 57 60 67 77 90 104 118 134 150 74 72 73 79 88 99 112 126 140 155
46 54 61 57 101 92 98 49 42 94 26 19 44 61 102 74 96 28 67 25 46 50 64 33 110 62 103 49 38 95 29 28 68 59 54 25 97 56 32 29 67 60 57 60 67 77 90 104 118 134 55 46 43 46 55 67 81 97 112 129 45 34 29 34 45 60 75 91 108 125 38 23 15 23 38 54 71 88 105 122 35 18 0 18 35 52 70 87 104 122 38 23 15 23 38 54 71 88 105 122 45 34 29 34 45 60 75 91 108 125 55 46 43 46 55 67 81 97 112 129 67 60 57 60 67 77 90 104 118 134 80 73 71 73 79 88 99 112 126 140
35 39 46 41 84 75 81 32 31 77 9 17 26 48 85 57 79 31 50 15 38 34 49 15 93 47 86 33 25 79 14 23 51 46 41 9 80 40 19 28 77 67 60 57 59 66 77 89 103 118 68 55 46 43 46 55 67 81 97 112 60 45 34 29 33 45 59 75 91 108 54 38 23 15 23 38 54 71 88 105 52 35 18 0 18 35 52 70 87 104 54 38 23 15 23 38 54 71 88 105 60 45 34 29 33 45 59 75 91 108 68 55 46 43 46 55 67 81 97 112 77 67 60 57 59 66 77 89 103 118 88 79 73 71 73 79 88 99 112 125
31 25 33 28 67 58 64 15 29 60 10 29 9 38 67 41 62 42 34 21 37 20 35 3 76 34 69 17 22 64 10 30 34 37 32 12 62 26 17 37 90 77 67 59 57 59 66 77 89 103 82 67 55 46 43 46 55 67 81 96 75 60 45 33 29 33 45 59 75 91 71 54 38 23 15 23 38 54 71 88 70 52 35 18 0 18 35 52 70 87 71 54 38 23 15 23 38 54 71 88 75 60 45 33 29 33 45 59 75 91 82 67 55 46 43 46 55 67 81 96 90 77 67 59 57 59 66 77 89 103 99 88 79 73 71 73 78 87 99 111
36 18 25 21 49 42 48 4 36 42 27 45 10 34 50 27 45 56 20 36 44 16 28 20 58 27 52 11 30 50 25 43 16 35 32 29 45 18 29 51 104 90 77 66 59 56 59 66 76 89 97 82 67 55 46 42 46 55 67 81 91 75 60 45 33 28 33 45 59 75 88 71 54 38 23 14 23 38 54 71 87 70 52 35 18 0 18 35 52 70 88 71 54 38 23 14 23 38 54 71 91 75 60 45 33 28 33 45 59 75 97 82 67 55 46 42 46 55 67 81 104 90 77 66 59 56 59 66 76 89 112 99 88 79 73 70 72 78 87 98
47 26 28 27 32 26 33 21 49 25 45 61 27 38 33 19 28 72 15 52 55 27 30 37 41 30 35 24 44 40 42 59 2 41 40 46 28 25 44 66 119 104 90 77 66 59 56 59 66 76 113 97 81 67 55 46 42 46 54 67 108 91 75 59 45 33 28 33 45 59 105 88 71 54 38 23 14 23 38 54 104 87 70 52 35 18 0 18 35 52 105 88 71 54 38 23 14 23 38 54 108 91 75 59 45 33 28 33 45 59 113 97 81 67 55 46 42 46 54 67 119 104 90 77 66 59 56 59 66 76 126 112 99 88 78 72 70 72 78 87
61 40 40 40 15 15 22 38 63 9 62 78 44 49 16 25 12 88 26 69 69 42 40 55 24 41 19 40 60 35 59 75 19 52 53 63 12 39 61 82 134 118 104 89 77 66 59 56 58 65 129 112 97 81 67 55 46 42 45 54 125 108 91 75 59 45 33 28 33 45 122 105 88 71 54 38 23 14 23 38 122 104 87 70 52 35 18 0 18 35 122 105 88 71 54 38 23 14 23 38 125 108 91 75 59 45 33 28 33 45 129 112 97 81 67 55 46 42 45 54 134 118 104 89 77 66 59 56 58 65 140 126 112 99 87 78 72 70 72 77
77 56 54 56 6 19 21 56 79 12 79 95 61 63 5 38 12 105 42 86 84 59 54 72 7 55 10 57 76 38 77 92 36 66 68 81 10 54 78 98 150 134 118 103 89 76 66 58 55 58 145 129 112 97 81 67 54 45 42 45 142 125 108 91 75 59 45 33 28 33 140 122 105 88 71 54 38 23 14 23 139 122 104 87 70 52 35 18 0 18 140 122 105 88 71 54 38 23 14 23 142 125 108 91 75 59 45 33 28 33 145 129 112 97 81 67 54 45 42 45 150 134 118 103 89 76 66 58 55 58 156 140 126 112 99 87 78 72 69 71
93 73 70 72 21 34 32 73 96 29 96 112 79 78 21 54 27 122 58 103 100 76 70 89 12 71 22 74 93 48 94 109 54 82 84 98 26 71 95 115 166 150 134 118 103 89 76 65 58 55 162 145 129 112 96 81 67 54 45 42 159 142 125 108 91 75 59 45 33 28 157 140 122 105 88 71 54 38 23 14 156 139 122 104 87 70 52 35 18 0 157 140 122 105 88 71 54 38 23 14 159 142 125 108 91 75 59 45 33 28 162 145 129 112 96 81 67 54 45 42 166 150 134 118 103 89 76 65 58 55 171 155 140 125 111 98 87 77 71 69
71 86 91 88 136 126 131 85 67 129 62 45 79 98 137 106 133 57 100 62 67 82 93 69 146 99 137 83 75 125 63 51 104 96 81 60 133 88 70 61 72 74 80 88 99 112 126 140 156 171 58 60 67 77 90 104 119 134 150 166 43 47 55 68 82 97 113 129 145 162 29 34 45 60 75 91 108 125 142 159 15 23 38 54 71 88 105 122 140 157 0 18 35 52 70 87 104 122 139 156 15 23 38 54 71 88 105 122 140 157 29 34 45 60 75 91 108 125 142 159 43 47 55 68 82 97 113 129 145 162 58 60 67 77 90 104 119 134 150 166
54 69 74 70 119 108 114 68 50 112 45 28 62 84 120 89 115 47 83 47 51 65 76 52 128 84 120 66 60 108 46 34 87 81 64 43 116 71 55 49 74 72 73 79 88 99 112 126 140 155 60 57 60 67 77 90 104 118 134 150 47 43 46 55 67 82 97 112 129 145 34 29 34 45 60 75 91 108 125 142 23 15 23 38 54 71 88 105 122 140 18 0 18 35 52 70 87 104 122 139 23 15 23 38 54 71 88 105 122 140 34 29 34 45 60 75 91 108 125 142 47 43 46 55 67 82 97 112 129 145 60 57 60 67 77 90 104 118 134 150
38 51 57 53 102 91 96 52 34 94 29 11 45 70 103 71 99 42 66 35 36 48 59 36 111 69 103 49 47 91 29 18 70 68 47 26 99 54 41 42 80 73 71 73 79 88 99 112 126 140 67 60 57 60 67 77 90 104 118 134 55 46 43 46 55 67 81 97 112 129 45 34 29 34 45 60 75 91 108 125 38 23 15 23 38 54 71 88 105 122 35 18 0 18 35 52 70 87 104 122 38 23 15 23 38 54 71 88 105 122 45 34 29 34 45 60 75 91 108 125 55 46 43 46 55 67 81 97 112 129 67 60 57 60 67 77 90 104 118 134
24 34 40 36 84 74 79 35 20 77 15 8 29 59 86 54 82 44 48 29 25 30 42 21 94 56 85 31 38 74 13 9 53 57 32 12 82 36 32 42 88 79 73 71 73 79 88 99 112 125 77 67 60 57 59 66 77 89 103 118 68 55 46 43 46 55 67 81 97 112 60 45 34 29 33 45 59 75 91 108 54 38 23 15 23 38 54 71 88 105 52 35 18 0 18 35 52 70 87 104 54 38 23 15 23 38 54 71 88 105 60 45 34 29 33 45 59 75 91 108 68 55 46 43 46 55 67 81 97 112 77 67 60 57 59 66 77 89 103 118
17 17 24 19 67 57 62 21 15 60 16 25 15 51 69 37 65 52 31 32 24 13 26 15 77 46 68 14 36 58 10 22 36 50 19 15 65 19 31 48 99 88 79 73 71 73 78 87 99 111 90 77 67 59 57 59 66 77 89 103 82 67 55 46 43 46 55 67 81 96 75 60 45 33 29 33 45 59 75 91 71 54 38 23 15 23 38 54 71 88 70 52 35 18 0 18 35 52 70 87 71 54 38 23 15 23 38 54 71 88 75 60 45 33 29 33 45 59 75 91 82 67 55 46 43 46 55 67 81 96 90 77 67 59 57 59 66 77 89 103
25 5 11 7 50 39 45 16 26 43 30 42 16 48 53 20 49 64 14 43 33 5 14 25 60 40 51 6 41 42 25 38 21 49 19 30 49 5 38 59 112 99 88 79 73 70 72 78 87 98 104 90 77 66 59 56 59 66 76 89 97 82 67 55 46 42 46 55 67 81 91 75 60 45 33 28 33 45 59 75 88 71 54 38 23 14 23 38 54 71 87 70 52 35 18 0 18 35 52 70 88 71 54 38 23 14 23 38 54 71 91 75 60 45 33 28 33 45 59 75 97 82 67 55 46 42 46 55 67 81 104 90 77 66 59 56 59 66 76 89
40 19 17 19 33 22 27 26 42 26 46 59 29 51 37 5 35 78 5 58 47 22 18 40 43 42 34 22 52 28 42 55 13 53 31 47 34 17 51 73 126 112 99 88 78 72 70 72 78 87 119 104 90 77 66 59 56 59 66 76 113 97 81 67 55 46 42 46 54 67 108 91 75 59 45 33 28 33 45 59 105 88 71 54 38 23 14 23 38 54 104 87 70 52 35 18 0 18 35 52 105 88 71 54 38 23 14 23 38 54 108 91 75 59 45 33 28 33 45 59 113 97 81 67 55 46 42 46 54 67 119 104 90 77 66 59 56 59 66 76
56 36 33 35 18 5 11 41 59 11 63 77 46 60 23 17 24 93 22 73 63 40 32 57 27 51 17 39 66 21 59 72 23 62 46 64 22 34 66 87 140 126 112 99 87 78 72 70 72 77 134 118 104 89 77 66 59 56 58 65 129 112 97 81 67 55 46 42 45 54 125 108 91 75 59 45 33 28 33 45 122 105 88 71 54 38 23 14 23 38 122 104 87 70 52 35 18 0 18 35 122 105 88 71 54 38 23 14 23 38 125 108 91 75 59 45 33 28 33 45 129 112 97 81 67 55 46 42 45 54 134 118 104 89 77 66 59 56 58 65
72 54 50 52 11 14 10 58 75 14 80 94 63 71 18 34 23 109 39 89 79 57 49 73 15 63 5 57 81 27 77 89 39 74 63 81 21 52 82 103 156 140 126 112 99 87 78 72 69 71 150 134 118 103 89 76 66 58 55 58 145 129 112 97 81 67 54 45 42 45 142 125 108 91 75 59 45 33 28 33 140 122 105 88 71 54 38 23 14 23 139 122 104 87 70 52 35 18 0 18 140 122 105 88 71 54 38 23 14 23 142 125 108 91 75 59 45 33 28 33 145 129 112 97 81 67 54 45 42 45 150 134 118 103 89 76 66 58 55 58
89 71 67 70 23 31 27 75 93 29 97 111 80 85 27 51 34 125 57 106 96 74 66 90 17 77 20 74 97 40 94 107 55 88 80 98 32 69 98 119 171 155 140 125 111 98 87 77 71 69 166 150 134 118 103 89 76 65 58 55 162 145 129 112 96 81 67 54 45 42 159 142 125 108 91 75 59 45 33 28 157 140 122 105 88 71 54 38 23 14 156 139 122 104 87 70 52 35 18 0 157 140 122 105 88 71 54 38 23 14 159 142 125 108 91 75 59 45 33 28 162 145 129 112 96 81 67 54 45 42 166 150 134 118 103 89 76 65 58 55
69 86 91 88 138 127 131 89 65 131 66 47 82 106 140 106 136 68 101 69 64 83 92 73 147 106 138 85 83 123 67 51 106 104 79 63 136 89 77 71 86 88 93 100 110 122 134 148 162 177 72 74 80 88 99 112 126 140 156 171 58 60 67 77 90 104 119 134 150 166 43 47 55 68 82 97 113 129 145 162 29 34 45 60 75 91 108 125 142 159 15 23 38 54 71 88 105 122 140 157 0 18 35 52 70 87 104 122 139 156 15 23 38 54 71 88 105 122 140 157 29 34 45 60 75 91 108 125 142 159 43 47 55 68 82 97 113 129 145 162
52 69 74 70 121 109 114 73 48 114 51 31 66 92 123 89 119 60 84 57 47 66 75 58 130 91 121 68 69 106 50 34 90 90 62 48 119 71 63 62 88 86 87 92 100 110 121 134 148 162 74 72 73 79 88 99 112 126 140 155 60 57 60 67 77 90 104 118 134 150 47 43 46 55 67 82 97 112 129 145 34 29 34 45 60 75 91 108 125 142 23 15 23 38 54 71 88 105 122 140 18 0 18 35 52 70 87 104 122 139 23 15 23 38 54 71 88 105 122 140 34 29 34 45 60 75 91 108 125 142 47 43 46 55 67 82 97 112 129 145
34 52 56 53 104 92 96 57 31 97 37 17 51 80 106 72 103 56 67 47 30 50 58 43 114 78 104 52 59 89 35 17 74 79 44 34 102 54 52 56 93 87 85 87 92 99 109 121 134 148 80 73 71 73 79 88 99 112 126 140 67 60 57 60 67 77 90 104 118 134 55 46 43 46 55 67 81 97 112 129 45 34 29 34 45 60 75 91 108 125 38 23 15 23 38 54 71 88 105 122 35 18 0 18 35 52 70 87 104 122 38 23 15 23 38 54 71 88 105 122 45 34 29 34 45 60 75 91 108 125 55 46 43 46 55 67 81 97 112 129
17 35 39 36 87 75 79 44 13 80 28 15 37 71 90 55 86 58 50 43 14 33 40 33 97 67 87 36 51 71 24 7 58 69 27 25 86 37 45 56 100 92 87 85 87 91 99 109 121 134 88 79 73 71 73 79 88 99 112 125 77 67 60 57 59 66 77 89 103 118 68 55 46 43 46 55 67 81 97 112 60 45 34 29 33 45 59 75 91 108 54 38 23 15 23 38 54 71 88 105 52 35 18 0 18 35 52 70 87 104 54 38 23 15 23 38 54 71 88 105 60 45 34 29 33 45 59 75 91 108 68 55 46 43 46 55 67 81 97 112
3 20 22 20 71 58 62 33 5 63 28 28 28 64 74 38 71 64 34 45 11 19 23 29 80 58 70 23 50 54 22 21 43 64 10 26 70 21 44 61 110 100 92 87 85 86 91 99 109 120 99 88 79 73 71 73 78 87 99 111 90 77 67 59 57 59 66 77 89 103 82 67 55 46 43 46 55 67 81 96 75 60 45 33 29 33 45 59 75 91 71 54 38 23 15 23 38 54 71 88 70 52 35 18 0 18 35 52 70 87 71 54 38 23 15 23 38 54 71 88 75 60 45 33 29 33 45 59 75 91 82 67 55 46 43 46 55 67 81 96
19 11 6 8 55 42 45 30 22 48 38 44 28 62 59 21 57 74 19 54 26 14 6 35 64 54 54 19 54 37 32 38 32 63 9 37 56 11 50 70 122 110 99 91 86 84 86 91 98 108 112 99 88 79 73 70 72 78 87 98 104 90 77 66 59 56 59 66 76 89 97 82 67 55 46 42 46 55 67 81 91 75 60 45 33 28 33 45 59 75 88 71 54 38 23 14 23 38 54 71 87 70 52 35 18 0 18 35 52 70 88 71 54 38 23 14 23 38 54 71 91 75 60 45 33 28 33 45 59 75 97 82 67 55 46 42 46 55 67 81
36 21 14 19 40 26 28 36 40 33 52 61 38 64 45 10 45 87 15 66 42 26 13 47 49 56 38 28 62 20 47 55 27 66 26 51 43 20 60 81 134 121 109 99 91 86 84 85 90 98 126 112 99 88 78 72 70 72 78 87 119 104 90 77 66 59 56 59 66 76 113 97 81 67 55 46 42 46 54 67 108 91 75 59 45 33 28 33 45 59 105 88 71 54 38 23 14 23 38 54 104 87 70 52 35 18 0 18 35 52 105 88 71 54 38 23 14 23 38 54 108 91 75 59 45 33 28 33 45 59 113 97 81 67 55 46 42 46 54 67
53 38 31 36 28 15 13 48 57 24 67 78 51 71 35 19 37 100 26 79 60 42 30 62 36 62 24 43 74 7 62 72 33 74 43 67 35 36 73 95 148 134 121 109 99 91 85 83 85 90 140 126 112 99 87 78 72 70 72 77 134 118 104 89 77 66 59 56 58 65 129 112 97 81 67 55 46 42 45 54 125 108 91 75 59 45 33 28 33 45 122 105 88 71 54 38 23 14 23 38 122 104 87 70 52 35 18 0 18 35 122 105 88 71 54 38 23 14 23 38 125 108 91 75 59 45 33 28 33 45 129 112 97 81 67 55 46 42 45 54
71 54 49 53 24 20 12 63 74 25 83 95 67 81 31 35 37 115 42 95 77 59 47 77 28 72 18 59 88 18 79 89 45 84 61 84 34 52 88 109 162 148 134 121 109 98 90 85 83 85 156 140 126 112 99 87 78 72 69 71 150 134 118 103 89 76 66 58 55 58 145 129 112 97 81 67 54 45 42 45 142 125 108 91 75 59 45 33 28 33 140 122 105 88 71 54 38 23 14 23 139 122 104 87 70 52 35 18 0 18 140 122 105 88 71 54 38 23 14 23 142 125 108 91 75 59 45 33 28 33 145 129 112 97 81 67 54 45 42 45
88 72 66 70 32 34 27 79 91 36 100 112 83 93 37 52 44 131 58 110 94 76 64 94 29 85 27 76 103 35 96 107 60 96 78 101 41 69 103 125 177 162 148 134 120 108 98 90 85 83 171 155 140 125 111 98 87 77 71 69 166 150 134 118 103 89 76 65 58 55 162 145 129 112 96 81 67 54 45 42 159 142 125 108 91 75 59 45 33 28 157 140 122 105 88 71 54 38 23 14 156 139 122 104 87 70 52 35 18 0 157 140 122 105 88 71 54 38 23 14 159 142 125 108 91 75 59 45 33 28 162 145 129 112 96 81 67 54 45 42
70 89 93 90 141 129 133 95 67 134 73 53 88 115 144 108 140 80 104 79 63 87 94 80 151 114 141 89 92 123 72 54 111 113 80 70 140 91 86 83 100 102 106 112 121 132 144 156 170 184 86 88 93 100 110 122 134 148 162 177 72 74 80 88 99 112 126 140 156 171 58 60 67 77 90 104 119 134 150 166 43 47 55 68 82 97 113 129 145 162 29 34 45 60 75 91 108 125 142 159 15 23 38 54 71 88 105 122 140 157 0 18 35 52 70 87 104 122 139 156 15 23 38 54 71 88 105 122 140 157 29 34 45 60 75 91 108 125 142 159
53 73 76 73 124 112 116 80 50 117 59 39 73 102 127 92 124 73 87 68 46 71 77 66 134 100 124 73 80 106 58 39 95 101 63 56 124 75 74 75 102 100 101 105 112 121 131 143 156 170 88 86 87 92 100 110 121 134 148 162 74 72 73 79 88 99 112 126 140 155 60 57 60 67 77 90 104 118 134 150 47 43 46 55 67 82 97 112 129 145 34 29 34 45 60 75 91 108 125 142 23 15 23 38 54 71 88 105 122 140 18 0 18 35 52 70 87 104 122 139 23 15 23 38 54 71 88 105 122 140 34 29 34 45 60 75 91 108 125 142
36 57 59 57 108 95 99 66 34 101 48 30 60 92 111 75 108 70 71 60 29 55 60 54 118 88 107 58 71 89 45 25 80 90 46 45 108 59 65 70 106 101 99 101 105 112 121 131 143 156 93 87 85 87 92 99 109 121 134 148 80 73 71 73 79 88 99 112 126 140 67 60 57 60 67 77 90 104 118 134 55 46 43 46 55 67 81 97 112 129 45 34 29 34 45 60 75 91 108 125 38 23 15 23 38 54 71 88 105 122 35 18 0 18 35 52 70 87 104 122 38 23 15 23 38 54 71 88 105 122 45 34 29 34 45 60 75 91 108 125
21 42 43 42 92 79 82 54 20 85 42 29 48 83 96 59 93 72 56 57 13 41 43 45 102 79 91 45 65 71 37 20 66 82 29 38 92 43 59 70 112 105 101 99 100 105 111 120 131 143 100 92 87 85 87 91 99 109 121 134 88 79 73 71 73 79 88 99 112 125 77 67 60 57 59 66 77 89 103 118 68 55 46 43 46 55 67 81 97 112 60 45 34 29 33 45 59 75 91 108 54 38 23 15 23 38 54 71 88 105 52 35 18 0 18 35 52 70 87 104 54 38 23 15 23 38 54 71 88 105 60 45 34 29 33 45 59 75 91 108
12 29 28 28 76 63 66 46 15 70 42 37 42 78 81 43 79 77 42 59 9 30 28 43 86 71 75 35 64 54 36 28 53 78 15 39 78 31 58 74 121 112 105 100 99 100 104 111 120 130 110 100 92 87 85 86 91 99 109 120 99 88 79 73 71 73 78 87 99 111 90 77 67 59 57 59 66 77 89 103 82 67 55 46 43 46 55 67 81 96 75 60 45 33 29 33 45 59 75 91 71 54 38 23 15 23 38 54 71 88 70 52 35 18 0 18 35 52 70 87 71 54 38 23 15 23 38 54 71 88 75 60 45 33 29 33 45 59 75 91
22 24 19 22 62 48 50 44 26 56 49 50 42 76 67 30 66 85 31 65 25 28 17 47 71 68 60 33 67 37 43 42 44 76 15 47 65 24 62 81 132 121 112 105 100 98 99 104 110 119 122 110 99 91 86 84 86 91 98 108 112 99 88 79 73 70 72 78 87 98 104 90 77 66 59 56 59 66 76 89 97 82 67 55 46 42 46 55 67 81 91 75 60 45 33 28 33 45 59 75 88 71 54 38 23 14 23 38 54 71 87 70 52 35 18 0 18 35 52 70 88 71 54 38 23 14 23 38 54 71 91 75 60 45 33 28 33 45 59 75
38 31 23 28 49 36 35 48 42 44 60 65 48 78 56 24 56 96 28 75 42 35 20 56 58 69 46 39 74 20 54 58 41 79 28 59 54 29 71 91 144 131 121 111 104 99 98 99 103 110 134 121 109 99 91 86 84 85 90 98 126 112 99 88 78 72 70 72 78 87 119 104 90 77 66 59 56 59 66 76 113 97 81 67 55 46 42 46 54 67 108 91 75 59 45 33 28 33 45 59 105 88 71 54 38 23 14 23 38 54 104 87 70 52 35 18 0 18 35 52 105 88 71 54 38 23 14 23 38 54 108 91 75 59 45 33 28 33 45 59
55 43 36 41 40 29 25 58 59 37 74 81 60 83 48 28 50 109 35 88 59 48 33 69 47 74 36 51 84 8 68 74 45 86 45 73 48 42 82 103 156 143 131 120 111 104 99 97 99 103 148 134 121 109 99 91 85 83 85 90 140 126 112 99 87 78 72 70 72 77 134 118 104 89 77 66 59 56 58 65 129 112 97 81 67 55 46 42 45 54 125 108 91 75 59 45 33 28 33 45 122 105 88 71 54 38 23 14 23 38 122 104 87 70 52 35 18 0 18 35 122 105 88 71 54 38 23 14 23 38 125 108 91 75 59 45 33 28 33 45
72 59 52 56 38 31 24 70 75 38 89 98 73 92 45 41 50 122 48 102 77 63 49 83 41 83 32 65 96 18 84 91 55 95 62 89 47 57 95 117 170 156 143 131 120 110 103 99 97 98 162 148 134 121 109 98 90 85 83 85 156 140 126 112 99 87 78 72 69 71 150 134 118 103 89 76 66 58 55 58 145 129 112 97 81 67 54 45 42 45 142 125 108 91 75 59 45 33 28 33 140 122 105 88 71 54 38 23 14 23 139 122 104 87 70 52 35 18 0 18 140 122 105 88 71 54 38 23 14 23 142 125 108 91 75 59 45 33 28 33
89 75 68 73 43 42 34 85 92 46 104 115 88 103 49 56 56 137 63 116 94 79 66 99 42 94 37 80 110 35 100 108 67 106 79 105 53 73 109 131 184 170 156 143 130 119 110 103 98 96 177 162 148 134 120 108 98 90 85 83 171 155 140 125 111 98 87 77 71 69 166 150 134 118 103 89 76 65 58 55 162 145 129 112 96 81 67 54 45 42 159 142 125 108 91 75 59 45 33 28 157 140 122 105 88 71 54 38 23 14 156 139 122 104 87 70 52 35 18 0 157 140 122 105 88 71 54 38 23 14 159 142 125 108 91 75 59 45 33 28
74 94 96 94 145 133 136 102 71 138 82 62 95 125 149 112 146 93 109 90 66 92 97 88 155 123 145 95 102 125 80 61 117 123 83 79 145 96 96 95 115 116 119 125 133 143 154 166 179 192 100 102 106 112 121 132 144 156 170 184 86 88 93 100 110 122 134 148 162 177 72 74 80 88 99 112 126 140 156 171 58 60 67 77 90 104 119 134 150 166 43 47 55 68 82 97 113 129 145 162 29 34 45 60 75 91 108 125 142 159 15 23 38 54 71 88 105 122 140 157 0 18 35 52 70 87 104 122 139 156 15 23 38 54 71 88 105 122 140 157
58 79 80 79 129 116 119 88 56 122 70 50 82 113 133 96 130 87 93 80 50 77 81 76 139 111 128 81 92 108 67 48 102 112 67 66 130 80 85 88 116 114 115 119 125 133 142 153 165 178 102 100 101 105 112 121 131 143 156 170 88 86 87 92 100 110 121 134 148 162 74 72 73 79 88 99 112 126 140 155 60 57 60 67 77 90 104 118 134 150 47 43 46 55 67 82 97 112 129 145 34 29 34 45 60 75 91 108 125 142 23 15 23 38 54 71 88 105 122 140 18 0 18 35 52 70 87 104 122 139 23 15 23 38 54 71 88 105 122 140
43 64 65 64 114 101 103 76 42 107 61 43 70 104 118 80 115 85 78 74 35 63 65 66 123 100 112 67 84 91 57 38 88 102 51 57 115 66 77 84 119 115 114 115 118 124 132 142 153 165 106 101 99 101 105 112 121 131 143 156 93 87 85 87 92 99 109 121 134 148 80 73 71 73 79 88 99 112 126 140 67 60 57 60 67 77 90 104 118 134 55 46 43 46 55 67 81 97 112 129 45 34 29 34 45 60 75 91 108 125 38 23 15 23 38 54 71 88 105 122 35 18 0 18 35 52 70 87 104 122 38 23 15 23 38 54 71 88 105 122
31 51 50 50 98 85 87 66 31 92 56 42 61 96 103 66 101 85 64 71 23 51 50 59 108 91 97 56 79 74 51 34 75 96 37 52 100 53 73 84 125 119 115 113 114 118 124 132 141 152 112 105 101 99 100 105 111 120 131 143 100 92 87 85 87 91 99 109 121 134 88 79 73 71 73 79 88 99 112 125 77 67 60 57 59 66 77 89 103 118 68 55 46 43 46 55 67 81 97 112 60 45 34 29 33 45 59 75 91 108 54 38 23 15 23 38 54 71 88 105 52 35 18 0 18 35 52 70 87 104 54 38 23 15 23 38 54 71 88 105
26 42 39 40 84 71 72 60 29 78 56 48 55 91 89 52 88 90 52 72 21 43 37 57 93 85 82 48 78 58 50 39 65 91 28 53 87 43 72 87 133 125 118 114 113 114 117 123 131 141 121 112 105 100 99 100 104 111 120 130 110 100 92 87 85 86 91 99 109 120 99 88 79 73 71 73 78 87 99 111 90 77 67 59 57 59 66 77 89 103 82 67 55 46 43 46 55 67 81 96 75 60 45 33 29 33 45 59 75 91 71 54 38 23 15 23 38 54 71 88 70 52 35 18 0 18 35 52 70 87 71 54 38 23 15 23 38 54 71 88
32 38 32 36 71 58 57 58 36 66 61 59 55 90 77 42 77 97 44 78 32 42 30 60 80 82 68 47 80 42 55 50 57 90 27 59 76 38 76 93 143 133 124 118 114 112 113 117 123 131 132 121 112 105 100 98 99 104 110 119 122 110 99 91 86 84 86 91 98 108 112 99 88 79 73 70 72 78 87 98 104 90 77 66 59 56 59 66 76 89 97 82 67 55 46 42 46 55 67 81 91 75 60 45 33 28 33 45 59 75 88 71 54 38 23 14 23 38 54 71 87 70 52 35 18 0 18 35 52 70 88 71 54 38 23 14 23 38 54 71
44 43 35 40 60 48 45 61 48 56 70 72 61 91 67 38 69 107 42 86 46 47 32 68 68 83 57 51 86 28 64 64 55 93 36 69 67 42 83 102 154 142 132 124 117 113 112 113 116 122 144 131 121 111 104 99 98 99 103 110 134 121 109 99 91 86 84 85 90 98 126 112 99 88 78 72 70 72 78 87 119 104 90 77 66 59 56 59 66 76 113 97 81 67 55 46 42 46 54 67 108 91 75 59 45 33 28 33 45 59 105 88 71 54 38 23 14 23 38 54 104 87 70 52 35 18 0 18 35 52 105 88 71 54 38 23 14 23 38 54
59 52 44 50 53 42 38 69 63 51 82 87 70 96 61 41 64 118 47 97 62 57 42 78 59 87 49 60 95 21 76 79 58 98 50 81 62 51 92 113 166 153 142 132 123 117 113 111 112 116 156 143 131 120 111 104 99 97 99 103 148 134 121 109 99 91 85 83 85 90 140 126 112 99 87 78 72 70 72 77 134 118 104 89 77 66 59 56 58 65 129 112 97 81 67 55 46 42 45 54 125 108 91 75 59 45 33 28 33 45 122 105 88 71 54 38 23 14 23 38 122 104 87 70 52 35 18 0 18 35 122 105 88 71 54 38 23 14 23 38
75 65 58 63 51 44 38 80 79 51 96 103 82 104 59 50 64 131 57 110 79 70 55 91 55 95 46 73 106 27 90 95 66 106 66 95 61 64 104 126 179 165 153 141 131 123 116 112 110 112 170 156 143 131 120 110 103 99 97 98 162 148 134 121 109 98 90 85 83 85 156 140 126 112 99 87 78 72 69 71 150 134 118 103 89 76 66 58 55 58 145 129 112 97 81 67 54 45 42 45 142 125 108 91 75 59 45 33 28 33 140 122 105 88 71 54 38 23 14 23 139 122 104 87 70 52 35 18 0 18 140 122 105 88 71 54 38 23 14 23
91 80 73 78 55 52 45 92 96 57 110 119 95 113 62 63 68 145 70 124 96 85 71 105 55 104 50 87 119 40 105 112 76 116 82 110 65 78 117 139 192 178 165 152 141 131 122 116 112 110 184 170 156 143 130 119 110 103 98 96 177 162 148 134 120 108 98 90 85 83 171 155 140 125 111 98 87 77 71 69 166 150 134 118 103 89 76 65 58 55 162 145 129 112 96 81 67 54 45 42 159 142 125 108 91 75 59 45 33 28 157 140 122 105 88 71 54 38 23 14 156 139 122 104 87 70 52 35 18 0 157 140 122 105 88 71 54 38 23 14
80 101 102 101 151 138 140 111 78 144 92 72 104 135 155 118 152 106 115 101 72 99 102 98 161 133 150 103 113 128 90 70 124 134 88 89 152 103 107 108 129 130 133 138 145 154 164 176 188 201 115 116 119 125 133 143 154 166 179 192 100 102 106 112 121 132 144 156 170 184 86 88 93 100 110 122 134 148 162 177 72 74 80 88 99 112 126 140 156 171 58 60 67 77 90 104 119 134 150 166 43 47 55 68 82 97 113 129 145 162 29 34 45 60 75 91 108 125 142 159 15 23 38 54 71 88 105 122 140 157 0 18 35 52 70 87 104 122 139 156
65 86 87 86 135 122 124 98 64 129 81 63 92 125 140 102 138 101 100 93 57 86 87 87 145 121 134 89 104 111 78 59 110 123 73 78 137 88 98 102 130 128 129 132 138 145 154 164 175 187 116 114 115 119 125 133 142 153 165 178 102 100 101 105 112 121 131 143 156 170 88 86 87 92 100 110 121 134 148 162 74 72 73 79 88 99 112 126 140 155 60 57 60 67 77 90 104 118 134 150 47 43 46 55 67 82 97 112 129 145 34 29 34 45 60 75 91 108 125 142 23 15 23 38 54 71 88 105 122 140 18 0 18 35 52 70 87 104 122 139
53 73 73 73 121 107 109 87 52 114 74 57 81 116 125 88 124 99 86 87 45 73 72 78 130 112 119 78 97 95 70 51 97 115 59 70 123 75 91 98 133 129 128 129 132 137 144 153 163 175 119 115 114 115 118 124 132 142 153 165 106 101 99 101 105 112 121 131 143 156 93 87 85 87 92 99 109 121 134 148 80 73 71 73 79 88 99 112 126 140 67 60 57 60 67 77 90 104 118 134 55 46 43 46 55 67 81 97 112 129 45 34 29 34 45 60 75 91 108 125 38 23 15 23 38 54 71 88 105 122 35 18 0 18 35 52 70 87 104 122
43 62 60 61 106 93 94 79 45 100 70 56 74 109 112 75 111 99 74 85 36 63 59 73 116 104 104 68 93 79 64 48 86 109 48 66 109 64 87 98 138 132 129 127 128 131 137 144 153 163 125 119 115 113 114 118 124 132 141 152 112 105 101 99 100 105 111 120 131 143 100 92 87 85 87 91 99 109 121 134 88 79 73 71 73 79 88 99 112 125 77 67 60 57 59 66 77 89 103 118 68 55 46 43 46 55 67 81 97 112 60 45 34 29 33 45 59 75 91 108 54 38 23 15 23 38 54 71 88 105 52 35 18 0 18 35 52 70 87 104
40 55 51 53 93 80 80 73 43 88 70 61 69 105 99 63 99 103 64 86 35 57 49 71 102 99 90 62 92 64 64 52 77 105 41 67 97 56 86 101 145 138 132 128 127 127 131 136 143 152 133 125 118 114 113 114 117 123 131 141 121 112 105 100 99 100 104 111 120 130 110 100 92 87 85 86 91 99 109 120 99 88 79 73 71 73 78 87 99 111 90 77 67 59 57 59 66 77 89 103 82 67 55 46 43 46 55 67 81 96 75 60 45 33 29 33 45 59 75 91 71 54 38 23 15 23 38 54 71 88 70 52 35 18 0 18 35 52 70 87
44 52 46 50 82 68 67 72 48 77 74 70 69 104 88 55 89 109 57 91 42 56 44 73 90 96 78 61 94 50 68 61 71 104 41 71 87 52 89 106 154 145 137 131 127 126 127 130 135 143 143 133 124 118 114 112 113 117 123 131 132 121 112 105 100 98 99 104 110 119 122 110 99 91 86 84 86 91 98 108 112 99 88 79 73 70 72 78 87 98 104 90 77 66 59 56 59 66 76 89 97 82 67 55 46 42 46 55 67 81 91 75 60 45 33 28 33 45 59 75 88 71 54 38 23 14 23 38 54 71 87 70 52 35 18 0 18 35 52 70
53 55 48 53 73 60 57 74 58 69 82 81 73 105 80 51 82 118 56 98 54 60 45 80 80 97 68 64 99 40 75 72 69 106 47 80 80 55 95 114 164 154 144 137 131 127 125 126 130 135 154 142 132 124 117 113 112 113 116 122 144 131 121 111 104 99 98 99 103 110 134 121 109 99 91 86 84 85 90 98 126 112 99 88 78 72 70 72 78 87 119 104 90 77 66 59 56 59 66 76 113 97 81 67 55 46 42 46 54 67 108 91 75 59 45 33 28 33 45 59 105 88 71 54 38 23 14 23 38 54 104 87 70 52 35 18 0 18 35 52
66 63 55 60 67 56 51 81 71 64 92 95 81 109 74 54 78 128 60 108 68 68 52 89 72 100 62 72 107 35 86 86 71 111 59 91 75 62 103 124 176 164 153 144 136 130 126 125 126 129 166 153 142 132 123 117 113 111 112 116 156 143 131 120 111 104 99 97 99 103 148 134 121 109 99 91 85 83 85 90 140 126 112 99 87 78 72 70 72 77 134 118 104 89 77 66 59 56 58 65 129 112 97 81 67 55 46 42 45 54 125 108 91 75 59 45 33 28 33 45 122 105 88 71 54 38 23 14 23 38 122 104 87 70 52 35 18 0 18 35
81 74 66 72 65 58 51 90 85 65 104 109 91 116 73 61 77 140 68 119 83 79 64 100 68 107 60 82 116 39 99 101 77 118 72 103 75 73 114 135 188 175 163 153 143 135 130 126 124 125 179 165 153 141 131 123 116 112 110 112 170 156 143 131 120 110 103 99 97 98 162 148 134 121 109 98 90 85 83 85 156 140 126 112 99 87 78 72 69 71 150 134 118 103 89 76 66 58 55 58 145 129 112 97 81 67 54 45 42 45 142 125 108 91 75 59 45 33 28 33 140 122 105 88 71 54 38 23 14 23 139 122 104 87 70 52 35 18 0 18
96 88 80 85 68 64 56 102 100 70 118 124 104 124 75 72 81 153 79 132 99 92 77 113 69 115 62 95 128 48 112 116 87 127 87 117 78 86 126 148 201 187 175 163 152 143 135 129 125 124 192 178 165 152 141 131 122 116 112 110 184 170 156 143 130 119 110 103 98 96 177 162 148 134 120 108 98 90 85 83 171 155 140 125 111 98 87 77 71 69 166 150 134 118 103 89 76 65 58 55 162 145 129 112 96 81 67 54 45 42 159 142 125 108 91 75 59 45 33 28 157 140 122 105 88 71 54 38 23 14 156 139 122 104 87 70 52 35 18 0
