0 25 60 38 32 22 50 51 36 34 58 16 16 49 36 12 16 26 37 16 26 13 53 35 30 23 46 45 46 27 50 36 32 24 24 16 33 32 10 17 40 37 59 40 50 6
25 0 54 41 32 8 30 29 37 25 81 22 13 42 43 13 22 10 43 16 16 25 49 37 20 4 27 21 46 21 73 38 49 34 21 10 32 54 16 28 42 26 48 41 50 23
60 54 0 25 29 61 79 75 25 79 81 70 62 96 93 58 44 64 93 65 70 47 7 27 73 52 77 56 17 74 79 90 91 82 73 56 84 63 55 74 22 28 14 21 15 63
38 41 25 0 9 45 69 67 4 63 60 51 44 81 73 40 23 49 74 47 54 25 19 4 58 37 67 51 9 57 56 71 68 61 56 38 66 39 35 54 4 21 30 5 13 42
32 32 29 9 0 37 61 59 6 55 64 44 36 72 66 32 16 41 66 39 45 19 22 6 49 29 58 42 15 49 59 63 63 54 48 30 59 41 27 47 11 14 29 10 20 35
22 8 61 45 37 0 29 29 42 19 80 16 7 36 36 11 24 5 35 9 9 27 55 41 13 9 25 26 51 14 72 30 43 27 13 9 25 53 16 22 47 33 55 46 55 19
50 30 79 69 61 29 0 6 66 21 107 38 34 28 45 38 52 24 44 34 25 54 74 66 22 34 4 25 73 27 99 37 61 45 29 37 32 81 44 43 70 52 69 69 78 46
51 29 75 67 59 29 6 0 64 25 108 40 35 33 49 39 51 25 48 36 27 54 71 64 25 33 8 21 71 30 100 41 64 48 32 37 36 81 44 46 68 49 65 67 75 47
36 37 25 4 6 42 66 64 0 60 62 49 42 78 71 37 21 46 71 44 51 23 19 2 55 34 63 48 10 55 58 68 67 59 53 35 64 40 32 52 5 18 29 5 14 40
34 25 79 63 55 19 21 25 60 0 91 19 20 18 25 25 42 15 24 19 10 43 73 60 6 27 18 35 69 8 82 18 41 24 11 26 12 65 31 24 65 51 72 64 74 30
58 81 81 60 64 80 107 108 62 91 0 72 74 103 82 70 61 84 84 74 84 56 77 61 87 77 104 99 67 84 10 86 64 72 81 72 86 27 65 69 62 77 89 64 67 62
16 22 70 51 44 16 38 40 49 19 72 0 10 33 23 13 28 17 23 7 13 27 64 47 16 22 34 41 58 12 64 20 28 13 9 16 17 46 17 7 53 44 66 53 62 11
16 13 62 44 36 7 34 35 42 20 74 10 0 37 32 6 22 11 32 3 11 23 56 41 15 13 30 33 51 14 66 28 37 22 12 7 23 47 11 16 46 35 58 46 55 12
49 42 96 81 72 36 28 33 78 18 103 33 37 0 24 42 59 33 22 35 27 59 91 77 24 45 27 49 87 24 94 18 44 31 26 43 17 78 47 35 82 68 89 82 91 44
36 43 93 73 66 36 45 49 71 25 82 23 32 24 0 35 51 35 2 29 29 49 87 70 27 44 42 58 81 23 73 8 21 13 23 38 14 60 39 20 76 67 89 75 85 32
12 13 58 40 32 11 38 39 37 25 70 13 6 42 35 0 17 15 35 8 16 18 52 36 20 12 35 34 47 19 62 32 38 24 17 4 27 43 6 18 42 32 54 41 51 10
16 22 44 23 16 24 52 51 21 42 61 28 22 59 51 17 0 29 51 24 32 6 38 20 36 19 48 39 31 35 54 48 48 38 33 16 44 35 12 31 25 22 43 25 35 20
26 10 64 49 41 5 24 25 46 15 84 17 11 33 35 15 29 0 34 12 7 31 58 45 10 13 21 25 55 12 76 29 44 28 12 13 23 57 20 24 51 36 57 50 59 23
37 43 93 74 66 35 44 48 71 24 84 23 32 22 2 35 51 34 0 29 28 50 87 70 27 43 41 57 81 23 75 7 23 14 23 38 13 62 40 21 76 67 89 76 85 32
16 16 65 47 39 9 34 36 44 19 74 7 3 35 29 8 24 12 29 0 10 25 59 43 14 16 31 35 54 12 66 25 34 19 10 10 20 47 13 13 49 38 60 48 58 12
26 16 70 54 45 9 25 27 51 10 84 13 11 27 29 16 32 7 28 10 0 33 64 50 5 18 21 30 60 6 75 22 39 23 6 16 16 57 22 19 55 42 63 55 64 22
13 25 47 25 19 27 54 54 23 43 56 27 23 59 49 18 6 31 50 25 33 0 41 22 38 22 51 44 33 36 50 47 44 36 34 18 44 30 12 29 28 27 47 28 37 18
53 49 7 19 22 55 74 71 19 73 77 64 56 91 87 52 38 58 87 59 64 41 0 20 67 46 72 52 11 68 74 83 85 75 67 50 78 58 48 68 16 23 14 15 11 57
35 37 27 4 6 41 66 64 2 60 61 47 41 77 70 36 20 45 70 43 50 22 20 0 54 34 63 48 12 54 57 67 65 57 52 34 63 39 31 50 6 19 30 6 16 39
30 20 73 58 49 13 22 25 55 6 87 16 15 24 27 20 36 10 27 14 5 38 67 54 0 22 18 31 64 5 79 21 40 24 8 20 15 61 26 22 60 45 66 59 68 25
23 4 52 37 29 9 34 33 34 27 77 22 13 45 44 12 19 13 43 16 18 22 46 34 22 0 30 23 43 23 70 39 49 34 22 8 33 51 14 28 39 24 46 38 47 21
46 27 77 67 58 25 4 8 63 18 104 34 30 27 42 35 48 21 41 31 21 51 72 63 18 30 0 24 71 23 96 34 58 41 25 33 29 77 40 40 68 50 67 66 75 42
45 21 56 51 42 26 25 21 48 35 99 41 33 49 58 34 39 25 57 35 30 44 52 48 31 23 24 0 53 35 93 51 68 52 36 31 45 73 37 48 51 31 45 49 57 44
46 46 17 9 15 51 73 71 10 69 67 58 51 87 81 47 31 55 81 54 60 33 11 12 64 43 71 53 0 64 64 78 77 69 62 45 73 47 42 62 6 23 23 6 5 50
27 21 74 57 49 14 27 30 55 8 84 12 14 24 23 19 35 12 23 12 6 36 68 54 5 23 23 35 64 0 75 17 36 19 3 20 11 58 24 17 59 47 68 58 68 22
50 73 79 56 59 72 99 100 58 82 10 64 66 94 73 62 54 76 75 66 75 50 74 57 79 70 96 93 64 75 0 77 55 63 72 64 77 20 57 60 59 72 86 61 64 54
36 38 90 71 63 30 37 41 68 18 86 20 28 18 8 32 48 29 7 25 22 47 83 67 21 39 34 51 78 17 77 0 27 14 18 34 7 62 37 20 73 62 84 73 82 31
32 49 91 68 63 43 61 64 67 41 64 28 37 44 21 38 48 44 23 34 39 44 85 65 40 49 58 68 77 36 55 27 0 17 34 41 30 45 39 21 71 68 90 71 80 30
24 34 82 61 54 27 45 48 59 24 72 13 22 31 13 24 38 28 14 19 23 36 75 57 24 34 41 52 69 19 63 14 17 0 17 28 15 49 28 8 63 56 78 63 73 19
24 21 73 56 48 13 29 32 53 11 81 9 12 26 23 17 33 12 23 10 6 34 67 52 8 22 25 36 62 3 72 18 34 17 0 18 12 55 22 15 58 46 67 57 67 19
16 10 56 38 30 9 37 37 35 26 72 16 7 43 38 4 16 13 38 10 16 18 50 34 20 8 33 31 45 20 64 34 41 28 18 0 29 45 7 21 40 29 51 39 49 14
33 32 84 66 59 25 32 36 64 12 86 17 23 17 14 27 44 23 13 20 16 44 78 63 15 33 29 45 73 11 77 7 30 15 12 29 0 61 32 18 69 57 79 68 78 28
32 54 63 39 41 53 81 81 40 65 27 46 47 78 60 43 35 57 62 47 57 30 58 39 61 51 77 73 47 58 20 62 45 49 55 45 61 0 38 44 42 53 68 43 49 36
10 16 55 35 27 16 44 44 32 31 65 17 11 47 39 6 12 20 40 13 22 12 48 31 26 14 40 37 42 24 57 37 39 28 22 7 32 38 0 20 37 30 52 36 46 10
17 28 74 54 47 22 43 46 52 24 69 7 16 35 20 18 31 24 21 13 19 29 68 50 22 28 40 48 62 17 60 20 21 8 15 21 18 44 20 0 56 49 71 56 65 12
40 42 22 4 11 47 70 68 5 65 62 53 46 82 76 42 25 51 76 49 55 28 16 6 60 39 68 51 6 59 59 73 71 63 58 40 69 42 37 56 0 21 27 2 10 44
37 26 28 21 14 33 52 49 18 51 77 44 35 68 67 32 22 36 67 38 42 27 23 19 45 24 50 31 23 47 72 62 68 56 46 29 57 53 30 49 21 0 23 19 27 39
59 48 14 30 29 55 69 65 29 72 89 66 58 89 89 54 43 57 89 60 63 47 14 30 66 46 67 45 23 68 86 84 90 78 67 51 79 68 52 71 27 23 0 26 25 61
40 41 21 5 10 46 69 67 5 64 64 53 46 82 75 41 25 50 76 48 55 28 15 6 59 38 66 49 6 58 61 73 71 63 57 39 68 43 36 56 2 19 26 0 10 44
50 50 15 13 20 55 78 75 14 74 67 62 55 91 85 51 35 59 85 58 64 37 11 16 68 47 75 57 5 68 64 82 80 73 67 49 78 49 46 65 10 27 25 10 0 54
6 23 63 42 35 19 46 47 40 30 62 11 12 44 32 10 20 23 32 12 22 18 57 39 25 21 42 44 50 22 54 31 30 19 19 14 28 36 10 12 44 39 61 44 54 0
