0 21 37 31 47 59 70 46 22 63 18 29 58 39 42 30 60 23 42 36 9 29 44 36 62 67 60 34 60 59 30 31 2 65 54 26 12 19 36 22 105 85 77 84 103 86 61 49 60 85 73 41 22 41 72 70 36 7 35 70 79 50 35 49 77
21 0 22 19 31 40 50 40 6 46 23 11 39 34 39 23 44 26 21 25 14 9 32 25 47 48 40 32 62 40 35 12 21 45 54 25 25 18 38 11 86 65 60 73 97 69 41 32 53 84 62 27 9 43 78 67 37 27 50 82 82 60 54 68 94
37 22 0 8 10 30 42 25 26 52 27 11 38 22 26 15 23 27 20 42 29 17 12 8 26 34 31 23 51 43 33 13 38 44 42 22 35 22 31 16 83 55 41 52 78 73 40 13 35 68 74 41 17 36 69 85 58 44 55 80 103 82 72 79 98
31 19 8 0 17 36 49 23 24 55 20 10 43 18 23 8 29 19 24 41 23 16 14 7 32 41 37 18 47 47 26 13 32 49 39 15 27 15 26 9 89 62 48 56 79 78 45 20 35 67 76 42 11 31 65 84 55 38 47 74 100 77 66 71 91
47 31 10 17 0 27 39 25 35 54 35 21 39 25 27 21 13 34 24 49 39 25 10 13 16 29 29 28 51 46 39 21 48 43 42 29 43 31 35 25 81 50 31 43 72 74 40 6 31 65 79 47 26 40 70 92 67 54 61 84 111 91 82 87 104
59 40 30 36 27 0 13 52 40 33 55 32 17 50 53 44 28 55 19 43 52 31 37 37 32 11 3 52 77 25 62 29 60 19 69 51 61 49 60 40 54 27 30 59 93 50 16 22 56 90 60 38 40 65 96 80 65 66 83 109 104 92 93 106 127
70 50 42 49 39 13 0 64 50 30 67 44 17 63 66 56 38 67 29 49 63 42 49 50 42 15 12 65 90 23 75 41 70 13 81 64 72 61 73 52 42 16 35 68 102 41 14 34 67 101 57 42 52 78 109 80 70 76 96 122 106 98 103 117 139
46 40 25 23 25 52 64 0 46 77 28 33 62 8 5 18 31 24 45 64 39 39 16 18 30 53 53 12 26 68 22 36 47 68 18 20 37 28 15 30 105 75 49 41 58 98 64 31 15 44 98 64 32 17 45 107 76 52 44 60 121 95 77 71 82
22 6 26 24 35 40 50 46 0 43 27 16 37 40 44 28 48 30 22 20 16 11 37 30 51 49 40 37 67 37 40 15 21 44 59 30 28 23 43 16 84 65 63 78 102 66 40 36 58 89 57 23 14 48 83 61 32 27 54 86 77 56 53 70 97
63 46 52 55 54 33 30 77 43 0 68 47 17 73 77 63 60 70 32 30 58 42 62 59 64 42 31 73 102 9 79 43 63 17 93 68 70 62 80 54 44 42 62 92 124 23 18 50 84 119 28 23 52 86 120 51 49 68 96 127 78 76 89 112 139
18 23 27 20 35 55 67 28 27 68 0 24 58 21 24 15 47 5 40 46 14 27 29 23 49 60 56 17 43 61 13 27 20 65 36 9 9 6 18 15 105 81 66 68 85 91 61 39 43 67 83 49 16 23 57 85 52 24 29 60 96 68 50 52 74
29 11 11 10 21 32 44 33 16 47 24 0 36 28 32 17 33 25 17 32 21 6 22 15 36 39 33 27 57 39 33 4 29 42 48 22 29 18 34 9 82 58 49 62 88 69 38 22 44 76 66 32 9 40 74 75 47 36 52 81 92 71 64 74 97
58 39 38 43 39 17 17 62 37 17 58 36 0 60 63 51 43 60 19 33 52 32 48 46 47 26 15 60 88 9 68 32 58 7 79 57 62 53 68 44 48 31 46 75 108 36 3 34 69 103 44 26 43 73 106 65 54 64 87 116 90 82 89 107 131
39 34 22 18 25 50 63 8 40 73 21 28 60 0 5 12 33 17 42 58 32 34 15 15 33 53 52 6 30 65 17 31 40 65 21 13 30 21 11 24 104 75 52 48 65 95 61 30 22 50 93 59 26 15 48 100 69 45 40 60 114 88 70 67 80
42 39 26 23 27 53 66 5 44 77 24 32 63 5 0 16 34 20 46 63 36 38 18 18 34 55 55 8 26 69 18 35 44 69 17 17 33 25 11 28 107 77 53 46 61 99 65 33 19 46 98 64 30 13 44 105 74 48 40 57 118 92 73 67 79
30 23 15 8 21 44 56 18 28 63 15 17 51 12 16 0 33 13 32 47 23 23 15 9 34 48 45 11 40 55 19 21 31 57 32 8 24 12 18 12 97 69 52 55 76 85 53 26 32 61 82 48 14 23 57 89 59 37 41 66 103 78 63 66 84
60 44 23 29 13 28 38 31 48 60 47 33 43 33 34 33 0 45 33 60 52 37 19 25 5 25 30 37 55 51 49 33 60 46 47 40 56 43 44 38 79 46 20 34 65 77 43 13 30 64 86 57 39 47 73 101 78 67 72 91 122 103 94 98 112
23 26 27 19 34 55 67 24 30 70 5 25 60 17 20 13 45 0 41 50 18 29 27 21 46 60 56 13 39 63 10 29 24 66 32 6 13 8 14 17 107 81 64 64 81 93 62 38 39 63 87 52 18 19 53 89 56 28 29 57 100 72 53 53 72
42 21 20 24 24 19 29 45 22 32 40 17 19 42 46 32 33 41 0 28 34 14 31 28 37 28 19 42 71 24 49 13 42 26 62 38 44 34 49 25 66 44 44 66 96 54 22 22 54 88 55 24 24 55 89 69 48 48 68 97 90 75 75 89 113
36 25 42 41 49 43 49 64 20 30 46 32 33 58 63 47 60 50 28 0 34 26 53 47 64 53 42 56 86 29 59 30 35 38 78 49 45 42 62 35 74 64 71 92 120 51 35 48 76 108 38 8 33 68 102 43 22 39 71 104 63 50 60 84 113
9 14 29 23 39 52 63 39 16 58 14 21 52 32 36 23 52 18 34 34 0 21 36 28 54 60 52 29 57 53 27 23 9 58 50 20 12 12 32 14 99 78 69 77 97 81 54 41 54 80 71 38 13 37 70 72 39 16 38 71 83 56 44 55 81
29 9 17 16 25 31 42 39 11 42 27 6 32 34 38 23 37 29 14 26 21 0 28 21 40 39 32 33 62 35 38 4 29 39 54 27 31 22 39 13 79 57 52 68 94 64 34 25 50 82 60 26 11 45 79 69 42 35 56 86 86 67 63 76 100
44 32 12 14 10 37 49 16 37 62 29 22 48 15 18 15 19 27 31 53 36 28 0 8 20 38 38 19 41 54 30 24 45 53 33 22 38 26 26 23 90 60 38 42 67 83 49 16 23 57 85 52 25 30 60 96 69 50 53 74 113 91 78 79 94
36 25 8 7 13 37 50 18 30 59 23 15 46 15 18 9 25 21 28 47 28 21 8 0 27 40 38 16 43 51 26 18 37 51 35 16 31 19 24 15 90 62 44 50 73 81 47 18 29 62 81 47 17 29 62 90 61 43 49 73 106 83 70 74 91
62 47 26 32 16 32 42 30 51 64 49 36 47 33 34 34 5 46 37 64 54 40 20 27 0 28 34 37 53 55 49 36 63 50 45 41 57 45 44 40 82 48 20 30 61 81 47 16 27 60 90 61 42 47 71 105 82 69 72 90 126 106 97 99 112
67 48 34 41 29 11 15 53 49 42 60 39 26 53 55 48 25 60 28 53 60 39 38 40 28 0 12 56 78 34 66 37 68 26 69 56 67 55 63 47 55 22 21 53 87 55 24 23 54 88 69 48 47 68 97 90 75 74 88 112 114 102 102 112 131
60 40 31 37 29 3 12 53 40 31 56 33 15 52 55 45 30 56 19 42 52 32 38 38 34 12 0 54 79 23 63 30 60 16 71 52 61 50 62 41 53 26 32 62 95 48 14 24 58 92 58 36 41 67 98 78 64 66 84 111 102 91 93 106 128
34 32 23 18 28 52 65 12 37 73 17 27 60 6 8 11 37 13 42 56 29 33 19 16 37 56 54 0 31 65 12 31 36 66 23 9 25 17 8 21 106 77 56 53 69 95 62 33 27 53 92 58 23 13 47 98 66 40 35 57 111 84 65 62 76
60 62 51 47 51 77 90 26 67 102 43 57 88 30 26 40 55 39 71 86 57 62 41 43 53 78 79 31 0 94 31 60 62 93 9 38 49 46 25 52 131 100 71 51 50 124 90 56 27 26 122 88 54 20 19 127 95 64 41 40 138 109 83 67 66
59 40 43 47 46 25 23 68 37 9 61 39 9 65 69 55 51 63 24 29 53 35 54 51 55 34 23 65 94 0 72 35 58 11 85 61 64 56 72 47 47 37 54 83 115 31 10 41 76 110 36 22 46 78 112 57 50 63 89 120 83 78 87 107 134
30 35 33 26 39 62 75 22 40 79 13 33 68 17 18 19 49 10 49 59 27 38 30 26 49 66 63 12 31 72 0 37 31 74 25 12 19 18 8 26 115 88 68 63 76 102 70 44 36 56 96 61 27 11 44 98 65 34 23 49 108 79 56 50 66
31 12 13 13 21 29 41 36 15 43 27 4 32 31 35 21 33 29 13 30 23 4 24 18 36 37 30 31 60 35 37 0 31 38 52 26 32 21 38 12 79 55 49 64 90 65 34 21 47 80 63 29 12 43 78 72 46 38 56 85 90 71 65 77 100
2 21 38 32 48 60 70 47 21 63 20 29 58 40 44 31 60 24 42 35 9 29 45 37 63 68 60 36 62 58 31 31 0 65 55 27 13 20 38 23 104 85 78 86 105 85 61 50 61 86 72 41 22 42 74 69 35 7 37 71 77 49 35 50 78
65 45 44 49 43 19 13 68 44 17 65 42 7 65 69 57 46 66 26 38 58 39 53 51 50 26 16 66 93 11 74 38 65 0 85 63 69 59 74 50 41 27 46 77 111 32 5 39 73 108 44 31 49 79 112 67 59 70 94 122 93 88 95 113 138
54 54 42 39 42 69 81 18 59 93 36 48 79 21 17 32 47 32 62 78 50 54 33 35 45 69 71 23 9 85 25 52 55 85 0 30 43 38 18 43 122 91 64 47 52 115 81 48 20 31 114 80 45 14 28 120 88 59 39 46 132 103 80 67 70
26 25 22 15 29 51 64 20 30 68 9 22 57 13 17 8 40 6 38 49 20 27 22 16 41 56 52 9 38 61 12 26 27 63 30 0 17 9 13 15 103 77 59 60 78 91 59 34 35 61 86 51 17 19 54 90 58 32 33 60 102 75 58 58 76
12 25 35 27 43 61 72 37 28 70 9 29 62 30 33 24 56 13 44 45 12 31 38 31 57 67 61 25 49 64 19 32 13 69 43 17 0 13 25 21 110 87 74 77 93 93 65 47 51 74 83 49 21 30 61 82 47 16 26 60 90 60 41 46 70
19 18 22 15 31 49 61 28 23 62 6 18 53 21 25 12 43 8 34 42 12 22 26 19 45 55 50 17 46 56 18 21 20 59 38 9 13 0 21 10 100 75 62 66 86 85 55 34 42 69 79 44 11 27 61 82 50 25 35 65 94 68 52 57 79
36 38 31 26 35 60 73 15 43 80 18 34 68 11 11 18 44 14 49 62 32 39 26 24 44 63 62 8 25 72 8 38 38 74 18 13 25 21 0 28 113 85 63 56 69 102 70 40 29 49 99 64 29 6 41 103 70 41 29 50 114 85 63 57 69
22 11 16 9 25 40 52 30 16 54 15 9 44 24 28 12 38 17 25 35 14 13 23 15 40 47 41 21 52 47 26 12 23 50 43 15 21 10 28 0 91 67 56 64 87 77 46 28 43 73 72 37 3 33 68 77 47 29 44 74 92 68 57 66 88
105 86 83 89 81 54 42 105 84 44 105 82 48 104 107 97 79 107 66 74 99 79 90 90 82 55 53 106 131 47 115 79 104 41 122 103 110 100 113 91 0 35 70 104 139 29 45 75 108 142 57 67 90 119 150 86 92 110 134 162 114 119 133 153 178
85 65 55 62 50 27 16 75 65 42 81 58 31 75 77 69 46 81 44 64 78 57 60 62 48 22 26 77 100 37 88 55 85 27 91 77 87 75 85 67 35 0 35 70 104 45 29 45 75 108 67 57 66 89 118 92 85 92 109 134 119 113 118 132 153
77 60 41 48 31 30 35 49 63 62 66 49 46 52 53 52 20 64 44 71 69 52 38 44 20 21 32 56 71 54 68 49 78 46 64 59 74 62 63 56 70 35 0 35 70 75 45 28 45 75 90 66 56 66 89 110 92 84 91 109 133 118 112 117 131
84 73 52 56 43 59 68 41 78 92 68 62 75 48 46 55 34 64 66 92 77 68 42 50 30 53 62 53 51 83 63 64 86 77 47 60 77 66 56 64 104 70 35 0 35 108 75 45 28 45 119 89 66 56 66 134 109 91 84 90 153 132 117 111 116
103 97 78 79 72 93 102 58 102 124 85 88 108 65 61 76 65 81 96 120 97 94 67 73 61 87 95 69 50 115 76 90 105 111 52 78 93 86 69 87 139 104 70 35 0 142 108 75 45 28 150 118 89 66 55 162 134 109 90 83 178 153 131 116 110
86 69 73 78 74 50 41 98 66 23 91 69 36 95 99 85 77 93 54 51 81 64 83 81 81 55 48 95 124 31 102 65 85 32 115 91 93 85 102 77 29 45 75 108 142 0 35 70 104 139 29 45 75 108 142 57 67 90 119 150 86 92 110 134 162
61 41 40 45 40 16 14 64 40 18 61 38 3 61 65 53 43 62 22 35 54 34 49 47 47 24 14 62 90 10 70 34 61 5 81 59 65 55 70 46 45 29 45 75 108 35 0 35 70 104 45 29 45 75 108 67 57 66 89 118 92 85 92 109 134
49 32 13 20 6 22 34 31 36 50 39 22 34 30 33 26 13 38 22 48 41 25 16 18 16 23 24 33 56 41 44 21 50 39 48 34 47 34 40 28 75 45 28 45 75 70 35 0 35 70 75 45 28 45 75 90 66 56 66 89 110 92 84 91 109
60 53 35 35 31 56 67 15 58 84 43 44 69 22 19 32 30 39 54 76 54 50 23 29 27 54 58 27 27 76 36 47 61 73 20 35 51 42 29 43 108 75 45 28 45 104 70 35 0 35 108 75 45 28 45 119 89 66 56 66 134 109 91 84 90
85 84 68 67 65 90 101 44 89 119 67 76 103 50 46 61 64 63 88 108 80 82 57 62 60 88 92 53 26 110 56 80 86 108 31 61 74 69 49 73 142 108 75 45 28 139 104 70 35 0 142 108 75 45 28 150 118 89 66 55 162 134 109 90 83
73 62 74 76 79 60 57 98 57 28 83 66 44 93 98 82 86 87 55 38 71 60 85 81 90 69 58 92 122 36 96 63 72 44 114 86 83 79 99 72 57 67 90 119 150 29 45 75 108 142 0 35 70 104 139 29 45 75 108 142 57 67 90 119 150
41 27 41 42 47 38 42 64 23 23 49 32 26 59 64 48 57 52 24 8 38 26 52 47 61 48 36 58 88 22 61 29 41 31 80 51 49 44 64 37 67 57 66 89 118 45 29 45 75 108 35 0 35 70 104 45 29 45 75 108 67 57 66 89 118
22 9 17 11 26 40 52 32 14 52 16 9 43 26 30 14 39 18 24 33 13 11 25 17 42 47 41 23 54 46 27 12 22 49 45 17 21 11 29 3 90 66 56 66 89 75 45 28 45 75 70 35 0 35 70 75 45 28 45 75 90 66 56 66 89
41 43 36 31 40 65 78 17 48 86 23 40 73 15 13 23 47 19 55 68 37 45 30 29 47 68 67 13 20 78 11 43 42 79 14 19 30 27 6 33 119 89 66 56 66 108 75 45 28 45 104 70 35 0 35 108 75 45 28 45 119 89 66 56 66
72 78 69 65 70 96 109 45 83 120 57 74 106 48 44 57 73 53 89 102 70 79 60 62 71 97 98 47 19 112 44 78 74 112 28 54 61 61 41 68 150 118 89 66 55 142 108 75 45 28 139 104 70 35 0 142 108 75 45 28 150 118 89 66 55
70 67 85 84 92 80 80 107 61 51 85 75 65 100 105 89 101 89 69 43 72 69 96 90 105 90 78 98 127 57 98 72 69 67 120 90 82 82 103 77 86 92 110 134 162 57 67 90 119 150 29 45 75 108 142 0 35 70 104 139 29 45 75 108 142
36 37 58 55 67 65 70 76 32 49 52 47 54 69 74 59 78 56 48 22 39 42 69 61 82 75 64 66 95 50 65 46 35 59 88 58 47 50 70 47 92 85 92 109 134 67 57 66 89 118 45 29 45 75 108 35 0 35 70 104 45 29 45 75 108
7 27 44 38 54 66 76 52 27 68 24 36 64 45 48 37 67 28 48 39 16 35 50 43 69 74 66 40 64 63 34 38 7 70 59 32 16 25 41 29 110 92 84 91 109 90 66 56 66 89 75 45 28 45 75 70 35 0 35 70 75 45 28 45 75
35 50 55 47 61 83 96 44 54 96 29 52 87 40 40 41 72 29 68 71 38 56 53 49 72 88 84 35 41 89 23 56 37 94 39 33 26 35 29 44 134 109 91 84 90 119 89 66 56 66 108 75 45 28 45 104 70 35 0 35 108 75 45 28 45
70 82 80 74 84 109 122 60 86 127 60 81 116 60 57 66 91 57 97 104 71 86 74 73 90 112 111 57 40 120 49 85 71 122 46 60 60 65 50 74 162 134 109 90 83 150 118 89 66 55 142 108 75 45 28 139 104 70 35 0 142 108 75 45 28
79 82 103 100 111 104 106 121 77 78 96 92 90 114 118 103 122 100 90 63 83 86 113 106 126 114 102 111 138 83 108 90 77 93 132 102 90 94 114 92 114 119 133 153 178 86 92 110 134 162 57 67 90 119 150 29 45 75 108 142 0 35 70 104 139
50 60 82 77 91 92 98 95 56 76 68 71 82 88 92 78 103 72 75 50 56 67 91 83 106 102 91 84 109 78 79 71 49 88 103 75 60 68 85 68 119 113 118 132 153 92 85 92 109 134 67 57 66 89 118 45 29 45 75 108 35 0 35 70 104
35 54 72 66 82 93 103 77 53 89 50 64 89 70 73 63 94 53 75 60 44 63 78 70 97 102 93 65 83 87 56 65 35 95 80 58 41 52 63 57 133 118 112 117 131 110 92 84 91 109 90 66 56 66 89 75 45 28 45 75 70 35 0 35 70
49 68 79 71 87 106 117 71 70 112 52 74 107 67 67 66 98 53 89 84 55 76 79 74 99 112 106 62 67 107 50 77 50 113 67 58 46 57 57 66 153 132 117 111 116 134 109 91 84 90 119 89 66 56 66 108 75 45 28 45 104 70 35 0 35
77 94 98 91 104 127 139 82 97 139 74 97 131 80 79 84 112 72 113 113 81 100 94 91 112 131 128 76 66 134 66 100 78 138 70 76 70 79 69 88 178 153 131 116 110 162 134 109 90 83 150 118 89 66 55 142 108 75 45 28 139 104 70 35 0
