0 24 42 34 45 26 33 21 49 36 13 34 28 57 45 27 47 24 35 21 10 32 47 11 39 58 36 7 47 22 21 2 29 15 23 19 50 26 51 33 82 61 56 70 95 67 38 28 51 83 61 26 9 44 79 68 40 31 53 84 84 64 59 72 97
24 0 18 56 26 45 40 25 62 20 12 55 28 36 23 17 45 8 14 34 25 8 24 28 20 78 40 18 57 11 35 26 27 21 47 22 55 9 31 9 102 76 60 61 79 89 58 33 36 62 84 50 15 21 55 88 56 31 33 61 101 74 57 58 77
42 18 0 73 20 62 53 39 74 23 30 72 39 23 11 26 51 21 15 50 42 11 9 45 18 94 51 36 69 25 51 43 37 36 65 37 65 20 20 10 118 90 68 59 70 107 75 46 32 49 102 68 33 5 37 105 72 41 25 44 115 86 62 53 64
34 56 73 0 78 13 35 52 34 70 45 8 59 84 74 61 55 54 68 28 33 64 80 29 73 27 40 39 36 55 26 33 60 38 15 51 46 60 77 64 49 36 52 80 112 34 8 38 72 107 39 21 42 75 108 59 49 61 87 117 84 77 85 105 131
45 26 20 78 0 69 66 32 87 10 36 78 28 41 31 19 68 32 12 59 48 20 15 52 6 102 65 40 82 23 60 46 26 46 67 31 80 19 40 23 126 101 84 79 88 110 81 58 51 65 101 67 37 24 47 98 63 29 9 42 103 71 44 34 53
26 45 62 13 69 0 23 46 29 61 34 10 53 71 61 52 43 42 58 15 21 53 69 18 63 33 28 29 28 46 13 25 54 26 17 44 36 50 64 53 58 37 42 68 100 46 13 25 59 94 51 25 33 63 96 68 52 56 77 106 91 79 82 97 121
33 40 53 35 66 23 0 53 22 60 32 29 59 55 48 53 20 34 54 13 23 46 61 23 60 45 6 31 17 46 13 34 59 22 38 49 17 48 48 45 69 38 23 46 78 65 31 8 40 74 73 46 34 52 81 90 69 62 73 96 112 95 90 98 116
21 25 39 52 32 46 53 0 70 23 23 54 8 60 47 14 64 31 26 42 30 29 40 31 28 77 54 22 67 15 42 21 9 32 38 4 69 19 55 32 101 82 75 84 104 82 57 47 60 86 69 37 19 42 75 67 33 10 39 73 77 50 38 54 82
49 62 74 34 87 29 22 70 0 80 53 27 77 75 69 73 33 56 75 29 41 68 82 40 81 30 25 50 7 67 29 50 78 42 44 68 17 69 68 66 51 17 21 55 89 55 27 29 59 92 71 52 53 74 102 93 80 80 95 118 118 107 108 118 137
36 20 23 70 10 61 60 23 80 0 29 70 19 45 33 10 64 28 8 52 41 18 20 44 6 94 60 32 76 15 53 37 17 39 58 22 75 12 42 21 118 94 80 78 92 101 73 53 52 70 91 58 29 27 55 89 54 21 18 51 95 64 40 39 61
13 12 30 45 36 34 32 23 53 29 0 44 28 45 32 21 41 12 25 24 13 20 35 17 30 67 33 7 48 15 25 15 28 11 36 20 49 17 38 20 91 66 54 62 84 78 47 26 40 70 74 39 5 31 66 80 50 31 44 72 95 71 59 66 88
34 55 72 8 78 10 29 54 27 70 44 0 61 80 71 61 48 52 67 24 31 62 78 27 73 24 35 38 29 56 22 34 62 36 20 52 39 59 73 62 48 31 45 74 106 37 4 33 67 102 46 27 42 72 105 66 55 64 86 115 91 83 89 106 131
28 28 39 59 28 53 59 8 77 19 28 61 0 61 48 13 69 34 25 49 37 30 39 38 25 85 61 28 74 17 49 28 3 38 45 10 76 20 56 33 108 89 81 88 106 88 64 53 63 87 74 43 25 43 74 70 36 4 35 69 77 47 32 47 76
57 36 23 84 41 71 55 60 75 45 45 80 61 0 14 48 45 34 37 57 53 31 27 57 40 100 51 51 69 45 59 59 59 47 78 57 62 41 8 28 124 92 63 44 47 117 83 49 19 27 117 83 49 19 27 124 92 63 44 48 136 108 84 71 73
45 23 11 74 31 61 48 47 69 33 32 71 48 14 0 35 43 21 25 48 42 18 18 46 29 91 45 38 63 32 49 46 46 36 67 44 58 28 10 15 116 86 60 49 59 107 73 41 21 40 105 71 36 8 35 111 79 50 35 49 123 95 73 63 71
27 17 26 61 19 52 53 14 73 10 21 61 13 48 35 0 60 24 12 45 33 18 27 36 14 85 54 24 69 8 45 28 11 32 48 13 69 8 44 21 109 87 74 77 94 92 64 47 52 74 82 49 21 30 62 81 47 15 27 60 89 60 40 46 71
47 45 51 55 68 43 20 64 33 64 41 48 69 45 43 60 0 37 57 31 37 48 59 39 63 61 15 43 26 54 32 48 69 33 57 60 18 54 39 45 83 49 19 26 59 84 50 20 27 59 93 64 45 48 71 109 86 72 74 91 129 110 100 101 113
24 8 21 54 32 42 34 31 56 28 12 52 34 34 21 24 37 0 21 30 22 13 28 25 27 74 33 18 50 18 31 26 33 16 46 27 48 17 27 11 98 71 53 54 74 87 54 27 30 59 85 50 16 21 55 91 60 37 40 65 105 80 64 65 82
35 14 15 68 12 58 54 26 75 8 25 67 25 37 25 12 57 21 0 48 37 10 15 41 6 91 54 30 70 14 49 36 23 34 57 24 69 9 34 13 115 90 73 71 84 101 71 47 44 63 92 58 26 19 50 93 59 27 20 50 101 71 48 45 64
21 34 50 28 59 15 13 42 29 52 24 24 49 57 48 45 31 30 48 0 12 41 57 11 54 44 17 21 26 38 2 22 49 14 27 39 29 41 50 41 69 43 36 56 86 60 26 12 45 79 64 34 25 50 82 79 57 52 67 94 99 83 79 90 111
10 25 42 33 48 21 23 30 41 41 13 31 37 53 42 33 37 22 37 12 0 32 48 4 43 54 26 9 38 27 13 11 37 7 26 27 40 30 46 32 78 54 46 61 88 66 34 19 44 78 65 31 13 43 76 75 49 40 57 85 93 74 68 78 101
32 8 11 64 20 53 46 29 68 18 20 62 30 31 18 18 48 13 10 41 32 0 16 35 16 85 45 26 63 15 42 33 29 28 54 27 60 11 27 4 110 83 64 61 76 97 65 39 35 58 92 57 23 14 48 95 62 33 27 53 105 77 57 53 70
47 24 9 80 15 69 61 40 82 20 35 78 39 27 18 27 59 28 15 57 48 16 0 51 15 101 59 41 77 28 58 48 37 43 70 38 73 23 27 17 125 98 76 67 74 113 81 53 39 51 106 72 38 11 35 107 73 40 17 38 115 84 58 45 56
11 28 45 29 52 18 23 31 40 44 17 27 38 57 46 36 39 25 41 11 4 35 51 0 46 51 26 12 36 29 11 11 39 11 22 29 40 33 50 36 75 52 46 63 91 62 31 19 48 81 61 28 15 46 80 72 47 41 60 88 91 73 69 81 104
39 20 18 73 6 63 60 28 81 6 30 73 25 40 29 14 63 27 6 54 43 16 15 46 0 96 60 35 76 18 55 40 23 40 61 26 75 14 38 19 120 96 79 76 87 105 76 53 48 65 96 62 31 22 50 94 60 26 14 47 101 70 44 39 59
58 78 94 27 102 33 45 77 30 94 67 24 85 100 91 85 61 74 91 44 54 85 101 51 96 0 50 62 36 79 43 58 86 58 41 76 46 83 92 84 25 19 50 84 118 27 21 51 85 119 50 46 65 94 125 76 74 87 110 138 104 102 111 130 154
36 40 51 40 65 28 6 54 25 60 33 35 61 51 45 54 15 33 54 17 26 45 59 26 60 50 0 33 19 47 18 37 61 23 43 51 16 48 44 43 73 41 21 40 72 71 36 8 35 70 79 50 36 50 78 95 73 64 72 94 116 99 92 98 114
7 18 36 39 40 29 31 22 50 32 7 38 28 51 38 24 43 18 30 21 9 26 41 12 35 62 33 0 46 18 22 9 28 11 29 19 48 21 44 26 86 63 54 65 89 72 41 26 45 76 67 33 4 38 72 74 45 31 49 78 90 68 59 70 93
47 57 69 36 82 28 17 67 7 76 48 29 74 69 63 69 26 50 70 26 38 63 77 36 76 36 19 46 0 62 26 47 74 38 45 64 11 64 62 61 57 24 16 49 83 60 29 24 52 85 74 53 50 68 95 95 79 77 89 112 119 107 105 114 132
22 11 25 55 23 46 46 15 67 15 15 56 17 45 32 8 54 18 14 38 27 15 28 29 18 79 47 18 62 0 39 23 16 25 44 12 62 5 40 18 103 80 67 71 90 88 59 40 46 72 79 45 14 28 62 81 48 20 32 63 91 64 47 53 76
21 35 51 26 60 13 13 42 29 53 25 22 49 59 49 45 32 31 49 2 13 42 58 11 55 43 18 22 26 39 0 22 49 15 26 39 30 41 51 42 68 42 36 57 87 59 25 13 46 81 63 33 25 51 84 78 56 52 68 95 99 83 79 91 112
2 26 43 33 46 25 34 21 50 37 15 34 28 59 46 28 48 26 36 22 11 33 48 11 40 58 37 9 47 23 22 0 29 16 22 19 51 27 52 34 82 61 57 71 97 65 37 29 53 84 59 25 11 45 80 66 38 31 54 85 83 63 58 73 98
29 27 37 60 26 54 59 9 78 17 28 62 3 59 46 11 69 33 23 49 37 29 37 39 23 86 61 28 74 16 49 29 0 38 47 11 76 19 55 32 109 90 81 87 105 90 65 53 62 85 76 45 25 41 72 72 38 5 33 67 79 49 32 45 74
15 21 36 38 46 26 22 32 42 39 11 36 38 47 36 32 33 16 34 14 7 28 43 11 40 58 23 11 38 25 15 16 38 0 32 29 38 27 40 27 83 56 44 55 81 72 39 16 38 71 71 38 13 37 70 81 54 41 54 80 99 78 69 77 97
23 47 65 15 67 17 38 38 44 58 36 20 45 78 67 48 57 46 57 27 26 54 70 22 61 41 43 29 45 44 26 22 47 32 0 37 52 49 71 55 63 50 58 82 112 44 22 38 69 103 40 9 32 66 101 53 36 47 75 107 75 64 71 91 119
19 22 37 51 31 44 49 4 68 22 20 52 10 57 44 13 60 27 24 39 27 27 38 29 26 76 51 19 64 12 39 19 11 29 37 0 66 17 52 29 99 79 72 80 101 81 55 44 57 83 70 37 16 40 73 69 36 13 39 73 79 53 41 55 82
50 55 65 46 80 36 17 69 17 75 49 39 76 62 58 69 18 48 69 29 40 60 73 40 75 46 16 48 11 62 30 51 76 38 52 66 0 64 56 58 67 32 7 39 73 70 39 23 44 76 84 60 51 63 88 104 85 79 87 107 127 112 107 113 128
26 9 20 60 19 50 48 19 69 12 17 59 20 41 28 8 54 17 9 41 30 11 23 33 14 83 48 21 64 5 41 27 19 27 49 17 64 0 37 14 107 83 68 70 86 92 62 41 44 68 84 50 18 24 57 86 52 23 28 58 95 67 48 50 72
51 31 20 77 40 64 48 55 68 42 38 73 56 8 10 44 39 27 34 50 46 27 27 50 38 92 44 44 62 40 51 52 55 40 71 52 56 37 0 23 117 85 57 41 50 110 76 42 14 33 110 76 43 16 34 118 86 59 44 52 131 103 82 71 77
33 9 10 64 23 53 45 32 66 21 20 62 33 28 15 21 45 11 13 41 32 4 17 36 19 84 43 26 61 18 42 34 32 27 55 29 58 14 23 0 109 82 62 58 73 97 65 38 31 55 93 58 24 12 47 97 64 36 30 54 108 80 60 56 72
82 102 118 49 126 58 69 101 51 118 91 48 108 124 116 109 83 98 115 69 78 110 125 75 120 25 73 86 57 103 68 82 109 83 63 99 67 107 117 109 0 35 70 104 139 29 45 75 108 142 57 67 90 119 150 86 92 110 134 162 114 119 133 153 178
61 76 90 36 101 37 38 82 17 94 66 31 89 92 86 87 49 71 90 43 54 83 98 52 96 19 41 63 24 80 42 61 90 56 50 79 32 83 85 82 35 0 35 70 104 45 29 45 75 108 67 57 66 89 118 92 85 92 109 134 119 113 118 132 153
56 60 68 52 84 42 23 75 21 80 54 45 81 63 60 74 19 53 73 36 46 64 76 46 79 50 21 54 16 67 36 57 81 44 58 72 7 68 57 62 70 35 0 35 70 75 45 28 45 75 90 66 56 66 89 110 92 84 91 109 133 118 112 117 131
70 61 59 80 79 68 46 84 55 78 62 74 88 44 49 77 26 54 71 56 61 61 67 63 76 84 40 65 49 71 57 71 87 55 82 80 39 70 41 58 104 70 35 0 35 108 75 45 28 45 119 89 66 56 66 134 109 91 84 90 153 132 117 111 116
95 79 70 112 88 100 78 104 89 92 84 106 106 47 59 94 59 74 84 86 88 76 74 91 87 118 72 89 83 90 87 97 105 81 112 101 73 86 50 73 139 104 70 35 0 142 108 75 45 28 150 118 89 66 55 162 134 109 90 83 178 153 131 116 110
67 89 107 34 110 46 65 82 55 101 78 37 88 117 107 92 84 87 101 60 66 97 113 62 105 27 71 72 60 88 59 65 90 72 44 81 70 92 110 97 29 45 75 108 142 0 35 70 104 139 29 45 75 108 142 57 67 90 119 150 86 92 110 134 162
38 58 75 8 81 13 31 57 27 73 47 4 64 83 73 64 50 54 71 26 34 65 81 31 76 21 36 41 29 59 25 37 65 39 22 55 39 62 76 65 45 29 45 75 108 35 0 35 70 104 45 29 45 75 108 67 57 66 89 118 92 85 92 109 134
28 33 46 38 58 25 8 47 29 53 26 33 53 49 41 47 20 27 47 12 19 39 53 19 53 51 8 26 24 40 13 29 53 16 38 44 23 41 42 38 75 45 28 45 75 70 35 0 35 70 75 45 28 45 75 90 66 56 66 89 110 92 84 91 109
51 36 32 72 51 59 40 60 59 52 40 67 63 19 21 52 27 30 44 45 44 35 39 48 48 85 35 45 52 46 46 53 62 38 69 57 44 44 14 31 108 75 45 28 45 104 70 35 0 35 108 75 45 28 45 119 89 66 56 66 134 109 91 84 90
83 62 49 107 65 94 74 86 92 70 70 102 87 27 40 74 59 59 63 79 78 58 51 81 65 119 70 76 85 72 81 84 85 71 103 83 76 68 33 55 142 108 75 45 28 139 104 70 35 0 142 108 75 45 28 150 118 89 66 55 162 134 109 90 83
61 84 102 39 101 51 73 69 71 91 74 46 74 117 105 82 93 85 92 64 65 92 106 61 96 50 79 67 74 79 63 59 76 71 40 70 84 84 110 93 57 67 90 119 150 29 45 75 108 142 0 35 70 104 139 29 45 75 108 142 57 67 90 119 150
26 50 68 21 67 25 46 37 52 58 39 27 43 83 71 49 64 50 58 34 31 57 72 28 62 46 50 33 53 45 33 25 45 38 9 37 60 50 76 58 67 57 66 89 118 45 29 45 75 108 35 0 35 70 104 45 29 45 75 108 67 57 66 89 118
9 15 33 42 37 33 34 19 53 29 5 42 25 49 36 21 45 16 26 25 13 23 38 15 31 65 36 4 50 14 25 11 25 13 32 16 51 18 43 24 90 66 56 66 89 75 45 28 45 75 70 35 0 35 70 75 45 28 45 75 90 66 56 66 89
44 21 5 75 24 63 52 42 74 27 31 72 43 19 8 30 48 21 19 50 43 14 11 46 22 94 50 38 68 28 51 45 41 37 66 40 63 24 16 12 119 89 66 56 66 108 75 45 28 45 104 70 35 0 35 108 75 45 28 45 119 89 66 56 66
79 55 37 108 47 96 81 75 102 55 66 105 74 27 35 62 71 55 50 82 76 48 35 80 50 125 78 72 95 62 84 80 72 70 101 73 88 57 34 47 150 118 89 66 55 142 108 75 45 28 139 104 70 35 0 142 108 75 45 28 150 118 89 66 55
68 88 105 59 98 68 90 67 93 89 80 66 70 124 111 81 109 91 93 79 75 95 107 72 94 76 95 74 95 81 78 66 72 81 53 69 104 86 118 97 86 92 110 134 162 57 67 90 119 150 29 45 75 108 142 0 35 70 104 139 29 45 75 108 142
40 56 72 49 63 52 69 33 80 54 50 55 36 92 79 47 86 60 59 57 49 62 73 47 60 74 73 45 79 48 56 38 38 54 36 36 85 52 86 64 92 85 92 109 134 67 57 66 89 118 45 29 45 75 108 35 0 35 70 104 45 29 45 75 108
31 31 41 61 29 56 62 10 80 21 31 64 4 63 50 15 72 37 27 52 40 33 40 41 26 87 64 31 77 20 52 31 5 41 47 13 79 23 59 36 110 92 84 91 109 90 66 56 66 89 75 45 28 45 75 70 35 0 35 70 75 45 28 45 75
53 33 25 87 9 77 73 39 95 18 44 86 35 44 35 27 74 40 20 67 57 27 17 60 14 110 72 49 89 32 68 54 33 54 75 39 87 28 44 30 134 109 91 84 90 119 89 66 56 66 108 75 45 28 45 104 70 35 0 35 108 75 45 28 45
84 61 44 117 42 106 96 73 118 51 72 115 69 48 49 60 91 65 50 94 85 53 38 88 47 138 94 78 112 63 95 85 67 80 107 73 107 58 52 54 162 134 109 90 83 150 118 89 66 55 142 108 75 45 28 139 104 70 35 0 142 108 75 45 28
84 101 115 84 103 91 112 77 118 95 95 91 77 136 123 89 129 105 101 99 93 105 115 91 101 104 116 90 119 91 99 83 79 99 75 79 127 95 131 108 114 119 133 153 178 86 92 110 134 162 57 67 90 119 150 29 45 75 108 142 0 35 70 104 139
64 74 86 77 71 79 95 50 107 64 71 83 47 108 95 60 110 80 71 83 74 77 84 73 70 102 99 68 107 64 83 63 49 78 64 53 112 67 103 80 119 113 118 132 153 92 85 92 109 134 67 57 66 89 118 45 29 45 75 108 35 0 35 70 104
59 57 62 85 44 82 90 38 108 40 59 89 32 84 73 40 100 64 48 79 68 57 58 69 44 111 92 59 105 47 79 58 32 69 71 41 107 48 82 60 133 118 112 117 131 110 92 84 91 109 90 66 56 66 89 75 45 28 45 75 70 35 0 35 70
72 58 53 105 34 97 98 54 118 39 66 106 47 71 63 46 101 65 45 90 78 53 45 81 39 130 98 70 114 53 91 73 45 77 91 55 113 50 71 56 153 132 117 111 116 134 109 91 84 90 119 89 66 56 66 108 75 45 28 45 104 70 35 0 35
97 77 64 131 53 121 116 82 137 61 88 131 76 73 71 71 113 82 64 111 101 70 56 104 59 154 114 93 132 76 112 98 74 97 119 82 128 72 77 72 178 153 131 116 110 162 134 109 90 83 150 118 89 66 55 142 108 75 45 28 139 104 70 35 0
