0 74 24 74 57 76 45 58 64 102 46 87 89 62 56 59 65 47 5 65 3 66 33 79 60 56 82 59 82 97 42 84 92 102 49 99 59 65 18 59 132 114 104 106 118 111 89 76 79 95 94 66 49 53 75 83 50 23 31 62 81 47 15 26 59
74 0 50 39 51 65 31 18 21 29 30 20 21 29 31 16 16 41 71 19 75 10 44 49 48 29 44 15 33 28 33 19 30 48 28 39 24 11 89 18 84 53 32 40 68 78 43 9 27 61 82 51 28 37 67 95 70 55 60 82 114 93 83 86 102
24 50 0 53 46 66 21 36 41 79 23 64 66 40 38 36 43 31 21 44 26 43 17 60 47 37 61 36 60 73 19 60 69 80 26 76 38 43 39 36 112 91 81 85 101 94 68 53 59 81 81 49 26 37 67 77 43 9 28 62 84 53 33 42 70
74 39 53 0 80 98 36 45 22 55 34 33 34 16 60 38 50 66 69 53 74 33 59 11 79 58 9 39 14 38 40 29 28 30 32 30 54 44 84 29 59 43 51 76 107 43 16 32 65 99 43 16 33 65 99 59 43 52 76 107 82 71 76 95 121
57 51 46 80 0 21 47 37 60 72 49 70 72 65 21 43 35 16 58 33 60 51 30 90 5 24 87 43 79 78 44 69 80 98 50 89 29 41 74 52 133 104 78 62 64 123 90 59 36 39 119 84 50 15 21 121 87 54 27 31 129 98 71 53 55
76 65 66 98 21 0 67 54 77 79 68 83 85 83 38 60 50 36 77 47 78 67 50 108 21 41 104 60 95 90 64 83 94 112 70 103 45 56 91 69 148 116 87 63 53 140 106 73 42 26 138 103 69 34 3 141 107 75 45 30 149 118 90 67 58
45 31 21 36 47 67 0 20 20 59 2 43 45 22 30 17 29 32 41 31 46 22 24 44 47 29 44 18 41 53 5 39 48 61 5 56 27 26 59 15 94 71 61 69 90 79 49 33 46 75 72 37 5 34 68 76 44 24 41 72 89 64 52 62 85
58 18 36 45 37 54 20 0 23 45 20 36 38 30 16 7 9 25 56 11 60 15 27 55 35 14 51 6 43 45 20 33 45 62 20 53 10 8 74 16 97 68 49 50 71 87 54 24 27 57 86 52 19 22 55 93 63 42 43 66 108 84 68 69 85
64 21 41 22 60 77 20 23 0 44 19 25 27 9 39 17 29 46 60 32 65 12 42 32 58 37 28 18 22 34 24 21 28 42 16 36 33 23 78 8 76 51 44 60 88 64 31 17 45 78 64 31 16 45 78 75 50 43 59 87 94 75 70 81 103
102 29 79 55 72 79 59 45 44 0 58 23 22 51 54 44 40 66 99 41 104 37 72 63 68 52 55 43 43 20 61 27 31 47 56 36 48 37 117 45 78 43 9 27 61 82 51 28 38 67 95 70 55 60 82 114 93 83 86 102 136 119 111 113 125
46 30 23 34 49 68 2 20 19 58 0 42 44 20 31 17 29 33 43 31 48 21 26 43 48 30 42 18 39 51 6 38 46 59 3 54 28 26 61 14 92 69 59 68 91 77 47 31 46 76 70 36 3 35 69 75 44 26 43 74 88 64 54 63 87
87 20 64 33 70 83 43 36 25 23 42 0 3 30 50 32 35 60 84 38 89 23 61 41 67 48 34 31 21 10 46 5 12 31 39 21 43 30 102 29 66 34 20 46 78 64 30 12 43 77 74 48 39 56 85 92 72 67 78 101 114 99 95 103 121
89 21 66 34 72 85 45 38 27 22 44 3 0 32 51 34 37 62 86 39 91 25 63 42 69 50 34 33 22 8 48 7 11 30 41 19 44 32 104 31 64 32 18 45 79 63 30 14 44 78 74 49 41 58 87 93 74 69 80 102 115 100 97 105 122
62 29 40 16 65 83 22 30 9 51 20 30 32 0 45 24 37 51 58 40 63 20 45 25 64 43 23 25 20 39 25 26 31 41 17 37 40 31 75 15 73 52 50 68 96 58 28 24 53 86 56 23 18 50 85 67 43 40 62 92 86 69 67 82 106
56 31 38 60 21 38 30 16 39 54 31 50 51 45 0 23 15 13 56 13 59 30 23 70 19 3 67 22 59 58 28 48 59 77 32 68 8 20 73 31 112 83 59 51 64 103 69 38 23 45 100 66 31 7 40 105 73 45 34 51 117 90 69 61 72
59 16 36 38 43 60 17 7 17 44 17 32 34 24 23 0 14 30 56 16 60 9 30 48 41 20 45 1 37 41 18 29 40 56 16 48 16 9 74 10 91 63 46 52 75 81 47 20 31 63 79 45 15 28 62 88 59 40 47 72 104 80 68 72 90
65 16 43 50 35 50 29 9 29 40 29 35 37 37 15 14 0 26 63 3 67 18 33 60 32 13 56 13 46 43 28 34 46 64 28 55 8 7 82 23 99 69 45 42 62 91 57 24 18 50 92 59 27 22 51 101 72 50 47 66 117 92 76 74 87
47 41 31 66 16 36 32 25 46 66 33 60 62 51 13 30 26 0 47 25 49 39 15 75 17 14 73 30 66 69 28 58 69 86 35 78 19 31 64 38 121 93 71 62 72 109 77 48 35 50 103 69 34 7 37 105 72 40 22 42 114 84 60 49 61
5 71 21 69 58 77 41 56 60 99 43 84 86 58 56 56 63 47 0 64 5 63 33 74 61 55 77 57 78 93 39 80 88 98 46 95 58 63 19 56 127 110 101 104 118 106 84 74 78 96 89 62 46 53 77 78 45 19 33 65 77 43 14 30 64
65 19 44 53 33 47 31 11 32 41 31 38 39 40 13 16 3 25 64 0 68 21 33 63 30 12 59 16 49 45 30 37 48 66 31 57 7 10 82 25 102 71 46 41 60 94 60 27 16 47 95 61 30 20 49 104 74 51 46 64 119 94 77 73 85
3 75 26 74 60 78 46 60 65 104 48 89 91 63 59 60 67 49 5 68 0 68 36 79 63 59 82 61 83 98 44 85 93 103 50 100 61 68 15 61 132 115 106 108 121 111 89 78 81 98 93 66 50 56 78 82 49 24 34 64 79 45 12 27 61
66 10 43 33 51 67 22 15 12 37 21 23 25 20 30 9 18 39 63 21 68 0 39 43 49 28 38 9 29 32 24 20 31 47 19 39 23 12 81 9 83 54 39 50 76 74 40 11 33 67 75 42 19 36 69 86 60 46 56 81 104 84 74 80 99
33 44 17 59 30 50 24 27 42 72 26 61 63 45 23 30 33 15 33 33 36 39 0 68 31 23 67 30 63 70 20 58 68 83 28 77 26 35 51 35 117 92 75 73 86 102 72 49 46 65 93 59 27 21 51 92 58 25 18 49 100 70 46 42 62
79 49 60 11 90 108 44 55 32 63 43 41 42 25 70 48 60 75 74 63 79 43 68 0 88 68 9 49 21 45 48 37 34 30 40 34 64 54 88 39 54 44 59 86 117 35 16 42 75 109 34 14 41 75 109 52 42 57 84 116 77 70 80 101 128
60 48 47 79 5 21 47 35 58 68 48 67 69 64 19 41 32 17 61 30 63 49 31 88 0 21 85 41 77 75 44 66 77 95 50 86 26 38 77 50 131 100 74 58 60 121 88 56 32 35 118 83 49 14 22 121 88 56 31 35 130 100 74 57 59
56 29 37 58 24 41 29 14 37 52 30 48 50 43 3 20 13 14 55 12 59 28 23 68 21 0 65 20 56 56 26 46 57 75 30 66 6 18 73 29 110 81 58 50 65 100 67 36 23 47 98 64 29 9 42 104 72 44 35 53 116 89 68 62 74
82 44 61 9 87 104 44 51 28 55 42 34 34 23 67 45 56 73 77 59 82 38 67 9 85 65 0 45 13 37 48 30 26 23 40 26 60 50 92 36 51 37 51 78 110 36 9 36 70 104 41 20 40 72 106 60 49 59 84 114 85 77 84 103 129
59 15 36 39 43 60 18 6 18 43 18 31 33 25 22 1 13 30 57 16 61 9 30 49 41 20 45 0 37 40 19 29 40 56 16 48 16 8 75 11 91 63 46 51 74 81 48 20 30 62 80 46 16 28 61 89 60 41 47 72 105 81 69 72 90
82 33 60 14 79 95 41 43 22 43 39 21 22 20 59 37 46 66 78 49 83 29 63 21 77 56 13 37 0 25 44 18 14 21 36 18 52 40 94 29 55 32 38 66 98 46 11 24 59 93 53 29 36 65 97 72 57 60 80 108 96 84 87 101 124
97 28 73 38 78 90 53 45 34 20 51 10 8 39 58 41 43 69 93 45 98 32 70 45 75 56 37 40 25 0 55 14 12 28 48 17 51 38 111 38 61 27 14 46 80 63 32 21 48 81 77 54 48 65 92 97 80 76 87 109 120 107 104 112 129
42 33 19 40 44 64 5 20 24 61 6 46 48 25 28 18 28 28 39 30 44 24 20 48 44 26 48 19 44 55 0 42 51 65 9 59 25 26 57 18 98 74 63 69 89 83 53 35 45 73 75 41 9 30 65 78 46 23 37 68 91 65 51 58 81
84 19 60 29 69 83 39 33 21 27 38 5 7 26 48 29 34 58 80 37 85 20 58 37 66 46 30 29 18 14 42 0 12 30 35 21 41 28 98 25 66 35 24 49 81 62 28 10 44 78 70 43 35 55 85 88 68 63 75 99 110 94 90 99 118
92 30 69 28 80 94 48 45 28 31 46 12 11 31 59 40 46 69 88 48 93 31 68 34 77 57 26 40 14 12 51 12 0 19 44 9 52 40 105 34 54 24 25 56 89 53 20 22 54 88 65 43 44 66 96 85 70 70 86 110 109 98 97 109 129
102 48 80 30 98 112 61 62 42 47 59 31 30 41 77 56 64 86 98 66 103 47 83 30 95 75 23 56 21 28 65 30 19 0 56 11 70 57 114 49 36 14 40 73 107 36 15 40 73 107 54 43 57 83 114 79 71 80 100 127 105 100 106 122 144
49 28 26 32 50 70 5 20 16 56 3 39 41 17 32 16 28 35 46 31 50 19 28 40 50 30 40 16 36 48 9 35 44 56 0 51 28 24 63 11 89 66 57 67 90 74 45 29 46 76 69 34 2 36 71 74 44 28 45 76 89 66 56 66 90
99 39 76 30 89 103 56 53 36 36 54 21 19 37 68 48 55 78 95 57 100 39 77 34 86 66 26 48 18 17 59 21 9 11 51 0 61 49 111 43 46 16 29 62 96 47 18 31 63 97 62 45 51 75 105 85 73 77 94 119 110 101 104 117 138
59 24 38 54 29 45 27 10 33 48 28 43 44 40 8 16 8 19 58 7 61 23 26 64 26 6 60 16 52 51 25 41 52 70 28 61 0 13 76 25 105 76 53 47 64 96 62 31 21 49 95 60 27 14 46 102 71 45 39 59 115 89 70 66 79
65 11 43 44 41 56 26 8 23 37 26 30 32 31 20 9 7 31 63 10 68 12 35 54 38 18 50 8 40 38 26 28 40 57 24 49 13 0 82 17 93 63 41 43 67 85 51 18 23 56 86 53 24 27 58 96 68 48 50 71 113 89 76 76 92
18 89 39 84 74 91 59 74 78 117 61 102 104 75 73 74 82 64 19 82 15 81 51 88 77 73 92 75 94 111 57 98 105 114 63 111 76 82 0 74 141 126 119 123 135 118 100 91 96 112 97 75 64 70 91 82 53 36 47 74 74 40 9 32 66
59 18 36 29 52 69 15 16 8 45 14 29 31 15 31 10 23 38 56 25 61 9 35 39 50 29 36 11 29 38 18 25 34 49 11 43 25 17 74 0 83 58 46 58 83 72 39 18 40 72 70 36 11 37 71 80 52 39 52 80 97 75 67 75 96
132 84 112 59 133 148 94 97 76 78 92 66 64 73 112 91 99 121 127 102 132 83 117 54 131 110 51 91 55 61 98 66 54 36 89 46 105 93 141 83 0 35 70 104 139 29 45 75 108 142 57 67 90 119 150 86 92 110 134 162 114 119 133 153 178
114 53 91 43 104 116 71 68 51 43 69 34 32 52 83 63 69 93 110 71 115 54 92 44 100 81 37 63 32 27 74 35 24 14 66 16 76 63 126 58 35 0 35 70 104 45 29 45 75 108 67 57 66 89 118 92 85 92 109 134 119 113 118 132 153
104 32 81 51 78 87 61 49 44 9 59 20 18 50 59 46 45 71 101 46 106 39 75 59 74 58 51 46 38 14 63 24 25 40 57 29 53 41 119 46 70 35 0 35 70 75 45 28 45 75 90 66 56 66 89 110 92 84 91 109 133 118 112 117 131
106 40 85 76 62 63 69 50 60 27 68 46 45 68 51 52 42 62 104 41 108 50 73 86 58 50 78 51 66 46 69 49 56 73 67 62 47 43 123 58 104 70 35 0 35 108 75 45 28 45 119 89 66 56 66 134 109 91 84 90 153 132 117 111 116
118 68 101 107 64 53 90 71 88 61 91 78 79 96 64 75 62 72 118 60 121 76 86 117 60 65 110 74 98 80 89 81 89 107 90 96 64 67 135 83 139 104 70 35 0 142 108 75 45 28 150 118 89 66 55 162 134 109 90 83 178 153 131 116 110
111 78 94 43 123 140 79 87 64 82 77 64 63 58 103 81 91 109 106 94 111 74 102 35 121 100 36 81 46 63 83 62 53 36 74 47 96 85 118 72 29 45 75 108 142 0 35 70 104 139 29 45 75 108 142 57 67 90 119 150 86 92 110 134 162
89 43 68 16 90 106 49 54 31 51 47 30 30 28 69 47 57 77 84 60 89 40 72 16 88 67 9 48 11 32 53 28 20 15 45 18 62 51 100 39 45 29 45 75 108 35 0 35 70 104 45 29 45 75 108 67 57 66 89 118 92 85 92 109 134
76 9 53 32 59 73 33 24 17 28 31 12 14 24 38 20 24 48 74 27 78 11 49 42 56 36 36 20 24 21 35 10 22 40 29 31 31 18 91 18 75 45 28 45 75 70 35 0 35 70 75 45 28 45 75 90 66 56 66 89 110 92 84 91 109
79 27 59 65 36 42 46 27 45 38 46 43 44 53 23 31 18 35 78 16 81 33 46 75 32 23 70 30 59 48 45 44 54 73 46 63 21 23 96 40 108 75 45 28 45 104 70 35 0 35 108 75 45 28 45 119 89 66 56 66 134 109 91 84 90
95 61 81 99 39 26 75 57 78 67 76 77 78 86 45 63 50 50 96 47 98 67 65 109 35 47 104 62 93 81 73 78 88 107 76 97 49 56 112 72 142 108 75 45 28 139 104 70 35 0 142 108 75 45 28 150 118 89 66 55 162 134 109 90 83
94 82 81 43 119 138 72 86 64 95 70 74 74 56 100 79 92 103 89 95 93 75 93 34 118 98 41 80 53 77 75 70 65 54 69 62 95 86 97 70 57 67 90 119 150 29 45 75 108 142 0 35 70 104 139 29 45 75 108 142 57 67 90 119 150
66 51 49 16 84 103 37 52 31 70 36 48 49 23 66 45 59 69 62 61 66 42 59 14 83 64 20 46 29 54 41 43 43 43 34 45 60 53 75 36 67 57 66 89 118 45 29 45 75 108 35 0 35 70 104 45 29 45 75 108 67 57 66 89 118
49 28 26 33 50 69 5 19 16 55 3 39 41 18 31 15 27 34 46 30 50 19 27 41 49 29 40 16 36 48 9 35 44 57 2 51 27 24 64 11 90 66 56 66 89 75 45 28 45 75 70 35 0 35 70 75 45 28 45 75 90 66 56 66 89
53 37 37 65 15 34 34 22 45 60 35 56 58 50 7 28 22 7 53 20 56 36 21 75 14 9 72 28 65 65 30 55 66 83 36 75 14 27 70 37 119 89 66 56 66 108 75 45 28 45 104 70 35 0 35 108 75 45 28 45 119 89 66 56 66
75 67 67 99 21 3 68 55 78 82 69 85 87 85 40 62 51 37 77 49 78 69 51 109 22 42 106 61 97 92 65 85 96 114 71 105 46 58 91 71 150 118 89 66 55 142 108 75 45 28 139 104 70 35 0 142 108 75 45 28 150 118 89 66 55
83 95 77 59 121 141 76 93 75 114 75 92 93 67 105 88 101 105 78 104 82 86 92 52 121 104 60 89 72 97 78 88 85 79 74 85 102 96 82 80 86 92 110 134 162 57 67 90 119 150 29 45 75 108 142 0 35 70 104 139 29 45 75 108 142
50 70 43 43 87 107 44 63 50 93 44 72 74 43 73 59 72 72 45 74 49 60 58 42 88 72 49 60 57 80 46 68 70 71 44 73 71 68 53 52 92 85 92 109 134 67 57 66 89 118 45 29 45 75 108 35 0 35 70 104 45 29 45 75 108
23 55 9 52 54 75 24 42 43 83 26 67 69 40 45 40 50 40 19 51 24 46 25 57 56 44 59 41 60 76 23 63 70 80 28 77 45 48 36 39 110 92 84 91 109 90 66 56 66 89 75 45 28 45 75 70 35 0 35 70 75 45 28 45 75
31 60 28 76 27 45 41 43 59 86 43 78 80 62 34 47 47 22 33 46 34 56 18 84 31 35 84 47 80 87 37 75 86 100 45 94 39 50 47 52 134 109 91 84 90 119 89 66 56 66 108 75 45 28 45 104 70 35 0 35 108 75 45 28 45
62 82 62 107 31 30 72 66 87 102 74 101 102 92 51 72 66 42 65 64 64 81 49 116 35 53 114 72 108 109 68 99 110 127 76 119 59 71 74 80 162 134 109 90 83 150 118 89 66 55 142 108 75 45 28 139 104 70 35 0 142 108 75 45 28
81 114 84 82 129 149 89 108 94 136 88 114 115 86 117 104 117 114 77 119 79 104 100 77 130 116 85 105 96 120 91 110 109 105 89 110 115 113 74 97 114 119 133 153 178 86 92 110 134 162 57 67 90 119 150 29 45 75 108 142 0 35 70 104 139
47 93 53 71 98 118 64 84 75 119 64 99 100 69 90 80 92 84 43 94 45 84 70 70 100 89 77 81 84 107 65 94 98 100 66 101 89 89 40 75 119 113 118 132 153 92 85 92 109 134 67 57 66 89 118 45 29 45 75 108 35 0 35 70 104
15 83 33 76 71 90 52 68 70 111 54 95 97 67 69 68 76 60 14 77 12 74 46 80 74 68 84 69 87 104 51 90 97 106 56 104 70 76 9 67 133 118 112 117 131 110 92 84 91 109 90 66 56 66 89 75 45 28 45 75 70 35 0 35 70
26 86 42 95 53 67 62 69 81 113 63 103 105 82 61 72 74 49 30 73 27 80 42 101 57 62 103 72 101 112 58 99 109 122 66 117 66 76 32 75 153 132 117 111 116 134 109 91 84 90 119 89 66 56 66 108 75 45 28 45 104 70 35 0 35
59 102 70 121 55 58 85 85 103 125 87 121 122 106 72 90 87 61 64 85 61 99 62 128 59 74 129 90 124 129 81 118 129 144 90 138 79 92 66 96 178 153 131 116 110 162 134 109 90 83 150 118 89 66 55 142 108 75 45 28 139 104 70 35 0
