0 75 56 19 34 31 31 24 38 18 48 41 42 21 32 23 65 61 15 60 62 71 52 24 39 55 23 22 18 9 38 39 11 26 6 34 59 60 26 19 131 116 102 90 79 71 67 67 71 79 124 109 94 80 68 58 53 53 59 68 119 102 87 72 58 46 39 40 47 59 115 98 81 65 49 36 26 26 36 51 113 95 78 61 44 28 14 14 29 46 112 95 78 60 43 26 9 11 27 45 114 97 80 63 46 31 20 20 32 48 117 100 84 68 53 41 33 33 41 54 121 105 90 76 63 52 46 46 53 63 127 112 98 85 73 65 60 60 65 74
75 0 34 58 44 49 47 99 107 85 47 42 37 64 44 56 23 18 89 23 27 5 31 54 107 74 60 56 63 70 53 41 78 63 70 52 34 22 50 85 56 43 34 33 40 52 67 82 98 115 49 34 21 19 30 45 61 78 95 112 46 29 12 8 24 42 59 76 93 111 47 31 16 13 26 43 60 77 94 111 52 38 28 26 35 48 64 80 97 113 61 49 41 40 46 57 70 85 101 117 71 61 55 54 58 67 79 92 107 122 82 74 69 68 71 79 89 101 115 129 94 87 83 82 85 91 100 111 123 137 107 100 97 96 98 104 112 121 133 145
56 34 0 44 36 43 25 78 80 71 53 16 16 54 28 45 13 17 67 11 8 32 8 43 79 79 50 34 39 54 52 17 54 56 52 49 4 12 34 60 81 65 49 35 25 25 35 49 65 82 79 61 44 28 12 13 28 45 62 79 78 61 44 27 10 11 27 44 62 79 81 64 48 33 22 22 33 48 64 81 85 70 55 43 35 35 43 55 70 85 92 77 65 55 49 49 54 65 77 92 100 87 76 67 62 62 67 75 87 99 109 97 88 80 76 76 80 87 97 108 119 109 100 94 90 90 93 99 108 118 131 121 113 107 104 104 107 112 120 129
19 58 44 0 15 13 20 42 56 29 31 30 29 12 17 5 51 45 34 45 49 53 38 5 56 45 9 14 17 13 21 28 26 15 14 17 47 45 11 35 113 100 87 76 68 64 64 69 78 89 106 91 77 65 55 50 51 57 67 80 100 84 69 55 43 36 37 45 58 72 96 79 63 47 33 23 24 36 50 66 94 77 60 42 26 10 13 29 46 63 94 77 59 42 25 10 13 29 46 63 96 79 63 47 32 22 24 35 50 66 100 84 69 54 43 36 36 45 57 72 106 91 77 64 55 49 50 56 66 79 113 99 86 76 67 63 64 69 77 88
34 44 36 15 0 8 18 57 69 42 22 25 21 22 10 12 40 32 48 34 38 39 29 11 69 44 17 20 26 27 17 22 39 22 28 14 39 34 11 47 99 86 74 65 59 58 63 71 82 96 92 77 63 52 45 45 50 60 73 88 86 70 55 41 32 31 39 51 66 82 82 65 48 32 19 18 29 45 61 78 80 63 46 28 11 8 25 42 59 77 81 64 47 31 17 15 28 44 60 77 85 68 53 39 29 28 36 49 65 81 90 75 61 50 42 41 47 58 71 86 97 83 71 62 56 55 60 68 80 94 106 93 83 74 70 69 73 80 90 102
31 49 43 13 8 0 23 53 68 37 19 31 27 16 16 8 47 39 46 41 45 45 36 8 68 38 11 22 28 24 11 28 38 15 25 7 46 41 14 47 105 92 80 71 66 65 69 76 86 99 96 82 69 59 52 51 56 65 77 90 90 74 60 47 39 37 43 55 68 83 85 68 52 37 26 24 32 46 62 78 82 65 48 31 15 11 25 41 58 76 82 65 47 30 14 8 24 41 58 75 84 67 51 36 23 21 30 45 61 78 88 73 58 45 36 34 41 52 67 82 95 80 67 56 49 48 53 62 75 89 103 89 78 69 63 62 66 73 84 97
31 47 25 20 18 23 0 54 61 46 40 11 12 31 8 22 34 31 44 29 31 43 21 20 60 61 27 10 16 29 34 9 32 34 27 30 28 29 11 39 101 86 72 59 49 44 46 54 65 79 96 80 64 49 37 31 33 43 57 72 92 75 59 42 27 17 21 35 51 68 91 74 56 39 22 5 14 31 49 66 92 75 58 41 25 13 19 33 50 67 95 78 62 47 34 27 30 41 55 71 99 84 69 56 46 41 43 51 63 77 106 92 78 67 58 54 56 62 72 85 114 101 89 79 72 68 69 75 83 94 123 111 100 91 85 82 83 87 95 105
24 99 78 42 57 53 54 0 27 21 68 63 66 40 56 45 88 84 12 83 85 94 75 47 28 67 43 45 39 30 57 62 25 44 29 54 81 83 49 24 154 139 125 112 101 91 83 79 78 82 147 132 117 103 90 79 70 65 65 69 142 126 110 95 81 68 58 52 51 56 137 121 104 88 73 59 46 38 38 44 134 117 100 83 67 51 36 26 24 34 132 115 98 81 64 46 30 14 12 26 132 115 98 80 63 46 29 12 9 25 133 116 99 82 66 49 34 22 20 31 136 119 103 87 71 56 43 35 34 41 140 124 108 93 78 65 55 48 47 52
38 107 80 56 69 68 61 27 0 46 86 67 71 59 65 61 91 90 26 88 88 103 78 61 2 90 61 52 45 47 75 67 31 64 44 71 82 88 60 23 160 144 129 113 99 85 73 64 59 58 156 139 123 107 91 77 63 52 45 44 152 135 119 102 85 70 54 41 32 31 150 133 116 99 82 65 48 32 20 18 149 132 115 97 80 63 45 28 11 8 150 132 115 98 81 64 47 30 16 14 151 134 117 101 84 68 52 38 28 27 154 138 121 105 89 74 60 48 41 40 159 142 126 111 96 82 70 60 54 53 164 148 133 118 104 92 81 73 68 67
18 85 71 29 42 37 46 21 46 0 49 56 56 22 45 30 79 73 22 73 76 81 66 32 46 46 26 38 35 18 38 54 27 25 20 36 74 73 38 33 141 127 115 104 95 88 85 85 88 95 133 119 105 93 83 75 71 71 75 83 126 111 96 83 71 62 57 57 62 72 120 104 89 74 61 50 43 44 50 61 116 99 83 67 52 39 30 30 39 53 113 96 79 62 45 30 17 18 31 47 112 95 78 60 43 26 8 10 27 45 113 96 79 62 45 29 16 17 30 46 116 99 82 66 51 38 29 29 38 52 120 104 88 73 60 49 42 42 49 60
48 47 53 31 22 19 40 68 86 49 0 45 40 28 32 26 53 43 62 48 53 42 46 26 86 28 26 41 46 40 11 43 56 24 42 15 56 47 32 65 99 88 80 75 74 77 83 93 104 117 89 77 67 61 60 64 71 82 95 109 80 66 55 48 46 51 60 73 87 102 73 58 44 35 32 39 51 65 80 97 68 51 35 22 18 28 43 59 76 93 65 48 31 14 6 23 40 57 74 92 66 49 32 17 12 25 41 58 75 92 70 54 40 28 26 33 47 62 78 95 76 62 50 41 39 45 55 69 84 99 84 72 61 55 53 57 66 77 91 105
41 42 16 30 25 31 11 63 67 56 45 0 7 41 16 31 26 24 52 21 22 39 12 29 66 69 37 19 25 39 42 3 40 43 37 38 19 22 20 46 94 78 63 50 39 35 39 49 62 77 90 73 57 41 28 21 27 40 56 72 88 70 53 36 19 7 19 35 52 70 88 70 53 36 20 8 19 36 53 70 90 73 57 42 28 22 28 41 56 73 94 79 64 50 40 36 40 50 63 78 101 86 73 61 53 50 53 60 72 85 108 95 83 73 66 64 66 72 82 94 117 105 94 86 80 78 79 85 93 103 127 116 106 99 94 92 93 97 105 114
42 37 16 29 21 27 12 66 71 56 40 7 0 39 13 29 23 20 55 18 20 33 10 27 71 64 35 21 27 39 37 6 43 41 38 34 19 18 19 49 90 75 60 48 40 38 44 55 69 84 85 69 53 38 27 25 33 47 62 79 82 65 48 31 16 12 25 42 59 76 82 64 47 30 13 7 24 41 58 75 84 67 51 35 22 20 30 44 61 77 88 72 57 44 35 33 40 52 66 82 94 80 66 55 48 47 52 61 74 88 102 89 77 68 62 61 65 73 83 96 111 99 88 81 76 75 78 84 94 105 121 110 101 94 90 89 91 97 105 115
21 64 54 12 22 16 31 40 59 22 28 41 39 0 27 11 60 53 34 55 58 60 48 13 59 35 5 25 27 13 18 39 31 5 17 15 58 55 21 39 120 107 95 85 79 75 75 80 87 98 111 97 84 73 65 61 62 67 76 88 104 89 75 62 53 47 48 55 66 79 99 83 67 53 41 34 35 44 57 71 95 78 61 45 30 20 22 35 50 66 93 76 59 41 24 8 13 29 47 64 93 76 59 42 26 12 15 31 47 64 96 79 63 47 33 25 26 37 52 68 100 85 69 56 44 38 39 47 59 74 106 92 78 66 57 52 53 59 69 81
32 44 28 17 10 16 8 56 65 45 32 16 13 27 0 17 35 29 46 29 32 40 22 15 65 54 22 13 20 28 27 13 35 28 27 23 32 29 7 43 99 84 71 60 52 50 53 62 73 87 92 77 62 49 39 36 41 51 65 80 88 71 55 40 27 22 29 43 58 75 86 68 51 34 18 8 21 38 55 72 85 68 51 34 17 7 21 37 55 72 88 71 55 39 26 21 28 42 58 74 92 76 61 48 38 35 40 50 64 79 98 84 70 59 51 49 52 61 73 86 106 93 81 71 65 63 65 72 82 95 115 103 92 84 78 77 79 85 93 104
23 56 45 5 12 8 22 45 61 30 26 31 29 11 17 0 50 43 38 45 48 51 38 3 61 41 6 18 22 16 17 29 30 12 18 12 48 45 12 39 111 98 86 76 69 66 67 73 82 93 103 89 75 64 55 52 54 61 71 84 97 81 66 53 43 38 40 49 62 77 92 76 60 44 31 24 28 40 55 71 90 73 56 39 22 10 18 34 51 68 90 72 55 38 21 6 16 33 50 67 91 75 58 42 28 19 24 38 53 70 95 79 64 50 39 33 36 46 60 75 101 86 72 60 51 47 49 57 68 82 108 95 82 72 64 61 63 69 78 90
65 23 13 51 40 47 34 88 91 79 53 26 23 60 35 50 0 10 77 6 5 22 14 48 91 80 56 44 49 62 54 26 65 61 61 52 12 6 41 71 69 53 38 26 22 30 44 60 76 93 66 49 32 16 9 23 40 57 74 91 66 49 32 16 8 23 39 57 74 91 69 53 38 25 22 30 44 60 76 93 75 60 47 38 35 41 52 66 81 97 82 69 58 51 49 53 62 74 88 103 92 80 71 65 63 67 74 84 96 110 102 92 84 79 77 80 86 95 106 118 113 104 97 93 91 93 99 106 116 128 125 117 110 106 105 107 112 119 127 138
61 18 17 45 32 39 31 84 90 73 43 24 20 53 29 43 10 0 74 7 12 16 13 42 90 70 48 40 46 56 45 24 62 53 56 44 18 6 36 69 71 56 43 33 32 39 51 66 82 98 66 50 34 21 18 29 44 61 77 94 64 47 29 12 7 24 41 58 76 93 65 48 31 17 13 26 42 59 76 94 69 53 39 28 26 35 48 63 80 96 75 61 49 42 40 46 57 70 85 101 84 71 61 55 54 59 67 79 92 107 93 82 74 69 68 72 79 89 101 114 104 95 87 83 82 85 91 100 111 123 116 107 101 97 96 98 104 111 121 132
15 89 67 34 48 46 44 12 26 22 62 52 55 34 46 38 77 74 0 73 74 85 64 39 26 65 37 35 28 23 51 51 14 39 21 47 70 73 40 13 144 129 115 101 89 79 72 69 70 74 138 122 107 93 79 68 59 55 56 62 133 117 101 85 70 57 47 41 43 51 129 112 96 79 63 48 35 28 30 40 127 110 93 76 59 42 26 14 18 33 126 109 92 75 57 40 23 5 13 30 127 110 93 76 59 43 27 16 20 34 130 113 96 80 64 49 37 30 32 42 134 117 101 86 72 59 48 43 45 52 139 123 108 94 81 69 61 57 58 64
60 23 11 45 34 41 29 83 88 73 48 21 18 55 29 45 6 7 73 0 6 22 10 43 87 75 50 39 45 56 49 22 60 55 55 46 12 1 36 66 73 57 43 31 27 33 45 60 76 92 69 52 36 21 13 23 39 55 72 89 68 51 34 16 3 19 37 54 71 89 70 53 37 23 16 25 40 56 73 90 74 59 45 34 30 36 47 62 77 93 81 67 55 47 44 48 57 69 83 99 90 77 67 60 58 61 68 79 92 105 100 89 80 74 72 75 81 90 101 114 110 100 93 88 86 88 93 101 111 123 122 113 106 102 100 102 106 113 122 133
62 27 8 49 38 45 31 85 88 76 53 22 20 58 32 48 5 12 74 6 0 26 11 46 87 80 54 40 46 59 53 23 61 59 58 51 8 7 39 67 73 57 42 28 22 28 41 56 72 89 71 53 36 20 8 19 35 52 70 87 71 53 36 20 7 19 35 52 69 87 73 57 41 28 21 27 40 56 72 89 79 64 50 40 35 39 49 62 77 93 86 72 61 52 49 52 60 71 84 99 95 83 73 66 63 65 72 81 93 106 105 94 85 79 77 79 84 92 103 115 116 106 98 93 91 93 97 104 114 125 127 118 111 107 105 106 110 117 125 135
71 5 32 53 39 45 43 94 103 81 42 39 33 60 40 51 22 16 85 22 26 0 29 49 103 69 55 52 59 65 48 38 74 58 66 48 33 21 46 81 61 48 39 36 41 52 66 81 97 113 53 38 26 22 30 44 60 76 93 110 49 32 16 8 22 39 56 74 91 108 49 32 16 8 22 39 56 74 91 108 53 38 26 22 30 44 60 76 93 110 60 48 38 36 41 52 66 81 97 113 70 59 52 50 54 63 74 88 103 118 80 71 65 64 67 74 84 96 110 125 92 84 79 78 80 86 95 106 119 132 105 97 93 92 94 99 107 117 128 141
52 31 8 38 29 36 21 75 78 66 46 12 10 48 22 38 14 13 64 10 11 29 0 36 78 72 44 30 36 49 45 13 51 50 47 42 11 10 28 57 82 66 52 39 31 32 41 54 69 85 78 61 45 29 17 19 32 48 65 82 77 59 42 25 8 11 28 45 63 80 78 61 44 28 15 17 31 47 64 81 81 65 50 36 28 29 39 53 68 84 87 72 59 48 42 42 49 61 75 90 94 81 69 60 55 56 61 71 83 97 103 91 81 73 69 70 74 82 93 105 113 102 93 87 83 83 87 94 103 114 124 114 106 100 97 97 100 106 115 125
24 54 43 5 11 8 20 47 61 32 26 29 27 13 15 3 48 42 39 43 46 49 36 0 61 42 8 17 21 17 17 27 31 14 18 12 46 43 10 40 109 96 84 74 67 64 65 71 81 92 102 87 73 62 53 50 52 59 70 84 96 80 65 51 41 36 39 49 62 76 91 75 58 43 29 22 27 40 55 71 89 72 55 38 21 8 18 34 51 68 89 72 55 37 21 7 17 34 51 68 91 74 58 42 29 21 26 39 55 71 95 80 64 51 40 35 38 48 61 76 101 87 73 61 53 49 51 59 70 83 109 95 83 73 66 63 65 71 80 92
39 107 79 56 69 68 60 28 2 46 86 66 71 59 65 61 91 90 26 87 87 103 78 61 0 91 61 52 45 47 76 66 31 64 44 72 81 88 60 23 160 144 128 113 98 84 72 63 57 57 155 139 122 106 91 76 62 51 44 43 152 135 118 102 85 69 54 40 31 30 150 133 116 98 81 64 48 32 19 17 149 132 115 97 80 63 45 28 11 8 150 133 115 98 81 64 47 31 17 15 152 135 118 101 84 68 53 39 29 28 155 138 122 105 90 75 61 49 42 41 159 143 127 112 97 83 71 61 55 55 164 149 134 119 105 93 82 74 69 68
55 74 79 45 44 38 61 67 90 46 28 69 64 35 54 41 80 70 65 75 80 69 72 42 91 0 36 58 61 47 28 66 65 31 51 32 82 74 51 73 123 114 107 103 101 102 106 113 122 132 112 102 94 89 87 88 93 101 111 122 101 90 81 75 73 75 81 89 100 113 91 79 69 61 59 61 68 78 91 105 83 69 57 48 45 48 57 69 83 98 76 61 47 35 31 35 47 61 76 92 71 55 39 24 17 24 39 55 72 89 70 52 35 18 3 18 35 53 70 87 71 54 37 21 12 21 37 54 71 88 74 58 44 31 26 32 44 58 74 91
23 60 50 9 17 11 27 43 61 26 26 37 35 5 22 6 56 48 37 50 54 55 44 8 61 36 0 23 25 15 15 34 32 7 18 11 53 50 17 40 115 102 90 81 74 71 72 77 86 97 107 93 80 69 61 57 59 65 75 87 100 85 70 58 48 43 45 53 65 79 95 78 63 48 36 29 32 43 57 72 91 74 58 41 26 16 21 35 51 68 90 73 56 38 21 4 15 32 49 67 91 74 57 40 25 14 20 35 51 68 94 78 62 47 34 28 31 42 56 72 99 84 69 56 46 42 44 52 64 78 106 92 79 67 59 55 57 64 74 86
22 56 34 14 20 22 10 45 52 38 41 19 21 25 13 18 44 40 35 39 40 52 30 17 52 58 23 0 8 20 33 18 23 29 18 28 37 39 9 30 110 95 81 68 58 52 51 56 65 77 105 89 73 59 46 38 37 43 55 69 101 84 67 51 36 25 23 33 47 63 98 81 64 47 30 14 11 25 42 59 98 81 64 46 29 13 9 25 42 59 100 83 66 50 35 23 21 31 46 62 104 88 72 57 45 36 35 41 53 68 109 94 80 67 56 49 48 53 63 75 116 102 89 77 68 63 62 66 74 85 124 111 99 89 81 77 76 79 86 95
18 63 39 17 26 28 16 39 45 35 46 25 27 27 20 22 49 46 28 45 46 59 36 21 45 61 25 8 0 19 38 24 16 31 15 33 42 45 16 23 117 102 87 74 62 54 51 53 61 72 111 95 80 65 51 41 37 40 50 63 108 91 74 58 43 29 23 28 41 56 105 88 71 54 37 21 9 19 35 52 105 88 71 53 36 19 6 18 35 52 107 90 73 57 41 27 20 26 39 55 110 94 78 63 49 38 33 37 48 61 115 100 85 71 59 51 47 50 58 70 122 107 94 81 71 64 61 63 70 79 130 116 103 92 83 77 75 77 82 90
9 70 54 13 27 24 29 30 47 18 40 39 39 13 28 16 62 56 23 56 59 65 49 17 47 47 15 20 19 0 29 37 18 18 4 25 57 56 21 27 125 111 98 87 77 71 69 71 77 86 118 103 89 76 65 58 55 58 65 75 112 96 81 67 54 45 41 45 54 66 108 91 75 59 44 32 27 32 44 59 105 88 71 54 38 22 13 22 37 54 104 87 70 52 35 18 2 18 35 52 105 88 71 55 38 23 15 23 38 54 108 92 76 60 46 34 29 34 45 60 113 97 82 68 56 47 43 46 55 67 119 104 90 78 67 60 57 59 67 77
38 53 52 21 17 11 34 57 75 38 11 42 37 18 27 17 54 45 51 49 53 48 45 17 76 28 15 33 38 29 0 39 46 14 32 5 55 48 25 55 107 95 85 78 75 75 79 87 97 109 97 84 73 65 61 61 67 76 87 100 89 75 62 52 47 48 54 65 78 93 83 67 52 40 33 34 43 56 71 87 78 61 45 30 20 22 34 50 66 83 76 59 42 24 8 12 29 46 64 81 77 59 43 26 12 15 31 47 64 81 80 63 48 34 25 27 38 52 68 84 85 70 56 45 39 40 48 60 74 89 92 79 67 58 53 54 60 69 82 96
39 41 17 28 22 28 9 62 67 54 43 3 6 39 13 29 26 24 51 22 23 38 13 27 66 66 34 18 24 37 39 0 39 41 35 35 20 22 18 45 94 79 64 51 41 37 41 51 64 79 90 73 57 42 29 23 29 42 58 74 87 70 53 36 20 9 20 37 54 71 87 69 52 35 18 5 19 36 53 70 89 72 55 40 26 19 26 40 56 73 93 77 62 48 38 33 38 48 62 77 99 84 70 59 50 47 50 59 70 84 106 93 80 70 64 61 64 70 80 93 115 103 92 83 77 75 77 83 91 102 125 113 104 96 91 89 91 95 103 113
11 78 54 26 39 38 32 25 31 27 56 40 43 31 35 30 65 62 14 60 61 74 51 31 31 65 32 23 16 18 46 39 0 36 15 42 57 60 29 9 132 117 102 89 76 66 60 58 61 69 127 111 95 80 66 55 47 44 49 58 122 106 89 73 58 44 34 31 37 48 120 103 86 69 52 36 22 17 26 41 119 101 84 67 49 32 15 4 21 38 119 102 85 68 51 34 19 12 24 40 121 105 88 71 56 41 30 26 33 46 125 109 93 78 63 51 42 40 45 55 130 115 100 86 73 62 55 54 57 65 137 122 108 95 84 75 69 67 70 77
26 63 56 15 22 15 34 44 64 25 24 43 41 5 28 12 61 53 39 55 59 58 50 14 64 31 7 29 31 18 14 41 36 0 22 12 59 55 24 44 118 106 95 86 80 77 79 84 92 102 109 96 83 73 66 63 65 71 81 92 102 87 73 62 53 49 52 59 70 84 96 80 65 51 40 36 39 48 62 76 91 75 58 43 29 22 27 39 55 71 89 72 55 38 21 8 18 34 51 68 89 72 55 37 21 8 17 34 51 68 91 74 58 42 29 21 26 39 55 71 95 80 65 51 40 35 38 48 61 76 102 87 73 61 53 49 51 59 70 83
6 70 52 14 28 25 27 29 44 20 42 37 38 17 27 18 61 56 21 55 58 66 47 18 44 51 18 18 15 4 32 35 15 22 0 28 55 56 21 23 125 111 98 86 76 69 66 67 73 82 119 103 89 75 64 56 52 54 61 72 113 97 81 67 53 43 38 41 50 63 109 92 76 60 44 31 24 29 41 55 107 90 73 56 39 22 11 18 34 51 107 89 72 55 38 20 5 16 33 50 108 91 74 58 42 27 19 24 38 53 111 95 79 63 49 38 32 36 46 59 116 101 86 72 59 50 46 49 56 68 123 108 94 81 71 63 60 62 68 78
34 52 49 17 14 7 30 54 71 36 15 38 34 15 23 12 52 44 47 46 51 48 42 12 72 32 11 28 33 25 5 35 42 12 28 0 52 46 20 50 107 95 84 76 72 72 75 82 92 104 98 85 73 64 58 58 62 71 82 96 91 76 62 51 44 44 50 60 74 88 85 69 54 40 31 30 38 51 66 82 81 64 47 31 18 17 29 45 62 79 79 62 45 28 10 8 25 43 60 77 81 64 47 31 17 16 29 45 61 78 84 68 53 39 29 29 37 50 66 82 90 75 61 50 43 42 48 59 73 87 97 83 71 62 56 56 61 70 81 95
59 34 4 47 39 46 28 81 82 74 56 19 19 58 32 48 12 18 70 12 8 33 11 46 81 82 53 37 42 57 55 20 57 59 55 52 0 13 37 62 80 63 47 32 21 22 34 49 65 82 78 60 43 26 10 12 28 45 62 80 78 61 44 27 12 13 29 46 63 80 81 64 48 34 24 25 36 50 66 82 86 71 56 45 38 38 46 58 72 87 93 79 67 57 52 52 58 67 80 94 101 89 78 70 65 66 70 78 89 102 111 100 90 83 79 79 83 90 100 111 121 111 103 97 93 93 96 102 111 121 133 123 116 110 107 107 110 115 123 132
60 22 12 45 34 41 29 83 88 73 47 22 18 55 29 45 6 6 73 1 7 21 10 43 88 74 50 39 45 56 48 22 60 55 56 46 13 0 36 67 73 57 43 31 28 34 46 61 77 93 69 52 35 20 14 24 40 56 73 90 67 50 33 16 3 20 37 55 72 89 69 52 36 22 16 25 40 57 74 91 74 58 44 33 30 36 47 62 78 94 80 66 55 46 44 48 57 70 84 99 89 76 66 60 58 61 68 79 92 106 99 88 79 73 72 74 80 90 101 114 109 100 92 87 86 88 93 101 111 123 121 112 105 101 100 101 106 113 122 133
26 50 34 11 11 14 11 49 60 38 32 20 19 21 7 12 41 36 40 36 39 46 28 10 60 51 17 9 16 21 25 18 29 24 21 20 37 36 0 38 105 91 78 66 58 54 56 63 73 85 99 83 69 55 45 40 43 51 63 77 94 77 61 46 33 27 30 41 56 71 91 74 57 40 24 13 19 34 51 68 90 73 56 38 21 4 15 32 49 67 92 75 58 42 26 17 22 36 52 68 95 79 63 49 37 31 34 44 58 73 101 85 71 59 49 44 46 54 66 80 108 93 81 70 62 58 60 66 76 88 116 103 91 82 75 72 73 79 87 98
19 85 60 35 47 47 39 24 23 33 65 46 49 39 43 39 71 69 13 66 67 81 57 40 23 73 40 30 23 27 55 45 9 44 23 50 62 67 38 0 139 123 108 94 80 69 60 56 57 63 134 118 102 86 71 58 48 42 43 51 130 113 97 80 64 49 36 28 30 40 128 111 94 77 60 43 27 15 18 33 127 110 93 75 58 41 23 6 12 30 128 111 94 77 60 43 27 16 19 33 130 113 97 80 64 49 37 29 31 41 134 118 102 86 72 58 48 42 44 51 139 123 108 94 81 69 61 56 57 63 145 130 116 103 91 81 74 70 71 75
131 56 81 113 99 105 101 154 160 141 99 94 90 120 99 111 69 71 144 73 73 61 82 109 160 123 115 110 117 125 107 94 132 118 125 107 80 73 105 139 0 18 35 52 70 87 104 122 139 156 15 23 38 54 71 88 105 122 140 157 29 34 45 60 75 91 108 125 142 159 43 47 55 68 82 97 113 129 145 162 58 60 67 77 90 104 119 134 150 166 72 74 80 88 99 112 126 140 156 171 86 88 93 100 110 122 134 148 162 177 100 102 106 112 121 132 144 156 170 184 115 116 119 125 133 143 154 166 179 192 129 130 133 138 145 154 164 176 188 201
116 43 65 100 86 92 86 139 144 127 88 78 75 107 84 98 53 56 129 57 57 48 66 96 144 114 102 95 102 111 95 79 117 106 111 95 63 57 91 123 18 0 18 35 52 70 87 104 122 139 23 15 23 38 54 71 88 105 122 140 34 29 34 45 60 75 91 108 125 142 47 43 46 55 67 82 97 112 129 145 60 57 60 67 77 90 104 118 134 150 74 72 73 79 88 99 112 126 140 155 88 86 87 92 100 110 121 134 148 162 102 100 101 105 112 121 131 143 156 170 116 114 115 119 125 133 142 153 165 178 130 128 129 132 138 145 154 164 175 187
102 34 49 87 74 80 72 125 129 115 80 63 60 95 71 86 38 43 115 43 42 39 52 84 128 107 90 81 87 98 85 64 102 95 98 84 47 43 78 108 35 18 0 18 35 52 70 87 104 122 38 23 15 23 38 54 71 88 105 122 45 34 29 34 45 60 75 91 108 125 55 46 43 46 55 67 81 97 112 129 67 60 57 60 67 77 90 104 118 134 80 73 71 73 79 88 99 112 126 140 93 87 85 87 92 99 109 121 134 148 106 101 99 101 105 112 121 131 143 156 119 115 114 115 118 124 132 142 153 165 133 129 128 129 132 137 144 153 163 175
90 33 35 76 65 71 59 112 113 104 75 50 48 85 60 76 26 33 101 31 28 36 39 74 113 103 81 68 74 87 78 51 89 86 86 76 32 31 66 94 52 35 18 0 18 35 52 70 87 104 54 38 23 15 23 38 54 71 88 105 60 45 34 29 33 45 59 75 91 108 68 55 46 43 46 55 67 81 97 112 77 67 60 57 59 66 77 89 103 118 88 79 73 71 73 79 88 99 112 125 100 92 87 85 87 91 99 109 121 134 112 105 101 99 100 105 111 120 131 143 125 119 115 113 114 118 124 132 141 152 138 132 129 127 128 131 137 144 153 163
79 40 25 68 59 66 49 101 99 95 74 39 40 79 52 69 22 32 89 27 22 41 31 67 98 101 74 58 62 77 75 41 76 80 76 72 21 28 58 80 70 52 35 18 0 18 35 52 70 87 71 54 38 23 15 23 38 54 71 88 75 60 45 33 29 33 45 59 75 91 82 67 55 46 43 46 55 67 81 96 90 77 67 59 57 59 66 77 89 103 99 88 79 73 71 73 78 87 99 111 110 100 92 87 85 86 91 99 109 120 121 112 105 100 99 100 104 111 120 130 133 125 118 114 113 114 117 123 131 141 145 138 132 128 127 127 131 136 143 152
71 52 25 64 58 65 44 91 85 88 77 35 38 75 50 66 30 39 79 33 28 52 32 64 84 102 71 52 54 71 75 37 66 77 69 72 22 34 54 69 87 70 52 35 18 0 18 35 52 70 88 71 54 38 23 14 23 38 54 71 91 75 60 45 33 28 33 45 59 75 97 82 67 55 46 42 46 55 67 81 104 90 77 66 59 56 59 66 76 89 112 99 88 79 73 70 72 78 87 98 122 110 99 91 86 84 86 91 98 108 132 121 112 105 100 98 99 104 110 119 143 133 124 118 114 112 113 117 123 131 154 145 137 131 127 126 127 130 135 143
67 67 35 64 63 69 46 83 73 85 83 39 44 75 53 67 44 51 72 45 41 66 41 65 72 106 72 51 51 69 79 41 60 79 66 75 34 46 56 60 104 87 70 52 35 18 0 18 35 52 105 88 71 54 38 23 14 23 38 54 108 91 75 59 45 33 28 33 45 59 113 97 81 67 55 46 42 46 54 67 119 104 90 77 66 59 56 59 66 76 126 112 99 88 78 72 70 72 78 87 134 121 109 99 91 86 84 85 90 98 144 131 121 111 104 99 98 99 103 110 154 142 132 124 117 113 112 113 116 122 164 154 144 137 131 127 125 126 130 135
67 82 49 69 71 76 54 79 64 85 93 49 55 80 62 73 60 66 69 60 56 81 54 71 63 113 77 56 53 71 87 51 58 84 67 82 49 61 63 56 122 104 87 70 52 35 18 0 18 35 122 105 88 71 54 38 23 14 23 38 125 108 91 75 59 45 33 28 33 45 129 112 97 81 67 55 46 42 45 54 134 118 104 89 77 66 59 56 58 65 140 126 112 99 87 78 72 70 72 77 148 134 121 109 99 91 85 83 85 90 156 143 131 120 111 104 99 97 99 103 166 153 142 132 123 117 113 111 112 116 176 164 153 144 136 130 126 125 126 129
71 98 65 78 82 86 65 78 59 88 104 62 69 87 73 82 76 82 70 76 72 97 69 81 57 122 86 65 61 77 97 64 61 92 73 92 65 77 73 57 139 122 104 87 70 52 35 18 0 18 140 122 105 88 71 54 38 23 14 23 142 125 108 91 75 59 45 33 28 33 145 129 112 97 81 67 54 45 42 45 150 134 118 103 89 76 66 58 55 58 156 140 126 112 99 87 78 72 69 71 162 148 134 121 109 98 90 85 83 85 170 156 143 131 120 110 103 99 97 98 179 165 153 141 131 123 116 112 110 112 188 175 163 153 143 135 130 126 124 125
79 115 82 89 96 99 79 82 58 95 117 77 84 98 87 93 93 98 74 92 89 113 85 92 57 132 97 77 72 86 109 79 69 102 82 104 82 93 85 63 156 139 122 104 87 70 52 35 18 0 157 140 122 105 88 71 54 38 23 14 159 142 125 108 91 75 59 45 33 28 162 145 129 112 96 81 67 54 45 42 166 150 134 118 103 89 76 65 58 55 171 155 140 125 111 98 87 77 71 69 177 162 148 134 120 108 98 90 85 83 184 170 156 143 130 119 110 103 98 96 192 178 165 152 141 131 122 116 112 110 201 187 175 163 152 143 135 129 125 124
124 49 79 106 92 96 96 147 156 133 89 90 85 111 92 103 66 66 138 69 71 53 78 102 155 112 107 105 111 118 97 90 127 109 119 98 78 69 99 134 15 23 38 54 71 88 105 122 140 157 0 18 35 52 70 87 104 122 139 156 15 23 38 54 71 88 105 122 140 157 29 34 45 60 75 91 108 125 142 159 43 47 55 68 82 97 113 129 145 162 58 60 67 77 90 104 119 134 150 166 72 74 80 88 99 112 126 140 156 171 86 88 93 100 110 122 134 148 162 177 100 102 106 112 121 132 144 156 170 184 115 116 119 125 133 143 154 166 179 192
109 34 61 91 77 82 80 132 139 119 77 73 69 97 77 89 49 50 122 52 53 38 61 87 139 102 93 89 95 103 84 73 111 96 103 85 60 52 83 118 23 15 23 38 54 71 88 105 122 140 18 0 18 35 52 70 87 104 122 139 23 15 23 38 54 71 88 105 122 140 34 29 34 45 60 75 91 108 125 142 47 43 46 55 67 82 97 112 129 145 60 57 60 67 77 90 104 118 134 150 74 72 73 79 88 99 112 126 140 155 88 86 87 92 100 110 121 134 148 162 102 100 101 105 112 121 131 143 156 170 116 114 115 119 125 133 142 153 165 178
94 21 44 77 63 69 64 117 123 105 67 57 53 84 62 75 32 34 107 36 36 26 45 73 122 94 80 73 80 89 73 57 95 83 89 73 43 35 69 102 38 23 15 23 38 54 71 88 105 122 35 18 0 18 35 52 70 87 104 122 38 23 15 23 38 54 71 88 105 122 45 34 29 34 45 60 75 91 108 125 55 46 43 46 55 67 81 97 112 129 67 60 57 60 67 77 90 104 118 134 80 73 71 73 79 88 99 112 126 140 93 87 85 87 92 99 109 121 134 148 106 101 99 101 105 112 121 131 143 156 119 115 114 115 118 124 132 142 153 165
80 19 28 65 52 59 49 103 107 93 61 41 38 73 49 64 16 21 93 21 20 22 29 62 106 89 69 59 65 76 65 42 80 73 75 64 26 20 55 86 54 38 23 15 23 38 54 71 88 105 52 35 18 0 18 35 52 70 87 104 54 38 23 15 23 38 54 71 88 105 60 45 34 29 33 45 59 75 91 108 68 55 46 43 46 55 67 81 97 112 77 67 60 57 59 66 77 89 103 118 88 79 73 71 73 79 88 99 112 125 100 92 87 85 87 91 99 109 121 134 112 105 101 99 100 105 111 120 131 143 125 119 115 113 114 118 124 132 141 152
68 30 12 55 45 52 37 90 91 83 60 28 27 65 39 55 9 18 79 13 8 30 17 53 91 87 61 46 51 65 61 29 66 66 64 58 10 14 45 71 71 54 38 23 15 23 38 54 71 88 70 52 35 18 0 18 35 52 70 87 71 54 38 23 15 23 38 54 71 88 75 60 45 33 29 33 45 59 75 91 82 67 55 46 43 46 55 67 81 96 90 77 67 59 57 59 66 77 89 103 99 88 79 73 71 73 78 87 99 111 110 100 92 87 85 86 91 99 109 120 121 112 105 100 99 100 104 111 120 130 133 125 118 114 113 114 117 123 131 141
58 45 13 50 45 51 31 79 77 75 64 21 25 61 36 52 23 29 68 23 19 44 19 50 76 88 57 38 41 58 61 23 55 63 56 58 12 24 40 58 88 71 54 38 23 14 23 38 54 71 87 70 52 35 18 0 18 35 52 70 88 71 54 38 23 14 23 38 54 71 91 75 60 45 33 28 33 45 59 75 97 82 67 55 46 42 46 55 67 81 104 90 77 66 59 56 59 66 76 89 112 99 88 79 73 70 72 78 87 98 122 110 99 91 86 84 86 91 98 108 132 121 112 105 100 98 99 104 110 119 143 133 124 118 114 112 113 117 123 131
53 61 28 51 50 56 33 70 63 71 71 27 33 62 41 54 40 44 59 39 35 60 32 52 62 93 59 37 37 55 67 29 47 65 52 62 28 40 43 48 105 88 71 54 38 23 14 23 38 54 104 87 70 52 35 18 0 18 35 52 105 88 71 54 38 23 14 23 38 54 108 91 75 59 45 33 28 33 45 59 113 97 81 67 55 46 42 46 54 67 119 104 90 77 66 59 56 59 66 76 126 112 99 88 78 72 70 72 78 87 134 121 109 99 91 86 84 85 90 98 144 131 121 111 104 99 98 99 103 110 154 142 132 124 117 113 112 113 116 122
53 78 45 57 60 65 43 65 52 71 82 40 47 67 51 61 57 61 55 55 52 76 48 59 51 101 65 43 40 58 76 42 44 71 54 71 45 56 51 42 122 105 88 71 54 38 23 14 23 38 122 104 87 70 52 35 18 0 18 35 122 105 88 71 54 38 23 14 23 38 125 108 91 75 59 45 33 28 33 45 129 112 97 81 67 55 46 42 45 54 134 118 104 89 77 66 59 56 58 65 140 126 112 99 87 78 72 70 72 77 148 134 121 109 99 91 85 83 85 90 156 143 131 120 111 104 99 97 99 103 166 153 142 132 123 117 113 111 112 116
59 95 62 67 73 77 57 65 45 75 95 56 62 76 65 71 74 77 56 72 70 93 65 70 44 111 75 55 50 65 87 58 49 81 61 82 62 73 63 43 140 122 105 88 71 54 38 23 14 23 139 122 104 87 70 52 35 18 0 18 140 122 105 88 71 54 38 23 14 23 142 125 108 91 75 59 45 33 28 33 145 129 112 97 81 67 54 45 42 45 150 134 118 103 89 76 66 58 55 58 156 140 126 112 99 87 78 72 69 71 162 148 134 121 109 98 90 85 83 85 170 156 143 131 120 110 103 99 97 98 179 165 153 141 131 123 116 112 110 112
68 112 79 80 88 90 72 69 44 83 109 72 79 88 80 84 91 94 62 89 87 110 82 84 43 122 87 69 63 75 100 74 58 92 72 96 80 90 77 51 157 140 122 105 88 71 54 38 23 14 156 139 122 104 87 70 52 35 18 0 157 140 122 105 88 71 54 38 23 14 159 142 125 108 91 75 59 45 33 28 162 145 129 112 96 81 67 54 45 42 166 150 134 118 103 89 76 65 58 55 171 155 140 125 111 98 87 77 71 69 177 162 148 134 120 108 98 90 85 83 184 170 156 143 130 119 110 103 98 96 192 178 165 152 141 131 122 116 112 110
119 46 78 100 86 90 92 142 152 126 80 88 82 104 88 97 66 64 133 68 71 49 77 96 152 101 100 101 108 112 89 87 122 102 113 91 78 67 94 130 29 34 45 60 75 91 108 125 142 159 15 23 38 54 71 88 105 122 140 157 0 18 35 52 70 87 104 122 139 156 15 23 38 54 71 88 105 122 140 157 29 34 45 60 75 91 108 125 142 159 43 47 55 68 82 97 113 129 145 162 58 60 67 77 90 104 119 134 150 166 72 74 80 88 99 112 126 140 156 171 86 88 93 100 110 122 134 148 162 177 100 102 106 112 121 132 144 156 170 184
102 29 61 84 70 74 75 126 135 111 66 70 65 89 71 81 49 47 117 51 53 32 59 80 135 90 85 84 91 96 75 70 106 87 97 76 61 50 77 113 34 29 34 45 60 75 91 108 125 142 23 15 23 38 54 71 88 105 122 140 18 0 18 35 52 70 87 104 122 139 23 15 23 38 54 71 88 105 122 140 34 29 34 45 60 75 91 108 125 142 47 43 46 55 67 82 97 112 129 145 60 57 60 67 77 90 104 118 134 150 74 72 73 79 88 99 112 126 140 155 88 86 87 92 100 110 121 134 148 162 102 100 101 105 112 121 131 143 156 170
87 12 44 69 55 60 59 110 119 96 55 53 48 75 55 66 32 29 101 34 36 16 42 65 118 81 70 67 74 81 62 53 89 73 81 62 44 33 61 97 45 34 29 34 45 60 75 91 108 125 38 23 15 23 38 54 71 88 105 122 35 18 0 18 35 52 70 87 104 122 38 23 15 23 38 54 71 88 105 122 45 34 29 34 45 60 75 91 108 125 55 46 43 46 55 67 81 97 112 129 67 60 57 60 67 77 90 104 118 134 80 73 71 73 79 88 99 112 126 140 93 87 85 87 92 99 109 121 134 148 106 101 99 101 105 112 121 131 143 156
72 8 27 55 41 47 42 95 102 83 48 36 31 62 40 53 16 12 85 16 20 8 25 51 102 75 58 51 58 67 52 36 73 62 67 51 27 16 46 80 60 45 34 29 33 45 59 75 91 108 54 38 23 15 23 38 54 71 88 105 52 35 18 0 18 35 52 70 87 104 54 38 23 15 23 38 54 71 88 105 60 45 34 29 33 45 59 75 91 108 68 55 46 43 46 55 67 81 97 112 77 67 60 57 59 66 77 89 103 118 88 79 73 71 73 79 88 99 112 125 100 92 87 85 87 91 99 109 121 134 112 105 101 99 100 105 111 120 131 143
58 24 10 43 32 39 27 81 85 71 46 19 16 53 27 43 8 7 70 3 7 22 8 41 85 73 48 36 43 54 47 20 58 53 53 44 12 3 33 64 75 60 45 33 29 33 45 59 75 91 71 54 38 23 15 23 38 54 71 88 70 52 35 18 0 18 35 52 70 87 71 54 38 23 15 23 38 54 71 88 75 60 45 33 29 33 45 59 75 91 82 67 55 46 43 46 55 67 81 96 90 77 67 59 57 59 66 77 89 103 99 88 79 73 71 73 78 87 99 111 110 100 92 87 85 86 91 99 109 120 121 112 105 100 99 100 104 111 120 130
46 42 11 36 31 37 17 68 70 62 51 7 12 47 22 38 23 24 57 19 19 39 11 36 69 75 43 25 29 45 48 9 44 49 43 44 13 20 27 49 91 75 60 45 33 28 33 45 59 75 88 71 54 38 23 14 23 38 54 71 87 70 52 35 18 0 18 35 52 70 88 71 54 38 23 14 23 38 54 71 91 75 60 45 33 28 33 45 59 75 97 82 67 55 46 42 46 55 67 81 104 90 77 66 59 56 59 66 76 89 112 99 88 79 73 70 72 78 87 98 122 110 99 91 86 84 86 91 98 108 132 121 112 105 100 98 99 104 110 119
39 59 27 37 39 43 21 58 54 57 60 19 25 48 29 40 39 41 47 37 35 56 28 39 54 81 45 23 23 41 54 20 34 52 38 50 29 37 30 36 108 91 75 59 45 33 28 33 45 59 105 88 71 54 38 23 14 23 38 54 104 87 70 52 35 18 0 18 35 52 105 88 71 54 38 23 14 23 38 54 108 91 75 59 45 33 28 33 45 59 113 97 81 67 55 46 42 46 54 67 119 104 90 77 66 59 56 59 66 76 126 112 99 88 78 72 70 72 78 87 134 121 109 99 91 86 84 85 90 98 144 131 121 111 104 99 98 99 103 110
40 76 44 45 51 55 35 52 41 57 73 35 42 55 43 49 57 58 41 54 52 74 45 49 40 89 53 33 28 45 65 37 31 59 41 60 46 55 41 28 125 108 91 75 59 45 33 28 33 45 122 105 88 71 54 38 23 14 23 38 122 104 87 70 52 35 18 0 18 35 122 105 88 71 54 38 23 14 23 38 125 108 91 75 59 45 33 28 33 45 129 112 97 81 67 55 46 42 45 54 134 118 104 89 77 66 59 56 58 65 140 126 112 99 87 78 72 70 72 77 148 134 121 109 99 91 85 83 85 90 156 143 131 120 111 104 99 97 99 103
47 93 62 58 66 68 51 51 32 62 87 52 59 66 58 62 74 76 43 71 69 91 63 62 31 100 65 47 41 54 78 54 37 70 50 74 63 72 56 30 142 125 108 91 75 59 45 33 28 33 140 122 105 88 71 54 38 23 14 23 139 122 104 87 70 52 35 18 0 18 140 122 105 88 71 54 38 23 14 23 142 125 108 91 75 59 45 33 28 33 145 129 112 97 81 67 54 45 42 45 150 134 118 103 89 76 66 58 55 58 156 140 126 112 99 87 78 72 69 71 162 148 134 121 109 98 90 85 83 85 170 156 143 131 120 110 103 99 97 98
59 111 79 72 82 83 68 56 31 72 102 70 76 79 75 77 91 93 51 89 87 108 80 76 30 113 79 63 56 66 93 71 48 84 63 88 80 89 71 40 159 142 125 108 91 75 59 45 33 28 157 140 122 105 88 71 54 38 23 14 156 139 122 104 87 70 52 35 18 0 157 140 122 105 88 71 54 38 23 14 159 142 125 108 91 75 59 45 33 28 162 145 129 112 96 81 67 54 45 42 166 150 134 118 103 89 76 65 58 55 171 155 140 125 111 98 87 77 71 69 177 162 148 134 120 108 98 90 85 83 184 170 156 143 130 119 110 103 98 96
115 47 81 96 82 85 91 137 150 120 73 88 82 99 86 92 69 65 129 70 73 49 78 91 150 91 95 98 105 108 83 87 120 96 109 85 81 69 91 128 43 47 55 68 82 97 113 129 145 162 29 34 45 60 75 91 108 125 142 159 15 23 38 54 71 88 105 122 140 157 0 18 35 52 70 87 104 122 139 156 15 23 38 54 71 88 105 122 140 157 29 34 45 60 75 91 108 125 142 159 43 47 55 68 82 97 113 129 145 162 58 60 67 77 90 104 119 134 150 166 72 74 80 88 99 112 126 140 156 171 86 88 93 100 110 122 134 148 162 177
98 31 64 79 65 68 74 121 133 104 58 70 64 83 68 76 53 48 112 53 57 32 61 75 133 79 78 81 88 91 67 69 103 80 92 69 64 52 74 111 47 43 46 55 67 82 97 112 129 145 34 29 34 45 60 75 91 108 125 142 23 15 23 38 54 71 88 105 122 140 18 0 18 35 52 70 87 104 122 139 23 15 23 38 54 71 88 105 122 140 34 29 34 45 60 75 91 108 125 142 47 43 46 55 67 82 97 112 129 145 60 57 60 67 77 90 104 118 134 150 74 72 73 79 88 99 112 126 140 155 88 86 87 92 100 110 121 134 148 162
81 16 48 63 48 52 56 104 116 89 44 53 47 67 51 60 38 31 96 37 41 16 44 58 116 69 63 64 71 75 52 52 86 65 76 54 48 36 57 94 55 46 43 46 55 67 81 97 112 129 45 34 29 34 45 60 75 91 108 125 38 23 15 23 38 54 71 88 105 122 35 18 0 18 35 52 70 87 104 122 38 23 15 23 38 54 71 88 105 122 45 34 29 34 45 60 75 91 108 125 55 46 43 46 55 67 81 97 112 129 67 60 57 60 67 77 90 104 118 134 80 73 71 73 79 88 99 112 126 140 93 87 85 87 92 99 109 121 134 148
65 13 33 47 32 37 39 88 99 74 35 36 30 53 34 44 25 17 79 23 28 8 28 43 98 61 48 47 54 59 40 35 69 51 60 40 34 22 40 77 68 55 46 43 46 55 67 81 97 112 60 45 34 29 33 45 59 75 91 108 54 38 23 15 23 38 54 71 88 105 52 35 18 0 18 35 52 70 87 104 54 38 23 15 23 38 54 71 88 105 60 45 34 29 33 45 59 75 91 108 68 55 46 43 46 55 67 81 97 112 77 67 60 57 59 66 77 89 103 118 88 79 73 71 73 79 88 99 112 125 100 92 87 85 87 91 99 109 121 134
49 26 22 33 19 26 22 73 82 61 32 20 13 41 18 31 22 13 63 16 21 22 15 29 81 59 36 30 37 44 33 18 52 40 44 31 24 16 24 60 82 67 55 46 43 46 55 67 81 96 75 60 45 33 29 33 45 59 75 91 71 54 38 23 15 23 38 54 71 88 70 52 35 18 0 18 35 52 70 87 71 54 38 23 15 23 38 54 71 88 75 60 45 33 29 33 45 59 75 91 82 67 55 46 43 46 55 67 81 96 90 77 67 59 57 59 66 77 89 103 99 88 79 73 71 73 78 87 99 111 110 100 92 87 85 86 91 99 109 120
36 43 22 23 18 24 5 59 65 50 39 8 7 34 8 24 30 26 48 25 27 39 17 22 64 61 29 14 21 32 34 5 36 36 31 30 25 25 13 43 97 82 67 55 46 42 46 55 67 81 91 75 60 45 33 28 33 45 59 75 88 71 54 38 23 14 23 38 54 71 87 70 52 35 18 0 18 35 52 70 88 71 54 38 23 14 23 38 54 71 91 75 60 45 33 28 33 45 59 75 97 82 67 55 46 42 46 55 67 81 104 90 77 66 59 56 59 66 76 89 112 99 88 79 73 70 72 78 87 98 122 110 99 91 86 84 86 91 98 108
26 60 33 24 29 32 14 46 48 43 51 19 24 35 21 28 44 42 35 40 40 56 31 27 48 68 32 11 9 27 43 19 22 39 24 38 36 40 19 27 113 97 81 67 55 46 42 46 54 67 108 91 75 59 45 33 28 33 45 59 105 88 71 54 38 23 14 23 38 54 104 87 70 52 35 18 0 18 35 52 105 88 71 54 38 23 14 23 38 54 108 91 75 59 45 33 28 33 45 59 113 97 81 67 55 46 42 46 54 67 119 104 90 77 66 59 56 59 66 76 126 112 99 88 78 72 70 72 78 87 134 121 109 99 91 86 84 85 90 98
26 77 48 36 45 46 31 38 32 44 65 36 41 44 38 40 60 59 28 56 56 74 47 40 32 78 43 25 19 32 56 36 17 48 29 51 50 57 34 15 129 112 97 81 67 55 46 42 45 54 125 108 91 75 59 45 33 28 33 45 122 105 88 71 54 38 23 14 23 38 122 104 87 70 52 35 18 0 18 35 122 105 88 71 54 38 23 14 23 38 125 108 91 75 59 45 33 28 33 45 129 112 97 81 67 55 46 42 45 54 134 118 104 89 77 66 59 56 58 65 140 126 112 99 87 78 72 70 72 77 148 134 121 109 99 91 85 83 85 90
36 94 64 50 61 62 49 38 20 50 80 53 58 57 55 55 76 76 30 73 72 91 64 55 19 91 57 42 35 44 71 53 26 62 41 66 66 74 51 18 145 129 112 97 81 67 54 45 42 45 142 125 108 91 75 59 45 33 28 33 140 122 105 88 71 54 38 23 14 23 139 122 104 87 70 52 35 18 0 18 140 122 105 88 71 54 38 23 14 23 142 125 108 91 75 59 45 33 28 33 145 129 112 97 81 67 54 45 42 45 150 134 118 103 89 76 66 58 55 58 156 140 126 112 99 87 78 72 69 71 162 148 134 121 109 98 90 85 83 85
51 111 81 66 78 78 66 44 18 61 97 70 75 71 72 71 93 94 40 90 89 108 81 71 17 105 72 59 52 59 87 70 41 76 55 82 82 91 68 33 162 145 129 112 96 81 67 54 45 42 159 142 125 108 91 75 59 45 33 28 157 140 122 105 88 71 54 38 23 14 156 139 122 104 87 70 52 35 18 0 157 140 122 105 88 71 54 38 23 14 159 142 125 108 91 75 59 45 33 28 162 145 129 112 96 81 67 54 45 42 166 150 134 118 103 89 76 65 58 55 171 155 140 125 111 98 87 77 71 69 177 162 148 134 120 108 98 90 85 83
113 52 85 94 80 82 92 134 149 116 68 90 84 95 85 90 75 69 127 74 79 53 81 89 149 83 91 98 105 105 78 89 119 91 107 81 86 74 90 127 58 60 67 77 90 104 119 134 150 166 43 47 55 68 82 97 113 129 145 162 29 34 45 60 75 91 108 125 142 159 15 23 38 54 71 88 105 122 140 157 0 18 35 52 70 87 104 122 139 156 15 23 38 54 71 88 105 122 140 157 29 34 45 60 75 91 108 125 142 159 43 47 55 68 82 97 113 129 145 162 58 60 67 77 90 104 119 134 150 166 72 74 80 88 99 112 126 140 156 171
95 38 70 77 63 65 75 117 132 99 51 73 67 78 68 73 60 53 110 59 64 38 65 72 132 69 74 81 88 88 61 72 101 75 90 64 71 58 73 110 60 57 60 67 77 90 104 118 134 150 47 43 46 55 67 82 97 112 129 145 34 29 34 45 60 75 91 108 125 142 23 15 23 38 54 71 88 105 122 140 18 0 18 35 52 70 87 104 122 139 23 15 23 38 54 71 88 105 122 140 34 29 34 45 60 75 91 108 125 142 47 43 46 55 67 82 97 112 129 145 60 57 60 67 77 90 104 118 134 150 74 72 73 79 88 99 112 126 140 155
78 28 55 60 46 48 58 100 115 83 35 57 51 61 51 56 47 39 93 45 50 26 50 55 115 57 58 64 71 71 45 55 84 58 73 47 56 44 56 93 67 60 57 60 67 77 90 104 118 134 55 46 43 46 55 67 81 97 112 129 45 34 29 34 45 60 75 91 108 125 38 23 15 23 38 54 71 88 105 122 35 18 0 18 35 52 70 87 104 122 38 23 15 23 38 54 71 88 105 122 45 34 29 34 45 60 75 91 108 125 55 46 43 46 55 67 81 97 112 129 67 60 57 60 67 77 90 104 118 134 80 73 71 73 79 88 99 112 126 140
61 26 43 42 28 31 41 83 97 67 22 42 35 45 34 39 38 28 76 34 40 22 36 38 97 48 41 46 53 54 30 40 67 43 56 31 45 33 38 75 77 67 60 57 59 66 77 89 103 118 68 55 46 43 46 55 67 81 97 112 60 45 34 29 33 45 59 75 91 108 54 38 23 15 23 38 54 71 88 105 52 35 18 0 18 35 52 70 87 104 54 38 23 15 23 38 54 71 88 105 60 45 34 29 33 45 59 75 91 108 68 55 46 43 46 55 67 81 97 112 77 67 60 57 59 66 77 89 103 118 88 79 73 71 73 79 88 99 112 125
44 35 35 26 11 15 25 67 80 52 18 28 22 30 17 22 35 26 59 30 35 30 28 21 80 45 26 29 36 38 20 26 49 29 39 18 38 30 21 58 90 77 67 59 57 59 66 77 89 103 82 67 55 46 43 46 55 67 81 96 75 60 45 33 29 33 45 59 75 91 71 54 38 23 15 23 38 54 71 88 70 52 35 18 0 18 35 52 70 87 71 54 38 23 15 23 38 54 71 88 75 60 45 33 29 33 45 59 75 91 82 67 55 46 43 46 55 67 81 96 90 77 67 59 57 59 66 77 89 103 99 88 79 73 71 73 78 87 99 111
28 48 35 10 8 11 13 51 63 39 28 22 20 20 7 10 41 35 42 36 39 44 29 8 63 48 16 13 19 22 22 19 32 22 22 17 38 36 4 41 104 90 77 66 59 56 59 66 76 89 97 82 67 55 46 42 46 55 67 81 91 75 60 45 33 28 33 45 59 75 88 71 54 38 23 14 23 38 54 71 87 70 52 35 18 0 18 35 52 70 88 71 54 38 23 14 23 38 54 71 91 75 60 45 33 28 33 45 59 75 97 82 67 55 46 42 46 55 67 81 104 90 77 66 59 56 59 66 76 89 112 99 88 79 73 70 72 78 87 98
14 64 43 13 25 25 19 36 45 30 43 28 30 22 21 18 52 48 26 47 49 60 39 18 45 57 21 9 6 13 34 26 15 27 11 29 46 47 15 23 119 104 90 77 66 59 56 59 66 76 113 97 81 67 55 46 42 46 54 67 108 91 75 59 45 33 28 33 45 59 105 88 71 54 38 23 14 23 38 54 104 87 70 52 35 18 0 18 35 52 105 88 71 54 38 23 14 23 38 54 108 91 75 59 45 33 28 33 45 59 113 97 81 67 55 46 42 46 54 67 119 104 90 77 66 59 56 59 66 76 126 112 99 88 78 72 70 72 78 87
14 80 55 29 42 41 33 26 28 30 59 41 44 35 37 34 66 63 14 62 62 76 53 34 28 69 35 25 18 22 50 40 4 39 18 45 58 62 32 6 134 118 104 89 77 66 59 56 58 65 129 112 97 81 67 55 46 42 45 54 125 108 91 75 59 45 33 28 33 45 122 105 88 71 54 38 23 14 23 38 122 104 87 70 52 35 18 0 18 35 122 105 88 71 54 38 23 14 23 38 125 108 91 75 59 45 33 28 33 45 129 112 97 81 67 55 46 42 45 54 134 118 104 89 77 66 59 56 58 65 140 126 112 99 87 78 72 70 72 77
29 97 70 46 59 58 50 24 11 39 76 56 61 50 55 51 81 80 18 77 77 93 68 51 11 83 51 42 35 37 66 56 21 55 34 62 72 78 49 12 150 134 118 103 89 76 66 58 55 58 145 129 112 97 81 67 54 45 42 45 142 125 108 91 75 59 45 33 28 33 140 122 105 88 71 54 38 23 14 23 139 122 104 87 70 52 35 18 0 18 140 122 105 88 71 54 38 23 14 23 142 125 108 91 75 59 45 33 28 33 145 129 112 97 81 67 54 45 42 45 150 134 118 103 89 76 66 58 55 58 156 140 126 112 99 87 78 72 69 71
46 113 85 63 77 76 67 34 8 53 93 73 77 66 72 68 97 96 33 93 93 110 84 68 8 98 68 59 52 54 83 73 38 71 51 79 87 94 67 30 166 150 134 118 103 89 76 65 58 55 162 145 129 112 96 81 67 54 45 42 159 142 125 108 91 75 59 45 33 28 157 140 122 105 88 71 54 38 23 14 156 139 122 104 87 70 52 35 18 0 157 140 122 105 88 71 54 38 23 14 159 142 125 108 91 75 59 45 33 28 162 145 129 112 96 81 67 54 45 42 166 150 134 118 103 89 76 65 58 55 171 155 140 125 111 98 87 77 71 69
112 61 92 94 81 82 95 132 150 113 65 94 88 93 88 90 82 75 126 81 86 60 87 89 150 76 90 100 107 104 76 93 119 89 107 79 93 80 92 128 72 74 80 88 99 112 126 140 156 171 58 60 67 77 90 104 119 134 150 166 43 47 55 68 82 97 113 129 145 162 29 34 45 60 75 91 108 125 142 159 15 23 38 54 71 88 105 122 140 157 0 18 35 52 70 87 104 122 139 156 15 23 38 54 71 88 105 122 140 157 29 34 45 60 75 91 108 125 142 159 43 47 55 68 82 97 113 129 145 162 58 60 67 77 90 104 119 134 150 166
95 49 77 77 64 65 78 115 132 96 48 79 72 76 71 72 69 61 109 67 72 48 72 72 133 61 73 83 90 87 59 77 102 72 89 62 79 66 75 111 74 72 73 79 88 99 112 126 140 155 60 57 60 67 77 90 104 118 134 150 47 43 46 55 67 82 97 112 129 145 34 29 34 45 60 75 91 108 125 142 23 15 23 38 54 71 88 105 122 140 18 0 18 35 52 70 87 104 122 139 23 15 23 38 54 71 88 105 122 140 34 29 34 45 60 75 91 108 125 142 47 43 46 55 67 82 97 112 129 145 60 57 60 67 77 90 104 118 134 150
78 41 65 59 47 47 62 98 115 79 31 64 57 59 55 55 58 49 92 55 61 38 59 55 115 47 56 66 73 70 42 62 85 55 72 45 67 55 58 94 80 73 71 73 79 88 99 112 126 140 67 60 57 60 67 77 90 104 118 134 55 46 43 46 55 67 81 97 112 129 45 34 29 34 45 60 75 91 108 125 38 23 15 23 38 54 71 88 105 122 35 18 0 18 35 52 70 87 104 122 38 23 15 23 38 54 71 88 105 122 45 34 29 34 45 60 75 91 108 125 55 46 43 46 55 67 81 97 112 129 67 60 57 60 67 77 90 104 118 134
60 40 55 42 31 30 47 81 98 62 14 50 44 41 39 38 51 42 75 47 52 36 48 37 98 35 38 50 57 52 24 48 68 38 55 28 57 46 42 77 88 79 73 71 73 79 88 99 112 125 77 67 60 57 59 66 77 89 103 118 68 55 46 43 46 55 67 81 97 112 60 45 34 29 33 45 59 75 91 108 54 38 23 15 23 38 54 71 88 105 52 35 18 0 18 35 52 70 87 104 54 38 23 15 23 38 54 71 88 105 60 45 34 29 33 45 59 75 91 108 68 55 46 43 46 55 67 81 97 112 77 67 60 57 59 66 77 89 103 118
43 46 49 25 17 14 34 64 81 45 6 40 35 24 26 21 49 40 57 44 49 41 42 21 81 31 21 35 41 35 8 38 51 21 38 10 52 44 26 60 99 88 79 73 71 73 78 87 99 111 90 77 67 59 57 59 66 77 89 103 82 67 55 46 43 46 55 67 81 96 75 60 45 33 29 33 45 59 75 91 71 54 38 23 15 23 38 54 71 88 70 52 35 18 0 18 35 52 70 87 71 54 38 23 15 23 38 54 71 88 75 60 45 33 29 33 45 59 75 91 82 67 55 46 43 46 55 67 81 96 90 77 67 59 57 59 66 77 89 103
26 57 49 10 15 8 27 46 64 30 23 36 33 8 21 6 53 46 40 48 52 52 42 7 64 35 4 23 27 18 12 33 34 8 20 8 52 48 17 43 112 99 88 79 73 70 72 78 87 98 104 90 77 66 59 56 59 66 76 89 97 82 67 55 46 42 46 55 67 81 91 75 60 45 33 28 33 45 59 75 88 71 54 38 23 14 23 38 54 71 87 70 52 35 18 0 18 35 52 70 88 71 54 38 23 14 23 38 54 71 91 75 60 45 33 28 33 45 59 75 97 82 67 55 46 42 46 55 67 81 104 90 77 66 59 56 59 66 76 89
9 70 54 13 28 24 30 30 47 17 40 40 40 13 28 16 62 57 23 57 60 66 49 17 47 47 15 21 20 2 29 38 19 18 5 25 58 57 22 27 126 112 99 88 78 72 70 72 78 87 119 104 90 77 66 59 56 59 66 76 113 97 81 67 55 46 42 46 54 67 108 91 75 59 45 33 28 33 45 59 105 88 71 54 38 23 14 23 38 54 104 87 70 52 35 18 0 18 35 52 105 88 71 54 38 23 14 23 38 54 108 91 75 59 45 33 28 33 45 59 113 97 81 67 55 46 42 46 54 67 119 104 90 77 66 59 56 59 66 76
11 85 65 29 44 41 41 14 30 18 57 50 52 29 42 33 74 70 5 69 71 81 61 34 31 61 32 31 26 18 46 48 12 34 16 43 67 70 36 16 140 126 112 99 87 78 72 70 72 77 134 118 104 89 77 66 59 56 58 65 129 112 97 81 67 55 46 42 45 54 125 108 91 75 59 45 33 28 33 45 122 105 88 71 54 38 23 14 23 38 122 104 87 70 52 35 18 0 18 35 122 105 88 71 54 38 23 14 23 38 125 108 91 75 59 45 33 28 33 45 129 112 97 81 67 55 46 42 45 54 134 118 104 89 77 66 59 56 58 65
27 101 77 46 60 58 55 12 16 31 74 63 66 47 58 50 88 85 13 83 84 97 75 51 17 76 49 46 39 35 64 62 24 51 33 60 80 84 52 19 156 140 126 112 99 87 78 72 69 71 150 134 118 103 89 76 66 58 55 58 145 129 112 97 81 67 54 45 42 45 142 125 108 91 75 59 45 33 28 33 140 122 105 88 71 54 38 23 14 23 139 122 104 87 70 52 35 18 0 18 140 122 105 88 71 54 38 23 14 23 142 125 108 91 75 59 45 33 28 33 145 129 112 97 81 67 54 45 42 45 150 134 118 103 89 76 66 58 55 58
45 117 92 63 77 75 71 26 14 47 92 78 82 64 74 67 103 101 30 99 99 113 90 68 15 92 67 62 55 52 81 77 40 68 50 77 94 99 68 33 171 155 140 125 111 98 87 77 71 69 166 150 134 118 103 89 76 65 58 55 162 145 129 112 96 81 67 54 45 42 159 142 125 108 91 75 59 45 33 28 157 140 122 105 88 71 54 38 23 14 156 139 122 104 87 70 52 35 18 0 157 140 122 105 88 71 54 38 23 14 159 142 125 108 91 75 59 45 33 28 162 145 129 112 96 81 67 54 45 42 166 150 134 118 103 89 76 65 58 55
114 71 100 96 85 84 99 132 151 112 66 101 94 93 92 91 92 84 127 90 95 70 94 91 152 71 91 104 110 105 77 99 121 89 108 81 101 89 95 130 86 88 93 100 110 122 134 148 162 177 72 74 80 88 99 112 126 140 156 171 58 60 67 77 90 104 119 134 150 166 43 47 55 68 82 97 113 129 145 162 29 34 45 60 75 91 108 125 142 159 15 23 38 54 71 88 105 122 140 157 0 18 35 52 70 87 104 122 139 156 15 23 38 54 71 88 105 122 140 157 29 34 45 60 75 91 108 125 142 159 43 47 55 68 82 97 113 129 145 162
97 61 87 79 68 67 84 115 134 95 49 86 80 76 76 75 80 71 110 77 83 59 81 74 135 55 74 88 94 88 59 84 105 72 91 64 89 76 79 113 88 86 87 92 100 110 121 134 148 162 74 72 73 79 88 99 112 126 140 155 60 57 60 67 77 90 104 118 134 150 47 43 46 55 67 82 97 112 129 145 34 29 34 45 60 75 91 108 125 142 23 15 23 38 54 71 88 105 122 140 18 0 18 35 52 70 87 104 122 139 23 15 23 38 54 71 88 105 122 140 34 29 34 45 60 75 91 108 125 142 47 43 46 55 67 82 97 112 129 145
80 55 76 63 53 51 69 98 117 78 32 73 66 59 61 58 71 61 93 67 73 52 69 58 118 39 57 72 78 71 43 70 88 55 74 47 78 66 63 97 93 87 85 87 92 99 109 121 134 148 80 73 71 73 79 88 99 112 126 140 67 60 57 60 67 77 90 104 118 134 55 46 43 46 55 67 81 97 112 129 45 34 29 34 45 60 75 91 108 125 38 23 15 23 38 54 71 88 105 122 35 18 0 18 35 52 70 87 104 122 38 23 15 23 38 54 71 88 105 122 45 34 29 34 45 60 75 91 108 125 55 46 43 46 55 67 81 97 112 129
63 54 67 47 39 36 56 80 101 60 17 61 55 42 48 42 65 55 76 60 66 50 60 42 101 24 40 57 63 55 26 59 71 37 58 31 70 60 49 80 100 92 87 85 87 91 99 109 121 134 88 79 73 71 73 79 88 99 112 125 77 67 60 57 59 66 77 89 103 118 68 55 46 43 46 55 67 81 97 112 60 45 34 29 33 45 59 75 91 108 54 38 23 15 23 38 54 71 88 105 52 35 18 0 18 35 52 70 87 104 54 38 23 15 23 38 54 71 88 105 60 45 34 29 33 45 59 75 91 108 68 55 46 43 46 55 67 81 97 112
46 58 62 32 29 23 46 63 84 43 12 53 48 26 38 28 63 54 59 58 63 54 55 29 84 17 25 45 49 38 12 50 56 21 42 17 65 58 37 64 110 100 92 87 85 86 91 99 109 120 99 88 79 73 71 73 78 87 99 111 90 77 67 59 57 59 66 77 89 103 82 67 55 46 43 46 55 67 81 96 75 60 45 33 29 33 45 59 75 91 71 54 38 23 15 23 38 54 71 88 70 52 35 18 0 18 35 52 70 87 71 54 38 23 15 23 38 54 71 88 75 60 45 33 29 33 45 59 75 91 82 67 55 46 43 46 55 67 81 96
31 67 62 22 28 21 41 46 68 26 25 50 47 12 35 19 67 59 43 61 65 63 56 21 68 24 14 36 38 23 15 47 41 8 27 16 66 61 31 49 122 110 99 91 86 84 86 91 98 108 112 99 88 79 73 70 72 78 87 98 104 90 77 66 59 56 59 66 76 89 97 82 67 55 46 42 46 55 67 81 91 75 60 45 33 28 33 45 59 75 88 71 54 38 23 14 23 38 54 71 87 70 52 35 18 0 18 35 52 70 88 71 54 38 23 14 23 38 54 71 91 75 60 45 33 28 33 45 59 75 97 82 67 55 46 42 46 55 67 81
20 79 67 24 36 30 43 29 52 8 41 53 52 15 40 24 74 67 27 68 72 74 61 26 53 39 20 35 33 15 31 50 30 17 19 29 70 68 34 37 134 121 109 99 91 86 84 85 90 98 126 112 99 88 78 72 70 72 78 87 119 104 90 77 66 59 56 59 66 76 113 97 81 67 55 46 42 46 54 67 108 91 75 59 45 33 28 33 45 59 105 88 71 54 38 23 14 23 38 54 104 87 70 52 35 18 0 18 35 52 105 88 71 54 38 23 14 23 38 54 108 91 75 59 45 33 28 33 45 59 113 97 81 67 55 46 42 46 54 67
20 92 75 35 49 45 51 12 38 10 58 60 61 31 50 38 84 79 16 79 81 88 71 39 39 55 35 41 37 23 47 59 26 34 24 45 78 79 44 29 148 134 121 109 99 91 85 83 85 90 140 126 112 99 87 78 72 70 72 77 134 118 104 89 77 66 59 56 58 65 129 112 97 81 67 55 46 42 45 54 125 108 91 75 59 45 33 28 33 45 122 105 88 71 54 38 23 14 23 38 122 104 87 70 52 35 18 0 18 35 122 105 88 71 54 38 23 14 23 38 125 108 91 75 59 45 33 28 33 45 129 112 97 81 67 55 46 42 45 54
32 107 87 50 65 61 63 9 28 27 75 72 74 47 64 53 96 92 20 92 93 103 83 55 29 72 51 53 48 38 64 70 33 51 38 61 89 92 58 31 162 148 134 121 109 98 90 85 83 85 156 140 126 112 99 87 78 72 69 71 150 134 118 103 89 76 66 58 55 58 145 129 112 97 81 67 54 45 42 45 142 125 108 91 75 59 45 33 28 33 140 122 105 88 71 54 38 23 14 23 139 122 104 87 70 52 35 18 0 18 140 122 105 88 71 54 38 23 14 23 142 125 108 91 75 59 45 33 28 33 145 129 112 97 81 67 54 45 42 45
48 122 99 66 81 78 77 25 27 45 92 85 88 64 79 70 110 107 34 105 106 118 97 71 28 89 68 68 61 54 81 84 46 68 53 78 102 106 73 41 177 162 148 134 120 108 98 90 85 83 171 155 140 125 111 98 87 77 71 69 166 150 134 118 103 89 76 65 58 55 162 145 129 112 96 81 67 54 45 42 159 142 125 108 91 75 59 45 33 28 157 140 122 105 88 71 54 38 23 14 156 139 122 104 87 70 52 35 18 0 157 140 122 105 88 71 54 38 23 14 159 142 125 108 91 75 59 45 33 28 162 145 129 112 96 81 67 54 45 42
117 82 109 100 90 88 106 133 154 113 70 108 102 96 98 95 102 93 130 100 105 80 103 95 155 70 94 109 115 108 80 106 125 91 111 84 111 99 101 134 100 102 106 112 121 132 144 156 170 184 86 88 93 100 110 122 134 148 162 177 72 74 80 88 99 112 126 140 156 171 58 60 67 77 90 104 119 134 150 166 43 47 55 68 82 97 113 129 145 162 29 34 45 60 75 91 108 125 142 159 15 23 38 54 71 88 105 122 140 157 0 18 35 52 70 87 104 122 139 156 15 23 38 54 71 88 105 122 140 157 29 34 45 60 75 91 108 125 142 159
100 74 97 84 75 73 92 116 138 96 54 95 89 79 84 79 92 82 113 89 94 71 91 80 138 52 78 94 100 92 63 93 109 74 95 68 100 88 85 118 102 100 101 105 112 121 131 143 156 170 88 86 87 92 100 110 121 134 148 162 74 72 73 79 88 99 112 126 140 155 60 57 60 67 77 90 104 118 134 150 47 43 46 55 67 82 97 112 129 145 34 29 34 45 60 75 91 108 125 142 23 15 23 38 54 71 88 105 122 140 18 0 18 35 52 70 87 104 122 139 23 15 23 38 54 71 88 105 122 140 34 29 34 45 60 75 91 108 125 142
84 69 88 69 61 58 78 99 121 79 40 83 77 63 70 64 84 74 96 80 85 65 81 64 122 35 62 80 85 76 48 80 93 58 79 53 90 79 71 102 106 101 99 101 105 112 121 131 143 156 93 87 85 87 92 99 109 121 134 148 80 73 71 73 79 88 99 112 126 140 67 60 57 60 67 77 90 104 118 134 55 46 43 46 55 67 81 97 112 129 45 34 29 34 45 60 75 91 108 125 38 23 15 23 38 54 71 88 105 122 35 18 0 18 35 52 70 87 104 122 38 23 15 23 38 54 71 88 105 122 45 34 29 34 45 60 75 91 108 125
68 68 80 54 50 45 67 82 105 62 28 73 68 47 59 50 79 69 80 74 79 64 73 51 105 18 47 67 71 60 34 70 78 42 63 39 83 73 59 86 112 105 101 99 100 105 111 120 131 143 100 92 87 85 87 91 99 109 121 134 88 79 73 71 73 79 88 99 112 125 77 67 60 57 59 66 77 89 103 118 68 55 46 43 46 55 67 81 97 112 60 45 34 29 33 45 59 75 91 108 54 38 23 15 23 38 54 71 88 105 52 35 18 0 18 35 52 70 87 104 54 38 23 15 23 38 54 71 88 105 60 45 34 29 33 45 59 75 91 108
53 71 76 43 42 36 58 66 89 45 26 66 62 33 51 39 77 68 64 72 77 67 69 40 90 3 34 56 59 46 25 64 63 29 49 29 79 72 49 72 121 112 105 100 99 100 104 111 120 130 110 100 92 87 85 86 91 99 109 120 99 88 79 73 71 73 78 87 99 111 90 77 67 59 57 59 66 77 89 103 82 67 55 46 43 46 55 67 81 96 75 60 45 33 29 33 45 59 75 91 71 54 38 23 15 23 38 54 71 88 70 52 35 18 0 18 35 52 70 87 71 54 38 23 15 23 38 54 71 88 75 60 45 33 29 33 45 59 75 91
41 79 76 36 41 34 54 49 74 29 33 64 61 25 49 33 80 72 49 75 79 74 70 35 75 18 28 49 51 34 27 61 51 21 38 29 79 74 44 58 132 121 112 105 100 98 99 104 110 119 122 110 99 91 86 84 86 91 98 108 112 99 88 79 73 70 72 78 87 98 104 90 77 66 59 56 59 66 76 89 97 82 67 55 46 42 46 55 67 81 91 75 60 45 33 28 33 45 59 75 88 71 54 38 23 14 23 38 54 71 87 70 52 35 18 0 18 35 52 70 88 71 54 38 23 14 23 38 54 71 91 75 60 45 33 28 33 45 59 75
33 89 80 36 47 41 56 34 60 16 47 66 65 26 52 36 86 79 37 81 84 84 74 38 61 35 31 48 47 29 38 64 42 26 32 37 83 80 46 48 144 131 121 111 104 99 98 99 103 110 134 121 109 99 91 86 84 85 90 98 126 112 99 88 78 72 70 72 78 87 119 104 90 77 66 59 56 59 66 76 113 97 81 67 55 46 42 46 54 67 108 91 75 59 45 33 28 33 45 59 105 88 71 54 38 23 14 23 38 54 104 87 70 52 35 18 0 18 35 52 105 88 71 54 38 23 14 23 38 54 108 91 75 59 45 33 28 33 45 59
33 101 87 45 58 52 62 22 48 17 62 72 73 37 61 46 95 89 30 90 92 96 82 48 49 53 42 53 50 34 52 70 40 39 36 50 90 90 54 42 156 143 131 120 111 104 99 97 99 103 148 134 121 109 99 91 85 83 85 90 140 126 112 99 87 78 72 70 72 77 134 118 104 89 77 66 59 56 58 65 129 112 97 81 67 55 46 42 45 54 125 108 91 75 59 45 33 28 33 45 122 105 88 71 54 38 23 14 23 38 122 104 87 70 52 35 18 0 18 35 122 105 88 71 54 38 23 14 23 38 125 108 91 75 59 45 33 28 33 45
41 115 97 57 71 67 72 20 41 30 78 82 83 52 73 60 106 101 32 101 103 110 93 61 42 70 56 63 58 45 68 80 45 55 46 66 100 101 66 44 170 156 143 131 120 110 103 99 97 98 162 148 134 121 109 98 90 85 83 85 156 140 126 112 99 87 78 72 69 71 150 134 118 103 89 76 66 58 55 58 145 129 112 97 81 67 54 45 42 45 142 125 108 91 75 59 45 33 28 33 140 122 105 88 71 54 38 23 14 23 139 122 104 87 70 52 35 18 0 18 140 122 105 88 71 54 38 23 14 23 142 125 108 91 75 59 45 33 28 33
54 129 108 72 86 82 85 31 40 46 95 94 96 68 86 75 118 114 42 114 115 125 105 76 41 87 72 75 70 60 84 93 55 71 59 82 111 114 80 51 184 170 156 143 130 119 110 103 98 96 177 162 148 134 120 108 98 90 85 83 171 155 140 125 111 98 87 77 71 69 166 150 134 118 103 89 76 65 58 55 162 145 129 112 96 81 67 54 45 42 159 142 125 108 91 75 59 45 33 28 157 140 122 105 88 71 54 38 23 14 156 139 122 104 87 70 52 35 18 0 157 140 122 105 88 71 54 38 23 14 159 142 125 108 91 75 59 45 33 28
121 94 119 106 97 95 114 136 159 116 76 117 111 100 106 101 113 104 134 110 116 92 113 101 159 71 99 116 122 113 85 115 130 95 116 90 121 109 108 139 115 116 119 125 133 143 154 166 179 192 100 102 106 112 121 132 144 156 170 184 86 88 93 100 110 122 134 148 162 177 72 74 80 88 99 112 126 140 156 171 58 60 67 77 90 104 119 134 150 166 43 47 55 68 82 97 113 129 145 162 29 34 45 60 75 91 108 125 142 159 15 23 38 54 71 88 105 122 140 157 0 18 35 52 70 87 104 122 139 156 15 23 38 54 71 88 105 122 140 157
105 87 109 91 83 80 101 119 142 99 62 105 99 85 93 86 104 95 117 100 106 84 102 87 143 54 84 102 107 97 70 103 115 80 101 75 111 100 93 123 116 114 115 119 125 133 142 153 165 178 102 100 101 105 112 121 131 143 156 170 88 86 87 92 100 110 121 134 148 162 74 72 73 79 88 99 112 126 140 155 60 57 60 67 77 90 104 118 134 150 47 43 46 55 67 82 97 112 129 145 34 29 34 45 60 75 91 108 125 142 23 15 23 38 54 71 88 105 122 140 18 0 18 35 52 70 87 104 122 139 23 15 23 38 54 71 88 105 122 140
90 83 100 77 71 67 89 103 126 82 50 94 88 69 81 72 97 87 101 93 98 79 93 73 127 37 69 89 94 82 56 92 100 65 86 61 103 92 81 108 119 115 114 115 118 124 132 142 153 165 106 101 99 101 105 112 121 131 143 156 93 87 85 87 92 99 109 121 134 148 80 73 71 73 79 88 99 112 126 140 67 60 57 60 67 77 90 104 118 134 55 46 43 46 55 67 81 97 112 129 45 34 29 34 45 60 75 91 108 125 38 23 15 23 38 54 71 88 105 122 35 18 0 18 35 52 70 87 104 122 38 23 15 23 38 54 71 88 105 122
76 82 94 64 62 56 79 87 111 66 41 86 81 56 71 60 93 83 86 88 93 78 87 61 112 21 56 77 81 68 45 83 86 51 72 50 97 87 70 94 125 119 115 113 114 118 124 132 141 152 112 105 101 99 100 105 111 120 131 143 100 92 87 85 87 91 99 109 121 134 88 79 73 71 73 79 88 99 112 125 77 67 60 57 59 66 77 89 103 118 68 55 46 43 46 55 67 81 97 112 60 45 34 29 33 45 59 75 91 108 54 38 23 15 23 38 54 71 88 105 52 35 18 0 18 35 52 70 87 104 54 38 23 15 23 38 54 71 88 105
63 85 90 55 56 49 72 71 96 51 39 80 76 44 65 51 91 82 72 86 91 80 83 53 97 12 46 68 71 56 39 77 73 40 59 43 93 86 62 81 133 125 118 114 113 114 117 123 131 141 121 112 105 100 99 100 104 111 120 130 110 100 92 87 85 86 91 99 109 120 99 88 79 73 71 73 78 87 99 111 90 77 67 59 57 59 66 77 89 103 82 67 55 46 43 46 55 67 81 96 75 60 45 33 29 33 45 59 75 91 71 54 38 23 15 23 38 54 71 88 70 52 35 18 0 18 35 52 70 87 71 54 38 23 15 23 38 54 71 88
52 91 90 49 55 48 68 56 82 38 45 78 75 38 63 47 93 85 59 88 93 86 83 49 83 21 42 63 64 47 40 75 62 35 50 42 93 88 58 69 143 133 124 118 114 112 113 117 123 131 132 121 112 105 100 98 99 104 110 119 122 110 99 91 86 84 86 91 98 108 112 99 88 79 73 70 72 78 87 98 104 90 77 66 59 56 59 66 76 89 97 82 67 55 46 42 46 55 67 81 91 75 60 45 33 28 33 45 59 75 88 71 54 38 23 14 23 38 54 71 87 70 52 35 18 0 18 35 52 70 88 71 54 38 23 14 23 38 54 71
46 100 93 50 60 53 69 43 70 29 55 79 78 39 65 49 99 91 48 93 97 95 87 51 71 37 44 62 61 43 48 77 55 38 46 48 96 93 60 61 154 142 132 124 117 113 112 113 116 122 144 131 121 111 104 99 98 99 103 110 134 121 109 99 91 86 84 85 90 98 126 112 99 88 78 72 70 72 78 87 119 104 90 77 66 59 56 59 66 76 113 97 81 67 55 46 42 46 54 67 108 91 75 59 45 33 28 33 45 59 105 88 71 54 38 23 14 23 38 54 104 87 70 52 35 18 0 18 35 52 105 88 71 54 38 23 14 23 38 54
46 111 99 56 68 62 75 35 60 29 69 85 84 47 72 57 106 100 43 101 104 106 94 59 61 54 52 66 63 46 60 83 54 48 49 59 102 101 66 56 166 153 142 132 123 117 113 111 112 116 156 143 131 120 111 104 99 97 99 103 148 134 121 109 99 91 85 83 85 90 140 126 112 99 87 78 72 70 72 77 134 118 104 89 77 66 59 56 58 65 129 112 97 81 67 55 46 42 45 54 125 108 91 75 59 45 33 28 33 45 122 105 88 71 54 38 23 14 23 38 122 104 87 70 52 35 18 0 18 35 122 105 88 71 54 38 23 14 23 38
53 123 108 66 80 75 83 34 54 38 84 93 94 59 82 68 116 111 45 111 114 119 103 70 55 71 64 74 70 55 74 91 57 61 56 73 111 111 76 57 179 165 153 141 131 123 116 112 110 112 170 156 143 131 120 110 103 99 97 98 162 148 134 121 109 98 90 85 83 85 156 140 126 112 99 87 78 72 69 71 150 134 118 103 89 76 66 58 55 58 145 129 112 97 81 67 54 45 42 45 142 125 108 91 75 59 45 33 28 33 140 122 105 88 71 54 38 23 14 23 139 122 104 87 70 52 35 18 0 18 140 122 105 88 71 54 38 23 14 23
63 137 118 79 94 89 94 41 53 52 99 103 105 74 95 82 128 123 52 123 125 132 114 83 55 88 78 85 79 67 89 102 65 76 68 87 121 123 88 63 192 178 165 152 141 131 122 116 112 110 184 170 156 143 130 119 110 103 98 96 177 162 148 134 120 108 98 90 85 83 171 155 140 125 111 98 87 77 71 69 166 150 134 118 103 89 76 65 58 55 162 145 129 112 96 81 67 54 45 42 159 142 125 108 91 75 59 45 33 28 157 140 122 105 88 71 54 38 23 14 156 139 122 104 87 70 52 35 18 0 157 140 122 105 88 71 54 38 23 14
127 107 131 113 106 103 123 140 164 120 84 127 121 106 115 108 125 116 139 122 127 105 124 109 164 74 106 124 130 119 92 125 137 102 123 97 133 121 116 145 129 130 133 138 145 154 164 176 188 201 115 116 119 125 133 143 154 166 179 192 100 102 106 112 121 132 144 156 170 184 86 88 93 100 110 122 134 148 162 177 72 74 80 88 99 112 126 140 156 171 58 60 67 77 90 104 119 134 150 166 43 47 55 68 82 97 113 129 145 162 29 34 45 60 75 91 108 125 142 159 15 23 38 54 71 88 105 122 140 157 0 18 35 52 70 87 104 122 139 156
112 100 121 99 93 89 111 124 148 104 72 116 110 92 103 95 117 107 123 113 118 97 114 95 149 58 92 111 116 104 79 113 122 87 108 83 123 112 103 130 130 128 129 132 138 145 154 164 175 187 116 114 115 119 125 133 142 153 165 178 102 100 101 105 112 121 131 143 156 170 88 86 87 92 100 110 121 134 148 162 74 72 73 79 88 99 112 126 140 155 60 57 60 67 77 90 104 118 134 150 47 43 46 55 67 82 97 112 129 145 34 29 34 45 60 75 91 108 125 142 23 15 23 38 54 71 88 105 122 140 18 0 18 35 52 70 87 104 122 139
98 97 113 86 83 78 100 108 133 88 61 106 101 78 92 82 110 101 108 106 111 93 106 83 134 44 79 99 103 90 67 104 108 73 94 71 116 105 91 116 133 129 128 129 132 137 144 153 163 175 119 115 114 115 118 124 132 142 153 165 106 101 99 101 105 112 121 131 143 156 93 87 85 87 92 99 109 121 134 148 80 73 71 73 79 88 99 112 126 140 67 60 57 60 67 77 90 104 118 134 55 46 43 46 55 67 81 97 112 129 45 34 29 34 45 60 75 91 108 125 38 23 15 23 38 54 71 88 105 122 35 18 0 18 35 52 70 87 104 122
85 96 107 76 74 69 91 93 118 73 55 99 94 66 84 72 106 97 94 102 107 92 100 73 119 31 67 89 92 78 58 96 95 61 81 62 110 101 82 103 138 132 129 127 128 131 137 144 153 163 125 119 115 113 114 118 124 132 141 152 112 105 101 99 100 105 111 120 131 143 100 92 87 85 87 91 99 109 121 134 88 79 73 71 73 79 88 99 112 125 77 67 60 57 59 66 77 89 103 118 68 55 46 43 46 55 67 81 97 112 60 45 34 29 33 45 59 75 91 108 54 38 23 15 23 38 54 71 88 105 52 35 18 0 18 35 52 70 87 104
73 98 104 67 70 63 85 78 104 60 53 94 90 57 78 64 105 96 81 100 105 94 97 66 105 26 59 81 83 67 53 91 84 53 71 56 107 100 75 91 145 138 132 128 127 127 131 136 143 152 133 125 118 114 113 114 117 123 131 141 121 112 105 100 99 100 104 111 120 130 110 100 92 87 85 86 91 99 109 120 99 88 79 73 71 73 78 87 99 111 90 77 67 59 57 59 66 77 89 103 82 67 55 46 43 46 55 67 81 96 75 60 45 33 29 33 45 59 75 91 71 54 38 23 15 23 38 54 71 88 70 52 35 18 0 18 35 52 70 87
65 104 104 63 69 62 82 65 92 49 57 92 89 52 77 61 107 98 69 102 106 99 97 63 93 32 55 77 77 60 54 89 75 49 63 56 107 101 72 81 154 145 137 131 127 126 127 130 135 143 143 133 124 118 114 112 113 117 123 131 132 121 112 105 100 98 99 104 110 119 122 110 99 91 86 84 86 91 98 108 112 99 88 79 73 70 72 78 87 98 104 90 77 66 59 56 59 66 76 89 97 82 67 55 46 42 46 55 67 81 91 75 60 45 33 28 33 45 59 75 88 71 54 38 23 14 23 38 54 71 87 70 52 35 18 0 18 35 52 70
60 112 107 64 73 66 83 55 81 42 66 93 91 53 79 63 112 104 61 106 110 107 100 65 82 44 57 76 75 57 60 91 69 51 60 61 110 106 73 74 164 154 144 137 131 127 125 126 130 135 154 142 132 124 117 113 112 113 116 122 144 131 121 111 104 99 98 99 103 110 134 121 109 99 91 86 84 85 90 98 126 112 99 88 78 72 70 72 78 87 119 104 90 77 66 59 56 59 66 76 113 97 81 67 55 46 42 46 54 67 108 91 75 59 45 33 28 33 45 59 105 88 71 54 38 23 14 23 38 54 104 87 70 52 35 18 0 18 35 52
60 121 112 69 80 73 87 48 73 42 77 97 97 59 85 69 119 111 57 113 117 117 106 71 74 58 64 79 77 59 69 95 67 59 62 70 115 113 79 70 176 164 153 144 136 130 126 125 126 129 166 153 142 132 123 117 113 111 112 116 156 143 131 120 111 104 99 97 99 103 148 134 121 109 99 91 85 83 85 90 140 126 112 99 87 78 72 70 72 77 134 118 104 89 77 66 59 56 58 65 129 112 97 81 67 55 46 42 45 54 125 108 91 75 59 45 33 28 33 45 122 105 88 71 54 38 23 14 23 38 122 104 87 70 52 35 18 0 18 35
65 133 120 77 90 84 95 47 68 49 91 105 105 69 93 78 127 121 58 122 125 128 115 80 69 74 74 86 82 67 82 103 70 70 68 81 123 122 87 71 188 175 163 153 143 135 130 126 124 125 179 165 153 141 131 123 116 112 110 112 170 156 143 131 120 110 103 99 97 98 162 148 134 121 109 98 90 85 83 85 156 140 126 112 99 87 78 72 69 71 150 134 118 103 89 76 66 58 55 58 145 129 112 97 81 67 54 45 42 45 142 125 108 91 75 59 45 33 28 33 140 122 105 88 71 54 38 23 14 23 139 122 104 87 70 52 35 18 0 18
74 145 129 88 102 97 105 52 67 60 105 114 115 81 104 90 138 132 64 133 135 141 125 92 68 91 86 95 90 77 96 113 77 83 78 95 132 133 98 75 201 187 175 163 152 143 135 129 125 124 192 178 165 152 141 131 122 116 112 110 184 170 156 143 130 119 110 103 98 96 177 162 148 134 120 108 98 90 85 83 171 155 140 125 111 98 87 77 71 69 166 150 134 118 103 89 76 65 58 55 162 145 129 112 96 81 67 54 45 42 159 142 125 108 91 75 59 45 33 28 157 140 122 105 88 71 54 38 23 14 156 139 122 104 87 70 52 35 18 0
