0 44 26 23 59 50 35 42 12 24 24 15 26 23 7 18 13 46 23 43 16 33 33 17 54 52 30 38 15 50 24 43 38 13 16 18 6 29 20 44 104 90 78 67 61 59 62 69 79 92 96 81 67 56 47 45 49 58 70 84 91 74 59 45 35 31 36 48 62 78 87 70 53 37 23 17 26 40 57 73 85 68 51 33 16 3 20 37 54 72 86 69 52 35 20 12 23 39 55 72 89 73 57 42 30 26 32 45 60 76 94 79 64 52 43 40 44 54 67 82 101 87 74 63 56 54 57 65 76 89 109 96 85 76 70 68 70 77 86 98
44 0 69 33 103 17 31 12 43 62 38 54 38 45 48 60 35 86 65 86 59 12 56 39 97 20 25 16 40 9 54 76 78 37 43 62 43 67 64 87 147 133 119 107 96 87 81 78 80 85 140 125 110 97 85 75 68 65 66 72 134 118 103 88 74 63 55 51 53 60 129 113 96 81 66 52 42 37 40 49 126 109 92 75 59 44 30 23 28 40 124 107 89 72 55 38 22 10 18 34 124 106 89 72 55 37 20 6 17 33 125 108 91 74 58 42 27 19 25 38 128 111 95 79 64 50 38 33 36 46 132 116 101 86 72 60 51 47 49 57
26 69 0 48 36 76 60 68 27 28 38 16 39 32 26 10 35 22 4 21 16 57 48 40 29 78 55 64 31 75 24 45 13 33 29 9 26 13 7 26 82 70 61 56 57 62 71 83 97 112 73 59 49 42 43 50 61 75 90 105 66 50 37 29 30 39 53 68 84 101 61 44 28 16 17 31 47 64 81 98 60 42 25 8 11 28 45 63 80 97 61 45 29 17 18 32 48 64 81 98 66 51 38 30 31 40 54 69 85 101 74 61 50 44 45 51 62 76 91 106 83 71 63 58 58 64 73 84 98 112 93 83 76 72 72 76 84 94 106 120
23 33 48 0 77 32 13 25 30 32 37 37 38 40 23 41 24 68 45 61 33 24 24 9 73 33 9 20 31 36 45 44 59 27 34 39 26 51 41 60 118 103 89 75 64 55 52 54 61 71 113 97 81 66 53 42 38 40 50 62 109 92 76 59 44 31 24 28 40 55 107 90 73 55 38 22 10 18 34 51 107 89 72 55 38 21 6 16 33 50 108 91 74 58 42 27 19 24 38 53 111 95 79 64 50 38 33 36 46 60 116 101 86 72 60 51 47 49 57 68 123 108 94 82 71 64 61 62 68 78 130 117 104 93 83 77 74 76 81 89
59 103 36 77 0 108 88 100 63 48 73 52 75 67 56 46 70 33 40 17 45 91 67 69 10 109 86 95 67 109 59 52 32 68 65 42 61 44 40 18 46 36 33 38 50 64 79 95 112 128 37 24 19 27 42 58 74 91 108 125 33 16 5 21 38 55 72 90 107 124 34 18 11 23 39 56 73 90 107 125 41 29 25 32 45 60 76 93 110 126 51 42 39 44 54 67 82 97 113 130 62 55 53 57 65 76 89 104 119 135 75 69 67 70 77 86 98 111 126 140 88 83 81 84 89 98 108 120 133 148 101 97 96 97 102 109 119 130 142 156
50 17 76 32 108 0 23 9 53 63 51 62 52 58 52 68 44 95 73 91 63 24 51 40 103 3 23 13 51 11 65 73 87 47 54 68 51 77 70 91 150 134 119 105 92 81 72 67 65 69 144 128 112 97 83 70 60 53 52 56 140 123 107 91 75 61 48 40 38 44 136 119 102 86 69 53 39 27 24 33 135 117 100 83 66 49 32 16 11 24 134 117 100 82 65 48 31 14 7 23 135 118 101 84 68 51 35 22 19 29 138 121 105 88 73 57 44 35 32 39 142 126 110 94 80 66 55 48 46 51 147 132 116 102 88 77 67 61 60 63
35 31 60 13 88 23 0 20 42 42 47 49 48 51 35 53 35 81 57 72 45 27 28 20 85 24 9 15 42 31 56 51 72 38 45 51 38 64 53 71 128 113 97 83 69 58 51 49 53 62 124 107 91 75 60 47 38 35 40 51 120 103 87 70 54 38 26 21 29 43 119 102 84 67 50 33 16 8 22 39 119 102 84 67 50 33 16 8 22 39 120 103 87 70 54 38 26 22 30 43 124 107 91 75 61 48 38 35 41 52 128 113 97 83 70 59 51 49 53 62 135 119 105 92 80 71 65 63 66 73 142 127 114 102 91 83 78 77 79 85
42 12 68 25 100 9 20 0 44 56 43 54 43 49 44 59 35 87 64 84 56 15 47 33 95 12 16 6 42 11 57 68 78 38 45 60 43 68 62 84 143 128 113 100 88 77 70 67 68 73 137 121 105 91 77 66 57 53 54 61 132 115 99 84 69 55 45 39 41 50 128 111 95 78 62 47 33 26 29 40 126 109 92 75 58 41 25 12 18 33 126 108 91 74 57 39 22 6 14 31 127 110 93 76 59 43 28 18 22 35 130 113 96 80 64 50 38 31 34 43 134 117 102 86 72 59 50 45 47 54 139 123 109 94 81 71 63 59 60 66
12 43 27 30 63 53 42 44 0 34 14 11 15 12 18 18 9 44 23 47 23 32 44 26 56 55 35 41 5 50 15 54 36 6 5 22 6 25 23 49 108 95 84 76 71 69 73 79 89 101 99 86 73 63 57 56 59 68 79 92 92 77 63 51 43 42 47 57 70 85 87 71 55 41 30 28 35 48 63 79 83 66 50 33 19 14 26 42 59 75 82 65 48 30 13 5 22 40 57 74 84 67 50 34 20 16 27 43 59 76 87 71 56 42 32 30 37 49 64 80 93 78 64 53 45 44 49 58 71 86 101 87 75 65 59 58 61 69 80 93
24 62 28 32 48 63 42 56 34 0 47 30 48 44 18 28 36 49 28 33 14 52 22 24 46 64 41 51 38 66 42 21 40 36 38 21 29 38 23 30 87 72 58 45 38 37 44 56 70 85 82 66 50 35 24 23 33 48 64 80 80 63 46 29 13 11 26 43 60 78 80 63 45 28 12 10 26 43 60 77 82 65 49 34 23 22 32 47 63 80 87 71 57 44 36 35 43 55 69 84 93 79 66 56 50 49 55 64 77 91 101 88 77 68 63 63 67 75 86 99 111 99 89 82 77 77 80 87 97 108 121 110 101 95 91 91 94 99 108 118
24 38 38 37 73 51 47 43 14 47 0 22 2 8 30 28 14 50 34 58 36 28 55 35 66 54 39 41 9 46 17 66 44 12 10 34 18 32 35 62 119 107 97 89 84 82 84 89 97 107 110 97 85 76 70 68 70 76 86 97 102 87 74 64 56 54 57 64 75 88 95 79 65 52 43 40 44 54 66 81 90 73 57 43 31 26 32 44 59 75 87 70 53 36 20 12 22 38 55 72 86 69 51 34 17 3 19 36 54 71 87 71 54 38 24 17 25 40 56 73 91 75 60 46 35 31 36 47 61 77 97 82 68 56 48 45 48 57 69 83
15 54 16 37 52 62 49 54 11 30 22 0 24 17 18 7 20 33 13 36 17 42 45 31 45 65 43 50 15 61 13 50 25 17 13 13 12 15 13 40 98 85 75 68 65 67 72 81 93 106 89 75 64 55 51 53 60 71 84 98 81 66 53 42 37 40 49 62 76 92 76 60 44 31 23 27 40 55 71 87 73 56 39 22 10 17 34 50 68 85 73 55 38 21 7 16 33 50 67 85 75 58 43 28 20 25 38 53 70 87 80 65 51 39 34 37 47 60 75 91 87 73 61 52 48 50 57 69 82 97 95 83 73 65 62 64 69 79 91 104
26 38 39 38 75 52 48 43 15 48 2 24 0 9 32 30 16 51 35 59 38 29 56 37 67 55 40 42 11 47 18 68 45 14 11 36 20 33 37 63 120 109 98 90 85 84 85 91 99 109 111 98 87 78 72 70 72 78 87 99 103 88 76 65 58 56 59 66 77 90 96 80 66 54 45 42 46 55 68 82 90 74 58 44 32 28 33 45 60 76 87 70 53 37 22 14 23 39 55 72 86 69 51 34 17 2 19 36 54 71 87 70 53 37 22 15 24 39 55 72 91 74 59 45 33 29 34 46 61 76 96 81 67 55 46 43 47 56 68 82
23 45 32 40 67 58 51 49 12 44 8 17 9 0 29 22 17 43 28 52 32 35 55 36 59 60 43 47 9 53 10 64 37 14 7 29 17 25 30 56 113 101 92 85 81 80 84 90 100 111 103 90 80 71 67 66 71 78 89 102 95 81 68 59 53 53 58 67 79 93 88 72 58 47 39 39 46 57 71 86 82 66 50 36 26 25 35 49 65 81 79 62 45 29 14 13 28 44 61 79 79 62 44 27 11 10 26 44 61 78 81 64 48 33 21 21 32 47 63 80 85 70 55 42 34 34 42 54 69 84 92 77 64 54 48 47 53 63 76 90
7 48 26 23 56 52 35 44 18 18 30 18 32 29 0 20 19 47 23 40 12 37 28 15 51 54 31 40 21 53 29 37 38 19 22 17 12 31 19 40 100 85 72 62 55 52 56 64 75 89 93 77 63 50 41 39 43 53 67 81 88 71 55 41 29 25 32 45 60 76 85 68 51 34 18 11 23 39 56 73 85 67 50 33 16 5 21 38 55 72 86 70 53 37 24 19 27 42 58 74 90 75 59 46 36 32 38 49 63 79 96 82 68 57 49 46 50 59 71 85 104 90 78 69 62 60 63 71 81 93 113 100 90 81 76 74 77 83 92 103
18 60 10 41 46 68 53 59 18 28 28 7 30 22 20 0 25 28 6 30 15 48 46 34 39 70 48 55 21 66 16 48 20 23 19 9 17 12 8 34 91 79 70 63 61 64 71 82 94 108 82 69 58 50 47 51 60 72 86 101 75 60 47 37 33 39 50 64 79 95 70 54 38 25 20 28 42 58 74 91 68 50 33 16 6 21 38 55 72 89 68 51 34 18 10 22 39 55 73 90 71 55 40 28 24 31 44 59 76 92 77 63 50 41 38 42 53 66 81 97 85 72 61 54 52 55 63 75 88 103 94 83 74 68 66 68 75 85 97 110
13 35 35 24 70 44 35 35 9 36 14 20 16 17 19 25 0 52 31 53 27 23 41 21 63 46 27 32 8 42 22 55 44 4 11 28 9 33 30 55 115 101 89 80 73 69 70 75 84 95 106 92 79 68 59 55 57 63 73 85 100 84 70 57 47 41 43 51 63 77 95 78 62 47 35 28 30 41 55 71 92 75 58 41 25 14 19 34 50 67 91 74 56 39 22 4 14 31 49 66 92 75 58 42 26 16 21 35 51 67 95 79 63 49 36 30 32 43 56 72 101 85 71 58 48 43 45 53 65 78 108 93 80 69 61 57 59 65 75 87
46 86 22 68 33 95 81 87 44 49 50 33 51 43 47 28 52 0 24 26 38 75 70 61 23 97 76 83 46 93 34 64 10 49 44 31 45 19 29 34 76 68 65 66 71 80 91 104 118 133 64 55 51 52 58 69 82 96 111 127 54 42 36 38 47 60 74 90 106 122 45 31 23 25 37 52 69 85 102 119 40 24 9 15 31 48 66 83 100 117 40 23 9 15 31 48 65 83 100 117 45 31 22 25 37 52 68 85 102 119 53 42 36 38 46 59 74 89 106 122 63 54 50 51 58 68 81 96 111 127 75 68 64 65 70 79 91 104 118 133
23 65 4 45 40 73 57 64 23 28 34 13 35 28 23 6 31 24 0 25 15 54 47 38 33 75 52 61 27 72 21 46 15 29 25 8 23 11 6 29 86 74 65 59 59 63 72 83 96 110 77 63 52 46 45 51 61 74 88 104 69 54 41 32 31 39 52 67 82 99 64 48 32 19 18 30 45 62 79 96 62 45 28 11 8 25 42 60 77 94 64 47 30 16 15 28 44 61 78 95 68 52 39 29 28 36 50 65 81 98 75 61 49 42 42 48 59 72 87 102 83 71 62 56 55 60 69 81 94 109 93 83 74 70 69 73 80 91 103 116
43 86 21 61 17 91 72 84 47 33 58 36 59 52 40 30 53 26 25 0 28 75 53 53 14 93 69 79 51 92 45 41 21 52 49 25 45 31 24 8 62 50 42 40 45 56 69 84 100 116 54 39 28 26 34 47 63 79 95 112 49 32 17 13 25 42 58 75 93 110 48 30 13 6 23 40 57 75 92 109 51 35 22 18 29 44 60 77 94 111 57 44 34 32 39 51 65 81 97 114 66 55 48 46 51 61 73 87 102 118 77 67 61 60 64 72 82 95 109 124 88 80 75 74 77 84 93 104 117 131 100 93 89 88 91 96 104 115 126 139
16 59 16 33 45 63 45 56 23 14 36 17 38 32 12 15 27 38 15 28 0 48 33 25 40 65 42 51 27 65 29 34 28 27 27 8 19 25 10 29 89 75 63 53 49 50 57 68 81 96 82 66 52 41 35 37 46 59 74 90 77 60 44 30 21 25 37 52 69 85 74 57 40 23 8 15 32 49 66 83 74 57 40 23 9 16 32 49 66 83 77 61 45 31 23 26 38 53 69 86 82 67 53 42 36 38 47 60 75 90 89 76 64 55 50 52 59 69 82 96 98 86 75 68 64 65 71 80 91 104 108 97 88 81 78 79 84 91 101 113
33 12 57 24 91 24 27 15 32 52 28 42 29 35 37 48 23 75 54 75 48 0 48 29 86 26 19 15 29 19 43 67 67 26 32 50 32 56 52 76 136 121 108 96 86 79 75 75 79 86 128 113 99 86 75 66 61 61 66 74 122 106 91 77 64 54 47 47 53 64 118 101 85 69 55 42 34 34 42 54 114 97 81 64 48 32 21 21 32 48 113 96 78 61 44 27 10 10 27 44 113 96 79 62 45 28 13 13 28 45 115 98 82 65 50 35 25 25 35 50 119 103 87 72 58 46 38 38 46 57 124 109 94 80 67 58 52 52 57 67
33 56 48 24 67 51 28 47 44 22 55 45 56 55 28 46 41 70 47 53 33 48 0 21 66 51 31 42 47 57 56 23 60 43 48 40 39 57 42 50 104 87 71 56 42 32 30 37 49 64 101 83 67 50 34 20 16 27 43 59 99 82 65 48 30 13 5 23 40 57 100 83 66 49 33 19 14 26 42 59 103 87 70 55 41 30 28 35 48 63 108 92 77 63 51 43 42 47 57 70 114 99 85 73 63 57 55 59 68 79 121 108 95 84 76 70 69 72 79 89 130 117 106 96 89 84 83 86 92 100 140 128 117 108 102 98 97 99 104 112
17 39 40 9 69 40 20 33 26 24 35 31 37 36 15 34 21 61 38 53 25 29 21 0 65 41 17 28 28 43 40 39 52 24 30 31 21 45 33 52 111 95 81 68 58 51 50 55 64 76 105 89 73 59 46 38 36 42 54 68 101 84 68 52 37 25 23 32 46 62 99 82 65 47 30 14 10 25 41 58 99 82 64 47 30 14 9 24 41 58 101 84 67 51 36 24 22 31 46 61 105 88 73 58 45 37 35 42 53 67 110 95 80 67 57 50 49 54 63 75 117 103 90 78 69 64 63 66 74 85 125 112 100 90 82 77 77 80 86 95
54 97 29 73 10 103 85 95 56 46 66 45 67 59 51 39 63 23 33 14 40 86 66 65 0 105 81 91 59 103 51 53 23 61 57 36 55 35 34 19 55 46 42 46 55 67 82 97 113 129 45 33 28 33 45 60 75 92 108 125 37 22 14 23 38 55 71 88 106 123 35 17 1 18 36 53 70 87 105 122 38 23 15 24 38 55 72 89 106 123 45 34 29 34 46 60 76 92 109 125 56 47 44 47 56 68 82 97 113 129 67 60 58 60 67 78 90 104 119 134 80 74 72 74 80 89 100 112 126 141 93 88 86 88 93 100 110 122 135 148
52 20 78 33 109 3 24 12 55 64 54 65 55 60 54 70 46 97 75 93 65 26 51 41 105 0 24 15 53 14 68 74 89 49 56 70 53 79 72 92 151 135 120 106 93 81 71 65 63 66 145 129 113 98 84 70 59 52 50 53 141 124 108 92 76 61 48 39 36 41 138 121 104 87 71 54 39 27 22 30 137 119 102 85 68 51 34 17 9 22 137 119 102 85 67 50 33 16 7 21 138 121 104 87 70 54 38 25 20 28 141 124 107 91 75 60 47 37 34 39 145 128 113 97 82 69 58 50 48 52 150 134 119 105 91 79 70 63 61 64
30 25 55 9 86 23 9 16 35 41 39 43 40 43 31 48 27 76 52 69 42 19 31 17 81 24 0 11 35 27 49 53 67 30 38 47 32 58 49 69 127 112 97 84 72 62 57 56 61 70 122 106 90 75 62 50 43 42 48 59 118 101 84 68 53 39 30 29 37 51 115 98 81 64 47 31 17 16 29 45 114 97 80 62 45 28 11 8 25 42 115 98 81 64 47 31 18 16 29 45 118 101 85 69 53 40 30 29 38 51 122 106 90 75 62 50 43 43 49 59 128 112 98 84 72 63 57 56 61 70 134 120 106 94 83 75 71 70 74 81
38 16 64 20 95 13 15 6 41 51 41 50 42 47 40 55 32 83 61 79 51 15 42 28 91 15 11 0 39 16 54 63 75 35 42 56 39 65 58 79 138 123 108 95 82 72 66 63 65 71 132 116 101 86 72 61 52 49 52 60 127 111 94 79 64 50 40 35 39 49 124 107 90 73 57 42 28 22 27 40 122 105 88 71 53 36 20 8 19 35 122 105 88 71 53 36 20 7 18 35 124 107 90 73 57 41 28 21 27 40 127 110 94 78 63 50 39 35 38 49 132 116 100 85 72 60 52 49 51 59 137 122 108 94 82 72 65 62 64 71
15 40 31 31 67 51 42 42 5 38 9 15 11 9 21 21 8 46 27 51 27 29 47 28 59 53 35 39 0 48 15 58 39 5 3 26 9 27 27 54 112 99 89 80 75 73 76 82 91 102 103 90 77 67 61 59 62 70 80 93 96 81 67 56 48 45 49 58 71 85 90 74 59 45 35 31 37 49 63 78 86 69 53 37 23 17 26 41 57 74 85 67 50 33 16 4 21 38 55 72 85 68 51 34 19 12 23 39 56 73 88 72 56 41 30 26 32 45 60 76 93 78 64 51 42 40 44 54 67 82 100 86 73 63 56 54 57 65 76 89
50 9 75 36 109 11 31 11 50 66 46 61 47 53 53 66 42 93 72 92 65 19 57 43 103 14 27 16 48 0 62 79 85 44 50 68 50 74 70 93 152 137 123 110 98 88 81 77 76 80 146 130 115 101 88 77 68 63 62 67 140 124 108 93 79 66 56 49 49 54 136 119 103 87 71 57 44 36 35 42 133 116 99 82 65 49 34 23 22 32 132 114 97 80 63 45 28 12 10 26 132 114 97 80 63 46 29 13 11 26 133 116 99 82 66 50 35 24 23 33 136 120 103 87 72 57 45 37 36 43 140 124 109 94 79 67 56 50 50 55
24 54 24 45 59 65 56 57 15 42 17 13 18 10 29 16 22 34 21 45 29 43 56 40 51 68 49 54 15 62 0 62 28 19 12 24 19 16 24 49 105 94 85 79 77 79 84 92 103 115 95 82 73 66 63 65 71 81 93 106 86 72 61 52 49 52 60 71 84 99 78 63 50 39 35 39 49 62 77 93 73 57 41 28 21 27 40 56 72 89 71 53 36 20 7 18 35 52 69 87 71 53 36 20 8 19 35 52 70 87 74 57 42 28 22 28 41 56 72 89 79 64 51 40 36 40 50 63 78 93 86 73 61 53 50 53 60 72 85 99
43 76 45 44 52 73 51 68 54 21 66 50 68 64 37 48 55 64 46 41 34 67 23 39 53 74 53 63 58 79 62 0 55 55 58 40 49 57 41 35 82 66 49 33 20 17 29 44 61 77 81 64 46 29 12 7 24 41 59 76 82 65 48 32 17 14 27 43 60 77 85 69 53 39 29 27 36 49 64 80 91 76 62 50 42 41 47 58 71 86 98 84 72 62 56 55 59 68 80 93 106 94 83 75 70 69 72 80 90 102 116 105 95 88 84 83 86 92 101 111 127 116 108 101 97 97 99 104 112 122 138 128 120 115 111 111 113 117 124 133
38 78 13 59 32 87 72 78 36 40 44 25 45 37 38 20 44 10 15 21 28 67 60 52 23 89 67 75 39 85 28 55 0 42 37 22 36 13 19 28 77 68 62 61 64 72 82 95 109 124 67 56 48 47 51 60 73 87 102 118 58 45 35 33 39 51 65 80 97 113 51 36 23 19 28 43 59 76 93 110 48 31 14 6 22 39 57 74 91 109 49 33 17 12 24 41 58 75 92 109 54 40 28 25 33 46 62 78 94 111 62 50 41 39 45 55 68 83 99 115 72 62 55 53 57 66 77 91 105 120 83 74 69 67 71 78 87 99 113 127
13 37 33 27 68 47 38 38 6 36 12 17 14 14 19 23 4 49 29 52 27 26 43 24 61 49 30 35 5 44 19 55 42 0 8 27 8 31 28 54 113 100 89 79 73 70 72 78 87 98 105 91 78 67 60 57 59 66 76 88 98 83 68 56 46 43 46 54 66 80 93 76 61 46 34 29 33 44 59 74 89 72 55 39 24 15 22 37 53 70 88 71 53 36 19 2 17 34 51 69 89 72 55 39 23 14 22 37 53 70 92 76 60 46 34 28 33 44 58 74 98 82 68 55 46 42 45 54 66 80 105 90 77 67 59 56 58 65 76 88
16 43 29 34 65 54 45 45 5 38 10 13 11 7 22 19 11 44 25 49 27 32 48 30 57 56 38 42 3 50 12 58 37 8 0 25 10 25 26 52 110 98 88 80 75 74 77 84 93 104 101 88 76 67 61 60 64 72 83 95 94 79 66 55 47 46 51 61 73 88 88 72 57 43 34 32 39 51 66 81 84 67 50 35 22 19 29 44 60 77 82 64 47 30 13 7 23 41 58 75 82 65 48 32 16 12 26 42 59 76 85 69 53 39 28 26 34 47 63 79 90 75 61 49 41 39 45 56 69 84 97 83 71 61 54 53 58 66 78 91
18 62 9 39 42 68 51 60 22 21 34 13 36 29 17 9 28 31 8 25 8 50 40 31 36 70 47 56 26 68 24 40 22 27 25 0 20 18 3 28 87 74 63 56 53 56 64 75 88 103 79 64 52 42 39 44 53 66 81 97 73 57 42 30 25 32 44 59 75 92 69 52 35 20 11 22 38 55 72 89 68 51 34 17 4 20 37 54 71 89 70 54 38 24 18 26 41 57 73 90 75 60 46 36 32 37 48 62 78 94 82 68 57 49 46 50 58 70 84 99 91 79 69 62 60 63 70 80 93 106 101 90 81 76 74 76 82 91 102 115
6 43 26 26 61 51 38 43 6 29 18 12 20 17 12 17 9 45 23 45 19 32 39 21 55 53 32 39 9 50 19 49 36 8 10 20 0 26 21 47 106 93 81 72 66 64 67 74 84 97 98 83 70 60 52 50 54 63 75 88 91 76 61 48 39 36 42 53 66 81 87 70 54 39 27 23 30 44 60 76 84 67 50 33 17 9 23 39 56 73 84 67 50 32 16 7 22 39 56 73 86 69 53 38 25 21 29 43 59 76 91 75 60 47 37 35 40 51 65 80 97 82 69 58 50 48 52 61 73 87 105 91 80 70 64 62 66 73 83 95
29 67 13 51 44 77 64 68 25 38 32 15 33 25 31 12 33 19 11 31 25 56 57 45 35 79 58 65 27 74 16 57 13 31 25 18 26 0 16 37 90 79 72 68 69 74 82 93 105 119 79 68 59 54 55 61 71 83 97 112 70 57 46 40 41 49 61 75 90 106 64 48 35 26 28 39 53 69 85 102 59 42 26 13 17 31 48 65 82 99 58 41 24 7 12 29 47 64 81 99 61 44 29 18 21 34 50 66 83 100 66 51 39 32 34 43 56 71 87 103 74 61 51 46 47 54 65 78 93 108 83 72 64 60 61 66 75 87 100 115
20 64 7 41 40 70 53 62 23 23 35 13 37 30 19 8 30 29 6 24 10 52 42 33 34 72 49 58 27 70 24 41 19 28 26 3 21 16 0 27 85 73 62 56 54 58 66 77 91 105 77 63 51 42 40 45 55 68 83 99 71 55 41 29 26 33 46 62 78 94 67 50 33 18 12 24 40 57 74 91 66 49 31 14 5 22 39 56 73 91 68 52 36 22 18 27 42 59 75 92 73 58 44 34 31 38 50 64 80 96 80 66 55 47 45 50 59 72 86 101 89 77 67 61 59 63 70 81 94 108 99 88 80 75 73 76 82 92 103 116
44 87 26 60 18 91 71 84 49 30 62 40 63 56 40 34 55 34 29 8 29 76 50 52 19 92 69 79 54 93 49 35 28 54 52 28 47 37 27 0 60 46 36 33 38 49 63 79 95 111 54 38 24 19 27 41 57 74 91 108 50 33 16 5 20 37 55 72 89 106 51 35 19 11 22 39 55 72 90 107 56 41 29 25 31 44 60 76 92 109 63 51 42 39 43 53 66 81 97 113 73 62 55 53 56 64 75 89 103 118 84 75 69 67 70 76 86 97 111 125 96 88 83 81 83 89 97 107 120 133 108 101 96 95 97 102 109 118 129 142
104 147 82 118 46 150 128 143 108 87 119 98 120 113 100 91 115 76 86 62 89 136 104 111 55 151 127 138 112 152 105 82 77 113 110 87 106 90 85 60 0 18 35 52 70 87 104 122 139 156 15 23 38 54 71 88 105 122 140 157 29 34 45 60 75 91 108 125 142 159 43 47 55 68 82 97 113 129 145 162 58 60 67 77 90 104 119 134 150 166 72 74 80 88 99 112 126 140 156 171 86 88 93 100 110 122 134 148 162 177 100 102 106 112 121 132 144 156 170 184 115 116 119 125 133 143 154 166 179 192 129 130 133 138 145 154 164 176 188 201
90 133 70 103 36 134 113 128 95 72 107 85 109 101 85 79 101 68 74 50 75 121 87 95 46 135 112 123 99 137 94 66 68 100 98 74 93 79 73 46 18 0 18 35 52 70 87 104 122 139 23 15 23 38 54 71 88 105 122 140 34 29 34 45 60 75 91 108 125 142 47 43 46 55 67 82 97 112 129 145 60 57 60 67 77 90 104 118 134 150 74 72 73 79 88 99 112 126 140 155 88 86 87 92 100 110 121 134 148 162 102 100 101 105 112 121 131 143 156 170 116 114 115 119 125 133 142 153 165 178 130 128 129 132 138 145 154 164 175 187
78 119 61 89 33 119 97 113 84 58 97 75 98 92 72 70 89 65 65 42 63 108 71 81 42 120 97 108 89 123 85 49 62 89 88 63 81 72 62 36 35 18 0 18 35 52 70 87 104 122 38 23 15 23 38 54 71 88 105 122 45 34 29 34 45 60 75 91 108 125 55 46 43 46 55 67 81 97 112 129 67 60 57 60 67 77 90 104 118 134 80 73 71 73 79 88 99 112 126 140 93 87 85 87 92 99 109 121 134 148 106 101 99 101 105 112 121 131 143 156 119 115 114 115 118 124 132 142 153 165 133 129 128 129 132 137 144 153 163 175
67 107 56 75 38 105 83 100 76 45 89 68 90 85 62 63 80 66 59 40 53 96 56 68 46 106 84 95 80 110 79 33 61 79 80 56 72 68 56 33 52 35 18 0 18 35 52 70 87 104 54 38 23 15 23 38 54 71 88 105 60 45 34 29 33 45 59 75 91 108 68 55 46 43 46 55 67 81 97 112 77 67 60 57 59 66 77 89 103 118 88 79 73 71 73 79 88 99 112 125 100 92 87 85 87 91 99 109 121 134 112 105 101 99 100 105 111 120 131 143 125 119 115 113 114 118 124 132 141 152 138 132 129 127 128 131 137 144 153 163
61 96 57 64 50 92 69 88 71 38 84 65 85 81 55 61 73 71 59 45 49 86 42 58 55 93 72 82 75 98 77 20 64 73 75 53 66 69 54 38 70 52 35 18 0 18 35 52 70 87 71 54 38 23 15 23 38 54 71 88 75 60 45 33 29 33 45 59 75 91 82 67 55 46 43 46 55 67 81 96 90 77 67 59 57 59 66 77 89 103 99 88 79 73 71 73 78 87 99 111 110 100 92 87 85 86 91 99 109 120 121 112 105 100 99 100 104 111 120 130 133 125 118 114 113 114 117 123 131 141 145 138 132 128 127 127 131 136 143 152
59 87 62 55 64 81 58 77 69 37 82 67 84 80 52 64 69 80 63 56 50 79 32 51 67 81 62 72 73 88 79 17 72 70 74 56 64 74 58 49 87 70 52 35 18 0 18 35 52 70 88 71 54 38 23 14 23 38 54 71 91 75 60 45 33 28 33 45 59 75 97 82 67 55 46 42 46 55 67 81 104 90 77 66 59 56 59 66 76 89 112 99 88 79 73 70 72 78 87 98 122 110 99 91 86 84 86 91 98 108 132 121 112 105 100 98 99 104 110 119 143 133 124 118 114 112 113 117 123 131 154 145 137 131 127 126 127 130 135 143
62 81 71 52 79 72 51 70 73 44 84 72 85 84 56 71 70 91 72 69 57 75 30 50 82 71 57 66 76 81 84 29 82 72 77 64 67 82 66 63 104 87 70 52 35 18 0 18 35 52 105 88 71 54 38 23 14 23 38 54 108 91 75 59 45 33 28 33 45 59 113 97 81 67 55 46 42 46 54 67 119 104 90 77 66 59 56 59 66 76 126 112 99 88 78 72 70 72 78 87 134 121 109 99 91 86 84 85 90 98 144 131 121 111 104 99 98 99 103 110 154 142 132 124 117 113 112 113 116 122 164 154 144 137 131 127 125 126 130 135
69 78 83 54 95 67 49 67 79 56 89 81 91 90 64 82 75 104 83 84 68 75 37 55 97 65 56 63 82 77 92 44 95 78 84 75 74 93 77 79 122 104 87 70 52 35 18 0 18 35 122 105 88 71 54 38 23 14 23 38 125 108 91 75 59 45 33 28 33 45 129 112 97 81 67 55 46 42 45 54 134 118 104 89 77 66 59 56 58 65 140 126 112 99 87 78 72 70 72 77 148 134 121 109 99 91 85 83 85 90 156 143 131 120 111 104 99 97 99 103 166 153 142 132 123 117 113 111 112 116 176 164 153 144 136 130 126 125 126 129
79 80 97 61 112 65 53 68 89 70 97 93 99 100 75 94 84 118 96 100 81 79 49 64 113 63 61 65 91 76 103 61 109 87 93 88 84 105 91 95 139 122 104 87 70 52 35 18 0 18 140 122 105 88 71 54 38 23 14 23 142 125 108 91 75 59 45 33 28 33 145 129 112 97 81 67 54 45 42 45 150 134 118 103 89 76 66 58 55 58 156 140 126 112 99 87 78 72 69 71 162 148 134 121 109 98 90 85 83 85 170 156 143 131 120 110 103 99 97 98 179 165 153 141 131 123 116 112 110 112 188 175 163 153 143 135 130 126 124 125
92 85 112 71 128 69 62 73 101 85 107 106 109 111 89 108 95 133 110 116 96 86 64 76 129 66 70 71 102 80 115 77 124 98 104 103 97 119 105 111 156 139 122 104 87 70 52 35 18 0 157 140 122 105 88 71 54 38 23 14 159 142 125 108 91 75 59 45 33 28 162 145 129 112 96 81 67 54 45 42 166 150 134 118 103 89 76 65 58 55 171 155 140 125 111 98 87 77 71 69 177 162 148 134 120 108 98 90 85 83 184 170 156 143 130 119 110 103 98 96 192 178 165 152 141 131 122 116 112 110 201 187 175 163 152 143 135 129 125 124
96 140 73 113 37 144 124 137 99 82 110 89 111 103 93 82 106 64 77 54 82 128 101 105 45 145 122 132 103 146 95 81 67 105 101 79 98 79 77 54 15 23 38 54 71 88 105 122 140 157 0 18 35 52 70 87 104 122 139 156 15 23 38 54 71 88 105 122 140 157 29 34 45 60 75 91 108 125 142 159 43 47 55 68 82 97 113 129 145 162 58 60 67 77 90 104 119 134 150 166 72 74 80 88 99 112 126 140 156 171 86 88 93 100 110 122 134 148 162 177 100 102 106 112 121 132 144 156 170 184 115 116 119 125 133 143 154 166 179 192
81 125 59 97 24 128 107 121 86 66 97 75 98 90 77 69 92 55 63 39 66 113 83 89 33 129 106 116 90 130 82 64 56 91 88 64 83 68 63 38 23 15 23 38 54 71 88 105 122 140 18 0 18 35 52 70 87 104 122 139 23 15 23 38 54 71 88 105 122 140 34 29 34 45 60 75 91 108 125 142 47 43 46 55 67 82 97 112 129 145 60 57 60 67 77 90 104 118 134 150 74 72 73 79 88 99 112 126 140 155 88 86 87 92 100 110 121 134 148 162 102 100 101 105 112 121 131 143 156 170 116 114 115 119 125 133 142 153 165 178
67 110 49 81 19 112 91 105 73 50 85 64 87 80 63 58 79 51 52 28 52 99 67 73 28 113 90 101 77 115 73 46 48 78 76 52 70 59 51 24 38 23 15 23 38 54 71 88 105 122 35 18 0 18 35 52 70 87 104 122 38 23 15 23 38 54 71 88 105 122 45 34 29 34 45 60 75 91 108 125 55 46 43 46 55 67 81 97 112 129 67 60 57 60 67 77 90 104 118 134 80 73 71 73 79 88 99 112 126 140 93 87 85 87 92 99 109 121 134 148 106 101 99 101 105 112 121 131 143 156 119 115 114 115 118 124 132 142 153 165
56 97 42 66 27 97 75 91 63 35 76 55 78 71 50 50 68 52 46 26 41 86 50 59 33 98 75 86 67 101 66 29 47 67 67 42 60 54 42 19 54 38 23 15 23 38 54 71 88 105 52 35 18 0 18 35 52 70 87 104 54 38 23 15 23 38 54 71 88 105 60 45 34 29 33 45 59 75 91 108 68 55 46 43 46 55 67 81 97 112 77 67 60 57 59 66 77 89 103 118 88 79 73 71 73 79 88 99 112 125 100 92 87 85 87 91 99 109 121 134 112 105 101 99 100 105 111 120 131 143 125 119 115 113 114 118 124 132 141 152
47 85 43 53 42 83 60 77 57 24 70 51 72 67 41 47 59 58 45 34 35 75 34 46 45 84 62 72 61 88 63 12 51 60 61 39 52 55 40 27 71 54 38 23 15 23 38 54 71 88 70 52 35 18 0 18 35 52 70 87 71 54 38 23 15 23 38 54 71 88 75 60 45 33 29 33 45 59 75 91 82 67 55 46 43 46 55 67 81 96 90 77 67 59 57 59 66 77 89 103 99 88 79 73 71 73 78 87 99 111 110 100 92 87 85 86 91 99 109 120 121 112 105 100 99 100 104 111 120 130 133 125 118 114 113 114 117 123 131 141
45 75 50 42 58 70 47 66 56 23 68 53 70 66 39 51 55 69 51 47 37 66 20 38 60 70 50 61 59 77 65 7 60 57 60 44 50 61 45 41 88 71 54 38 23 14 23 38 54 71 87 70 52 35 18 0 18 35 52 70 88 71 54 38 23 14 23 38 54 71 91 75 60 45 33 28 33 45 59 75 97 82 67 55 46 42 46 55 67 81 104 90 77 66 59 56 59 66 76 89 112 99 88 79 73 70 72 78 87 98 122 110 99 91 86 84 86 91 98 108 132 121 112 105 100 98 99 104 110 119 143 133 124 118 114 112 113 117 123 131
49 68 61 38 74 60 38 57 59 33 70 60 72 71 43 60 57 82 61 63 46 61 16 36 75 59 43 52 62 68 71 24 73 59 64 53 54 71 55 57 105 88 71 54 38 23 14 23 38 54 104 87 70 52 35 18 0 18 35 52 105 88 71 54 38 23 14 23 38 54 108 91 75 59 45 33 28 33 45 59 113 97 81 67 55 46 42 46 54 67 119 104 90 77 66 59 56 59 66 76 126 112 99 88 78 72 70 72 78 87 134 121 109 99 91 86 84 85 90 98 144 131 121 111 104 99 98 99 103 110 154 142 132 124 117 113 112 113 116 122
58 65 75 40 91 53 35 53 68 48 76 71 78 78 53 72 63 96 74 79 59 61 27 42 92 52 42 49 70 63 81 41 87 66 72 66 63 83 68 74 122 105 88 71 54 38 23 14 23 38 122 104 87 70 52 35 18 0 18 35 122 105 88 71 54 38 23 14 23 38 125 108 91 75 59 45 33 28 33 45 129 112 97 81 67 55 46 42 45 54 134 118 104 89 77 66 59 56 58 65 140 126 112 99 87 78 72 70 72 77 148 134 121 109 99 91 85 83 85 90 156 143 131 120 111 104 99 97 99 103 166 153 142 132 123 117 113 111 112 116
70 66 90 50 108 52 40 54 79 64 86 84 87 89 67 86 73 111 88 95 74 66 43 54 108 50 48 52 80 62 93 59 102 76 83 81 75 97 83 91 140 122 105 88 71 54 38 23 14 23 139 122 104 87 70 52 35 18 0 18 140 122 105 88 71 54 38 23 14 23 142 125 108 91 75 59 45 33 28 33 145 129 112 97 81 67 54 45 42 45 150 134 118 103 89 76 66 58 55 58 156 140 126 112 99 87 78 72 69 71 162 148 134 121 109 98 90 85 83 85 170 156 143 131 120 110 103 99 97 98 179 165 153 141 131 123 116 112 110 112
84 72 105 62 125 56 51 61 92 80 97 98 99 102 81 101 85 127 104 112 90 74 59 68 125 53 59 60 93 67 106 76 118 88 95 97 88 112 99 108 157 140 122 105 88 71 54 38 23 14 156 139 122 104 87 70 52 35 18 0 157 140 122 105 88 71 54 38 23 14 159 142 125 108 91 75 59 45 33 28 162 145 129 112 96 81 67 54 45 42 166 150 134 118 103 89 76 65 58 55 171 155 140 125 111 98 87 77 71 69 177 162 148 134 120 108 98 90 85 83 184 170 156 143 130 119 110 103 98 96 192 178 165 152 141 131 122 116 112 110
91 134 66 109 33 140 120 132 92 80 102 81 103 95 88 75 100 54 69 49 77 122 99 101 37 141 118 127 96 140 86 82 58 98 94 73 91 70 71 50 29 34 45 60 75 91 108 125 142 159 15 23 38 54 71 88 105 122 140 157 0 18 35 52 70 87 104 122 139 156 15 23 38 54 71 88 105 122 140 157 29 34 45 60 75 91 108 125 142 159 43 47 55 68 82 97 113 129 145 162 58 60 67 77 90 104 119 134 150 166 72 74 80 88 99 112 126 140 156 171 86 88 93 100 110 122 134 148 162 177 100 102 106 112 121 132 144 156 170 184
74 118 50 92 16 123 103 115 77 63 87 66 88 81 71 60 84 42 54 32 60 106 82 84 22 124 101 111 81 124 72 65 45 83 79 57 76 57 55 33 34 29 34 45 60 75 91 108 125 142 23 15 23 38 54 71 88 105 122 140 18 0 18 35 52 70 87 104 122 139 23 15 23 38 54 71 88 105 122 140 34 29 34 45 60 75 91 108 125 142 47 43 46 55 67 82 97 112 129 145 60 57 60 67 77 90 104 118 134 150 74 72 73 79 88 99 112 126 140 155 88 86 87 92 100 110 121 134 148 162 102 100 101 105 112 121 131 143 156 170
59 103 37 76 5 107 87 99 63 46 74 53 76 68 55 47 70 36 41 17 44 91 65 68 14 108 84 94 67 108 61 48 35 68 66 42 61 46 41 16 45 34 29 34 45 60 75 91 108 125 38 23 15 23 38 54 71 88 105 122 35 18 0 18 35 52 70 87 104 122 38 23 15 23 38 54 71 88 105 122 45 34 29 34 45 60 75 91 108 125 55 46 43 46 55 67 81 97 112 129 67 60 57 60 67 77 90 104 118 134 80 73 71 73 79 88 99 112 126 140 93 87 85 87 92 99 109 121 134 148 106 101 99 101 105 112 121 131 143 156
45 88 29 59 21 91 70 84 51 29 64 42 65 59 41 37 57 38 32 13 30 77 48 52 23 92 68 79 56 93 52 32 33 56 55 30 48 40 29 5 60 45 34 29 33 45 59 75 91 108 54 38 23 15 23 38 54 71 88 105 52 35 18 0 18 35 52 70 87 104 54 38 23 15 23 38 54 71 88 105 60 45 34 29 33 45 59 75 91 108 68 55 46 43 46 55 67 81 97 112 77 67 60 57 59 66 77 89 103 118 88 79 73 71 73 79 88 99 112 125 100 92 87 85 87 91 99 109 121 134 112 105 101 99 100 105 111 120 131 143
35 74 30 44 38 75 54 69 43 13 56 37 58 53 29 33 47 47 31 25 21 64 30 37 38 76 53 64 48 79 49 17 39 46 47 25 39 41 26 20 75 60 45 33 29 33 45 59 75 91 71 54 38 23 15 23 38 54 71 88 70 52 35 18 0 18 35 52 70 87 71 54 38 23 15 23 38 54 71 88 75 60 45 33 29 33 45 59 75 91 82 67 55 46 43 46 55 67 81 96 90 77 67 59 57 59 66 77 89 103 99 88 79 73 71 73 78 87 99 111 110 100 92 87 85 86 91 99 109 120 121 112 105 100 99 100 104 111 120 130
31 63 39 31 55 61 38 55 42 11 54 40 56 53 25 39 41 60 39 42 25 54 13 25 55 61 39 50 45 66 52 14 51 43 46 32 36 49 33 37 91 75 60 45 33 28 33 45 59 75 88 71 54 38 23 14 23 38 54 71 87 70 52 35 18 0 18 35 52 70 88 71 54 38 23 14 23 38 54 71 91 75 60 45 33 28 33 45 59 75 97 82 67 55 46 42 46 55 67 81 104 90 77 66 59 56 59 66 76 89 112 99 88 79 73 70 72 78 87 98 122 110 99 91 86 84 86 91 98 108 132 121 112 105 100 98 99 104 110 119
36 55 53 24 72 48 26 45 47 26 57 49 59 58 32 50 43 74 52 58 37 47 5 23 71 48 30 40 49 56 60 27 65 46 51 44 42 61 46 55 108 91 75 59 45 33 28 33 45 59 105 88 71 54 38 23 14 23 38 54 104 87 70 52 35 18 0 18 35 52 105 88 71 54 38 23 14 23 38 54 108 91 75 59 45 33 28 33 45 59 113 97 81 67 55 46 42 46 54 67 119 104 90 77 66 59 56 59 66 76 126 112 99 88 78 72 70 72 78 87 134 121 109 99 91 86 84 85 90 98 144 131 121 111 104 99 98 99 103 110
48 51 68 28 90 40 21 39 57 43 64 62 66 67 45 64 51 90 67 75 52 47 23 32 88 39 29 35 58 49 71 43 80 54 61 59 53 75 62 72 125 108 91 75 59 45 33 28 33 45 122 105 88 71 54 38 23 14 23 38 122 104 87 70 52 35 18 0 18 35 122 105 88 71 54 38 23 14 23 38 125 108 91 75 59 45 33 28 33 45 129 112 97 81 67 55 46 42 45 54 134 118 104 89 77 66 59 56 58 65 140 126 112 99 87 78 72 70 72 77 148 134 121 109 99 91 85 83 85 90 156 143 131 120 111 104 99 97 99 103
62 53 84 40 107 38 29 41 70 60 75 76 77 79 60 79 63 106 82 93 69 53 40 46 106 36 37 39 71 49 84 60 97 66 73 75 66 90 78 89 142 125 108 91 75 59 45 33 28 33 140 122 105 88 71 54 38 23 14 23 139 122 104 87 70 52 35 18 0 18 140 122 105 88 71 54 38 23 14 23 142 125 108 91 75 59 45 33 28 33 145 129 112 97 81 67 54 45 42 45 150 134 118 103 89 76 66 58 55 58 156 140 126 112 99 87 78 72 69 71 162 148 134 121 109 98 90 85 83 85 170 156 143 131 120 110 103 99 97 98
78 60 101 55 124 44 43 50 85 78 88 92 90 93 76 95 77 122 99 110 85 64 57 62 123 41 51 49 85 54 99 77 113 80 88 92 81 106 94 106 159 142 125 108 91 75 59 45 33 28 157 140 122 105 88 71 54 38 23 14 156 139 122 104 87 70 52 35 18 0 157 140 122 105 88 71 54 38 23 14 159 142 125 108 91 75 59 45 33 28 162 145 129 112 96 81 67 54 45 42 166 150 134 118 103 89 76 65 58 55 171 155 140 125 111 98 87 77 71 69 177 162 148 134 120 108 98 90 85 83 184 170 156 143 130 119 110 103 98 96
87 129 61 107 34 136 119 128 87 80 95 76 96 88 85 70 95 45 64 48 74 118 100 99 35 138 115 124 90 136 78 85 51 93 88 69 87 64 67 51 43 47 55 68 82 97 113 129 145 162 29 34 45 60 75 91 108 125 142 159 15 23 38 54 71 88 105 122 140 157 0 18 35 52 70 87 104 122 139 156 15 23 38 54 71 88 105 122 140 157 29 34 45 60 75 91 108 125 142 159 43 47 55 68 82 97 113 129 145 162 58 60 67 77 90 104 119 134 150 166 72 74 80 88 99 112 126 140 156 171 86 88 93 100 110 122 134 148 162 177
70 113 44 90 18 119 102 111 71 63 79 60 80 72 68 54 78 31 48 30 57 101 83 82 17 121 98 107 74 119 63 69 36 76 72 52 70 48 50 35 47 43 46 55 67 82 97 112 129 145 34 29 34 45 60 75 91 108 125 142 23 15 23 38 54 71 88 105 122 140 18 0 18 35 52 70 87 104 122 139 23 15 23 38 54 71 88 105 122 140 34 29 34 45 60 75 91 108 125 142 47 43 46 55 67 82 97 112 129 145 60 57 60 67 77 90 104 118 134 150 74 72 73 79 88 99 112 126 140 155 88 86 87 92 100 110 121 134 148 162
53 96 28 73 11 102 84 95 55 45 65 44 66 58 51 38 62 23 32 13 40 85 66 65 1 104 81 90 59 103 50 53 23 61 57 35 54 35 33 19 55 46 43 46 55 67 81 97 112 129 45 34 29 34 45 60 75 91 108 125 38 23 15 23 38 54 71 88 105 122 35 18 0 18 35 52 70 87 104 122 38 23 15 23 38 54 71 88 105 122 45 34 29 34 45 60 75 91 108 125 55 46 43 46 55 67 81 97 112 129 67 60 57 60 67 77 90 104 118 134 80 73 71 73 79 88 99 112 126 140 93 87 85 87 92 99 109 121 134 148
37 81 16 55 23 86 67 78 41 28 52 31 54 47 34 25 47 25 19 6 23 69 49 47 18 87 64 73 45 87 39 39 19 46 43 20 39 26 18 11 68 55 46 43 46 55 67 81 97 112 60 45 34 29 33 45 59 75 91 108 54 38 23 15 23 38 54 71 88 105 52 35 18 0 18 35 52 70 87 104 54 38 23 15 23 38 54 71 88 105 60 45 34 29 33 45 59 75 91 108 68 55 46 43 46 55 67 81 97 112 77 67 60 57 59 66 77 89 103 118 88 79 73 71 73 79 88 99 112 125 100 92 87 85 87 91 99 109 121 134
23 66 17 38 39 69 50 62 30 12 43 23 45 39 18 20 35 37 18 23 8 55 33 30 36 71 47 57 35 71 35 29 28 34 34 11 27 28 12 22 82 67 55 46 43 46 55 67 81 96 75 60 45 33 29 33 45 59 75 91 71 54 38 23 15 23 38 54 71 88 70 52 35 18 0 18 35 52 70 87 71 54 38 23 15 23 38 54 71 88 75 60 45 33 29 33 45 59 75 91 82 67 55 46 43 46 55 67 81 96 90 77 67 59 57 59 66 77 89 103 99 88 79 73 71 73 78 87 99 111 110 100 92 87 85 86 91 99 109 120
17 52 31 22 56 53 33 47 28 10 40 27 42 39 11 28 28 52 30 40 15 42 19 14 53 54 31 42 31 57 39 27 43 29 32 22 23 39 24 39 97 82 67 55 46 42 46 55 67 81 91 75 60 45 33 28 33 45 59 75 88 71 54 38 23 14 23 38 54 71 87 70 52 35 18 0 18 35 52 70 88 71 54 38 23 14 23 38 54 71 91 75 60 45 33 28 33 45 59 75 97 82 67 55 46 42 46 55 67 81 104 90 77 66 59 56 59 66 76 89 112 99 88 79 73 70 72 78 87 98 122 110 99 91 86 84 86 91 98 108
26 42 47 10 73 39 16 33 35 26 44 40 46 46 23 42 30 69 45 57 32 34 14 10 70 39 17 28 37 44 49 36 59 33 39 38 30 53 40 55 113 97 81 67 55 46 42 46 54 67 108 91 75 59 45 33 28 33 45 59 105 88 71 54 38 23 14 23 38 54 104 87 70 52 35 18 0 18 35 52 105 88 71 54 38 23 14 23 38 54 108 91 75 59 45 33 28 33 45 59 113 97 81 67 55 46 42 46 54 67 119 104 90 77 66 59 56 59 66 76 126 112 99 88 78 72 70 72 78 87 134 121 109 99 91 86 84 85 90 98
40 37 64 18 90 27 8 26 48 43 54 55 55 57 39 58 41 85 62 75 49 34 26 25 87 27 16 22 49 36 62 49 76 44 51 55 44 69 57 72 129 112 97 81 67 55 46 42 45 54 125 108 91 75 59 45 33 28 33 45 122 105 88 71 54 38 23 14 23 38 122 104 87 70 52 35 18 0 18 35 122 105 88 71 54 38 23 14 23 38 125 108 91 75 59 45 33 28 33 45 129 112 97 81 67 55 46 42 45 54 134 118 104 89 77 66 59 56 58 65 140 126 112 99 87 78 72 70 72 77 148 134 121 109 99 91 85 83 85 90
57 40 81 34 107 24 22 29 63 60 66 71 68 71 56 74 55 102 79 92 66 42 42 41 105 22 29 27 63 35 77 64 93 59 66 72 60 85 74 90 145 129 112 97 81 67 54 45 42 45 142 125 108 91 75 59 45 33 28 33 140 122 105 88 71 54 38 23 14 23 139 122 104 87 70 52 35 18 0 18 140 122 105 88 71 54 38 23 14 23 142 125 108 91 75 59 45 33 28 33 145 129 112 97 81 67 54 45 42 45 150 134 118 103 89 76 66 58 55 58 156 140 126 112 99 87 78 72 69 71 162 148 134 121 109 98 90 85 83 85
73 49 98 51 125 33 39 40 79 77 81 87 82 86 73 91 71 119 96 109 83 54 59 58 122 30 45 40 78 42 93 80 110 74 81 89 76 102 91 107 162 145 129 112 96 81 67 54 45 42 159 142 125 108 91 75 59 45 33 28 157 140 122 105 88 71 54 38 23 14 156 139 122 104 87 70 52 35 18 0 157 140 122 105 88 71 54 38 23 14 159 142 125 108 91 75 59 45 33 28 162 145 129 112 96 81 67 54 45 42 166 150 134 118 103 89 76 65 58 55 171 155 140 125 111 98 87 77 71 69 177 162 148 134 120 108 98 90 85 83
85 126 60 107 41 135 119 126 83 82 90 73 90 82 85 68 92 40 62 51 74 114 103 99 38 137 114 122 86 133 73 91 48 89 84 68 84 59 66 56 58 60 67 77 90 104 119 134 150 166 43 47 55 68 82 97 113 129 145 162 29 34 45 60 75 91 108 125 142 159 15 23 38 54 71 88 105 122 140 157 0 18 35 52 70 87 104 122 139 156 15 23 38 54 71 88 105 122 140 157 29 34 45 60 75 91 108 125 142 159 43 47 55 68 82 97 113 129 145 162 58 60 67 77 90 104 119 134 150 166 72 74 80 88 99 112 126 140 156 171
68 109 42 89 29 117 102 109 66 65 73 56 74 66 67 50 75 24 45 35 57 97 87 82 23 119 97 105 69 116 57 76 31 72 67 51 67 42 49 41 60 57 60 67 77 90 104 118 134 150 47 43 46 55 67 82 97 112 129 145 34 29 34 45 60 75 91 108 125 142 23 15 23 38 54 71 88 105 122 140 18 0 18 35 52 70 87 104 122 139 23 15 23 38 54 71 88 105 122 140 34 29 34 45 60 75 91 108 125 142 47 43 46 55 67 82 97 112 129 145 60 57 60 67 77 90 104 118 134 150 74 72 73 79 88 99 112 126 140 155
51 92 25 72 25 100 84 92 50 49 57 39 58 50 50 33 58 9 28 22 40 81 70 64 15 102 80 88 53 99 41 62 14 55 50 34 50 26 31 29 67 60 57 60 67 77 90 104 118 134 55 46 43 46 55 67 81 97 112 129 45 34 29 34 45 60 75 91 108 125 38 23 15 23 38 54 71 88 105 122 35 18 0 18 35 52 70 87 104 122 38 23 15 23 38 54 71 88 105 122 45 34 29 34 45 60 75 91 108 125 55 46 43 46 55 67 81 97 112 129 67 60 57 60 67 77 90 104 118 134 80 73 71 73 79 88 99 112 126 140
33 75 8 55 32 83 67 75 33 34 43 22 44 36 33 16 41 15 11 18 23 64 55 47 24 85 62 71 37 82 28 50 6 39 35 17 33 13 14 25 77 67 60 57 59 66 77 89 103 118 68 55 46 43 46 55 67 81 97 112 60 45 34 29 33 45 59 75 91 108 54 38 23 15 23 38 54 71 88 105 52 35 18 0 18 35 52 70 87 104 54 38 23 15 23 38 54 71 88 105 60 45 34 29 33 45 59 75 91 108 68 55 46 43 46 55 67 81 97 112 77 67 60 57 59 66 77 89 103 118 88 79 73 71 73 79 88 99 112 125
16 59 11 38 45 66 50 58 19 23 31 10 32 26 16 6 25 31 8 29 9 48 41 30 38 68 45 53 23 65 21 42 22 24 22 4 17 17 5 31 90 77 67 59 57 59 66 77 89 103 82 67 55 46 43 46 55 67 81 96 75 60 45 33 29 33 45 59 75 91 71 54 38 23 15 23 38 54 71 88 70 52 35 18 0 18 35 52 70 87 71 54 38 23 15 23 38 54 71 88 75 60 45 33 29 33 45 59 75 91 82 67 55 46 43 46 55 67 81 96 90 77 67 59 57 59 66 77 89 103 99 88 79 73 71 73 78 87 99 111
3 44 28 21 60 49 33 41 14 22 26 17 28 25 5 21 14 48 25 44 16 32 30 14 55 51 28 36 17 49 27 41 39 15 19 20 9 31 22 44 104 90 77 66 59 56 59 66 76 89 97 82 67 55 46 42 46 55 67 81 91 75 60 45 33 28 33 45 59 75 88 71 54 38 23 14 23 38 54 71 87 70 52 35 18 0 18 35 52 70 88 71 54 38 23 14 23 38 54 71 91 75 60 45 33 28 33 45 59 75 97 82 67 55 46 42 46 55 67 81 104 90 77 66 59 56 59 66 76 89 112 99 88 79 73 70 72 78 87 98
20 30 45 6 76 32 16 25 26 32 32 34 33 35 21 38 19 66 42 60 32 21 28 9 72 34 11 20 26 34 40 47 57 22 29 37 23 48 39 60 119 104 90 77 66 59 56 59 66 76 113 97 81 67 55 46 42 46 54 67 108 91 75 59 45 33 28 33 45 59 105 88 71 54 38 23 14 23 38 54 104 87 70 52 35 18 0 18 35 52 105 88 71 54 38 23 14 23 38 54 108 91 75 59 45 33 28 33 45 59 113 97 81 67 55 46 42 46 54 67 119 104 90 77 66 59 56 59 66 76 126 112 99 88 78 72 70 72 78 87
37 23 63 16 93 16 8 12 42 47 44 50 45 49 38 55 34 83 60 77 49 21 35 24 89 17 8 8 41 23 56 58 74 37 44 54 39 65 56 76 134 118 104 89 77 66 59 56 58 65 129 112 97 81 67 55 46 42 45 54 125 108 91 75 59 45 33 28 33 45 122 105 88 71 54 38 23 14 23 38 122 104 87 70 52 35 18 0 18 35 122 105 88 71 54 38 23 14 23 38 125 108 91 75 59 45 33 28 33 45 129 112 97 81 67 55 46 42 45 54 134 118 104 89 77 66 59 56 58 65 140 126 112 99 87 78 72 70 72 77
54 28 80 33 110 11 22 18 59 63 59 68 60 65 55 72 50 100 77 94 66 32 48 41 106 9 25 19 57 22 72 71 91 53 60 71 56 82 73 92 150 134 118 103 89 76 66 58 55 58 145 129 112 97 81 67 54 45 42 45 142 125 108 91 75 59 45 33 28 33 140 122 105 88 71 54 38 23 14 23 139 122 104 87 70 52 35 18 0 18 140 122 105 88 71 54 38 23 14 23 142 125 108 91 75 59 45 33 28 33 145 129 112 97 81 67 54 45 42 45 150 134 118 103 89 76 66 58 55 58 156 140 126 112 99 87 78 72 69 71
72 40 97 50 126 24 39 33 75 80 75 85 76 81 72 89 67 117 94 111 83 48 63 58 123 22 42 35 74 32 89 86 109 70 77 89 73 99 91 109 166 150 134 118 103 89 76 65 58 55 162 145 129 112 96 81 67 54 45 42 159 142 125 108 91 75 59 45 33 28 157 140 122 105 88 71 54 38 23 14 156 139 122 104 87 70 52 35 18 0 157 140 122 105 88 71 54 38 23 14 159 142 125 108 91 75 59 45 33 28 162 145 129 112 96 81 67 54 45 42 166 150 134 118 103 89 76 65 58 55 171 155 140 125 111 98 87 77 71 69
86 124 61 108 51 134 120 126 82 87 87 73 87 79 86 68 91 40 64 57 77 113 108 101 45 137 115 122 85 132 71 98 49 88 82 70 84 58 68 63 72 74 80 88 99 112 126 140 156 171 58 60 67 77 90 104 119 134 150 166 43 47 55 68 82 97 113 129 145 162 29 34 45 60 75 91 108 125 142 159 15 23 38 54 71 88 105 122 140 157 0 18 35 52 70 87 104 122 139 156 15 23 38 54 71 88 105 122 140 157 29 34 45 60 75 91 108 125 142 159 43 47 55 68 82 97 113 129 145 162 58 60 67 77 90 104 119 134 150 166
69 107 45 91 42 117 103 108 65 71 70 55 70 62 70 51 74 23 47 44 61 96 92 84 34 119 98 105 67 114 53 84 33 71 64 54 67 41 52 51 74 72 73 79 88 99 112 126 140 155 60 57 60 67 77 90 104 118 134 150 47 43 46 55 67 82 97 112 129 145 34 29 34 45 60 75 91 108 125 142 23 15 23 38 54 71 88 105 122 140 18 0 18 35 52 70 87 104 122 139 23 15 23 38 54 71 88 105 122 140 34 29 34 45 60 75 91 108 125 142 47 43 46 55 67 82 97 112 129 145 60 57 60 67 77 90 104 118 134 150
52 89 29 74 39 100 87 91 48 57 53 38 53 45 53 34 56 9 30 34 45 78 77 67 29 102 81 88 50 97 36 72 17 53 47 38 50 24 36 42 80 73 71 73 79 88 99 112 126 140 67 60 57 60 67 77 90 104 118 134 55 46 43 46 55 67 81 97 112 129 45 34 29 34 45 60 75 91 108 125 38 23 15 23 38 54 71 88 105 122 35 18 0 18 35 52 70 87 104 122 38 23 15 23 38 54 71 88 105 122 45 34 29 34 45 60 75 91 108 125 55 46 43 46 55 67 81 97 112 129 67 60 57 60 67 77 90 104 118 134
35 72 17 58 44 82 70 74 30 44 36 21 37 29 37 18 39 15 16 32 31 61 63 51 34 85 64 71 33 80 20 62 12 36 30 24 32 7 22 39 88 79 73 71 73 79 88 99 112 125 77 67 60 57 59 66 77 89 103 118 68 55 46 43 46 55 67 81 97 112 60 45 34 29 33 45 59 75 91 108 54 38 23 15 23 38 54 71 88 105 52 35 18 0 18 35 52 70 87 104 54 38 23 15 23 38 54 71 88 105 60 45 34 29 33 45 59 75 91 108 68 55 46 43 46 55 67 81 97 112 77 67 60 57 59 66 77 89 103 118
20 55 18 42 54 65 54 57 13 36 20 7 22 14 24 10 22 31 15 39 23 44 51 36 46 67 47 53 16 63 7 56 24 19 13 18 16 12 18 43 99 88 79 73 71 73 78 87 99 111 90 77 67 59 57 59 66 77 89 103 82 67 55 46 43 46 55 67 81 96 75 60 45 33 29 33 45 59 75 91 71 54 38 23 15 23 38 54 71 88 70 52 35 18 0 18 35 52 70 87 71 54 38 23 15 23 38 54 71 88 75 60 45 33 29 33 45 59 75 91 82 67 55 46 43 46 55 67 81 96 90 77 67 59 57 59 66 77 89 103
12 38 32 27 67 48 38 39 5 35 12 16 14 13 19 22 4 48 28 51 26 27 43 24 60 50 31 36 4 45 18 55 41 2 7 26 7 29 27 53 112 99 88 79 73 70 72 78 87 98 104 90 77 66 59 56 59 66 76 89 97 82 67 55 46 42 46 55 67 81 91 75 60 45 33 28 33 45 59 75 88 71 54 38 23 14 23 38 54 71 87 70 52 35 18 0 18 35 52 70 88 71 54 38 23 14 23 38 54 71 91 75 60 45 33 28 33 45 59 75 97 82 67 55 46 42 46 55 67 81 104 90 77 66 59 56 59 66 76 89
23 22 48 19 82 31 26 22 22 43 22 33 23 28 27 39 14 65 44 65 38 10 42 22 76 33 18 20 21 28 35 59 58 17 23 41 22 47 42 66 126 112 99 88 78 72 70 72 78 87 119 104 90 77 66 59 56 59 66 76 113 97 81 67 55 46 42 46 54 67 108 91 75 59 45 33 28 33 45 59 105 88 71 54 38 23 14 23 38 54 104 87 70 52 35 18 0 18 35 52 105 88 71 54 38 23 14 23 38 54 108 91 75 59 45 33 28 33 45 59 113 97 81 67 55 46 42 46 54 67 119 104 90 77 66 59 56 59 66 76
39 10 64 24 97 14 22 6 40 55 38 50 39 44 42 55 31 83 61 81 53 10 47 31 92 16 16 7 38 12 52 68 75 34 41 57 39 64 59 81 140 126 112 99 87 78 72 70 72 77 134 118 104 89 77 66 59 56 58 65 129 112 97 81 67 55 46 42 45 54 125 108 91 75 59 45 33 28 33 45 122 105 88 71 54 38 23 14 23 38 122 104 87 70 52 35 18 0 18 35 122 105 88 71 54 38 23 14 23 38 125 108 91 75 59 45 33 28 33 45 129 112 97 81 67 55 46 42 45 54 134 118 104 89 77 66 59 56 58 65
55 18 81 38 113 7 30 14 57 69 55 67 55 61 58 73 49 100 78 97 69 27 57 46 109 7 29 18 55 10 69 80 92 51 58 73 56 81 75 97 156 140 126 112 99 87 78 72 69 71 150 134 118 103 89 76 66 58 55 58 145 129 112 97 81 67 54 45 42 45 142 125 108 91 75 59 45 33 28 33 140 122 105 88 71 54 38 23 14 23 139 122 104 87 70 52 35 18 0 18 140 122 105 88 71 54 38 23 14 23 142 125 108 91 75 59 45 33 28 33 145 129 112 97 81 67 54 45 42 45 150 134 118 103 89 76 66 58 55 58
72 34 98 53 130 23 43 31 74 84 72 85 72 79 74 90 66 117 95 114 86 44 70 61 125 21 45 35 72 26 87 93 109 69 75 90 73 99 92 113 171 155 140 125 111 98 87 77 71 69 166 150 134 118 103 89 76 65 58 55 162 145 129 112 96 81 67 54 45 42 159 142 125 108 91 75 59 45 33 28 157 140 122 105 88 71 54 38 23 14 156 139 122 104 87 70 52 35 18 0 157 140 122 105 88 71 54 38 23 14 159 142 125 108 91 75 59 45 33 28 162 145 129 112 96 81 67 54 45 42 166 150 134 118 103 89 76 65 58 55
89 124 66 111 62 135 124 127 84 93 86 75 86 79 90 71 92 45 68 66 82 113 114 105 56 138 118 124 85 132 71 106 54 89 82 75 86 61 73 73 86 88 93 100 110 122 134 148 162 177 72 74 80 88 99 112 126 140 156 171 58 60 67 77 90 104 119 134 150 166 43 47 55 68 82 97 113 129 145 162 29 34 45 60 75 91 108 125 142 159 15 23 38 54 71 88 105 122 140 157 0 18 35 52 70 87 104 122 139 156 15 23 38 54 71 88 105 122 140 157 29 34 45 60 75 91 108 125 142 159 43 47 55 68 82 97 113 129 145 162
73 106 51 95 55 118 107 110 67 79 69 58 69 62 75 55 75 31 52 55 67 96 99 88 47 121 101 107 68 114 53 94 40 72 65 60 69 44 58 62 88 86 87 92 100 110 121 134 148 162 74 72 73 79 88 99 112 126 140 155 60 57 60 67 77 90 104 118 134 150 47 43 46 55 67 82 97 112 129 145 34 29 34 45 60 75 91 108 125 142 23 15 23 38 54 71 88 105 122 140 18 0 18 35 52 70 87 104 122 139 23 15 23 38 54 71 88 105 122 140 34 29 34 45 60 75 91 108 125 142 47 43 46 55 67 82 97 112 129 145
57 89 38 79 53 101 91 93 50 66 51 43 51 44 59 40 58 22 39 48 53 79 85 73 44 104 85 90 51 97 36 83 28 55 48 46 53 29 44 55 93 87 85 87 92 99 109 121 134 148 80 73 71 73 79 88 99 112 126 140 67 60 57 60 67 77 90 104 118 134 55 46 43 46 55 67 81 97 112 129 45 34 29 34 45 60 75 91 108 125 38 23 15 23 38 54 71 88 105 122 35 18 0 18 35 52 70 87 104 122 38 23 15 23 38 54 71 88 105 122 45 34 29 34 45 60 75 91 108 125 55 46 43 46 55 67 81 97 112 129
42 72 30 64 57 84 75 76 34 56 34 28 34 27 46 28 42 25 29 46 42 62 73 58 47 87 69 73 34 80 20 75 25 39 32 36 38 18 34 53 100 92 87 85 87 91 99 109 121 134 88 79 73 71 73 79 88 99 112 125 77 67 60 57 59 66 77 89 103 118 68 55 46 43 46 55 67 81 97 112 60 45 34 29 33 45 59 75 91 108 54 38 23 15 23 38 54 71 88 105 52 35 18 0 18 35 52 70 87 104 54 38 23 15 23 38 54 71 88 105 60 45 34 29 33 45 59 75 91 108 68 55 46 43 46 55 67 81 97 112
30 55 31 50 65 68 61 59 20 50 17 20 17 11 36 24 26 37 28 51 36 45 63 45 56 70 53 57 19 63 8 70 33 23 16 32 25 21 31 56 110 100 92 87 85 86 91 99 109 120 99 88 79 73 71 73 78 87 99 111 90 77 67 59 57 59 66 77 89 103 82 67 55 46 43 46 55 67 81 96 75 60 45 33 29 33 45 59 75 91 71 54 38 23 15 23 38 54 71 88 70 52 35 18 0 18 35 52 70 87 71 54 38 23 15 23 38 54 71 88 75 60 45 33 29 33 45 59 75 91 82 67 55 46 43 46 55 67 81 96
26 37 40 38 76 51 48 43 16 49 3 25 2 10 32 31 16 52 36 61 38 28 57 37 68 54 40 41 12 46 19 69 46 14 12 37 21 34 38 64 122 110 99 91 86 84 86 91 98 108 112 99 88 79 73 70 72 78 87 98 104 90 77 66 59 56 59 66 76 89 97 82 67 55 46 42 46 55 67 81 91 75 60 45 33 28 33 45 59 75 88 71 54 38 23 14 23 38 54 71 87 70 52 35 18 0 18 35 52 70 88 71 54 38 23 14 23 38 54 71 91 75 60 45 33 28 33 45 59 75 97 82 67 55 46 42 46 55 67 81
32 20 54 33 89 35 38 28 27 55 19 38 19 26 38 44 21 68 50 73 47 13 55 35 82 38 30 28 23 29 35 72 62 22 26 48 29 50 50 75 134 121 109 99 91 86 84 85 90 98 126 112 99 88 78 72 70 72 78 87 119 104 90 77 66 59 56 59 66 76 113 97 81 67 55 46 42 46 54 67 108 91 75 59 45 33 28 33 45 59 105 88 71 54 38 23 14 23 38 54 104 87 70 52 35 18 0 18 35 52 105 88 71 54 38 23 14 23 38 54 108 91 75 59 45 33 28 33 45 59 113 97 81 67 55 46 42 46 54 67
45 6 69 36 104 22 35 18 43 64 36 53 36 44 49 59 35 85 65 87 60 13 59 42 97 25 29 21 39 13 52 80 78 37 42 62 43 66 64 89 148 134 121 109 99 91 85 83 85 90 140 126 112 99 87 78 72 70 72 77 134 118 104 89 77 66 59 56 58 65 129 112 97 81 67 55 46 42 45 54 125 108 91 75 59 45 33 28 33 45 122 105 88 71 54 38 23 14 23 38 122 104 87 70 52 35 18 0 18 35 122 105 88 71 54 38 23 14 23 38 125 108 91 75 59 45 33 28 33 45 129 112 97 81 67 55 46 42 45 54
60 17 85 46 119 19 41 22 59 77 54 70 54 61 63 76 51 102 81 102 75 28 68 53 113 20 38 27 56 11 70 90 94 53 59 78 59 83 80 103 162 148 134 121 109 98 90 85 83 85 156 140 126 112 99 87 78 72 69 71 150 134 118 103 89 76 66 58 55 58 145 129 112 97 81 67 54 45 42 45 142 125 108 91 75 59 45 33 28 33 140 122 105 88 71 54 38 23 14 23 139 122 104 87 70 52 35 18 0 18 140 122 105 88 71 54 38 23 14 23 142 125 108 91 75 59 45 33 28 33 145 129 112 97 81 67 54 45 42 45
76 33 101 60 135 29 52 35 76 91 71 87 71 78 79 92 67 119 98 118 90 45 79 67 129 28 51 40 73 26 87 102 111 70 76 94 76 100 96 118 177 162 148 134 120 108 98 90 85 83 171 155 140 125 111 98 87 77 71 69 166 150 134 118 103 89 76 65 58 55 162 145 129 112 96 81 67 54 45 42 159 142 125 108 91 75 59 45 33 28 157 140 122 105 88 71 54 38 23 14 156 139 122 104 87 70 52 35 18 0 157 140 122 105 88 71 54 38 23 14 159 142 125 108 91 75 59 45 33 28 162 145 129 112 96 81 67 54 45 42
94 125 74 116 75 138 128 130 87 101 87 80 87 81 96 77 95 53 75 77 89 115 121 110 67 141 122 127 88 133 74 116 62 92 85 82 91 66 80 84 100 102 106 112 121 132 144 156 170 184 86 88 93 100 110 122 134 148 162 177 72 74 80 88 99 112 126 140 156 171 58 60 67 77 90 104 119 134 150 166 43 47 55 68 82 97 113 129 145 162 29 34 45 60 75 91 108 125 142 159 15 23 38 54 71 88 105 122 140 157 0 18 35 52 70 87 104 122 139 156 15 23 38 54 71 88 105 122 140 157 29 34 45 60 75 91 108 125 142 159
79 108 61 101 69 121 113 113 71 88 71 65 70 64 82 63 79 42 61 67 76 98 108 95 60 124 106 110 72 116 57 105 50 76 69 68 75 51 66 75 102 100 101 105 112 121 131 143 156 170 88 86 87 92 100 110 121 134 148 162 74 72 73 79 88 99 112 126 140 155 60 57 60 67 77 90 104 118 134 150 47 43 46 55 67 82 97 112 129 145 34 29 34 45 60 75 91 108 125 142 23 15 23 38 54 71 88 105 122 140 18 0 18 35 52 70 87 104 122 139 23 15 23 38 54 71 88 105 122 140 34 29 34 45 60 75 91 108 125 142
64 91 50 86 67 105 97 96 56 77 54 51 53 48 68 50 63 36 49 61 64 82 95 80 58 107 90 94 56 99 42 95 41 60 53 57 60 39 55 69 106 101 99 101 105 112 121 131 143 156 93 87 85 87 92 99 109 121 134 148 80 73 71 73 79 88 99 112 126 140 67 60 57 60 67 77 90 104 118 134 55 46 43 46 55 67 81 97 112 129 45 34 29 34 45 60 75 91 108 125 38 23 15 23 38 54 71 88 105 122 35 18 0 18 35 52 70 87 104 122 38 23 15 23 38 54 71 88 105 122 45 34 29 34 45 60 75 91 108 125
52 74 44 72 70 88 83 80 42 68 38 39 37 33 57 41 49 38 42 60 55 65 84 67 60 91 75 78 41 82 28 88 39 46 39 49 47 32 47 67 112 105 101 99 100 105 111 120 131 143 100 92 87 85 87 91 99 109 121 134 88 79 73 71 73 79 88 99 112 125 77 67 60 57 59 66 77 89 103 118 68 55 46 43 46 55 67 81 97 112 60 45 34 29 33 45 59 75 91 108 54 38 23 15 23 38 54 71 88 105 52 35 18 0 18 35 52 70 87 104 54 38 23 15 23 38 54 71 88 105 60 45 34 29 33 45 59 75 91 108
43 58 45 60 77 73 70 64 32 63 24 34 22 21 49 38 36 46 42 64 50 50 76 57 67 75 62 63 30 66 22 84 45 34 28 46 37 34 45 70 121 112 105 100 99 100 104 111 120 130 110 100 92 87 85 86 91 99 109 120 99 88 79 73 71 73 78 87 99 111 90 77 67 59 57 59 66 77 89 103 82 67 55 46 43 46 55 67 81 96 75 60 45 33 29 33 45 59 75 91 71 54 38 23 15 23 38 54 71 88 70 52 35 18 0 18 35 52 70 87 71 54 38 23 15 23 38 54 71 88 75 60 45 33 29 33 45 59 75 91
40 42 51 51 86 57 59 50 30 63 17 37 15 21 46 42 30 59 48 72 52 35 70 50 78 60 50 50 26 50 28 83 55 28 26 50 35 43 50 76 132 121 112 105 100 98 99 104 110 119 122 110 99 91 86 84 86 91 98 108 112 99 88 79 73 70 72 78 87 98 104 90 77 66 59 56 59 66 76 89 97 82 67 55 46 42 46 55 67 81 91 75 60 45 33 28 33 45 59 75 88 71 54 38 23 14 23 38 54 71 87 70 52 35 18 0 18 35 52 70 88 71 54 38 23 14 23 38 54 71 91 75 60 45 33 28 33 45 59 75
44 27 62 47 98 44 51 38 37 67 25 47 24 32 50 53 32 74 59 82 59 25 69 49 90 47 43 39 32 35 41 86 68 33 34 58 40 56 59 86 144 131 121 111 104 99 98 99 103 110 134 121 109 99 91 86 84 85 90 98 126 112 99 88 78 72 70 72 78 87 119 104 90 77 66 59 56 59 66 76 113 97 81 67 55 46 42 46 54 67 108 91 75 59 45 33 28 33 45 59 105 88 71 54 38 23 14 23 38 54 104 87 70 52 35 18 0 18 35 52 105 88 71 54 38 23 14 23 38 54 108 91 75 59 45 33 28 33 45 59
54 19 76 49 111 35 49 31 49 75 40 60 39 47 59 66 43 89 72 95 69 25 72 54 104 37 43 35 45 24 56 92 83 44 47 70 51 71 72 97 156 143 131 120 111 104 99 97 99 103 148 134 121 109 99 91 85 83 85 90 140 126 112 99 87 78 72 70 72 77 134 118 104 89 77 66 59 56 58 65 129 112 97 81 67 55 46 42 45 54 125 108 91 75 59 45 33 28 33 45 122 105 88 71 54 38 23 14 23 38 122 104 87 70 52 35 18 0 18 35 122 105 88 71 54 38 23 14 23 38 125 108 91 75 59 45 33 28 33 45
67 25 91 57 126 32 53 34 64 86 56 75 55 63 71 81 56 106 87 109 82 35 79 63 119 34 49 38 60 23 72 101 99 58 63 84 65 87 86 111 170 156 143 131 120 110 103 99 97 98 162 148 134 121 109 98 90 85 83 85 156 140 126 112 99 87 78 72 69 71 150 134 118 103 89 76 66 58 55 58 145 129 112 97 81 67 54 45 42 45 142 125 108 91 75 59 45 33 28 33 140 122 105 88 71 54 38 23 14 23 139 122 104 87 70 52 35 18 0 18 140 122 105 88 71 54 38 23 14 23 142 125 108 91 75 59 45 33 28 33
82 38 106 68 140 39 62 43 80 99 73 91 72 80 85 97 72 122 102 124 96 50 89 75 134 39 59 49 76 33 89 111 115 74 79 99 80 103 101 125 184 170 156 143 130 119 110 103 98 96 177 162 148 134 120 108 98 90 85 83 171 155 140 125 111 98 87 77 71 69 166 150 134 118 103 89 76 65 58 55 162 145 129 112 96 81 67 54 45 42 159 142 125 108 91 75 59 45 33 28 157 140 122 105 88 71 54 38 23 14 156 139 122 104 87 70 52 35 18 0 157 140 122 105 88 71 54 38 23 14 159 142 125 108 91 75 59 45 33 28
101 128 83 123 88 142 135 134 93 111 91 87 91 85 104 85 101 63 83 88 98 119 130 117 80 145 128 132 93 136 79 127 72 98 90 91 97 74 89 96 115 116 119 125 133 143 154 166 179 192 100 102 106 112 121 132 144 156 170 184 86 88 93 100 110 122 134 148 162 177 72 74 80 88 99 112 126 140 156 171 58 60 67 77 90 104 119 134 150 166 43 47 55 68 82 97 113 129 145 162 29 34 45 60 75 91 108 125 142 159 15 23 38 54 71 88 105 122 140 157 0 18 35 52 70 87 104 122 139 156 15 23 38 54 71 88 105 122 140 157
87 111 71 108 83 126 119 117 78 99 75 73 74 70 90 72 85 54 71 80 86 103 117 103 74 128 112 116 78 120 64 116 62 82 75 79 82 61 77 88 116 114 115 119 125 133 142 153 165 178 102 100 101 105 112 121 131 143 156 170 88 86 87 92 100 110 121 134 148 162 74 72 73 79 88 99 112 126 140 155 60 57 60 67 77 90 104 118 134 150 47 43 46 55 67 82 97 112 129 145 34 29 34 45 60 75 91 108 125 142 23 15 23 38 54 71 88 105 122 140 18 0 18 35 52 70 87 104 122 139 23 15 23 38 54 71 88 105 122 140
74 95 63 94 81 110 105 102 64 89 60 61 59 55 78 61 71 50 62 75 75 87 106 90 72 113 98 100 64 103 51 108 55 68 61 69 69 51 67 83 119 115 114 115 118 124 132 142 153 165 106 101 99 101 105 112 121 131 143 156 93 87 85 87 92 99 109 121 134 148 80 73 71 73 79 88 99 112 126 140 67 60 57 60 67 77 90 104 118 134 55 46 43 46 55 67 81 97 112 129 45 34 29 34 45 60 75 91 108 125 38 23 15 23 38 54 71 88 105 122 35 18 0 18 35 52 70 87 104 122 38 23 15 23 38 54 71 88 105 122
63 79 58 82 84 94 92 86 53 82 46 52 45 42 69 54 58 51 56 74 68 72 96 78 74 97 84 85 51 87 40 101 53 55 49 62 58 46 61 81 125 119 115 113 114 118 124 132 141 152 112 105 101 99 100 105 111 120 131 143 100 92 87 85 87 91 99 109 121 134 88 79 73 71 73 79 88 99 112 125 77 67 60 57 59 66 77 89 103 118 68 55 46 43 46 55 67 81 97 112 60 45 34 29 33 45 59 75 91 108 54 38 23 15 23 38 54 71 88 105 52 35 18 0 18 35 52 70 87 104 54 38 23 15 23 38 54 71 88 105
56 64 58 71 89 80 80 72 45 77 35 48 33 34 62 52 48 58 55 77 64 58 89 69 80 82 72 72 42 72 36 97 57 46 41 60 50 47 59 83 133 125 118 114 113 114 117 123 131 141 121 112 105 100 99 100 104 111 120 130 110 100 92 87 85 86 91 99 109 120 99 88 79 73 71 73 78 87 99 111 90 77 67 59 57 59 66 77 89 103 82 67 55 46 43 46 55 67 81 96 75 60 45 33 29 33 45 59 75 91 71 54 38 23 15 23 38 54 71 88 70 52 35 18 0 18 35 52 70 87 71 54 38 23 15 23 38 54 71 88
54 50 64 64 98 66 71 59 44 77 31 50 29 34 60 55 43 68 60 84 65 46 84 64 89 69 63 60 40 57 40 97 66 42 39 63 48 54 63 89 143 133 124 118 114 112 113 117 123 131 132 121 112 105 100 98 99 104 110 119 122 110 99 91 86 84 86 91 98 108 112 99 88 79 73 70 72 78 87 98 104 90 77 66 59 56 59 66 76 89 97 82 67 55 46 42 46 55 67 81 91 75 60 45 33 28 33 45 59 75 88 71 54 38 23 14 23 38 54 71 87 70 52 35 18 0 18 35 52 70 88 71 54 38 23 14 23 38 54 71
57 38 73 61 108 55 65 50 49 80 36 57 34 42 63 63 45 81 69 93 71 38 83 63 100 58 57 52 44 45 50 99 77 45 45 70 52 65 70 97 154 142 132 124 117 113 112 113 116 122 144 131 121 111 104 99 98 99 103 110 134 121 109 99 91 86 84 85 90 98 126 112 99 88 78 72 70 72 78 87 119 104 90 77 66 59 56 59 66 76 113 97 81 67 55 46 42 46 54 67 108 91 75 59 45 33 28 33 45 59 105 88 71 54 38 23 14 23 38 54 104 87 70 52 35 18 0 18 35 52 105 88 71 54 38 23 14 23 38 54
65 33 84 62 120 48 63 45 58 87 47 69 46 54 71 75 53 96 81 104 80 38 86 66 112 50 56 49 54 37 63 104 91 54 56 80 61 78 81 107 166 153 142 132 123 117 113 111 112 116 156 143 131 120 111 104 99 97 99 103 148 134 121 109 99 91 85 83 85 90 140 126 112 99 87 78 72 70 72 77 134 118 104 89 77 66 59 56 58 65 129 112 97 81 67 55 46 42 45 54 125 108 91 75 59 45 33 28 33 45 122 105 88 71 54 38 23 14 23 38 122 104 87 70 52 35 18 0 18 35 122 105 88 71 54 38 23 14 23 38
76 36 98 68 133 46 66 47 71 97 61 82 61 69 81 88 65 111 94 117 91 46 92 74 126 48 61 51 67 36 78 112 105 66 69 93 73 93 94 120 179 165 153 141 131 123 116 112 110 112 170 156 143 131 120 110 103 99 97 98 162 148 134 121 109 98 90 85 83 85 156 140 126 112 99 87 78 72 69 71 150 134 118 103 89 76 66 58 55 58 145 129 112 97 81 67 54 45 42 45 142 125 108 91 75 59 45 33 28 33 140 122 105 88 71 54 38 23 14 23 139 122 104 87 70 52 35 18 0 18 140 122 105 88 71 54 38 23 14 23
89 46 112 78 148 51 73 54 86 108 77 97 76 84 93 103 78 127 109 131 104 57 100 85 141 52 70 59 82 43 93 122 120 80 84 106 87 108 108 133 192 178 165 152 141 131 122 116 112 110 184 170 156 143 130 119 110 103 98 96 177 162 148 134 120 108 98 90 85 83 171 155 140 125 111 98 87 77 71 69 166 150 134 118 103 89 76 65 58 55 162 145 129 112 96 81 67 54 45 42 159 142 125 108 91 75 59 45 33 28 157 140 122 105 88 71 54 38 23 14 156 139 122 104 87 70 52 35 18 0 157 140 122 105 88 71 54 38 23 14
109 132 93 130 101 147 142 139 101 121 97 95 96 92 113 94 108 75 93 100 108 124 140 125 93 150 134 137 100 140 86 138 83 105 97 101 105 83 99 108 129 130 133 138 145 154 164 176 188 201 115 116 119 125 133 143 154 166 179 192 100 102 106 112 121 132 144 156 170 184 86 88 93 100 110 122 134 148 162 177 72 74 80 88 99 112 126 140 156 171 58 60 67 77 90 104 119 134 150 166 43 47 55 68 82 97 113 129 145 162 29 34 45 60 75 91 108 125 142 159 15 23 38 54 71 88 105 122 140 157 0 18 35 52 70 87 104 122 139 156
96 116 83 117 97 132 127 123 87 110 82 83 81 77 100 83 93 68 83 93 97 109 128 112 88 134 120 122 86 124 73 128 74 90 83 90 91 72 88 101 130 128 129 132 138 145 154 164 175 187 116 114 115 119 125 133 142 153 165 178 102 100 101 105 112 121 131 143 156 170 88 86 87 92 100 110 121 134 148 162 74 72 73 79 88 99 112 126 140 155 60 57 60 67 77 90 104 118 134 150 47 43 46 55 67 82 97 112 129 145 34 29 34 45 60 75 91 108 125 142 23 15 23 38 54 71 88 105 122 140 18 0 18 35 52 70 87 104 122 139
85 101 76 104 96 116 114 109 75 101 68 73 67 64 90 74 80 64 74 89 88 94 117 100 86 119 106 108 73 109 61 120 69 77 71 81 80 64 80 96 133 129 128 129 132 137 144 153 163 175 119 115 114 115 118 124 132 142 153 165 106 101 99 101 105 112 121 131 143 156 93 87 85 87 92 99 109 121 134 148 80 73 71 73 79 88 99 112 126 140 67 60 57 60 67 77 90 104 118 134 55 46 43 46 55 67 81 97 112 129 45 34 29 34 45 60 75 91 108 125 38 23 15 23 38 54 71 88 105 122 35 18 0 18 35 52 70 87 104 122
76 86 72 93 97 102 102 94 65 95 56 65 55 54 81 68 69 65 70 88 81 80 108 90 88 105 94 94 63 94 53 115 67 67 61 76 70 60 75 95 138 132 129 127 128 131 137 144 153 163 125 119 115 113 114 118 124 132 141 152 112 105 101 99 100 105 111 120 131 143 100 92 87 85 87 91 99 109 121 134 88 79 73 71 73 79 88 99 112 125 77 67 60 57 59 66 77 89 103 118 68 55 46 43 46 55 67 81 97 112 60 45 34 29 33 45 59 75 91 108 54 38 23 15 23 38 54 71 88 105 52 35 18 0 18 35 52 70 87 104
70 72 72 83 102 88 91 81 59 91 48 62 46 48 76 66 61 70 69 91 78 67 102 82 93 91 83 82 56 79 50 111 71 59 54 74 64 61 73 97 145 138 132 128 127 127 131 136 143 152 133 125 118 114 113 114 117 123 131 141 121 112 105 100 99 100 104 111 120 130 110 100 92 87 85 86 91 99 109 120 99 88 79 73 71 73 78 87 99 111 90 77 67 59 57 59 66 77 89 103 82 67 55 46 43 46 55 67 81 96 75 60 45 33 29 33 45 59 75 91 71 54 38 23 15 23 38 54 71 88 70 52 35 18 0 18 35 52 70 87
68 60 76 77 109 77 83 71 58 91 45 64 43 47 74 68 57 79 73 96 79 58 98 77 100 79 75 72 54 67 53 111 78 56 53 76 62 66 76 102 154 145 137 131 127 126 127 130 135 143 143 133 124 118 114 112 113 117 123 131 132 121 112 105 100 98 99 104 110 119 122 110 99 91 86 84 86 91 98 108 112 99 88 79 73 70 72 78 87 98 104 90 77 66 59 56 59 66 76 89 97 82 67 55 46 42 46 55 67 81 91 75 60 45 33 28 33 45 59 75 88 71 54 38 23 14 23 38 54 71 87 70 52 35 18 0 18 35 52 70
70 51 84 74 119 67 78 63 61 94 48 69 47 53 77 75 59 91 80 104 84 52 97 77 110 70 71 65 57 56 60 113 87 58 58 82 66 75 82 109 164 154 144 137 131 127 125 126 130 135 154 142 132 124 117 113 112 113 116 122 144 131 121 111 104 99 98 99 103 110 134 121 109 99 91 86 84 85 90 98 126 112 99 88 78 72 70 72 78 87 119 104 90 77 66 59 56 59 66 76 113 97 81 67 55 46 42 46 54 67 108 91 75 59 45 33 28 33 45 59 105 88 71 54 38 23 14 23 38 54 104 87 70 52 35 18 0 18 35 52
77 47 94 76 130 61 77 59 69 99 57 79 56 63 83 85 65 104 91 115 91 52 99 80 122 63 70 62 65 50 72 117 99 65 66 91 73 87 92 118 176 164 153 144 136 130 126 125 126 129 166 153 142 132 123 117 113 111 112 116 156 143 131 120 111 104 99 97 99 103 148 134 121 109 99 91 85 83 85 90 140 126 112 99 87 78 72 70 72 77 134 118 104 89 77 66 59 56 58 65 129 112 97 81 67 55 46 42 45 54 125 108 91 75 59 45 33 28 33 45 122 105 88 71 54 38 23 14 23 38 122 104 87 70 52 35 18 0 18 35
86 49 106 81 142 60 79 60 80 108 69 91 68 76 92 97 75 118 103 126 101 57 104 86 135 61 74 64 76 50 85 124 113 76 78 102 83 100 103 129 188 175 163 153 143 135 130 126 124 125 179 165 153 141 131 123 116 112 110 112 170 156 143 131 120 110 103 99 97 98 162 148 134 121 109 98 90 85 83 85 156 140 126 112 99 87 78 72 69 71 150 134 118 103 89 76 66 58 55 58 145 129 112 97 81 67 54 45 42 45 142 125 108 91 75 59 45 33 28 33 140 122 105 88 71 54 38 23 14 23 139 122 104 87 70 52 35 18 0 18
98 57 120 89 156 63 85 66 93 118 83 104 82 90 103 110 87 133 116 139 113 67 112 95 148 64 81 71 89 55 99 133 127 88 91 115 95 115 116 142 201 187 175 163 152 143 135 129 125 124 192 178 165 152 141 131 122 116 112 110 184 170 156 143 130 119 110 103 98 96 177 162 148 134 120 108 98 90 85 83 171 155 140 125 111 98 87 77 71 69 166 150 134 118 103 89 76 65 58 55 162 145 129 112 96 81 67 54 45 42 159 142 125 108 91 75 59 45 33 28 157 140 122 105 88 71 54 38 23 14 156 139 122 104 87 70 52 35 18 0
