0 33 9 32 13 57 25 9 31 62 21 14 29 53 12 35 8 14 32 38 29 28 16 30 4 60 9 44 48 22 3 24 39 29 15 20 51 17 49 48 113 99 86 76 68 64 65 70 79 90 105 90 77 64 55 51 52 58 68 81 99 83 68 54 43 37 38 47 59 74 95 78 62 46 32 23 25 37 52 68 93 75 58 41 24 10 15 31 48 65 92 75 58 41 24 8 14 30 47 65 94 78 61 45 31 21 24 36 51 67 98 82 67 53 41 35 36 45 58 73 104 89 75 63 53 49 50 56 67 80 112 98 85 74 66 62 63 69 78 89
33 0 37 13 21 73 45 39 57 31 19 31 52 79 28 16 36 26 43 61 21 12 41 16 35 75 34 35 66 16 32 54 33 54 23 15 79 17 27 75 128 117 108 101 97 96 97 102 109 119 118 106 96 88 83 82 84 89 98 108 108 96 84 75 69 68 70 77 87 98 100 86 73 63 56 54 57 65 76 89 93 78 64 51 42 40 44 54 67 82 88 72 56 41 30 26 33 45 60 76 85 68 51 35 19 12 23 39 56 73 85 67 50 33 16 4 21 38 55 72 86 69 53 37 23 17 26 41 57 74 90 74 59 45 35 31 37 49 63 78
9 37 0 33 17 48 32 4 35 67 29 10 34 45 20 36 15 22 25 44 28 29 8 30 6 52 4 41 54 29 7 18 47 21 23 23 44 21 49 52 105 91 78 68 62 59 62 69 79 92 97 82 68 57 48 45 49 58 70 84 91 75 60 46 35 31 36 48 62 77 88 71 54 38 24 17 25 40 56 73 86 69 51 34 17 4 19 36 54 71 87 69 52 36 20 12 22 38 55 72 90 73 57 42 30 25 31 44 59 75 95 79 65 52 43 39 43 53 66 81 101 87 74 63 56 53 56 64 75 88 109 96 85 75 69 67 70 76 85 97
32 13 33 0 20 61 51 36 61 39 27 25 57 71 32 4 38 31 32 66 9 5 35 4 34 64 29 22 73 24 31 49 44 47 28 13 72 19 18 79 116 106 98 92 90 90 95 101 111 122 105 94 85 79 76 77 81 89 100 112 96 83 73 65 62 63 69 78 90 103 87 73 61 52 48 49 57 68 81 96 80 65 51 40 34 36 46 59 74 90 76 59 43 29 20 24 37 53 69 86 73 56 39 22 7 15 32 49 67 84 74 57 40 23 10 17 33 50 67 84 77 60 45 31 24 27 39 54 70 87 82 67 54 43 38 40 49 61 76 91
13 21 17 20 0 59 33 19 41 50 15 13 38 60 14 23 18 14 30 48 19 15 22 18 15 62 14 35 56 14 12 34 36 36 12 7 60 5 37 59 115 103 92 83 78 75 77 83 91 102 106 93 81 71 64 62 64 71 81 93 99 84 71 59 51 48 51 59 71 84 93 77 62 48 38 34 38 49 62 77 89 72 56 40 26 20 27 40 56 73 87 70 52 35 18 6 19 36 53 70 87 70 53 36 20 9 20 37 54 71 90 73 57 42 29 23 29 42 57 74 94 79 64 51 41 37 41 51 64 79 101 86 73 62 54 51 54 62 73 86
57 73 48 61 59 0 79 49 78 100 74 46 79 27 68 61 63 69 30 87 53 61 41 58 54 4 48 48 98 72 55 41 94 30 69 60 35 63 65 89 57 45 38 37 45 57 71 86 102 118 49 35 24 24 34 49 65 81 98 115 45 28 12 12 27 44 61 79 96 113 44 27 11 11 27 44 61 78 96 113 49 34 23 23 33 48 64 81 98 115 56 44 36 36 43 56 70 85 101 118 66 56 50 50 55 65 78 92 107 123 77 69 64 64 68 76 87 100 114 129 89 82 78 78 81 88 98 109 122 136 102 95 92 92 95 101 109 119 131 144
25 45 32 51 33 79 0 31 14 68 27 39 9 70 19 55 18 20 57 16 51 46 39 50 27 83 34 68 23 30 28 41 30 50 24 38 65 33 68 31 134 119 105 92 80 71 66 64 68 75 128 112 97 83 70 59 52 51 55 64 123 106 90 75 60 48 39 37 43 54 119 102 86 69 53 38 26 23 32 45 118 100 83 66 49 32 16 10 24 40 117 100 83 66 48 31 14 7 23 40 119 102 85 68 52 36 24 20 29 44 122 105 89 73 58 45 36 34 40 51 127 111 95 81 67 56 49 48 52 61 132 117 103 90 78 68 63 61 65 72
9 39 4 36 19 49 31 0 33 69 30 13 32 44 21 39 14 22 28 41 32 32 9 33 6 53 8 44 52 30 8 15 47 21 24 25 42 24 52 49 105 91 78 67 60 57 59 66 76 89 98 83 68 56 47 43 46 54 66 81 93 76 61 46 34 29 33 44 59 74 89 72 55 39 24 15 22 37 53 70 88 71 53 36 19 2 17 34 51 69 89 72 55 39 23 14 22 37 53 70 92 76 60 46 34 28 32 44 58 74 98 82 68 55 46 42 45 54 66 80 104 90 77 67 59 56 58 65 75 88 113 100 88 79 72 70 72 77 86 97
31 57 35 61 41 78 14 33 0 81 39 44 6 64 30 64 24 31 60 9 59 56 41 59 31 82 38 75 21 42 33 38 43 48 35 48 58 42 78 19 131 115 100 85 72 61 54 51 55 63 126 109 93 78 63 50 41 37 42 52 122 105 89 72 56 41 29 24 30 43 120 103 86 69 52 35 19 10 22 38 120 103 86 68 51 34 17 5 20 37 121 104 87 71 54 38 25 19 27 41 124 108 91 76 60 47 36 33 38 49 129 113 97 83 69 57 49 46 50 59 135 119 105 91 79 69 62 60 63 70 142 127 113 101 90 81 76 74 76 82
62 31 67 39 50 100 68 69 81 0 43 61 76 109 55 40 64 53 71 83 48 40 71 43 65 102 64 56 85 41 62 84 44 84 49 45 109 46 40 98 153 144 136 131 127 125 126 130 135 143 142 132 124 117 113 112 113 116 123 131 131 120 111 104 99 98 99 103 110 119 121 109 99 91 86 84 85 90 98 108 111 99 87 78 72 70 72 78 87 98 103 89 76 66 58 56 58 66 76 89 96 81 67 54 45 42 45 54 67 81 91 75 59 44 33 28 33 45 59 75 88 71 54 37 22 14 23 38 54 71 87 69 52 35 17 1 18 36 53 70
21 19 29 27 15 74 27 30 39 43 0 28 35 73 12 30 21 10 45 43 30 22 35 27 25 77 27 47 48 4 22 45 21 49 7 16 72 11 44 57 130 117 106 96 89 85 84 87 93 101 121 108 95 84 76 71 70 74 81 90 114 99 85 73 63 57 56 61 69 80 107 92 77 63 51 44 43 48 58 71 103 86 70 55 41 31 29 36 49 64 100 83 66 49 33 19 16 27 43 60 99 81 64 47 29 12 6 23 41 58 100 83 66 49 33 19 15 27 43 60 103 86 70 55 41 31 29 36 49 64 107 92 77 63 51 44 43 48 58 71
14 31 10 25 13 46 39 13 44 61 28 0 42 48 23 27 22 24 19 52 19 22 11 22 13 49 6 32 61 27 12 24 48 24 23 17 48 18 40 61 103 90 79 71 66 66 70 78 89 101 94 80 68 58 53 52 58 67 79 93 87 72 58 46 39 39 45 57 71 86 82 66 50 36 25 25 35 49 65 81 79 62 45 28 13 13 28 44 61 78 79 62 44 27 11 10 26 44 61 78 81 64 48 33 21 21 32 47 63 80 85 70 55 43 34 34 42 54 69 84 92 78 65 54 48 48 54 64 76 91 100 87 76 67 62 62 66 74 86 98
29 52 34 57 38 79 9 32 6 76 35 42 0 66 26 61 21 27 59 10 56 52 40 56 29 82 37 72 21 37 31 39 38 49 31 44 61 39 75 23 132 117 102 88 75 65 58 56 59 67 127 111 95 80 66 54 45 42 47 56 123 106 89 73 58 43 32 29 35 47 120 103 86 69 52 36 21 15 25 40 119 102 85 67 50 33 16 3 20 37 120 103 86 69 52 36 21 14 24 40 122 106 89 73 57 43 32 28 34 46 126 110 94 79 65 53 44 42 46 56 132 116 101 87 75 64 57 55 59 66 138 124 110 97 86 77 71 69 72 78
53 79 45 71 60 27 70 44 64 109 73 48 66 0 64 72 57 66 42 73 63 69 39 67 50 29 47 65 85 73 52 30 91 25 68 65 9 65 80 71 68 51 36 23 21 30 45 61 77 94 65 48 30 14 8 24 41 58 75 92 65 48 31 15 10 25 41 58 75 93 68 52 38 26 24 32 46 62 78 95 74 60 48 39 37 43 54 68 83 99 82 70 59 53 51 56 65 77 90 105 92 81 72 66 65 69 76 86 99 112 103 92 85 80 79 82 88 97 108 121 114 105 98 94 93 96 101 109 119 130 126 118 112 108 107 109 114 121 130 140
12 28 20 32 14 68 19 21 30 55 12 23 26 64 0 36 10 2 42 35 32 27 28 31 16 71 20 49 42 14 14 35 27 41 6 19 62 14 50 48 124 111 98 87 79 74 73 76 82 92 116 102 88 76 66 60 59 62 70 81 110 94 79 66 54 47 45 50 59 72 105 88 72 57 44 34 31 38 50 64 102 85 68 51 35 22 18 28 43 59 100 83 66 48 31 14 6 22 39 57 101 84 66 50 33 18 12 25 41 58 103 87 70 54 40 29 26 33 47 62 108 92 76 62 50 42 40 45 55 69 114 99 85 72 62 55 53 57 66 77
35 16 36 4 23 61 55 39 64 40 30 27 61 72 36 0 41 35 32 70 9 9 37 6 37 63 32 19 77 27 34 51 48 48 32 17 73 22 15 82 115 105 98 93 91 92 97 104 114 125 104 93 85 79 77 79 84 93 103 115 94 82 72 65 63 65 72 81 93 107 85 72 60 52 49 52 60 71 85 99 78 63 49 39 35 39 49 63 78 94 73 56 41 27 21 27 41 56 73 89 70 53 36 19 7 19 36 53 70 87 70 53 36 19 8 20 36 53 70 88 73 57 41 28 22 28 41 57 73 90 78 64 50 40 36 40 50 64 78 94
8 36 15 38 18 63 18 14 24 64 21 22 21 57 10 41 0 12 40 31 36 33 23 36 10 67 17 52 40 23 10 27 35 34 15 25 54 20 55 42 119 105 91 80 71 65 63 67 74 84 112 97 82 69 58 51 50 54 63 75 106 90 75 60 47 38 36 42 53 67 102 86 69 53 38 25 22 31 45 60 100 83 66 49 32 16 9 23 40 57 100 83 66 49 32 15 8 23 40 57 102 85 69 52 37 25 21 30 44 60 106 90 74 59 47 37 35 41 52 66 111 96 82 69 58 51 49 53 62 74 118 104 91 79 70 64 63 66 74 84
14 26 22 31 14 69 20 22 31 53 10 24 27 66 2 35 12 0 42 36 32 26 29 30 17 72 21 49 43 12 15 37 26 42 4 19 63 13 49 49 125 112 100 89 81 76 75 77 84 93 117 103 89 78 68 62 61 64 72 82 111 95 81 67 56 49 47 51 61 73 105 89 73 58 45 36 33 39 51 65 102 85 68 52 36 23 19 29 43 60 100 83 66 48 31 14 7 22 40 57 101 83 66 49 32 17 11 24 40 57 103 86 70 54 39 27 24 32 46 61 107 91 76 61 49 40 38 43 54 68 113 98 83 71 60 53 52 56 64 76
32 43 25 32 30 30 57 28 60 71 45 19 59 42 42 32 40 42 0 68 24 32 20 28 30 33 23 24 79 43 30 30 65 22 41 31 45 34 39 76 86 75 66 62 61 66 75 86 99 113 77 64 54 48 48 54 64 77 91 106 69 55 42 34 34 42 54 69 85 101 64 47 32 21 21 32 47 64 80 97 61 44 27 10 10 27 44 61 79 96 62 45 28 14 14 28 45 62 79 96 66 50 36 26 26 36 50 66 82 99 72 58 47 39 39 46 58 72 87 103 81 68 59 53 53 58 68 80 94 109 90 80 72 67 67 71 79 90 102 116
38 61 44 66 48 87 16 41 9 83 43 52 10 73 35 70 31 36 68 0 66 61 50 65 39 91 46 82 12 46 40 47 42 57 39 54 66 48 84 16 139 123 108 93 80 68 59 54 54 60 134 118 102 86 71 57 46 40 41 48 131 114 97 81 65 49 35 26 27 38 129 112 95 77 60 44 27 14 16 30 129 111 94 77 59 42 25 8 11 28 130 113 95 78 62 45 30 18 20 33 132 115 99 83 67 52 39 32 32 41 136 120 104 89 74 61 51 45 46 52 141 126 111 96 83 72 63 59 59 64 148 133 119 106 94 84 76 72 73 77
29 21 28 9 19 53 51 32 59 48 30 19 56 63 32 9 36 32 24 66 0 10 29 5 30 56 25 18 74 27 28 42 49 40 29 14 65 20 21 77 108 98 89 84 82 84 89 97 107 119 98 86 77 70 68 70 76 85 97 110 88 75 64 57 54 57 64 75 88 102 80 66 53 44 40 44 53 66 80 96 74 58 43 31 26 31 44 58 74 91 71 54 37 21 12 21 37 54 71 88 70 52 35 18 3 18 35 53 70 87 72 55 39 24 17 24 39 55 72 89 76 61 47 36 31 36 47 61 76 92 83 69 57 48 45 48 57 69 83 98
28 12 29 5 15 61 46 32 56 40 22 22 52 69 27 9 33 26 32 61 10 0 32 6 29 64 26 26 68 19 26 45 40 45 23 9 70 14 23 74 117 106 97 91 87 87 91 97 106 117 107 95 85 77 73 74 78 85 95 107 97 84 73 64 60 60 65 74 85 98 90 75 62 52 46 46 52 63 76 91 83 68 53 40 32 32 41 54 69 85 79 62 46 30 19 20 32 48 64 81 77 60 43 26 9 10 28 45 62 79 78 61 44 28 14 15 30 46 63 80 82 65 50 36 27 28 37 51 67 83 87 72 58 47 41 41 48 60 73 88
16 41 8 35 22 41 39 9 41 71 35 11 40 39 28 37 23 29 20 50 29 32 0 31 13 45 9 39 60 35 14 14 54 15 30 26 39 27 49 56 97 84 72 62 57 56 61 70 81 95 90 75 61 50 43 42 48 59 73 87 84 68 53 39 29 29 37 51 66 82 81 64 47 31 17 16 29 45 61 78 79 62 45 28 10 8 25 43 60 77 81 64 47 31 18 17 29 45 62 79 85 69 53 40 31 30 38 51 66 82 91 76 62 51 44 44 50 60 73 88 98 85 73 64 58 58 62 71 82 96 107 95 84 76 72 72 75 82 92 104
30 16 30 4 18 58 50 33 59 43 27 22 56 67 31 6 36 30 28 65 5 6 31 0 31 60 26 21 73 24 28 45 45 43 27 12 68 18 20 77 113 102 94 88 86 87 91 99 108 119 102 91 81 75 72 73 78 87 98 110 93 80 69 61 58 60 66 76 88 102 85 70 58 48 44 46 54 66 80 95 78 63 48 36 30 33 44 58 73 89 74 57 41 26 16 22 36 52 69 86 72 55 38 21 3 15 32 50 67 84 74 57 40 24 13 20 35 51 68 85 77 61 46 34 27 31 42 56 72 88 83 69 56 46 41 44 52 64 78 93
4 35 6 34 15 54 27 6 31 65 25 13 29 50 16 37 10 17 30 39 30 29 13 31 0 57 8 44 49 25 4 21 42 26 19 22 47 19 50 48 110 96 83 72 65 61 62 68 77 89 102 87 73 61 52 47 49 56 67 81 97 81 65 51 40 33 36 45 58 73 93 76 59 43 29 20 24 36 52 68 91 74 56 39 22 7 15 32 49 66 91 74 57 40 24 10 17 33 49 66 94 77 61 45 32 24 27 39 54 70 98 83 68 54 43 38 40 48 61 75 105 90 76 65 56 52 53 60 70 83 112 99 86 76 69 65 67 72 81 92
60 75 52 64 62 4 83 53 82 102 77 49 82 29 71 63 67 72 33 91 56 64 45 60 57 0 52 49 102 75 58 44 97 34 72 63 38 66 67 93 54 43 36 38 46 59 73 89 105 121 46 32 22 25 37 52 68 84 101 118 41 24 9 15 31 48 65 82 99 117 41 24 9 14 31 48 65 82 99 117 46 31 22 25 37 52 68 84 101 118 54 42 36 38 46 59 73 89 105 121 64 55 50 51 58 68 81 95 110 126 76 68 64 65 70 79 90 103 117 132 88 81 78 79 83 91 100 112 125 139 101 95 92 93 96 103 112 122 134 147
9 34 4 29 14 48 34 8 38 64 27 6 37 47 20 32 17 21 23 46 25 26 9 26 8 52 0 38 56 27 7 21 46 23 22 19 46 19 45 55 105 91 80 70 64 62 66 73 83 95 97 82 69 58 51 49 53 61 73 87 91 75 60 47 37 35 40 51 65 80 86 69 53 38 25 21 29 43 59 76 84 67 50 32 16 7 22 39 56 73 84 67 50 33 17 9 23 39 56 73 87 70 54 39 27 23 30 44 60 76 91 76 61 48 39 36 42 52 66 81 98 83 70 59 52 50 54 63 75 88 106 93 81 72 66 64 67 74 84 97
44 35 41 22 35 48 68 44 75 56 47 32 72 65 49 19 52 49 24 82 18 26 39 21 44 49 38 0 90 44 42 51 66 45 46 31 68 37 18 92 99 90 85 83 85 90 98 108 119 132 87 78 71 69 71 77 86 97 110 124 76 65 58 55 58 65 75 88 102 117 66 54 45 41 44 54 66 80 96 112 59 44 32 27 32 44 59 74 91 107 54 37 22 13 22 37 54 71 88 105 52 35 18 2 18 35 52 70 87 104 55 39 24 16 24 39 55 71 88 105 61 46 35 31 35 46 60 76 92 108 69 57 48 45 48 56 68 82 97 113
48 66 54 73 56 98 23 52 21 85 48 61 21 85 42 77 40 43 79 12 74 68 60 73 49 102 56 90 0 51 50 58 42 68 46 61 78 55 91 21 151 135 120 105 91 78 68 61 58 60 146 130 114 98 83 69 56 48 44 47 143 126 109 92 76 61 46 35 30 35 140 123 106 89 72 55 39 24 17 24 139 122 105 87 70 53 36 18 3 18 140 122 105 88 71 54 37 22 12 21 142 125 108 91 75 59 44 31 26 31 145 128 112 96 80 66 53 43 39 43 149 133 118 102 88 75 64 56 53 56 155 139 125 110 97 85 76 69 67 69
22 16 29 24 14 72 30 30 42 41 4 27 37 73 14 27 23 12 43 46 27 19 35 24 25 75 27 44 51 0 22 45 23 49 8 14 72 10 40 60 129 116 105 96 89 86 86 89 95 104 120 106 94 84 76 72 72 76 83 93 112 97 84 72 63 58 58 63 72 83 105 90 75 62 51 44 44 51 61 74 100 84 68 53 40 31 31 39 52 67 97 80 63 47 31 18 18 30 46 63 96 79 61 44 27 9 9 26 44 61 97 80 63 46 30 16 16 29 45 62 100 83 67 51 38 28 28 37 51 66 104 89 74 60 49 42 42 48 59 73
3 32 7 31 12 55 28 8 33 62 22 12 31 52 14 34 10 15 30 40 28 26 14 28 4 58 7 42 50 22 0 23 40 28 16 19 50 16 48 50 111 97 85 75 68 64 66 71 80 92 103 89 75 63 54 50 52 59 70 83 97 81 66 53 42 36 39 48 61 75 93 76 60 44 30 23 27 39 54 70 91 73 56 39 22 9 17 33 50 67 90 73 56 39 22 7 16 33 50 67 92 76 59 43 29 21 25 38 53 69 96 81 65 51 40 35 37 47 60 75 102 87 74 62 53 48 50 58 69 82 110 96 84 73 66 62 64 70 79 91
24 54 18 49 34 41 41 15 38 84 45 24 39 30 35 51 27 37 30 47 42 45 14 45 21 44 21 51 58 45 23 0 62 11 39 39 27 38 63 50 94 79 65 53 45 43 47 57 70 84 88 72 57 43 32 29 35 47 62 78 85 68 51 35 20 15 25 41 57 74 84 66 49 32 15 4 21 38 56 73 85 68 51 35 20 15 25 41 57 74 88 72 57 43 32 29 35 47 62 78 94 79 65 53 45 42 47 57 70 84 101 87 75 65 58 56 60 68 79 92 110 97 86 77 72 70 73 80 89 101 119 108 98 90 86 84 86 92 100 111
39 33 47 44 36 94 30 47 43 44 21 48 38 91 27 48 35 26 65 42 49 40 54 45 42 97 46 66 42 23 40 62 0 68 25 36 88 32 59 58 150 137 125 114 105 98 94 94 96 101 142 128 115 103 93 85 81 80 83 89 134 119 105 92 81 72 67 66 69 77 128 112 97 83 70 60 53 52 56 65 123 106 90 75 61 48 40 38 44 55 119 102 85 69 53 38 27 25 33 47 117 100 82 65 48 32 16 12 25 41 117 99 82 65 47 30 13 7 23 40 118 101 84 67 51 35 22 19 29 44 121 104 88 72 57 44 34 32 39 51
29 54 21 47 36 30 50 21 48 84 49 24 49 25 41 48 34 42 22 57 40 45 15 43 26 34 23 45 68 49 28 11 68 0 43 40 26 41 58 60 85 71 58 48 43 45 53 65 79 94 79 63 48 36 29 32 43 57 72 88 75 58 41 26 16 21 35 51 68 85 73 56 38 21 4 14 32 49 66 84 74 57 41 25 14 20 34 51 68 85 78 62 47 35 28 31 42 56 72 88 84 70 57 47 42 44 52 64 78 93 92 79 68 60 56 57 64 74 86 100 101 90 80 73 70 71 76 85 96 108 112 101 92 87 84 85 89 96 106 118
15 23 23 28 12 69 24 24 35 49 7 23 31 68 6 32 15 4 41 39 29 23 30 27 19 72 22 46 46 8 16 39 25 43 0 16 65 10 45 53 126 112 101 91 83 79 78 81 88 97 117 103 90 79 70 65 64 68 76 86 110 95 81 68 58 51 50 55 64 77 104 88 73 58 46 38 37 43 55 69 100 84 67 51 36 25 23 32 47 63 98 81 64 47 30 14 10 25 42 59 98 81 64 47 29 13 9 25 42 59 100 83 67 50 35 23 22 31 46 62 104 88 72 57 45 36 35 42 54 68 109 94 80 67 56 50 49 54 63 76
20 15 23 13 7 60 38 25 48 45 16 17 44 65 19 17 25 19 31 54 14 9 26 12 22 63 19 31 61 14 19 39 36 40 16 0 65 6 31 66 117 105 95 87 82 81 84 90 98 109 107 94 83 74 69 67 70 77 87 99 99 85 72 62 55 53 57 66 77 90 92 77 62 50 42 39 45 55 68 83 87 70 55 40 29 26 33 46 62 78 84 67 50 33 18 12 24 41 57 74 83 66 49 31 14 6 22 39 56 74 85 68 51 36 22 18 28 43 59 76 89 73 58 44 34 32 38 50 64 80 95 80 66 55 47 46 50 60 72 86
51 79 44 72 60 35 65 42 58 109 72 48 61 9 62 73 54 63 45 66 65 70 39 68 47 38 46 68 78 72 50 27 88 26 65 65 0 64 83 64 75 59 42 28 18 23 36 52 69 85 73 56 39 21 5 15 32 49 66 84 74 57 40 24 11 18 33 50 67 84 77 61 46 33 25 29 40 55 71 87 83 68 55 44 39 41 50 62 77 92 90 77 65 57 53 55 61 72 84 98 99 87 77 70 67 68 74 82 94 106 109 99 90 84 81 82 86 94 104 116 120 111 103 97 95 96 100 106 115 125 132 123 116 111 109 110 113 119 127 136
17 17 21 19 5 63 33 24 42 46 11 18 39 65 14 22 20 13 34 48 20 14 27 18 19 66 19 37 55 10 16 38 32 41 10 6 64 0 36 61 120 107 97 88 82 80 81 86 94 104 111 97 85 76 69 66 68 73 83 94 103 88 75 64 55 52 54 61 72 85 97 81 66 53 43 38 41 50 63 78 92 75 59 44 31 24 29 41 56 72 89 72 55 38 22 10 19 35 52 69 89 72 54 37 20 5 17 34 51 68 91 74 57 41 27 19 24 38 54 70 95 79 63 49 38 33 36 46 60 75 100 85 71 59 51 47 49 57 68 82
49 27 49 18 37 65 68 52 78 40 44 40 75 80 50 15 55 49 39 84 21 23 49 20 50 67 45 18 91 40 48 63 59 58 45 31 83 36 0 96 116 108 102 100 100 103 109 117 127 139 104 95 89 86 86 90 97 106 117 129 92 82 75 72 72 77 85 95 107 121 82 70 62 58 58 64 73 85 99 113 72 59 49 44 45 52 63 77 92 107 65 50 37 30 31 41 55 70 86 103 60 43 28 16 19 33 49 66 83 100 58 41 24 6 12 29 47 64 81 99 60 43 27 15 18 32 49 65 82 99 65 49 37 29 30 40 54 70 86 102
48 75 52 79 59 89 31 49 19 98 57 61 23 71 48 82 42 49 76 16 77 74 56 77 48 93 55 92 21 60 50 50 58 60 53 66 64 61 96 0 138 122 105 89 74 60 48 40 39 45 135 118 101 84 68 52 38 27 25 34 133 116 99 82 64 47 31 16 12 26 133 116 98 81 64 46 29 12 8 24 134 117 100 83 66 50 34 21 19 30 137 120 103 87 71 56 43 34 32 39 141 124 108 93 78 65 54 47 46 51 146 130 115 100 87 75 66 60 60 64 152 137 123 109 97 87 79 74 73 76 159 145 132 119 108 99 92 88 87 90
113 128 105 116 115 57 134 105 131 153 130 103 132 68 124 115 119 125 86 139 108 117 97 113 110 54 105 99 151 129 111 94 150 85 126 117 75 120 116 138 0 18 35 52 70 87 104 122 139 156 15 23 38 54 71 88 105 122 140 157 29 34 45 60 75 91 108 125 142 159 43 47 55 68 82 97 113 129 145 162 58 60 67 77 90 104 119 134 150 166 72 74 80 88 99 112 126 140 156 171 86 88 93 100 110 122 134 148 162 177 100 102 106 112 121 132 144 156 170 184 115 116 119 125 133 143 154 166 179 192 129 130 133 138 145 154 164 176 188 201
99 117 91 106 103 45 119 91 115 144 117 90 117 51 111 105 105 112 75 123 98 106 84 102 96 43 91 90 135 116 97 79 137 71 112 105 59 107 108 122 18 0 18 35 52 70 87 104 122 139 23 15 23 38 54 71 88 105 122 140 34 29 34 45 60 75 91 108 125 142 47 43 46 55 67 82 97 112 129 145 60 57 60 67 77 90 104 118 134 150 74 72 73 79 88 99 112 126 140 155 88 86 87 92 100 110 121 134 148 162 102 100 101 105 112 121 131 143 156 170 116 114 115 119 125 133 142 153 165 178 130 128 129 132 138 145 154 164 175 187
86 108 78 98 92 38 105 78 100 136 106 79 102 36 98 98 91 100 66 108 89 97 72 94 83 36 80 85 120 105 85 65 125 58 101 95 42 97 102 105 35 18 0 18 35 52 70 87 104 122 38 23 15 23 38 54 71 88 105 122 45 34 29 34 45 60 75 91 108 125 55 46 43 46 55 67 81 97 112 129 67 60 57 60 67 77 90 104 118 134 80 73 71 73 79 88 99 112 126 140 93 87 85 87 92 99 109 121 134 148 106 101 99 101 105 112 121 131 143 156 119 115 114 115 118 124 132 142 153 165 133 129 128 129 132 137 144 153 163 175
76 101 68 92 83 37 92 67 85 131 96 71 88 23 87 93 80 89 62 93 84 91 62 88 72 38 70 83 105 96 75 53 114 48 91 87 28 88 100 89 52 35 18 0 18 35 52 70 87 104 54 38 23 15 23 38 54 71 88 105 60 45 34 29 33 45 59 75 91 108 68 55 46 43 46 55 67 81 97 112 77 67 60 57 59 66 77 89 103 118 88 79 73 71 73 79 88 99 112 125 100 92 87 85 87 91 99 109 121 134 112 105 101 99 100 105 111 120 131 143 125 119 115 113 114 118 124 132 141 152 138 132 129 127 128 131 137 144 153 163
68 97 62 90 78 45 80 60 72 127 89 66 75 21 79 91 71 81 61 80 82 87 57 86 65 46 64 85 91 89 68 45 105 43 83 82 18 82 100 74 70 52 35 18 0 18 35 52 70 87 71 54 38 23 15 23 38 54 71 88 75 60 45 33 29 33 45 59 75 91 82 67 55 46 43 46 55 67 81 96 90 77 67 59 57 59 66 77 89 103 99 88 79 73 71 73 78 87 99 111 110 100 92 87 85 86 91 99 109 120 121 112 105 100 99 100 104 111 120 130 133 125 118 114 113 114 117 123 131 141 145 138 132 128 127 127 131 136 143 152
64 96 59 90 75 57 71 57 61 125 85 66 65 30 74 92 65 76 66 68 84 87 56 87 61 59 62 90 78 86 64 43 98 45 79 81 23 80 103 60 87 70 52 35 18 0 18 35 52 70 88 71 54 38 23 14 23 38 54 71 91 75 60 45 33 28 33 45 59 75 97 82 67 55 46 42 46 55 67 81 104 90 77 66 59 56 59 66 76 89 112 99 88 79 73 70 72 78 87 98 122 110 99 91 86 84 86 91 98 108 132 121 112 105 100 98 99 104 110 119 143 133 124 118 114 112 113 117 123 131 154 145 137 131 127 126 127 130 135 143
65 97 62 95 77 71 66 59 54 126 84 70 58 45 73 97 63 75 75 59 89 91 61 91 62 73 66 98 68 86 66 47 94 53 78 84 36 81 109 48 104 87 70 52 35 18 0 18 35 52 105 88 71 54 38 23 14 23 38 54 108 91 75 59 45 33 28 33 45 59 113 97 81 67 55 46 42 46 54 67 119 104 90 77 66 59 56 59 66 76 126 112 99 88 78 72 70 72 78 87 134 121 109 99 91 86 84 85 90 98 144 131 121 111 104 99 98 99 103 110 154 142 132 124 117 113 112 113 116 122 164 154 144 137 131 127 125 126 130 135
70 102 69 101 83 86 64 66 51 130 87 78 56 61 76 104 67 77 86 54 97 97 70 99 68 89 73 108 61 89 71 57 94 65 81 90 52 86 117 40 122 104 87 70 52 35 18 0 18 35 122 105 88 71 54 38 23 14 23 38 125 108 91 75 59 45 33 28 33 45 129 112 97 81 67 55 46 42 45 54 134 118 104 89 77 66 59 56 58 65 140 126 112 99 87 78 72 70 72 77 148 134 121 109 99 91 85 83 85 90 156 143 131 120 111 104 99 97 99 103 166 153 142 132 123 117 113 111 112 116 176 164 153 144 136 130 126 125 126 129
79 109 79 111 91 102 68 76 55 135 93 89 59 77 82 114 74 84 99 54 107 106 81 108 77 105 83 119 58 95 80 70 96 79 88 98 69 94 127 39 139 122 104 87 70 52 35 18 0 18 140 122 105 88 71 54 38 23 14 23 142 125 108 91 75 59 45 33 28 33 145 129 112 97 81 67 54 45 42 45 150 134 118 103 89 76 66 58 55 58 156 140 126 112 99 87 78 72 69 71 162 148 134 121 109 98 90 85 83 85 170 156 143 131 120 110 103 99 97 98 179 165 153 141 131 123 116 112 110 112 188 175 163 153 143 135 130 126 124 125
90 119 92 122 102 118 75 89 63 143 101 101 67 94 92 125 84 93 113 60 119 117 95 119 89 121 95 132 60 104 92 84 101 94 97 109 85 104 139 45 156 139 122 104 87 70 52 35 18 0 157 140 122 105 88 71 54 38 23 14 159 142 125 108 91 75 59 45 33 28 162 145 129 112 96 81 67 54 45 42 166 150 134 118 103 89 76 65 58 55 171 155 140 125 111 98 87 77 71 69 177 162 148 134 120 108 98 90 85 83 184 170 156 143 130 119 110 103 98 96 192 178 165 152 141 131 122 116 112 110 201 187 175 163 152 143 135 129 125 124
105 118 97 105 106 49 128 98 126 142 121 94 127 65 116 104 112 117 77 134 98 107 90 102 102 46 97 87 146 120 103 88 142 79 117 107 73 111 104 135 15 23 38 54 71 88 105 122 140 157 0 18 35 52 70 87 104 122 139 156 15 23 38 54 71 88 105 122 140 157 29 34 45 60 75 91 108 125 142 159 43 47 55 68 82 97 113 129 145 162 58 60 67 77 90 104 119 134 150 166 72 74 80 88 99 112 126 140 156 171 86 88 93 100 110 122 134 148 162 177 100 102 106 112 121 132 144 156 170 184 115 116 119 125 133 143 154 166 179 192
90 106 82 94 93 35 112 83 109 132 108 80 111 48 102 93 97 103 64 118 86 95 75 91 87 32 82 78 130 106 89 72 128 63 103 94 56 97 95 118 23 15 23 38 54 71 88 105 122 140 18 0 18 35 52 70 87 104 122 139 23 15 23 38 54 71 88 105 122 140 34 29 34 45 60 75 91 108 125 142 47 43 46 55 67 82 97 112 129 145 60 57 60 67 77 90 104 118 134 150 74 72 73 79 88 99 112 126 140 155 88 86 87 92 100 110 121 134 148 162 102 100 101 105 112 121 131 143 156 170 116 114 115 119 125 133 142 153 165 178
77 96 68 85 81 24 97 68 93 124 95 68 95 30 88 85 82 89 54 102 77 85 61 81 73 22 69 71 114 94 75 57 115 48 90 83 39 85 89 101 38 23 15 23 38 54 71 88 105 122 35 18 0 18 35 52 70 87 104 122 38 23 15 23 38 54 71 88 105 122 45 34 29 34 45 60 75 91 108 125 55 46 43 46 55 67 81 97 112 129 67 60 57 60 67 77 90 104 118 134 80 73 71 73 79 88 99 112 126 140 93 87 85 87 92 99 109 121 134 148 106 101 99 101 105 112 121 131 143 156 119 115 114 115 118 124 132 142 153 165
64 88 57 79 71 24 83 56 78 117 84 58 80 14 76 79 69 78 48 86 70 77 50 75 61 25 58 69 98 84 63 43 103 36 79 74 21 76 86 84 54 38 23 15 23 38 54 71 88 105 52 35 18 0 18 35 52 70 87 104 54 38 23 15 23 38 54 71 88 105 60 45 34 29 33 45 59 75 91 108 68 55 46 43 46 55 67 81 97 112 77 67 60 57 59 66 77 89 103 118 88 79 73 71 73 79 88 99 112 125 100 92 87 85 87 91 99 109 121 134 112 105 101 99 100 105 111 120 131 143 125 119 115 113 114 118 124 132 141 152
55 83 48 76 64 34 70 47 63 113 76 53 66 8 66 77 58 68 48 71 68 73 43 72 52 37 51 71 83 76 54 32 93 29 70 69 5 69 86 68 71 54 38 23 15 23 38 54 71 88 70 52 35 18 0 18 35 52 70 87 71 54 38 23 15 23 38 54 71 88 75 60 45 33 29 33 45 59 75 91 82 67 55 46 43 46 55 67 81 96 90 77 67 59 57 59 66 77 89 103 99 88 79 73 71 73 78 87 99 111 110 100 92 87 85 86 91 99 109 120 121 112 105 100 99 100 104 111 120 130 133 125 118 114 113 114 117 123 131 141
51 82 45 77 62 49 59 43 50 112 71 52 54 24 60 79 51 62 54 57 70 74 42 73 47 52 49 77 69 72 50 29 85 32 65 67 15 66 90 52 88 71 54 38 23 14 23 38 54 71 87 70 52 35 18 0 18 35 52 70 88 71 54 38 23 14 23 38 54 71 91 75 60 45 33 28 33 45 59 75 97 82 67 55 46 42 46 55 67 81 104 90 77 66 59 56 59 66 76 89 112 99 88 79 73 70 72 78 87 98 122 110 99 91 86 84 86 91 98 108 132 121 112 105 100 98 99 104 110 119 143 133 124 118 114 112 113 117 123 131
52 84 49 81 64 65 52 46 41 113 70 58 45 41 59 84 50 61 64 46 76 78 48 78 49 68 53 86 56 72 52 35 81 43 64 70 32 68 97 38 105 88 71 54 38 23 14 23 38 54 104 87 70 52 35 18 0 18 35 52 105 88 71 54 38 23 14 23 38 54 108 91 75 59 45 33 28 33 45 59 113 97 81 67 55 46 42 46 54 67 119 104 90 77 66 59 56 59 66 76 126 112 99 88 78 72 70 72 78 87 134 121 109 99 91 86 84 85 90 98 144 131 121 111 104 99 98 99 103 110 154 142 132 124 117 113 112 113 116 122
58 89 58 89 71 81 51 54 37 116 74 67 42 58 62 93 54 64 77 40 85 85 59 87 56 84 61 97 48 76 59 47 80 57 68 77 49 73 106 27 122 105 88 71 54 38 23 14 23 38 122 104 87 70 52 35 18 0 18 35 122 105 88 71 54 38 23 14 23 38 125 108 91 75 59 45 33 28 33 45 129 112 97 81 67 55 46 42 45 54 134 118 104 89 77 66 59 56 58 65 140 126 112 99 87 78 72 70 72 77 148 134 121 109 99 91 85 83 85 90 156 143 131 120 111 104 99 97 99 103 166 153 142 132 123 117 113 111 112 116
68 98 70 100 81 98 55 66 42 123 81 79 47 75 70 103 63 72 91 41 97 95 73 98 67 101 73 110 44 83 70 62 83 72 76 87 66 83 117 25 140 122 105 88 71 54 38 23 14 23 139 122 104 87 70 52 35 18 0 18 140 122 105 88 71 54 38 23 14 23 142 125 108 91 75 59 45 33 28 33 145 129 112 97 81 67 54 45 42 45 150 134 118 103 89 76 66 58 55 58 156 140 126 112 99 87 78 72 69 71 162 148 134 121 109 98 90 85 83 85 170 156 143 131 120 110 103 99 97 98 179 165 153 141 131 123 116 112 110 112
81 108 84 112 93 115 64 81 52 131 90 93 56 92 81 115 75 82 106 48 110 107 87 110 81 118 87 124 47 93 83 78 89 88 86 99 84 94 129 34 157 140 122 105 88 71 54 38 23 14 156 139 122 104 87 70 52 35 18 0 157 140 122 105 88 71 54 38 23 14 159 142 125 108 91 75 59 45 33 28 162 145 129 112 96 81 67 54 45 42 166 150 134 118 103 89 76 65 58 55 171 155 140 125 111 98 87 77 71 69 177 162 148 134 120 108 98 90 85 83 184 170 156 143 130 119 110 103 98 96 192 178 165 152 141 131 122 116 112 110
99 108 91 96 99 45 123 93 122 131 114 87 123 65 110 94 106 111 69 131 88 97 84 93 97 41 91 76 143 112 97 85 134 75 110 99 74 103 92 133 29 34 45 60 75 91 108 125 142 159 15 23 38 54 71 88 105 122 140 157 0 18 35 52 70 87 104 122 139 156 15 23 38 54 71 88 105 122 140 157 29 34 45 60 75 91 108 125 142 159 43 47 55 68 82 97 113 129 145 162 58 60 67 77 90 104 119 134 150 166 72 74 80 88 99 112 126 140 156 171 86 88 93 100 110 122 134 148 162 177 100 102 106 112 121 132 144 156 170 184
83 96 75 83 84 28 106 76 105 120 99 72 106 48 94 82 90 95 55 114 75 84 68 80 81 24 75 65 126 97 81 68 119 58 95 85 57 88 82 116 34 29 34 45 60 75 91 108 125 142 23 15 23 38 54 71 88 105 122 140 18 0 18 35 52 70 87 104 122 139 23 15 23 38 54 71 88 105 122 140 34 29 34 45 60 75 91 108 125 142 47 43 46 55 67 82 97 112 129 145 60 57 60 67 77 90 104 118 134 150 74 72 73 79 88 99 112 126 140 155 88 86 87 92 100 110 121 134 148 162 102 100 101 105 112 121 131 143 156 170
68 84 60 73 71 12 90 61 89 111 85 58 89 31 79 72 75 81 42 97 64 73 53 69 65 9 60 58 109 84 66 51 105 41 81 72 40 75 75 99 45 34 29 34 45 60 75 91 108 125 38 23 15 23 38 54 71 88 105 122 35 18 0 18 35 52 70 87 104 122 38 23 15 23 38 54 71 88 105 122 45 34 29 34 45 60 75 91 108 125 55 46 43 46 55 67 81 97 112 129 67 60 57 60 67 77 90 104 118 134 80 73 71 73 79 88 99 112 126 140 93 87 85 87 92 99 109 121 134 148 106 101 99 101 105 112 121 131 143 156
54 75 46 65 59 12 75 46 72 104 73 46 73 15 66 65 60 67 34 81 57 64 39 61 51 15 47 55 92 72 53 35 92 26 68 62 24 64 72 82 60 45 34 29 33 45 59 75 91 108 54 38 23 15 23 38 54 71 88 105 52 35 18 0 18 35 52 70 87 104 54 38 23 15 23 38 54 71 88 105 60 45 34 29 33 45 59 75 91 108 68 55 46 43 46 55 67 81 97 112 77 67 60 57 59 66 77 89 103 118 88 79 73 71 73 79 88 99 112 125 100 92 87 85 87 91 99 109 121 134 112 105 101 99 100 105 111 120 131 143
43 69 35 62 51 27 60 34 56 99 63 39 58 10 54 63 47 56 34 65 54 60 29 58 40 31 37 58 76 63 42 20 81 16 58 55 11 55 72 64 75 60 45 33 29 33 45 59 75 91 71 54 38 23 15 23 38 54 71 88 70 52 35 18 0 18 35 52 70 87 71 54 38 23 15 23 38 54 71 88 75 60 45 33 29 33 45 59 75 91 82 67 55 46 43 46 55 67 81 96 90 77 67 59 57 59 66 77 89 103 99 88 79 73 71 73 78 87 99 111 110 100 92 87 85 86 91 99 109 120 121 112 105 100 99 100 104 111 120 130
37 68 31 63 48 44 48 29 41 98 57 39 43 25 47 65 38 49 42 49 57 60 29 60 33 48 35 65 61 58 36 15 72 21 51 53 18 52 77 47 91 75 60 45 33 28 33 45 59 75 88 71 54 38 23 14 23 38 54 71 87 70 52 35 18 0 18 35 52 70 88 71 54 38 23 14 23 38 54 71 91 75 60 45 33 28 33 45 59 75 97 82 67 55 46 42 46 55 67 81 104 90 77 66 59 56 59 66 76 89 112 99 88 79 73 70 72 78 87 98 122 110 99 91 86 84 86 91 98 108 132 121 112 105 100 98 99 104 110 119
38 70 36 69 51 61 39 33 29 99 56 45 32 41 45 72 36 47 54 35 64 65 37 66 36 65 40 75 46 58 39 25 67 35 50 57 33 54 85 31 108 91 75 59 45 33 28 33 45 59 105 88 71 54 38 23 14 23 38 54 104 87 70 52 35 18 0 18 35 52 105 88 71 54 38 23 14 23 38 54 108 91 75 59 45 33 28 33 45 59 113 97 81 67 55 46 42 46 54 67 119 104 90 77 66 59 56 59 66 76 126 112 99 88 78 72 70 72 78 87 134 121 109 99 91 86 84 85 90 98 144 131 121 111 104 99 98 99 103 110
47 77 48 78 59 79 37 44 24 103 61 57 29 58 50 81 42 51 69 26 75 74 51 76 45 82 51 88 35 63 48 41 66 51 55 66 50 61 95 16 125 108 91 75 59 45 33 28 33 45 122 105 88 71 54 38 23 14 23 38 122 104 87 70 52 35 18 0 18 35 122 105 88 71 54 38 23 14 23 38 125 108 91 75 59 45 33 28 33 45 129 112 97 81 67 55 46 42 45 54 134 118 104 89 77 66 59 56 58 65 140 126 112 99 87 78 72 70 72 77 148 134 121 109 99 91 85 83 85 90 156 143 131 120 111 104 99 97 99 103
59 87 62 90 71 96 43 59 30 110 69 71 35 75 59 93 53 61 85 27 88 85 66 88 58 99 65 102 30 72 61 57 69 68 64 77 67 72 107 12 142 125 108 91 75 59 45 33 28 33 140 122 105 88 71 54 38 23 14 23 139 122 104 87 70 52 35 18 0 18 140 122 105 88 71 54 38 23 14 23 142 125 108 91 75 59 45 33 28 33 145 129 112 97 81 67 54 45 42 45 150 134 118 103 89 76 66 58 55 58 156 140 126 112 99 87 78 72 69 71 162 148 134 121 109 98 90 85 83 85 170 156 143 131 120 110 103 99 97 98
74 98 77 103 84 113 54 74 43 119 80 86 47 93 72 107 67 73 101 38 102 98 82 102 73 117 80 117 35 83 75 74 77 85 77 90 84 85 121 26 159 142 125 108 91 75 59 45 33 28 157 140 122 105 88 71 54 38 23 14 156 139 122 104 87 70 52 35 18 0 157 140 122 105 88 71 54 38 23 14 159 142 125 108 91 75 59 45 33 28 162 145 129 112 96 81 67 54 45 42 166 150 134 118 103 89 76 65 58 55 171 155 140 125 111 98 87 77 71 69 177 162 148 134 120 108 98 90 85 83 184 170 156 143 130 119 110 103 98 96
95 100 88 87 93 44 119 89 120 121 107 82 120 68 105 85 102 105 64 129 80 90 81 85 93 41 86 66 140 105 93 84 128 73 104 92 77 97 82 133 43 47 55 68 82 97 113 129 145 162 29 34 45 60 75 91 108 125 142 159 15 23 38 54 71 88 105 122 140 157 0 18 35 52 70 87 104 122 139 156 15 23 38 54 71 88 105 122 140 157 29 34 45 60 75 91 108 125 142 159 43 47 55 68 82 97 113 129 145 162 58 60 67 77 90 104 119 134 150 166 72 74 80 88 99 112 126 140 156 171 86 88 93 100 110 122 134 148 162 177
78 86 71 73 77 27 102 72 103 109 92 66 103 52 88 72 86 89 47 112 66 75 64 70 76 24 69 54 123 90 76 66 112 56 88 77 61 81 70 116 47 43 46 55 67 82 97 112 129 145 34 29 34 45 60 75 91 108 125 142 23 15 23 38 54 71 88 105 122 140 18 0 18 35 52 70 87 104 122 139 23 15 23 38 54 71 88 105 122 140 34 29 34 45 60 75 91 108 125 142 47 43 46 55 67 82 97 112 129 145 60 57 60 67 77 90 104 118 134 150 74 72 73 79 88 99 112 126 140 155 88 86 87 92 100 110 121 134 148 162
62 73 54 61 62 11 86 55 86 99 77 50 86 38 72 60 69 73 32 95 53 62 47 58 59 9 53 45 106 75 60 49 97 38 73 62 46 66 62 98 55 46 43 46 55 67 81 97 112 129 45 34 29 34 45 60 75 91 108 125 38 23 15 23 38 54 71 88 105 122 35 18 0 18 35 52 70 87 104 122 38 23 15 23 38 54 71 88 105 122 45 34 29 34 45 60 75 91 108 125 55 46 43 46 55 67 81 97 112 129 67 60 57 60 67 77 90 104 118 134 80 73 71 73 79 88 99 112 126 140 93 87 85 87 92 99 109 121 134 148
46 63 38 52 48 11 69 39 69 91 63 36 69 26 57 52 53 58 21 77 44 52 31 48 43 14 38 41 89 62 44 32 83 21 58 50 33 53 58 81 68 55 46 43 46 55 67 81 97 112 60 45 34 29 33 45 59 75 91 108 54 38 23 15 23 38 54 71 88 105 52 35 18 0 18 35 52 70 87 104 54 38 23 15 23 38 54 71 88 105 60 45 34 29 33 45 59 75 91 108 68 55 46 43 46 55 67 81 97 112 77 67 60 57 59 66 77 89 103 118 88 79 73 71 73 79 88 99 112 125 100 92 87 85 87 91 99 109 121 134
32 56 24 48 38 27 53 24 52 86 51 25 52 24 44 49 38 45 21 60 40 46 17 44 29 31 25 44 72 51 30 15 70 4 46 42 25 43 58 64 82 67 55 46 43 46 55 67 81 96 75 60 45 33 29 33 45 59 75 91 71 54 38 23 15 23 38 54 71 88 70 52 35 18 0 18 35 52 70 87 71 54 38 23 15 23 38 54 71 88 75 60 45 33 29 33 45 59 75 91 82 67 55 46 43 46 55 67 81 96 90 77 67 59 57 59 66 77 89 103 99 88 79 73 71 73 78 87 99 111 110 100 92 87 85 86 91 99 109 120
23 54 17 49 34 44 38 15 35 84 44 25 36 32 34 52 25 36 32 44 44 46 16 46 20 48 21 54 55 44 23 4 60 14 38 39 29 38 64 46 97 82 67 55 46 42 46 55 67 81 91 75 60 45 33 28 33 45 59 75 88 71 54 38 23 14 23 38 54 71 87 70 52 35 18 0 18 35 52 70 88 71 54 38 23 14 23 38 54 71 91 75 60 45 33 28 33 45 59 75 97 82 67 55 46 42 46 55 67 81 104 90 77 66 59 56 59 66 76 89 112 99 88 79 73 70 72 78 87 98 122 110 99 91 86 84 86 91 98 108
25 57 25 57 38 61 26 22 19 85 43 35 21 46 31 60 22 33 47 27 53 52 29 54 24 65 29 66 39 44 27 21 53 32 37 45 40 41 73 29 113 97 81 67 55 46 42 46 54 67 108 91 75 59 45 33 28 33 45 59 105 88 71 54 38 23 14 23 38 54 104 87 70 52 35 18 0 18 35 52 105 88 71 54 38 23 14 23 38 54 108 91 75 59 45 33 28 33 45 59 113 97 81 67 55 46 42 46 54 67 119 104 90 77 66 59 56 59 66 76 126 112 99 88 78 72 70 72 78 87 134 121 109 99 91 86 84 85 90 98
37 65 40 68 49 78 23 37 10 90 48 49 15 62 38 71 31 39 64 14 66 63 45 66 36 82 43 80 24 51 39 38 52 49 43 55 55 50 85 12 129 112 97 81 67 55 46 42 45 54 125 108 91 75 59 45 33 28 33 45 122 105 88 71 54 38 23 14 23 38 122 104 87 70 52 35 18 0 18 35 122 105 88 71 54 38 23 14 23 38 125 108 91 75 59 45 33 28 33 45 129 112 97 81 67 55 46 42 45 54 134 118 104 89 77 66 59 56 58 65 140 126 112 99 87 78 72 70 72 77 148 134 121 109 99 91 85 83 85 90
52 76 56 81 62 96 32 53 22 98 58 65 25 78 50 85 45 51 80 16 80 76 61 80 52 99 59 96 17 61 54 56 56 66 55 68 71 63 99 8 145 129 112 97 81 67 54 45 42 45 142 125 108 91 75 59 45 33 28 33 140 122 105 88 71 54 38 23 14 23 139 122 104 87 70 52 35 18 0 18 140 122 105 88 71 54 38 23 14 23 142 125 108 91 75 59 45 33 28 33 145 129 112 97 81 67 54 45 42 45 150 134 118 103 89 76 66 58 55 58 156 140 126 112 99 87 78 72 69 71 162 148 134 121 109 98 90 85 83 85
68 89 73 96 77 113 45 70 38 108 71 81 40 95 64 99 60 65 97 30 96 91 78 95 68 117 76 112 24 74 70 73 65 84 69 83 87 78 113 24 162 145 129 112 96 81 67 54 45 42 159 142 125 108 91 75 59 45 33 28 157 140 122 105 88 71 54 38 23 14 156 139 122 104 87 70 52 35 18 0 157 140 122 105 88 71 54 38 23 14 159 142 125 108 91 75 59 45 33 28 162 145 129 112 96 81 67 54 45 42 166 150 134 118 103 89 76 65 58 55 171 155 140 125 111 98 87 77 71 69 177 162 148 134 120 108 98 90 85 83
93 93 86 80 89 49 118 88 120 111 103 79 119 74 102 78 100 102 61 129 74 83 79 78 91 46 84 59 139 100 91 85 123 74 100 87 83 92 72 134 58 60 67 77 90 104 119 134 150 166 43 47 55 68 82 97 113 129 145 162 29 34 45 60 75 91 108 125 142 159 15 23 38 54 71 88 105 122 140 157 0 18 35 52 70 87 104 122 139 156 15 23 38 54 71 88 105 122 140 157 29 34 45 60 75 91 108 125 142 159 43 47 55 68 82 97 113 129 145 162 58 60 67 77 90 104 119 134 150 166 72 74 80 88 99 112 126 140 156 171
75 78 69 65 72 34 100 71 103 99 86 62 102 60 85 63 83 85 44 111 58 68 62 63 74 31 67 44 122 84 73 68 106 57 84 70 68 75 59 117 60 57 60 67 77 90 104 118 134 150 47 43 46 55 67 82 97 112 129 145 34 29 34 45 60 75 91 108 125 142 23 15 23 38 54 71 88 105 122 140 18 0 18 35 52 70 87 104 122 139 23 15 23 38 54 71 88 105 122 140 34 29 34 45 60 75 91 108 125 142 47 43 46 55 67 82 97 112 129 145 60 57 60 67 77 90 104 118 134 150 74 72 73 79 88 99 112 126 140 155
58 64 51 51 56 23 83 53 86 87 70 45 85 48 68 49 66 68 27 94 43 53 45 48 56 22 50 32 105 68 56 51 90 41 67 55 55 59 49 100 67 60 57 60 67 77 90 104 118 134 55 46 43 46 55 67 81 97 112 129 45 34 29 34 45 60 75 91 108 125 38 23 15 23 38 54 71 88 105 122 35 18 0 18 35 52 70 87 104 122 38 23 15 23 38 54 71 88 105 122 45 34 29 34 45 60 75 91 108 125 55 46 43 46 55 67 81 97 112 129 67 60 57 60 67 77 90 104 118 134 80 73 71 73 79 88 99 112 126 140
41 51 34 40 40 23 66 36 68 78 55 28 67 39 51 39 49 52 10 77 31 40 28 36 39 25 32 27 87 53 39 35 75 25 51 40 44 44 44 83 77 67 60 57 59 66 77 89 103 118 68 55 46 43 46 55 67 81 97 112 60 45 34 29 33 45 59 75 91 108 54 38 23 15 23 38 54 71 88 105 52 35 18 0 18 35 52 70 87 104 54 38 23 15 23 38 54 71 88 105 60 45 34 29 33 45 59 75 91 108 68 55 46 43 46 55 67 81 97 112 77 67 60 57 59 66 77 89 103 118 88 79 73 71 73 79 88 99 112 125
24 42 17 34 26 33 49 19 51 72 41 13 50 37 35 35 32 36 10 59 26 32 10 30 22 37 16 32 70 40 22 20 61 14 36 29 39 31 45 66 90 77 67 59 57 59 66 77 89 103 82 67 55 46 43 46 55 67 81 96 75 60 45 33 29 33 45 59 75 91 71 54 38 23 15 23 38 54 71 88 70 52 35 18 0 18 35 52 70 87 71 54 38 23 15 23 38 54 71 88 75 60 45 33 29 33 45 59 75 91 82 67 55 46 43 46 55 67 81 96 90 77 67 59 57 59 66 77 89 103 99 88 79 73 71 73 78 87 99 111
10 40 4 36 20 48 32 2 34 70 31 13 33 43 22 39 16 23 27 42 31 32 8 33 7 52 7 44 53 31 9 15 48 20 25 26 41 24 52 50 104 90 77 66 59 56 59 66 76 89 97 82 67 55 46 42 46 55 67 81 91 75 60 45 33 28 33 45 59 75 88 71 54 38 23 14 23 38 54 71 87 70 52 35 18 0 18 35 52 70 88 71 54 38 23 14 23 38 54 71 91 75 60 45 33 28 33 45 59 75 97 82 67 55 46 42 46 55 67 81 104 90 77 66 59 56 59 66 76 89 112 99 88 79 73 70 72 78 87 98
15 44 19 46 27 64 16 17 17 72 29 28 16 54 18 49 9 19 44 25 44 41 25 44 15 68 22 59 36 31 17 25 40 34 23 33 50 29 63 34 119 104 90 77 66 59 56 59 66 76 113 97 81 67 55 46 42 46 54 67 108 91 75 59 45 33 28 33 45 59 105 88 71 54 38 23 14 23 38 54 104 87 70 52 35 18 0 18 35 52 105 88 71 54 38 23 14 23 38 54 108 91 75 59 45 33 28 33 45 59 113 97 81 67 55 46 42 46 54 67 119 104 90 77 66 59 56 59 66 76 126 112 99 88 78 72 70 72 78 87
31 54 36 59 40 81 10 34 5 78 36 44 3 68 28 63 23 29 61 8 58 54 43 58 32 84 39 74 18 39 33 41 38 51 32 46 62 41 77 21 134 118 104 89 77 66 59 56 58 65 129 112 97 81 67 55 46 42 45 54 125 108 91 75 59 45 33 28 33 45 122 105 88 71 54 38 23 14 23 38 122 104 87 70 52 35 18 0 18 35 122 105 88 71 54 38 23 14 23 38 125 108 91 75 59 45 33 28 33 45 129 112 97 81 67 55 46 42 45 54 134 118 104 89 77 66 59 56 58 65 140 126 112 99 87 78 72 70 72 77
48 67 54 74 56 98 24 51 20 87 49 61 20 83 43 78 40 43 79 11 74 69 60 73 49 101 56 91 3 52 50 57 44 68 47 62 77 56 92 19 150 134 118 103 89 76 66 58 55 58 145 129 112 97 81 67 54 45 42 45 142 125 108 91 75 59 45 33 28 33 140 122 105 88 71 54 38 23 14 23 139 122 104 87 70 52 35 18 0 18 140 122 105 88 71 54 38 23 14 23 142 125 108 91 75 59 45 33 28 33 145 129 112 97 81 67 54 45 42 45 150 134 118 103 89 76 66 58 55 58 156 140 126 112 99 87 78 72 69 71
65 82 71 90 73 115 40 69 37 98 64 78 37 99 59 94 57 60 96 28 91 85 77 89 66 118 73 107 18 67 67 74 55 85 63 78 92 72 107 30 166 150 134 118 103 89 76 65 58 55 162 145 129 112 96 81 67 54 45 42 159 142 125 108 91 75 59 45 33 28 157 140 122 105 88 71 54 38 23 14 156 139 122 104 87 70 52 35 18 0 157 140 122 105 88 71 54 38 23 14 159 142 125 108 91 75 59 45 33 28 162 145 129 112 96 81 67 54 45 42 166 150 134 118 103 89 76 65 58 55 171 155 140 125 111 98 87 77 71 69
92 88 87 76 87 56 117 89 121 103 100 79 120 82 100 73 100 100 62 130 71 79 81 74 91 54 84 54 140 97 90 88 119 78 98 84 90 89 65 137 72 74 80 88 99 112 126 140 156 171 58 60 67 77 90 104 119 134 150 166 43 47 55 68 82 97 113 129 145 162 29 34 45 60 75 91 108 125 142 159 15 23 38 54 71 88 105 122 140 157 0 18 35 52 70 87 104 122 139 156 15 23 38 54 71 88 105 122 140 157 29 34 45 60 75 91 108 125 142 159 43 47 55 68 82 97 113 129 145 162 58 60 67 77 90 104 119 134 150 166
75 72 69 59 70 44 100 72 104 89 83 62 103 70 83 56 83 83 45 113 54 62 64 57 74 42 67 37 122 80 73 72 102 62 81 67 77 72 50 120 74 72 73 79 88 99 112 126 140 155 60 57 60 67 77 90 104 118 134 150 47 43 46 55 67 82 97 112 129 145 34 29 34 45 60 75 91 108 125 142 23 15 23 38 54 71 88 105 122 140 18 0 18 35 52 70 87 104 122 139 23 15 23 38 54 71 88 105 122 140 34 29 34 45 60 75 91 108 125 142 47 43 46 55 67 82 97 112 129 145 60 57 60 67 77 90 104 118 134 150
58 56 52 43 52 36 83 55 87 76 66 44 86 59 66 41 66 66 28 95 37 46 47 41 57 36 50 22 105 63 56 57 85 47 64 50 65 55 37 103 80 73 71 73 79 88 99 112 126 140 67 60 57 60 67 77 90 104 118 134 55 46 43 46 55 67 81 97 112 129 45 34 29 34 45 60 75 91 108 125 38 23 15 23 38 54 71 88 105 122 35 18 0 18 35 52 70 87 104 122 38 23 15 23 38 54 71 88 105 122 45 34 29 34 45 60 75 91 108 125 55 46 43 46 55 67 81 97 112 129 67 60 57 60 67 77 90 104 118 134
41 41 36 29 35 36 66 39 71 66 49 27 69 53 48 27 49 48 14 78 21 30 31 26 40 38 33 13 88 47 39 43 69 35 47 33 57 38 30 87 88 79 73 71 73 79 88 99 112 125 77 67 60 57 59 66 77 89 103 118 68 55 46 43 46 55 67 81 97 112 60 45 34 29 33 45 59 75 91 108 54 38 23 15 23 38 54 71 88 105 52 35 18 0 18 35 52 70 87 104 54 38 23 15 23 38 54 71 88 105 60 45 34 29 33 45 59 75 91 108 68 55 46 43 46 55 67 81 97 112 77 67 60 57 59 66 77 89 103 118
24 30 20 20 18 43 48 23 54 58 33 11 52 51 31 21 32 31 14 62 12 19 18 16 24 46 17 22 71 31 22 32 53 28 30 18 53 22 31 71 99 88 79 73 71 73 78 87 99 111 90 77 67 59 57 59 66 77 89 103 82 67 55 46 43 46 55 67 81 96 75 60 45 33 29 33 45 59 75 91 71 54 38 23 15 23 38 54 71 88 70 52 35 18 0 18 35 52 70 87 71 54 38 23 15 23 38 54 71 88 75 60 45 33 29 33 45 59 75 91 82 67 55 46 43 46 55 67 81 96 90 77 67 59 57 59 66 77 89 103
8 26 12 24 6 56 31 14 38 56 19 10 36 56 14 27 15 14 28 45 21 20 17 22 10 59 9 37 54 18 7 29 38 31 14 12 55 10 41 56 112 99 88 79 73 70 72 78 87 98 104 90 77 66 59 56 59 66 76 89 97 82 67 55 46 42 46 55 67 81 91 75 60 45 33 28 33 45 59 75 88 71 54 38 23 14 23 38 54 71 87 70 52 35 18 0 18 35 52 70 88 71 54 38 23 14 23 38 54 71 91 75 60 45 33 28 33 45 59 75 97 82 67 55 46 42 46 55 67 81 104 90 77 66 59 56 59 66 76 89
14 33 22 37 19 70 14 22 25 58 16 26 21 65 6 41 8 7 45 30 37 32 29 36 17 73 23 54 37 18 16 35 27 42 10 24 61 19 55 43 126 112 99 88 78 72 70 72 78 87 119 104 90 77 66 59 56 59 66 76 113 97 81 67 55 46 42 46 54 67 108 91 75 59 45 33 28 33 45 59 105 88 71 54 38 23 14 23 38 54 104 87 70 52 35 18 0 18 35 52 105 88 71 54 38 23 14 23 38 54 108 91 75 59 45 33 28 33 45 59 113 97 81 67 55 46 42 46 54 67 119 104 90 77 66 59 56 59 66 76
30 45 38 53 36 85 7 37 19 66 27 44 14 77 22 56 23 22 62 18 54 48 45 52 33 89 39 71 22 30 33 47 25 56 25 41 72 35 70 34 140 126 112 99 87 78 72 70 72 77 134 118 104 89 77 66 59 56 58 65 129 112 97 81 67 55 46 42 45 54 125 108 91 75 59 45 33 28 33 45 122 105 88 71 54 38 23 14 23 38 122 104 87 70 52 35 18 0 18 35 122 105 88 71 54 38 23 14 23 38 125 108 91 75 59 45 33 28 33 45 129 112 97 81 67 55 46 42 45 54 134 118 104 89 77 66 59 56 58 65
47 60 55 69 53 101 23 53 27 76 43 61 24 90 39 73 40 40 79 20 71 64 62 69 49 105 56 88 12 46 50 62 33 72 42 57 84 52 86 32 156 140 126 112 99 87 78 72 69 71 150 134 118 103 89 76 66 58 55 58 145 129 112 97 81 67 54 45 42 45 142 125 108 91 75 59 45 33 28 33 140 122 105 88 71 54 38 23 14 23 139 122 104 87 70 52 35 18 0 18 140 122 105 88 71 54 38 23 14 23 142 125 108 91 75 59 45 33 28 33 145 129 112 97 81 67 54 45 42 45 150 134 118 103 89 76 66 58 55 58
65 76 72 86 70 118 40 70 41 89 60 78 40 105 57 89 57 57 96 33 88 81 79 86 66 121 73 105 21 63 67 78 47 88 59 74 98 69 103 39 171 155 140 125 111 98 87 77 71 69 166 150 134 118 103 89 76 65 58 55 162 145 129 112 96 81 67 54 45 42 159 142 125 108 91 75 59 45 33 28 157 140 122 105 88 71 54 38 23 14 156 139 122 104 87 70 52 35 18 0 157 140 122 105 88 71 54 38 23 14 159 142 125 108 91 75 59 45 33 28 162 145 129 112 96 81 67 54 45 42 166 150 134 118 103 89 76 65 58 55
94 85 90 73 87 66 119 92 124 96 99 81 122 92 101 70 102 101 66 132 70 77 85 72 94 64 87 52 142 96 92 94 117 84 98 83 99 89 60 141 86 88 93 100 110 122 134 148 162 177 72 74 80 88 99 112 126 140 156 171 58 60 67 77 90 104 119 134 150 166 43 47 55 68 82 97 113 129 145 162 29 34 45 60 75 91 108 125 142 159 15 23 38 54 71 88 105 122 140 157 0 18 35 52 70 87 104 122 139 156 15 23 38 54 71 88 105 122 140 157 29 34 45 60 75 91 108 125 142 159 43 47 55 68 82 97 113 129 145 162
78 68 73 56 70 56 102 76 108 81 81 64 106 81 84 53 85 83 50 115 52 60 69 55 77 55 70 35 125 79 76 79 100 70 81 66 87 72 43 124 88 86 87 92 100 110 121 134 148 162 74 72 73 79 88 99 112 126 140 155 60 57 60 67 77 90 104 118 134 150 47 43 46 55 67 82 97 112 129 145 34 29 34 45 60 75 91 108 125 142 23 15 23 38 54 71 88 105 122 140 18 0 18 35 52 70 87 104 122 139 23 15 23 38 54 71 88 105 122 140 34 29 34 45 60 75 91 108 125 142 47 43 46 55 67 82 97 112 129 145
61 51 57 39 53 50 85 60 91 67 64 48 89 72 66 36 69 66 36 99 35 43 53 38 61 50 54 18 108 61 59 65 82 57 64 49 77 54 28 108 93 87 85 87 92 99 109 121 134 148 80 73 71 73 79 88 99 112 126 140 67 60 57 60 67 77 90 104 118 134 55 46 43 46 55 67 81 97 112 129 45 34 29 34 45 60 75 91 108 125 38 23 15 23 38 54 71 88 105 122 35 18 0 18 35 52 70 87 104 122 38 23 15 23 38 54 71 88 105 122 45 34 29 34 45 60 75 91 108 125 55 46 43 46 55 67 81 97 112 129
45 35 42 22 36 50 68 46 76 54 47 33 73 66 50 19 52 49 26 83 18 26 40 21 45 51 39 2 91 44 43 53 65 47 47 31 70 37 16 93 100 92 87 85 87 91 99 109 121 134 88 79 73 71 73 79 88 99 112 125 77 67 60 57 59 66 77 89 103 118 68 55 46 43 46 55 67 81 97 112 60 45 34 29 33 45 59 75 91 108 54 38 23 15 23 38 54 71 88 105 52 35 18 0 18 35 52 70 87 104 54 38 23 15 23 38 54 71 88 105 60 45 34 29 33 45 59 75 91 108 68 55 46 43 46 55 67 81 97 112
31 19 30 7 20 55 52 34 60 45 29 21 57 65 33 7 37 32 26 67 3 9 31 3 32 58 27 18 75 27 29 45 48 42 29 14 67 20 19 78 110 100 92 87 85 86 91 99 109 120 99 88 79 73 71 73 78 87 99 111 90 77 67 59 57 59 66 77 89 103 82 67 55 46 43 46 55 67 81 96 75 60 45 33 29 33 45 59 75 91 71 54 38 23 15 23 38 54 71 88 70 52 35 18 0 18 35 52 70 87 71 54 38 23 15 23 38 54 71 88 75 60 45 33 29 33 45 59 75 91 82 67 55 46 43 46 55 67 81 96
21 12 25 15 9 65 36 28 47 42 12 21 43 69 18 19 25 17 36 52 18 10 30 15 24 68 23 35 59 9 21 42 32 44 13 6 68 5 33 65 122 110 99 91 86 84 86 91 98 108 112 99 88 79 73 70 72 78 87 98 104 90 77 66 59 56 59 66 76 89 97 82 67 55 46 42 46 55 67 81 91 75 60 45 33 28 33 45 59 75 88 71 54 38 23 14 23 38 54 71 87 70 52 35 18 0 18 35 52 70 88 71 54 38 23 14 23 38 54 71 91 75 60 45 33 28 33 45 59 75 97 82 67 55 46 42 46 55 67 81
24 23 31 32 20 78 24 32 36 45 6 32 32 76 12 36 21 11 50 39 35 28 38 32 27 81 30 52 44 9 25 47 16 52 9 22 74 17 49 54 134 121 109 99 91 86 84 85 90 98 126 112 99 88 78 72 70 72 78 87 119 104 90 77 66 59 56 59 66 76 113 97 81 67 55 46 42 46 54 67 108 91 75 59 45 33 28 33 45 59 105 88 71 54 38 23 14 23 38 54 104 87 70 52 35 18 0 18 35 52 105 88 71 54 38 23 14 23 38 54 108 91 75 59 45 33 28 33 45 59 113 97 81 67 55 46 42 46 54 67
36 39 44 49 37 92 20 44 33 54 23 47 28 86 25 53 30 24 66 32 53 45 51 50 39 95 44 70 31 26 38 57 12 64 25 39 82 34 66 47 148 134 121 109 99 91 85 83 85 90 140 126 112 99 87 78 72 70 72 77 134 118 104 89 77 66 59 56 58 65 129 112 97 81 67 55 46 42 45 54 125 108 91 75 59 45 33 28 33 45 122 105 88 71 54 38 23 14 23 38 122 104 87 70 52 35 18 0 18 35 122 105 88 71 54 38 23 14 23 38 125 108 91 75 59 45 33 28 33 45 129 112 97 81 67 55 46 42 45 54
51 56 59 67 54 107 29 58 38 67 41 63 34 99 41 70 44 40 82 32 70 62 66 67 54 110 60 87 26 44 53 70 25 78 42 56 94 51 83 46 162 148 134 121 109 98 90 85 83 85 156 140 126 112 99 87 78 72 69 71 150 134 118 103 89 76 66 58 55 58 145 129 112 97 81 67 54 45 42 45 142 125 108 91 75 59 45 33 28 33 140 122 105 88 71 54 38 23 14 23 139 122 104 87 70 52 35 18 0 18 140 122 105 88 71 54 38 23 14 23 142 125 108 91 75 59 45 33 28 33 145 129 112 97 81 67 54 45 42 45
67 73 75 84 71 123 44 74 49 81 58 80 46 112 58 87 60 57 99 41 87 79 82 84 70 126 76 104 31 61 69 84 41 93 59 74 106 68 100 51 177 162 148 134 120 108 98 90 85 83 171 155 140 125 111 98 87 77 71 69 166 150 134 118 103 89 76 65 58 55 162 145 129 112 96 81 67 54 45 42 159 142 125 108 91 75 59 45 33 28 157 140 122 105 88 71 54 38 23 14 156 139 122 104 87 70 52 35 18 0 157 140 122 105 88 71 54 38 23 14 159 142 125 108 91 75 59 45 33 28 162 145 129 112 96 81 67 54 45 42
98 85 95 74 90 77 122 98 129 91 100 85 126 103 103 70 106 103 72 136 72 78 91 74 98 76 91 55 145 97 96 101 117 92 100 85 109 91 58 146 100 102 106 112 121 132 144 156 170 184 86 88 93 100 110 122 134 148 162 177 72 74 80 88 99 112 126 140 156 171 58 60 67 77 90 104 119 134 150 166 43 47 55 68 82 97 113 129 145 162 29 34 45 60 75 91 108 125 142 159 15 23 38 54 71 88 105 122 140 157 0 18 35 52 70 87 104 122 139 156 15 23 38 54 71 88 105 122 140 157 29 34 45 60 75 91 108 125 142 159
82 67 79 57 73 69 105 82 113 75 83 70 110 92 87 53 90 86 58 120 55 61 76 57 83 68 76 39 128 80 81 87 99 79 83 68 99 74 41 130 102 100 101 105 112 121 131 143 156 170 88 86 87 92 100 110 121 134 148 162 74 72 73 79 88 99 112 126 140 155 60 57 60 67 77 90 104 118 134 150 47 43 46 55 67 82 97 112 129 145 34 29 34 45 60 75 91 108 125 142 23 15 23 38 54 71 88 105 122 140 18 0 18 35 52 70 87 104 122 139 23 15 23 38 54 71 88 105 122 140 34 29 34 45 60 75 91 108 125 142
67 50 65 40 57 64 89 68 97 59 66 55 94 85 70 36 74 70 47 104 39 44 62 40 68 64 61 24 112 63 65 75 82 68 67 51 90 57 24 115 106 101 99 101 105 112 121 131 143 156 93 87 85 87 92 99 109 121 134 148 80 73 71 73 79 88 99 112 126 140 67 60 57 60 67 77 90 104 118 134 55 46 43 46 55 67 81 97 112 129 45 34 29 34 45 60 75 91 108 125 38 23 15 23 38 54 71 88 105 122 35 18 0 18 35 52 70 87 104 122 38 23 15 23 38 54 71 88 105 122 45 34 29 34 45 60 75 91 108 125
53 33 52 23 42 64 73 55 83 44 49 43 79 80 54 19 59 54 39 89 24 28 51 24 54 65 48 16 96 46 51 65 65 60 50 36 84 41 6 100 112 105 101 99 100 105 111 120 131 143 100 92 87 85 87 91 99 109 121 134 88 79 73 71 73 79 88 99 112 125 77 67 60 57 59 66 77 89 103 118 68 55 46 43 46 55 67 81 97 112 60 45 34 29 33 45 59 75 91 108 54 38 23 15 23 38 54 71 88 105 52 35 18 0 18 35 52 70 87 104 54 38 23 15 23 38 54 71 88 105 60 45 34 29 33 45 59 75 91 108
41 16 43 10 29 68 58 46 69 33 33 34 65 79 40 8 47 39 39 74 17 14 44 13 43 70 39 24 80 30 40 58 47 56 35 22 81 27 12 87 121 112 105 100 99 100 104 111 120 130 110 100 92 87 85 86 91 99 109 120 99 88 79 73 71 73 78 87 99 111 90 77 67 59 57 59 66 77 89 103 82 67 55 46 43 46 55 67 81 96 75 60 45 33 29 33 45 59 75 91 71 54 38 23 15 23 38 54 71 88 70 52 35 18 0 18 35 52 70 87 71 54 38 23 15 23 38 54 71 88 75 60 45 33 29 33 45 59 75 91
35 4 39 17 23 76 45 42 57 28 19 34 53 82 29 20 37 27 46 61 24 15 44 20 38 79 36 39 66 16 35 56 30 57 23 18 82 19 29 75 132 121 112 105 100 98 99 104 110 119 122 110 99 91 86 84 86 91 98 108 112 99 88 79 73 70 72 78 87 98 104 90 77 66 59 56 59 66 76 89 97 82 67 55 46 42 46 55 67 81 91 75 60 45 33 28 33 45 59 75 88 71 54 38 23 14 23 38 54 71 87 70 52 35 18 0 18 35 52 70 88 71 54 38 23 14 23 38 54 71 91 75 60 45 33 28 33 45 59 75
36 21 43 33 29 87 36 45 49 33 15 42 44 88 26 36 35 24 58 51 39 30 50 35 40 90 42 55 53 16 37 60 13 64 22 28 86 24 47 66 144 131 121 111 104 99 98 99 103 110 134 121 109 99 91 86 84 85 90 98 126 112 99 88 78 72 70 72 78 87 119 104 90 77 66 59 56 59 66 76 113 97 81 67 55 46 42 46 54 67 108 91 75 59 45 33 28 33 45 59 105 88 71 54 38 23 14 23 38 54 104 87 70 52 35 18 0 18 35 52 105 88 71 54 38 23 14 23 38 54 108 91 75 59 45 33 28 33 45 59
45 38 53 50 42 100 34 54 46 45 27 54 42 97 33 53 41 32 72 45 55 46 60 51 48 103 52 71 43 29 47 68 7 74 31 43 94 38 64 60 156 143 131 120 111 104 99 97 99 103 148 134 121 109 99 91 85 83 85 90 140 126 112 99 87 78 72 70 72 77 134 118 104 89 77 66 59 56 58 65 129 112 97 81 67 55 46 42 45 54 125 108 91 75 59 45 33 28 33 45 122 105 88 71 54 38 23 14 23 38 122 104 87 70 52 35 18 0 18 35 122 105 88 71 54 38 23 14 23 38 125 108 91 75 59 45 33 28 33 45
58 55 66 67 57 114 40 66 50 59 43 69 46 108 47 70 52 46 87 46 72 63 73 68 61 117 66 88 39 45 60 79 23 86 46 59 104 54 81 60 170 156 143 131 120 110 103 99 97 98 162 148 134 121 109 98 90 85 83 85 156 140 126 112 99 87 78 72 69 71 150 134 118 103 89 76 66 58 55 58 145 129 112 97 81 67 54 45 42 45 142 125 108 91 75 59 45 33 28 33 140 122 105 88 71 54 38 23 14 23 139 122 104 87 70 52 35 18 0 18 140 122 105 88 71 54 38 23 14 23 142 125 108 91 75 59 45 33 28 33
73 72 81 84 74 129 51 80 59 75 60 84 56 121 62 88 66 61 103 52 89 80 88 85 75 132 81 105 43 62 75 92 40 100 62 76 116 70 99 64 184 170 156 143 130 119 110 103 98 96 177 162 148 134 120 108 98 90 85 83 171 155 140 125 111 98 87 77 71 69 166 150 134 118 103 89 76 65 58 55 162 145 129 112 96 81 67 54 45 42 159 142 125 108 91 75 59 45 33 28 157 140 122 105 88 71 54 38 23 14 156 139 122 104 87 70 52 35 18 0 157 140 122 105 88 71 54 38 23 14 159 142 125 108 91 75 59 45 33 28
104 86 101 77 94 89 127 104 135 88 103 92 132 114 108 73 111 107 81 141 76 82 98 77 105 88 98 61 149 100 102 110 118 101 104 89 120 95 60 152 115 116 119 125 133 143 154 166 179 192 100 102 106 112 121 132 144 156 170 184 86 88 93 100 110 122 134 148 162 177 72 74 80 88 99 112 126 140 156 171 58 60 67 77 90 104 119 134 150 166 43 47 55 68 82 97 113 129 145 162 29 34 45 60 75 91 108 125 142 159 15 23 38 54 71 88 105 122 140 157 0 18 35 52 70 87 104 122 139 156 15 23 38 54 71 88 105 122 140 157
89 69 87 60 79 82 111 90 119 71 86 78 116 105 92 57 96 91 68 126 61 65 85 61 90 81 83 46 133 83 87 97 101 90 88 73 111 79 43 137 116 114 115 119 125 133 142 153 165 178 102 100 101 105 112 121 131 143 156 170 88 86 87 92 100 110 121 134 148 162 74 72 73 79 88 99 112 126 140 155 60 57 60 67 77 90 104 118 134 150 47 43 46 55 67 82 97 112 129 145 34 29 34 45 60 75 91 108 125 142 23 15 23 38 54 71 88 105 122 140 18 0 18 35 52 70 87 104 122 139 23 15 23 38 54 71 88 105 122 140
75 53 74 45 64 78 95 77 105 54 70 65 101 98 76 41 82 76 59 111 47 50 73 46 76 78 70 35 118 67 74 86 84 80 72 58 103 63 27 123 119 115 114 115 118 124 132 142 153 165 106 101 99 101 105 112 121 131 143 156 93 87 85 87 92 99 109 121 134 148 80 73 71 73 79 88 99 112 126 140 67 60 57 60 67 77 90 104 118 134 55 46 43 46 55 67 81 97 112 129 45 34 29 34 45 60 75 91 108 125 38 23 15 23 38 54 71 88 105 122 35 18 0 18 35 52 70 87 104 122 38 23 15 23 38 54 71 88 105 122
63 37 63 31 51 78 81 67 91 37 55 54 87 94 62 28 69 61 53 96 36 36 64 34 65 79 59 31 102 51 62 77 67 73 57 44 97 49 15 109 125 119 115 113 114 118 124 132 141 152 112 105 101 99 100 105 111 120 131 143 100 92 87 85 87 91 99 109 121 134 88 79 73 71 73 79 88 99 112 125 77 67 60 57 59 66 77 89 103 118 68 55 46 43 46 55 67 81 97 112 60 45 34 29 33 45 59 75 91 108 54 38 23 15 23 38 54 71 88 105 52 35 18 0 18 35 52 70 87 104 54 38 23 15 23 38 54 71 88 105
53 23 56 24 41 81 67 59 79 22 41 48 75 93 50 22 58 49 53 83 31 27 58 27 56 83 52 35 88 38 53 72 51 70 45 34 95 38 18 97 133 125 118 114 113 114 117 123 131 141 121 112 105 100 99 100 104 111 120 130 110 100 92 87 85 86 91 99 109 120 99 88 79 73 71 73 78 87 99 111 90 77 67 59 57 59 66 77 89 103 82 67 55 46 43 46 55 67 81 96 75 60 45 33 29 33 45 59 75 91 71 54 38 23 15 23 38 54 71 88 70 52 35 18 0 18 35 52 70 87 71 54 38 23 15 23 38 54 71 88
49 17 53 27 37 88 56 56 69 14 31 48 64 96 42 28 51 40 58 72 36 28 58 31 52 91 50 46 75 28 48 70 35 71 36 32 96 33 32 87 143 133 124 118 114 112 113 117 123 131 132 121 112 105 100 98 99 104 110 119 122 110 99 91 86 84 86 91 98 108 112 99 88 79 73 70 72 78 87 98 104 90 77 66 59 56 59 66 76 89 97 82 67 55 46 42 46 55 67 81 91 75 60 45 33 28 33 45 59 75 88 71 54 38 23 14 23 38 54 71 87 70 52 35 18 0 18 35 52 70 88 71 54 38 23 14 23 38 54 71
50 26 56 39 41 98 49 58 62 23 29 54 57 101 40 41 49 38 68 63 47 37 62 42 53 100 54 60 64 28 50 73 22 76 35 38 100 36 49 79 154 142 132 124 117 113 112 113 116 122 144 131 121 111 104 99 98 99 103 110 134 121 109 99 91 86 84 85 90 98 126 112 99 88 78 72 70 72 78 87 119 104 90 77 66 59 56 59 66 76 113 97 81 67 55 46 42 46 54 67 108 91 75 59 45 33 28 33 45 59 105 88 71 54 38 23 14 23 38 54 104 87 70 52 35 18 0 18 35 52 105 88 71 54 38 23 14 23 38 54
56 41 64 54 51 109 48 65 60 38 36 64 55 109 45 57 53 43 80 59 61 51 71 56 60 112 63 76 56 37 58 80 19 85 42 50 106 46 65 74 166 153 142 132 123 117 113 111 112 116 156 143 131 120 111 104 99 97 99 103 148 134 121 109 99 91 85 83 85 90 140 126 112 99 87 78 72 70 72 77 134 118 104 89 77 66 59 56 58 65 129 112 97 81 67 55 46 42 45 54 125 108 91 75 59 45 33 28 33 45 122 105 88 71 54 38 23 14 23 38 122 104 87 70 52 35 18 0 18 35 122 105 88 71 54 38 23 14 23 38
67 57 75 70 64 122 52 75 63 54 49 76 59 119 55 73 62 54 94 59 76 67 82 72 70 125 75 92 53 51 69 89 29 96 54 64 115 60 82 73 179 165 153 141 131 123 116 112 110 112 170 156 143 131 120 110 103 99 97 98 162 148 134 121 109 98 90 85 83 85 156 140 126 112 99 87 78 72 69 71 150 134 118 103 89 76 66 58 55 58 145 129 112 97 81 67 54 45 42 45 142 125 108 91 75 59 45 33 28 33 140 122 105 88 71 54 38 23 14 23 139 122 104 87 70 52 35 18 0 18 140 122 105 88 71 54 38 23 14 23
80 74 88 87 79 136 61 88 70 71 64 91 66 130 69 90 74 68 109 64 92 83 96 88 83 139 88 108 56 66 82 101 44 108 68 80 125 75 99 76 192 178 165 152 141 131 122 116 112 110 184 170 156 143 130 119 110 103 98 96 177 162 148 134 120 108 98 90 85 83 171 155 140 125 111 98 87 77 71 69 166 150 134 118 103 89 76 65 58 55 162 145 129 112 96 81 67 54 45 42 159 142 125 108 91 75 59 45 33 28 157 140 122 105 88 71 54 38 23 14 156 139 122 104 87 70 52 35 18 0 157 140 122 105 88 71 54 38 23 14
112 90 109 82 101 102 132 113 142 87 107 100 138 126 114 78 118 113 90 148 83 87 107 83 112 101 106 69 155 104 110 119 121 112 109 95 132 100 65 159 129 130 133 138 145 154 164 176 188 201 115 116 119 125 133 143 154 166 179 192 100 102 106 112 121 132 144 156 170 184 86 88 93 100 110 122 134 148 162 177 72 74 80 88 99 112 126 140 156 171 58 60 67 77 90 104 119 134 150 166 43 47 55 68 82 97 113 129 145 162 29 34 45 60 75 91 108 125 142 159 15 23 38 54 71 88 105 122 140 157 0 18 35 52 70 87 104 122 139 156
98 74 96 67 86 95 117 100 127 69 92 87 124 118 99 64 104 98 80 133 69 72 95 69 99 95 93 57 139 89 96 108 104 101 94 80 123 85 49 145 130 128 129 132 138 145 154 164 175 187 116 114 115 119 125 133 142 153 165 178 102 100 101 105 112 121 131 143 156 170 88 86 87 92 100 110 121 134 148 162 74 72 73 79 88 99 112 126 140 155 60 57 60 67 77 90 104 118 134 150 47 43 46 55 67 82 97 112 129 145 34 29 34 45 60 75 91 108 125 142 23 15 23 38 54 71 88 105 122 140 18 0 18 35 52 70 87 104 122 139
85 59 85 54 73 92 103 88 113 52 77 76 110 112 85 50 91 83 72 119 57 58 84 56 86 92 81 48 125 74 84 98 88 92 80 66 116 71 37 132 133 129 128 129 132 137 144 153 163 175 119 115 114 115 118 124 132 142 153 165 106 101 99 101 105 112 121 131 143 156 93 87 85 87 92 99 109 121 134 148 80 73 71 73 79 88 99 112 126 140 67 60 57 60 67 77 90 104 118 134 55 46 43 46 55 67 81 97 112 129 45 34 29 34 45 60 75 91 108 125 38 23 15 23 38 54 71 88 105 122 35 18 0 18 35 52 70 87 104 122
74 45 75 43 62 92 90 79 101 35 63 67 97 108 72 40 79 71 67 106 48 47 76 46 76 93 72 45 110 60 73 90 72 87 67 55 111 59 29 119 138 132 129 127 128 131 137 144 153 163 125 119 115 113 114 118 124 132 141 152 112 105 101 99 100 105 111 120 131 143 100 92 87 85 87 91 99 109 121 134 88 79 73 71 73 79 88 99 112 125 77 67 60 57 59 66 77 89 103 118 68 55 46 43 46 55 67 81 97 112 60 45 34 29 33 45 59 75 91 108 54 38 23 15 23 38 54 71 88 105 52 35 18 0 18 35 52 70 87 104
66 35 69 38 54 95 78 72 90 17 51 62 86 107 62 36 70 60 67 94 45 41 72 41 69 96 66 48 97 49 66 86 57 84 56 47 109 51 30 108 145 138 132 128 127 127 131 136 143 152 133 125 118 114 113 114 117 123 131 141 121 112 105 100 99 100 104 111 120 130 110 100 92 87 85 86 91 99 109 120 99 88 79 73 71 73 78 87 99 111 90 77 67 59 57 59 66 77 89 103 82 67 55 46 43 46 55 67 81 96 75 60 45 33 29 33 45 59 75 91 71 54 38 23 15 23 38 54 71 88 70 52 35 18 0 18 35 52 70 87
62 31 67 40 51 101 68 70 81 1 44 62 77 109 55 40 64 53 71 84 48 41 72 44 65 103 64 56 85 42 62 84 44 85 50 46 110 47 40 99 154 145 137 131 127 126 127 130 135 143 143 133 124 118 114 112 113 117 123 131 132 121 112 105 100 98 99 104 110 119 122 110 99 91 86 84 86 91 98 108 112 99 88 79 73 70 72 78 87 98 104 90 77 66 59 56 59 66 76 89 97 82 67 55 46 42 46 55 67 81 91 75 60 45 33 28 33 45 59 75 88 71 54 38 23 14 23 38 54 71 87 70 52 35 18 0 18 35 52 70
63 37 70 49 54 109 63 72 76 18 43 66 71 114 53 50 63 52 79 76 57 48 75 52 67 112 67 68 76 42 64 86 34 89 49 50 113 49 54 92 164 154 144 137 131 127 125 126 130 135 154 142 132 124 117 113 112 113 116 122 144 131 121 111 104 99 98 99 103 110 134 121 109 99 91 86 84 85 90 98 126 112 99 88 78 72 70 72 78 87 119 104 90 77 66 59 56 59 66 76 113 97 81 67 55 46 42 46 54 67 108 91 75 59 45 33 28 33 45 59 105 88 71 54 38 23 14 23 38 54 104 87 70 52 35 18 0 18 35 52
69 49 76 61 62 119 61 77 74 36 48 74 69 121 57 64 66 56 90 72 69 60 82 64 72 122 74 82 69 48 70 92 32 96 54 60 119 57 70 88 176 164 153 144 136 130 126 125 126 129 166 153 142 132 123 117 113 111 112 116 156 143 131 120 111 104 99 97 99 103 148 134 121 109 99 91 85 83 85 90 140 126 112 99 87 78 72 70 72 77 134 118 104 89 77 66 59 56 58 65 129 112 97 81 67 55 46 42 45 54 125 108 91 75 59 45 33 28 33 45 122 105 88 71 54 38 23 14 23 38 122 104 87 70 52 35 18 0 18 35
78 63 85 76 73 131 65 86 76 53 58 86 72 130 66 78 74 64 102 73 83 73 92 78 81 134 84 97 67 59 79 100 39 106 63 72 127 68 86 87 188 175 163 153 143 135 130 126 124 125 179 165 153 141 131 123 116 112 110 112 170 156 143 131 120 110 103 99 97 98 162 148 134 121 109 98 90 85 83 85 156 140 126 112 99 87 78 72 69 71 150 134 118 103 89 76 66 58 55 58 145 129 112 97 81 67 54 45 42 45 142 125 108 91 75 59 45 33 28 33 140 122 105 88 71 54 38 23 14 23 139 122 104 87 70 52 35 18 0 18
89 78 97 91 86 144 72 97 82 70 71 98 78 140 77 94 84 76 116 77 98 88 104 93 92 147 97 113 69 73 91 111 51 118 76 86 136 82 102 90 201 187 175 163 152 143 135 129 125 124 192 178 165 152 141 131 122 116 112 110 184 170 156 143 130 119 110 103 98 96 177 162 148 134 120 108 98 90 85 83 171 155 140 125 111 98 87 77 71 69 166 150 134 118 103 89 76 65 58 55 162 145 129 112 96 81 67 54 45 42 159 142 125 108 91 75 59 45 33 28 157 140 122 105 88 71 54 38 23 14 156 139 122 104 87 70 52 35 18 0
