0 46 66 77 64 45 55 65 73 27 76 61 8 24 68 53 42 65 58 58 28 49 74 55 32 12 51 88 67 14 66 67 10 25 53 50 31 57 64 54 117 107 100 95 93 94 98 106 115 126 106 95 87 81 79 80 86 94 104 116 96 84 74 67 65 67 73 82 94 107 87 73 62 54 51 53 61 72 85 100 79 64 51 41 37 40 50 63 78 94 74 58 42 29 23 28 41 56 73 89 71 54 37 20 9 19 36 53 70 87 70 53 36 19 6 18 35 52 69 87 73 57 41 27 20 26 40 56 72 89 78 63 49 39 34 38 48 62 77 93
46 0 21 42 52 4 11 54 46 34 53 17 44 36 44 26 21 27 56 20 22 4 44 35 25 35 55 67 46 38 44 23 42 34 26 21 32 47 57 25 90 76 63 54 48 49 55 65 78 93 84 68 54 42 34 35 43 56 71 87 79 62 46 31 21 22 34 49 66 82 77 60 42 25 9 12 29 46 63 80 77 60 43 26 12 14 30 46 63 81 80 64 48 34 24 26 36 51 67 83 85 70 56 45 38 39 47 59 73 88 92 79 66 57 52 52 58 68 81 95 101 88 78 70 66 66 71 79 90 103 111 99 90 83 80 80 84 91 100 112
66 21 0 30 63 24 12 66 39 54 48 7 65 56 41 38 38 28 70 17 43 18 35 37 40 56 72 72 43 59 42 3 63 54 29 34 47 60 70 26 78 62 47 34 27 30 41 55 71 87 75 58 41 25 14 19 33 50 67 84 74 57 39 22 5 14 31 48 66 83 75 59 42 27 17 21 35 51 67 84 80 64 49 37 30 33 43 57 72 88 86 72 59 49 44 46 54 65 79 94 94 81 70 62 58 60 66 75 87 101 103 92 82 75 72 73 78 86 97 109 114 103 95 89 86 87 91 98 107 119 125 115 108 103 100 101 104 110 119 129
77 42 30 0 91 45 34 94 13 74 21 29 78 75 18 66 62 58 97 22 62 40 8 26 46 68 97 101 21 75 21 27 77 73 25 61 48 88 97 24 49 35 23 23 33 48 64 80 97 114 45 28 12 11 26 43 61 78 95 112 45 28 13 11 27 43 61 78 95 112 50 35 24 23 33 48 64 80 97 114 57 45 37 37 44 56 70 85 101 117 67 57 51 51 56 66 78 92 107 122 78 70 65 65 69 77 87 100 114 129 90 83 79 79 82 89 98 109 122 136 103 97 93 93 96 101 110 120 131 144 116 110 107 107 109 114 121 131 141 153
64 52 63 91 0 48 58 3 97 37 104 63 57 40 95 26 33 37 13 71 43 53 94 85 67 55 21 25 97 50 95 66 55 40 77 31 74 7 8 76 140 125 110 96 83 73 65 61 62 68 134 118 103 88 74 61 52 47 49 56 130 113 97 81 66 51 40 34 36 45 127 110 93 76 60 44 29 20 24 36 126 109 91 74 57 40 23 7 15 31 126 109 92 74 57 40 24 10 16 32 128 111 94 77 61 45 31 23 26 38 131 114 98 82 67 54 42 37 39 48 136 120 104 89 76 64 55 51 52 59 141 126 112 98 86 75 68 64 65 71
45 4 24 45 48 0 13 51 49 31 56 19 43 33 47 23 18 26 52 24 20 6 47 38 26 33 52 64 49 36 47 25 40 31 29 18 33 44 54 28 94 79 67 57 50 50 55 65 77 91 87 72 57 45 37 36 43 55 69 85 82 66 50 35 24 23 33 47 63 80 80 63 45 28 12 11 26 43 60 78 80 63 45 29 13 11 26 43 60 78 82 66 50 35 24 23 33 48 63 80 87 72 57 45 37 36 43 55 69 85 94 80 67 57 51 50 55 65 77 91 102 89 78 69 64 64 68 76 87 99 111 100 90 82 78 78 81 88 97 109
55 11 12 34 58 13 0 61 39 44 47 7 54 46 39 32 30 28 64 13 32 8 37 32 30 44 64 70 41 48 40 13 52 44 23 28 37 55 64 21 82 68 54 44 38 41 49 62 76 92 77 61 45 32 24 28 40 54 70 87 74 57 40 23 11 17 33 50 67 84 73 56 39 22 6 15 32 49 66 84 75 59 43 28 19 24 37 52 69 86 80 65 51 39 33 36 45 59 74 90 87 73 61 51 47 49 56 67 81 95 95 83 72 64 61 62 68 78 89 103 105 94 84 78 75 76 81 89 99 111 116 105 97 91 89 90 94 101 110 121
65 54 66 94 3 51 61 0 99 39 106 65 58 42 98 29 35 40 12 73 45 55 97 88 69 57 21 25 99 52 98 68 56 42 80 33 76 9 6 78 143 127 112 98 86 75 67 63 63 68 137 121 105 90 76 64 54 49 50 56 133 116 100 83 68 54 42 35 36 45 130 112 96 79 62 46 32 22 24 35 128 111 94 76 59 42 25 10 13 30 128 111 94 76 59 42 25 10 14 30 130 113 96 79 62 46 32 22 24 36 133 116 100 84 68 54 43 36 37 45 137 121 105 90 77 64 55 49 50 57 143 127 113 99 86 75 67 63 64 69
73 46 39 13 97 49 39 99 0 75 9 36 76 75 7 71 66 65 101 26 63 44 5 19 42 66 100 109 10 73 10 36 74 73 22 66 43 92 102 23 46 35 30 34 45 60 75 91 108 125 39 24 16 23 38 54 71 88 105 122 35 18 1 18 35 52 69 87 104 121 38 23 14 22 37 54 71 88 105 122 45 33 28 33 44 59 75 91 107 124 55 46 42 45 54 67 81 96 112 128 66 59 56 59 66 76 89 103 118 133 79 73 70 72 78 87 98 111 125 139 92 87 84 86 91 99 109 120 133 147 105 100 99 100 104 111 120 130 142 155
27 34 54 74 37 31 44 39 75 0 80 50 21 4 72 28 19 44 33 53 13 37 75 59 37 19 28 61 72 14 71 56 18 3 53 27 41 31 39 53 121 108 97 87 81 77 78 82 90 100 112 98 86 75 67 64 64 70 78 90 105 90 76 64 54 50 51 57 68 81 99 83 68 54 42 36 37 46 59 73 95 78 61 46 31 22 25 37 52 68 93 75 58 41 24 9 14 31 48 65 93 75 58 41 24 9 14 31 48 65 95 78 61 46 31 22 24 36 51 68 99 83 68 53 42 36 37 46 58 73 105 90 76 64 54 49 50 57 68 81
76 53 48 21 104 56 47 106 9 80 0 45 79 80 9 78 73 74 108 34 68 52 14 22 46 70 106 117 9 77 10 45 78 79 28 74 45 99 109 29 42 34 33 41 54 68 84 100 117 134 32 20 20 31 47 63 80 97 114 131 27 10 9 26 43 61 78 95 113 130 29 15 14 28 45 62 79 96 113 130 37 27 27 36 50 66 82 98 115 132 48 41 40 47 58 72 87 103 119 135 60 55 54 59 69 81 94 109 124 140 73 69 68 72 80 90 103 116 131 146 87 83 82 86 92 101 112 125 138 153 100 97 97 99 105 113 123 134 147 160
61 17 7 29 63 19 7 65 36 50 45 0 60 52 37 37 35 30 69 12 38 14 33 32 34 50 70 73 39 54 38 7 57 50 24 33 41 59 69 21 78 63 49 38 33 36 47 60 75 91 73 57 41 26 19 25 38 54 71 88 71 54 37 19 5 17 34 51 69 86 72 55 38 22 11 19 35 52 69 86 75 59 44 31 25 29 42 56 73 89 81 66 53 43 39 42 51 64 78 94 88 75 64 56 53 55 62 73 86 100 97 86 76 69 67 68 74 83 95 108 108 97 89 83 81 82 87 95 105 117 119 109 102 97 95 96 100 107 116 127
8 44 65 78 57 43 54 58 76 21 79 60 0 18 71 48 37 61 51 58 25 47 76 58 34 10 43 81 70 8 69 66 3 18 54 45 35 51 57 55 120 110 101 95 92 92 95 101 110 120 110 98 89 82 78 78 82 89 98 110 100 87 77 68 64 64 69 77 88 101 92 78 65 56 50 50 56 66 79 93 85 70 55 44 36 37 44 57 71 87 80 64 48 33 23 24 35 49 65 82 78 60 43 26 11 12 28 45 62 80 78 60 43 26 11 12 28 45 62 80 80 64 48 33 23 24 35 49 65 82 85 70 56 44 36 37 45 57 71 87
24 36 56 75 40 33 46 42 75 4 80 52 18 0 72 32 22 46 36 54 14 39 75 59 36 16 30 64 72 10 70 58 15 3 54 30 40 34 41 53 121 108 98 89 83 80 81 85 93 103 112 98 86 76 69 66 67 73 82 93 104 90 76 64 56 52 54 61 71 84 98 82 67 54 43 38 40 49 62 76 93 77 60 45 32 24 28 40 55 71 91 74 56 39 23 11 18 33 50 67 90 73 56 39 21 6 15 32 49 67 92 75 59 42 28 19 24 37 53 69 96 80 64 50 39 33 36 45 59 74 102 87 73 60 51 47 49 56 67 81
68 44 41 18 95 47 39 98 7 72 9 37 71 72 0 70 64 66 99 26 59 43 11 14 38 62 97 109 4 69 4 38 70 70 19 65 38 91 101 20 50 40 36 40 50 64 79 94 110 127 41 28 22 28 41 57 73 90 107 124 35 19 8 20 36 53 70 88 105 122 35 19 7 20 36 53 70 88 105 122 41 28 22 28 41 57 73 90 107 124 50 40 36 40 50 63 78 94 110 127 61 53 50 53 61 72 86 100 116 131 73 66 64 66 73 82 94 108 122 137 86 80 78 80 85 94 104 116 130 144 99 94 92 94 98 106 115 126 139 152
53 26 38 66 26 23 32 29 71 28 78 37 48 32 70 0 12 17 33 45 26 27 69 60 46 42 35 42 71 40 70 41 45 30 52 5 53 23 32 50 114 99 85 72 61 53 51 54 63 74 109 93 77 62 50 40 37 42 52 66 105 88 71 55 40 28 23 30 44 59 103 85 68 51 34 18 9 22 38 55 102 85 68 51 33 17 6 21 38 55 104 87 70 54 38 25 20 28 42 58 108 91 75 60 47 37 33 39 50 64 113 97 83 69 58 50 47 51 60 72 119 105 91 79 70 63 61 64 71 81 127 114 101 91 82 77 75 77 83 92
42 21 38 62 33 18 30 35 66 19 73 35 37 22 64 12 0 25 35 41 14 23 64 53 36 31 35 52 65 29 64 40 34 20 46 9 43 28 37 44 111 96 83 72 63 59 59 65 74 85 104 89 74 61 51 45 46 53 63 77 99 82 67 52 39 31 32 41 55 70 95 78 61 45 30 18 20 33 48 65 94 76 59 42 25 8 11 28 46 63 94 77 60 43 27 14 16 31 47 64 97 81 65 49 36 27 28 38 52 68 102 86 71 58 47 41 41 49 60 74 108 94 80 68 59 54 55 61 70 82 116 102 90 80 72 68 69 73 81 92
65 27 28 58 37 26 28 40 65 44 74 30 61 46 66 17 25 0 47 40 37 26 62 59 51 54 51 44 68 54 67 31 58 45 50 17 59 36 44 48 106 90 74 59 46 37 35 41 52 66 102 85 69 52 37 25 21 30 44 60 100 83 66 49 32 15 8 23 40 57 100 83 66 49 32 16 9 23 40 57 102 86 69 53 38 26 22 31 45 60 106 90 75 60 47 38 36 42 53 67 112 97 82 69 58 51 50 54 63 75 119 105 91 80 71 65 64 67 74 85 127 114 102 91 84 79 77 80 86 95 136 124 113 104 97 92 91 94 99 107
58 56 70 97 13 52 64 12 101 33 108 69 51 36 99 33 35 47 0 76 42 57 99 88 67 52 10 36 100 45 98 73 49 36 80 37 73 11 8 79 145 131 117 104 92 83 77 74 75 80 139 123 109 95 82 71 63 60 61 67 133 117 101 86 72 60 50 46 48 55 129 112 96 80 64 50 38 32 35 45 126 109 92 75 59 42 28 19 23 36 125 108 91 73 56 39 22 6 15 32 125 108 91 74 57 40 23 11 18 33 127 110 94 77 61 45 32 24 28 40 131 114 98 82 67 54 43 38 40 49 135 120 104 90 76 65 56 52 54 60
58 20 17 22 71 24 13 73 26 53 34 12 58 54 26 45 41 40 76 0 40 19 24 21 28 49 75 83 28 54 27 15 56 52 13 40 34 67 76 10 70 56 44 37 38 45 57 71 87 103 64 48 34 24 24 35 50 66 82 99 61 44 27 12 13 28 45 62 80 97 61 43 26 11 12 28 45 62 79 97 64 48 33 22 23 34 49 65 82 99 70 55 43 36 36 44 56 71 86 102 78 65 55 50 50 56 66 78 93 108 87 76 68 64 64 68 77 88 101 115 98 88 81 77 77 81 88 98 110 123 110 101 95 91 91 95 101 109 120 132
28 22 43 62 43 20 32 45 63 13 68 38 25 14 59 26 14 37 42 40 0 25 62 47 26 17 39 64 60 18 58 44 22 12 41 22 32 37 46 40 108 95 84 75 70 68 71 78 87 99 100 86 73 63 56 54 58 66 77 90 93 78 63 51 43 40 45 55 68 83 88 71 56 41 30 26 33 46 61 77 85 68 51 34 19 13 24 40 57 74 84 66 49 32 15 4 21 38 56 73 85 68 52 36 22 17 27 42 58 75 89 73 58 44 34 31 37 49 63 79 95 80 66 55 47 45 49 58 71 85 102 89 77 67 60 59 62 70 80 93
49 4 18 40 53 6 8 55 44 37 52 14 47 39 43 27 23 26 57 19 25 0 42 35 27 38 57 67 45 41 44 20 45 37 26 22 34 49 58 24 89 74 61 51 45 46 52 63 76 91 82 67 52 39 31 32 41 54 69 85 78 61 45 30 18 19 32 48 65 82 77 59 42 25 8 11 28 46 63 80 78 61 44 28 14 16 31 47 64 81 81 65 50 36 27 29 38 52 68 84 87 72 58 47 41 42 49 61 74 89 94 81 69 60 55 55 61 71 83 96 103 91 81 73 69 69 74 82 92 105 113 102 93 86 83 83 87 94 103 114
74 44 35 8 94 47 37 97 5 75 14 33 76 75 11 69 64 62 99 24 62 42 0 21 43 67 98 106 14 73 14 33 75 73 22 64 45 90 100 22 47 34 27 30 41 55 71 87 104 121 41 25 13 18 33 50 67 84 101 118 39 22 5 14 31 49 66 83 100 118 42 27 17 22 35 51 68 85 102 119 50 38 31 34 44 57 73 89 105 122 60 50 45 47 55 66 79 94 110 126 71 63 59 61 67 76 88 102 116 131 83 77 74 75 79 87 98 110 124 138 96 90 88 88 93 99 109 120 132 146 109 104 102 102 106 112 120 130 142 154
55 35 37 26 85 38 32 88 19 59 22 32 58 59 14 60 53 59 88 21 47 35 21 0 25 49 85 101 13 56 12 35 57 57 9 56 25 80 90 12 63 53 47 48 54 64 77 92 107 123 53 41 33 34 42 55 70 86 102 119 46 31 20 21 33 48 65 82 99 116 43 25 9 11 28 45 62 80 97 114 44 27 13 15 30 46 63 80 97 115 49 35 26 27 37 51 67 83 100 117 58 46 40 40 48 59 73 88 104 120 68 59 54 54 60 69 81 95 110 125 80 72 68 68 72 80 91 104 117 132 92 85 82 82 86 92 102 113 126 139
32 25 40 46 67 26 30 69 42 37 46 34 34 36 38 46 36 51 67 28 26 27 43 25 0 25 64 87 37 32 36 40 33 34 22 41 8 62 71 23 87 76 69 64 65 70 78 89 102 116 77 65 56 50 51 57 67 80 94 109 69 55 43 37 38 46 58 72 88 104 63 47 33 23 24 36 51 67 83 100 59 42 25 10 14 30 47 64 81 98 59 42 25 10 13 29 46 64 81 98 62 47 32 22 24 35 50 67 83 100 69 54 43 36 37 45 58 72 88 104 77 65 55 50 50 57 67 80 94 109 87 76 68 64 64 69 78 89 102 116
12 35 56 68 55 33 44 57 66 19 70 50 10 16 62 42 31 54 52 49 17 38 67 49 25 0 45 79 61 8 60 56 9 16 45 39 27 49 57 45 111 100 91 85 82 83 87 94 104 115 101 89 79 72 68 69 74 82 93 106 92 79 67 59 54 55 62 72 84 98 85 70 56 46 40 42 50 62 76 91 79 63 48 34 26 29 40 54 70 86 75 58 42 25 13 17 32 49 66 83 75 57 40 23 6 13 30 48 65 82 76 60 43 28 18 21 35 50 67 84 81 65 50 38 31 33 43 56 72 88 87 73 60 50 45 47 54 65 79 93
51 55 72 97 21 52 64 21 100 28 106 70 43 30 97 35 35 51 10 75 39 57 98 85 64 45 0 45 98 38 96 74 42 31 78 38 69 17 17 77 145 131 118 106 96 88 83 81 83 89 137 122 108 95 84 75 69 67 70 76 131 115 100 86 73 63 56 53 57 65 126 109 94 78 64 51 42 40 44 54 122 105 88 72 56 42 30 26 32 45 120 103 86 68 51 35 19 12 23 39 119 102 85 67 50 33 16 4 20 37 120 103 86 69 53 37 23 17 26 41 123 107 90 74 59 45 34 31 36 48 127 111 96 81 67 55 47 44 48 58
88 67 72 101 25 64 70 25 109 61 117 73 81 64 109 42 52 44 36 83 64 67 106 101 87 79 45 0 111 74 109 74 79 64 92 47 94 31 28 90 149 133 116 101 85 71 58 48 43 45 146 129 112 95 79 63 49 36 29 32 144 126 109 92 75 58 42 26 16 21 143 126 108 91 74 56 39 22 5 14 143 126 109 92 75 58 41 25 14 19 145 128 111 95 78 62 47 34 27 30 149 132 116 100 84 69 56 46 41 43 153 137 121 106 92 78 67 58 54 56 159 143 128 114 100 88 78 71 68 69 165 150 136 123 110 99 91 85 82 83
67 46 43 21 97 49 41 99 10 72 9 39 70 72 4 71 65 68 100 28 60 45 14 13 37 61 98 111 0 69 2 41 69 70 20 67 37 92 102 22 50 41 39 43 54 67 82 97 113 130 41 29 25 32 45 60 76 93 109 126 34 18 11 23 39 56 73 90 107 125 33 16 6 21 38 55 72 90 107 124 38 24 19 28 42 58 75 91 108 126 46 36 33 39 50 64 79 95 112 128 57 50 47 51 60 72 86 101 116 132 70 63 62 65 72 82 94 108 123 138 83 77 76 78 84 93 104 116 130 145 96 91 90 92 97 105 114 126 139 152
14 38 59 75 50 36 48 52 73 14 77 54 8 10 69 40 29 54 45 54 18 41 73 56 32 8 38 74 69 0 67 60 5 11 52 38 34 44 51 52 118 107 97 90 86 85 88 94 102 113 108 96 85 77 72 71 74 81 91 103 100 86 74 64 58 57 61 69 81 94 92 77 64 52 45 43 49 59 72 86 87 71 55 41 32 30 37 50 64 80 83 66 49 33 19 16 27 43 60 76 82 64 47 30 12 6 23 40 58 75 83 66 49 33 18 15 27 43 59 76 86 70 55 41 30 28 36 49 64 80 92 77 63 51 43 42 47 58 71 86
66 44 42 21 95 47 40 98 10 71 10 38 69 70 4 70 64 67 98 27 58 44 14 12 36 60 96 109 2 67 0 40 68 69 18 65 35 90 100 20 52 42 39 43 53 66 81 96 112 129 42 30 25 31 44 59 75 91 108 125 36 20 11 22 38 55 72 89 106 123 34 17 4 19 36 54 71 88 106 123 39 25 18 26 40 56 73 90 107 124 47 36 33 37 48 62 78 94 110 127 58 50 47 50 59 71 84 99 115 131 70 63 61 63 70 81 93 107 121 136 82 77 75 77 83 92 102 115 129 143 96 91 89 91 96 103 113 124 137 151
67 23 3 27 66 25 13 68 36 56 45 7 66 58 38 41 40 31 73 15 44 20 33 35 40 56 74 74 41 60 40 0 64 56 28 37 47 63 72 25 76 60 45 32 26 31 43 57 73 89 72 55 38 22 12 20 36 52 69 87 71 54 36 19 3 17 34 51 68 86 73 56 40 25 17 23 38 54 70 87 77 62 48 36 31 35 45 59 75 91 84 70 58 49 45 48 56 68 81 96 92 80 69 62 59 61 67 77 90 103 102 91 82 75 73 74 80 88 99 112 113 102 94 89 87 88 93 100 110 121 124 115 108 103 101 102 106 112 121 131
10 42 63 77 55 40 52 56 74 18 78 57 3 15 70 45 34 58 49 56 22 45 75 57 33 9 42 79 69 5 68 64 0 16 53 42 34 48 55 54 119 108 99 93 89 89 92 98 107 117 109 97 87 80 75 75 79 86 96 107 100 87 75 67 62 61 66 74 85 98 92 77 64 54 48 48 53 63 76 91 85 70 55 42 34 34 42 54 69 84 81 64 48 33 21 21 32 47 63 80 79 62 44 27 11 10 26 44 61 78 79 62 45 29 14 13 28 44 61 79 82 66 50 36 26 25 35 49 65 81 87 72 58 46 39 39 46 57 71 86
25 34 54 73 40 31 44 42 73 3 79 50 18 3 70 30 20 45 36 52 12 37 73 57 34 16 31 64 70 11 69 56 16 0 52 28 39 34 42 51 119 107 96 87 81 78 79 84 92 102 110 97 84 74 67 64 66 71 81 92 103 88 74 63 54 50 52 59 70 83 96 81 66 52 41 36 39 48 61 76 92 75 59 43 30 22 27 39 54 71 90 73 55 38 22 9 17 34 51 68 90 72 55 38 21 7 17 33 50 68 92 75 59 43 29 21 25 38 54 70 96 80 65 51 40 35 38 47 60 75 102 87 73 61 53 49 51 58 69 82
53 26 29 25 77 29 23 80 22 53 28 24 54 54 19 52 46 50 80 13 41 26 22 9 22 45 78 92 20 52 18 28 53 52 0 47 25 73 82 3 68 56 48 45 48 57 69 84 99 114 59 45 35 31 36 47 62 77 93 110 54 37 23 17 25 40 56 73 90 107 51 34 17 3 19 37 54 71 88 106 53 36 21 13 23 38 55 72 89 106 58 43 31 27 33 45 60 76 92 109 65 53 44 41 45 54 67 82 97 113 75 64 57 55 58 66 76 89 104 119 86 77 71 69 71 78 87 98 111 125 98 90 85 83 85 90 98 109 120 133
50 21 34 61 31 18 28 33 66 27 74 33 45 30 65 5 9 17 37 40 22 22 64 56 41 39 38 47 67 38 65 37 42 28 47 0 48 27 37 45 110 95 81 68 58 52 51 56 66 78 104 88 73 59 46 39 38 44 56 70 100 83 67 51 36 25 24 34 48 64 98 80 63 46 29 14 12 26 43 60 97 80 63 46 29 12 9 25 42 60 99 82 66 49 34 22 21 31 46 62 103 87 71 56 44 35 34 41 53 68 108 93 79 66 55 49 48 53 63 76 115 101 88 76 67 62 62 66 74 85 123 110 98 88 80 76 75 79 86 95
31 32 47 48 74 33 37 76 43 41 45 41 35 40 38 53 43 59 73 34 32 34 45 25 8 27 69 94 37 34 35 47 34 39 25 48 0 68 77 26 87 77 71 69 71 77 86 97 110 124 76 65 57 55 57 64 75 88 102 117 66 54 44 40 44 53 66 80 96 111 59 44 32 26 32 44 58 74 91 107 54 37 22 12 21 37 54 71 88 105 53 35 18 3 18 35 52 70 87 104 55 39 24 17 24 39 55 72 88 105 61 47 36 31 35 46 61 76 92 109 69 57 48 45 48 57 69 83 97 113 79 69 62 59 61 68 78 91 105 119
57 47 60 88 7 44 55 9 92 31 99 59 51 34 91 23 28 36 11 67 37 49 90 80 62 49 17 31 92 44 90 63 48 34 73 27 68 0 10 71 136 121 107 94 82 73 66 64 67 74 130 115 99 85 72 61 53 50 54 62 126 109 93 77 63 50 40 37 41 52 122 105 88 72 56 40 28 23 30 43 120 103 86 69 52 35 18 9 21 38 120 103 86 68 51 34 17 6 20 37 122 105 88 71 54 39 25 20 27 41 125 108 92 76 61 47 37 33 38 49 129 113 98 83 69 58 50 47 51 59 135 120 105 92 80 70 63 61 64 71
64 57 70 97 8 54 64 6 102 39 109 69 57 41 101 32 37 44 8 76 46 58 100 90 71 57 17 28 102 51 100 72 55 42 82 37 77 10 0 81 146 131 116 103 90 80 72 68 68 72 140 124 109 94 80 68 59 54 54 60 135 119 103 87 72 58 47 40 41 48 132 115 98 82 65 50 36 27 28 37 130 113 95 78 61 44 28 14 16 30 129 112 95 77 60 43 26 8 10 28 130 113 96 79 62 46 30 18 19 32 133 116 99 83 67 52 39 31 32 41 137 120 105 89 75 61 51 45 45 52 142 126 111 97 84 72 63 58 59 64
54 25 26 24 76 28 21 78 23 53 29 21 55 53 20 50 44 48 79 10 40 24 22 12 23 45 77 90 22 52 20 25 54 51 3 45 26 71 81 0 68 56 47 43 46 54 67 81 96 112 60 46 34 29 33 44 59 74 91 107 55 39 23 15 22 37 54 70 87 104 53 36 19 1 17 34 52 69 86 104 55 39 23 15 22 37 54 70 87 104 60 46 34 29 33 44 59 74 91 107 68 56 46 43 46 54 67 81 96 112 78 67 60 57 59 66 76 89 103 118 89 80 73 71 73 78 87 98 111 125 101 92 87 85 86 91 99 109 120 133
117 90 78 49 140 94 82 143 46 121 42 78 120 121 50 114 111 106 145 70 108 89 47 63 87 111 145 149 50 118 52 76 119 119 68 110 87 136 146 68 0 18 35 52 70 87 104 122 139 156 15 23 38 54 71 88 105 122 140 157 29 34 45 60 75 91 108 125 142 159 43 47 55 68 82 97 113 129 145 162 58 60 67 77 90 104 119 134 150 166 72 74 80 88 99 112 126 140 156 171 86 88 93 100 110 122 134 148 162 177 100 102 106 112 121 132 144 156 170 184 115 116 119 125 133 143 154 166 179 192 129 130 133 138 145 154 164 176 188 201
107 76 62 35 125 79 68 127 35 108 34 63 110 108 40 99 96 90 131 56 95 74 34 53 76 100 131 133 41 107 42 60 108 107 56 95 77 121 131 56 18 0 18 35 52 70 87 104 122 139 23 15 23 38 54 71 88 105 122 140 34 29 34 45 60 75 91 108 125 142 47 43 46 55 67 82 97 112 129 145 60 57 60 67 77 90 104 118 134 150 74 72 73 79 88 99 112 126 140 155 88 86 87 92 100 110 121 134 148 162 102 100 101 105 112 121 131 143 156 170 116 114 115 119 125 133 142 153 165 178 130 128 129 132 138 145 154 164 175 187
100 63 47 23 110 67 54 112 30 97 33 49 101 98 36 85 83 74 117 44 84 61 27 47 69 91 118 116 39 97 39 45 99 96 48 81 71 107 116 47 35 18 0 18 35 52 70 87 104 122 38 23 15 23 38 54 71 88 105 122 45 34 29 34 45 60 75 91 108 125 55 46 43 46 55 67 81 97 112 129 67 60 57 60 67 77 90 104 118 134 80 73 71 73 79 88 99 112 126 140 93 87 85 87 92 99 109 121 134 148 106 101 99 101 105 112 121 131 143 156 119 115 114 115 118 124 132 142 153 165 133 129 128 129 132 137 144 153 163 175
95 54 34 23 96 57 44 98 34 87 41 38 95 89 40 72 72 59 104 37 75 51 30 48 64 85 106 101 43 90 43 32 93 87 45 68 69 94 103 43 52 35 18 0 18 35 52 70 87 104 54 38 23 15 23 38 54 71 88 105 60 45 34 29 33 45 59 75 91 108 68 55 46 43 46 55 67 81 97 112 77 67 60 57 59 66 77 89 103 118 88 79 73 71 73 79 88 99 112 125 100 92 87 85 87 91 99 109 121 134 112 105 101 99 100 105 111 120 131 143 125 119 115 113 114 118 124 132 141 152 138 132 129 127 128 131 137 144 153 163
93 48 27 33 83 50 38 86 45 81 54 33 92 83 50 61 63 46 92 38 70 45 41 54 65 82 96 85 54 86 53 26 89 81 48 58 71 82 90 46 70 52 35 18 0 18 35 52 70 87 71 54 38 23 15 23 38 54 71 88 75 60 45 33 29 33 45 59 75 91 82 67 55 46 43 46 55 67 81 96 90 77 67 59 57 59 66 77 89 103 99 88 79 73 71 73 78 87 99 111 110 100 92 87 85 86 91 99 109 120 121 112 105 100 99 100 104 111 120 130 133 125 118 114 113 114 117 123 131 141 145 138 132 128 127 127 131 136 143 152
94 49 30 48 73 50 41 75 60 77 68 36 92 80 64 53 59 37 83 45 68 46 55 64 70 83 88 71 67 85 66 31 89 78 57 52 77 73 80 54 87 70 52 35 18 0 18 35 52 70 88 71 54 38 23 14 23 38 54 71 91 75 60 45 33 28 33 45 59 75 97 82 67 55 46 42 46 55 67 81 104 90 77 66 59 56 59 66 76 89 112 99 88 79 73 70 72 78 87 98 122 110 99 91 86 84 86 91 98 108 132 121 112 105 100 98 99 104 110 119 143 133 124 118 114 112 113 117 123 131 154 145 137 131 127 126 127 130 135 143
98 55 41 64 65 55 49 67 75 78 84 47 95 81 79 51 59 35 77 57 71 52 71 77 78 87 83 58 82 88 81 43 92 79 69 51 86 66 72 67 104 87 70 52 35 18 0 18 35 52 105 88 71 54 38 23 14 23 38 54 108 91 75 59 45 33 28 33 45 59 113 97 81 67 55 46 42 46 54 67 119 104 90 77 66 59 56 59 66 76 126 112 99 88 78 72 70 72 78 87 134 121 109 99 91 86 84 85 90 98 144 131 121 111 104 99 98 99 103 110 154 142 132 124 117 113 112 113 116 122 164 154 144 137 131 127 125 126 130 135
106 65 55 80 61 65 62 63 91 82 100 60 101 85 94 54 65 41 74 71 78 63 87 92 89 94 81 48 97 94 96 57 98 84 84 56 97 64 68 81 122 104 87 70 52 35 18 0 18 35 122 105 88 71 54 38 23 14 23 38 125 108 91 75 59 45 33 28 33 45 129 112 97 81 67 55 46 42 45 54 134 118 104 89 77 66 59 56 58 65 140 126 112 99 87 78 72 70 72 77 148 134 121 109 99 91 85 83 85 90 156 143 131 120 111 104 99 97 99 103 166 153 142 132 123 117 113 111 112 116 176 164 153 144 136 130 126 125 126 129
115 78 71 97 62 77 76 63 108 90 117 75 110 93 110 63 74 52 75 87 87 76 104 107 102 104 83 43 113 102 112 73 107 92 99 66 110 67 68 96 139 122 104 87 70 52 35 18 0 18 140 122 105 88 71 54 38 23 14 23 142 125 108 91 75 59 45 33 28 33 145 129 112 97 81 67 54 45 42 45 150 134 118 103 89 76 66 58 55 58 156 140 126 112 99 87 78 72 69 71 162 148 134 121 109 98 90 85 83 85 170 156 143 131 120 110 103 99 97 98 179 165 153 141 131 123 116 112 110 112 188 175 163 153 143 135 130 126 124 125
126 93 87 114 68 91 92 68 125 100 134 91 120 103 127 74 85 66 80 103 99 91 121 123 116 115 89 45 130 113 129 89 117 102 114 78 124 74 72 112 156 139 122 104 87 70 52 35 18 0 157 140 122 105 88 71 54 38 23 14 159 142 125 108 91 75 59 45 33 28 162 145 129 112 96 81 67 54 45 42 166 150 134 118 103 89 76 65 58 55 171 155 140 125 111 98 87 77 71 69 177 162 148 134 120 108 98 90 85 83 184 170 156 143 130 119 110 103 98 96 192 178 165 152 141 131 122 116 112 110 201 187 175 163 152 143 135 129 125 124
106 84 75 45 134 87 77 137 39 112 32 73 110 112 41 109 104 102 139 64 100 82 41 53 77 101 137 146 41 108 42 72 109 110 59 104 76 130 140 60 15 23 38 54 71 88 105 122 140 157 0 18 35 52 70 87 104 122 139 156 15 23 38 54 71 88 105 122 140 157 29 34 45 60 75 91 108 125 142 159 43 47 55 68 82 97 113 129 145 162 58 60 67 77 90 104 119 134 150 166 72 74 80 88 99 112 126 140 156 171 86 88 93 100 110 122 134 148 162 177 100 102 106 112 121 132 144 156 170 184 115 116 119 125 133 143 154 166 179 192
95 68 58 28 118 72 61 121 24 98 20 57 98 98 28 93 89 85 123 48 86 67 25 41 65 89 122 129 29 96 30 55 97 97 45 88 65 115 124 46 23 15 23 38 54 71 88 105 122 140 18 0 18 35 52 70 87 104 122 139 23 15 23 38 54 71 88 105 122 140 34 29 34 45 60 75 91 108 125 142 47 43 46 55 67 82 97 112 129 145 60 57 60 67 77 90 104 118 134 150 74 72 73 79 88 99 112 126 140 155 88 86 87 92 100 110 121 134 148 162 102 100 101 105 112 121 131 143 156 170 116 114 115 119 125 133 142 153 165 178
87 54 41 12 103 57 45 105 16 86 20 41 89 86 22 77 74 69 109 34 73 52 13 33 56 79 108 112 25 85 25 38 87 84 35 73 57 99 109 34 38 23 15 23 38 54 71 88 105 122 35 18 0 18 35 52 70 87 104 122 38 23 15 23 38 54 71 88 105 122 45 34 29 34 45 60 75 91 108 125 55 46 43 46 55 67 81 97 112 129 67 60 57 60 67 77 90 104 118 134 80 73 71 73 79 88 99 112 126 140 93 87 85 87 92 99 109 121 134 148 106 101 99 101 105 112 121 131 143 156 119 115 114 115 118 124 132 142 153 165
81 42 25 11 88 45 32 90 23 75 31 26 82 76 28 62 61 52 95 24 63 39 18 34 50 72 95 95 32 77 31 22 80 74 31 59 55 85 94 29 54 38 23 15 23 38 54 71 88 105 52 35 18 0 18 35 52 70 87 104 54 38 23 15 23 38 54 71 88 105 60 45 34 29 33 45 59 75 91 108 68 55 46 43 46 55 67 81 97 112 77 67 60 57 59 66 77 89 103 118 88 79 73 71 73 79 88 99 112 125 100 92 87 85 87 91 99 109 121 134 112 105 101 99 100 105 111 120 131 143 125 119 115 113 114 118 124 132 141 152
79 34 14 26 74 37 24 76 38 67 47 19 78 69 41 50 51 37 82 24 56 31 33 42 51 68 84 79 45 72 44 12 75 67 36 46 57 72 80 33 71 54 38 23 15 23 38 54 71 88 70 52 35 18 0 18 35 52 70 87 71 54 38 23 15 23 38 54 71 88 75 60 45 33 29 33 45 59 75 91 82 67 55 46 43 46 55 67 81 96 90 77 67 59 57 59 66 77 89 103 99 88 79 73 71 73 78 87 99 111 110 100 92 87 85 86 91 99 109 120 121 112 105 100 99 100 104 111 120 130 133 125 118 114 113 114 117 123 131 141
80 35 19 43 61 36 28 64 54 64 63 25 78 66 57 40 45 25 71 35 54 32 50 55 57 69 75 63 60 71 59 20 75 64 47 39 64 61 68 44 88 71 54 38 23 14 23 38 54 71 87 70 52 35 18 0 18 35 52 70 88 71 54 38 23 14 23 38 54 71 91 75 60 45 33 28 33 45 59 75 97 82 67 55 46 42 46 55 67 81 104 90 77 66 59 56 59 66 76 89 112 99 88 79 73 70 72 78 87 98 122 110 99 91 86 84 86 91 98 108 132 121 112 105 100 98 99 104 110 119 143 133 124 118 114 112 113 117 123 131
86 43 33 61 52 43 40 54 71 64 80 38 82 67 73 37 46 21 63 50 58 41 67 70 67 74 69 49 76 74 75 36 79 66 62 38 75 53 59 59 105 88 71 54 38 23 14 23 38 54 104 87 70 52 35 18 0 18 35 52 105 88 71 54 38 23 14 23 38 54 108 91 75 59 45 33 28 33 45 59 113 97 81 67 55 46 42 46 54 67 119 104 90 77 66 59 56 59 66 76 126 112 99 88 78 72 70 72 78 87 134 121 109 99 91 86 84 85 90 98 144 131 121 111 104 99 98 99 103 110 154 142 132 124 117 113 112 113 116 122
94 56 50 78 47 55 54 49 88 70 97 54 89 73 90 42 53 30 60 66 66 54 84 86 80 82 67 36 93 81 91 52 86 71 77 44 88 50 54 74 122 105 88 71 54 38 23 14 23 38 122 104 87 70 52 35 18 0 18 35 122 105 88 71 54 38 23 14 23 38 125 108 91 75 59 45 33 28 33 45 129 112 97 81 67 55 46 42 45 54 134 118 104 89 77 66 59 56 58 65 140 126 112 99 87 78 72 70 72 77 148 134 121 109 99 91 85 83 85 90 156 143 131 120 111 104 99 97 99 103 166 153 142 132 123 117 113 111 112 116
104 71 67 95 49 69 70 50 105 78 114 71 98 82 107 52 63 44 61 82 77 69 101 102 94 93 70 29 109 91 108 69 96 81 93 56 102 54 54 91 140 122 105 88 71 54 38 23 14 23 139 122 104 87 70 52 35 18 0 18 140 122 105 88 71 54 38 23 14 23 142 125 108 91 75 59 45 33 28 33 145 129 112 97 81 67 54 45 42 45 150 134 118 103 89 76 66 58 55 58 156 140 126 112 99 87 78 72 69 71 162 148 134 121 109 98 90 85 83 85 170 156 143 131 120 110 103 99 97 98 179 165 153 141 131 123 116 112 110 112
116 87 84 112 56 85 87 56 122 90 131 88 110 93 124 66 77 60 67 99 90 85 118 119 109 106 76 32 126 103 125 87 107 92 110 70 117 62 60 107 157 140 122 105 88 71 54 38 23 14 156 139 122 104 87 70 52 35 18 0 157 140 122 105 88 71 54 38 23 14 159 142 125 108 91 75 59 45 33 28 162 145 129 112 96 81 67 54 45 42 166 150 134 118 103 89 76 65 58 55 171 155 140 125 111 98 87 77 71 69 177 162 148 134 120 108 98 90 85 83 184 170 156 143 130 119 110 103 98 96 192 178 165 152 141 131 122 116 112 110
96 79 74 45 130 82 74 133 35 105 27 71 100 104 35 105 99 100 133 61 93 78 39 46 69 92 131 144 34 100 36 71 100 103 54 100 66 126 135 55 29 34 45 60 75 91 108 125 142 159 15 23 38 54 71 88 105 122 140 157 0 18 35 52 70 87 104 122 139 156 15 23 38 54 71 88 105 122 140 157 29 34 45 60 75 91 108 125 142 159 43 47 55 68 82 97 113 129 145 162 58 60 67 77 90 104 119 134 150 166 72 74 80 88 99 112 126 140 156 171 86 88 93 100 110 122 134 148 162 177 100 102 106 112 121 132 144 156 170 184
84 62 57 28 113 66 57 116 18 90 10 54 87 90 19 88 82 83 117 44 78 61 22 31 55 79 115 126 18 86 20 54 87 88 37 83 54 109 119 39 34 29 34 45 60 75 91 108 125 142 23 15 23 38 54 71 88 105 122 140 18 0 18 35 52 70 87 104 122 139 23 15 23 38 54 71 88 105 122 140 34 29 34 45 60 75 91 108 125 142 47 43 46 55 67 82 97 112 129 145 60 57 60 67 77 90 104 118 134 150 74 72 73 79 88 99 112 126 140 155 88 86 87 92 100 110 121 134 148 162 102 100 101 105 112 121 131 143 156 170
74 46 39 13 97 50 40 100 1 76 9 37 77 76 8 71 67 66 101 27 63 45 5 20 43 67 100 109 11 74 11 36 75 74 23 67 44 93 103 23 45 34 29 34 45 60 75 91 108 125 38 23 15 23 38 54 71 88 105 122 35 18 0 18 35 52 70 87 104 122 38 23 15 23 38 54 71 88 105 122 45 34 29 34 45 60 75 91 108 125 55 46 43 46 55 67 81 97 112 129 67 60 57 60 67 77 90 104 118 134 80 73 71 73 79 88 99 112 126 140 93 87 85 87 92 99 109 121 134 148 106 101 99 101 105 112 121 131 143 156
67 31 22 11 81 35 23 83 18 64 26 19 68 64 20 55 52 49 86 12 51 30 14 21 37 59 86 92 23 64 22 19 67 63 17 51 40 77 87 15 60 45 34 29 33 45 59 75 91 108 54 38 23 15 23 38 54 71 88 105 52 35 18 0 18 35 52 70 87 104 54 38 23 15 23 38 54 71 88 105 60 45 34 29 33 45 59 75 91 108 68 55 46 43 46 55 67 81 97 112 77 67 60 57 59 66 77 89 103 118 88 79 73 71 73 79 88 99 112 125 100 92 87 85 87 91 99 109 121 134 112 105 101 99 100 105 111 120 131 143
65 21 5 27 66 24 11 68 35 54 43 5 64 56 36 40 39 32 72 13 43 18 31 33 38 54 73 75 39 58 38 3 62 54 25 36 44 63 72 22 75 60 45 33 29 33 45 59 75 91 71 54 38 23 15 23 38 54 71 88 70 52 35 18 0 18 35 52 70 87 71 54 38 23 15 23 38 54 71 88 75 60 45 33 29 33 45 59 75 91 82 67 55 46 43 46 55 67 81 96 90 77 67 59 57 59 66 77 89 103 99 88 79 73 71 73 78 87 99 111 110 100 92 87 85 86 91 99 109 120 121 112 105 100 99 100 104 111 120 130
67 22 14 43 51 23 17 54 52 50 61 17 64 52 53 28 31 15 60 28 40 19 49 48 46 55 63 58 56 57 55 17 61 50 40 25 53 50 58 37 91 75 60 45 33 28 33 45 59 75 88 71 54 38 23 14 23 38 54 71 87 70 52 35 18 0 18 35 52 70 88 71 54 38 23 14 23 38 54 71 91 75 60 45 33 28 33 45 59 75 97 82 67 55 46 42 46 55 67 81 104 90 77 66 59 56 59 66 76 89 112 99 88 79 73 70 72 78 87 98 122 110 99 91 86 84 86 91 98 108 132 121 112 105 100 98 99 104 110 119
73 34 31 61 40 33 33 42 69 51 78 34 69 54 70 23 32 8 50 45 45 32 66 65 58 62 56 42 73 61 72 34 66 52 56 24 66 40 47 54 108 91 75 59 45 33 28 33 45 59 105 88 71 54 38 23 14 23 38 54 104 87 70 52 35 18 0 18 35 52 105 88 71 54 38 23 14 23 38 54 108 91 75 59 45 33 28 33 45 59 113 97 81 67 55 46 42 46 54 67 119 104 90 77 66 59 56 59 66 76 126 112 99 88 78 72 70 72 78 87 134 121 109 99 91 86 84 85 90 98 144 131 121 111 104 99 98 99 103 110
82 49 48 78 34 47 50 35 87 57 95 51 77 61 88 30 41 23 46 62 55 48 83 82 72 72 53 26 90 69 89 51 74 59 73 34 80 37 40 70 125 108 91 75 59 45 33 28 33 45 122 105 88 71 54 38 23 14 23 38 122 104 87 70 52 35 18 0 18 35 122 105 88 71 54 38 23 14 23 38 125 108 91 75 59 45 33 28 33 45 129 112 97 81 67 55 46 42 45 54 134 118 104 89 77 66 59 56 58 65 140 126 112 99 87 78 72 70 72 77 148 134 121 109 99 91 85 83 85 90 156 143 131 120 111 104 99 97 99 103
94 66 66 95 36 63 67 36 104 68 113 69 88 71 105 44 55 40 48 80 68 65 100 99 88 84 57 16 107 81 106 68 85 70 90 48 96 41 41 87 142 125 108 91 75 59 45 33 28 33 140 122 105 88 71 54 38 23 14 23 139 122 104 87 70 52 35 18 0 18 140 122 105 88 71 54 38 23 14 23 142 125 108 91 75 59 45 33 28 33 145 129 112 97 81 67 54 45 42 45 150 134 118 103 89 76 66 58 55 58 156 140 126 112 99 87 78 72 69 71 162 148 134 121 109 98 90 85 83 85 170 156 143 131 120 110 103 99 97 98
107 82 83 112 45 80 84 45 121 81 130 86 101 84 122 59 70 57 55 97 83 82 118 116 104 98 65 21 125 94 123 86 98 83 107 64 111 52 48 104 159 142 125 108 91 75 59 45 33 28 157 140 122 105 88 71 54 38 23 14 156 139 122 104 87 70 52 35 18 0 157 140 122 105 88 71 54 38 23 14 159 142 125 108 91 75 59 45 33 28 162 145 129 112 96 81 67 54 45 42 166 150 134 118 103 89 76 65 58 55 171 155 140 125 111 98 87 77 71 69 177 162 148 134 120 108 98 90 85 83 184 170 156 143 130 119 110 103 98 96
87 77 75 50 127 80 73 130 38 99 29 72 92 98 35 103 95 100 129 61 88 77 42 43 63 85 126 143 33 92 34 73 92 96 51 98 59 122 132 53 43 47 55 68 82 97 113 129 145 162 29 34 45 60 75 91 108 125 142 159 15 23 38 54 71 88 105 122 140 157 0 18 35 52 70 87 104 122 139 156 15 23 38 54 71 88 105 122 140 157 29 34 45 60 75 91 108 125 142 159 43 47 55 68 82 97 113 129 145 162 58 60 67 77 90 104 119 134 150 166 72 74 80 88 99 112 126 140 156 171 86 88 93 100 110 122 134 148 162 177
73 60 59 35 110 63 56 112 23 83 15 55 78 82 19 85 78 83 112 43 71 59 27 25 47 70 109 126 16 77 17 56 77 81 34 80 44 105 115 36 47 43 46 55 67 82 97 112 129 145 34 29 34 45 60 75 91 108 125 142 23 15 23 38 54 71 88 105 122 140 18 0 18 35 52 70 87 104 122 139 23 15 23 38 54 71 88 105 122 140 34 29 34 45 60 75 91 108 125 142 47 43 46 55 67 82 97 112 129 145 60 57 60 67 77 90 104 118 134 150 74 72 73 79 88 99 112 126 140 155 88 86 87 92 100 110 121 134 148 162
62 42 42 24 93 45 39 96 14 68 14 38 65 67 7 68 61 66 96 26 56 42 17 9 33 56 94 108 6 64 4 40 64 66 17 63 32 88 98 19 55 46 43 46 55 67 81 97 112 129 45 34 29 34 45 60 75 91 108 125 38 23 15 23 38 54 71 88 105 122 35 18 0 18 35 52 70 87 104 122 38 23 15 23 38 54 71 88 105 122 45 34 29 34 45 60 75 91 108 125 55 46 43 46 55 67 81 97 112 129 67 60 57 60 67 77 90 104 118 134 80 73 71 73 79 88 99 112 126 140 93 87 85 87 92 99 109 121 134 148
54 25 27 23 76 28 22 79 22 54 28 22 56 54 20 51 45 49 80 11 41 25 22 11 23 46 78 91 21 52 19 25 54 52 3 46 26 72 82 1 68 55 46 43 46 55 67 81 97 112 60 45 34 29 33 45 59 75 91 108 54 38 23 15 23 38 54 71 88 105 52 35 18 0 18 35 52 70 87 104 54 38 23 15 23 38 54 71 88 105 60 45 34 29 33 45 59 75 91 108 68 55 46 43 46 55 67 81 97 112 77 67 60 57 59 66 77 89 103 118 88 79 73 71 73 79 88 99 112 125 100 92 87 85 87 91 99 109 121 134
51 9 17 33 60 12 6 62 37 42 45 11 50 43 36 34 30 32 64 12 30 8 35 28 24 40 64 74 38 45 36 17 48 41 19 29 32 56 65 17 82 67 55 46 43 46 55 67 81 96 75 60 45 33 29 33 45 59 75 91 71 54 38 23 15 23 38 54 71 88 70 52 35 18 0 18 35 52 70 87 71 54 38 23 15 23 38 54 71 88 75 60 45 33 29 33 45 59 75 91 82 67 55 46 43 46 55 67 81 96 90 77 67 59 57 59 66 77 89 103 99 88 79 73 71 73 78 87 99 111 110 100 92 87 85 86 91 99 109 120
53 12 21 48 44 11 15 46 54 36 62 19 50 38 53 18 18 16 50 28 26 11 51 45 36 42 51 56 55 43 54 23 48 36 37 14 44 40 50 34 97 82 67 55 46 42 46 55 67 81 91 75 60 45 33 28 33 45 59 75 88 71 54 38 23 14 23 38 54 71 87 70 52 35 18 0 18 35 52 70 88 71 54 38 23 14 23 38 54 71 91 75 60 45 33 28 33 45 59 75 97 82 67 55 46 42 46 55 67 81 104 90 77 66 59 56 59 66 76 89 112 99 88 79 73 70 72 78 87 98 122 110 99 91 86 84 86 91 98 108
61 29 35 64 29 26 32 32 71 37 79 35 56 40 70 9 20 9 38 45 33 28 68 62 51 50 42 39 72 49 71 38 53 39 54 12 58 28 36 52 113 97 81 67 55 46 42 46 54 67 108 91 75 59 45 33 28 33 45 59 105 88 71 54 38 23 14 23 38 54 104 87 70 52 35 18 0 18 35 52 105 88 71 54 38 23 14 23 38 54 108 91 75 59 45 33 28 33 45 59 113 97 81 67 55 46 42 46 54 67 119 104 90 77 66 59 56 59 66 76 126 112 99 88 78 72 70 72 78 87 134 121 109 99 91 86 84 85 90 98
72 46 51 80 20 43 49 22 88 46 96 52 66 49 88 22 33 23 32 62 46 46 85 80 67 62 40 22 90 59 88 54 63 48 71 26 74 23 27 69 129 112 97 81 67 55 46 42 45 54 125 108 91 75 59 45 33 28 33 45 122 105 88 71 54 38 23 14 23 38 122 104 87 70 52 35 18 0 18 35 122 105 88 71 54 38 23 14 23 38 125 108 91 75 59 45 33 28 33 45 129 112 97 81 67 55 46 42 45 54 134 118 104 89 77 66 59 56 58 65 140 126 112 99 87 78 72 70 72 77 148 134 121 109 99 91 85 83 85 90
85 63 67 97 24 60 66 24 105 59 113 69 79 62 105 38 48 40 35 79 61 63 102 97 83 76 44 5 107 72 106 70 76 61 88 43 91 30 28 86 145 129 112 97 81 67 54 45 42 45 142 125 108 91 75 59 45 33 28 33 140 122 105 88 71 54 38 23 14 23 139 122 104 87 70 52 35 18 0 18 140 122 105 88 71 54 38 23 14 23 142 125 108 91 75 59 45 33 28 33 145 129 112 97 81 67 54 45 42 45 150 134 118 103 89 76 66 58 55 58 156 140 126 112 99 87 78 72 69 71 162 148 134 121 109 98 90 85 83 85
100 80 84 114 36 78 84 35 122 73 130 86 93 76 122 55 65 57 45 97 77 80 119 114 100 91 54 14 124 86 123 87 91 76 106 60 107 43 37 104 162 145 129 112 96 81 67 54 45 42 159 142 125 108 91 75 59 45 33 28 157 140 122 105 88 71 54 38 23 14 156 139 122 104 87 70 52 35 18 0 157 140 122 105 88 71 54 38 23 14 159 142 125 108 91 75 59 45 33 28 162 145 129 112 96 81 67 54 45 42 166 150 134 118 103 89 76 65 58 55 171 155 140 125 111 98 87 77 71 69 177 162 148 134 120 108 98 90 85 83
79 77 80 57 126 80 75 128 45 95 37 75 85 93 41 102 94 102 126 64 85 78 50 44 59 79 122 143 38 87 39 77 85 92 53 97 54 120 130 55 58 60 67 77 90 104 119 134 150 166 43 47 55 68 82 97 113 129 145 162 29 34 45 60 75 91 108 125 142 159 15 23 38 54 71 88 105 122 140 157 0 18 35 52 70 87 104 122 139 156 15 23 38 54 71 88 105 122 140 157 29 34 45 60 75 91 108 125 142 159 43 47 55 68 82 97 113 129 145 162 58 60 67 77 90 104 119 134 150 166 72 74 80 88 99 112 126 140 156 171
64 60 64 45 109 63 59 111 33 78 27 59 70 77 28 85 76 86 109 48 68 61 38 27 42 63 105 126 24 71 25 62 70 75 36 80 37 103 113 39 60 57 60 67 77 90 104 118 134 150 47 43 46 55 67 82 97 112 129 145 34 29 34 45 60 75 91 108 125 142 23 15 23 38 54 71 88 105 122 140 18 0 18 35 52 70 87 104 122 139 23 15 23 38 54 71 88 105 122 140 34 29 34 45 60 75 91 108 125 142 47 43 46 55 67 82 97 112 129 145 60 57 60 67 77 90 104 118 134 150 74 72 73 79 88 99 112 126 140 155
51 43 49 37 91 45 43 94 28 61 27 44 55 60 22 68 59 69 92 33 51 44 31 13 25 48 88 109 19 55 18 48 55 59 21 63 22 86 95 23 67 60 57 60 67 77 90 104 118 134 55 46 43 46 55 67 81 97 112 129 45 34 29 34 45 60 75 91 108 125 38 23 15 23 38 54 71 88 105 122 35 18 0 18 35 52 70 87 104 122 38 23 15 23 38 54 71 88 105 122 45 34 29 34 45 60 75 91 108 125 55 46 43 46 55 67 81 97 112 129 67 60 57 60 67 77 90 104 118 134 80 73 71 73 79 88 99 112 126 140
41 26 37 37 74 29 28 76 33 46 36 31 44 45 28 51 42 53 75 22 34 28 34 15 10 34 72 92 28 41 26 36 42 43 13 46 12 69 78 15 77 67 60 57 59 66 77 89 103 118 68 55 46 43 46 55 67 81 97 112 60 45 34 29 33 45 59 75 91 108 54 38 23 15 23 38 54 71 88 105 52 35 18 0 18 35 52 70 87 104 54 38 23 15 23 38 54 71 88 105 60 45 34 29 33 45 59 75 91 108 68 55 46 43 46 55 67 81 97 112 77 67 60 57 59 66 77 89 103 118 88 79 73 71 73 79 88 99 112 125
37 12 30 44 57 13 19 59 44 31 50 25 36 32 41 33 25 38 59 23 19 14 44 30 14 26 56 75 42 32 40 31 34 30 23 29 21 52 61 22 90 77 67 59 57 59 66 77 89 103 82 67 55 46 43 46 55 67 81 96 75 60 45 33 29 33 45 59 75 91 71 54 38 23 15 23 38 54 71 88 70 52 35 18 0 18 35 52 70 87 71 54 38 23 15 23 38 54 71 88 75 60 45 33 29 33 45 59 75 91 82 67 55 46 43 46 55 67 81 96 90 77 67 59 57 59 66 77 89 103 99 88 79 73 71 73 78 87 99 111
40 14 33 56 40 11 24 42 59 22 66 29 37 24 57 17 8 26 42 34 13 16 57 46 30 29 42 58 58 30 56 35 34 22 38 12 37 35 44 37 104 90 77 66 59 56 59 66 76 89 97 82 67 55 46 42 46 55 67 81 91 75 60 45 33 28 33 45 59 75 88 71 54 38 23 14 23 38 54 71 87 70 52 35 18 0 18 35 52 70 88 71 54 38 23 14 23 38 54 71 91 75 60 45 33 28 33 45 59 75 97 82 67 55 46 42 46 55 67 81 104 90 77 66 59 56 59 66 76 89 112 99 88 79 73 70 72 78 87 98
50 30 43 70 23 26 37 25 75 25 82 42 44 28 73 6 11 22 28 49 24 31 73 63 47 40 30 41 75 37 73 45 42 27 55 9 54 18 28 54 119 104 90 77 66 59 56 59 66 76 113 97 81 67 55 46 42 46 54 67 108 91 75 59 45 33 28 33 45 59 105 88 71 54 38 23 14 23 38 54 104 87 70 52 35 18 0 18 35 52 105 88 71 54 38 23 14 23 38 54 108 91 75 59 45 33 28 33 45 59 113 97 81 67 55 46 42 46 54 67 119 104 90 77 66 59 56 59 66 76 126 112 99 88 78 72 70 72 78 87
63 46 57 85 7 43 52 10 91 37 98 56 57 40 90 21 28 31 19 65 40 47 89 80 64 54 26 25 91 50 90 59 54 39 72 25 71 9 14 70 134 118 104 89 77 66 59 56 58 65 129 112 97 81 67 55 46 42 45 54 125 108 91 75 59 45 33 28 33 45 122 105 88 71 54 38 23 14 23 38 122 104 87 70 52 35 18 0 18 35 122 105 88 71 54 38 23 14 23 38 125 108 91 75 59 45 33 28 33 45 129 112 97 81 67 55 46 42 45 54 134 118 104 89 77 66 59 56 58 65 140 126 112 99 87 78 72 70 72 77
78 63 72 101 15 60 69 13 107 52 115 73 71 55 107 38 46 45 23 82 57 64 105 97 81 70 32 14 108 64 107 75 69 54 89 42 88 21 16 87 150 134 118 103 89 76 66 58 55 58 145 129 112 97 81 67 54 45 42 45 142 125 108 91 75 59 45 33 28 33 140 122 105 88 71 54 38 23 14 23 139 122 104 87 70 52 35 18 0 18 140 122 105 88 71 54 38 23 14 23 142 125 108 91 75 59 45 33 28 33 145 129 112 97 81 67 54 45 42 45 150 134 118 103 89 76 66 58 55 58 156 140 126 112 99 87 78 72 69 71
94 81 88 117 31 78 86 30 124 68 132 89 87 71 124 55 63 60 36 99 74 81 122 115 98 86 45 19 126 80 124 91 84 71 106 60 105 38 30 104 166 150 134 118 103 89 76 65 58 55 162 145 129 112 96 81 67 54 45 42 159 142 125 108 91 75 59 45 33 28 157 140 122 105 88 71 54 38 23 14 156 139 122 104 87 70 52 35 18 0 157 140 122 105 88 71 54 38 23 14 159 142 125 108 91 75 59 45 33 28 162 145 129 112 96 81 67 54 45 42 166 150 134 118 103 89 76 65 58 55 171 155 140 125 111 98 87 77 71 69
74 80 86 67 126 82 80 128 55 93 48 81 80 91 50 104 94 106 125 70 84 81 60 49 59 75 120 145 46 83 47 84 81 90 58 99 53 120 129 60 72 74 80 88 99 112 126 140 156 171 58 60 67 77 90 104 119 134 150 166 43 47 55 68 82 97 113 129 145 162 29 34 45 60 75 91 108 125 142 159 15 23 38 54 71 88 105 122 140 157 0 18 35 52 70 87 104 122 139 156 15 23 38 54 71 88 105 122 140 157 29 34 45 60 75 91 108 125 142 159 43 47 55 68 82 97 113 129 145 162 58 60 67 77 90 104 119 134 150 166
58 64 72 57 109 66 65 111 46 75 41 66 64 74 40 87 77 90 108 55 66 65 50 35 42 58 103 128 36 66 36 70 64 73 43 82 35 103 112 46 74 72 73 79 88 99 112 126 140 155 60 57 60 67 77 90 104 118 134 150 47 43 46 55 67 82 97 112 129 145 34 29 34 45 60 75 91 108 125 142 23 15 23 38 54 71 88 105 122 140 18 0 18 35 52 70 87 104 122 139 23 15 23 38 54 71 88 105 122 140 34 29 34 45 60 75 91 108 125 142 47 43 46 55 67 82 97 112 129 145 60 57 60 67 77 90 104 118 134 150
42 48 59 51 92 50 51 94 42 58 40 53 48 56 36 70 60 75 91 43 49 50 45 26 25 42 86 111 33 49 33 58 48 55 31 66 18 86 95 34 80 73 71 73 79 88 99 112 126 140 67 60 57 60 67 77 90 104 118 134 55 46 43 46 55 67 81 97 112 129 45 34 29 34 45 60 75 91 108 125 38 23 15 23 38 54 71 88 105 122 35 18 0 18 35 52 70 87 104 122 38 23 15 23 38 54 71 88 105 122 45 34 29 34 45 60 75 91 108 125 55 46 43 46 55 67 81 97 112 129 67 60 57 60 67 77 90 104 118 134
29 34 49 51 74 35 39 76 45 41 47 43 33 39 40 54 43 60 73 36 32 36 47 27 10 25 68 95 39 33 37 49 33 38 27 49 3 68 77 29 88 79 73 71 73 79 88 99 112 125 77 67 60 57 59 66 77 89 103 118 68 55 46 43 46 55 67 81 97 112 60 45 34 29 33 45 59 75 91 108 54 38 23 15 23 38 54 71 88 105 52 35 18 0 18 35 52 70 87 104 54 38 23 15 23 38 54 71 88 105 60 45 34 29 33 45 59 75 91 108 68 55 46 43 46 55 67 81 97 112 77 67 60 57 59 66 77 89 103 118
23 24 44 56 57 24 33 59 54 24 58 39 23 23 50 38 27 47 56 36 15 27 55 37 13 13 51 78 50 19 48 45 21 22 33 34 18 51 60 33 99 88 79 73 71 73 78 87 99 111 90 77 67 59 57 59 66 77 89 103 82 67 55 46 43 46 55 67 81 96 75 60 45 33 29 33 45 59 75 91 71 54 38 23 15 23 38 54 71 88 70 52 35 18 0 18 35 52 70 87 71 54 38 23 15 23 38 54 71 88 75 60 45 33 29 33 45 59 75 91 82 67 55 46 43 46 55 67 81 96 90 77 67 59 57 59 66 77 89 103
28 26 46 66 40 23 36 42 67 9 72 42 24 11 63 25 14 38 39 44 4 29 66 51 29 17 35 62 64 16 62 48 21 9 45 22 35 34 43 44 112 99 88 79 73 70 72 78 87 98 104 90 77 66 59 56 59 66 76 89 97 82 67 55 46 42 46 55 67 81 91 75 60 45 33 28 33 45 59 75 88 71 54 38 23 14 23 38 54 71 87 70 52 35 18 0 18 35 52 70 88 71 54 38 23 14 23 38 54 71 91 75 60 45 33 28 33 45 59 75 97 82 67 55 46 42 46 55 67 81 104 90 77 66 59 56 59 66 76 89
41 36 54 78 24 33 45 25 81 14 87 51 35 18 78 20 16 36 22 56 21 38 79 67 46 32 19 47 79 27 78 56 32 17 60 21 52 17 26 59 126 112 99 88 78 72 70 72 78 87 119 104 90 77 66 59 56 59 66 76 113 97 81 67 55 46 42 46 54 67 108 91 75 59 45 33 28 33 45 59 105 88 71 54 38 23 14 23 38 54 104 87 70 52 35 18 0 18 35 52 105 88 71 54 38 23 14 23 38 54 108 91 75 59 45 33 28 33 45 59 113 97 81 67 55 46 42 46 54 67 119 104 90 77 66 59 56 59 66 76
56 51 65 92 10 48 59 10 96 31 103 64 49 33 94 28 31 42 6 71 38 52 94 83 64 49 12 34 95 43 94 68 47 34 76 31 70 6 8 74 140 126 112 99 87 78 72 70 72 77 134 118 104 89 77 66 59 56 58 65 129 112 97 81 67 55 46 42 45 54 125 108 91 75 59 45 33 28 33 45 122 105 88 71 54 38 23 14 23 38 122 104 87 70 52 35 18 0 18 35 122 105 88 71 54 38 23 14 23 38 125 108 91 75 59 45 33 28 33 45 129 112 97 81 67 55 46 42 45 54 134 118 104 89 77 66 59 56 58 65
73 67 79 107 16 63 74 14 112 48 119 78 65 50 110 42 47 53 15 86 56 68 110 100 81 66 23 27 112 60 110 81 63 51 92 46 87 20 10 91 156 140 126 112 99 87 78 72 69 71 150 134 118 103 89 76 66 58 55 58 145 129 112 97 81 67 54 45 42 45 142 125 108 91 75 59 45 33 28 33 140 122 105 88 71 54 38 23 14 23 139 122 104 87 70 52 35 18 0 18 140 122 105 88 71 54 38 23 14 23 142 125 108 91 75 59 45 33 28 33 145 129 112 97 81 67 54 45 42 45 150 134 118 103 89 76 66 58 55 58
89 83 94 122 32 80 90 30 128 65 135 94 82 67 127 58 64 67 32 102 73 84 126 117 98 83 39 30 128 76 127 96 80 68 109 62 104 37 28 107 171 155 140 125 111 98 87 77 71 69 166 150 134 118 103 89 76 65 58 55 162 145 129 112 96 81 67 54 45 42 159 142 125 108 91 75 59 45 33 28 157 140 122 105 88 71 54 38 23 14 156 139 122 104 87 70 52 35 18 0 157 140 122 105 88 71 54 38 23 14 159 142 125 108 91 75 59 45 33 28 162 145 129 112 96 81 67 54 45 42 166 150 134 118 103 89 76 65 58 55
71 85 94 78 128 87 87 130 66 93 60 88 78 90 61 108 97 112 125 78 85 87 71 58 62 75 119 149 57 82 58 92 79 90 65 103 55 122 130 68 86 88 93 100 110 122 134 148 162 177 72 74 80 88 99 112 126 140 156 171 58 60 67 77 90 104 119 134 150 166 43 47 55 68 82 97 113 129 145 162 29 34 45 60 75 91 108 125 142 159 15 23 38 54 71 88 105 122 140 157 0 18 35 52 70 87 104 122 139 156 15 23 38 54 71 88 105 122 140 157 29 34 45 60 75 91 108 125 142 159 43 47 55 68 82 97 113 129 145 162
54 70 81 70 111 72 73 113 59 75 55 75 60 73 53 91 81 97 108 65 68 72 63 46 47 57 102 132 50 64 50 80 62 72 53 87 39 105 113 56 88 86 87 92 100 110 121 134 148 162 74 72 73 79 88 99 112 126 140 155 60 57 60 67 77 90 104 118 134 150 47 43 46 55 67 82 97 112 129 145 34 29 34 45 60 75 91 108 125 142 23 15 23 38 54 71 88 105 122 140 18 0 18 35 52 70 87 104 122 139 23 15 23 38 54 71 88 105 122 140 34 29 34 45 60 75 91 108 125 142 47 43 46 55 67 82 97 112 129 145
37 56 70 65 94 57 61 96 56 58 54 64 43 56 50 75 65 82 91 55 52 58 59 40 32 40 85 116 47 47 47 69 44 55 44 71 24 88 96 46 93 87 85 87 92 99 109 121 134 148 80 73 71 73 79 88 99 112 126 140 67 60 57 60 67 77 90 104 118 134 55 46 43 46 55 67 81 97 112 129 45 34 29 34 45 60 75 91 108 125 38 23 15 23 38 54 71 88 105 122 35 18 0 18 35 52 70 87 104 122 38 23 15 23 38 54 71 88 105 122 45 34 29 34 45 60 75 91 108 125 55 46 43 46 55 67 81 97 112 129
20 45 62 65 77 45 51 79 59 41 59 56 26 39 53 60 49 69 74 50 36 47 61 40 22 23 67 100 51 30 50 62 27 38 41 56 17 71 79 43 100 92 87 85 87 91 99 109 121 134 88 79 73 71 73 79 88 99 112 125 77 67 60 57 59 66 77 89 103 118 68 55 46 43 46 55 67 81 97 112 60 45 34 29 33 45 59 75 91 108 54 38 23 15 23 38 54 71 88 105 52 35 18 0 18 35 52 70 87 104 54 38 23 15 23 38 54 71 88 105 60 45 34 29 33 45 59 75 91 108 68 55 46 43 46 55 67 81 97 112
9 38 58 69 61 37 47 62 66 24 69 53 11 21 61 47 36 58 57 50 22 41 67 48 24 6 50 84 60 12 59 59 11 21 45 44 24 54 62 46 110 100 92 87 85 86 91 99 109 120 99 88 79 73 71 73 78 87 99 111 90 77 67 59 57 59 66 77 89 103 82 67 55 46 43 46 55 67 81 96 75 60 45 33 29 33 45 59 75 91 71 54 38 23 15 23 38 54 71 88 70 52 35 18 0 18 35 52 70 87 71 54 38 23 15 23 38 54 71 88 75 60 45 33 29 33 45 59 75 91 82 67 55 46 43 46 55 67 81 96
19 39 60 77 45 36 49 46 76 9 81 55 12 6 72 37 27 51 40 56 17 42 76 59 35 13 33 69 72 6 71 61 10 7 54 35 39 39 46 54 122 110 99 91 86 84 86 91 98 108 112 99 88 79 73 70 72 78 87 98 104 90 77 66 59 56 59 66 76 89 97 82 67 55 46 42 46 55 67 81 91 75 60 45 33 28 33 45 59 75 88 71 54 38 23 14 23 38 54 71 87 70 52 35 18 0 18 35 52 70 88 71 54 38 23 14 23 38 54 71 91 75 60 45 33 28 33 45 59 75 97 82 67 55 46 42 46 55 67 81
36 47 66 87 31 43 56 32 89 14 94 62 28 15 86 33 28 50 23 66 27 49 88 73 50 30 16 56 86 23 84 67 26 17 67 34 55 25 30 67 134 121 109 99 91 86 84 85 90 98 126 112 99 88 78 72 70 72 78 87 119 104 90 77 66 59 56 59 66 76 113 97 81 67 55 46 42 46 54 67 108 91 75 59 45 33 28 33 45 59 105 88 71 54 38 23 14 23 38 54 104 87 70 52 35 18 0 18 35 52 105 88 71 54 38 23 14 23 38 54 108 91 75 59 45 33 28 33 45 59 113 97 81 67 55 46 42 46 54 67
53 59 75 100 23 55 67 22 103 31 109 73 45 32 100 39 38 54 11 78 42 61 102 88 67 48 4 46 101 40 99 77 44 33 82 41 72 20 18 81 148 134 121 109 99 91 85 83 85 90 140 126 112 99 87 78 72 70 72 77 134 118 104 89 77 66 59 56 58 65 129 112 97 81 67 55 46 42 45 54 125 108 91 75 59 45 33 28 33 45 122 105 88 71 54 38 23 14 23 38 122 104 87 70 52 35 18 0 18 35 122 105 88 71 54 38 23 14 23 38 125 108 91 75 59 45 33 28 33 45 129 112 97 81 67 55 46 42 45 54
70 73 87 114 26 69 81 24 118 48 124 86 62 49 116 50 52 63 18 93 58 74 116 104 83 65 20 41 116 58 115 90 61 50 97 53 88 27 19 96 162 148 134 121 109 98 90 85 83 85 156 140 126 112 99 87 78 72 69 71 150 134 118 103 89 76 66 58 55 58 145 129 112 97 81 67 54 45 42 45 142 125 108 91 75 59 45 33 28 33 140 122 105 88 71 54 38 23 14 23 139 122 104 87 70 52 35 18 0 18 140 122 105 88 71 54 38 23 14 23 142 125 108 91 75 59 45 33 28 33 145 129 112 97 81 67 54 45 42 45
87 88 101 129 38 85 95 36 133 65 140 100 80 67 131 64 68 75 33 108 75 89 131 120 100 82 37 43 132 75 131 103 78 68 113 68 105 41 32 112 177 162 148 134 120 108 98 90 85 83 171 155 140 125 111 98 87 77 71 69 166 150 134 118 103 89 76 65 58 55 162 145 129 112 96 81 67 54 45 42 159 142 125 108 91 75 59 45 33 28 157 140 122 105 88 71 54 38 23 14 156 139 122 104 87 70 52 35 18 0 157 140 122 105 88 71 54 38 23 14 159 142 125 108 91 75 59 45 33 28 162 145 129 112 96 81 67 54 45 42
70 92 103 90 131 94 95 133 79 95 73 97 78 92 73 113 102 119 127 87 89 94 83 68 69 76 120 153 70 83 70 102 79 92 75 108 61 125 133 78 100 102 106 112 121 132 144 156 170 184 86 88 93 100 110 122 134 148 162 177 72 74 80 88 99 112 126 140 156 171 58 60 67 77 90 104 119 134 150 166 43 47 55 68 82 97 113 129 145 162 29 34 45 60 75 91 108 125 142 159 15 23 38 54 71 88 105 122 140 157 0 18 35 52 70 87 104 122 139 156 15 23 38 54 71 88 105 122 140 157 29 34 45 60 75 91 108 125 142 159
53 79 92 83 114 80 83 116 73 78 69 86 60 75 66 97 86 105 110 76 73 81 77 59 54 60 103 137 63 66 63 91 62 75 64 93 47 108 116 67 102 100 101 105 112 121 131 143 156 170 88 86 87 92 100 110 121 134 148 162 74 72 73 79 88 99 112 126 140 155 60 57 60 67 77 90 104 118 134 150 47 43 46 55 67 82 97 112 129 145 34 29 34 45 60 75 91 108 125 142 23 15 23 38 54 71 88 105 122 140 18 0 18 35 52 70 87 104 122 139 23 15 23 38 54 71 88 105 122 140 34 29 34 45 60 75 91 108 125 142
36 66 82 79 98 67 72 100 70 61 68 76 43 59 64 83 71 91 94 68 58 69 74 54 43 43 86 121 62 49 61 82 45 59 57 79 36 92 99 60 106 101 99 101 105 112 121 131 143 156 93 87 85 87 92 99 109 121 134 148 80 73 71 73 79 88 99 112 126 140 67 60 57 60 67 77 90 104 118 134 55 46 43 46 55 67 81 97 112 129 45 34 29 34 45 60 75 91 108 125 38 23 15 23 38 54 71 88 105 122 35 18 0 18 35 52 70 87 104 122 38 23 15 23 38 54 71 88 105 122 45 34 29 34 45 60 75 91 108 125
19 57 75 79 82 57 64 84 72 46 72 69 26 42 66 69 58 80 77 64 44 60 75 54 36 28 69 106 65 33 63 75 29 43 55 66 31 76 83 57 112 105 101 99 100 105 111 120 131 143 100 92 87 85 87 91 99 109 121 134 88 79 73 71 73 79 88 99 112 125 77 67 60 57 59 66 77 89 103 118 68 55 46 43 46 55 67 81 97 112 60 45 34 29 33 45 59 75 91 108 54 38 23 15 23 38 54 71 88 105 52 35 18 0 18 35 52 70 87 104 54 38 23 15 23 38 54 71 88 105 60 45 34 29 33 45 59 75 91 108
6 52 72 82 67 51 61 68 78 31 80 67 11 28 73 58 47 71 61 64 34 55 79 60 37 18 53 92 72 18 70 73 14 29 58 55 35 61 67 59 121 112 105 100 99 100 104 111 120 130 110 100 92 87 85 86 91 99 109 120 99 88 79 73 71 73 78 87 99 111 90 77 67 59 57 59 66 77 89 103 82 67 55 46 43 46 55 67 81 96 75 60 45 33 29 33 45 59 75 91 71 54 38 23 15 23 38 54 71 88 70 52 35 18 0 18 35 52 70 87 71 54 38 23 15 23 38 54 71 88 75 60 45 33 29 33 45 59 75 91
18 52 73 89 54 50 62 54 87 22 90 68 12 19 82 50 41 65 45 68 31 55 87 69 45 21 37 78 82 15 81 74 13 21 66 49 46 47 52 66 132 121 112 105 100 98 99 104 110 119 122 110 99 91 86 84 86 91 98 108 112 99 88 79 73 70 72 78 87 98 104 90 77 66 59 56 59 66 76 89 97 82 67 55 46 42 46 55 67 81 91 75 60 45 33 28 33 45 59 75 88 71 54 38 23 14 23 38 54 71 87 70 52 35 18 0 18 35 52 70 88 71 54 38 23 14 23 38 54 71 91 75 60 45 33 28 33 45 59 75
35 58 78 98 42 55 68 43 98 24 103 74 28 24 94 47 41 64 32 77 37 61 98 81 58 35 23 67 94 27 93 80 28 25 76 48 61 37 39 76 144 131 121 111 104 99 98 99 103 110 134 121 109 99 91 86 84 85 90 98 126 112 99 88 78 72 70 72 78 87 119 104 90 77 66 59 56 59 66 76 113 97 81 67 55 46 42 46 54 67 108 91 75 59 45 33 28 33 45 59 105 88 71 54 38 23 14 23 38 54 104 87 70 52 35 18 0 18 35 52 105 88 71 54 38 23 14 23 38 54 108 91 75 59 45 33 28 33 45 59
52 68 86 109 37 65 78 36 111 36 116 83 45 37 108 51 49 67 24 88 49 71 110 95 72 50 17 58 108 43 107 88 44 38 89 53 76 33 31 89 156 143 131 120 111 104 99 97 99 103 148 134 121 109 99 91 85 83 85 90 140 126 112 99 87 78 72 70 72 77 134 118 104 89 77 66 59 56 58 65 129 112 97 81 67 55 46 42 45 54 125 108 91 75 59 45 33 28 33 45 122 105 88 71 54 38 23 14 23 38 122 104 87 70 52 35 18 0 18 35 122 105 88 71 54 38 23 14 23 38 125 108 91 75 59 45 33 28 33 45
69 81 97 122 39 77 89 37 125 51 131 95 62 53 122 60 60 74 28 101 63 83 124 110 88 67 26 54 123 59 121 99 61 54 104 63 92 38 32 103 170 156 143 131 120 110 103 99 97 98 162 148 134 121 109 98 90 85 83 85 156 140 126 112 99 87 78 72 69 71 150 134 118 103 89 76 66 58 55 58 145 129 112 97 81 67 54 45 42 45 142 125 108 91 75 59 45 33 28 33 140 122 105 88 71 54 38 23 14 23 139 122 104 87 70 52 35 18 0 18 140 122 105 88 71 54 38 23 14 23 142 125 108 91 75 59 45 33 28 33
87 95 109 136 48 91 103 45 139 68 146 108 80 69 137 72 74 85 40 115 79 96 138 125 104 84 41 56 138 76 136 112 79 70 119 76 109 49 41 118 184 170 156 143 130 119 110 103 98 96 177 162 148 134 120 108 98 90 85 83 171 155 140 125 111 98 87 77 71 69 166 150 134 118 103 89 76 65 58 55 162 145 129 112 96 81 67 54 45 42 159 142 125 108 91 75 59 45 33 28 157 140 122 105 88 71 54 38 23 14 156 139 122 104 87 70 52 35 18 0 157 140 122 105 88 71 54 38 23 14 159 142 125 108 91 75 59 45 33 28
73 101 114 103 136 102 105 137 92 99 87 108 80 96 86 119 108 127 131 98 95 103 96 80 77 81 123 159 83 86 82 113 82 96 86 115 69 129 137 89 115 116 119 125 133 143 154 166 179 192 100 102 106 112 121 132 144 156 170 184 86 88 93 100 110 122 134 148 162 177 72 74 80 88 99 112 126 140 156 171 58 60 67 77 90 104 119 134 150 166 43 47 55 68 82 97 113 129 145 162 29 34 45 60 75 91 108 125 142 159 15 23 38 54 71 88 105 122 140 157 0 18 35 52 70 87 104 122 139 156 15 23 38 54 71 88 105 122 140 157
57 88 103 97 120 89 94 121 87 83 83 97 64 80 80 105 94 114 114 88 80 91 90 72 65 65 107 143 77 70 77 102 66 80 77 101 57 113 120 80 116 114 115 119 125 133 142 153 165 178 102 100 101 105 112 121 131 143 156 170 88 86 87 92 100 110 121 134 148 162 74 72 73 79 88 99 112 126 140 155 60 57 60 67 77 90 104 118 134 150 47 43 46 55 67 82 97 112 129 145 34 29 34 45 60 75 91 108 125 142 23 15 23 38 54 71 88 105 122 140 18 0 18 35 52 70 87 104 122 139 23 15 23 38 54 71 88 105 122 140
41 78 95 93 104 78 84 105 84 68 82 89 48 64 78 91 80 102 98 81 66 81 88 68 55 50 90 128 76 55 75 94 50 65 71 88 48 98 105 73 119 115 114 115 118 124 132 142 153 165 106 101 99 101 105 112 121 131 143 156 93 87 85 87 92 99 109 121 134 148 80 73 71 73 79 88 99 112 126 140 67 60 57 60 67 77 90 104 118 134 55 46 43 46 55 67 81 97 112 129 45 34 29 34 45 60 75 91 108 125 38 23 15 23 38 54 71 88 105 122 35 18 0 18 35 52 70 87 104 122 38 23 15 23 38 54 71 88 105 122
27 70 89 93 89 69 78 90 86 53 86 83 33 50 80 79 68 91 82 77 55 73 88 68 50 38 74 114 78 41 77 89 36 51 69 76 45 83 89 71 125 119 115 113 114 118 124 132 141 152 112 105 101 99 100 105 111 120 131 143 100 92 87 85 87 91 99 109 121 134 88 79 73 71 73 79 88 99 112 125 77 67 60 57 59 66 77 89 103 118 68 55 46 43 46 55 67 81 97 112 60 45 34 29 33 45 59 75 91 108 54 38 23 15 23 38 54 71 88 105 52 35 18 0 18 35 52 70 87 104 54 38 23 15 23 38 54 71 88 105
20 66 86 96 76 64 75 77 91 42 92 81 23 39 85 70 59 84 67 77 47 69 93 72 50 31 59 100 84 30 83 87 26 40 71 67 48 69 75 73 133 125 118 114 113 114 117 123 131 141 121 112 105 100 99 100 104 111 120 130 110 100 92 87 85 86 91 99 109 120 99 88 79 73 71 73 78 87 99 111 90 77 67 59 57 59 66 77 89 103 82 67 55 46 43 46 55 67 81 96 75 60 45 33 29 33 45 59 75 91 71 54 38 23 15 23 38 54 71 88 70 52 35 18 0 18 35 52 70 87 71 54 38 23 15 23 38 54 71 88
26 66 87 101 64 64 76 64 99 36 101 82 24 33 94 63 54 79 54 81 45 69 99 80 57 33 45 88 93 28 92 88 25 35 78 62 57 58 61 78 143 133 124 118 114 112 113 117 123 131 132 121 112 105 100 98 99 104 110 119 122 110 99 91 86 84 86 91 98 108 112 99 88 79 73 70 72 78 87 98 104 90 77 66 59 56 59 66 76 89 97 82 67 55 46 42 46 55 67 81 91 75 60 45 33 28 33 45 59 75 88 71 54 38 23 14 23 38 54 71 87 70 52 35 18 0 18 35 52 70 88 71 54 38 23 14 23 38 54 71
40 71 91 110 55 68 81 55 109 37 112 87 35 36 104 61 55 77 43 88 49 74 109 91 67 43 34 78 104 36 102 93 35 38 87 62 69 50 51 87 154 142 132 124 117 113 112 113 116 122 144 131 121 111 104 99 98 99 103 110 134 121 109 99 91 86 84 85 90 98 126 112 99 88 78 72 70 72 78 87 119 104 90 77 66 59 56 59 66 76 113 97 81 67 55 46 42 46 54 67 108 91 75 59 45 33 28 33 45 59 105 88 71 54 38 23 14 23 38 54 104 87 70 52 35 18 0 18 35 52 105 88 71 54 38 23 14 23 38 54
56 79 98 120 51 76 89 49 120 46 125 95 49 45 116 64 61 80 38 98 58 82 120 104 80 56 31 71 116 49 115 100 49 47 98 66 83 47 45 98 166 153 142 132 123 117 113 111 112 116 156 143 131 120 111 104 99 97 99 103 148 134 121 109 99 91 85 83 85 90 140 126 112 99 87 78 72 70 72 77 134 118 104 89 77 66 59 56 58 65 129 112 97 81 67 55 46 42 45 54 125 108 91 75 59 45 33 28 33 45 122 105 88 71 54 38 23 14 23 38 122 104 87 70 52 35 18 0 18 35 122 105 88 71 54 38 23 14 23 38
72 90 107 131 52 87 99 50 133 58 138 105 65 59 130 71 70 86 40 110 71 92 132 117 94 72 36 68 130 64 129 110 65 60 111 74 97 51 45 111 179 165 153 141 131 123 116 112 110 112 170 156 143 131 120 110 103 99 97 98 162 148 134 121 109 98 90 85 83 85 156 140 126 112 99 87 78 72 69 71 150 134 118 103 89 76 66 58 55 58 145 129 112 97 81 67 54 45 42 45 142 125 108 91 75 59 45 33 28 33 140 122 105 88 71 54 38 23 14 23 139 122 104 87 70 52 35 18 0 18 140 122 105 88 71 54 38 23 14 23
89 103 119 144 59 99 111 57 147 73 153 117 82 74 144 81 82 95 49 123 85 105 146 132 109 88 48 69 145 80 143 121 81 75 125 85 113 59 52 125 192 178 165 152 141 131 122 116 112 110 184 170 156 143 130 119 110 103 98 96 177 162 148 134 120 108 98 90 85 83 171 155 140 125 111 98 87 77 71 69 166 150 134 118 103 89 76 65 58 55 162 145 129 112 96 81 67 54 45 42 159 142 125 108 91 75 59 45 33 28 157 140 122 105 88 71 54 38 23 14 156 139 122 104 87 70 52 35 18 0 157 140 122 105 88 71 54 38 23 14
78 111 125 116 141 111 116 143 105 105 100 119 85 102 99 127 116 136 135 110 102 113 109 92 87 87 127 165 96 92 96 124 87 102 98 123 79 135 142 101 129 130 133 138 145 154 164 176 188 201 115 116 119 125 133 143 154 166 179 192 100 102 106 112 121 132 144 156 170 184 86 88 93 100 110 122 134 148 162 177 72 74 80 88 99 112 126 140 156 171 58 60 67 77 90 104 119 134 150 166 43 47 55 68 82 97 113 129 145 162 29 34 45 60 75 91 108 125 142 159 15 23 38 54 71 88 105 122 140 157 0 18 35 52 70 87 104 122 139 156
63 99 115 110 126 100 105 127 100 90 97 109 70 87 94 114 102 124 120 101 89 102 104 85 76 73 111 150 91 77 91 115 72 87 90 110 69 120 126 92 130 128 129 132 138 145 154 164 175 187 116 114 115 119 125 133 142 153 165 178 102 100 101 105 112 121 131 143 156 170 88 86 87 92 100 110 121 134 148 162 74 72 73 79 88 99 112 126 140 155 60 57 60 67 77 90 104 118 134 150 47 43 46 55 67 82 97 112 129 145 34 29 34 45 60 75 91 108 125 142 23 15 23 38 54 71 88 105 122 140 18 0 18 35 52 70 87 104 122 139
49 90 108 107 112 90 97 113 99 76 97 102 56 73 92 101 90 113 104 95 77 93 102 82 68 60 96 136 90 63 89 108 58 73 85 98 62 105 111 87 133 129 128 129 132 137 144 153 163 175 119 115 114 115 118 124 132 142 153 165 106 101 99 101 105 112 121 131 143 156 93 87 85 87 92 99 109 121 134 148 80 73 71 73 79 88 99 112 126 140 67 60 57 60 67 77 90 104 118 134 55 46 43 46 55 67 81 97 112 129 45 34 29 34 45 60 75 91 108 125 38 23 15 23 38 54 71 88 105 122 35 18 0 18 35 52 70 87 104 122
39 83 103 107 98 82 91 99 100 64 99 97 44 60 94 91 80 104 90 91 67 86 102 82 64 50 81 123 92 51 91 103 46 61 83 88 59 92 97 85 138 132 129 127 128 131 137 144 153 163 125 119 115 113 114 118 124 132 141 152 112 105 101 99 100 105 111 120 131 143 100 92 87 85 87 91 99 109 121 134 88 79 73 71 73 79 88 99 112 125 77 67 60 57 59 66 77 89 103 118 68 55 46 43 46 55 67 81 97 112 60 45 34 29 33 45 59 75 91 108 54 38 23 15 23 38 54 71 88 105 52 35 18 0 18 35 52 70 87 104
34 80 100 109 86 78 89 86 104 54 105 95 36 51 98 82 72 97 76 91 60 83 106 86 64 45 67 110 97 43 96 101 39 53 85 80 61 80 84 86 145 138 132 128 127 127 131 136 143 152 133 125 118 114 113 114 117 123 131 141 121 112 105 100 99 100 104 111 120 130 110 100 92 87 85 86 91 99 109 120 99 88 79 73 71 73 78 87 99 111 90 77 67 59 57 59 66 77 89 103 82 67 55 46 43 46 55 67 81 96 75 60 45 33 29 33 45 59 75 91 71 54 38 23 15 23 38 54 71 88 70 52 35 18 0 18 35 52 70 87
38 80 101 114 75 78 90 75 111 49 113 96 37 47 106 77 68 92 65 95 59 83 112 92 69 47 55 99 105 42 103 102 39 49 90 76 68 70 72 91 154 145 137 131 127 126 127 130 135 143 143 133 124 118 114 112 113 117 123 131 132 121 112 105 100 98 99 104 110 119 122 110 99 91 86 84 86 91 98 108 112 99 88 79 73 70 72 78 87 98 104 90 77 66 59 56 59 66 76 89 97 82 67 55 46 42 46 55 67 81 91 75 60 45 33 28 33 45 59 75 88 71 54 38 23 14 23 38 54 71 87 70 52 35 18 0 18 35 52 70
48 84 104 121 68 81 94 67 120 50 123 100 45 49 115 75 69 91 56 101 62 87 120 102 78 54 47 91 114 47 113 106 46 51 98 75 78 63 63 99 164 154 144 137 131 127 125 126 130 135 154 142 132 124 117 113 112 113 116 122 144 131 121 111 104 99 98 99 103 110 134 121 109 99 91 86 84 85 90 98 126 112 99 88 78 72 70 72 78 87 119 104 90 77 66 59 56 59 66 76 113 97 81 67 55 46 42 46 54 67 108 91 75 59 45 33 28 33 45 59 105 88 71 54 38 23 14 23 38 54 104 87 70 52 35 18 0 18 35 52
62 91 110 131 64 88 101 63 130 57 134 107 57 56 126 77 73 94 52 109 70 94 130 113 89 65 44 85 126 58 124 112 57 58 109 79 91 61 58 109 176 164 153 144 136 130 126 125 126 129 166 153 142 132 123 117 113 111 112 116 156 143 131 120 111 104 99 97 99 103 148 134 121 109 99 91 85 83 85 90 140 126 112 99 87 78 72 70 72 77 134 118 104 89 77 66 59 56 58 65 129 112 97 81 67 55 46 42 45 54 125 108 91 75 59 45 33 28 33 45 122 105 88 71 54 38 23 14 23 38 122 104 87 70 52 35 18 0 18 35
77 100 119 141 65 97 110 64 142 68 147 116 71 67 139 83 81 99 54 120 80 103 142 126 102 79 48 82 139 71 137 121 71 69 120 86 105 64 59 120 188 175 163 153 143 135 130 126 124 125 179 165 153 141 131 123 116 112 110 112 170 156 143 131 120 110 103 99 97 98 162 148 134 121 109 98 90 85 83 85 156 140 126 112 99 87 78 72 69 71 150 134 118 103 89 76 66 58 55 58 145 129 112 97 81 67 54 45 42 45 142 125 108 91 75 59 45 33 28 33 140 122 105 88 71 54 38 23 14 23 139 122 104 87 70 52 35 18 0 18
93 112 129 153 71 109 121 69 155 81 160 127 87 81 152 92 92 107 60 132 93 114 154 139 116 93 58 83 152 86 151 131 86 82 133 95 119 71 64 133 201 187 175 163 152 143 135 129 125 124 192 178 165 152 141 131 122 116 112 110 184 170 156 143 130 119 110 103 98 96 177 162 148 134 120 108 98 90 85 83 171 155 140 125 111 98 87 77 71 69 166 150 134 118 103 89 76 65 58 55 162 145 129 112 96 81 67 54 45 42 159 142 125 108 91 75 59 45 33 28 157 140 122 105 88 71 54 38 23 14 156 139 122 104 87 70 52 35 18 0
