0 39 28 47 51 41 62 47 40 33 56 49 34 33 59 47 32 15 51 58 45 51 19 46 42 27 45 44 45 31 41 74 51 28 28 48 35 64 43 39 85 69 55 44 37 38 46 58 72 88 80 63 47 33 23 25 36 50 66 83 77 60 43 26 11 13 29 46 63 80 77 60 43 26 10 13 29 46 63 80 79 63 47 32 22 23 35 50 66 83 84 69 54 43 35 36 44 57 71 87 91 77 64 55 49 50 56 66 79 93 99 86 76 67 63 63 68 77 88 101 109 97 88 81 77 77 81 89 98 110 119 109 100 94 91 91 94 101 109 120
39 0 61 77 38 2 28 62 5 35 19 57 66 41 21 10 9 26 16 59 17 15 51 80 34 31 28 62 56 36 14 58 82 34 29 12 15 30 40 17 123 108 94 82 72 64 61 63 70 79 116 101 86 72 60 51 48 50 58 69 111 95 79 63 50 39 34 37 47 61 108 91 74 57 41 27 20 25 39 54 106 89 71 54 37 20 6 17 34 51 106 89 72 55 38 21 9 18 35 52 108 91 75 58 43 30 23 28 40 56 112 96 80 65 52 41 37 40 49 62 117 102 87 74 62 54 51 53 60 71 124 110 96 84 74 67 64 66 72 82
28 61 0 20 57 62 87 32 60 37 79 40 8 33 82 66 53 36 75 52 61 75 10 19 48 36 55 28 35 35 58 75 23 34 38 67 52 89 45 54 63 51 42 39 44 54 67 82 98 114 55 41 29 25 32 45 60 76 93 110 51 34 18 11 23 39 56 73 90 108 50 33 15 5 21 38 55 73 90 107 53 37 24 19 27 42 58 75 92 109 59 46 36 33 38 50 64 79 95 112 68 57 49 47 51 60 72 86 101 116 78 69 62 61 64 71 81 94 108 122 90 82 76 75 77 83 92 103 116 130 102 95 90 89 91 96 104 114 125 138
47 77 20 0 63 78 104 28 75 47 95 39 13 41 97 80 68 53 92 51 73 91 28 11 56 48 64 25 34 45 71 77 7 46 50 80 65 106 51 67 56 48 46 51 60 72 87 102 117 133 45 35 32 38 50 65 80 96 113 129 36 22 18 28 43 59 76 93 110 127 31 14 6 22 39 56 74 91 108 126 33 18 12 24 41 57 74 92 109 126 40 29 26 33 46 62 78 94 111 128 50 42 40 45 55 69 83 99 115 131 62 56 54 58 66 78 91 105 120 136 75 70 68 71 78 88 100 113 127 142 88 83 82 85 91 99 110 122 135 149
51 38 57 63 0 38 60 38 33 20 50 28 58 24 51 33 34 39 52 24 22 49 49 70 10 25 10 40 31 23 24 24 69 24 24 31 25 64 13 22 117 106 97 91 87 87 91 97 106 116 107 95 85 78 74 73 77 85 95 107 98 85 73 65 60 60 64 73 85 98 90 76 63 52 46 46 52 63 76 90 84 68 53 40 32 32 41 54 68 84 80 63 47 31 19 19 31 47 64 80 78 61 44 26 9 10 27 44 61 79 79 62 45 29 15 15 29 46 62 79 82 66 50 37 27 27 37 51 66 83 88 73 59 48 41 41 48 59 73 88
41 2 62 78 38 0 27 63 5 36 18 57 67 42 20 9 10 27 16 59 17 14 52 81 34 32 28 62 57 37 14 58 83 35 30 11 15 30 40 17 124 109 96 83 73 66 63 64 70 80 117 102 87 73 61 53 49 51 58 70 112 96 80 65 51 40 35 38 48 61 109 92 75 58 43 29 21 26 39 54 107 89 72 55 38 21 8 17 34 51 107 90 72 55 38 21 8 17 34 51 109 92 75 59 43 29 22 26 39 54 112 96 80 65 51 41 36 39 48 61 118 102 87 74 62 53 49 52 59 70 124 110 96 84 73 66 63 65 71 80
62 28 87 104 60 27 0 89 31 62 10 83 92 68 10 28 36 51 12 83 39 13 77 106 59 58 52 89 83 63 38 76 109 61 56 30 41 4 66 42 147 131 116 102 89 77 68 63 62 66 141 125 109 94 80 67 56 49 48 53 137 120 104 88 72 57 45 36 35 41 134 117 100 83 67 50 35 23 21 31 133 116 98 81 64 47 30 13 9 25 133 116 99 81 64 47 30 14 10 25 135 118 101 84 67 51 36 25 23 32 138 121 105 89 73 58 46 38 36 43 142 126 110 95 81 68 57 51 50 55 148 132 117 103 90 79 70 64 64 67
47 62 32 28 38 63 89 0 59 28 80 11 28 21 81 62 54 45 78 23 54 76 31 37 33 32 42 4 8 26 52 50 34 29 34 62 48 92 27 48 83 75 71 70 74 82 92 104 117 131 72 62 57 56 61 70 82 95 109 125 61 50 43 42 49 60 73 88 103 119 52 39 29 29 37 51 66 82 99 115 47 30 17 16 29 45 62 79 96 113 45 27 10 8 26 43 60 77 95 112 47 31 18 17 30 45 62 79 96 113 54 40 31 31 39 52 67 83 99 116 63 52 45 44 50 61 74 89 104 120 73 64 59 58 63 72 83 96 111 126
40 5 60 75 33 5 31 59 0 32 21 53 65 38 23 8 8 26 20 54 13 18 50 78 30 28 24 59 53 33 9 53 80 31 26 9 11 34 36 13 122 108 95 83 74 67 65 68 74 84 115 100 86 72 61 54 51 55 63 74 110 93 78 63 50 41 37 42 52 65 106 89 72 56 41 29 24 30 43 58 103 86 69 52 35 19 10 21 38 55 103 86 69 51 34 17 5 20 37 54 105 88 71 54 39 25 19 27 41 57 108 92 76 61 47 37 33 38 49 63 113 98 83 69 58 50 47 50 59 71 120 105 92 79 70 63 61 63 70 81
33 35 37 47 20 36 62 28 32 0 52 23 39 7 54 36 27 23 51 28 27 49 29 53 11 7 18 28 22 3 26 42 53 5 8 35 21 65 11 21 99 87 78 71 68 70 75 84 96 108 90 77 66 58 54 56 63 74 86 100 82 68 55 45 40 43 52 64 78 94 76 60 45 33 26 30 42 57 72 89 73 56 39 23 12 20 35 52 69 86 72 54 37 20 3 16 33 50 68 85 74 57 41 26 17 23 37 53 70 87 78 62 48 36 31 34 45 59 74 90 85 70 58 49 45 47 55 67 81 96 93 80 70 62 59 61 67 77 89 103
56 19 79 95 50 18 10 80 21 52 0 73 84 59 3 18 28 44 8 73 29 6 69 98 49 49 42 79 73 54 28 67 100 52 47 20 32 14 56 32 140 125 111 97 85 75 68 65 67 73 134 118 103 88 75 64 55 52 54 61 129 113 97 81 66 53 43 38 41 50 126 109 92 76 59 44 31 24 29 41 124 107 90 72 55 38 22 10 19 35 124 106 89 72 55 37 20 5 16 33 125 108 91 74 57 41 27 19 24 38 128 111 95 79 63 49 38 32 36 46 132 116 100 85 71 59 50 46 48 56 138 122 107 94 81 70 63 60 62 68
49 57 40 39 28 57 83 11 53 23 73 0 37 18 74 56 49 44 73 13 46 71 36 48 25 28 33 14 6 23 46 39 45 25 30 55 42 86 18 42 94 86 80 78 80 85 94 104 117 130 82 73 66 64 66 73 83 95 108 122 72 61 53 50 53 61 72 86 100 116 63 50 40 36 40 50 64 79 94 111 56 41 28 22 28 42 57 73 90 107 52 35 19 8 20 36 54 71 88 105 52 35 19 7 20 36 54 71 88 105 56 40 27 21 28 41 57 73 90 107 63 49 39 36 40 50 64 79 94 111 72 60 52 50 53 61 72 86 100 116
34 66 8 13 58 67 92 28 65 39 84 37 0 34 87 71 58 42 81 50 65 80 16 14 49 39 57 25 32 37 62 75 17 37 41 71 56 95 46 58 60 49 43 43 50 61 74 89 105 121 51 38 29 30 39 52 67 84 100 117 45 29 16 17 30 46 63 80 97 114 43 26 9 10 27 44 62 79 96 114 46 30 17 18 31 47 63 80 97 114 52 39 30 31 40 53 68 84 100 117 61 51 44 44 51 62 75 90 105 121 72 63 58 58 63 72 84 97 112 127 84 76 72 72 76 84 94 106 119 133 96 90 86 86 90 96 105 116 128 141
33 41 33 41 24 42 68 21 38 7 59 18 34 0 60 42 33 26 57 26 34 55 26 47 16 11 24 21 16 6 32 44 47 8 13 42 28 71 13 28 94 83 74 68 67 70 77 87 99 113 84 72 61 55 53 57 66 77 91 105 76 62 50 41 39 45 55 69 83 99 70 54 39 28 25 33 47 62 78 95 66 49 32 17 12 25 41 58 75 92 65 48 31 14 6 23 40 57 74 92 68 51 35 22 19 28 43 59 76 93 73 58 44 35 32 39 51 65 81 97 80 67 55 48 46 51 60 73 87 102 89 77 68 62 60 64 72 82 95 109
59 21 82 97 51 20 10 81 23 54 3 74 87 60 0 19 30 46 11 74 29 9 72 100 50 51 43 81 75 55 29 66 102 53 48 20 33 14 57 33 143 128 113 100 88 78 71 68 69 75 136 121 106 91 78 66 58 54 56 62 131 115 99 83 69 56 45 40 43 51 128 111 94 78 62 47 34 27 30 41 126 108 91 74 57 40 25 13 19 34 125 108 90 73 56 39 21 4 14 32 126 109 92 75 58 42 26 16 21 35 129 112 95 79 63 49 36 30 33 43 132 116 100 85 71 58 48 44 46 53 138 122 107 93 80 69 61 57 59 65
47 10 66 80 33 9 28 62 8 36 18 56 71 42 19 0 16 33 20 55 11 17 56 84 32 33 24 63 56 37 10 51 86 36 31 2 16 32 38 15 129 115 102 90 81 74 71 73 78 87 121 106 92 79 69 61 58 59 66 76 115 99 84 70 57 48 44 46 54 66 111 94 78 62 48 36 30 33 44 58 108 91 74 57 40 25 16 22 36 52 107 89 72 55 37 20 3 16 33 50 107 90 73 56 39 24 13 20 35 52 110 93 77 61 46 33 27 31 42 57 114 98 83 68 55 45 41 43 52 64 120 105 90 77 66 58 55 56 63 74
32 9 53 68 34 10 36 54 8 27 28 49 58 33 30 16 0 18 25 52 17 23 43 71 28 23 24 53 48 28 12 55 73 26 21 17 9 39 34 13 114 100 87 75 66 61 60 64 73 84 108 92 78 64 54 47 46 52 62 75 102 86 70 55 42 34 33 40 53 67 99 82 65 49 33 21 19 30 46 62 97 80 63 46 28 11 8 25 42 60 98 81 64 47 30 15 13 27 43 60 100 84 67 52 37 27 26 35 49 64 105 89 74 60 48 40 39 46 57 71 111 96 82 69 60 54 53 58 67 79 118 104 92 81 72 67 67 71 78 89
15 26 36 53 39 27 51 45 26 23 44 44 42 26 46 33 18 0 39 51 31 39 26 55 30 17 32 43 41 22 27 62 58 19 17 34 21 54 33 25 97 82 69 58 51 49 53 62 73 87 91 75 60 47 38 35 40 51 65 80 86 70 53 38 25 21 29 43 59 76 84 67 50 32 16 8 22 39 56 73 84 67 50 33 17 9 22 39 56 73 87 70 54 39 26 22 30 44 60 76 91 76 61 48 39 36 42 52 66 81 98 83 70 59 52 50 54 63 74 88 106 92 81 72 66 64 67 74 84 96 115 103 92 84 79 78 80 86 95 106
51 16 75 92 52 16 12 78 20 51 8 73 81 57 11 20 25 39 0 74 30 4 65 94 50 47 43 78 72 52 29 70 97 50 45 22 31 15 56 32 135 119 105 91 78 68 61 58 61 68 129 113 98 82 68 56 48 44 48 56 125 109 92 76 60 46 35 30 35 46 123 105 88 71 55 39 24 17 24 39 121 104 87 70 52 35 18 3 18 35 122 105 88 71 54 37 21 12 21 37 124 107 91 74 58 43 31 26 31 43 128 112 96 80 66 53 43 40 43 53 133 117 102 88 75 64 56 53 56 64 139 124 110 97 85 76 70 67 69 75
58 59 52 51 24 59 83 23 54 28 73 13 50 26 74 55 52 51 74 0 45 71 48 60 25 34 32 26 18 29 46 28 57 32 35 54 44 87 19 42 106 98 92 90 91 95 102 112 123 135 94 85 79 76 77 82 90 101 113 126 83 72 65 62 64 70 79 91 104 119 73 61 52 48 50 58 69 82 97 112 64 50 39 34 37 47 60 75 91 107 58 42 28 20 25 38 54 70 87 104 55 38 21 6 16 33 50 68 85 102 55 38 22 10 18 34 51 68 85 103 59 44 31 24 28 40 55 71 88 105 66 53 43 38 41 50 62 77 92 109
45 17 61 73 22 17 39 54 13 27 29 46 65 34 29 11 17 31 30 45 0 27 52 78 22 26 14 54 47 30 5 42 79 28 24 9 11 42 28 8 124 111 99 89 81 77 76 79 86 96 116 101 88 77 68 63 62 66 74 85 109 93 79 66 56 49 49 54 64 76 103 87 71 57 44 36 35 42 54 68 99 82 66 50 34 23 21 32 47 63 97 80 63 46 29 12 10 26 43 60 98 80 63 46 29 14 11 26 43 60 100 83 66 51 36 25 24 33 48 63 104 88 72 58 46 38 37 44 55 69 110 95 80 68 58 51 51 56 65 77
51 15 75 91 49 14 13 76 18 49 6 71 80 55 9 17 23 39 4 71 27 0 65 93 47 45 40 76 70 50 26 67 96 48 43 19 29 16 54 30 135 120 105 92 80 70 63 61 64 71 129 113 98 83 69 58 50 47 51 60 125 108 92 76 61 47 37 34 38 49 122 105 88 71 54 39 25 20 27 41 120 103 86 68 51 34 17 6 20 37 120 103 86 69 52 35 18 9 21 38 122 105 88 72 56 40 28 23 30 43 126 109 93 77 63 50 40 37 41 51 130 115 99 85 72 61 53 50 54 62 136 121 107 94 82 73 66 64 67 73
19 51 10 28 49 52 77 31 50 29 69 36 16 26 72 56 43 26 65 48 52 65 0 29 40 26 46 28 32 26 48 69 33 26 29 57 42 79 38 45 73 60 49 43 44 51 62 76 91 106 65 50 37 29 31 40 54 69 85 102 61 44 28 16 18 32 48 65 82 99 59 42 24 7 11 29 46 63 81 98 61 44 28 16 18 32 48 65 82 99 65 50 37 29 31 40 54 69 85 102 73 60 49 43 44 51 62 76 91 106 82 70 62 57 58 63 72 84 98 113 92 82 75 71 71 76 84 94 106 120 104 95 88 85 85 89 96 105 116 129
46 80 19 11 70 81 106 37 78 53 98 48 14 47 100 84 71 55 94 60 78 93 29 0 62 52 70 34 43 50 75 86 8 51 55 84 69 108 58 71 48 38 36 42 53 67 82 98 114 130 38 26 22 31 45 60 77 93 110 127 32 16 9 23 40 57 74 91 109 126 32 16 9 23 40 57 74 91 109 126 38 25 22 30 44 60 77 93 110 127 47 38 36 42 53 66 82 97 114 130 59 52 50 54 63 75 89 103 119 135 71 66 64 67 75 85 97 111 125 140 84 80 78 81 87 96 107 119 133 147 98 94 92 95 100 107 117 129 141 155
42 34 48 56 10 34 59 33 30 11 49 25 49 16 50 32 28 30 50 25 22 47 40 62 0 16 9 34 26 14 22 33 62 15 14 31 20 63 7 18 109 98 88 81 78 78 82 90 100 111 99 87 76 68 64 64 69 78 89 102 91 77 65 55 50 51 57 67 80 94 84 69 54 43 36 37 46 58 72 88 79 62 47 32 23 24 36 51 67 83 76 59 42 25 10 14 30 47 64 81 76 59 42 25 10 14 30 47 64 81 79 62 46 32 22 24 36 51 67 83 84 68 54 43 36 37 45 58 72 88 91 77 64 55 50 50 57 67 80 94
27 31 36 48 25 32 58 32 28 7 49 28 39 11 51 33 23 17 47 34 26 45 26 52 16 0 20 31 27 6 24 48 53 4 3 33 18 61 17 20 98 85 75 67 63 64 69 78 89 102 90 76 63 54 49 50 57 67 80 94 83 67 53 42 35 37 45 58 73 88 78 61 45 31 21 24 36 51 67 84 75 58 41 24 9 14 30 47 64 82 76 58 41 25 10 15 31 48 65 82 78 62 46 32 23 25 37 52 68 84 84 68 54 43 37 38 47 59 73 89 91 77 65 55 51 52 58 68 81 95 99 87 76 69 65 65 70 79 90 103
45 28 55 64 10 28 52 42 24 18 42 33 57 24 43 24 24 32 43 32 14 40 46 70 9 20 0 43 35 21 15 32 70 21 18 23 16 55 16 12 117 105 94 86 81 80 82 88 96 107 107 94 83 74 68 66 69 75 85 97 99 85 72 61 54 52 56 64 75 89 93 77 63 50 41 38 43 53 66 81 88 71 55 40 28 24 31 44 60 76 85 68 51 34 18 10 23 39 56 73 85 67 50 33 16 6 21 38 55 72 86 70 53 37 24 19 27 42 58 74 91 75 60 46 36 33 38 50 64 79 97 82 68 57 49 47 51 60 72 86
44 62 28 25 40 62 89 4 59 28 79 14 25 21 81 63 53 43 78 26 54 76 28 34 34 31 43 0 10 26 53 53 31 28 33 62 48 92 28 48 80 72 67 67 71 78 89 101 115 129 69 59 53 53 58 67 79 93 108 123 59 47 39 39 46 57 71 86 102 118 51 36 26 25 35 49 65 81 98 114 46 29 14 13 27 44 61 78 95 112 45 28 11 10 26 43 60 78 95 112 49 33 22 21 32 47 63 80 97 114 56 43 35 34 42 54 69 84 100 117 65 55 49 48 54 64 76 90 106 121 76 68 63 62 66 75 86 98 112 127
45 56 35 34 31 57 83 8 53 22 73 6 32 16 75 56 48 41 72 18 47 70 32 43 26 27 35 10 0 21 46 44 40 24 28 55 42 86 20 42 89 81 75 73 75 81 90 101 114 128 78 68 61 59 62 69 79 92 106 120 68 56 48 45 49 57 70 84 99 114 60 46 35 31 36 47 62 77 93 110 54 38 23 17 25 40 56 73 90 107 51 34 17 3 19 37 54 71 88 106 52 36 20 13 23 38 55 72 89 106 57 43 31 27 32 45 60 76 92 109 65 53 44 41 45 54 67 81 97 113 75 64 57 55 58 65 76 89 103 118
31 36 35 45 23 37 63 26 33 3 54 23 37 6 55 37 28 22 52 29 30 50 26 50 14 6 21 26 21 0 28 45 50 3 8 37 23 66 13 23 96 85 75 68 66 68 74 83 95 108 87 74 63 55 52 54 62 73 86 100 80 65 52 42 38 41 51 64 78 94 74 58 43 30 24 29 42 57 73 89 71 54 37 21 10 20 36 53 70 87 70 53 36 19 5 18 35 52 69 87 73 56 40 26 19 26 39 55 72 88 78 62 49 38 33 37 48 61 76 92 85 71 59 51 47 50 58 70 83 98 93 81 71 64 61 63 70 80 92 105
41 14 58 71 24 14 38 52 9 26 28 46 62 32 29 10 12 27 29 46 5 26 48 75 22 24 15 53 46 28 0 45 77 26 21 10 7 41 28 5 121 107 95 85 77 72 72 76 83 93 113 98 85 73 64 58 58 63 71 83 106 91 76 62 52 45 44 50 61 74 101 85 69 54 40 31 31 39 52 67 98 81 64 47 31 19 18 30 46 62 97 79 62 45 27 10 8 26 43 60 97 80 63 46 30 16 15 28 45 61 100 84 67 52 38 29 28 37 50 66 105 89 74 60 49 42 41 48 59 72 111 96 83 71 61 56 55 60 69 81
74 58 75 77 24 58 76 50 53 42 67 39 75 44 66 51 55 62 70 28 42 67 69 86 33 48 32 53 44 45 45 0 83 46 46 49 47 80 32 43 132 124 117 112 110 110 114 119 127 137 121 111 103 98 96 96 100 107 115 126 110 99 90 84 82 83 87 95 104 116 100 88 78 71 68 69 74 83 94 107 91 77 66 58 54 55 62 72 85 99 83 68 55 45 40 42 50 63 77 92 77 61 46 33 26 29 41 55 71 87 74 57 40 24 12 18 34 50 67 84 73 56 39 21 5 15 32 49 66 84 75 58 42 27 18 22 36 52 68 85
51 82 23 7 69 83 109 34 80 53 100 45 17 47 102 86 73 58 97 57 79 96 33 8 62 53 70 31 40 50 77 83 0 51 56 86 71 111 57 73 50 43 43 49 60 73 88 104 120 136 38 29 29 38 51 66 82 99 116 133 30 16 16 29 45 62 79 96 113 130 27 10 9 26 43 61 78 95 113 130 31 18 18 30 46 63 79 96 114 131 40 31 31 40 52 67 83 100 116 133 52 45 45 51 62 75 89 105 121 137 64 59 59 64 72 84 97 111 126 142 78 73 73 77 84 94 106 119 133 148 91 87 87 90 96 105 116 128 141 155
28 34 34 46 24 35 61 29 31 5 52 25 37 8 53 36 26 19 50 32 28 48 26 51 15 4 21 28 24 3 26 46 51 0 5 35 21 64 15 22 97 84 74 67 64 65 71 80 92 105 88 74 63 54 50 52 59 70 83 98 81 66 52 41 36 39 48 61 76 91 76 59 44 30 22 26 39 54 70 87 73 56 39 22 8 17 33 50 67 85 73 55 38 22 8 17 33 50 67 85 75 59 43 29 21 26 38 54 70 87 80 65 52 41 35 38 48 61 75 91 88 74 62 53 49 51 59 69 83 97 96 84 74 66 63 65 71 80 92 105
28 29 38 50 24 30 56 34 26 8 47 30 41 13 48 31 21 17 45 35 24 43 29 55 14 3 18 33 28 8 21 46 56 5 0 31 16 59 17 17 100 88 77 69 64 64 69 77 88 101 92 78 66 56 50 51 57 67 79 93 85 70 56 44 37 37 45 57 71 87 80 64 48 33 23 24 35 50 66 82 78 61 43 27 11 13 28 45 62 80 78 60 43 26 11 12 28 45 62 80 80 64 48 33 23 23 34 49 65 82 85 70 55 43 36 36 44 57 71 86 92 78 65 55 50 50 56 66 79 93 100 87 76 68 64 64 68 77 88 101
48 12 67 80 31 11 30 62 9 35 20 55 71 42 20 2 17 34 22 54 9 19 57 84 31 33 23 62 55 37 10 49 86 35 31 0 16 33 37 14 129 115 102 91 82 76 73 75 80 89 122 107 93 80 70 62 59 61 68 78 115 100 85 71 58 49 46 48 56 68 110 94 78 62 48 37 32 35 46 60 107 90 73 57 41 26 18 24 38 54 106 89 71 54 37 20 4 17 34 51 106 89 72 55 38 22 11 19 35 52 109 92 75 59 44 31 25 30 42 56 113 97 81 66 53 43 39 42 51 64 118 103 89 75 64 56 53 55 62 73
35 15 52 65 25 15 41 48 11 21 32 42 56 28 33 16 9 21 31 44 11 29 42 69 20 18 16 48 42 23 7 47 71 21 16 16 0 44 26 5 114 101 88 78 71 67 68 73 81 92 106 92 78 66 58 53 54 60 70 83 100 84 69 56 45 39 41 49 61 75 96 79 63 47 34 25 28 39 53 69 93 76 59 42 25 12 16 32 48 65 92 75 58 41 23 7 13 30 47 65 94 77 60 44 29 19 22 35 50 67 98 81 66 51 39 32 34 43 57 72 103 88 74 61 51 46 47 54 65 79 110 96 83 72 64 60 61 66 76 87
64 30 89 106 64 30 4 92 34 65 14 86 95 71 14 32 39 54 15 87 42 16 79 108 63 61 55 92 86 66 41 80 111 64 59 33 44 0 69 45 148 133 117 103 89 77 67 61 59 62 143 127 111 95 80 67 55 48 45 50 139 123 106 90 74 58 45 35 32 38 137 120 103 86 69 52 36 23 18 27 136 118 101 84 67 49 32 15 5 21 136 119 102 84 67 50 34 18 11 23 138 121 104 87 71 55 40 28 25 32 141 124 108 92 77 62 50 41 38 43 146 129 114 99 84 72 61 54 52 56 151 136 121 107 94 82 73 67 66 69
43 40 45 51 13 40 66 27 36 11 56 18 46 13 57 38 34 33 56 19 28 54 38 58 7 17 16 28 20 13 28 32 57 15 17 37 26 69 0 24 105 94 86 80 78 80 85 94 104 116 95 83 73 67 64 67 73 83 94 108 86 73 61 53 50 53 61 72 86 100 78 64 50 40 36 40 50 64 78 94 73 57 41 28 22 28 41 57 73 90 70 53 36 19 8 20 36 53 70 88 70 53 35 19 7 19 36 53 70 87 72 56 40 27 21 27 41 56 73 89 78 63 49 39 35 39 49 63 78 94 85 71 60 52 49 52 60 71 85 99
39 17 54 67 22 17 42 48 13 21 32 42 58 28 33 15 13 25 32 42 8 30 45 71 18 20 12 48 42 23 5 43 73 22 17 14 5 45 24 0 117 104 92 82 75 71 72 77 85 95 109 94 81 70 62 57 58 64 74 86 102 87 72 59 49 44 45 52 63 77 97 80 65 50 37 30 32 41 55 70 94 76 60 43 28 16 20 33 49 66 92 75 58 40 23 6 13 30 47 64 93 76 59 42 27 15 18 33 49 66 96 80 64 49 36 28 30 40 54 70 101 86 71 58 47 42 43 51 62 76 108 93 80 69 60 56 57 62 72 84
85 123 63 56 117 124 147 83 122 99 140 94 60 94 143 129 114 97 135 106 124 135 73 48 109 98 117 80 89 96 121 132 50 97 100 129 114 148 105 117 0 18 35 52 70 87 104 122 139 156 15 23 38 54 71 88 105 122 140 157 29 34 45 60 75 91 108 125 142 159 43 47 55 68 82 97 113 129 145 162 58 60 67 77 90 104 119 134 150 166 72 74 80 88 99 112 126 140 156 171 86 88 93 100 110 122 134 148 162 177 100 102 106 112 121 132 144 156 170 184 115 116 119 125 133 143 154 166 179 192 129 130 133 138 145 154 164 176 188 201
69 108 51 48 106 109 131 75 108 87 125 86 49 83 128 115 100 82 119 98 111 120 60 38 98 85 105 72 81 85 107 124 43 84 88 115 101 133 94 104 18 0 18 35 52 70 87 104 122 139 23 15 23 38 54 71 88 105 122 140 34 29 34 45 60 75 91 108 125 142 47 43 46 55 67 82 97 112 129 145 60 57 60 67 77 90 104 118 134 150 74 72 73 79 88 99 112 126 140 155 88 86 87 92 100 110 121 134 148 162 102 100 101 105 112 121 131 143 156 170 116 114 115 119 125 133 142 153 165 178 130 128 129 132 138 145 154 164 175 187
55 94 42 46 97 96 116 71 95 78 111 80 43 74 113 102 87 69 105 92 99 105 49 36 88 75 94 67 75 75 95 117 43 74 77 102 88 117 86 92 35 18 0 18 35 52 70 87 104 122 38 23 15 23 38 54 71 88 105 122 45 34 29 34 45 60 75 91 108 125 55 46 43 46 55 67 81 97 112 129 67 60 57 60 67 77 90 104 118 134 80 73 71 73 79 88 99 112 126 140 93 87 85 87 92 99 109 121 134 148 106 101 99 101 105 112 121 131 143 156 119 115 114 115 118 124 132 142 153 165 133 129 128 129 132 137 144 153 163 175
44 82 39 51 91 83 102 70 83 71 97 78 43 68 100 90 75 58 91 90 89 92 43 42 81 67 86 67 73 68 85 112 49 67 69 91 78 103 80 82 52 35 18 0 18 35 52 70 87 104 54 38 23 15 23 38 54 71 88 105 60 45 34 29 33 45 59 75 91 108 68 55 46 43 46 55 67 81 97 112 77 67 60 57 59 66 77 89 103 118 88 79 73 71 73 79 88 99 112 125 100 92 87 85 87 91 99 109 121 134 112 105 101 99 100 105 111 120 131 143 125 119 115 113 114 118 124 132 141 152 138 132 129 127 128 131 137 144 153 163
37 72 44 60 87 73 89 74 74 68 85 80 50 67 88 81 66 51 78 91 81 80 44 53 78 63 81 71 75 66 77 110 60 64 64 82 71 89 78 75 70 52 35 18 0 18 35 52 70 87 71 54 38 23 15 23 38 54 71 88 75 60 45 33 29 33 45 59 75 91 82 67 55 46 43 46 55 67 81 96 90 77 67 59 57 59 66 77 89 103 99 88 79 73 71 73 78 87 99 111 110 100 92 87 85 86 91 99 109 120 121 112 105 100 99 100 104 111 120 130 133 125 118 114 113 114 117 123 131 141 145 138 132 128 127 127 131 136 143 152
38 64 54 72 87 66 77 82 67 70 75 85 61 70 78 74 61 49 68 95 77 70 51 67 78 64 80 78 81 68 72 110 73 65 64 76 67 77 80 71 87 70 52 35 18 0 18 35 52 70 88 71 54 38 23 14 23 38 54 71 91 75 60 45 33 28 33 45 59 75 97 82 67 55 46 42 46 55 67 81 104 90 77 66 59 56 59 66 76 89 112 99 88 79 73 70 72 78 87 98 122 110 99 91 86 84 86 91 98 108 132 121 112 105 100 98 99 104 110 119 143 133 124 118 114 112 113 117 123 131 154 145 137 131 127 126 127 130 135 143
46 61 67 87 91 63 68 92 65 75 68 94 74 77 71 71 60 53 61 102 76 63 62 82 82 69 82 89 90 74 72 114 88 71 69 73 68 67 85 72 104 87 70 52 35 18 0 18 35 52 105 88 71 54 38 23 14 23 38 54 108 91 75 59 45 33 28 33 45 59 113 97 81 67 55 46 42 46 54 67 119 104 90 77 66 59 56 59 66 76 126 112 99 88 78 72 70 72 78 87 134 121 109 99 91 86 84 85 90 98 144 131 121 111 104 99 98 99 103 110 154 142 132 124 117 113 112 113 116 122 164 154 144 137 131 127 125 126 130 135
58 63 82 102 97 64 63 104 68 84 65 104 89 87 68 73 64 62 58 112 79 61 76 98 90 78 88 101 101 83 76 119 104 80 77 75 73 61 94 77 122 104 87 70 52 35 18 0 18 35 122 105 88 71 54 38 23 14 23 38 125 108 91 75 59 45 33 28 33 45 129 112 97 81 67 55 46 42 45 54 134 118 104 89 77 66 59 56 58 65 140 126 112 99 87 78 72 70 72 77 148 134 121 109 99 91 85 83 85 90 156 143 131 120 111 104 99 97 99 103 166 153 142 132 123 117 113 111 112 116 176 164 153 144 136 130 126 125 126 129
72 70 98 117 106 70 62 117 74 96 67 117 105 99 69 78 73 73 61 123 86 64 91 114 100 89 96 115 114 95 83 127 120 92 88 80 81 59 104 85 139 122 104 87 70 52 35 18 0 18 140 122 105 88 71 54 38 23 14 23 142 125 108 91 75 59 45 33 28 33 145 129 112 97 81 67 54 45 42 45 150 134 118 103 89 76 66 58 55 58 156 140 126 112 99 87 78 72 69 71 162 148 134 121 109 98 90 85 83 85 170 156 143 131 120 110 103 99 97 98 179 165 153 141 131 123 116 112 110 112 188 175 163 153 143 135 130 126 124 125
88 79 114 133 116 80 66 131 84 108 73 130 121 113 75 87 84 87 68 135 96 71 106 130 111 102 107 129 128 108 93 137 136 105 101 89 92 62 116 95 156 139 122 104 87 70 52 35 18 0 157 140 122 105 88 71 54 38 23 14 159 142 125 108 91 75 59 45 33 28 162 145 129 112 96 81 67 54 45 42 166 150 134 118 103 89 76 65 58 55 171 155 140 125 111 98 87 77 71 69 177 162 148 134 120 108 98 90 85 83 184 170 156 143 130 119 110 103 98 96 192 178 165 152 141 131 122 116 112 110 201 187 175 163 152 143 135 129 125 124
80 116 55 45 107 117 141 72 115 90 134 82 51 84 136 121 108 91 129 94 116 129 65 38 99 90 107 69 78 87 113 121 38 88 92 122 106 143 95 109 15 23 38 54 71 88 105 122 140 157 0 18 35 52 70 87 104 122 139 156 15 23 38 54 71 88 105 122 140 157 29 34 45 60 75 91 108 125 142 159 43 47 55 68 82 97 113 129 145 162 58 60 67 77 90 104 119 134 150 166 72 74 80 88 99 112 126 140 156 171 86 88 93 100 110 122 134 148 162 177 100 102 106 112 121 132 144 156 170 184 115 116 119 125 133 143 154 166 179 192
63 101 41 35 95 102 125 62 100 77 118 73 38 72 121 106 92 75 113 85 101 113 50 26 87 76 94 59 68 74 98 111 29 74 78 107 92 127 83 94 23 15 23 38 54 71 88 105 122 140 18 0 18 35 52 70 87 104 122 139 23 15 23 38 54 71 88 105 122 140 34 29 34 45 60 75 91 108 125 142 47 43 46 55 67 82 97 112 129 145 60 57 60 67 77 90 104 118 134 150 74 72 73 79 88 99 112 126 140 155 88 86 87 92 100 110 121 134 148 162 102 100 101 105 112 121 131 143 156 170 116 114 115 119 125 133 142 153 165 178
47 86 29 32 85 87 109 57 86 66 103 66 29 61 106 92 78 60 98 79 88 98 37 22 76 63 83 53 61 63 85 103 29 63 66 93 78 111 73 81 38 23 15 23 38 54 71 88 105 122 35 18 0 18 35 52 70 87 104 122 38 23 15 23 38 54 71 88 105 122 45 34 29 34 45 60 75 91 108 125 55 46 43 46 55 67 81 97 112 129 67 60 57 60 67 77 90 104 118 134 80 73 71 73 79 88 99 112 126 140 93 87 85 87 92 99 109 121 134 148 106 101 99 101 105 112 121 131 143 156 119 115 114 115 118 124 132 142 153 165
33 72 25 38 78 73 94 56 72 58 88 64 30 55 91 79 64 47 82 76 77 83 29 31 68 54 74 53 59 55 73 98 38 54 56 80 66 95 67 70 54 38 23 15 23 38 54 71 88 105 52 35 18 0 18 35 52 70 87 104 54 38 23 15 23 38 54 71 88 105 60 45 34 29 33 45 59 75 91 108 68 55 46 43 46 55 67 81 97 112 77 67 60 57 59 66 77 89 103 118 88 79 73 71 73 79 88 99 112 125 100 92 87 85 87 91 99 109 121 134 112 105 101 99 100 105 111 120 131 143 125 119 115 113 114 118 124 132 141 152
23 60 32 50 74 61 80 61 61 54 75 66 39 53 78 69 54 38 68 77 68 69 31 45 64 49 68 58 62 52 64 96 51 50 50 70 58 80 64 62 71 54 38 23 15 23 38 54 71 88 70 52 35 18 0 18 35 52 70 87 71 54 38 23 15 23 38 54 71 88 75 60 45 33 29 33 45 59 75 91 82 67 55 46 43 46 55 67 81 96 90 77 67 59 57 59 66 77 89 103 99 88 79 73 71 73 78 87 99 111 110 100 92 87 85 86 91 99 109 120 121 112 105 100 99 100 104 111 120 130 133 125 118 114 113 114 117 123 131 141
25 51 45 65 73 53 67 70 54 56 64 73 52 57 66 61 47 35 56 82 63 58 40 60 64 50 66 67 69 54 58 96 66 52 51 62 53 67 67 57 88 71 54 38 23 14 23 38 54 71 87 70 52 35 18 0 18 35 52 70 88 71 54 38 23 14 23 38 54 71 91 75 60 45 33 28 33 45 59 75 97 82 67 55 46 42 46 55 67 81 104 90 77 66 59 56 59 66 76 89 112 99 88 79 73 70 72 78 87 98 122 110 99 91 86 84 86 91 98 108 132 121 112 105 100 98 99 104 110 119 143 133 124 118 114 112 113 117 123 131
36 48 60 80 77 49 56 82 51 63 55 83 67 66 58 58 46 40 48 90 62 50 54 77 69 57 69 79 79 62 58 100 82 59 57 59 54 55 73 58 105 88 71 54 38 23 14 23 38 54 104 87 70 52 35 18 0 18 35 52 105 88 71 54 38 23 14 23 38 54 108 91 75 59 45 33 28 33 45 59 113 97 81 67 55 46 42 46 54 67 119 104 90 77 66 59 56 59 66 76 126 112 99 88 78 72 70 72 78 87 134 121 109 99 91 86 84 85 90 98 144 131 121 111 104 99 98 99 103 110 154 142 132 124 117 113 112 113 116 122
50 50 76 96 85 51 49 95 55 74 52 95 84 77 54 59 52 51 44 101 66 47 69 93 78 67 75 93 92 73 63 107 99 70 67 61 60 48 83 64 122 105 88 71 54 38 23 14 23 38 122 104 87 70 52 35 18 0 18 35 122 105 88 71 54 38 23 14 23 38 125 108 91 75 59 45 33 28 33 45 129 112 97 81 67 55 46 42 45 54 134 118 104 89 77 66 59 56 58 65 140 126 112 99 87 78 72 70 72 77 148 134 121 109 99 91 85 83 85 90 156 143 131 120 111 104 99 97 99 103 166 153 142 132 123 117 113 111 112 116
66 58 93 113 95 58 48 109 63 86 54 108 100 91 56 66 62 65 48 113 74 51 85 110 89 80 85 108 106 86 71 115 116 83 79 68 70 45 94 74 140 122 105 88 71 54 38 23 14 23 139 122 104 87 70 52 35 18 0 18 140 122 105 88 71 54 38 23 14 23 142 125 108 91 75 59 45 33 28 33 145 129 112 97 81 67 54 45 42 45 150 134 118 103 89 76 66 58 55 58 156 140 126 112 99 87 78 72 69 71 162 148 134 121 109 98 90 85 83 85 170 156 143 131 120 110 103 99 97 98 179 165 153 141 131 123 116 112 110 112
83 69 110 129 107 70 53 125 74 100 61 122 117 105 62 76 75 80 56 126 85 60 102 127 102 94 97 123 120 100 83 126 133 98 93 78 83 50 108 86 157 140 122 105 88 71 54 38 23 14 156 139 122 104 87 70 52 35 18 0 157 140 122 105 88 71 54 38 23 14 159 142 125 108 91 75 59 45 33 28 162 145 129 112 96 81 67 54 45 42 166 150 134 118 103 89 76 65 58 55 171 155 140 125 111 98 87 77 71 69 177 162 148 134 120 108 98 90 85 83 184 170 156 143 130 119 110 103 98 96 192 178 165 152 141 131 122 116 112 110
77 111 51 36 98 112 137 61 110 82 129 72 45 76 131 115 102 86 125 83 109 125 61 32 91 83 99 59 68 80 106 110 30 81 85 115 100 139 86 102 29 34 45 60 75 91 108 125 142 159 15 23 38 54 71 88 105 122 140 157 0 18 35 52 70 87 104 122 139 156 15 23 38 54 71 88 105 122 140 157 29 34 45 60 75 91 108 125 142 159 43 47 55 68 82 97 113 129 145 162 58 60 67 77 90 104 119 134 150 166 72 74 80 88 99 112 126 140 156 171 86 88 93 100 110 122 134 148 162 177 100 102 106 112 121 132 144 156 170 184
60 95 34 22 85 96 120 50 93 68 113 61 29 62 115 99 86 70 109 72 93 108 44 16 77 67 85 47 56 65 91 99 16 66 70 100 84 123 73 87 34 29 34 45 60 75 91 108 125 142 23 15 23 38 54 71 88 105 122 140 18 0 18 35 52 70 87 104 122 139 23 15 23 38 54 71 88 105 122 140 34 29 34 45 60 75 91 108 125 142 47 43 46 55 67 82 97 112 129 145 60 57 60 67 77 90 104 118 134 150 74 72 73 79 88 99 112 126 140 155 88 86 87 92 100 110 121 134 148 162 102 100 101 105 112 121 131 143 156 170
43 79 18 18 73 80 104 43 78 55 97 53 16 50 99 84 70 53 92 65 79 92 28 9 65 53 72 39 48 52 76 90 16 52 56 85 69 106 61 72 45 34 29 34 45 60 75 91 108 125 38 23 15 23 38 54 71 88 105 122 35 18 0 18 35 52 70 87 104 122 38 23 15 23 38 54 71 88 105 122 45 34 29 34 45 60 75 91 108 125 55 46 43 46 55 67 81 97 112 129 67 60 57 60 67 77 90 104 118 134 80 73 71 73 79 88 99 112 126 140 93 87 85 87 92 99 109 121 134 148 106 101 99 101 105 112 121 131 143 156
26 63 11 28 65 65 88 42 63 45 81 50 17 41 83 70 55 38 76 62 66 76 16 23 55 42 61 39 45 42 62 84 29 41 44 71 56 90 53 59 60 45 34 29 33 45 59 75 91 108 54 38 23 15 23 38 54 71 88 105 52 35 18 0 18 35 52 70 87 104 54 38 23 15 23 38 54 71 88 105 60 45 34 29 33 45 59 75 91 108 68 55 46 43 46 55 67 81 97 112 77 67 60 57 59 66 77 89 103 118 88 79 73 71 73 79 88 99 112 125 100 92 87 85 87 91 99 109 121 134 112 105 101 99 100 105 111 120 131 143
11 50 23 43 60 51 72 49 50 40 66 53 30 39 69 57 42 25 60 64 56 61 18 40 50 35 54 46 49 38 52 82 45 36 37 58 45 74 50 49 75 60 45 33 29 33 45 59 75 91 71 54 38 23 15 23 38 54 71 88 70 52 35 18 0 18 35 52 70 87 71 54 38 23 15 23 38 54 71 88 75 60 45 33 29 33 45 59 75 91 82 67 55 46 43 46 55 67 81 96 90 77 67 59 57 59 66 77 89 103 99 88 79 73 71 73 78 87 99 111 110 100 92 87 85 86 91 99 109 120 121 112 105 100 99 100 104 111 120 130
13 39 39 59 60 40 57 60 41 43 53 61 46 45 56 48 34 21 46 70 49 47 32 57 51 37 52 57 57 41 45 83 62 39 37 49 39 58 53 44 91 75 60 45 33 28 33 45 59 75 88 71 54 38 23 14 23 38 54 71 87 70 52 35 18 0 18 35 52 70 88 71 54 38 23 14 23 38 54 71 91 75 60 45 33 28 33 45 59 75 97 82 67 55 46 42 46 55 67 81 104 90 77 66 59 56 59 66 76 89 112 99 88 79 73 70 72 78 87 98 122 110 99 91 86 84 86 91 98 108 132 121 112 105 100 98 99 104 110 119
29 34 56 76 64 35 45 73 37 52 43 72 63 55 45 44 33 29 35 79 49 37 48 74 57 45 56 71 70 51 44 87 79 48 45 46 41 45 61 45 108 91 75 59 45 33 28 33 45 59 105 88 71 54 38 23 14 23 38 54 104 87 70 52 35 18 0 18 35 52 105 88 71 54 38 23 14 23 38 54 108 91 75 59 45 33 28 33 45 59 113 97 81 67 55 46 42 46 54 67 119 104 90 77 66 59 56 59 66 76 126 112 99 88 78 72 70 72 78 87 134 121 109 99 91 86 84 85 90 98 144 131 121 111 104 99 98 99 103 110
46 37 73 93 73 38 36 88 42 64 38 86 80 69 40 46 40 43 30 91 54 34 65 91 67 58 64 86 84 64 50 95 96 61 57 48 49 35 72 52 125 108 91 75 59 45 33 28 33 45 122 105 88 71 54 38 23 14 23 38 122 104 87 70 52 35 18 0 18 35 122 105 88 71 54 38 23 14 23 38 125 108 91 75 59 45 33 28 33 45 129 112 97 81 67 55 46 42 45 54 134 118 104 89 77 66 59 56 58 65 140 126 112 99 87 78 72 70 72 77 148 134 121 109 99 91 85 83 85 90 156 143 131 120 111 104 99 97 99 103
63 47 90 110 85 48 35 103 52 78 41 100 97 83 43 54 53 59 35 104 64 38 82 109 80 73 75 102 99 78 61 104 113 76 71 56 61 32 86 63 142 125 108 91 75 59 45 33 28 33 140 122 105 88 71 54 38 23 14 23 139 122 104 87 70 52 35 18 0 18 140 122 105 88 71 54 38 23 14 23 142 125 108 91 75 59 45 33 28 33 145 129 112 97 81 67 54 45 42 45 150 134 118 103 89 76 66 58 55 58 156 140 126 112 99 87 78 72 69 71 162 148 134 121 109 98 90 85 83 85 170 156 143 131 120 110 103 99 97 98
80 61 108 127 98 61 41 119 65 94 50 116 114 99 51 66 67 76 46 119 76 49 99 126 94 88 89 118 114 94 74 116 130 91 87 68 75 38 100 77 159 142 125 108 91 75 59 45 33 28 157 140 122 105 88 71 54 38 23 14 156 139 122 104 87 70 52 35 18 0 157 140 122 105 88 71 54 38 23 14 159 142 125 108 91 75 59 45 33 28 162 145 129 112 96 81 67 54 45 42 166 150 134 118 103 89 76 65 58 55 171 155 140 125 111 98 87 77 71 69 177 162 148 134 120 108 98 90 85 83 184 170 156 143 130 119 110 103 98 96
77 108 50 31 90 109 134 52 106 76 126 63 43 70 128 111 99 84 123 73 103 122 59 32 84 78 93 51 60 74 101 100 27 76 80 110 96 137 78 97 43 47 55 68 82 97 113 129 145 162 29 34 45 60 75 91 108 125 142 159 15 23 38 54 71 88 105 122 140 157 0 18 35 52 70 87 104 122 139 156 15 23 38 54 71 88 105 122 140 157 29 34 45 60 75 91 108 125 142 159 43 47 55 68 82 97 113 129 145 162 58 60 67 77 90 104 119 134 150 166 72 74 80 88 99 112 126 140 156 171 86 88 93 100 110 122 134 148 162 177
60 91 33 14 76 92 117 39 89 60 109 50 26 54 111 94 82 67 105 61 87 105 42 16 69 61 77 36 46 58 85 88 10 59 64 94 79 120 64 80 47 43 46 55 67 82 97 112 129 145 34 29 34 45 60 75 91 108 125 142 23 15 23 38 54 71 88 105 122 140 18 0 18 35 52 70 87 104 122 139 23 15 23 38 54 71 88 105 122 140 34 29 34 45 60 75 91 108 125 142 47 43 46 55 67 82 97 112 129 145 60 57 60 67 77 90 104 118 134 150 74 72 73 79 88 99 112 126 140 155 88 86 87 92 100 110 121 134 148 162
43 74 15 6 63 75 100 29 72 45 92 40 9 39 94 78 65 50 88 52 71 88 24 9 54 45 63 26 35 43 69 78 9 44 48 78 63 103 50 65 55 46 43 46 55 67 81 97 112 129 45 34 29 34 45 60 75 91 108 125 38 23 15 23 38 54 71 88 105 122 35 18 0 18 35 52 70 87 104 122 38 23 15 23 38 54 71 88 105 122 45 34 29 34 45 60 75 91 108 125 55 46 43 46 55 67 81 97 112 129 67 60 57 60 67 77 90 104 118 134 80 73 71 73 79 88 99 112 126 140 93 87 85 87 92 99 109 121 134 148
26 57 5 22 52 58 83 29 56 33 76 36 10 28 78 62 49 32 71 48 57 71 7 23 43 31 50 25 31 30 54 71 26 30 33 62 47 86 40 50 68 55 46 43 46 55 67 81 97 112 60 45 34 29 33 45 59 75 91 108 54 38 23 15 23 38 54 71 88 105 52 35 18 0 18 35 52 70 87 104 54 38 23 15 23 38 54 71 88 105 60 45 34 29 33 45 59 75 91 108 68 55 46 43 46 55 67 81 97 112 77 67 60 57 59 66 77 89 103 118 88 79 73 71 73 79 88 99 112 125 100 92 87 85 87 91 99 109 121 134
10 41 21 39 46 43 67 37 41 26 59 40 27 25 62 48 33 16 55 50 44 54 11 40 36 21 41 35 36 24 40 68 43 22 23 48 34 69 36 37 82 67 55 46 43 46 55 67 81 96 75 60 45 33 29 33 45 59 75 91 71 54 38 23 15 23 38 54 71 88 70 52 35 18 0 18 35 52 70 87 71 54 38 23 15 23 38 54 71 88 75 60 45 33 29 33 45 59 75 91 82 67 55 46 43 46 55 67 81 96 90 77 67 59 57 59 66 77 89 103 99 88 79 73 71 73 78 87 99 111 110 100 92 87 85 86 91 99 109 120
13 27 38 56 46 29 50 51 29 30 44 50 44 33 47 36 21 8 39 58 36 39 29 57 37 24 38 49 47 29 31 69 61 26 24 37 25 52 40 30 97 82 67 55 46 42 46 55 67 81 91 75 60 45 33 28 33 45 59 75 88 71 54 38 23 14 23 38 54 71 87 70 52 35 18 0 18 35 52 70 88 71 54 38 23 14 23 38 54 71 91 75 60 45 33 28 33 45 59 75 97 82 67 55 46 42 46 55 67 81 104 90 77 66 59 56 59 66 76 89 112 99 88 79 73 70 72 78 87 98 122 110 99 91 86 84 86 91 98 108
29 20 55 74 52 21 35 66 24 42 31 64 62 47 34 30 19 22 24 69 35 25 46 74 46 36 43 65 62 42 31 74 78 39 35 32 28 36 50 32 113 97 81 67 55 46 42 46 54 67 108 91 75 59 45 33 28 33 45 59 105 88 71 54 38 23 14 23 38 54 104 87 70 52 35 18 0 18 35 52 105 88 71 54 38 23 14 23 38 54 108 91 75 59 45 33 28 33 45 59 113 97 81 67 55 46 42 46 54 67 119 104 90 77 66 59 56 59 66 76 126 112 99 88 78 72 70 72 78 87 134 121 109 99 91 86 84 85 90 98
46 25 73 91 63 26 23 82 30 57 24 79 79 62 27 33 30 39 17 82 42 20 63 91 58 51 53 81 77 57 39 83 95 54 50 35 39 23 64 41 129 112 97 81 67 55 46 42 45 54 125 108 91 75 59 45 33 28 33 45 122 105 88 71 54 38 23 14 23 38 122 104 87 70 52 35 18 0 18 35 122 105 88 71 54 38 23 14 23 38 125 108 91 75 59 45 33 28 33 45 129 112 97 81 67 55 46 42 45 54 134 118 104 89 77 66 59 56 58 65 140 126 112 99 87 78 72 70 72 77 148 134 121 109 99 91 85 83 85 90
63 39 90 108 76 39 21 99 43 72 29 94 96 78 30 44 46 56 24 97 54 27 81 109 72 67 66 98 93 73 52 94 113 70 66 46 53 18 78 55 145 129 112 97 81 67 54 45 42 45 142 125 108 91 75 59 45 33 28 33 140 122 105 88 71 54 38 23 14 23 139 122 104 87 70 52 35 18 0 18 140 122 105 88 71 54 38 23 14 23 142 125 108 91 75 59 45 33 28 33 145 129 112 97 81 67 54 45 42 45 150 134 118 103 89 76 66 58 55 58 156 140 126 112 99 87 78 72 69 71 162 148 134 121 109 98 90 85 83 85
80 54 107 126 90 54 31 115 58 89 41 111 114 95 41 58 62 73 39 112 68 41 98 126 88 84 81 114 110 89 67 107 130 87 82 60 69 27 94 70 162 145 129 112 96 81 67 54 45 42 159 142 125 108 91 75 59 45 33 28 157 140 122 105 88 71 54 38 23 14 156 139 122 104 87 70 52 35 18 0 157 140 122 105 88 71 54 38 23 14 159 142 125 108 91 75 59 45 33 28 162 145 129 112 96 81 67 54 45 42 166 150 134 118 103 89 76 65 58 55 171 155 140 125 111 98 87 77 71 69 177 162 148 134 120 108 98 90 85 83
79 106 53 33 84 107 133 47 103 73 124 56 46 66 126 108 97 84 121 64 99 120 61 38 79 75 88 46 54 71 98 91 31 73 78 107 93 136 73 94 58 60 67 77 90 104 119 134 150 166 43 47 55 68 82 97 113 129 145 162 29 34 45 60 75 91 108 125 142 159 15 23 38 54 71 88 105 122 140 157 0 18 35 52 70 87 104 122 139 156 15 23 38 54 71 88 105 122 140 157 29 34 45 60 75 91 108 125 142 159 43 47 55 68 82 97 113 129 145 162 58 60 67 77 90 104 119 134 150 166 72 74 80 88 99 112 126 140 156 171
63 89 37 18 68 89 116 30 86 56 107 41 30 49 108 91 80 67 104 50 82 103 44 25 62 58 71 29 38 54 81 77 18 56 61 90 76 118 57 76 60 57 60 67 77 90 104 118 134 150 47 43 46 55 67 82 97 112 129 145 34 29 34 45 60 75 91 108 125 142 23 15 23 38 54 71 88 105 122 140 18 0 18 35 52 70 87 104 122 139 23 15 23 38 54 71 88 105 122 140 34 29 34 45 60 75 91 108 125 142 47 43 46 55 67 82 97 112 129 145 60 57 60 67 77 90 104 118 134 150 74 72 73 79 88 99 112 126 140 155
47 71 24 12 53 72 98 17 69 39 90 28 17 32 91 74 63 50 87 39 66 86 28 22 47 41 55 14 23 37 64 66 18 39 43 73 59 101 41 60 67 60 57 60 67 77 90 104 118 134 55 46 43 46 55 67 81 97 112 129 45 34 29 34 45 60 75 91 108 125 38 23 15 23 38 54 71 88 105 122 35 18 0 18 35 52 70 87 104 122 38 23 15 23 38 54 71 88 105 122 45 34 29 34 45 60 75 91 108 125 55 46 43 46 55 67 81 97 112 129 67 60 57 60 67 77 90 104 118 134 80 73 71 73 79 88 99 112 126 140
32 54 19 24 40 55 81 16 52 23 72 22 18 17 74 57 46 33 70 34 50 68 16 30 32 24 40 13 17 21 47 58 30 22 27 57 42 84 28 43 77 67 60 57 59 66 77 89 103 118 68 55 46 43 46 55 67 81 97 112 60 45 34 29 33 45 59 75 91 108 54 38 23 15 23 38 54 71 88 105 52 35 18 0 18 35 52 70 87 104 54 38 23 15 23 38 54 71 88 105 60 45 34 29 33 45 59 75 91 108 68 55 46 43 46 55 67 81 97 112 77 67 60 57 59 66 77 89 103 118 88 79 73 71 73 79 88 99 112 125
22 37 27 41 32 38 64 29 35 12 55 28 31 12 57 40 28 17 52 37 34 51 18 44 23 9 28 27 25 10 31 54 46 8 11 41 25 67 22 28 90 77 67 59 57 59 66 77 89 103 82 67 55 46 43 46 55 67 81 96 75 60 45 33 29 33 45 59 75 91 71 54 38 23 15 23 38 54 71 88 70 52 35 18 0 18 35 52 70 87 71 54 38 23 15 23 38 54 71 88 75 60 45 33 29 33 45 59 75 91 82 67 55 46 43 46 55 67 81 96 90 77 67 59 57 59 66 77 89 103 99 88 79 73 71 73 78 87 99 111
23 20 42 57 32 21 47 45 19 20 38 42 47 25 40 25 11 9 35 47 23 34 32 60 24 14 24 44 40 20 19 55 63 17 13 26 12 49 28 16 104 90 77 66 59 56 59 66 76 89 97 82 67 55 46 42 46 55 67 81 91 75 60 45 33 28 33 45 59 75 88 71 54 38 23 14 23 38 54 71 87 70 52 35 18 0 18 35 52 70 88 71 54 38 23 14 23 38 54 71 91 75 60 45 33 28 33 45 59 75 97 82 67 55 46 42 46 55 67 81 104 90 77 66 59 56 59 66 76 89 112 99 88 79 73 70 72 78 87 98
35 6 58 74 41 8 30 62 10 35 22 57 63 41 25 16 8 22 18 60 21 17 48 77 36 30 31 61 56 36 18 62 79 33 28 18 16 32 41 20 119 104 90 77 66 59 56 59 66 76 113 97 81 67 55 46 42 46 54 67 108 91 75 59 45 33 28 33 45 59 105 88 71 54 38 23 14 23 38 54 104 87 70 52 35 18 0 18 35 52 105 88 71 54 38 23 14 23 38 54 108 91 75 59 45 33 28 33 45 59 113 97 81 67 55 46 42 46 54 67 119 104 90 77 66 59 56 59 66 76 126 112 99 88 78 72 70 72 78 87
50 17 75 92 54 17 13 79 21 52 10 73 80 58 13 22 25 39 3 75 32 6 65 93 51 47 44 78 73 53 30 72 96 50 45 24 32 15 57 33 134 118 104 89 77 66 59 56 58 65 129 112 97 81 67 55 46 42 45 54 125 108 91 75 59 45 33 28 33 45 122 105 88 71 54 38 23 14 23 38 122 104 87 70 52 35 18 0 18 35 122 105 88 71 54 38 23 14 23 38 125 108 91 75 59 45 33 28 33 45 129 112 97 81 67 55 46 42 45 54 134 118 104 89 77 66 59 56 58 65 140 126 112 99 87 78 72 70 72 77
66 34 92 109 68 34 9 96 38 69 19 90 97 75 19 36 42 56 18 91 47 20 82 110 67 64 60 95 90 70 46 85 114 67 62 38 48 5 73 49 150 134 118 103 89 76 66 58 55 58 145 129 112 97 81 67 54 45 42 45 142 125 108 91 75 59 45 33 28 33 140 122 105 88 71 54 38 23 14 23 139 122 104 87 70 52 35 18 0 18 140 122 105 88 71 54 38 23 14 23 142 125 108 91 75 59 45 33 28 33 145 129 112 97 81 67 54 45 42 45 150 134 118 103 89 76 66 58 55 58 156 140 126 112 99 87 78 72 69 71
83 51 109 126 84 51 25 113 55 86 35 107 114 92 34 52 60 73 35 107 63 37 99 127 83 82 76 112 107 87 62 99 131 85 80 54 65 21 90 66 166 150 134 118 103 89 76 65 58 55 162 145 129 112 96 81 67 54 45 42 159 142 125 108 91 75 59 45 33 28 157 140 122 105 88 71 54 38 23 14 156 139 122 104 87 70 52 35 18 0 157 140 122 105 88 71 54 38 23 14 159 142 125 108 91 75 59 45 33 28 162 145 129 112 96 81 67 54 45 42 166 150 134 118 103 89 76 65 58 55 171 155 140 125 111 98 87 77 71 69
84 106 59 40 80 107 133 45 103 72 124 52 52 65 125 107 98 87 122 58 97 120 65 47 76 76 85 45 51 70 97 83 40 73 78 106 92 136 70 92 72 74 80 88 99 112 126 140 156 171 58 60 67 77 90 104 119 134 150 166 43 47 55 68 82 97 113 129 145 162 29 34 45 60 75 91 108 125 142 159 15 23 38 54 71 88 105 122 140 157 0 18 35 52 70 87 104 122 139 156 15 23 38 54 71 88 105 122 140 157 29 34 45 60 75 91 108 125 142 159 43 47 55 68 82 97 113 129 145 162 58 60 67 77 90 104 119 134 150 166
69 89 46 29 63 90 116 27 86 54 106 35 39 48 108 89 81 70 105 42 80 103 50 38 59 58 68 28 34 53 79 68 31 55 60 89 75 119 53 75 74 72 73 79 88 99 112 126 140 155 60 57 60 67 77 90 104 118 134 150 47 43 46 55 67 82 97 112 129 145 34 29 34 45 60 75 91 108 125 142 23 15 23 38 54 71 88 105 122 140 18 0 18 35 52 70 87 104 122 139 23 15 23 38 54 71 88 105 122 140 34 29 34 45 60 75 91 108 125 142 47 43 46 55 67 82 97 112 129 145 60 57 60 67 77 90 104 118 134 150
54 72 36 26 47 72 99 10 69 37 89 19 30 31 90 72 64 54 88 28 63 86 37 36 42 41 51 11 17 36 62 55 31 38 43 71 58 102 36 58 80 73 71 73 79 88 99 112 126 140 67 60 57 60 67 77 90 104 118 134 55 46 43 46 55 67 81 97 112 129 45 34 29 34 45 60 75 91 108 125 38 23 15 23 38 54 71 88 105 122 35 18 0 18 35 52 70 87 104 122 38 23 15 23 38 54 71 88 105 122 45 34 29 34 45 60 75 91 108 125 55 46 43 46 55 67 81 97 112 129 67 60 57 60 67 77 90 104 118 134
43 55 33 33 31 55 81 8 51 20 72 8 31 14 73 55 47 39 71 20 46 69 29 42 25 25 34 10 3 19 45 45 40 22 26 54 41 84 19 40 88 79 73 71 73 79 88 99 112 125 77 67 60 57 59 66 77 89 103 118 68 55 46 43 46 55 67 81 97 112 60 45 34 29 33 45 59 75 91 108 54 38 23 15 23 38 54 71 88 105 52 35 18 0 18 35 52 70 87 104 54 38 23 15 23 38 54 71 88 105 60 45 34 29 33 45 59 75 91 108 68 55 46 43 46 55 67 81 97 112 77 67 60 57 59 66 77 89 103 118
35 38 38 46 19 38 64 26 34 3 55 20 40 6 56 37 30 26 54 25 29 52 31 53 10 10 18 26 19 5 27 40 52 8 11 37 23 67 8 23 99 88 79 73 71 73 78 87 99 111 90 77 67 59 57 59 66 77 89 103 82 67 55 46 43 46 55 67 81 96 75 60 45 33 29 33 45 59 75 91 71 54 38 23 15 23 38 54 71 88 70 52 35 18 0 18 35 52 70 87 71 54 38 23 15 23 38 54 71 88 75 60 45 33 29 33 45 59 75 91 82 67 55 46 43 46 55 67 81 96 90 77 67 59 57 59 66 77 89 103
36 21 50 62 19 21 47 43 17 16 37 36 53 23 39 20 15 22 37 38 12 35 40 66 14 15 10 43 37 18 10 42 67 17 12 20 7 50 20 6 112 99 88 79 73 70 72 78 87 98 104 90 77 66 59 56 59 66 76 89 97 82 67 55 46 42 46 55 67 81 91 75 60 45 33 28 33 45 59 75 88 71 54 38 23 14 23 38 54 71 87 70 52 35 18 0 18 35 52 70 88 71 54 38 23 14 23 38 54 71 91 75 60 45 33 28 33 45 59 75 97 82 67 55 46 42 46 55 67 81 104 90 77 66 59 56 59 66 76 89
44 9 64 78 31 8 30 60 5 33 20 54 68 40 21 3 13 30 21 54 10 18 54 82 30 31 23 60 54 35 8 50 83 33 28 4 13 34 36 13 126 112 99 88 78 72 70 72 78 87 119 104 90 77 66 59 56 59 66 76 113 97 81 67 55 46 42 46 54 67 108 91 75 59 45 33 28 33 45 59 105 88 71 54 38 23 14 23 38 54 104 87 70 52 35 18 0 18 35 52 105 88 71 54 38 23 14 23 38 54 108 91 75 59 45 33 28 33 45 59 113 97 81 67 55 46 42 46 54 67 119 104 90 77 66 59 56 59 66 76
57 18 79 94 47 17 14 77 20 50 5 71 84 57 4 16 27 44 12 70 26 9 69 97 47 48 39 78 71 52 26 63 100 50 45 17 30 18 53 30 140 126 112 99 87 78 72 70 72 77 134 118 104 89 77 66 59 56 58 65 129 112 97 81 67 55 46 42 45 54 125 108 91 75 59 45 33 28 33 45 122 105 88 71 54 38 23 14 23 38 122 104 87 70 52 35 18 0 18 35 122 105 88 71 54 38 23 14 23 38 125 108 91 75 59 45 33 28 33 45 129 112 97 81 67 55 46 42 45 54 134 118 104 89 77 66 59 56 58 65
71 35 95 111 64 34 10 95 37 68 16 88 100 74 14 33 43 60 21 87 43 21 85 114 64 65 56 95 88 69 43 77 116 67 62 34 47 11 70 47 156 140 126 112 99 87 78 72 69 71 150 134 118 103 89 76 66 58 55 58 145 129 112 97 81 67 54 45 42 45 142 125 108 91 75 59 45 33 28 33 140 122 105 88 71 54 38 23 14 23 139 122 104 87 70 52 35 18 0 18 140 122 105 88 71 54 38 23 14 23 142 125 108 91 75 59 45 33 28 33 145 129 112 97 81 67 54 45 42 45 150 134 118 103 89 76 66 58 55 58
87 52 112 128 80 51 25 112 54 85 33 105 117 92 32 50 60 76 37 104 60 38 102 130 81 82 73 112 106 87 60 92 133 85 80 51 65 23 88 64 171 155 140 125 111 98 87 77 71 69 166 150 134 118 103 89 76 65 58 55 162 145 129 112 96 81 67 54 45 42 159 142 125 108 91 75 59 45 33 28 157 140 122 105 88 71 54 38 23 14 156 139 122 104 87 70 52 35 18 0 157 140 122 105 88 71 54 38 23 14 159 142 125 108 91 75 59 45 33 28 162 145 129 112 96 81 67 54 45 42 166 150 134 118 103 89 76 65 58 55
91 108 68 50 78 109 135 47 105 74 125 52 61 68 126 107 100 91 124 55 98 122 73 59 76 78 85 49 52 73 97 77 52 75 80 106 94 138 70 93 86 88 93 100 110 122 134 148 162 177 72 74 80 88 99 112 126 140 156 171 58 60 67 77 90 104 119 134 150 166 43 47 55 68 82 97 113 129 145 162 29 34 45 60 75 91 108 125 142 159 15 23 38 54 71 88 105 122 140 157 0 18 35 52 70 87 104 122 139 156 15 23 38 54 71 88 105 122 140 157 29 34 45 60 75 91 108 125 142 159 43 47 55 68 82 97 113 129 145 162
77 91 57 42 61 92 118 31 88 57 108 35 51 51 109 90 84 76 107 38 80 105 60 52 59 62 67 33 36 56 80 61 45 59 64 89 77 121 53 76 88 86 87 92 100 110 121 134 148 162 74 72 73 79 88 99 112 126 140 155 60 57 60 67 77 90 104 118 134 150 47 43 46 55 67 82 97 112 129 145 34 29 34 45 60 75 91 108 125 142 23 15 23 38 54 71 88 105 122 140 18 0 18 35 52 70 87 104 122 139 23 15 23 38 54 71 88 105 122 140 34 29 34 45 60 75 91 108 125 142 47 43 46 55 67 82 97 112 129 145
64 75 49 40 44 75 101 18 71 41 91 19 44 35 92 73 67 61 91 21 63 88 49 50 42 46 50 22 20 40 63 46 45 43 48 72 60 104 35 59 93 87 85 87 92 99 109 121 134 148 80 73 71 73 79 88 99 112 126 140 67 60 57 60 67 77 90 104 118 134 55 46 43 46 55 67 81 97 112 129 45 34 29 34 45 60 75 91 108 125 38 23 15 23 38 54 71 88 105 122 35 18 0 18 35 52 70 87 104 122 38 23 15 23 38 54 71 88 105 122 45 34 29 34 45 60 75 91 108 125 55 46 43 46 55 67 81 97 112 129
55 58 47 45 26 59 84 17 54 26 74 7 44 22 75 56 52 48 74 6 46 72 43 54 25 32 33 21 13 26 46 33 51 29 33 55 44 87 19 42 100 92 87 85 87 91 99 109 121 134 88 79 73 71 73 79 88 99 112 125 77 67 60 57 59 66 77 89 103 118 68 55 46 43 46 55 67 81 97 112 60 45 34 29 33 45 59 75 91 108 54 38 23 15 23 38 54 71 88 105 52 35 18 0 18 35 52 70 87 104 54 38 23 15 23 38 54 71 88 105 60 45 34 29 33 45 59 75 91 108 68 55 46 43 46 55 67 81 97 112
49 43 51 55 9 43 67 30 39 17 57 20 51 19 58 39 37 39 58 16 29 56 44 63 10 23 16 32 23 19 30 26 62 21 23 38 29 71 7 27 110 100 92 87 85 86 91 99 109 120 99 88 79 73 71 73 78 87 99 111 90 77 67 59 57 59 66 77 89 103 82 67 55 46 43 46 55 67 81 96 75 60 45 33 29 33 45 59 75 91 71 54 38 23 15 23 38 54 71 88 70 52 35 18 0 18 35 52 70 87 71 54 38 23 15 23 38 54 71 88 75 60 45 33 29 33 45 59 75 91 82 67 55 46 43 46 55 67 81 96
50 30 60 69 10 29 51 45 25 23 41 36 62 28 42 24 27 36 43 33 14 40 51 75 14 25 6 47 38 26 16 29 75 26 23 22 19 55 19 15 122 110 99 91 86 84 86 91 98 108 112 99 88 79 73 70 72 78 87 98 104 90 77 66 59 56 59 66 76 89 97 82 67 55 46 42 46 55 67 81 91 75 60 45 33 28 33 45 59 75 88 71 54 38 23 14 23 38 54 71 87 70 52 35 18 0 18 35 52 70 88 71 54 38 23 14 23 38 54 71 91 75 60 45 33 28 33 45 59 75 97 82 67 55 46 42 46 55 67 81
56 23 72 83 27 22 36 62 19 37 27 54 75 43 26 13 26 42 31 50 11 28 62 89 30 37 21 63 55 39 15 41 89 38 34 11 22 40 36 18 134 121 109 99 91 86 84 85 90 98 126 112 99 88 78 72 70 72 78 87 119 104 90 77 66 59 56 59 66 76 113 97 81 67 55 46 42 46 54 67 108 91 75 59 45 33 28 33 45 59 105 88 71 54 38 23 14 23 38 54 104 87 70 52 35 18 0 18 35 52 105 88 71 54 38 23 14 23 38 54 108 91 75 59 45 33 28 33 45 59 113 97 81 67 55 46 42 46 54 67
66 28 86 99 44 26 25 79 27 53 19 71 90 59 16 20 35 52 26 68 26 23 76 103 47 52 38 80 72 55 28 55 105 54 49 19 35 28 53 33 148 134 121 109 99 91 85 83 85 90 140 126 112 99 87 78 72 70 72 77 134 118 104 89 77 66 59 56 58 65 129 112 97 81 67 55 46 42 45 54 125 108 91 75 59 45 33 28 33 45 122 105 88 71 54 38 23 14 23 38 122 104 87 70 52 35 18 0 18 35 122 105 88 71 54 38 23 14 23 38 125 108 91 75 59 45 33 28 33 45 129 112 97 81 67 55 46 42 45 54
79 40 101 115 61 39 23 96 41 70 24 88 105 76 21 35 49 66 31 85 43 30 91 119 64 68 55 97 89 72 45 71 121 70 65 35 50 25 70 49 162 148 134 121 109 98 90 85 83 85 156 140 126 112 99 87 78 72 69 71 150 134 118 103 89 76 66 58 55 58 145 129 112 97 81 67 54 45 42 45 142 125 108 91 75 59 45 33 28 33 140 122 105 88 71 54 38 23 14 23 139 122 104 87 70 52 35 18 0 18 140 122 105 88 71 54 38 23 14 23 142 125 108 91 75 59 45 33 28 33 145 129 112 97 81 67 54 45 42 45
93 56 116 131 79 54 32 113 57 87 38 105 121 93 35 52 64 81 43 102 60 43 106 135 81 84 72 114 106 88 61 87 137 87 82 52 67 32 87 66 177 162 148 134 120 108 98 90 85 83 171 155 140 125 111 98 87 77 71 69 166 150 134 118 103 89 76 65 58 55 162 145 129 112 96 81 67 54 45 42 159 142 125 108 91 75 59 45 33 28 157 140 122 105 88 71 54 38 23 14 156 139 122 104 87 70 52 35 18 0 157 140 122 105 88 71 54 38 23 14 159 142 125 108 91 75 59 45 33 28 162 145 129 112 96 81 67 54 45 42
99 112 78 62 79 112 138 54 108 78 128 56 72 73 129 110 105 98 128 55 100 126 82 71 79 84 86 56 57 78 100 74 64 80 85 109 98 141 72 96 100 102 106 112 121 132 144 156 170 184 86 88 93 100 110 122 134 148 162 177 72 74 80 88 99 112 126 140 156 171 58 60 67 77 90 104 119 134 150 166 43 47 55 68 82 97 113 129 145 162 29 34 45 60 75 91 108 125 142 159 15 23 38 54 71 88 105 122 140 157 0 18 35 52 70 87 104 122 139 156 15 23 38 54 71 88 105 122 140 157 29 34 45 60 75 91 108 125 142 159
86 96 69 56 62 96 121 40 92 62 111 40 63 58 112 93 89 83 112 38 83 109 70 66 62 68 70 43 43 62 84 57 59 65 70 92 81 124 56 80 102 100 101 105 112 121 131 143 156 170 88 86 87 92 100 110 121 134 148 162 74 72 73 79 88 99 112 126 140 155 60 57 60 67 77 90 104 118 134 150 47 43 46 55 67 82 97 112 129 145 34 29 34 45 60 75 91 108 125 142 23 15 23 38 54 71 88 105 122 140 18 0 18 35 52 70 87 104 122 139 23 15 23 38 54 71 88 105 122 140 34 29 34 45 60 75 91 108 125 142
76 80 62 54 45 80 105 31 76 48 95 27 58 44 95 77 74 70 96 22 66 93 62 64 46 54 53 35 31 49 67 40 59 52 55 75 66 108 40 64 106 101 99 101 105 112 121 131 143 156 93 87 85 87 92 99 109 121 134 148 80 73 71 73 79 88 99 112 126 140 67 60 57 60 67 77 90 104 118 134 55 46 43 46 55 67 81 97 112 129 45 34 29 34 45 60 75 91 108 125 38 23 15 23 38 54 71 88 105 122 35 18 0 18 35 52 70 87 104 122 38 23 15 23 38 54 71 88 105 122 45 34 29 34 45 60 75 91 108 125
67 65 61 58 29 65 89 31 61 36 79 21 58 35 79 61 60 59 80 10 51 77 57 67 32 43 37 34 27 38 52 24 64 41 43 59 51 92 27 49 112 105 101 99 100 105 111 120 131 143 100 92 87 85 87 91 99 109 121 134 88 79 73 71 73 79 88 99 112 125 77 67 60 57 59 66 77 89 103 118 68 55 46 43 46 55 67 81 97 112 60 45 34 29 33 45 59 75 91 108 54 38 23 15 23 38 54 71 88 105 52 35 18 0 18 35 52 70 87 104 54 38 23 15 23 38 54 71 88 105 60 45 34 29 33 45 59 75 91 108
63 52 64 66 15 51 73 39 47 31 63 28 63 32 63 46 48 52 66 18 36 63 58 75 22 37 24 42 32 33 38 12 72 35 36 44 39 77 21 36 121 112 105 100 99 100 104 111 120 130 110 100 92 87 85 86 91 99 109 120 99 88 79 73 71 73 78 87 99 111 90 77 67 59 57 59 66 77 89 103 82 67 55 46 43 46 55 67 81 96 75 60 45 33 29 33 45 59 75 91 71 54 38 23 15 23 38 54 71 88 70 52 35 18 0 18 35 52 70 87 71 54 38 23 15 23 38 54 71 88 75 60 45 33 29 33 45 59 75 91
63 41 71 78 15 41 58 52 37 34 49 41 72 39 49 33 40 50 53 34 25 50 63 85 24 38 19 54 45 37 29 18 84 38 36 31 32 62 27 28 132 121 112 105 100 98 99 104 110 119 122 110 99 91 86 84 86 91 98 108 112 99 88 79 73 70 72 78 87 98 104 90 77 66 59 56 59 66 76 89 97 82 67 55 46 42 46 55 67 81 91 75 60 45 33 28 33 45 59 75 88 71 54 38 23 14 23 38 54 71 87 70 52 35 18 0 18 35 52 70 88 71 54 38 23 14 23 38 54 71 91 75 60 45 33 28 33 45 59 75
68 37 81 91 29 36 46 67 33 45 38 57 84 51 36 27 39 54 43 51 24 40 72 97 36 47 27 69 60 48 28 34 97 48 44 25 34 50 41 30 144 131 121 111 104 99 98 99 103 110 134 121 109 99 91 86 84 85 90 98 126 112 99 88 78 72 70 72 78 87 119 104 90 77 66 59 56 59 66 76 113 97 81 67 55 46 42 46 54 67 108 91 75 59 45 33 28 33 45 59 105 88 71 54 38 23 14 23 38 54 104 87 70 52 35 18 0 18 35 52 105 88 71 54 38 23 14 23 38 54 108 91 75 59 45 33 28 33 45 59
77 40 94 105 46 39 38 83 38 59 32 73 97 65 30 31 46 63 40 68 33 37 84 111 51 59 42 84 76 61 37 50 111 61 57 30 43 41 56 40 156 143 131 120 111 104 99 97 99 103 148 134 121 109 99 91 85 83 85 90 140 126 112 99 87 78 72 70 72 77 134 118 104 89 77 66 59 56 58 65 129 112 97 81 67 55 46 42 45 54 125 108 91 75 59 45 33 28 33 45 122 105 88 71 54 38 23 14 23 38 122 104 87 70 52 35 18 0 18 35 122 105 88 71 54 38 23 14 23 38 125 108 91 75 59 45 33 28 33 45
88 49 108 120 62 48 36 99 49 74 36 90 112 81 33 42 57 74 43 85 48 41 98 125 67 73 58 100 92 76 50 67 126 75 71 42 57 38 73 54 170 156 143 131 120 110 103 99 97 98 162 148 134 121 109 98 90 85 83 85 156 140 126 112 99 87 78 72 69 71 150 134 118 103 89 76 66 58 55 58 145 129 112 97 81 67 54 45 42 45 142 125 108 91 75 59 45 33 28 33 140 122 105 88 71 54 38 23 14 23 139 122 104 87 70 52 35 18 0 18 140 122 105 88 71 54 38 23 14 23 142 125 108 91 75 59 45 33 28 33
101 62 122 136 79 61 43 116 63 90 46 107 127 97 43 57 71 88 53 103 63 51 113 140 83 89 74 117 109 92 66 84 142 91 86 56 72 43 89 70 184 170 156 143 130 119 110 103 98 96 177 162 148 134 120 108 98 90 85 83 171 155 140 125 111 98 87 77 71 69 166 150 134 118 103 89 76 65 58 55 162 145 129 112 96 81 67 54 45 42 159 142 125 108 91 75 59 45 33 28 157 140 122 105 88 71 54 38 23 14 156 139 122 104 87 70 52 35 18 0 157 140 122 105 88 71 54 38 23 14 159 142 125 108 91 75 59 45 33 28
109 117 90 75 82 118 142 63 113 85 132 63 84 80 132 114 111 106 133 59 104 130 92 84 84 91 91 65 65 85 105 73 78 88 92 113 103 146 78 101 115 116 119 125 133 143 154 166 179 192 100 102 106 112 121 132 144 156 170 184 86 88 93 100 110 122 134 148 162 177 72 74 80 88 99 112 126 140 156 171 58 60 67 77 90 104 119 134 150 166 43 47 55 68 82 97 113 129 145 162 29 34 45 60 75 91 108 125 142 159 15 23 38 54 71 88 105 122 140 157 0 18 35 52 70 87 104 122 139 156 15 23 38 54 71 88 105 122 140 157
97 102 82 70 66 102 126 52 98 70 116 49 76 67 116 98 96 92 117 44 88 115 82 80 68 77 75 55 53 71 89 56 73 74 78 97 88 129 63 86 116 114 115 119 125 133 142 153 165 178 102 100 101 105 112 121 131 143 156 170 88 86 87 92 100 110 121 134 148 162 74 72 73 79 88 99 112 126 140 155 60 57 60 67 77 90 104 118 134 150 47 43 46 55 67 82 97 112 129 145 34 29 34 45 60 75 91 108 125 142 23 15 23 38 54 71 88 105 122 140 18 0 18 35 52 70 87 104 122 139 23 15 23 38 54 71 88 105 122 140
88 87 76 68 50 87 110 45 83 58 100 39 72 55 100 83 82 81 102 31 72 99 75 78 54 65 60 49 44 59 74 39 73 62 65 81 74 114 49 71 119 115 114 115 118 124 132 142 153 165 106 101 99 101 105 112 121 131 143 156 93 87 85 87 92 99 109 121 134 148 80 73 71 73 79 88 99 112 126 140 67 60 57 60 67 77 90 104 118 134 55 46 43 46 55 67 81 97 112 129 45 34 29 34 45 60 75 91 108 125 38 23 15 23 38 54 71 88 105 122 35 18 0 18 35 52 70 87 104 122 38 23 15 23 38 54 71 88 105 122
81 74 75 71 37 74 95 44 69 49 85 36 72 48 85 68 69 72 88 24 58 85 71 81 43 55 46 48 41 51 60 21 77 53 55 66 61 99 39 58 125 119 115 113 114 118 124 132 141 152 112 105 101 99 100 105 111 120 131 143 100 92 87 85 87 91 99 109 121 134 88 79 73 71 73 79 88 99 112 125 77 67 60 57 59 66 77 89 103 118 68 55 46 43 46 55 67 81 97 112 60 45 34 29 33 45 59 75 91 108 54 38 23 15 23 38 54 71 88 105 52 35 18 0 18 35 52 70 87 104 54 38 23 15 23 38 54 71 88 105
77 62 77 78 27 62 81 50 58 45 71 40 76 46 71 55 60 66 75 28 46 72 71 87 36 51 36 54 45 47 49 5 84 49 50 53 51 84 35 47 133 125 118 114 113 114 117 123 131 141 121 112 105 100 99 100 104 111 120 130 110 100 92 87 85 86 91 99 109 120 99 88 79 73 71 73 78 87 99 111 90 77 67 59 57 59 66 77 89 103 82 67 55 46 43 46 55 67 81 96 75 60 45 33 29 33 45 59 75 91 71 54 38 23 15 23 38 54 71 88 70 52 35 18 0 18 35 52 70 87 71 54 38 23 15 23 38 54 71 88
77 54 83 88 27 53 68 61 50 47 59 50 84 51 58 45 54 64 64 40 38 61 76 96 37 52 33 64 54 50 42 15 94 51 50 43 46 72 39 42 143 133 124 118 114 112 113 117 123 131 132 121 112 105 100 98 99 104 110 119 122 110 99 91 86 84 86 91 98 108 112 99 88 79 73 70 72 78 87 98 104 90 77 66 59 56 59 66 76 89 97 82 67 55 46 42 46 55 67 81 91 75 60 45 33 28 33 45 59 75 88 71 54 38 23 14 23 38 54 71 87 70 52 35 18 0 18 35 52 70 88 71 54 38 23 14 23 38 54 71
81 51 92 100 37 49 57 74 47 55 50 64 94 60 48 41 53 67 56 55 37 53 84 107 45 58 38 76 67 58 41 32 106 59 56 39 47 61 49 43 154 142 132 124 117 113 112 113 116 122 144 131 121 111 104 99 98 99 103 110 134 121 109 99 91 86 84 85 90 98 126 112 99 88 78 72 70 72 78 87 119 104 90 77 66 59 56 59 66 76 113 97 81 67 55 46 42 46 54 67 108 91 75 59 45 33 28 33 45 59 105 88 71 54 38 23 14 23 38 54 104 87 70 52 35 18 0 18 35 52 105 88 71 54 38 23 14 23 38 54
89 53 103 113 51 52 51 89 50 67 46 79 106 73 44 43 58 74 53 71 44 50 94 119 58 68 50 90 81 70 48 49 119 69 66 42 54 54 63 51 166 153 142 132 123 117 113 111 112 116 156 143 131 120 111 104 99 97 99 103 148 134 121 109 99 91 85 83 85 90 140 126 112 99 87 78 72 70 72 77 134 118 104 89 77 66 59 56 58 65 129 112 97 81 67 55 46 42 45 54 125 108 91 75 59 45 33 28 33 45 122 105 88 71 54 38 23 14 23 38 122 104 87 70 52 35 18 0 18 35 122 105 88 71 54 38 23 14 23 38
98 60 116 127 66 59 50 104 59 81 48 94 119 87 46 52 67 84 56 88 55 54 106 133 72 81 64 106 97 83 59 66 133 83 79 51 65 52 78 62 179 165 153 141 131 123 116 112 110 112 170 156 143 131 120 110 103 99 97 98 162 148 134 121 109 98 90 85 83 85 156 140 126 112 99 87 78 72 69 71 150 134 118 103 89 76 66 58 55 58 145 129 112 97 81 67 54 45 42 45 142 125 108 91 75 59 45 33 28 33 140 122 105 88 71 54 38 23 14 23 139 122 104 87 70 52 35 18 0 18 140 122 105 88 71 54 38 23 14 23
110 71 130 142 83 70 55 120 71 96 56 111 133 102 53 64 79 96 64 105 69 62 120 147 88 95 79 121 113 98 72 84 148 97 93 64 79 56 94 76 192 178 165 152 141 131 122 116 112 110 184 170 156 143 130 119 110 103 98 96 177 162 148 134 120 108 98 90 85 83 171 155 140 125 111 98 87 77 71 69 166 150 134 118 103 89 76 65 58 55 162 145 129 112 96 81 67 54 45 42 159 142 125 108 91 75 59 45 33 28 157 140 122 105 88 71 54 38 23 14 156 139 122 104 87 70 52 35 18 0 157 140 122 105 88 71 54 38 23 14
119 124 102 88 88 124 148 73 120 93 138 72 96 89 138 120 118 115 139 66 110 136 104 98 91 99 97 76 75 93 111 75 91 96 100 118 110 151 85 108 129 130 133 138 145 154 164 176 188 201 115 116 119 125 133 143 154 166 179 192 100 102 106 112 121 132 144 156 170 184 86 88 93 100 110 122 134 148 162 177 72 74 80 88 99 112 126 140 156 171 58 60 67 77 90 104 119 134 150 166 43 47 55 68 82 97 113 129 145 162 29 34 45 60 75 91 108 125 142 159 15 23 38 54 71 88 105 122 140 157 0 18 35 52 70 87 104 122 139 156
109 110 95 83 73 110 132 64 105 80 122 60 90 77 122 105 104 103 124 53 95 121 95 94 77 87 82 68 64 81 96 58 87 84 87 103 96 136 71 93 130 128 129 132 138 145 154 164 175 187 116 114 115 119 125 133 142 153 165 178 102 100 101 105 112 121 131 143 156 170 88 86 87 92 100 110 121 134 148 162 74 72 73 79 88 99 112 126 140 155 60 57 60 67 77 90 104 118 134 150 47 43 46 55 67 82 97 112 129 145 34 29 34 45 60 75 91 108 125 142 23 15 23 38 54 71 88 105 122 140 18 0 18 35 52 70 87 104 122 139
100 96 90 82 59 96 117 59 92 70 107 52 86 68 107 90 92 92 110 43 80 107 88 92 64 76 68 63 57 71 83 42 87 74 76 89 83 121 60 80 133 129 128 129 132 137 144 153 163 175 119 115 114 115 118 124 132 142 153 165 106 101 99 101 105 112 121 131 143 156 93 87 85 87 92 99 109 121 134 148 80 73 71 73 79 88 99 112 126 140 67 60 57 60 67 77 90 104 118 134 55 46 43 46 55 67 81 97 112 129 45 34 29 34 45 60 75 91 108 125 38 23 15 23 38 54 71 88 105 122 35 18 0 18 35 52 70 87 104 122
94 84 89 85 48 84 103 58 79 62 94 50 86 62 93 77 81 84 97 38 68 94 85 95 55 69 57 62 55 64 71 27 90 66 68 75 72 107 52 69 138 132 129 127 128 131 137 144 153 163 125 119 115 113 114 118 124 132 141 152 112 105 101 99 100 105 111 120 131 143 100 92 87 85 87 91 99 109 121 134 88 79 73 71 73 79 88 99 112 125 77 67 60 57 59 66 77 89 103 118 68 55 46 43 46 55 67 81 97 112 60 45 34 29 33 45 59 75 91 108 54 38 23 15 23 38 54 71 88 105 52 35 18 0 18 35 52 70 87 104
91 74 91 91 41 73 90 63 70 59 81 53 90 60 80 66 72 79 85 41 58 82 85 100 50 65 49 66 58 61 61 18 96 63 64 64 64 94 49 60 145 138 132 128 127 127 131 136 143 152 133 125 118 114 113 114 117 123 131 141 121 112 105 100 99 100 104 111 120 130 110 100 92 87 85 86 91 99 109 120 99 88 79 73 71 73 78 87 99 111 90 77 67 59 57 59 66 77 89 103 82 67 55 46 43 46 55 67 81 96 75 60 45 33 29 33 45 59 75 91 71 54 38 23 15 23 38 54 71 88 70 52 35 18 0 18 35 52 70 87
91 67 96 99 41 66 79 72 63 61 70 61 96 64 69 58 67 78 76 50 51 73 89 107 50 65 47 75 65 63 56 22 105 65 64 56 60 82 52 56 154 145 137 131 127 126 127 130 135 143 143 133 124 118 114 112 113 117 123 131 132 121 112 105 100 98 99 104 110 119 122 110 99 91 86 84 86 91 98 108 112 99 88 79 73 70 72 78 87 98 104 90 77 66 59 56 59 66 76 89 97 82 67 55 46 42 46 55 67 81 91 75 60 45 33 28 33 45 59 75 88 71 54 38 23 14 23 38 54 71 87 70 52 35 18 0 18 35 52 70
94 64 104 110 48 63 70 83 61 67 63 72 105 72 61 55 67 80 70 62 51 66 96 117 57 70 51 86 76 70 55 36 116 71 68 53 61 73 60 57 164 154 144 137 131 127 125 126 130 135 154 142 132 124 117 113 112 113 116 122 144 131 121 111 104 99 98 99 103 110 134 121 109 99 91 86 84 85 90 98 126 112 99 88 78 72 70 72 78 87 119 104 90 77 66 59 56 59 66 76 113 97 81 67 55 46 42 46 54 67 108 91 75 59 45 33 28 33 45 59 105 88 71 54 38 23 14 23 38 54 104 87 70 52 35 18 0 18 35 52
101 66 114 122 59 65 64 96 63 77 60 86 116 82 57 56 71 86 67 77 56 64 105 129 67 79 60 98 89 80 60 52 128 80 77 55 66 67 71 62 176 164 153 144 136 130 126 125 126 129 166 153 142 132 123 117 113 111 112 116 156 143 131 120 111 104 99 97 99 103 148 134 121 109 99 91 85 83 85 90 140 126 112 99 87 78 72 70 72 77 134 118 104 89 77 66 59 56 58 65 129 112 97 81 67 55 46 42 45 54 125 108 91 75 59 45 33 28 33 45 122 105 88 71 54 38 23 14 23 38 122 104 87 70 52 35 18 0 18 35
109 72 125 135 73 71 64 111 70 89 62 100 128 95 59 63 78 95 69 92 65 67 116 141 80 90 72 112 103 92 69 68 141 92 88 62 76 66 85 72 188 175 163 153 143 135 130 126 124 125 179 165 153 141 131 123 116 112 110 112 170 156 143 131 120 110 103 99 97 98 162 148 134 121 109 98 90 85 83 85 156 140 126 112 99 87 78 72 69 71 150 134 118 103 89 76 66 58 55 58 145 129 112 97 81 67 54 45 42 45 142 125 108 91 75 59 45 33 28 33 140 122 105 88 71 54 38 23 14 23 139 122 104 87 70 52 35 18 0 18
120 82 138 149 88 80 67 126 81 103 68 116 141 109 65 74 89 106 75 109 77 73 129 155 94 103 86 127 118 105 81 85 155 105 101 73 87 69 99 84 201 187 175 163 152 143 135 129 125 124 192 178 165 152 141 131 122 116 112 110 184 170 156 143 130 119 110 103 98 96 177 162 148 134 120 108 98 90 85 83 171 155 140 125 111 98 87 77 71 69 166 150 134 118 103 89 76 65 58 55 162 145 129 112 96 81 67 54 45 42 159 142 125 108 91 75 59 45 33 28 157 140 122 105 88 71 54 38 23 14 156 139 122 104 87 70 52 35 18 0
