0 10 83 85 28 6 62 18 41 78 24 78 46 26 45 114 107 75 99 52 10 68 86 85 24 26 65 15 42 81 35 60 93 29 73 114 87 26 89 57 162 147 132 117 104 91 81 73 69 69 157 141 125 109 95 81 70 61 56 56 152 136 119 103 88 73 59 48 42 42 149 132 115 98 82 66 51 37 29 29 147 130 113 95 78 61 45 29 16 17 146 129 112 94 77 60 43 25 8 10 147 130 113 96 78 62 45 29 16 18 149 132 115 99 82 66 51 38 29 30 152 136 119 103 88 73 60 49 43 43 157 141 125 110 95 82 70 61 56 57
10 0 75 76 19 12 55 14 31 70 14 72 40 24 39 105 99 65 90 45 7 62 79 76 18 18 58 9 33 73 26 55 86 22 66 105 78 18 80 50 153 137 122 108 94 82 72 65 63 65 148 132 116 100 86 72 60 52 49 52 144 127 110 94 78 63 50 40 35 39 141 124 107 90 73 57 41 28 21 27 139 122 105 88 70 53 36 20 8 19 139 122 105 88 70 53 36 19 7 19 141 124 107 90 73 57 41 27 21 27 144 127 110 94 78 63 49 39 35 38 148 131 115 100 85 72 60 52 48 51 153 137 122 107 94 82 72 65 62 64
83 75 0 26 57 80 23 66 52 7 62 24 42 91 39 35 30 35 24 34 80 28 14 32 60 74 19 68 48 5 52 38 15 75 16 37 21 57 16 27 86 74 64 57 56 60 68 79 92 107 77 64 52 44 42 47 57 70 85 100 71 55 41 31 28 35 48 63 79 95 67 50 33 19 14 26 42 58 75 92 65 48 31 13 5 22 40 57 74 91 67 50 34 20 16 27 42 59 76 93 72 56 42 32 30 37 49 64 79 96 78 65 53 45 44 48 58 71 86 101 87 75 65 59 58 61 69 80 93 107 97 86 78 73 72 75 81 91 102 115
85 76 26 0 58 84 39 71 47 31 62 49 55 87 50 33 26 15 17 48 80 50 40 7 65 70 36 72 44 30 51 57 39 69 39 31 7 61 13 38 77 62 47 36 31 35 45 59 75 91 73 56 40 25 17 23 38 54 70 87 71 54 36 19 3 17 34 51 68 86 72 55 38 23 12 20 36 53 69 87 76 60 45 32 26 31 43 57 73 90 82 67 54 45 40 43 52 65 79 94 90 76 65 58 54 57 64 74 87 101 99 87 78 71 68 70 76 85 96 109 109 99 90 85 82 84 89 96 106 118 120 111 103 98 96 98 102 108 117 128
28 19 57 58 0 27 38 16 16 53 5 57 28 36 24 87 80 48 72 31 23 48 63 58 12 21 42 15 16 56 8 43 69 23 50 87 59 7 62 33 135 119 105 90 78 67 60 57 59 66 130 113 98 82 68 56 47 43 46 55 126 109 92 76 60 46 34 29 34 45 123 106 89 72 55 39 24 15 23 38 122 105 88 70 53 36 18 2 17 35 123 106 89 71 55 38 22 13 22 37 125 108 92 75 59 45 33 27 32 44 129 113 97 81 67 54 45 41 44 53 134 118 103 89 76 65 58 55 57 64 140 126 111 98 87 77 71 69 70 76
6 12 80 84 27 0 59 15 41 75 23 74 42 31 42 112 106 75 97 48 15 64 82 84 21 29 62 13 42 78 34 55 90 33 70 113 85 24 87 54 161 146 131 117 104 93 83 76 73 74 155 139 124 109 95 82 71 63 60 61 150 134 118 102 87 72 60 50 46 48 146 130 113 96 80 65 50 38 32 35 144 127 110 93 76 59 43 28 19 23 143 126 108 91 74 56 39 22 6 14 143 126 109 91 74 57 40 24 11 17 145 128 111 94 77 61 46 32 24 28 148 131 115 98 83 68 54 43 38 40 152 136 120 105 90 76 65 56 52 53
62 55 23 39 38 59 0 44 38 17 43 21 20 74 17 57 52 39 44 12 61 14 25 43 38 58 5 47 34 20 34 19 32 59 12 59 36 37 35 6 108 95 83 74 68 66 69 75 85 97 100 86 73 62 55 52 55 64 75 88 93 78 63 51 41 38 43 53 66 81 89 72 56 41 29 24 31 44 59 75 86 69 52 35 19 10 22 38 55 72 85 68 51 34 17 5 20 37 54 72 87 70 54 38 24 19 27 41 57 74 91 75 60 46 36 33 38 49 63 78 97 82 69 57 49 47 50 59 71 85 105 91 79 69 63 60 63 70 81 93
18 14 66 71 16 15 44 0 31 61 14 60 28 37 28 98 92 62 83 34 21 50 68 72 7 28 48 6 31 64 23 42 76 32 55 99 72 11 73 40 147 132 118 105 93 83 75 71 72 76 141 125 110 96 83 71 62 58 58 63 136 120 104 88 74 60 50 44 45 51 132 115 98 82 66 51 38 30 31 41 130 112 95 78 61 45 29 17 19 32 129 111 94 77 59 42 25 8 11 28 129 112 95 78 61 44 28 15 17 31 131 114 98 81 65 50 36 28 29 38 135 118 102 87 72 58 47 41 42 49 140 124 109 94 80 69 60 55 55 61
41 31 52 47 16 41 38 31 0 50 18 58 36 40 30 78 71 35 62 35 34 51 61 46 27 23 40 29 5 52 10 49 66 23 49 77 50 22 53 33 124 108 92 77 64 52 45 44 49 59 119 103 86 70 55 41 32 30 37 50 117 100 83 66 49 33 19 17 28 44 116 98 81 64 47 29 12 6 24 41 116 99 82 65 48 32 18 14 27 43 119 102 85 69 54 40 29 28 36 49 123 107 91 76 62 50 42 41 47 57 128 113 98 84 72 62 56 55 59 68 135 120 106 94 83 75 69 69 72 79 143 129 116 104 95 87 83 82 85 91
78 70 7 31 53 75 17 61 50 0 57 19 36 88 34 41 37 37 30 28 76 21 12 36 55 71 13 63 46 3 48 31 17 72 10 44 26 53 22 21 93 80 70 63 61 63 70 80 92 106 84 70 58 50 47 50 58 70 84 98 77 62 48 37 33 37 48 62 77 93 72 55 39 26 19 26 40 56 72 89 70 52 35 18 5 18 36 53 70 87 70 53 36 20 10 21 37 53 71 88 74 58 42 30 24 30 43 58 74 90 79 65 52 42 38 42 52 65 79 95 87 74 63 55 52 55 63 74 87 101 96 85 75 69 66 68 75 84 96 109
24 14 62 62 5 23 43 14 18 57 0 61 31 32 28 91 85 52 76 34 19 52 67 62 12 18 46 11 19 60 12 46 73 21 54 91 64 8 66 37 139 124 108 94 81 70 62 58 59 64 134 118 102 86 72 59 49 44 45 53 130 113 97 80 64 50 37 30 32 42 127 110 93 76 59 43 28 17 20 34 126 109 92 75 57 40 23 6 13 30 127 110 93 76 59 42 26 14 18 33 129 112 96 79 63 48 35 27 29 40 133 116 100 85 70 57 46 41 42 50 138 122 107 92 79 67 59 54 55 62 144 129 114 101 89 79 72 68 69 74
78 72 24 49 57 74 21 60 58 19 61 0 33 92 34 55 52 54 47 27 78 10 14 54 55 77 19 64 54 20 54 21 22 79 11 59 44 54 40 26 106 95 87 81 79 81 86 94 105 117 95 84 74 67 65 67 73 83 95 108 86 73 62 54 51 54 62 73 86 100 79 64 51 41 37 41 51 64 79 94 73 57 42 29 23 29 42 57 73 90 70 53 36 20 9 20 36 53 70 88 70 53 35 19 6 19 36 53 70 87 72 56 40 27 20 27 40 56 73 89 77 62 49 38 34 38 49 62 77 93 85 71 59 51 48 51 59 71 84 99
46 40 42 55 28 42 20 28 36 36 31 33 0 62 7 76 71 52 63 9 47 23 42 58 23 48 24 32 33 39 28 16 50 51 29 78 54 24 53 18 127 114 101 91 83 77 76 78 84 93 119 105 91 79 70 64 62 65 72 82 112 97 82 69 58 50 48 52 61 73 107 91 75 60 47 37 34 40 51 65 104 87 70 54 38 25 20 29 43 59 102 84 67 50 33 16 7 21 38 55 102 85 67 50 33 17 9 22 39 56 104 87 71 54 39 27 23 30 44 59 108 92 76 61 49 39 36 41 52 66 113 98 84 71 60 52 50 54 62 74
26 24 91 87 36 31 74 37 40 88 32 92 62 0 59 118 111 73 102 66 18 83 98 84 40 18 77 32 44 90 40 77 104 18 85 117 89 39 93 68 162 146 129 113 98 83 69 57 48 45 159 142 125 108 92 76 61 47 36 32 157 139 122 105 88 71 55 39 25 18 156 138 121 104 86 69 52 35 18 4 156 139 121 104 87 70 53 36 20 11 157 140 123 106 90 73 57 42 30 24 160 143 127 110 94 79 64 51 41 38 164 148 132 116 101 86 73 62 54 52 169 153 138 123 109 95 83 74 67 65 175 160 145 131 117 105 95 86 81 79
45 39 39 50 24 42 17 28 30 34 28 34 7 59 0 73 67 45 59 7 45 24 41 52 22 44 21 31 26 37 22 20 48 46 28 74 49 21 49 13 123 109 96 85 76 71 69 72 78 88 116 101 87 74 64 57 55 58 66 77 110 94 79 64 52 44 41 46 56 68 105 89 72 57 42 31 27 34 46 61 102 85 68 51 35 20 14 24 40 57 102 84 67 50 32 15 3 21 38 55 103 86 69 52 36 21 16 25 41 57 106 89 73 58 44 33 29 36 48 62 110 95 80 66 54 46 43 48 57 70 117 102 88 76 66 59 57 60 68 79
114 105 35 33 87 112 57 98 78 41 91 55 76 118 73 0 8 47 16 68 110 61 42 37 92 101 53 100 75 39 80 72 35 100 50 6 29 89 25 60 52 40 34 37 46 59 74 90 106 122 44 29 20 24 37 52 69 85 102 119 39 22 7 15 32 49 66 83 101 118 40 23 10 17 32 49 66 84 101 118 45 32 24 27 39 54 70 86 103 120 54 43 38 40 49 61 75 91 107 123 65 56 52 53 60 70 83 97 113 128 77 69 66 67 72 81 93 105 119 134 89 83 80 81 85 93 103 115 128 141 102 97 94 95 99 105 114 125 137 150
107 99 30 26 80 106 52 92 71 37 85 52 71 111 67 8 0 40 9 63 103 57 39 30 85 94 48 93 68 35 74 67 33 93 46 8 22 82 19 54 57 44 35 34 41 53 67 83 99 115 50 34 22 20 31 45 62 78 95 112 46 29 12 8 25 42 59 76 93 111 47 30 15 12 26 43 59 77 94 111 52 37 27 25 34 48 63 80 96 113 60 48 40 39 45 56 70 85 101 117 70 60 53 53 57 66 78 92 106 122 81 72 67 67 70 78 88 100 114 128 93 86 81 81 84 90 99 110 122 136 106 99 95 95 97 103 111 120 132 144
75 65 35 15 48 75 39 62 35 37 52 54 52 73 45 47 40 0 32 45 68 52 48 11 57 57 38 62 33 38 41 57 49 56 43 45 20 52 26 36 89 73 57 43 32 27 33 46 60 76 86 69 52 36 21 14 24 39 56 73 85 68 51 33 16 3 20 37 54 72 87 70 53 37 22 16 25 40 56 73 90 74 58 44 33 29 35 47 61 77 96 81 67 55 46 43 47 57 69 83 103 89 77 66 60 57 60 68 78 91 111 99 88 79 73 71 74 80 89 100 121 109 99 92 87 85 87 92 100 110 131 121 112 105 101 99 101 105 112 121
99 90 24 17 72 97 44 83 62 30 76 47 63 102 59 16 9 32 0 55 94 51 35 23 77 85 41 85 59 28 65 61 30 85 40 16 13 74 10 46 65 51 40 35 38 48 61 76 92 108 58 43 29 21 26 39 54 71 87 104 55 38 21 7 17 34 51 68 85 102 55 38 21 8 17 34 51 68 85 102 59 43 30 22 27 39 55 71 87 104 65 52 41 36 39 49 62 76 92 108 74 63 54 50 52 60 71 84 98 113 85 74 67 64 66 72 81 93 106 120 96 87 81 78 80 85 92 103 115 128 108 100 95 93 93 98 104 114 124 137
52 45 34 48 31 48 12 34 35 28 34 27 9 66 7 68 63 45 55 0 52 18 35 51 28 51 16 38 31 31 28 15 42 53 22 70 46 28 45 10 119 106 93 83 76 71 71 76 83 93 111 97 83 72 63 58 58 63 72 83 105 89 74 61 50 44 44 51 61 75 100 83 67 52 39 30 31 39 53 68 96 79 62 46 30 17 18 31 47 63 95 78 61 43 26 9 10 27 44 62 96 79 62 45 29 16 16 30 46 63 99 82 66 51 38 29 29 38 52 67 104 88 73 60 49 42 42 49 60 74 110 96 82 70 61 56 56 61 70 82
10 7 80 80 23 15 61 21 34 76 19 78 47 18 45 110 103 68 94 52 0 69 85 79 24 16 64 15 36 79 30 62 92 19 72 110 82 24 85 55 157 141 125 110 96 83 72 64 59 60 152 136 119 104 88 74 61 51 46 47 148 131 115 98 82 66 52 39 32 33 146 129 112 95 78 61 45 30 19 21 145 128 110 93 76 59 41 24 7 12 145 128 111 94 76 59 42 26 12 16 147 130 113 96 80 63 48 34 25 27 150 133 117 101 85 70 56 45 39 40 154 138 122 107 92 78 66 57 52 53 159 144 129 114 100 88 78 70 66 66
68 62 28 50 48 64 14 50 51 21 52 10 23 83 24 61 57 52 51 18 69 0 22 54 45 68 15 54 47 23 45 11 30 70 12 64 45 45 43 19 112 101 91 84 79 79 82 89 98 110 103 90 79 70 66 65 69 77 88 100 94 80 68 58 52 51 56 66 78 92 88 72 58 46 38 38 44 56 70 85 83 66 50 36 25 24 34 48 64 80 80 63 46 29 13 12 27 43 61 78 80 62 45 28 12 10 26 43 60 77 82 65 49 34 22 21 32 47 63 80 86 71 56 44 35 35 42 54 69 84 93 79 66 55 49 49 54 64 76 90
86 79 14 40 63 82 25 68 61 12 67 14 42 98 41 42 39 48 35 35 85 22 0 46 62 81 22 72 57 11 58 32 9 83 13 46 34 61 30 30 92 82 74 70 70 74 81 92 104 117 82 70 61 56 56 61 70 82 95 110 73 60 49 42 42 49 60 73 88 104 67 51 38 28 28 38 51 67 83 99 62 45 29 16 16 29 46 62 79 97 61 44 26 9 9 27 44 61 78 96 63 46 31 18 18 31 47 63 80 97 68 53 40 31 31 40 53 68 84 100 75 62 51 45 45 51 62 75 90 105 85 73 64 59 59 64 72 84 97 112
85 76 32 7 58 84 43 72 46 36 62 54 58 84 52 37 30 11 23 51 79 54 46 0 66 68 40 72 43 36 51 61 45 67 44 35 13 61 19 41 79 63 47 34 26 28 39 54 70 86 75 58 41 25 13 17 32 49 66 83 75 57 40 23 6 13 30 48 65 82 76 60 43 28 18 21 35 51 67 84 81 65 51 39 32 34 43 57 72 88 87 73 60 51 46 47 54 65 79 93 95 83 72 64 60 61 66 76 87 101 105 93 84 77 74 74 79 87 97 109 115 105 96 90 88 88 92 99 108 119 126 117 109 104 102 102 105 111 119 129
24 18 60 65 12 21 38 7 27 55 12 55 23 40 22 92 85 57 77 28 24 45 62 66 0 29 42 10 26 57 18 38 70 32 50 92 65 6 67 34 141 126 112 99 87 78 71 69 70 76 135 119 104 90 77 66 58 55 57 64 130 113 97 82 67 55 45 41 44 53 126 109 92 76 60 45 33 27 32 43 124 106 89 72 55 39 23 13 21 36 123 106 88 71 54 36 19 2 17 34 124 107 90 73 56 39 24 15 22 37 126 110 93 77 61 46 35 29 33 44 130 114 98 83 69 56 47 43 46 54 136 120 105 91 78 67 60 57 59 66
26 18 74 70 21 29 58 28 23 71 18 77 48 18 44 101 94 57 85 51 16 68 81 68 29 0 60 23 27 74 24 63 87 4 69 100 72 26 76 52 146 129 113 98 83 69 57 48 45 48 142 125 108 92 76 61 47 36 31 36 140 122 105 88 71 55 39 24 17 25 139 121 104 87 69 52 35 18 4 18 139 122 104 87 70 53 36 21 11 21 141 124 107 90 74 58 43 30 25 31 144 127 111 95 79 65 52 42 39 42 148 132 117 101 87 74 63 55 52 55 154 138 124 109 96 84 75 68 66 68 160 146 132 118 106 96 87 82 80 82
65 58 19 36 42 62 5 48 40 13 46 19 24 77 21 53 48 38 41 16 64 15 22 40 42 60 0 51 36 16 37 22 28 62 9 55 33 40 31 9 104 91 80 71 66 65 68 76 86 98 96 82 69 58 52 51 55 64 76 90 89 74 59 47 38 37 43 54 68 83 85 68 52 37 25 23 32 46 62 78 82 65 48 31 15 10 25 41 58 76 82 65 47 30 14 9 24 41 58 75 84 67 51 36 24 21 31 45 61 78 89 73 58 45 37 35 41 53 67 82 95 81 67 57 50 49 53 63 75 89 103 90 78 69 64 63 66 74 84 97
15 9 68 72 15 13 47 6 29 63 11 64 32 32 31 100 93 62 85 38 15 54 72 72 10 23 51 0 30 66 22 47 79 27 59 100 73 12 75 43 148 133 118 104 92 81 72 67 67 71 142 127 111 96 82 70 60 54 53 58 138 121 105 89 74 60 48 40 40 46 135 118 101 84 68 52 38 27 26 35 133 115 98 81 64 47 30 16 13 27 132 115 98 80 63 46 28 11 8 25 133 116 99 82 65 49 33 20 18 30 136 119 102 86 70 55 42 33 32 39 140 123 107 92 77 64 53 46 45 51 145 129 114 99 86 74 65 59 59 63
42 33 48 44 16 42 34 31 5 46 19 54 33 44 26 75 68 33 59 31 36 47 57 43 26 27 36 30 0 48 9 46 62 27 45 74 46 21 50 29 121 105 90 75 62 52 46 46 52 63 117 100 84 68 53 40 32 33 41 54 114 96 79 63 46 31 19 20 32 48 112 95 78 60 43 26 9 10 27 45 113 96 78 61 44 28 14 15 29 46 115 98 82 65 50 36 26 27 37 51 119 103 87 72 58 47 40 40 47 59 124 109 94 80 68 59 53 54 59 69 131 116 103 90 79 71 67 67 72 80 139 125 112 101 91 85 81 81 85 91
81 73 5 30 56 78 20 64 52 3 60 20 39 90 37 39 35 38 28 31 79 23 11 36 57 74 16 66 48 0 51 33 14 75 12 42 25 55 21 24 90 78 68 62 60 63 71 81 94 108 81 68 56 48 46 50 59 72 86 101 74 59 45 35 32 38 50 64 79 95 69 53 37 23 18 27 42 58 75 92 67 50 32 15 5 21 38 56 73 90 68 51 34 18 11 23 40 56 73 91 71 55 41 29 25 32 45 61 77 93 77 63 50 42 39 44 54 67 82 98 85 72 62 55 53 57 65 76 89 104 95 83 74 69 67 70 77 86 98 112
35 26 52 51 8 34 34 23 10 48 12 54 28 40 22 80 74 41 65 28 30 45 58 51 18 24 37 22 9 51 0 42 64 25 46 80 53 13 55 29 128 112 97 83 71 61 54 53 57 66 123 107 91 75 61 49 41 39 45 55 119 102 86 69 53 39 28 25 34 47 117 100 83 65 48 32 17 12 25 42 117 99 82 65 47 30 13 7 23 40 118 101 84 67 50 35 22 18 29 44 121 104 88 72 57 43 34 32 39 51 125 109 94 79 65 54 47 46 50 60 131 116 101 88 76 66 60 59 63 71 138 123 110 98 87 79 74 73 76 83
60 55 38 57 43 55 19 42 49 31 46 21 16 77 20 72 67 57 61 15 62 11 32 61 38 63 22 47 46 33 42 0 41 66 22 74 54 39 52 22 123 111 100 92 87 84 85 90 98 107 113 100 89 79 73 70 72 77 86 97 105 91 78 67 60 56 58 65 75 88 98 83 69 56 47 42 45 54 66 80 93 77 61 46 34 28 32 44 58 73 90 73 56 39 24 15 21 36 53 69 89 71 54 37 20 2 16 33 51 68 90 73 56 39 24 15 21 36 53 69 93 77 61 46 34 28 32 43 58 73 98 83 69 56 47 42 45 54 66 80
93 86 15 39 69 90 32 76 66 17 73 22 50 104 48 35 33 49 30 42 92 30 9 45 70 87 28 79 62 14 64 41 0 88 21 39 32 68 27 37 84 75 68 65 67 73 82 93 107 121 74 63 54 51 53 60 71 85 99 114 65 52 41 37 40 49 62 77 93 109 58 43 30 23 28 40 55 72 88 105 54 37 21 9 18 35 52 69 86 103 54 37 20 7 17 34 51 68 86 103 58 42 28 21 26 39 55 71 88 105 64 50 40 35 38 48 61 76 92 108 73 61 52 49 51 59 70 83 98 113 83 73 66 63 65 71 80 92 106 120
29 22 75 69 23 33 59 32 23 72 21 79 51 18 46 100 93 56 85 53 19 70 83 67 32 4 62 27 27 75 25 66 88 0 71 100 72 29 76 53 145 128 112 96 81 66 54 45 41 45 141 124 107 91 74 59 44 32 27 33 139 122 105 88 71 54 37 22 14 23 139 121 104 87 69 52 35 17 1 18 139 122 105 88 71 54 38 23 15 23 141 125 108 91 75 59 45 33 29 34 145 129 112 96 81 67 55 46 42 46 150 134 118 103 89 77 66 59 56 59 156 140 126 112 99 87 78 72 70 72 162 148 134 121 109 99 91 85 84 85
73 66 16 39 50 70 12 55 49 10 54 11 29 85 28 50 46 43 40 22 72 12 13 44 50 69 9 59 45 12 46 22 21 71 0 53 34 48 31 18 101 89 79 72 69 70 75 84 94 107 92 79 67 59 55 56 63 73 85 99 84 70 57 46 41 43 51 63 77 92 78 62 47 35 27 30 41 55 71 87 75 58 41 25 14 19 33 50 67 84 74 57 39 22 5 14 31 48 66 83 75 59 42 27 17 21 35 51 67 84 80 64 49 37 30 33 43 57 72 88 86 72 59 49 44 46 54 65 79 94 94 81 70 62 58 60 65 75 87 101
114 105 37 31 87 113 59 99 77 44 91 59 78 117 74 6 8 45 16 70 110 64 46 35 92 100 55 100 74 42 80 74 39 100 53 0 28 89 26 61 50 37 29 31 41 55 70 86 103 120 43 27 16 19 33 49 66 83 100 117 40 23 6 13 30 47 64 82 99 116 43 27 15 19 33 49 66 83 100 117 49 37 29 31 41 55 70 86 103 120 59 48 43 44 52 63 77 92 107 124 70 61 57 58 64 73 85 99 114 129 82 75 71 72 76 85 95 107 121 135 94 88 85 86 90 97 106 117 130 143 107 102 99 100 103 109 117 127 139 152
87 78 21 7 59 85 36 72 50 26 64 44 54 89 49 29 22 20 13 46 82 45 34 13 65 72 33 73 46 25 53 54 32 72 34 28 0 62 7 36 76 61 48 39 36 41 51 65 80 96 71 54 39 26 22 29 43 59 75 92 68 51 34 17 8 21 38 55 72 90 68 51 34 17 8 21 38 55 72 90 71 54 39 26 22 29 43 59 75 92 76 61 48 39 35 40 51 65 80 96 84 70 59 52 49 53 62 73 87 102 93 81 72 65 63 66 73 83 95 109 103 93 84 79 77 80 86 94 105 117 114 105 97 93 92 93 98 106 116 127
26 18 57 61 7 24 37 11 22 53 8 54 24 39 21 89 82 52 74 28 24 45 61 61 6 26 40 12 21 55 13 39 68 29 48 89 62 0 64 32 137 122 108 94 82 73 66 64 66 72 131 116 100 86 72 61 53 50 53 61 127 110 94 78 63 50 40 36 40 50 123 106 90 73 57 41 28 22 28 41 122 104 87 70 53 36 19 8 20 36 122 104 87 70 53 35 19 6 19 36 123 106 89 72 56 40 27 20 27 40 126 110 93 77 62 49 38 34 38 49 131 115 99 85 71 59 51 48 51 59 137 121 107 93 81 71 64 62 64 71
89 80 16 13 62 87 35 73 53 22 66 40 53 93 49 25 19 26 10 45 85 43 30 19 67 76 31 75 50 21 55 52 27 76 31 26 7 64 0 36 75 61 49 42 41 47 57 71 86 101 68 53 39 28 27 35 49 64 80 97 64 47 31 16 14 27 43 60 77 94 63 46 29 12 8 25 42 59 76 94 65 49 33 20 18 30 45 61 78 95 70 55 42 33 32 39 52 66 82 98 78 64 53 46 46 51 61 74 88 103 87 75 66 60 59 64 72 83 96 110 97 87 79 74 73 77 84 93 105 118 108 99 92 88 87 90 96 105 115 127
57 50 27 38 33 54 6 40 33 21 37 26 18 68 13 60 54 36 46 10 55 19 30 41 34 52 9 43 29 24 29 22 37 53 18 61 36 32 36 0 110 96 84 74 66 63 64 70 79 91 103 88 74 62 53 49 51 58 69 82 97 81 66 52 41 35 38 47 60 75 93 76 59 44 30 21 25 38 53 70 90 73 56 39 22 8 16 33 50 67 90 73 56 39 22 8 16 33 50 67 93 76 60 44 30 22 26 38 54 70 97 81 66 52 41 36 38 48 60 75 103 88 74 63 54 50 51 59 69 83 111 97 85 74 67 64 65 71 80 91
162 153 86 77 135 161 108 147 124 93 139 106 127 162 123 52 57 89 65 119 157 112 92 79 141 146 104 148 121 90 128 123 84 145 101 50 76 137 75 110 0 18 35 52 70 87 104 122 139 156 15 23 38 54 71 88 105 122 140 157 29 34 45 60 75 91 108 125 142 159 43 47 55 68 82 97 113 129 145 162 58 60 67 77 90 104 119 134 150 166 72 74 80 88 99 112 126 140 156 171 86 88 93 100 110 122 134 148 162 177 100 102 106 112 121 132 144 156 170 184 115 116 119 125 133 143 154 166 179 192 129 130 133 138 145 154 164 176 188 201
147 137 74 62 119 146 95 132 108 80 124 95 114 146 109 40 44 73 51 106 141 101 82 63 126 129 91 133 105 78 112 111 75 128 89 37 61 122 61 96 18 0 18 35 52 70 87 104 122 139 23 15 23 38 54 71 88 105 122 140 34 29 34 45 60 75 91 108 125 142 47 43 46 55 67 82 97 112 129 145 60 57 60 67 77 90 104 118 134 150 74 72 73 79 88 99 112 126 140 155 88 86 87 92 100 110 121 134 148 162 102 100 101 105 112 121 131 143 156 170 116 114 115 119 125 133 142 153 165 178 130 128 129 132 138 145 154 164 175 187
132 122 64 47 105 131 83 118 92 70 108 87 101 129 96 34 35 57 40 93 125 91 74 47 112 113 80 118 90 68 97 100 68 112 79 29 48 108 49 84 35 18 0 18 35 52 70 87 104 122 38 23 15 23 38 54 71 88 105 122 45 34 29 34 45 60 75 91 108 125 55 46 43 46 55 67 81 97 112 129 67 60 57 60 67 77 90 104 118 134 80 73 71 73 79 88 99 112 126 140 93 87 85 87 92 99 109 121 134 148 106 101 99 101 105 112 121 131 143 156 119 115 114 115 118 124 132 142 153 165 133 129 128 129 132 137 144 153 163 175
117 108 57 36 90 117 74 105 77 63 94 81 91 113 85 37 34 43 35 83 110 84 70 34 99 98 71 104 75 62 83 92 65 96 72 31 39 94 42 74 52 35 18 0 18 35 52 70 87 104 54 38 23 15 23 38 54 71 88 105 60 45 34 29 33 45 59 75 91 108 68 55 46 43 46 55 67 81 97 112 77 67 60 57 59 66 77 89 103 118 88 79 73 71 73 79 88 99 112 125 100 92 87 85 87 91 99 109 121 134 112 105 101 99 100 105 111 120 131 143 125 119 115 113 114 118 124 132 141 152 138 132 129 127 128 131 137 144 153 163
104 94 56 31 78 104 68 93 64 61 81 79 83 98 76 46 41 32 38 76 96 79 70 26 87 83 66 92 62 60 71 87 67 81 69 41 36 82 41 66 70 52 35 18 0 18 35 52 70 87 71 54 38 23 15 23 38 54 71 88 75 60 45 33 29 33 45 59 75 91 82 67 55 46 43 46 55 67 81 96 90 77 67 59 57 59 66 77 89 103 99 88 79 73 71 73 78 87 99 111 110 100 92 87 85 86 91 99 109 120 121 112 105 100 99 100 104 111 120 130 133 125 118 114 113 114 117 123 131 141 145 138 132 128 127 127 131 136 143 152
91 82 60 35 67 93 66 83 52 63 70 81 77 83 71 59 53 27 48 71 83 79 74 28 78 69 65 81 52 63 61 84 73 66 70 55 41 73 47 63 87 70 52 35 18 0 18 35 52 70 88 71 54 38 23 14 23 38 54 71 91 75 60 45 33 28 33 45 59 75 97 82 67 55 46 42 46 55 67 81 104 90 77 66 59 56 59 66 76 89 112 99 88 79 73 70 72 78 87 98 122 110 99 91 86 84 86 91 98 108 132 121 112 105 100 98 99 104 110 119 143 133 124 118 114 112 113 117 123 131 154 145 137 131 127 126 127 130 135 143
81 72 68 45 60 83 69 75 45 70 62 86 76 69 69 74 67 33 61 71 72 82 81 39 71 57 68 72 46 71 54 85 82 54 75 70 51 66 57 64 104 87 70 52 35 18 0 18 35 52 105 88 71 54 38 23 14 23 38 54 108 91 75 59 45 33 28 33 45 59 113 97 81 67 55 46 42 46 54 67 119 104 90 77 66 59 56 59 66 76 126 112 99 88 78 72 70 72 78 87 134 121 109 99 91 86 84 85 90 98 144 131 121 111 104 99 98 99 103 110 154 142 132 124 117 113 112 113 116 122 164 154 144 137 131 127 125 126 130 135
73 65 79 59 57 76 75 71 44 80 58 94 78 57 72 90 83 46 76 76 64 89 92 54 69 48 76 67 46 81 53 90 93 45 84 86 65 64 71 70 122 104 87 70 52 35 18 0 18 35 122 105 88 71 54 38 23 14 23 38 125 108 91 75 59 45 33 28 33 45 129 112 97 81 67 55 46 42 45 54 134 118 104 89 77 66 59 56 58 65 140 126 112 99 87 78 72 70 72 77 148 134 121 109 99 91 85 83 85 90 156 143 131 120 111 104 99 97 99 103 166 153 142 132 123 117 113 111 112 116 176 164 153 144 136 130 126 125 126 129
69 63 92 75 59 73 85 72 49 92 59 105 84 48 78 106 99 60 92 83 59 98 104 70 70 45 86 67 52 94 57 98 107 41 94 103 80 66 86 79 139 122 104 87 70 52 35 18 0 18 140 122 105 88 71 54 38 23 14 23 142 125 108 91 75 59 45 33 28 33 145 129 112 97 81 67 54 45 42 45 150 134 118 103 89 76 66 58 55 58 156 140 126 112 99 87 78 72 69 71 162 148 134 121 109 98 90 85 83 85 170 156 143 131 120 110 103 99 97 98 179 165 153 141 131 123 116 112 110 112 188 175 163 153 143 135 130 126 124 125
69 65 107 91 66 74 97 76 59 106 64 117 93 45 88 122 115 76 108 93 60 110 117 86 76 48 98 71 63 108 66 107 121 45 107 120 96 72 101 91 156 139 122 104 87 70 52 35 18 0 157 140 122 105 88 71 54 38 23 14 159 142 125 108 91 75 59 45 33 28 162 145 129 112 96 81 67 54 45 42 166 150 134 118 103 89 76 65 58 55 171 155 140 125 111 98 87 77 71 69 177 162 148 134 120 108 98 90 85 83 184 170 156 143 130 119 110 103 98 96 192 178 165 152 141 131 122 116 112 110 201 187 175 163 152 143 135 129 125 124
157 148 77 73 130 155 100 141 119 84 134 95 119 159 116 44 50 86 58 111 152 103 82 75 135 142 96 142 117 81 123 113 74 141 92 43 71 131 68 103 15 23 38 54 71 88 105 122 140 157 0 18 35 52 70 87 104 122 139 156 15 23 38 54 71 88 105 122 140 157 29 34 45 60 75 91 108 125 142 159 43 47 55 68 82 97 113 129 145 162 58 60 67 77 90 104 119 134 150 166 72 74 80 88 99 112 126 140 156 171 86 88 93 100 110 122 134 148 162 177 100 102 106 112 121 132 144 156 170 184 115 116 119 125 133 143 154 166 179 192
141 132 64 56 113 139 86 125 103 70 118 84 105 142 101 29 34 69 43 97 136 90 70 58 119 125 82 127 100 68 107 100 63 124 79 27 54 116 53 88 23 15 23 38 54 71 88 105 122 140 18 0 18 35 52 70 87 104 122 139 23 15 23 38 54 71 88 105 122 140 34 29 34 45 60 75 91 108 125 142 47 43 46 55 67 82 97 112 129 145 60 57 60 67 77 90 104 118 134 150 74 72 73 79 88 99 112 126 140 155 88 86 87 92 100 110 121 134 148 162 102 100 101 105 112 121 131 143 156 170 116 114 115 119 125 133 142 153 165 178
125 116 52 40 98 124 73 110 86 58 102 74 91 125 87 20 22 52 29 83 119 79 61 41 104 108 69 111 84 56 91 89 54 107 67 16 39 100 39 74 38 23 15 23 38 54 71 88 105 122 35 18 0 18 35 52 70 87 104 122 38 23 15 23 38 54 71 88 105 122 45 34 29 34 45 60 75 91 108 125 55 46 43 46 55 67 81 97 112 129 67 60 57 60 67 77 90 104 118 134 80 73 71 73 79 88 99 112 126 140 93 87 85 87 92 99 109 121 134 148 106 101 99 101 105 112 121 131 143 156 119 115 114 115 118 124 132 142 153 165
109 100 44 25 82 109 62 96 70 50 86 67 79 108 74 24 20 36 21 72 104 70 56 25 90 92 58 96 68 48 75 79 51 91 59 19 26 86 28 62 54 38 23 15 23 38 54 71 88 105 52 35 18 0 18 35 52 70 87 104 54 38 23 15 23 38 54 71 88 105 60 45 34 29 33 45 59 75 91 108 68 55 46 43 46 55 67 81 97 112 77 67 60 57 59 66 77 89 103 118 88 79 73 71 73 79 88 99 112 125 100 92 87 85 87 91 99 109 121 134 112 105 101 99 100 105 111 120 131 143 125 119 115 113 114 118 124 132 141 152
95 86 42 17 68 95 55 83 55 47 72 65 70 92 64 37 31 21 26 63 88 66 56 13 77 76 52 82 53 46 61 73 53 74 55 33 22 72 27 53 71 54 38 23 15 23 38 54 71 88 70 52 35 18 0 18 35 52 70 87 71 54 38 23 15 23 38 54 71 88 75 60 45 33 29 33 45 59 75 91 82 67 55 46 43 46 55 67 81 96 90 77 67 59 57 59 66 77 89 103 99 88 79 73 71 73 78 87 99 111 110 100 92 87 85 86 91 99 109 120 121 112 105 100 99 100 104 111 120 130 133 125 118 114 113 114 117 123 131 141
81 72 47 23 56 82 52 71 41 50 59 67 64 76 57 52 45 14 39 58 74 65 61 17 66 61 51 70 40 50 49 70 60 59 56 49 29 61 35 49 88 71 54 38 23 14 23 38 54 71 87 70 52 35 18 0 18 35 52 70 88 71 54 38 23 14 23 38 54 71 91 75 60 45 33 28 33 45 59 75 97 82 67 55 46 42 46 55 67 81 104 90 77 66 59 56 59 66 76 89 112 99 88 79 73 70 72 78 87 98 122 110 99 91 86 84 86 91 98 108 132 121 112 105 100 98 99 104 110 119 143 133 124 118 114 112 113 117 123 131
70 60 57 38 47 71 55 62 32 58 49 73 62 61 55 69 62 24 54 58 61 69 70 32 58 47 55 60 32 59 41 72 71 44 63 66 43 53 49 51 105 88 71 54 38 23 14 23 38 54 104 87 70 52 35 18 0 18 35 52 105 88 71 54 38 23 14 23 38 54 108 91 75 59 45 33 28 33 45 59 113 97 81 67 55 46 42 46 54 67 119 104 90 77 66 59 56 59 66 76 126 112 99 88 78 72 70 72 78 87 134 121 109 99 91 86 84 85 90 98 144 131 121 111 104 99 98 99 103 110 154 142 132 124 117 113 112 113 116 122
61 52 70 54 43 63 64 58 30 70 44 83 65 47 58 85 78 39 71 63 51 77 82 49 55 36 64 54 33 72 39 77 85 32 73 83 59 50 64 58 122 105 88 71 54 38 23 14 23 38 122 104 87 70 52 35 18 0 18 35 122 105 88 71 54 38 23 14 23 38 125 108 91 75 59 45 33 28 33 45 129 112 97 81 67 55 46 42 45 54 134 118 104 89 77 66 59 56 58 65 140 126 112 99 87 78 72 70 72 77 148 134 121 109 99 91 85 83 85 90 156 143 131 120 111 104 99 97 99 103 166 153 142 132 123 117 113 111 112 116
56 49 85 70 46 60 75 58 37 84 45 95 72 36 66 102 95 56 87 72 46 88 95 66 57 31 76 53 41 86 45 86 99 27 85 100 75 53 80 69 140 122 105 88 71 54 38 23 14 23 139 122 104 87 70 52 35 18 0 18 140 122 105 88 71 54 38 23 14 23 142 125 108 91 75 59 45 33 28 33 145 129 112 97 81 67 54 45 42 45 150 134 118 103 89 76 66 58 55 58 156 140 126 112 99 87 78 72 69 71 162 148 134 121 109 98 90 85 83 85 170 156 143 131 120 110 103 99 97 98 179 165 153 141 131 123 116 112 110 112
56 52 100 87 55 61 88 63 50 98 53 108 82 32 77 119 112 73 104 83 47 100 110 83 64 36 90 58 54 101 55 97 114 33 99 117 92 61 97 82 157 140 122 105 88 71 54 38 23 14 156 139 122 104 87 70 52 35 18 0 157 140 122 105 88 71 54 38 23 14 159 142 125 108 91 75 59 45 33 28 162 145 129 112 96 81 67 54 45 42 166 150 134 118 103 89 76 65 58 55 171 155 140 125 111 98 87 77 71 69 177 162 148 134 120 108 98 90 85 83 184 170 156 143 130 119 110 103 98 96 192 178 165 152 141 131 122 116 112 110
152 144 71 71 126 150 93 136 117 77 130 86 112 157 110 39 46 85 55 105 148 94 73 75 130 140 89 138 114 74 119 105 65 139 84 40 68 127 64 97 29 34 45 60 75 91 108 125 142 159 15 23 38 54 71 88 105 122 140 157 0 18 35 52 70 87 104 122 139 156 15 23 38 54 71 88 105 122 140 157 29 34 45 60 75 91 108 125 142 159 43 47 55 68 82 97 113 129 145 162 58 60 67 77 90 104 119 134 150 166 72 74 80 88 99 112 126 140 156 171 86 88 93 100 110 122 134 148 162 177 100 102 106 112 121 132 144 156 170 184
136 127 55 54 109 134 78 120 100 62 113 73 97 139 94 22 29 68 38 89 131 80 60 57 113 122 74 121 96 59 102 91 52 122 70 23 51 110 47 81 34 29 34 45 60 75 91 108 125 142 23 15 23 38 54 71 88 105 122 140 18 0 18 35 52 70 87 104 122 139 23 15 23 38 54 71 88 105 122 140 34 29 34 45 60 75 91 108 125 142 47 43 46 55 67 82 97 112 129 145 60 57 60 67 77 90 104 118 134 150 74 72 73 79 88 99 112 126 140 155 88 86 87 92 100 110 121 134 148 162 102 100 101 105 112 121 131 143 156 170
119 110 41 36 92 118 63 104 83 48 97 62 82 122 79 7 12 51 21 74 115 68 49 40 97 105 59 105 79 45 86 78 41 105 57 6 34 94 31 66 45 34 29 34 45 60 75 91 108 125 38 23 15 23 38 54 71 88 105 122 35 18 0 18 35 52 70 87 104 122 38 23 15 23 38 54 71 88 105 122 45 34 29 34 45 60 75 91 108 125 55 46 43 46 55 67 81 97 112 129 67 60 57 60 67 77 90 104 118 134 80 73 71 73 79 88 99 112 126 140 93 87 85 87 92 99 109 121 134 148 106 101 99 101 105 112 121 131 143 156
103 94 31 19 76 102 51 88 66 37 80 54 69 105 64 15 8 33 7 61 98 58 42 23 82 88 47 89 63 35 69 67 37 88 46 13 17 78 16 52 60 45 34 29 33 45 59 75 91 108 54 38 23 15 23 38 54 71 88 105 52 35 18 0 18 35 52 70 87 104 54 38 23 15 23 38 54 71 88 105 60 45 34 29 33 45 59 75 91 108 68 55 46 43 46 55 67 81 97 112 77 67 60 57 59 66 77 89 103 118 88 79 73 71 73 79 88 99 112 125 100 92 87 85 87 91 99 109 121 134 112 105 101 99 100 105 111 120 131 143
88 78 28 3 60 87 41 74 49 33 64 51 58 88 52 32 25 16 17 50 82 52 42 6 67 71 38 74 46 32 53 60 40 71 41 30 8 63 14 41 75 60 45 33 29 33 45 59 75 91 71 54 38 23 15 23 38 54 71 88 70 52 35 18 0 18 35 52 70 87 71 54 38 23 15 23 38 54 71 88 75 60 45 33 29 33 45 59 75 91 82 67 55 46 43 46 55 67 81 96 90 77 67 59 57 59 66 77 89 103 99 88 79 73 71 73 78 87 99 111 110 100 92 87 85 86 91 99 109 120 121 112 105 100 99 100 104 111 120 130
73 63 35 17 46 72 38 60 33 37 50 54 50 71 44 49 42 3 34 44 66 51 49 13 55 55 37 60 31 38 39 56 49 54 43 47 21 50 27 35 91 75 60 45 33 28 33 45 59 75 88 71 54 38 23 14 23 38 54 71 87 70 52 35 18 0 18 35 52 70 88 71 54 38 23 14 23 38 54 71 91 75 60 45 33 28 33 45 59 75 97 82 67 55 46 42 46 55 67 81 104 90 77 66 59 56 59 66 76 89 112 99 88 79 73 70 72 78 87 98 122 110 99 91 86 84 86 91 98 108 132 121 112 105 100 98 99 104 110 119
59 50 48 34 34 60 43 50 19 48 37 62 48 55 41 66 59 20 51 44 52 56 60 30 45 39 43 48 19 50 28 58 62 37 51 64 38 40 43 38 108 91 75 59 45 33 28 33 45 59 105 88 71 54 38 23 14 23 38 54 104 87 70 52 35 18 0 18 35 52 105 88 71 54 38 23 14 23 38 54 108 91 75 59 45 33 28 33 45 59 113 97 81 67 55 46 42 46 54 67 119 104 90 77 66 59 56 59 66 76 126 112 99 88 78 72 70 72 78 87 134 121 109 99 91 86 84 85 90 98 144 131 121 111 104 99 98 99 103 110
48 40 63 51 29 50 53 44 17 62 30 73 52 39 46 83 76 37 68 51 39 66 73 48 41 24 54 40 20 64 25 65 77 22 63 82 55 36 60 47 125 108 91 75 59 45 33 28 33 45 122 105 88 71 54 38 23 14 23 38 122 104 87 70 52 35 18 0 18 35 122 105 88 71 54 38 23 14 23 38 125 108 91 75 59 45 33 28 33 45 129 112 97 81 67 55 46 42 45 54 134 118 104 89 77 66 59 56 58 65 140 126 112 99 87 78 72 70 72 77 148 134 121 109 99 91 85 83 85 90 156 143 131 120 111 104 99 97 99 103
42 35 79 68 34 46 66 45 28 77 32 86 61 25 56 101 93 54 85 61 32 78 88 65 44 17 68 40 32 79 34 75 93 14 77 99 72 40 77 60 142 125 108 91 75 59 45 33 28 33 140 122 105 88 71 54 38 23 14 23 139 122 104 87 70 52 35 18 0 18 140 122 105 88 71 54 38 23 14 23 142 125 108 91 75 59 45 33 28 33 145 129 112 97 81 67 54 45 42 45 150 134 118 103 89 76 66 58 55 58 156 140 126 112 99 87 78 72 69 71 162 148 134 121 109 98 90 85 83 85 170 156 143 131 120 110 103 99 97 98
42 39 95 86 45 48 81 51 44 93 42 100 73 18 68 118 111 72 102 75 33 92 104 82 53 25 83 46 48 95 47 88 109 23 92 116 90 50 94 75 159 142 125 108 91 75 59 45 33 28 157 140 122 105 88 71 54 38 23 14 156 139 122 104 87 70 52 35 18 0 157 140 122 105 88 71 54 38 23 14 159 142 125 108 91 75 59 45 33 28 162 145 129 112 96 81 67 54 45 42 166 150 134 118 103 89 76 65 58 55 171 155 140 125 111 98 87 77 71 69 177 162 148 134 120 108 98 90 85 83 184 170 156 143 130 119 110 103 98 96
149 141 67 72 123 146 89 132 116 72 127 79 107 156 105 40 47 87 55 100 146 88 67 76 126 139 85 135 112 69 117 98 58 139 78 43 68 123 63 93 43 47 55 68 82 97 113 129 145 162 29 34 45 60 75 91 108 125 142 159 15 23 38 54 71 88 105 122 140 157 0 18 35 52 70 87 104 122 139 156 15 23 38 54 71 88 105 122 140 157 29 34 45 60 75 91 108 125 142 159 43 47 55 68 82 97 113 129 145 162 58 60 67 77 90 104 119 134 150 166 72 74 80 88 99 112 126 140 156 171 86 88 93 100 110 122 134 148 162 177
132 124 50 55 106 130 72 115 98 55 110 64 91 138 89 23 30 70 38 83 129 72 51 60 109 121 68 118 95 53 100 83 43 121 62 27 51 106 46 76 47 43 46 55 67 82 97 112 129 145 34 29 34 45 60 75 91 108 125 142 23 15 23 38 54 71 88 105 122 140 18 0 18 35 52 70 87 104 122 139 23 15 23 38 54 71 88 105 122 140 34 29 34 45 60 75 91 108 125 142 47 43 46 55 67 82 97 112 129 145 60 57 60 67 77 90 104 118 134 150 74 72 73 79 88 99 112 126 140 155 88 86 87 92 100 110 121 134 148 162
115 107 33 38 89 113 56 98 81 39 93 51 75 121 72 10 15 53 21 67 112 58 38 43 92 104 52 101 78 37 83 69 30 104 47 15 34 90 29 59 55 46 43 46 55 67 81 97 112 129 45 34 29 34 45 60 75 91 108 125 38 23 15 23 38 54 71 88 105 122 35 18 0 18 35 52 70 87 104 122 38 23 15 23 38 54 71 88 105 122 45 34 29 34 45 60 75 91 108 125 55 46 43 46 55 67 81 97 112 129 67 60 57 60 67 77 90 104 118 134 80 73 71 73 79 88 99 112 126 140 93 87 85 87 92 99 109 121 134 148
98 90 19 23 72 96 41 82 64 26 76 41 60 104 57 17 12 37 8 52 95 46 28 28 76 87 37 84 60 23 65 56 23 87 35 19 17 73 12 44 68 55 46 43 46 55 67 81 97 112 60 45 34 29 33 45 59 75 91 108 54 38 23 15 23 38 54 71 88 105 52 35 18 0 18 35 52 70 87 104 54 38 23 15 23 38 54 71 88 105 60 45 34 29 33 45 59 75 91 108 68 55 46 43 46 55 67 81 97 112 77 67 60 57 59 66 77 89 103 118 88 79 73 71 73 79 88 99 112 125 100 92 87 85 87 91 99 109 121 134
82 73 14 12 55 80 29 66 47 19 59 37 47 86 42 32 26 22 17 39 78 38 28 18 60 69 25 68 43 18 48 47 28 69 27 33 8 57 8 30 82 67 55 46 43 46 55 67 81 96 75 60 45 33 29 33 45 59 75 91 71 54 38 23 15 23 38 54 71 88 70 52 35 18 0 18 35 52 70 87 71 54 38 23 15 23 38 54 71 88 75 60 45 33 29 33 45 59 75 91 82 67 55 46 43 46 55 67 81 96 90 77 67 59 57 59 66 77 89 103 99 88 79 73 71 73 78 87 99 111 110 100 92 87 85 86 91 99 109 120
66 57 26 20 39 65 24 51 29 26 43 41 37 69 31 49 43 16 34 30 61 38 38 21 45 52 23 52 26 27 32 42 40 52 30 49 21 41 25 21 97 82 67 55 46 42 46 55 67 81 91 75 60 45 33 28 33 45 59 75 88 71 54 38 23 14 23 38 54 71 87 70 52 35 18 0 18 35 52 70 88 71 54 38 23 14 23 38 54 71 91 75 60 45 33 28 33 45 59 75 97 82 67 55 46 42 46 55 67 81 104 90 77 66 59 56 59 66 76 89 112 99 88 79 73 70 72 78 87 98 122 110 99 91 86 84 86 91 98 108
51 41 42 36 24 50 31 38 12 40 28 51 34 52 27 66 59 25 51 31 45 44 51 35 33 35 32 38 9 42 17 45 55 35 41 66 38 28 42 25 113 97 81 67 55 46 42 46 54 67 108 91 75 59 45 33 28 33 45 59 105 88 71 54 38 23 14 23 38 54 104 87 70 52 35 18 0 18 35 52 105 88 71 54 38 23 14 23 38 54 108 91 75 59 45 33 28 33 45 59 113 97 81 67 55 46 42 46 54 67 119 104 90 77 66 59 56 59 66 76 126 112 99 88 78 72 70 72 78 87 134 121 109 99 91 86 84 85 90 98
37 28 58 53 15 38 44 30 6 56 17 64 40 35 34 84 77 40 68 39 30 56 67 51 27 18 46 27 10 58 12 54 72 17 55 83 55 22 59 38 129 112 97 81 67 55 46 42 45 54 125 108 91 75 59 45 33 28 33 45 122 105 88 71 54 38 23 14 23 38 122 104 87 70 52 35 18 0 18 35 122 105 88 71 54 38 23 14 23 38 125 108 91 75 59 45 33 28 33 45 129 112 97 81 67 55 46 42 45 54 134 118 104 89 77 66 59 56 58 65 140 126 112 99 87 78 72 70 72 77 148 134 121 109 99 91 85 83 85 90
29 21 75 69 23 32 59 31 24 72 20 79 51 18 46 101 94 56 85 53 19 70 83 67 32 4 62 26 27 75 25 66 88 1 71 100 72 28 76 53 145 129 112 97 81 67 54 45 42 45 142 125 108 91 75 59 45 33 28 33 140 122 105 88 71 54 38 23 14 23 139 122 104 87 70 52 35 18 0 18 140 122 105 88 71 54 38 23 14 23 142 125 108 91 75 59 45 33 28 33 145 129 112 97 81 67 54 45 42 45 150 134 118 103 89 76 66 58 55 58 156 140 126 112 99 87 78 72 69 71 162 148 134 121 109 98 90 85 83 85
29 27 92 87 38 35 75 41 41 89 34 94 65 4 61 118 111 73 102 68 21 85 99 84 43 18 78 35 45 92 42 80 105 18 87 117 90 41 94 70 162 145 129 112 96 81 67 54 45 42 159 142 125 108 91 75 59 45 33 28 157 140 122 105 88 71 54 38 23 14 156 139 122 104 87 70 52 35 18 0 157 140 122 105 88 71 54 38 23 14 159 142 125 108 91 75 59 45 33 28 162 145 129 112 96 81 67 54 45 42 166 150 134 118 103 89 76 65 58 55 171 155 140 125 111 98 87 77 71 69 177 162 148 134 120 108 98 90 85 83
147 139 65 76 122 144 86 130 116 70 126 73 104 156 102 45 52 90 59 96 145 83 62 81 124 139 82 133 113 67 117 93 54 139 75 49 71 122 65 90 58 60 67 77 90 104 119 134 150 166 43 47 55 68 82 97 113 129 145 162 29 34 45 60 75 91 108 125 142 159 15 23 38 54 71 88 105 122 140 157 0 18 35 52 70 87 104 122 139 156 15 23 38 54 71 88 105 122 140 157 29 34 45 60 75 91 108 125 142 159 43 47 55 68 82 97 113 129 145 162 58 60 67 77 90 104 119 134 150 166 72 74 80 88 99 112 126 140 156 171
130 122 48 60 105 127 69 112 99 52 109 57 87 139 85 32 37 74 43 79 128 66 45 65 106 122 65 115 96 50 99 77 37 122 58 37 54 104 49 73 60 57 60 67 77 90 104 118 134 150 47 43 46 55 67 82 97 112 129 145 34 29 34 45 60 75 91 108 125 142 23 15 23 38 54 71 88 105 122 140 18 0 18 35 52 70 87 104 122 139 23 15 23 38 54 71 88 105 122 140 34 29 34 45 60 75 91 108 125 142 47 43 46 55 67 82 97 112 129 145 60 57 60 67 77 90 104 118 134 150 74 72 73 79 88 99 112 126 140 155
113 105 31 45 88 110 52 95 82 35 92 42 70 121 68 24 27 58 30 62 110 50 29 51 89 104 48 98 78 32 82 61 21 105 41 29 39 87 33 56 67 60 57 60 67 77 90 104 118 134 55 46 43 46 55 67 81 97 112 129 45 34 29 34 45 60 75 91 108 125 38 23 15 23 38 54 71 88 105 122 35 18 0 18 35 52 70 87 104 122 38 23 15 23 38 54 71 88 105 122 45 34 29 34 45 60 75 91 108 125 55 46 43 46 55 67 81 97 112 129 67 60 57 60 67 77 90 104 118 134 80 73 71 73 79 88 99 112 126 140
95 88 13 32 70 93 35 78 65 18 75 29 54 104 51 27 25 44 22 46 93 36 16 39 72 87 31 81 61 15 65 46 9 88 25 31 26 70 20 39 77 67 60 57 59 66 77 89 103 118 68 55 46 43 46 55 67 81 97 112 60 45 34 29 33 45 59 75 91 108 54 38 23 15 23 38 54 71 88 105 52 35 18 0 18 35 52 70 87 104 54 38 23 15 23 38 54 71 88 105 60 45 34 29 33 45 59 75 91 108 68 55 46 43 46 55 67 81 97 112 77 67 60 57 59 66 77 89 103 118 88 79 73 71 73 79 88 99 112 125
78 70 5 26 53 76 19 61 48 5 57 23 38 87 35 39 34 33 27 30 76 25 16 32 55 70 15 64 44 5 47 34 18 71 14 41 22 53 18 22 90 77 67 59 57 59 66 77 89 103 82 67 55 46 43 46 55 67 81 96 75 60 45 33 29 33 45 59 75 91 71 54 38 23 15 23 38 54 71 88 70 52 35 18 0 18 35 52 70 87 71 54 38 23 15 23 38 54 71 88 75 60 45 33 29 33 45 59 75 91 82 67 55 46 43 46 55 67 81 96 90 77 67 59 57 59 66 77 89 103 99 88 79 73 71 73 78 87 99 111
61 53 22 31 36 59 10 45 32 18 40 29 25 70 20 54 48 29 39 17 59 24 29 34 39 53 10 47 28 21 30 28 35 54 19 55 29 36 30 8 104 90 77 66 59 56 59 66 76 89 97 82 67 55 46 42 46 55 67 81 91 75 60 45 33 28 33 45 59 75 88 71 54 38 23 14 23 38 54 71 87 70 52 35 18 0 18 35 52 70 88 71 54 38 23 14 23 38 54 71 91 75 60 45 33 28 33 45 59 75 97 82 67 55 46 42 46 55 67 81 104 90 77 66 59 56 59 66 76 89 112 99 88 79 73 70 72 78 87 98
45 36 40 43 18 43 22 29 18 36 23 42 20 53 14 70 63 35 55 18 41 34 46 43 23 36 25 30 14 38 13 32 52 38 33 70 43 19 45 16 119 104 90 77 66 59 56 59 66 76 113 97 81 67 55 46 42 46 54 67 108 91 75 59 45 33 28 33 45 59 105 88 71 54 38 23 14 23 38 54 104 87 70 52 35 18 0 18 35 52 105 88 71 54 38 23 14 23 38 54 108 91 75 59 45 33 28 33 45 59 113 97 81 67 55 46 42 46 54 67 119 104 90 77 66 59 56 59 66 76 126 112 99 88 78 72 70 72 78 87
29 20 57 57 2 28 38 17 14 53 6 57 29 36 24 86 80 47 71 31 24 48 62 57 13 21 41 16 15 56 7 44 69 23 50 86 59 8 61 33 134 118 104 89 77 66 59 56 58 65 129 112 97 81 67 55 46 42 45 54 125 108 91 75 59 45 33 28 33 45 122 105 88 71 54 38 23 14 23 38 122 104 87 70 52 35 18 0 18 35 122 105 88 71 54 38 23 14 23 38 125 108 91 75 59 45 33 28 33 45 129 112 97 81 67 55 46 42 45 54 134 118 104 89 77 66 59 56 58 65 140 126 112 99 87 78 72 70 72 77
16 8 74 73 17 19 55 19 27 70 13 73 43 20 40 103 96 61 87 47 7 64 79 72 21 11 58 13 29 73 23 58 86 15 67 103 75 20 78 50 150 134 118 103 89 76 66 58 55 58 145 129 112 97 81 67 54 45 42 45 142 125 108 91 75 59 45 33 28 33 140 122 105 88 71 54 38 23 14 23 139 122 104 87 70 52 35 18 0 18 140 122 105 88 71 54 38 23 14 23 142 125 108 91 75 59 45 33 28 33 145 129 112 97 81 67 54 45 42 45 150 134 118 103 89 76 66 58 55 58 156 140 126 112 99 87 78 72 69 71
17 19 91 90 35 23 72 32 43 87 30 90 59 11 57 120 113 77 104 63 12 80 97 88 36 21 76 27 46 90 40 73 103 23 84 120 92 36 95 67 166 150 134 118 103 89 76 65 58 55 162 145 129 112 96 81 67 54 45 42 159 142 125 108 91 75 59 45 33 28 157 140 122 105 88 71 54 38 23 14 156 139 122 104 87 70 52 35 18 0 157 140 122 105 88 71 54 38 23 14 159 142 125 108 91 75 59 45 33 28 162 145 129 112 96 81 67 54 45 42 166 150 134 118 103 89 76 65 58 55 171 155 140 125 111 98 87 77 71 69
146 139 67 82 123 143 85 129 119 70 127 70 102 157 102 54 60 96 65 95 145 80 61 87 123 141 82 132 115 68 118 90 54 141 74 59 76 122 70 90 72 74 80 88 99 112 126 140 156 171 58 60 67 77 90 104 119 134 150 166 43 47 55 68 82 97 113 129 145 162 29 34 45 60 75 91 108 125 142 159 15 23 38 54 71 88 105 122 140 157 0 18 35 52 70 87 104 122 139 156 15 23 38 54 71 88 105 122 140 157 29 34 45 60 75 91 108 125 142 159 43 47 55 68 82 97 113 129 145 162 58 60 67 77 90 104 119 134 150 166
129 122 50 67 106 126 68 111 102 53 110 53 84 140 84 43 48 81 52 78 128 63 44 73 106 124 65 115 98 51 101 73 37 125 57 48 61 104 55 73 74 72 73 79 88 99 112 126 140 155 60 57 60 67 77 90 104 118 134 150 47 43 46 55 67 82 97 112 129 145 34 29 34 45 60 75 91 108 125 142 23 15 23 38 54 71 88 105 122 140 18 0 18 35 52 70 87 104 122 139 23 15 23 38 54 71 88 105 122 140 34 29 34 45 60 75 91 108 125 142 47 43 46 55 67 82 97 112 129 145 60 57 60 67 77 90 104 118 134 150
112 105 34 54 89 108 51 94 85 36 93 36 67 123 67 38 40 67 41 61 111 46 26 60 88 107 47 98 82 34 84 56 20 108 39 43 48 87 42 56 80 73 71 73 79 88 99 112 126 140 67 60 57 60 67 77 90 104 118 134 55 46 43 46 55 67 81 97 112 129 45 34 29 34 45 60 75 91 108 125 38 23 15 23 38 54 71 88 105 122 35 18 0 18 35 52 70 87 104 122 38 23 15 23 38 54 71 88 105 122 45 34 29 34 45 60 75 91 108 125 55 46 43 46 55 67 81 97 112 129 67 60 57 60 67 77 90 104 118 134
94 88 20 45 71 91 34 77 69 20 76 20 50 106 50 40 39 55 36 43 94 29 9 51 71 90 30 80 65 18 67 39 7 91 22 44 39 70 33 39 88 79 73 71 73 79 88 99 112 125 77 67 60 57 59 66 77 89 103 118 68 55 46 43 46 55 67 81 97 112 60 45 34 29 33 45 59 75 91 108 54 38 23 15 23 38 54 71 88 105 52 35 18 0 18 35 52 70 87 104 54 38 23 15 23 38 54 71 88 105 60 45 34 29 33 45 59 75 91 108 68 55 46 43 46 55 67 81 97 112 77 67 60 57 59 66 77 89 103 118
77 70 16 40 55 74 17 59 54 10 59 9 33 90 32 49 45 46 39 26 76 13 9 46 54 74 14 63 50 11 50 24 17 75 5 52 35 53 32 22 99 88 79 73 71 73 78 87 99 111 90 77 67 59 57 59 66 77 89 103 82 67 55 46 43 46 55 67 81 96 75 60 45 33 29 33 45 59 75 91 71 54 38 23 15 23 38 54 71 88 70 52 35 18 0 18 35 52 70 87 71 54 38 23 15 23 38 54 71 88 75 60 45 33 29 33 45 59 75 91 82 67 55 46 43 46 55 67 81 96 90 77 67 59 57 59 66 77 89 103
60 53 27 43 38 56 5 42 40 21 42 20 16 73 15 61 56 43 49 9 59 12 27 47 36 58 9 46 36 23 35 15 34 59 14 63 40 35 39 8 112 99 88 79 73 70 72 78 87 98 104 90 77 66 59 56 59 66 76 89 97 82 67 55 46 42 46 55 67 81 91 75 60 45 33 28 33 45 59 75 88 71 54 38 23 14 23 38 54 71 87 70 52 35 18 0 18 35 52 70 88 71 54 38 23 14 23 38 54 71 91 75 60 45 33 28 33 45 59 75 97 82 67 55 46 42 46 55 67 81 104 90 77 66 59 56 59 66 76 89
43 36 42 52 22 39 20 25 29 37 26 36 7 57 3 75 70 47 62 10 42 27 44 54 19 43 24 28 26 40 22 21 51 45 31 77 51 19 52 16 126 112 99 88 78 72 70 72 78 87 119 104 90 77 66 59 56 59 66 76 113 97 81 67 55 46 42 46 54 67 108 91 75 59 45 33 28 33 45 59 105 88 71 54 38 23 14 23 38 54 104 87 70 52 35 18 0 18 35 52 105 88 71 54 38 23 14 23 38 54 108 91 75 59 45 33 28 33 45 59 113 97 81 67 55 46 42 46 54 67 119 104 90 77 66 59 56 59 66 76
25 19 59 65 13 22 37 8 28 53 14 53 21 42 21 91 85 57 76 27 26 43 61 65 2 30 41 11 27 56 18 36 68 33 48 92 65 6 66 33 140 126 112 99 87 78 72 70 72 77 134 118 104 89 77 66 59 56 58 65 129 112 97 81 67 55 46 42 45 54 125 108 91 75 59 45 33 28 33 45 122 105 88 71 54 38 23 14 23 38 122 104 87 70 52 35 18 0 18 35 122 105 88 71 54 38 23 14 23 38 125 108 91 75 59 45 33 28 33 45 129 112 97 81 67 55 46 42 45 54 134 118 104 89 77 66 59 56 58 65
8 7 76 79 22 6 54 11 36 71 18 70 38 30 38 107 101 69 92 44 12 61 78 79 17 25 58 8 37 73 29 53 86 29 66 107 80 19 82 50 156 140 126 112 99 87 78 72 69 71 150 134 118 103 89 76 66 58 55 58 145 129 112 97 81 67 54 45 42 45 142 125 108 91 75 59 45 33 28 33 140 122 105 88 71 54 38 23 14 23 139 122 104 87 70 52 35 18 0 18 140 122 105 88 71 54 38 23 14 23 142 125 108 91 75 59 45 33 28 33 145 129 112 97 81 67 54 45 42 45 150 134 118 103 89 76 66 58 55 58
10 19 93 94 37 14 72 28 49 88 33 88 55 24 55 123 117 83 108 62 16 78 96 93 34 31 75 25 51 91 44 69 103 34 83 124 96 36 98 67 171 155 140 125 111 98 87 77 71 69 166 150 134 118 103 89 76 65 58 55 162 145 129 112 96 81 67 54 45 42 159 142 125 108 91 75 59 45 33 28 157 140 122 105 88 71 54 38 23 14 156 139 122 104 87 70 52 35 18 0 157 140 122 105 88 71 54 38 23 14 159 142 125 108 91 75 59 45 33 28 162 145 129 112 96 81 67 54 45 42 166 150 134 118 103 89 76 65 58 55
147 141 72 90 125 143 87 129 123 74 129 70 102 160 103 65 70 103 74 96 147 80 63 95 124 144 84 133 119 71 121 89 58 145 75 70 84 123 78 93 86 88 93 100 110 122 134 148 162 177 72 74 80 88 99 112 126 140 156 171 58 60 67 77 90 104 119 134 150 166 43 47 55 68 82 97 113 129 145 162 29 34 45 60 75 91 108 125 142 159 15 23 38 54 71 88 105 122 140 157 0 18 35 52 70 87 104 122 139 156 15 23 38 54 71 88 105 122 140 157 29 34 45 60 75 91 108 125 142 159 43 47 55 68 82 97 113 129 145 162
130 124 56 76 108 126 70 112 107 58 112 53 85 143 86 56 60 89 63 79 130 62 46 83 107 127 67 116 103 55 104 71 42 129 59 61 70 106 64 76 88 86 87 92 100 110 121 134 148 162 74 72 73 79 88 99 112 126 140 155 60 57 60 67 77 90 104 118 134 150 47 43 46 55 67 82 97 112 129 145 34 29 34 45 60 75 91 108 125 142 23 15 23 38 54 71 88 105 122 140 18 0 18 35 52 70 87 104 122 139 23 15 23 38 54 71 88 105 122 140 34 29 34 45 60 75 91 108 125 142 47 43 46 55 67 82 97 112 129 145
113 107 42 65 92 109 54 95 91 42 96 35 67 127 69 52 53 77 54 62 113 45 31 72 90 111 51 99 87 41 88 54 28 112 42 57 59 89 53 60 93 87 85 87 92 99 109 121 134 148 80 73 71 73 79 88 99 112 126 140 67 60 57 60 67 77 90 104 118 134 55 46 43 46 55 67 81 97 112 129 45 34 29 34 45 60 75 91 108 125 38 23 15 23 38 54 71 88 105 122 35 18 0 18 35 52 70 87 104 122 38 23 15 23 38 54 71 88 105 122 45 34 29 34 45 60 75 91 108 125 55 46 43 46 55 67 81 97 112 129
96 90 32 58 75 91 38 78 76 30 79 19 50 110 52 53 53 66 50 45 96 28 18 64 73 95 36 82 72 29 72 37 21 96 27 58 52 72 46 44 100 92 87 85 87 91 99 109 121 134 88 79 73 71 73 79 88 99 112 125 77 67 60 57 59 66 77 89 103 118 68 55 46 43 46 55 67 81 97 112 60 45 34 29 33 45 59 75 91 108 54 38 23 15 23 38 54 71 88 105 52 35 18 0 18 35 52 70 87 104 54 38 23 15 23 38 54 71 88 105 60 45 34 29 33 45 59 75 91 108 68 55 46 43 46 55 67 81 97 112
78 73 30 54 59 74 24 61 62 24 63 6 33 94 36 60 57 60 52 29 80 12 18 60 56 79 24 65 58 25 57 20 26 81 17 64 49 56 46 30 110 100 92 87 85 86 91 99 109 120 99 88 79 73 71 73 78 87 99 111 90 77 67 59 57 59 66 77 89 103 82 67 55 46 43 46 55 67 81 96 75 60 45 33 29 33 45 59 75 91 71 54 38 23 15 23 38 54 71 88 70 52 35 18 0 18 35 52 70 87 71 54 38 23 15 23 38 54 71 88 75 60 45 33 29 33 45 59 75 91 82 67 55 46 43 46 55 67 81 96
62 57 37 57 45 57 19 44 50 30 48 19 17 79 21 70 66 57 60 16 63 10 31 61 39 65 21 49 47 32 43 2 39 67 21 73 53 40 51 22 122 110 99 91 86 84 86 91 98 108 112 99 88 79 73 70 72 78 87 98 104 90 77 66 59 56 59 66 76 89 97 82 67 55 46 42 46 55 67 81 91 75 60 45 33 28 33 45 59 75 88 71 54 38 23 14 23 38 54 71 87 70 52 35 18 0 18 35 52 70 88 71 54 38 23 14 23 38 54 71 91 75 60 45 33 28 33 45 59 75 97 82 67 55 46 42 46 55 67 81
45 41 49 64 33 40 27 28 42 43 35 36 9 64 16 83 78 60 71 16 48 26 47 66 24 52 31 33 40 45 34 16 55 55 35 85 62 27 61 26 134 121 109 99 91 86 84 85 90 98 126 112 99 88 78 72 70 72 78 87 119 104 90 77 66 59 56 59 66 76 113 97 81 67 55 46 42 46 54 67 108 91 75 59 45 33 28 33 45 59 105 88 71 54 38 23 14 23 38 54 104 87 70 52 35 18 0 18 35 52 105 88 71 54 38 23 14 23 38 54 108 91 75 59 45 33 28 33 45 59 113 97 81 67 55 46 42 46 54 67
29 27 64 74 27 24 41 15 41 58 27 53 22 51 25 97 92 68 84 30 34 43 63 76 15 42 45 20 40 61 32 33 71 46 51 99 73 20 74 38 148 134 121 109 99 91 85 83 85 90 140 126 112 99 87 78 72 70 72 77 134 118 104 89 77 66 59 56 58 65 129 112 97 81 67 55 46 42 45 54 125 108 91 75 59 45 33 28 33 45 122 105 88 71 54 38 23 14 23 38 122 104 87 70 52 35 18 0 18 35 122 105 88 71 54 38 23 14 23 38 125 108 91 75 59 45 33 28 33 45 129 112 97 81 67 55 46 42 45 54
16 21 79 87 32 11 57 17 47 74 29 70 39 41 41 113 106 78 98 46 25 60 80 87 22 39 61 18 47 77 39 51 88 42 67 114 87 27 88 54 162 148 134 121 109 98 90 85 83 85 156 140 126 112 99 87 78 72 69 71 150 134 118 103 89 76 66 58 55 58 145 129 112 97 81 67 54 45 42 45 142 125 108 91 75 59 45 33 28 33 140 122 105 88 71 54 38 23 14 23 139 122 104 87 70 52 35 18 0 18 140 122 105 88 71 54 38 23 14 23 142 125 108 91 75 59 45 33 28 33 145 129 112 97 81 67 54 45 42 45
18 27 96 101 44 17 74 31 57 90 40 87 56 38 57 128 122 91 113 63 27 77 97 101 37 42 78 30 59 93 51 68 105 46 84 129 102 40 103 70 177 162 148 134 120 108 98 90 85 83 171 155 140 125 111 98 87 77 71 69 166 150 134 118 103 89 76 65 58 55 162 145 129 112 96 81 67 54 45 42 159 142 125 108 91 75 59 45 33 28 157 140 122 105 88 71 54 38 23 14 156 139 122 104 87 70 52 35 18 0 157 140 122 105 88 71 54 38 23 14 159 142 125 108 91 75 59 45 33 28 162 145 129 112 96 81 67 54 45 42
149 144 78 99 129 145 91 131 128 79 133 72 104 164 106 77 81 111 85 99 150 82 68 105 126 148 89 136 124 77 125 90 64 150 80 82 93 126 87 97 100 102 106 112 121 132 144 156 170 184 86 88 93 100 110 122 134 148 162 177 72 74 80 88 99 112 126 140 156 171 58 60 67 77 90 104 119 134 150 166 43 47 55 68 82 97 113 129 145 162 29 34 45 60 75 91 108 125 142 159 15 23 38 54 71 88 105 122 140 157 0 18 35 52 70 87 104 122 139 156 15 23 38 54 71 88 105 122 140 157 29 34 45 60 75 91 108 125 142 159
132 127 65 87 113 128 75 114 113 65 116 56 87 148 89 69 72 99 74 82 133 65 53 93 110 132 73 119 109 63 109 73 50 134 64 75 81 110 75 81 102 100 101 105 112 121 131 143 156 170 88 86 87 92 100 110 121 134 148 162 74 72 73 79 88 99 112 126 140 155 60 57 60 67 77 90 104 118 134 150 47 43 46 55 67 82 97 112 129 145 34 29 34 45 60 75 91 108 125 142 23 15 23 38 54 71 88 105 122 140 18 0 18 35 52 70 87 104 122 139 23 15 23 38 54 71 88 105 122 140 34 29 34 45 60 75 91 108 125 142
115 110 53 78 97 111 60 98 98 52 100 40 71 132 73 66 67 88 67 66 117 49 40 84 93 117 58 102 94 50 94 56 40 118 49 71 72 93 66 66 106 101 99 101 105 112 121 131 143 156 93 87 85 87 92 99 109 121 134 148 80 73 71 73 79 88 99 112 126 140 67 60 57 60 67 77 90 104 118 134 55 46 43 46 55 67 81 97 112 129 45 34 29 34 45 60 75 91 108 125 38 23 15 23 38 54 71 88 105 122 35 18 0 18 35 52 70 87 104 122 38 23 15 23 38 54 71 88 105 122 45 34 29 34 45 60 75 91 108 125
99 94 45 71 81 94 46 81 84 42 85 27 54 116 58 67 67 79 64 51 101 34 31 77 77 101 45 86 80 42 79 39 35 103 37 72 65 77 60 52 112 105 101 99 100 105 111 120 131 143 100 92 87 85 87 91 99 109 121 134 88 79 73 71 73 79 88 99 112 125 77 67 60 57 59 66 77 89 103 118 68 55 46 43 46 55 67 81 97 112 60 45 34 29 33 45 59 75 91 108 54 38 23 15 23 38 54 71 88 105 52 35 18 0 18 35 52 70 87 104 54 38 23 15 23 38 54 71 88 105 60 45 34 29 33 45 59 75 91 108
82 78 44 68 67 77 36 65 72 38 70 20 39 101 44 72 70 73 66 38 85 22 31 74 61 87 37 70 68 39 65 24 38 89 30 76 63 62 59 41 121 112 105 100 99 100 104 111 120 130 110 100 92 87 85 86 91 99 109 120 99 88 79 73 71 73 78 87 99 111 90 77 67 59 57 59 66 77 89 103 82 67 55 46 43 46 55 67 81 96 75 60 45 33 29 33 45 59 75 91 71 54 38 23 15 23 38 54 71 88 70 52 35 18 0 18 35 52 70 87 71 54 38 23 15 23 38 54 71 88 75 60 45 33 29 33 45 59 75 91
66 63 48 70 54 61 33 50 62 42 57 27 27 86 33 81 78 71 72 29 70 21 40 74 46 74 35 55 59 44 54 15 48 77 33 85 66 49 64 36 132 121 112 105 100 98 99 104 110 119 122 110 99 91 86 84 86 91 98 108 112 99 88 79 73 70 72 78 87 98 104 90 77 66 59 56 59 66 76 89 97 82 67 55 46 42 46 55 67 81 91 75 60 45 33 28 33 45 59 75 88 71 54 38 23 14 23 38 54 71 87 70 52 35 18 0 18 35 52 70 88 71 54 38 23 14 23 38 54 71 91 75 60 45 33 28 33 45 59 75
51 49 58 76 45 46 38 36 56 52 46 40 23 73 29 93 88 74 81 29 56 32 53 79 35 63 41 42 53 54 47 21 61 66 43 95 73 38 72 38 144 131 121 111 104 99 98 99 103 110 134 121 109 99 91 86 84 85 90 98 126 112 99 88 78 72 70 72 78 87 119 104 90 77 66 59 56 59 66 76 113 97 81 67 55 46 42 46 54 67 108 91 75 59 45 33 28 33 45 59 105 88 71 54 38 23 14 23 38 54 104 87 70 52 35 18 0 18 35 52 105 88 71 54 38 23 14 23 38 54 108 91 75 59 45 33 28 33 45 59
38 39 71 85 41 32 49 28 55 65 41 56 30 62 36 105 100 80 93 38 45 47 68 87 29 55 53 33 54 67 46 36 76 59 57 107 83 34 83 48 156 143 131 120 111 104 99 97 99 103 148 134 121 109 99 91 85 83 85 90 140 126 112 99 87 78 72 70 72 77 134 118 104 89 77 66 59 56 58 65 129 112 97 81 67 55 46 42 45 54 125 108 91 75 59 45 33 28 33 45 122 105 88 71 54 38 23 14 23 38 122 104 87 70 52 35 18 0 18 35 122 105 88 71 54 38 23 14 23 38 125 108 91 75 59 45 33 28 33 45
29 35 86 96 44 24 63 29 59 79 42 73 44 54 48 119 114 89 106 52 39 63 84 97 33 52 67 32 59 82 50 53 92 56 72 121 95 38 96 60 170 156 143 131 120 110 103 99 97 98 162 148 134 121 109 98 90 85 83 85 156 140 126 112 99 87 78 72 69 71 150 134 118 103 89 76 66 58 55 58 145 129 112 97 81 67 54 45 42 45 142 125 108 91 75 59 45 33 28 33 140 122 105 88 71 54 38 23 14 23 139 122 104 87 70 52 35 18 0 18 140 122 105 88 71 54 38 23 14 23 142 125 108 91 75 59 45 33 28 33
30 38 101 109 53 28 78 38 68 95 50 89 59 52 62 134 128 100 120 67 40 80 100 109 44 55 82 39 69 98 60 69 108 59 88 135 109 49 110 75 184 170 156 143 130 119 110 103 98 96 177 162 148 134 120 108 98 90 85 83 171 155 140 125 111 98 87 77 71 69 166 150 134 118 103 89 76 65 58 55 162 145 129 112 96 81 67 54 45 42 159 142 125 108 91 75 59 45 33 28 157 140 122 105 88 71 54 38 23 14 156 139 122 104 87 70 52 35 18 0 157 140 122 105 88 71 54 38 23 14 159 142 125 108 91 75 59 45 33 28
152 148 87 109 134 148 97 135 135 87 138 77 108 169 110 89 93 121 96 104 154 86 75 115 130 154 95 140 131 85 131 93 73 156 86 94 103 131 97 103 115 116 119 125 133 143 154 166 179 192 100 102 106 112 121 132 144 156 170 184 86 88 93 100 110 122 134 148 162 177 72 74 80 88 99 112 126 140 156 171 58 60 67 77 90 104 119 134 150 166 43 47 55 68 82 97 113 129 145 162 29 34 45 60 75 91 108 125 142 159 15 23 38 54 71 88 105 122 140 157 0 18 35 52 70 87 104 122 139 156 15 23 38 54 71 88 105 122 140 157
136 131 75 99 118 131 82 118 120 74 122 62 92 153 95 83 86 109 87 88 138 71 62 105 114 138 81 123 116 72 116 77 61 140 72 88 93 115 87 88 116 114 115 119 125 133 142 153 165 178 102 100 101 105 112 121 131 143 156 170 88 86 87 92 100 110 121 134 148 162 74 72 73 79 88 99 112 126 140 155 60 57 60 67 77 90 104 118 134 150 47 43 46 55 67 82 97 112 129 145 34 29 34 45 60 75 91 108 125 142 23 15 23 38 54 71 88 105 122 140 18 0 18 35 52 70 87 104 122 139 23 15 23 38 54 71 88 105 122 140
119 115 65 90 103 115 69 102 106 63 107 49 76 138 80 80 81 99 81 73 122 56 51 96 98 124 67 107 103 62 101 61 52 126 59 85 84 99 79 74 119 115 114 115 118 124 132 142 153 165 106 101 99 101 105 112 121 131 143 156 93 87 85 87 92 99 109 121 134 148 80 73 71 73 79 88 99 112 126 140 67 60 57 60 67 77 90 104 118 134 55 46 43 46 55 67 81 97 112 129 45 34 29 34 45 60 75 91 108 125 38 23 15 23 38 54 71 88 105 122 35 18 0 18 35 52 70 87 104 122 38 23 15 23 38 54 71 88 105 122
103 100 59 85 89 98 57 87 94 55 92 38 61 123 66 81 81 92 78 60 107 44 45 90 83 109 57 92 90 55 88 46 49 112 49 86 79 85 74 63 125 119 115 113 114 118 124 132 141 152 112 105 101 99 100 105 111 120 131 143 100 92 87 85 87 91 99 109 121 134 88 79 73 71 73 79 88 99 112 125 77 67 60 57 59 66 77 89 103 118 68 55 46 43 46 55 67 81 97 112 60 45 34 29 33 45 59 75 91 108 54 38 23 15 23 38 54 71 88 105 52 35 18 0 18 35 52 70 87 104 54 38 23 15 23 38 54 71 88 105
88 85 58 82 76 83 49 72 83 52 79 34 49 109 54 85 84 87 80 49 92 35 45 88 69 96 50 77 79 53 76 34 51 99 44 90 77 71 73 54 133 125 118 114 113 114 117 123 131 141 121 112 105 100 99 100 104 111 120 130 110 100 92 87 85 86 91 99 109 120 99 88 79 73 71 73 78 87 99 111 90 77 67 59 57 59 66 77 89 103 82 67 55 46 43 46 55 67 81 96 75 60 45 33 29 33 45 59 75 91 71 54 38 23 15 23 38 54 71 88 70 52 35 18 0 18 35 52 70 87 71 54 38 23 15 23 38 54 71 88
73 72 61 84 65 68 47 58 75 55 67 38 39 95 46 93 90 85 85 42 78 35 51 88 56 84 49 64 71 57 66 28 59 87 46 97 80 59 77 50 143 133 124 118 114 112 113 117 123 131 132 121 112 105 100 98 99 104 110 119 122 110 99 91 86 84 86 91 98 108 112 99 88 79 73 70 72 78 87 98 104 90 77 66 59 56 59 66 76 89 97 82 67 55 46 42 46 55 67 81 91 75 60 45 33 28 33 45 59 75 88 71 54 38 23 14 23 38 54 71 87 70 52 35 18 0 18 35 52 70 88 71 54 38 23 14 23 38 54 71
60 60 69 89 58 54 50 47 69 63 59 49 36 83 43 103 99 87 92 42 66 42 62 92 47 75 53 53 67 65 60 32 70 78 54 106 86 51 84 51 154 142 132 124 117 113 112 113 116 122 144 131 121 111 104 99 98 99 103 110 134 121 109 99 91 86 84 85 90 98 126 112 99 88 78 72 70 72 78 87 119 104 90 77 66 59 56 59 66 76 113 97 81 67 55 46 42 46 54 67 108 91 75 59 45 33 28 33 45 59 105 88 71 54 38 23 14 23 38 54 104 87 70 52 35 18 0 18 35 52 105 88 71 54 38 23 14 23 38 54
49 52 80 96 55 43 59 41 69 74 54 62 41 74 48 115 110 92 103 49 57 54 75 99 43 68 63 46 67 76 59 43 83 72 65 117 94 48 93 59 166 153 142 132 123 117 113 111 112 116 156 143 131 120 111 104 99 97 99 103 148 134 121 109 99 91 85 83 85 90 140 126 112 99 87 78 72 70 72 77 134 118 104 89 77 66 59 56 58 65 129 112 97 81 67 55 46 42 45 54 125 108 91 75 59 45 33 28 33 45 122 105 88 71 54 38 23 14 23 38 122 104 87 70 52 35 18 0 18 35 122 105 88 71 54 38 23 14 23 38
43 48 93 106 57 38 71 42 72 87 55 77 52 67 57 128 122 100 115 60 52 69 90 108 46 66 75 45 72 89 63 58 98 70 79 130 105 51 105 69 179 165 153 141 131 123 116 112 110 112 170 156 143 131 120 110 103 99 97 98 162 148 134 121 109 98 90 85 83 85 156 140 126 112 99 87 78 72 69 71 150 134 118 103 89 76 66 58 55 58 145 129 112 97 81 67 54 45 42 45 142 125 108 91 75 59 45 33 28 33 140 122 105 88 71 54 38 23 14 23 139 122 104 87 70 52 35 18 0 18 140 122 105 88 71 54 38 23 14 23
43 51 107 118 64 40 85 49 79 101 62 93 66 65 70 141 136 110 128 74 53 84 105 119 54 68 89 51 80 104 71 73 113 72 94 143 117 59 118 83 192 178 165 152 141 131 122 116 112 110 184 170 156 143 130 119 110 103 98 96 177 162 148 134 120 108 98 90 85 83 171 155 140 125 111 98 87 77 71 69 166 150 134 118 103 89 76 65 58 55 162 145 129 112 96 81 67 54 45 42 159 142 125 108 91 75 59 45 33 28 157 140 122 105 88 71 54 38 23 14 156 139 122 104 87 70 52 35 18 0 157 140 122 105 88 71 54 38 23 14
157 153 97 120 140 152 105 140 143 96 144 85 113 175 117 102 106 131 108 110 159 93 85 126 136 160 103 145 139 95 138 98 83 162 94 107 114 137 108 111 129 130 133 138 145 154 164 176 188 201 115 116 119 125 133 143 154 166 179 192 100 102 106 112 121 132 144 156 170 184 86 88 93 100 110 122 134 148 162 177 72 74 80 88 99 112 126 140 156 171 58 60 67 77 90 104 119 134 150 166 43 47 55 68 82 97 113 129 145 162 29 34 45 60 75 91 108 125 142 159 15 23 38 54 71 88 105 122 140 157 0 18 35 52 70 87 104 122 139 156
141 137 86 111 126 136 91 124 129 85 129 71 98 160 102 97 99 121 100 96 144 79 73 117 120 146 90 129 125 83 123 83 73 148 81 102 105 121 99 97 130 128 129 132 138 145 154 164 175 187 116 114 115 119 125 133 142 153 165 178 102 100 101 105 112 121 131 143 156 170 88 86 87 92 100 110 121 134 148 162 74 72 73 79 88 99 112 126 140 155 60 57 60 67 77 90 104 118 134 150 47 43 46 55 67 82 97 112 129 145 34 29 34 45 60 75 91 108 125 142 23 15 23 38 54 71 88 105 122 140 18 0 18 35 52 70 87 104 122 139
125 122 78 103 111 120 79 109 116 75 114 59 84 145 88 94 95 112 95 82 129 66 64 109 105 132 78 114 112 74 110 69 66 134 70 99 97 107 92 85 133 129 128 129 132 137 144 153 163 175 119 115 114 115 118 124 132 142 153 165 106 101 99 101 105 112 121 131 143 156 93 87 85 87 92 99 109 121 134 148 80 73 71 73 79 88 99 112 126 140 67 60 57 60 67 77 90 104 118 134 55 46 43 46 55 67 81 97 112 129 45 34 29 34 45 60 75 91 108 125 38 23 15 23 38 54 71 88 105 122 35 18 0 18 35 52 70 87 104 122
110 107 73 98 98 105 69 94 104 69 101 51 71 131 76 95 95 105 93 70 114 55 59 104 91 118 69 99 101 69 98 56 63 121 62 100 93 93 88 74 138 132 129 127 128 131 137 144 153 163 125 119 115 113 114 118 124 132 141 152 112 105 101 99 100 105 111 120 131 143 100 92 87 85 87 91 99 109 121 134 88 79 73 71 73 79 88 99 112 125 77 67 60 57 59 66 77 89 103 118 68 55 46 43 46 55 67 81 97 112 60 45 34 29 33 45 59 75 91 108 54 38 23 15 23 38 54 71 88 105 52 35 18 0 18 35 52 70 87 104
95 94 72 96 87 90 63 80 95 66 89 48 60 117 66 99 97 101 93 61 100 49 59 102 78 106 64 86 91 67 87 47 65 109 58 103 92 81 87 67 145 138 132 128 127 127 131 136 143 152 133 125 118 114 113 114 117 123 131 141 121 112 105 100 99 100 104 111 120 130 110 100 92 87 85 86 91 99 109 120 99 88 79 73 71 73 78 87 99 111 90 77 67 59 57 59 66 77 89 103 82 67 55 46 43 46 55 67 81 96 75 60 45 33 29 33 45 59 75 91 71 54 38 23 15 23 38 54 71 88 70 52 35 18 0 18 35 52 70 87
82 82 75 98 77 76 60 69 87 68 79 51 52 105 59 105 103 99 98 56 88 49 64 102 67 96 63 74 85 70 79 42 71 99 60 109 93 71 90 64 154 145 137 131 127 126 127 130 135 143 143 133 124 118 114 112 113 117 123 131 132 121 112 105 100 98 99 104 110 119 122 110 99 91 86 84 86 91 98 108 112 99 88 79 73 70 72 78 87 98 104 90 77 66 59 56 59 66 76 89 97 82 67 55 46 42 46 55 67 81 91 75 60 45 33 28 33 45 59 75 88 71 54 38 23 14 23 38 54 71 87 70 52 35 18 0 18 35 52 70
70 72 81 102 71 65 63 60 83 75 72 59 50 95 57 114 111 101 104 56 78 54 72 105 60 87 66 65 81 77 74 45 80 91 65 117 98 64 96 65 164 154 144 137 131 127 125 126 130 135 154 142 132 124 117 113 112 113 116 122 144 131 121 111 104 99 98 99 103 110 134 121 109 99 91 86 84 85 90 98 126 112 99 88 78 72 70 72 78 87 119 104 90 77 66 59 56 59 66 76 113 97 81 67 55 46 42 46 54 67 108 91 75 59 45 33 28 33 45 59 105 88 71 54 38 23 14 23 38 54 104 87 70 52 35 18 0 18 35 52
61 65 91 108 69 56 70 55 82 84 68 71 54 86 60 125 120 105 114 61 70 64 84 111 57 82 74 59 81 86 73 54 92 85 75 127 106 62 105 71 176 164 153 144 136 130 126 125 126 129 166 153 142 132 123 117 113 111 112 116 156 143 131 120 111 104 99 97 99 103 148 134 121 109 99 91 85 83 85 90 140 126 112 99 87 78 72 70 72 77 134 118 104 89 77 66 59 56 58 65 129 112 97 81 67 55 46 42 45 54 125 108 91 75 59 45 33 28 33 45 122 105 88 71 54 38 23 14 23 38 122 104 87 70 52 35 18 0 18 35
56 62 102 117 70 52 81 55 85 96 69 84 62 81 68 137 132 112 124 70 66 76 97 119 59 80 84 59 85 98 76 66 106 84 87 139 116 64 115 80 188 175 163 153 143 135 130 126 124 125 179 165 153 141 131 123 116 112 110 112 170 156 143 131 120 110 103 99 97 98 162 148 134 121 109 98 90 85 83 85 156 140 126 112 99 87 78 72 69 71 150 134 118 103 89 76 66 58 55 58 145 129 112 97 81 67 54 45 42 45 142 125 108 91 75 59 45 33 28 33 140 122 105 88 71 54 38 23 14 23 139 122 104 87 70 52 35 18 0 18
57 64 115 128 76 53 93 61 91 109 74 99 74 79 79 150 144 121 137 82 66 90 112 129 66 82 97 63 91 112 83 80 120 85 101 152 127 71 127 91 201 187 175 163 152 143 135 129 125 124 192 178 165 152 141 131 122 116 112 110 184 170 156 143 130 119 110 103 98 96 177 162 148 134 120 108 98 90 85 83 171 155 140 125 111 98 87 77 71 69 166 150 134 118 103 89 76 65 58 55 162 145 129 112 96 81 67 54 45 42 159 142 125 108 91 75 59 45 33 28 157 140 122 105 88 71 54 38 23 14 156 139 122 104 87 70 52 35 18 0
