0 46 42 56 12 29 4 71 10 35 50 20 21 13 60 33 41 21 21 19 19 20 60 18 56 27 24 76 16 36 56 8 18 23 19 36 20 18 23 46 117 104 92 83 76 72 73 78 86 97 109 95 82 71 62 59 60 65 75 87 102 87 72 60 50 45 46 54 65 78 97 80 65 50 38 31 33 43 56 72 93 76 59 43 28 17 21 35 50 67 92 74 57 40 22 6 13 31 48 65 92 75 58 41 25 13 18 33 49 66 95 79 63 47 34 27 29 40 54 70 100 84 70 56 46 40 42 50 62 76 107 92 79 67 59 54 55 62 72 84
46 0 11 12 52 70 45 26 55 70 84 44 34 35 89 14 77 58 36 50 65 28 15 61 46 71 57 32 58 73 93 47 35 60 53 11 31 56 40 29 72 60 51 48 50 58 70 83 98 114 63 49 38 34 38 48 61 76 92 109 57 41 27 20 26 39 55 72 88 105 53 36 19 6 18 35 52 69 86 104 54 37 21 10 19 36 52 70 87 104 58 43 30 24 29 41 57 73 89 106 65 52 42 38 41 51 64 78 94 110 74 63 55 52 54 62 73 86 100 115 85 75 68 66 68 74 83 95 108 122 96 88 82 80 81 86 94 105 117 130
42 11 0 15 46 69 40 30 51 70 85 45 34 33 91 12 77 51 28 50 60 26 24 58 54 68 57 42 56 73 93 45 35 59 52 10 31 48 32 19 79 68 61 59 61 68 78 90 104 119 69 57 48 44 48 56 68 82 97 113 61 46 35 30 35 46 60 76 92 108 55 39 24 16 24 38 55 71 88 105 52 35 18 2 18 35 52 70 87 104 54 37 22 13 22 37 54 71 88 105 59 44 32 27 32 44 59 74 91 107 67 54 45 41 44 54 66 80 96 112 76 65 58 55 58 65 76 88 102 117 87 78 71 69 71 77 86 98 110 124
56 12 15 0 60 81 54 16 65 81 95 55 45 45 101 24 88 65 42 61 74 38 14 71 56 81 68 29 69 84 104 58 46 71 64 21 42 63 46 27 65 55 50 50 56 67 79 94 109 125 54 43 36 37 45 57 72 87 103 120 47 32 22 24 35 50 66 83 100 117 42 25 10 13 29 46 63 81 98 115 43 26 11 14 29 46 63 81 98 115 47 33 23 25 36 51 67 83 100 117 55 44 37 38 46 58 72 88 104 120 66 56 51 52 58 68 80 94 109 125 77 69 65 66 70 79 90 103 116 131 89 83 79 79 83 91 100 112 125 138
12 52 46 60 0 35 11 75 14 44 57 32 32 23 69 38 48 9 19 30 16 28 66 24 67 30 34 83 22 44 62 19 29 31 30 41 30 6 18 45 123 111 100 92 86 84 85 89 97 106 114 101 89 79 73 70 71 76 85 96 106 91 78 67 59 56 58 64 74 87 99 83 69 56 46 42 44 53 65 79 94 77 61 47 34 28 32 43 57 73 90 73 56 40 24 14 20 35 52 69 89 72 55 38 20 3 15 33 50 67 91 74 57 40 25 15 21 36 52 69 94 78 62 47 35 29 33 43 57 73 99 84 70 57 47 43 45 54 65 79
29 70 69 81 35 0 33 95 22 12 22 28 38 36 35 58 13 41 50 21 24 43 81 12 60 9 16 96 14 9 28 25 35 11 18 61 40 39 51 75 137 122 108 95 84 74 68 66 69 75 131 115 100 86 73 62 55 52 56 63 126 110 94 78 64 51 42 39 43 53 123 106 89 72 56 41 29 25 31 44 121 103 86 69 52 35 19 11 22 38 120 103 86 68 51 34 17 4 20 37 121 104 87 70 54 38 24 18 26 41 124 107 91 75 60 46 35 32 37 48 128 112 97 82 68 56 48 45 49 58 134 119 104 90 78 68 61 59 62 69
4 45 40 54 11 33 0 69 12 38 53 23 22 13 63 31 44 19 18 22 20 19 58 21 57 30 27 75 19 39 59 10 19 26 22 34 20 16 20 43 116 103 92 82 76 74 75 80 89 99 107 93 81 70 63 60 62 68 78 90 100 85 71 59 50 46 48 56 68 81 94 78 63 49 37 32 35 46 59 75 90 74 57 41 26 18 24 38 54 70 89 72 54 37 20 4 16 34 51 68 89 72 55 38 22 11 19 35 52 69 92 76 60 44 32 25 29 41 56 72 97 81 67 54 43 39 42 51 64 78 103 89 76 64 56 53 55 62 73 86
71 26 30 16 75 95 69 0 80 95 109 69 59 60 113 39 102 80 58 75 89 53 17 86 63 96 82 22 84 98 118 73 61 85 78 36 56 78 61 40 50 42 41 47 57 71 86 101 117 134 39 29 27 35 49 64 80 97 113 130 31 17 14 27 43 60 77 94 111 128 29 12 7 24 41 59 76 93 110 128 34 21 18 29 44 61 78 95 112 129 43 33 32 39 51 66 82 98 115 131 54 47 46 51 61 74 88 103 119 135 66 61 60 64 72 83 96 110 125 140 79 75 74 77 84 94 105 118 132 147 93 89 88 91 97 105 115 127 140 154
10 55 51 65 14 22 12 80 0 30 43 23 28 21 55 42 34 21 29 19 11 28 68 10 61 18 22 85 9 30 49 10 25 18 18 45 28 18 30 55 126 112 100 90 81 76 75 78 84 93 118 103 90 78 69 63 61 65 72 83 111 96 81 68 57 49 48 52 61 73 106 89 74 59 45 36 34 40 51 65 102 85 68 52 36 24 20 29 44 60 100 83 66 49 31 15 7 23 40 57 101 83 66 49 32 16 10 24 40 57 103 86 69 53 38 27 23 32 45 61 107 91 75 61 48 39 37 43 54 67 112 97 83 70 60 53 51 55 64 76
35 70 70 81 44 12 38 95 30 0 15 26 37 39 26 59 8 50 56 21 34 45 80 21 53 20 14 93 22 5 23 29 35 13 19 62 40 48 58 79 134 119 104 89 76 66 58 55 57 65 129 113 97 81 67 54 45 41 44 53 125 108 92 75 60 45 33 27 32 44 123 106 89 71 55 38 23 14 22 37 122 105 88 70 53 36 18 1 17 35 123 106 89 72 55 39 24 15 23 38 126 109 92 76 60 46 34 29 33 45 130 113 97 82 68 56 46 43 46 55 135 119 104 90 78 67 59 57 59 66 141 127 113 100 88 79 73 70 72 78
50 84 85 95 57 22 53 109 43 15 0 40 51 53 14 73 10 63 70 36 45 59 93 34 62 29 28 105 35 14 10 43 50 28 33 76 55 61 72 94 146 130 114 99 85 72 61 54 52 55 142 125 109 93 77 63 50 41 38 43 139 122 105 88 71 55 40 28 24 31 137 120 102 85 68 51 34 18 11 23 136 119 102 85 67 50 33 16 5 21 138 120 103 86 70 53 37 24 18 27 140 123 107 90 74 59 45 35 32 38 144 128 112 96 81 68 56 48 46 50 149 133 118 103 90 78 68 61 59 62 155 140 126 112 100 89 80 75 73 76
20 44 45 55 32 28 23 69 23 26 40 0 11 15 47 33 34 41 35 7 33 20 55 22 38 31 13 69 20 30 49 14 10 17 10 36 15 38 39 56 110 95 82 69 60 54 53 58 68 80 104 88 73 59 48 40 40 46 58 71 100 83 67 51 37 27 26 35 49 65 97 80 63 46 29 15 14 28 44 61 97 79 62 45 28 11 9 26 43 60 98 81 64 48 32 20 19 31 46 63 102 85 70 55 42 33 33 40 53 68 107 91 77 64 53 47 46 52 62 75 114 99 86 74 65 60 60 64 73 84 122 108 96 86 78 74 74 77 84 94
21 34 34 45 32 38 22 59 28 37 51 11 0 10 57 23 44 41 29 17 38 11 44 30 36 40 23 59 28 40 60 18 3 27 20 25 5 37 34 46 101 86 73 62 55 52 55 63 74 88 94 79 64 51 42 38 43 52 66 80 89 73 57 42 29 24 31 43 59 75 86 69 52 35 20 11 21 38 54 72 86 69 51 34 17 5 19 36 54 71 88 71 54 39 25 18 26 40 56 73 92 76 61 47 36 32 37 48 62 78 98 83 69 57 49 46 50 58 70 84 105 91 79 69 63 60 63 70 80 92 114 101 90 82 76 74 76 82 91 102
13 35 33 45 23 36 13 60 21 39 53 15 10 0 62 22 45 31 21 18 31 8 48 26 46 36 25 64 24 41 61 13 8 27 21 25 8 28 25 41 105 91 80 70 64 62 65 72 82 94 97 83 69 58 50 48 52 60 72 86 91 75 60 47 37 34 39 50 64 79 87 70 54 38 25 20 28 42 58 75 85 67 50 33 16 7 21 38 55 72 85 68 51 34 18 9 22 39 56 73 87 71 55 40 27 23 30 44 59 76 92 77 62 49 40 37 42 52 66 81 99 84 71 60 53 51 55 63 74 88 107 94 82 73 67 65 68 74 84 96
60 89 91 101 69 35 63 113 55 26 14 47 57 62 0 80 23 75 80 44 58 67 97 46 60 43 37 107 47 26 17 54 57 38 42 82 62 73 82 102 147 130 114 97 82 67 54 44 39 41 144 127 110 93 76 60 45 32 25 29 142 125 107 90 73 56 39 23 11 19 141 124 107 90 72 55 38 20 4 16 142 125 108 91 74 57 41 26 17 23 145 128 111 95 79 63 49 37 31 34 148 132 116 100 85 71 58 49 45 47 153 137 122 107 93 80 70 62 59 60 159 144 129 115 102 91 82 75 72 74 166 152 138 125 113 102 94 88 86 87
33 14 12 24 38 58 31 39 42 59 73 33 23 22 80 0 66 45 23 38 51 15 28 48 46 58 45 45 45 62 82 34 24 48 41 4 19 42 28 26 85 73 64 58 57 61 69 81 94 108 77 63 51 44 43 48 59 72 86 102 70 54 41 31 29 37 50 65 80 97 65 49 32 18 16 27 43 60 77 94 64 47 29 12 6 24 41 58 76 93 65 49 33 19 16 28 43 60 77 94 70 55 41 31 29 37 50 65 81 97 77 63 52 44 43 49 59 72 86 102 86 74 64 58 57 61 70 81 94 108 96 85 77 72 71 74 81 91 103 116
41 77 77 88 48 13 44 102 34 8 10 34 44 45 23 66 0 54 61 28 36 52 87 25 60 21 21 100 26 5 16 35 43 19 25 69 48 52 63 85 142 126 111 96 83 72 63 58 58 63 137 120 104 89 74 61 50 44 45 51 133 116 99 83 67 52 39 31 31 40 130 113 96 79 62 46 30 18 19 32 129 112 95 77 60 43 26 8 10 27 130 113 95 78 61 44 28 15 16 30 132 115 98 82 66 50 37 28 28 38 135 119 103 87 72 59 47 41 41 48 140 124 109 94 81 69 60 55 55 60 146 131 117 103 91 80 72 68 68 73
21 58 51 65 9 41 19 80 21 50 63 41 41 31 75 45 54 0 23 38 18 36 72 30 76 34 42 90 29 49 67 27 38 39 38 48 39 4 20 47 129 117 107 100 94 92 93 98 105 114 119 106 96 87 81 78 80 85 93 103 110 96 84 74 67 64 66 72 81 93 102 88 74 62 54 51 53 60 71 84 96 80 65 52 41 37 40 49 62 77 92 75 59 43 30 23 27 40 55 71 89 72 55 38 21 9 18 34 51 68 89 72 54 37 20 7 17 34 51 68 91 74 58 42 28 20 26 39 54 71 95 79 64 50 39 34 38 47 61 76
21 36 28 42 19 50 18 58 29 56 70 35 29 21 80 23 61 23 0 37 35 20 50 38 63 47 43 68 36 57 77 27 28 43 38 26 25 21 6 26 106 95 86 80 78 79 84 92 102 114 96 84 74 67 64 65 71 81 92 106 87 74 62 53 50 52 59 70 84 98 80 65 51 41 36 39 48 61 76 92 75 58 43 29 22 27 39 55 71 88 72 55 38 21 8 17 34 51 68 85 72 55 38 21 8 17 34 51 68 85 75 58 43 29 21 26 39 55 71 88 80 65 51 40 35 39 48 61 76 92 87 73 62 53 49 52 59 70 83 98
19 50 50 61 30 21 22 75 19 21 36 7 17 18 44 38 28 38 37 0 29 24 61 16 43 25 8 75 14 24 44 12 15 11 4 41 20 35 40 59 116 102 88 75 65 58 57 60 68 78 110 94 79 65 53 45 43 47 57 69 106 89 73 57 43 32 29 35 47 62 103 85 68 52 35 21 15 25 41 57 102 84 67 50 32 15 3 21 38 55 102 85 68 51 35 20 14 25 40 57 105 89 72 57 43 32 28 34 47 62 110 94 79 65 53 44 42 46 56 69 116 101 87 75 64 58 56 59 67 78 123 110 97 86 77 71 70 72 79 88
19 65 60 74 16 24 20 89 11 34 45 33 38 31 58 51 36 18 35 29 0 38 78 15 71 17 30 95 15 33 49 21 35 25 27 54 38 17 34 60 135 122 110 100 92 87 84 86 91 98 127 113 100 89 79 73 71 72 78 87 120 105 91 78 67 60 57 59 66 76 114 98 82 68 56 47 43 46 55 67 109 92 76 60 46 34 29 33 45 59 106 89 72 55 39 24 15 22 37 54 105 88 71 53 36 19 2 17 34 52 106 89 72 55 38 23 14 22 37 53 109 92 76 60 45 33 28 32 44 58 113 97 82 67 55 45 41 45 53 66
20 28 26 38 28 43 19 53 28 45 59 20 11 8 67 15 52 36 20 24 38 0 41 33 43 43 31 57 31 47 67 20 10 33 27 18 6 33 25 36 98 85 73 64 59 59 64 73 84 98 90 75 62 52 46 46 52 62 76 90 84 68 53 40 32 32 40 53 68 84 80 63 46 31 19 19 31 47 63 80 78 61 44 26 9 10 27 44 61 79 79 62 45 29 15 15 29 46 62 79 82 66 51 37 27 28 37 51 66 83 88 73 59 48 41 41 48 59 73 88 95 81 69 60 55 55 60 69 81 95 104 91 81 73 69 69 73 81 91 103
60 15 24 14 66 81 58 17 68 80 93 55 44 48 97 28 87 72 50 61 78 41 0 73 46 83 67 18 71 84 102 60 47 71 64 25 42 70 55 40 58 45 37 37 43 55 69 84 100 117 50 35 24 23 33 47 63 80 96 113 46 29 13 11 26 43 60 77 94 112 46 29 13 10 26 43 60 77 94 112 50 35 24 23 33 47 63 80 96 113 58 45 37 36 43 55 69 84 100 117 67 57 51 50 55 65 77 91 106 122 78 70 65 64 68 76 87 99 113 128 90 83 79 78 81 88 97 109 121 135 103 96 93 92 95 101 109 119 131 143
18 61 58 71 24 12 21 86 10 21 34 22 30 26 46 48 25 30 38 16 15 33 73 0 58 11 15 88 3 20 39 14 27 10 13 51 31 28 39 63 130 115 102 90 81 74 70 71 76 84 123 107 93 80 69 60 56 58 64 73 117 101 85 71 58 48 43 44 52 64 112 96 79 63 49 36 29 31 42 56 110 92 75 59 42 26 15 20 34 50 109 91 74 57 39 22 5 13 31 48 110 92 75 58 42 26 15 19 34 50 112 96 79 63 48 36 28 31 41 55 117 101 85 71 57 47 42 44 52 63 122 107 93 80 68 60 56 57 63 73
56 46 54 56 67 60 57 63 61 53 62 38 36 46 60 46 60 76 63 43 71 43 46 58 0 66 45 50 57 58 71 51 39 51 46 46 39 73 68 72 88 71 55 38 24 17 25 39 55 72 87 69 52 35 18 3 18 36 53 70 87 70 53 37 21 12 22 37 54 71 90 74 58 43 31 26 32 44 59 75 95 80 66 53 44 40 44 53 66 80 102 88 75 64 57 54 57 64 75 88 110 97 86 76 70 68 70 76 85 97 120 108 97 89 84 82 84 89 97 107 130 119 109 102 98 96 97 102 109 118 141 130 122 115 111 110 111 115 121 129
27 71 68 81 30 9 30 96 18 20 29 31 40 36 43 58 21 34 47 25 17 43 83 11 66 0 22 98 13 18 33 24 37 16 22 61 41 33 47 72 140 125 112 100 89 81 76 74 77 83 133 118 103 90 78 68 62 60 64 71 127 111 96 81 67 56 49 47 51 60 122 106 89 74 59 45 36 33 39 50 119 102 85 69 52 37 23 19 28 43 118 101 83 66 49 32 15 6 22 39 118 101 84 67 50 33 17 10 23 40 120 103 87 70 54 39 27 24 32 45 124 107 91 76 61 49 40 38 43 54 129 113 98 84 71 60 53 51 55 64
24 57 57 68 34 16 27 82 22 14 28 13 23 25 37 45 21 42 43 8 30 31 67 15 45 22 0 80 15 17 37 18 22 6 6 48 27 40 46 66 122 107 92 79 68 59 55 57 63 73 116 100 85 70 57 47 42 43 51 63 112 95 79 63 48 35 28 30 41 55 109 92 75 58 42 26 14 19 33 50 109 91 74 57 39 22 5 13 31 48 110 93 76 59 42 27 16 20 34 50 112 96 79 64 49 36 29 32 42 56 117 101 86 71 58 48 43 45 52 64 123 108 93 80 69 61 57 58 64 74 130 116 103 91 81 74 71 72 77 85
76 32 42 29 83 96 75 22 85 93 105 69 59 64 107 45 100 90 68 75 95 57 18 88 50 98 80 0 86 97 114 76 62 85 78 42 58 87 72 56 42 28 21 26 39 55 71 88 105 122 37 20 7 17 34 51 68 86 103 120 38 21 9 18 34 51 68 86 103 120 43 30 23 28 40 55 71 88 105 122 52 42 37 40 49 62 77 93 109 125 63 54 51 53 61 71 84 99 114 130 75 68 65 67 73 82 93 107 121 136 88 82 79 81 85 93 104 116 129 143 101 95 93 94 99 105 115 125 138 151 114 109 107 108 112 118 126 136 147 160
16 58 56 69 22 14 19 84 9 22 35 20 28 24 47 45 26 29 36 14 15 31 71 3 57 13 15 86 0 22 41 12 25 10 12 49 29 27 38 61 128 113 100 89 79 72 70 71 76 85 120 105 91 78 67 59 56 58 64 74 114 99 83 69 56 46 42 44 53 65 110 93 77 61 46 34 28 32 43 57 107 90 73 56 40 24 14 21 36 52 107 89 72 55 37 20 3 16 33 50 108 90 73 56 40 25 15 21 36 52 110 94 77 62 47 35 29 32 43 58 115 99 84 69 57 47 43 45 53 65 121 106 92 79 68 60 56 58 65 75
36 73 73 84 44 9 39 98 30 5 14 30 40 41 26 62 5 49 57 24 33 47 84 20 58 18 17 97 22 0 21 31 38 15 21 65 43 47 59 81 138 123 108 94 81 70 62 59 60 66 133 117 101 86 72 59 50 45 47 55 129 112 96 79 64 49 37 31 34 44 126 109 92 75 58 42 27 18 22 36 125 108 90 73 56 39 21 5 15 32 126 108 91 74 57 40 24 12 18 34 128 111 94 77 61 46 33 25 29 40 131 115 98 83 68 55 44 39 41 50 136 120 105 90 77 65 57 53 55 61 142 127 113 99 87 77 70 67 68 73
56 93 93 104 62 28 59 118 49 23 10 49 60 61 17 82 16 67 77 44 49 67 102 39 71 33 37 114 41 21 0 51 58 35 41 84 63 66 78 101 155 139 124 108 94 80 69 60 56 56 151 134 118 102 86 72 58 48 42 43 148 131 114 97 81 65 50 36 28 30 146 128 111 94 77 60 43 27 15 18 145 128 110 93 76 58 41 24 7 12 146 128 111 94 77 60 43 28 16 18 148 131 114 97 81 65 50 37 29 30 151 134 118 102 87 72 59 48 42 43 155 139 124 109 94 81 69 60 56 57 161 146 131 116 103 91 81 73 70 70
8 47 45 58 19 25 10 73 10 29 43 14 18 13 54 34 35 27 27 12 21 20 60 14 51 24 18 76 12 31 51 0 15 16 12 38 18 24 29 51 117 103 91 80 72 67 67 71 79 90 110 95 81 69 59 53 53 59 68 80 103 88 72 59 47 40 40 46 58 72 99 82 66 50 36 26 26 36 50 66 96 79 62 45 29 14 14 28 45 62 96 79 61 44 27 10 10 26 44 61 97 81 64 47 32 20 20 32 47 63 101 85 69 54 41 33 33 41 54 68 106 91 76 63 53 47 46 52 63 76 113 99 86 74 65 60 60 65 73 85
18 35 35 46 29 35 19 61 25 35 50 10 3 8 57 24 43 38 28 15 35 10 47 27 39 37 22 62 25 38 58 15 0 25 18 27 5 35 32 46 103 89 76 65 58 55 57 65 75 88 96 81 67 54 45 41 44 53 66 80 91 75 59 44 32 27 32 44 58 74 88 71 54 38 22 13 22 37 54 71 87 70 53 35 18 2 18 35 52 69 89 72 55 39 24 16 23 38 54 71 92 76 60 46 35 30 34 46 60 75 98 83 69 56 47 44 47 56 68 82 105 91 78 68 60 58 60 67 77 90 113 100 89 80 74 72 73 79 88 99
23 60 59 71 31 11 26 85 18 13 28 17 27 27 38 48 19 39 43 11 25 33 71 10 51 16 6 85 10 15 35 16 25 0 7 51 30 36 45 67 127 112 98 85 74 65 61 62 67 76 120 105 90 75 63 53 47 48 55 65 116 99 83 67 53 41 34 35 43 56 112 95 78 62 46 31 20 22 34 50 111 94 76 59 42 25 9 12 29 46 111 94 77 60 43 26 12 15 30 47 113 96 80 63 48 34 24 26 37 51 117 101 85 70 56 44 38 39 47 59 122 107 92 78 66 57 52 52 58 68 129 114 100 88 77 69 65 66 71 79
19 53 52 64 30 18 22 78 18 19 33 10 20 21 42 41 25 38 38 4 27 27 64 13 46 22 6 78 12 21 41 12 18 7 0 44 23 35 41 61 120 105 91 79 68 61 58 61 68 78 114 98 83 69 57 48 44 48 56 68 109 92 76 61 46 35 31 35 46 60 106 89 72 55 39 24 17 24 39 55 104 87 70 53 35 18 3 18 35 52 105 88 71 54 37 21 12 21 37 54 108 91 74 58 44 31 26 31 43 58 112 96 80 66 53 44 40 43 53 65 118 102 88 75 64 57 54 56 64 75 125 111 97 86 76 70 68 70 76 85
36 11 10 21 41 61 34 36 45 62 76 36 25 25 82 4 69 48 26 41 54 18 25 51 46 61 48 42 49 65 84 38 27 51 44 0 22 45 31 26 82 70 61 55 55 60 70 81 95 110 73 60 48 42 41 48 59 73 88 104 66 51 37 28 28 37 51 66 83 99 62 45 29 15 15 29 45 62 79 96 61 44 26 9 9 27 44 61 78 96 63 47 31 19 19 31 47 63 80 97 68 53 40 32 32 40 53 68 84 100 76 62 52 46 45 52 62 75 90 105 85 73 64 59 59 64 73 84 97 112 95 85 78 73 73 77 84 94 106 119
20 31 31 42 30 40 20 56 28 40 55 15 5 8 62 19 48 39 25 20 38 6 42 31 39 41 27 58 29 43 63 18 5 30 23 22 0 35 30 42 99 85 73 63 56 55 59 67 79 92 92 77 63 51 43 41 46 57 70 85 87 70 55 41 30 27 35 48 63 79 83 66 49 33 18 14 26 42 58 75 82 65 48 30 13 5 23 40 57 74 84 67 50 34 20 17 27 43 59 76 88 72 56 43 33 30 37 49 64 80 93 78 65 53 46 44 49 59 72 86 101 87 75 65 59 58 62 70 81 94 110 97 86 78 73 72 75 82 91 103
18 56 48 63 6 39 16 78 18 48 61 38 37 28 73 42 52 4 21 35 17 33 70 28 73 33 40 87 27 47 66 24 35 36 35 45 35 0 19 46 126 115 105 97 91 89 90 95 102 111 117 104 93 84 78 75 77 82 90 101 108 94 82 72 64 61 63 69 79 91 101 86 72 60 51 47 50 58 69 82 95 79 64 50 39 33 37 47 60 75 91 74 57 42 27 20 25 38 54 71 89 72 54 37 20 6 17 34 51 68 89 72 55 38 22 10 18 35 51 69 92 75 59 43 30 23 28 40 56 72 96 81 66 52 42 37 40 50 63 77
23 40 32 46 18 51 20 61 30 58 72 39 34 25 82 28 63 20 6 40 34 25 55 39 68 47 46 72 38 59 78 29 32 45 41 31 30 19 0 27 110 99 91 85 83 84 89 96 106 118 100 88 78 72 69 70 76 85 96 109 90 77 66 58 55 57 64 74 87 101 82 68 55 45 41 43 52 64 79 94 76 60 46 33 27 31 42 57 73 89 73 56 39 23 13 20 35 52 69 86 72 54 37 20 3 16 33 50 68 85 73 57 40 25 16 23 37 53 70 86 78 62 48 36 30 34 45 59 74 90 84 70 58 48 44 47 55 67 81 96
46 29 19 27 45 75 43 40 55 79 94 56 46 41 102 26 85 47 26 59 60 36 40 63 72 72 66 56 61 81 101 51 46 67 61 26 42 46 27 0 89 81 77 76 79 86 95 107 119 133 77 68 63 62 66 74 85 97 111 126 66 55 49 48 53 63 75 89 104 120 57 44 35 34 41 53 67 83 99 115 50 34 22 20 31 46 62 78 95 112 46 29 12 8 25 42 59 76 93 111 47 30 15 12 26 43 59 77 94 111 52 37 26 25 34 48 63 80 96 113 60 48 40 39 45 56 70 85 101 117 70 60 53 53 57 66 78 92 106 122
117 72 79 65 123 137 116 50 126 134 146 110 101 105 147 85 142 129 106 116 135 98 58 130 88 140 122 42 128 138 155 117 103 127 120 82 99 126 110 89 0 18 35 52 70 87 104 122 139 156 15 23 38 54 71 88 105 122 140 157 29 34 45 60 75 91 108 125 142 159 43 47 55 68 82 97 113 129 145 162 58 60 67 77 90 104 119 134 150 166 72 74 80 88 99 112 126 140 156 171 86 88 93 100 110 122 134 148 162 177 100 102 106 112 121 132 144 156 170 184 115 116 119 125 133 143 154 166 179 192 129 130 133 138 145 154 164 176 188 201
104 60 68 55 111 122 103 42 112 119 130 95 86 91 130 73 126 117 95 102 122 85 45 115 71 125 107 28 113 123 139 103 89 112 105 70 85 115 99 81 18 0 18 35 52 70 87 104 122 139 23 15 23 38 54 71 88 105 122 140 34 29 34 45 60 75 91 108 125 142 47 43 46 55 67 82 97 112 129 145 60 57 60 67 77 90 104 118 134 150 74 72 73 79 88 99 112 126 140 155 88 86 87 92 100 110 121 134 148 162 102 100 101 105 112 121 131 143 156 170 116 114 115 119 125 133 142 153 165 178 130 128 129 132 138 145 154 164 175 187
92 51 61 50 100 108 92 41 100 104 114 82 73 80 114 64 111 107 86 88 110 73 37 102 55 112 92 21 100 108 124 91 76 98 91 61 73 105 91 77 35 18 0 18 35 52 70 87 104 122 38 23 15 23 38 54 71 88 105 122 45 34 29 34 45 60 75 91 108 125 55 46 43 46 55 67 81 97 112 129 67 60 57 60 67 77 90 104 118 134 80 73 71 73 79 88 99 112 126 140 93 87 85 87 92 99 109 121 134 148 106 101 99 101 105 112 121 131 143 156 119 115 114 115 118 124 132 142 153 165 133 129 128 129 132 137 144 153 163 175
83 48 59 50 92 95 82 47 90 89 99 69 62 70 97 58 96 100 80 75 100 64 37 90 38 100 79 26 89 94 108 80 65 85 79 55 63 97 85 76 52 35 18 0 18 35 52 70 87 104 54 38 23 15 23 38 54 71 88 105 60 45 34 29 33 45 59 75 91 108 68 55 46 43 46 55 67 81 97 112 77 67 60 57 59 66 77 89 103 118 88 79 73 71 73 79 88 99 112 125 100 92 87 85 87 91 99 109 121 134 112 105 101 99 100 105 111 120 131 143 125 119 115 113 114 118 124 132 141 152 138 132 129 127 128 131 137 144 153 163
76 50 61 56 86 84 76 57 81 76 85 60 55 64 82 57 83 94 78 65 92 59 43 81 24 89 68 39 79 81 94 72 58 74 68 55 56 91 83 79 70 52 35 18 0 18 35 52 70 87 71 54 38 23 15 23 38 54 71 88 75 60 45 33 29 33 45 59 75 91 82 67 55 46 43 46 55 67 81 96 90 77 67 59 57 59 66 77 89 103 99 88 79 73 71 73 78 87 99 111 110 100 92 87 85 86 91 99 109 120 121 112 105 100 99 100 104 111 120 130 133 125 118 114 113 114 117 123 131 141 145 138 132 128 127 127 131 136 143 152
72 58 68 67 84 74 74 71 76 66 72 54 52 62 67 61 72 92 79 58 87 59 55 74 17 81 59 55 72 70 80 67 55 65 61 60 55 89 84 86 87 70 52 35 18 0 18 35 52 70 88 71 54 38 23 14 23 38 54 71 91 75 60 45 33 28 33 45 59 75 97 82 67 55 46 42 46 55 67 81 104 90 77 66 59 56 59 66 76 89 112 99 88 79 73 70 72 78 87 98 122 110 99 91 86 84 86 91 98 108 132 121 112 105 100 98 99 104 110 119 143 133 124 118 114 112 113 117 123 131 154 145 137 131 127 126 127 130 135 143
73 70 78 79 85 68 75 86 75 58 61 53 55 65 54 69 63 93 84 57 84 64 69 70 25 76 55 71 70 62 69 67 57 61 58 70 59 90 89 95 104 87 70 52 35 18 0 18 35 52 105 88 71 54 38 23 14 23 38 54 108 91 75 59 45 33 28 33 45 59 113 97 81 67 55 46 42 46 54 67 119 104 90 77 66 59 56 59 66 76 126 112 99 88 78 72 70 72 78 87 134 121 109 99 91 86 84 85 90 98 144 131 121 111 104 99 98 99 103 110 154 142 132 124 117 113 112 113 116 122 164 154 144 137 131 127 125 126 130 135
78 83 90 94 89 66 80 101 78 55 54 58 63 72 44 81 58 98 92 60 86 73 84 71 39 74 57 88 71 59 60 71 65 62 61 81 67 95 96 107 122 104 87 70 52 35 18 0 18 35 122 105 88 71 54 38 23 14 23 38 125 108 91 75 59 45 33 28 33 45 129 112 97 81 67 55 46 42 45 54 134 118 104 89 77 66 59 56 58 65 140 126 112 99 87 78 72 70 72 77 148 134 121 109 99 91 85 83 85 90 156 143 131 120 111 104 99 97 99 103 166 153 142 132 123 117 113 111 112 116 176 164 153 144 136 130 126 125 126 129
86 98 104 109 97 69 89 117 84 57 52 68 74 82 39 94 58 105 102 68 91 84 100 76 55 77 63 105 76 60 56 79 75 67 68 95 79 102 106 119 139 122 104 87 70 52 35 18 0 18 140 122 105 88 71 54 38 23 14 23 142 125 108 91 75 59 45 33 28 33 145 129 112 97 81 67 54 45 42 45 150 134 118 103 89 76 66 58 55 58 156 140 126 112 99 87 78 72 69 71 162 148 134 121 109 98 90 85 83 85 170 156 143 131 120 110 103 99 97 98 179 165 153 141 131 123 116 112 110 112 188 175 163 153 143 135 130 126 124 125
97 114 119 125 106 75 99 134 93 65 55 80 88 94 41 108 63 114 114 78 98 98 117 84 72 83 73 122 85 66 56 90 88 76 78 110 92 111 118 133 156 139 122 104 87 70 52 35 18 0 157 140 122 105 88 71 54 38 23 14 159 142 125 108 91 75 59 45 33 28 162 145 129 112 96 81 67 54 45 42 166 150 134 118 103 89 76 65 58 55 171 155 140 125 111 98 87 77 71 69 177 162 148 134 120 108 98 90 85 83 184 170 156 143 130 119 110 103 98 96 192 178 165 152 141 131 122 116 112 110 201 187 175 163 152 143 135 129 125 124
109 63 69 54 114 131 107 39 118 129 142 104 94 97 144 77 137 119 96 110 127 90 50 123 87 133 116 37 120 133 151 110 96 120 114 73 92 117 100 77 15 23 38 54 71 88 105 122 140 157 0 18 35 52 70 87 104 122 139 156 15 23 38 54 71 88 105 122 140 157 29 34 45 60 75 91 108 125 142 159 43 47 55 68 82 97 113 129 145 162 58 60 67 77 90 104 119 134 150 166 72 74 80 88 99 112 126 140 156 171 86 88 93 100 110 122 134 148 162 177 100 102 106 112 121 132 144 156 170 184 115 116 119 125 133 143 154 166 179 192
95 49 57 43 101 115 93 29 103 113 125 88 79 83 127 63 120 106 84 94 113 75 35 107 69 118 100 20 105 117 134 95 81 105 98 60 77 104 88 68 23 15 23 38 54 71 88 105 122 140 18 0 18 35 52 70 87 104 122 139 23 15 23 38 54 71 88 105 122 140 34 29 34 45 60 75 91 108 125 142 47 43 46 55 67 82 97 112 129 145 60 57 60 67 77 90 104 118 134 150 74 72 73 79 88 99 112 126 140 155 88 86 87 92 100 110 121 134 148 162 102 100 101 105 112 121 131 143 156 170 116 114 115 119 125 133 142 153 165 178
82 38 48 36 89 100 81 27 90 97 109 73 64 69 110 51 104 96 74 79 100 62 24 93 52 103 85 7 91 101 118 81 67 90 83 48 63 93 78 63 38 23 15 23 38 54 71 88 105 122 35 18 0 18 35 52 70 87 104 122 38 23 15 23 38 54 71 88 105 122 45 34 29 34 45 60 75 91 108 125 55 46 43 46 55 67 81 97 112 129 67 60 57 60 67 77 90 104 118 134 80 73 71 73 79 88 99 112 126 140 93 87 85 87 92 99 109 121 134 148 106 101 99 101 105 112 121 131 143 156 119 115 114 115 118 124 132 142 153 165
71 34 44 37 79 86 70 35 78 81 93 59 51 58 93 44 89 87 67 65 89 52 23 80 35 90 70 17 78 86 102 69 54 75 69 42 51 84 72 62 54 38 23 15 23 38 54 71 88 105 52 35 18 0 18 35 52 70 87 104 54 38 23 15 23 38 54 71 88 105 60 45 34 29 33 45 59 75 91 108 68 55 46 43 46 55 67 81 97 112 77 67 60 57 59 66 77 89 103 118 88 79 73 71 73 79 88 99 112 125 100 92 87 85 87 91 99 109 121 134 112 105 101 99 100 105 111 120 131 143 125 119 115 113 114 118 124 132 141 152
62 38 48 45 73 73 63 49 69 67 77 48 42 50 76 43 74 81 64 53 79 46 33 69 18 78 57 34 67 72 86 59 45 63 57 41 43 78 69 66 71 54 38 23 15 23 38 54 71 88 70 52 35 18 0 18 35 52 70 87 71 54 38 23 15 23 38 54 71 88 75 60 45 33 29 33 45 59 75 91 82 67 55 46 43 46 55 67 81 96 90 77 67 59 57 59 66 77 89 103 99 88 79 73 71 73 78 87 99 111 110 100 92 87 85 86 91 99 109 120 121 112 105 100 99 100 104 111 120 130 133 125 118 114 113 114 117 123 131 141
59 48 56 57 70 62 60 64 63 54 63 40 38 48 60 48 61 78 65 45 73 46 47 60 3 68 47 51 59 59 72 53 41 53 48 48 41 75 70 74 88 71 54 38 23 14 23 38 54 71 87 70 52 35 18 0 18 35 52 70 88 71 54 38 23 14 23 38 54 71 91 75 60 45 33 28 33 45 59 75 97 82 67 55 46 42 46 55 67 81 104 90 77 66 59 56 59 66 76 89 112 99 88 79 73 70 72 78 87 98 122 110 99 91 86 84 86 91 98 108 132 121 112 105 100 98 99 104 110 119 143 133 124 118 114 112 113 117 123 131
60 61 68 72 71 55 62 80 61 45 50 40 43 52 45 59 50 80 71 43 71 52 63 56 18 62 42 68 56 50 58 53 44 47 44 59 46 77 76 85 105 88 71 54 38 23 14 23 38 54 104 87 70 52 35 18 0 18 35 52 105 88 71 54 38 23 14 23 38 54 108 91 75 59 45 33 28 33 45 59 113 97 81 67 55 46 42 46 54 67 119 104 90 77 66 59 56 59 66 76 126 112 99 88 78 72 70 72 78 87 134 121 109 99 91 86 84 85 90 98 144 131 121 111 104 99 98 99 103 110 154 142 132 124 117 113 112 113 116 122
65 76 82 87 76 52 68 97 65 41 41 46 52 60 32 72 44 85 81 47 72 62 80 58 36 60 43 86 58 45 48 59 53 48 48 73 57 82 85 97 122 105 88 71 54 38 23 14 23 38 122 104 87 70 52 35 18 0 18 35 122 105 88 71 54 38 23 14 23 38 125 108 91 75 59 45 33 28 33 45 129 112 97 81 67 55 46 42 45 54 134 118 104 89 77 66 59 56 58 65 140 126 112 99 87 78 72 70 72 77 148 134 121 109 99 91 85 83 85 90 156 143 131 120 111 104 99 97 99 103 166 153 142 132 123 117 113 111 112 116
75 92 97 103 85 56 78 113 72 44 38 58 66 72 25 86 45 93 92 57 78 76 96 64 53 64 51 103 64 47 42 68 66 55 56 88 70 90 96 111 140 122 105 88 71 54 38 23 14 23 139 122 104 87 70 52 35 18 0 18 140 122 105 88 71 54 38 23 14 23 142 125 108 91 75 59 45 33 28 33 145 129 112 97 81 67 54 45 42 45 150 134 118 103 89 76 66 58 55 58 156 140 126 112 99 87 78 72 69 71 162 148 134 121 109 98 90 85 83 85 170 156 143 131 120 110 103 99 97 98 179 165 153 141 131 123 116 112 110 112
87 109 113 120 96 63 90 130 83 53 43 71 80 86 29 102 51 103 106 69 87 90 113 73 70 71 63 120 74 55 43 80 80 65 68 104 85 101 109 126 157 140 122 105 88 71 54 38 23 14 156 139 122 104 87 70 52 35 18 0 157 140 122 105 88 71 54 38 23 14 159 142 125 108 91 75 59 45 33 28 162 145 129 112 96 81 67 54 45 42 166 150 134 118 103 89 76 65 58 55 171 155 140 125 111 98 87 77 71 69 177 162 148 134 120 108 98 90 85 83 184 170 156 143 130 119 110 103 98 96 192 178 165 152 141 131 122 116 112 110
102 57 61 47 106 126 100 31 111 125 139 100 89 91 142 70 133 110 87 106 120 84 46 117 87 127 112 38 114 129 148 103 91 116 109 66 87 108 90 66 29 34 45 60 75 91 108 125 142 159 15 23 38 54 71 88 105 122 140 157 0 18 35 52 70 87 104 122 139 156 15 23 38 54 71 88 105 122 140 157 29 34 45 60 75 91 108 125 142 159 43 47 55 68 82 97 113 129 145 162 58 60 67 77 90 104 119 134 150 166 72 74 80 88 99 112 126 140 156 171 86 88 93 100 110 122 134 148 162 177 100 102 106 112 121 132 144 156 170 184
87 41 46 32 91 110 85 17 96 108 122 83 73 75 125 54 116 96 74 89 105 68 29 101 70 111 95 21 99 112 131 88 75 99 92 51 70 94 77 55 34 29 34 45 60 75 91 108 125 142 23 15 23 38 54 71 88 105 122 140 18 0 18 35 52 70 87 104 122 139 23 15 23 38 54 71 88 105 122 140 34 29 34 45 60 75 91 108 125 142 47 43 46 55 67 82 97 112 129 145 60 57 60 67 77 90 104 118 134 150 74 72 73 79 88 99 112 126 140 155 88 86 87 92 100 110 121 134 148 162 102 100 101 105 112 121 131 143 156 170
72 27 35 22 78 94 71 14 81 92 105 67 57 60 107 41 99 84 62 73 91 53 13 85 53 96 79 9 83 96 114 72 59 83 76 37 55 82 66 49 45 34 29 34 45 60 75 91 108 125 38 23 15 23 38 54 71 88 105 122 35 18 0 18 35 52 70 87 104 122 38 23 15 23 38 54 71 88 105 122 45 34 29 34 45 60 75 91 108 125 55 46 43 46 55 67 81 97 112 129 67 60 57 60 67 77 90 104 118 134 80 73 71 73 79 88 99 112 126 140 93 87 85 87 92 99 109 121 134 148 106 101 99 101 105 112 121 131 143 156
60 20 30 24 67 78 59 27 68 75 88 51 42 47 90 31 83 74 53 57 78 40 11 71 37 81 63 18 69 79 97 59 44 67 61 28 41 72 58 48 60 45 34 29 33 45 59 75 91 108 54 38 23 15 23 38 54 71 88 105 52 35 18 0 18 35 52 70 87 104 54 38 23 15 23 38 54 71 88 105 60 45 34 29 33 45 59 75 91 108 68 55 46 43 46 55 67 81 97 112 77 67 60 57 59 66 77 89 103 118 88 79 73 71 73 79 88 99 112 125 100 92 87 85 87 91 99 109 121 134 112 105 101 99 100 105 111 120 131 143
50 26 35 35 59 64 50 43 57 60 71 37 29 37 73 29 67 67 50 43 67 32 26 58 21 67 48 34 56 64 81 47 32 53 46 28 30 64 55 53 75 60 45 33 29 33 45 59 75 91 71 54 38 23 15 23 38 54 71 88 70 52 35 18 0 18 35 52 70 87 71 54 38 23 15 23 38 54 71 88 75 60 45 33 29 33 45 59 75 91 82 67 55 46 43 46 55 67 81 96 90 77 67 59 57 59 66 77 89 103 99 88 79 73 71 73 78 87 99 111 110 100 92 87 85 86 91 99 109 120 121 112 105 100 99 100 104 111 120 130
45 39 46 50 56 51 46 60 49 45 55 27 24 34 56 37 52 64 52 32 60 32 43 48 12 56 35 51 46 49 65 40 27 41 35 37 27 61 57 63 91 75 60 45 33 28 33 45 59 75 88 71 54 38 23 14 23 38 54 71 87 70 52 35 18 0 18 35 52 70 88 71 54 38 23 14 23 38 54 71 91 75 60 45 33 28 33 45 59 75 97 82 67 55 46 42 46 55 67 81 104 90 77 66 59 56 59 66 76 89 112 99 88 79 73 70 72 78 87 98 122 110 99 91 86 84 86 91 98 108 132 121 112 105 100 98 99 104 110 119
46 55 60 66 58 42 48 77 48 33 40 26 31 39 39 50 39 66 59 29 57 40 60 43 22 49 28 68 42 37 50 40 32 34 31 51 35 63 64 75 108 91 75 59 45 33 28 33 45 59 105 88 71 54 38 23 14 23 38 54 104 87 70 52 35 18 0 18 35 52 105 88 71 54 38 23 14 23 38 54 108 91 75 59 45 33 28 33 45 59 113 97 81 67 55 46 42 46 54 67 119 104 90 77 66 59 56 59 66 76 126 112 99 88 78 72 70 72 78 87 134 121 109 99 91 86 84 85 90 98 144 131 121 111 104 99 98 99 103 110
54 72 76 83 64 39 56 94 52 27 28 35 43 50 23 65 31 72 70 35 59 53 77 44 37 47 30 86 44 31 36 46 44 35 35 66 48 69 74 89 125 108 91 75 59 45 33 28 33 45 122 105 88 71 54 38 23 14 23 38 122 104 87 70 52 35 18 0 18 35 122 105 88 71 54 38 23 14 23 38 125 108 91 75 59 45 33 28 33 45 129 112 97 81 67 55 46 42 45 54 134 118 104 89 77 66 59 56 58 65 140 126 112 99 87 78 72 70 72 77 148 134 121 109 99 91 85 83 85 90 156 143 131 120 111 104 99 97 99 103
65 88 92 100 74 43 68 111 61 32 24 49 59 64 11 80 31 81 84 47 66 68 94 52 54 51 41 103 53 34 28 58 58 43 46 83 63 79 87 104 142 125 108 91 75 59 45 33 28 33 140 122 105 88 71 54 38 23 14 23 139 122 104 87 70 52 35 18 0 18 140 122 105 88 71 54 38 23 14 23 142 125 108 91 75 59 45 33 28 33 145 129 112 97 81 67 54 45 42 45 150 134 118 103 89 76 66 58 55 58 156 140 126 112 99 87 78 72 69 71 162 148 134 121 109 98 90 85 83 85 170 156 143 131 120 110 103 99 97 98
78 105 108 117 87 53 81 128 73 44 31 65 75 79 19 97 40 93 98 62 76 84 112 64 71 60 55 120 65 44 30 72 74 56 60 99 79 91 101 120 159 142 125 108 91 75 59 45 33 28 157 140 122 105 88 71 54 38 23 14 156 139 122 104 87 70 52 35 18 0 157 140 122 105 88 71 54 38 23 14 159 142 125 108 91 75 59 45 33 28 162 145 129 112 96 81 67 54 45 42 166 150 134 118 103 89 76 65 58 55 171 155 140 125 111 98 87 77 71 69 177 162 148 134 120 108 98 90 85 83 184 170 156 143 130 119 110 103 98 96
97 53 55 42 99 123 94 29 106 123 137 97 86 87 141 65 130 102 80 103 114 80 46 112 90 122 109 43 110 126 146 99 88 112 106 62 83 101 82 57 43 47 55 68 82 97 113 129 145 162 29 34 45 60 75 91 108 125 142 159 15 23 38 54 71 88 105 122 140 157 0 18 35 52 70 87 104 122 139 156 15 23 38 54 71 88 105 122 140 157 29 34 45 60 75 91 108 125 142 159 43 47 55 68 82 97 113 129 145 162 58 60 67 77 90 104 119 134 150 166 72 74 80 88 99 112 126 140 156 171 86 88 93 100 110 122 134 148 162 177
80 36 39 25 83 106 78 12 89 106 120 80 69 70 124 49 113 88 65 85 98 63 29 96 74 106 92 30 93 109 128 82 71 95 89 45 66 86 68 44 47 43 46 55 67 82 97 112 129 145 34 29 34 45 60 75 91 108 125 142 23 15 23 38 54 71 88 105 122 140 18 0 18 35 52 70 87 104 122 139 23 15 23 38 54 71 88 105 122 140 34 29 34 45 60 75 91 108 125 142 47 43 46 55 67 82 97 112 129 145 60 57 60 67 77 90 104 118 134 150 74 72 73 79 88 99 112 126 140 155 88 86 87 92 100 110 121 134 148 162
65 19 24 10 69 89 63 7 74 89 102 63 52 54 107 32 96 74 51 68 82 46 13 79 58 89 75 23 77 92 111 66 54 78 72 29 49 72 55 35 55 46 43 46 55 67 81 97 112 129 45 34 29 34 45 60 75 91 108 125 38 23 15 23 38 54 71 88 105 122 35 18 0 18 35 52 70 87 104 122 38 23 15 23 38 54 71 88 105 122 45 34 29 34 45 60 75 91 108 125 55 46 43 46 55 67 81 97 112 129 67 60 57 60 67 77 90 104 118 134 80 73 71 73 79 88 99 112 126 140 93 87 85 87 92 99 109 121 134 148
50 6 16 13 56 72 49 24 59 71 85 46 35 38 90 18 79 62 41 52 68 31 10 63 43 74 58 28 61 75 94 50 38 62 55 15 33 60 45 34 68 55 46 43 46 55 67 81 97 112 60 45 34 29 33 45 59 75 91 108 54 38 23 15 23 38 54 71 88 105 52 35 18 0 18 35 52 70 87 104 54 38 23 15 23 38 54 71 88 105 60 45 34 29 33 45 59 75 91 108 68 55 46 43 46 55 67 81 97 112 77 67 60 57 59 66 77 89 103 118 88 79 73 71 73 79 88 99 112 125 100 92 87 85 87 91 99 109 121 134
38 18 24 29 46 56 37 41 45 55 68 29 20 25 72 16 62 54 36 35 56 19 26 49 31 59 42 40 46 58 77 36 22 46 39 15 18 51 41 41 82 67 55 46 43 46 55 67 81 96 75 60 45 33 29 33 45 59 75 91 71 54 38 23 15 23 38 54 71 88 70 52 35 18 0 18 35 52 70 87 71 54 38 23 15 23 38 54 71 88 75 60 45 33 29 33 45 59 75 91 82 67 55 46 43 46 55 67 81 96 90 77 67 59 57 59 66 77 89 103 99 88 79 73 71 73 78 87 99 111 110 100 92 87 85 86 91 99 109 120
31 35 38 46 42 41 32 59 36 38 51 15 11 20 55 27 46 51 39 21 47 19 43 36 26 45 26 55 34 42 60 26 13 31 24 29 14 47 43 53 97 82 67 55 46 42 46 55 67 81 91 75 60 45 33 28 33 45 59 75 88 71 54 38 23 14 23 38 54 71 87 70 52 35 18 0 18 35 52 70 88 71 54 38 23 14 23 38 54 71 91 75 60 45 33 28 33 45 59 75 97 82 67 55 46 42 46 55 67 81 104 90 77 66 59 56 59 66 76 89 112 99 88 79 73 70 72 78 87 98 122 110 99 91 86 84 86 91 98 108
33 52 55 63 44 29 35 76 34 23 34 14 21 28 38 43 30 53 48 15 43 31 60 29 32 36 14 71 28 27 43 26 22 20 17 45 26 50 52 67 113 97 81 67 55 46 42 46 54 67 108 91 75 59 45 33 28 33 45 59 105 88 71 54 38 23 14 23 38 54 104 87 70 52 35 18 0 18 35 52 105 88 71 54 38 23 14 23 38 54 108 91 75 59 45 33 28 33 45 59 113 97 81 67 55 46 42 46 54 67 119 104 90 77 66 59 56 59 66 76 126 112 99 88 78 72 70 72 78 87 134 121 109 99 91 86 84 85 90 98
43 69 71 81 53 25 46 93 40 14 18 28 38 42 20 60 18 60 61 25 46 47 77 31 44 33 19 88 32 18 27 36 37 22 24 62 42 58 64 83 129 112 97 81 67 55 46 42 45 54 125 108 91 75 59 45 33 28 33 45 122 105 88 71 54 38 23 14 23 38 122 104 87 70 52 35 18 0 18 35 122 105 88 71 54 38 23 14 23 38 125 108 91 75 59 45 33 28 33 45 129 112 97 81 67 55 46 42 45 54 134 118 104 89 77 66 59 56 58 65 140 126 112 99 87 78 72 70 72 77 148 134 121 109 99 91 85 83 85 90
56 86 88 98 65 31 59 110 51 22 11 44 54 58 4 77 19 71 76 41 55 63 94 42 59 39 33 105 43 22 15 50 54 34 39 79 58 69 79 99 145 129 112 97 81 67 54 45 42 45 142 125 108 91 75 59 45 33 28 33 140 122 105 88 71 54 38 23 14 23 139 122 104 87 70 52 35 18 0 18 140 122 105 88 71 54 38 23 14 23 142 125 108 91 75 59 45 33 28 33 145 129 112 97 81 67 54 45 42 45 150 134 118 103 89 76 66 58 55 58 156 140 126 112 99 87 78 72 69 71 162 148 134 121 109 98 90 85 83 85
72 104 105 115 79 44 75 128 65 37 23 61 72 75 16 94 32 84 92 57 67 80 112 56 75 50 50 122 57 36 18 66 71 50 55 96 75 82 94 115 162 145 129 112 96 81 67 54 45 42 159 142 125 108 91 75 59 45 33 28 157 140 122 105 88 71 54 38 23 14 156 139 122 104 87 70 52 35 18 0 157 140 122 105 88 71 54 38 23 14 159 142 125 108 91 75 59 45 33 28 162 145 129 112 96 81 67 54 45 42 166 150 134 118 103 89 76 65 58 55 171 155 140 125 111 98 87 77 71 69 177 162 148 134 120 108 98 90 85 83
93 54 52 43 94 121 90 34 102 122 136 97 86 85 142 64 129 96 75 102 109 78 50 110 95 119 109 52 107 125 145 96 87 111 104 61 82 95 76 50 58 60 67 77 90 104 119 134 150 166 43 47 55 68 82 97 113 129 145 162 29 34 45 60 75 91 108 125 142 159 15 23 38 54 71 88 105 122 140 157 0 18 35 52 70 87 104 122 139 156 15 23 38 54 71 88 105 122 140 157 29 34 45 60 75 91 108 125 142 159 43 47 55 68 82 97 113 129 145 162 58 60 67 77 90 104 119 134 150 166 72 74 80 88 99 112 126 140 156 171
76 37 35 26 77 103 74 21 85 105 119 79 69 67 125 47 112 80 58 84 92 61 35 92 80 102 91 42 90 108 128 79 70 94 87 44 65 79 60 34 60 57 60 67 77 90 104 118 134 150 47 43 46 55 67 82 97 112 129 145 34 29 34 45 60 75 91 108 125 142 23 15 23 38 54 71 88 105 122 140 18 0 18 35 52 70 87 104 122 139 23 15 23 38 54 71 88 105 122 140 34 29 34 45 60 75 91 108 125 142 47 43 46 55 67 82 97 112 129 145 60 57 60 67 77 90 104 118 134 150 74 72 73 79 88 99 112 126 140 155
59 21 18 11 61 86 57 18 68 88 102 62 51 50 108 29 95 65 43 67 76 44 24 75 66 85 74 37 73 90 110 62 53 76 70 26 48 64 46 22 67 60 57 60 67 77 90 104 118 134 55 46 43 46 55 67 81 97 112 129 45 34 29 34 45 60 75 91 108 125 38 23 15 23 38 54 71 88 105 122 35 18 0 18 35 52 70 87 104 122 38 23 15 23 38 54 71 88 105 122 45 34 29 34 45 60 75 91 108 125 55 46 43 46 55 67 81 97 112 129 67 60 57 60 67 77 90 104 118 134 80 73 71 73 79 88 99 112 126 140
43 10 2 14 47 69 41 29 52 70 85 45 34 33 91 12 77 52 29 50 60 26 23 59 53 69 57 40 56 73 93 45 35 59 53 9 30 50 33 20 77 67 60 57 59 66 77 89 103 118 68 55 46 43 46 55 67 81 97 112 60 45 34 29 33 45 59 75 91 108 54 38 23 15 23 38 54 71 88 105 52 35 18 0 18 35 52 70 87 104 54 38 23 15 23 38 54 71 88 105 60 45 34 29 33 45 59 75 91 108 68 55 46 43 46 55 67 81 97 112 77 67 60 57 59 66 77 89 103 118 88 79 73 71 73 79 88 99 112 125
28 19 18 29 34 52 26 44 36 53 67 28 17 16 74 6 60 41 22 32 46 9 33 42 44 52 39 49 40 56 76 29 18 42 35 9 13 39 27 31 90 77 67 59 57 59 66 77 89 103 82 67 55 46 43 46 55 67 81 96 75 60 45 33 29 33 45 59 75 91 71 54 38 23 15 23 38 54 71 88 70 52 35 18 0 18 35 52 70 87 71 54 38 23 15 23 38 54 71 88 75 60 45 33 29 33 45 59 75 91 82 67 55 46 43 46 55 67 81 96 90 77 67 59 57 59 66 77 89 103 99 88 79 73 71 73 78 87 99 111
17 36 35 46 28 35 18 61 24 36 50 11 5 7 57 24 43 37 27 15 34 10 47 26 40 37 22 62 24 39 58 14 2 25 18 27 5 33 31 46 104 90 77 66 59 56 59 66 76 89 97 82 67 55 46 42 46 55 67 81 91 75 60 45 33 28 33 45 59 75 88 71 54 38 23 14 23 38 54 71 87 70 52 35 18 0 18 35 52 70 88 71 54 38 23 14 23 38 54 71 91 75 60 45 33 28 33 45 59 75 97 82 67 55 46 42 46 55 67 81 104 90 77 66 59 56 59 66 76 89 112 99 88 79 73 70 72 78 87 98
21 52 52 63 32 19 24 78 20 18 33 9 19 21 41 41 26 40 39 3 29 27 63 15 44 23 5 77 14 21 41 14 18 9 3 44 23 37 42 62 119 104 90 77 66 59 56 59 66 76 113 97 81 67 55 46 42 46 54 67 108 91 75 59 45 33 28 33 45 59 105 88 71 54 38 23 14 23 38 54 104 87 70 52 35 18 0 18 35 52 105 88 71 54 38 23 14 23 38 54 108 91 75 59 45 33 28 33 45 59 113 97 81 67 55 46 42 46 54 67 119 104 90 77 66 59 56 59 66 76 126 112 99 88 78 72 70 72 78 87
35 70 70 81 43 11 38 95 29 1 16 26 36 38 26 58 8 49 55 21 33 44 80 20 53 19 13 93 21 5 24 28 35 12 18 61 40 47 57 78 134 118 104 89 77 66 59 56 58 65 129 112 97 81 67 55 46 42 45 54 125 108 91 75 59 45 33 28 33 45 122 105 88 71 54 38 23 14 23 38 122 104 87 70 52 35 18 0 18 35 122 105 88 71 54 38 23 14 23 38 125 108 91 75 59 45 33 28 33 45 129 112 97 81 67 55 46 42 45 54 134 118 104 89 77 66 59 56 58 65 140 126 112 99 87 78 72 70 72 77
50 87 87 98 57 22 54 112 44 17 5 43 54 55 17 76 10 62 71 38 45 61 96 34 66 28 31 109 36 15 7 45 52 29 35 78 57 60 73 95 150 134 118 103 89 76 66 58 55 58 145 129 112 97 81 67 54 45 42 45 142 125 108 91 75 59 45 33 28 33 140 122 105 88 71 54 38 23 14 23 139 122 104 87 70 52 35 18 0 18 140 122 105 88 71 54 38 23 14 23 142 125 108 91 75 59 45 33 28 33 145 129 112 97 81 67 54 45 42 45 150 134 118 103 89 76 66 58 55 58 156 140 126 112 99 87 78 72 69 71
67 104 104 115 73 38 70 129 60 35 21 60 71 72 23 93 27 77 88 55 59 79 113 50 80 43 48 125 52 32 12 62 69 46 52 96 74 75 89 112 166 150 134 118 103 89 76 65 58 55 162 145 129 112 96 81 67 54 45 42 159 142 125 108 91 75 59 45 33 28 157 140 122 105 88 71 54 38 23 14 156 139 122 104 87 70 52 35 18 0 157 140 122 105 88 71 54 38 23 14 159 142 125 108 91 75 59 45 33 28 162 145 129 112 96 81 67 54 45 42 166 150 134 118 103 89 76 65 58 55 171 155 140 125 111 98 87 77 71 69
92 58 54 47 90 120 89 43 100 123 138 98 88 85 145 65 130 92 72 102 106 79 58 109 102 118 110 63 107 126 146 96 89 111 105 63 84 91 73 46 72 74 80 88 99 112 126 140 156 171 58 60 67 77 90 104 119 134 150 166 43 47 55 68 82 97 113 129 145 162 29 34 45 60 75 91 108 125 142 159 15 23 38 54 71 88 105 122 140 157 0 18 35 52 70 87 104 122 139 156 15 23 38 54 71 88 105 122 140 157 29 34 45 60 75 91 108 125 142 159 43 47 55 68 82 97 113 129 145 162 58 60 67 77 90 104 119 134 150 166
74 43 37 33 73 103 72 33 83 106 120 81 71 68 128 49 113 75 55 85 89 62 45 91 88 101 93 54 89 108 128 79 72 94 88 47 67 74 56 29 74 72 73 79 88 99 112 126 140 155 60 57 60 67 77 90 104 118 134 150 47 43 46 55 67 82 97 112 129 145 34 29 34 45 60 75 91 108 125 142 23 15 23 38 54 71 88 105 122 140 18 0 18 35 52 70 87 104 122 139 23 15 23 38 54 71 88 105 122 140 34 29 34 45 60 75 91 108 125 142 47 43 46 55 67 82 97 112 129 145 60 57 60 67 77 90 104 118 134 150
57 30 22 23 56 86 54 32 66 89 103 64 54 51 111 33 95 59 38 68 72 45 37 74 75 83 76 51 72 91 111 61 55 77 71 31 50 57 39 12 80 73 71 73 79 88 99 112 126 140 67 60 57 60 67 77 90 104 118 134 55 46 43 46 55 67 81 97 112 129 45 34 29 34 45 60 75 91 108 125 38 23 15 23 38 54 71 88 105 122 35 18 0 18 35 52 70 87 104 122 38 23 15 23 38 54 71 88 105 122 45 34 29 34 45 60 75 91 108 125 55 46 43 46 55 67 81 97 112 129 67 60 57 60 67 77 90 104 118 134
40 24 13 25 40 68 37 39 49 72 86 48 39 34 95 19 78 43 21 51 55 29 36 57 64 66 59 53 55 74 94 44 39 60 54 19 34 42 23 8 88 79 73 71 73 79 88 99 112 125 77 67 60 57 59 66 77 89 103 118 68 55 46 43 46 55 67 81 97 112 60 45 34 29 33 45 59 75 91 108 54 38 23 15 23 38 54 71 88 105 52 35 18 0 18 35 52 70 87 104 54 38 23 15 23 38 54 71 88 105 60 45 34 29 33 45 59 75 91 108 68 55 46 43 46 55 67 81 97 112 77 67 60 57 59 66 77 89 103 118
22 29 22 36 24 51 20 51 31 55 70 32 25 18 79 16 61 30 8 35 39 15 43 39 57 49 42 61 37 57 77 27 24 43 37 19 20 27 13 25 99 88 79 73 71 73 78 87 99 111 90 77 67 59 57 59 66 77 89 103 82 67 55 46 43 46 55 67 81 96 75 60 45 33 29 33 45 59 75 91 71 54 38 23 15 23 38 54 71 88 70 52 35 18 0 18 35 52 70 87 71 54 38 23 15 23 38 54 71 88 75 60 45 33 29 33 45 59 75 91 82 67 55 46 43 46 55 67 81 96 90 77 67 59 57 59 66 77 89 103
6 41 37 51 14 34 4 66 15 39 53 20 18 9 63 28 44 23 17 20 24 15 55 22 54 32 27 71 20 40 60 10 16 26 21 31 17 20 20 42 112 99 88 79 73 70 72 78 87 98 104 90 77 66 59 56 59 66 76 89 97 82 67 55 46 42 46 55 67 81 91 75 60 45 33 28 33 45 59 75 88 71 54 38 23 14 23 38 54 71 87 70 52 35 18 0 18 35 52 70 88 71 54 38 23 14 23 38 54 71 91 75 60 45 33 28 33 45 59 75 97 82 67 55 46 42 46 55 67 81 104 90 77 66 59 56 59 66 76 89
13 57 54 67 20 17 16 82 7 24 37 19 26 22 49 43 28 27 34 14 15 29 69 5 57 15 16 84 3 24 43 10 23 12 12 47 27 25 35 59 126 112 99 88 78 72 70 72 78 87 119 104 90 77 66 59 56 59 66 76 113 97 81 67 55 46 42 46 54 67 108 91 75 59 45 33 28 33 45 59 105 88 71 54 38 23 14 23 38 54 104 87 70 52 35 18 0 18 35 52 105 88 71 54 38 23 14 23 38 54 108 91 75 59 45 33 28 33 45 59 113 97 81 67 55 46 42 46 54 67 119 104 90 77 66 59 56 59 66 76
31 73 71 83 35 4 34 98 23 15 24 31 40 39 37 60 15 40 51 25 22 46 84 13 64 6 20 99 16 12 28 26 38 15 21 63 43 38 52 76 140 126 112 99 87 78 72 70 72 77 134 118 104 89 77 66 59 56 58 65 129 112 97 81 67 55 46 42 45 54 125 108 91 75 59 45 33 28 33 45 122 105 88 71 54 38 23 14 23 38 122 104 87 70 52 35 18 0 18 35 122 105 88 71 54 38 23 14 23 38 125 108 91 75 59 45 33 28 33 45 129 112 97 81 67 55 46 42 45 54 134 118 104 89 77 66 59 56 58 65
48 89 88 100 52 20 51 115 40 23 18 46 56 56 31 77 16 55 68 40 37 62 100 31 75 22 34 114 33 18 16 44 54 30 37 80 59 54 69 93 156 140 126 112 99 87 78 72 69 71 150 134 118 103 89 76 66 58 55 58 145 129 112 97 81 67 54 45 42 45 142 125 108 91 75 59 45 33 28 33 140 122 105 88 71 54 38 23 14 23 139 122 104 87 70 52 35 18 0 18 140 122 105 88 71 54 38 23 14 23 142 125 108 91 75 59 45 33 28 33 145 129 112 97 81 67 54 45 42 45 150 134 118 103 89 76 66 58 55 58
65 106 105 117 69 37 68 131 57 38 27 63 73 73 34 94 30 71 85 57 54 79 117 48 88 39 50 130 50 34 18 61 71 47 54 97 76 71 86 111 171 155 140 125 111 98 87 77 71 69 166 150 134 118 103 89 76 65 58 55 162 145 129 112 96 81 67 54 45 42 159 142 125 108 91 75 59 45 33 28 157 140 122 105 88 71 54 38 23 14 156 139 122 104 87 70 52 35 18 0 157 140 122 105 88 71 54 38 23 14 159 142 125 108 91 75 59 45 33 28 162 145 129 112 96 81 67 54 45 42 166 150 134 118 103 89 76 65 58 55
92 65 59 55 89 121 89 54 101 126 140 102 92 87 148 70 132 89 72 105 105 82 67 110 110 118 112 75 108 128 148 97 92 113 108 68 88 89 72 47 86 88 93 100 110 122 134 148 162 177 72 74 80 88 99 112 126 140 156 171 58 60 67 77 90 104 119 134 150 166 43 47 55 68 82 97 113 129 145 162 29 34 45 60 75 91 108 125 142 159 15 23 38 54 71 88 105 122 140 157 0 18 35 52 70 87 104 122 139 156 15 23 38 54 71 88 105 122 140 157 29 34 45 60 75 91 108 125 142 159 43 47 55 68 82 97 113 129 145 162
75 52 44 44 72 104 72 47 83 109 123 85 76 71 132 55 115 72 55 89 88 66 57 92 97 101 96 68 90 111 131 81 76 96 91 53 72 72 54 30 88 86 87 92 100 110 121 134 148 162 74 72 73 79 88 99 112 126 140 155 60 57 60 67 77 90 104 118 134 150 47 43 46 55 67 82 97 112 129 145 34 29 34 45 60 75 91 108 125 142 23 15 23 38 54 71 88 105 122 140 18 0 18 35 52 70 87 104 122 139 23 15 23 38 54 71 88 105 122 140 34 29 34 45 60 75 91 108 125 142 47 43 46 55 67 82 97 112 129 145
58 42 32 37 55 87 55 46 66 92 107 70 61 55 116 41 98 55 38 72 71 51 51 75 86 84 79 65 73 94 114 64 60 80 74 40 56 54 37 15 93 87 85 87 92 99 109 121 134 148 80 73 71 73 79 88 99 112 126 140 67 60 57 60 67 77 90 104 118 134 55 46 43 46 55 67 81 97 112 129 45 34 29 34 45 60 75 91 108 125 38 23 15 23 38 54 71 88 105 122 35 18 0 18 35 52 70 87 104 122 38 23 15 23 38 54 71 88 105 122 45 34 29 34 45 60 75 91 108 125 55 46 43 46 55 67 81 97 112 129
41 38 27 38 38 70 38 51 49 76 90 55 47 40 100 31 82 38 21 57 53 37 50 58 76 67 64 67 56 77 97 47 46 63 58 32 43 37 20 12 100 92 87 85 87 91 99 109 121 134 88 79 73 71 73 79 88 99 112 125 77 67 60 57 59 66 77 89 103 118 68 55 46 43 46 55 67 81 97 112 60 45 34 29 33 45 59 75 91 108 54 38 23 15 23 38 54 71 88 105 52 35 18 0 18 35 52 70 87 104 54 38 23 15 23 38 54 71 88 105 60 45 34 29 33 45 59 75 91 108 68 55 46 43 46 55 67 81 97 112
25 41 32 46 20 54 22 61 32 60 74 42 36 27 85 29 66 21 8 43 36 27 55 42 70 50 49 73 40 61 81 32 35 48 44 32 33 20 3 26 110 100 92 87 85 86 91 99 109 120 99 88 79 73 71 73 78 87 99 111 90 77 67 59 57 59 66 77 89 103 82 67 55 46 43 46 55 67 81 96 75 60 45 33 29 33 45 59 75 91 71 54 38 23 15 23 38 54 71 88 70 52 35 18 0 18 35 52 70 87 71 54 38 23 15 23 38 54 71 88 75 60 45 33 29 33 45 59 75 91 82 67 55 46 43 46 55 67 81 96
13 51 44 58 3 38 11 74 16 46 59 33 32 23 71 37 50 9 17 32 19 28 65 26 68 33 36 82 25 46 65 20 30 34 31 40 30 6 16 43 122 110 99 91 86 84 86 91 98 108 112 99 88 79 73 70 72 78 87 98 104 90 77 66 59 56 59 66 76 89 97 82 67 55 46 42 46 55 67 81 91 75 60 45 33 28 33 45 59 75 88 71 54 38 23 14 23 38 54 71 87 70 52 35 18 0 18 35 52 70 88 71 54 38 23 14 23 38 54 71 91 75 60 45 33 28 33 45 59 75 97 82 67 55 46 42 46 55 67 81
18 64 59 72 15 24 19 88 10 34 45 33 37 30 58 50 37 18 34 28 2 37 77 15 70 17 29 93 15 33 50 20 34 24 26 53 37 17 33 59 134 121 109 99 91 86 84 85 90 98 126 112 99 88 78 72 70 72 78 87 119 104 90 77 66 59 56 59 66 76 113 97 81 67 55 46 42 46 54 67 108 91 75 59 45 33 28 33 45 59 105 88 71 54 38 23 14 23 38 54 104 87 70 52 35 18 0 18 35 52 105 88 71 54 38 23 14 23 38 54 108 91 75 59 45 33 28 33 45 59 113 97 81 67 55 46 42 46 54 67
33 78 74 88 33 18 35 103 24 29 35 40 48 44 49 65 28 34 51 34 17 51 91 19 76 10 32 107 21 25 37 32 46 26 31 68 49 34 50 77 148 134 121 109 99 91 85 83 85 90 140 126 112 99 87 78 72 70 72 77 134 118 104 89 77 66 59 56 58 65 129 112 97 81 67 55 46 42 45 54 125 108 91 75 59 45 33 28 33 45 122 105 88 71 54 38 23 14 23 38 122 104 87 70 52 35 18 0 18 35 122 105 88 71 54 38 23 14 23 38 125 108 91 75 59 45 33 28 33 45 129 112 97 81 67 55 46 42 45 54
49 94 91 104 50 26 52 119 40 33 32 53 62 59 45 81 28 51 68 47 34 66 106 34 85 23 42 121 36 29 29 47 60 37 43 84 64 51 68 94 162 148 134 121 109 98 90 85 83 85 156 140 126 112 99 87 78 72 69 71 150 134 118 103 89 76 66 58 55 58 145 129 112 97 81 67 54 45 42 45 142 125 108 91 75 59 45 33 28 33 140 122 105 88 71 54 38 23 14 23 139 122 104 87 70 52 35 18 0 18 140 122 105 88 71 54 38 23 14 23 142 125 108 91 75 59 45 33 28 33 145 129 112 97 81 67 54 45 42 45
66 110 107 120 67 41 69 135 57 45 38 68 78 76 47 97 38 68 85 62 52 83 122 50 97 40 56 136 52 40 30 63 75 51 58 100 80 68 85 111 177 162 148 134 120 108 98 90 85 83 171 155 140 125 111 98 87 77 71 69 166 150 134 118 103 89 76 65 58 55 162 145 129 112 96 81 67 54 45 42 159 142 125 108 91 75 59 45 33 28 157 140 122 105 88 71 54 38 23 14 156 139 122 104 87 70 52 35 18 0 157 140 122 105 88 71 54 38 23 14 159 142 125 108 91 75 59 45 33 28 162 145 129 112 96 81 67 54 45 42
95 74 67 66 91 124 92 66 103 130 144 107 98 92 153 77 135 89 75 110 106 88 78 112 120 120 117 88 110 131 151 101 98 117 112 76 93 89 73 52 100 102 106 112 121 132 144 156 170 184 86 88 93 100 110 122 134 148 162 177 72 74 80 88 99 112 126 140 156 171 58 60 67 77 90 104 119 134 150 166 43 47 55 68 82 97 113 129 145 162 29 34 45 60 75 91 108 125 142 159 15 23 38 54 71 88 105 122 140 157 0 18 35 52 70 87 104 122 139 156 15 23 38 54 71 88 105 122 140 157 29 34 45 60 75 91 108 125 142 159
79 63 54 56 74 107 76 61 86 113 128 91 83 77 137 63 119 72 58 94 89 73 70 96 108 103 101 82 94 115 134 85 83 101 96 62 78 72 57 37 102 100 101 105 112 121 131 143 156 170 88 86 87 92 100 110 121 134 148 162 74 72 73 79 88 99 112 126 140 155 60 57 60 67 77 90 104 118 134 150 47 43 46 55 67 82 97 112 129 145 34 29 34 45 60 75 91 108 125 142 23 15 23 38 54 71 88 105 122 140 18 0 18 35 52 70 87 104 122 139 23 15 23 38 54 71 88 105 122 140 34 29 34 45 60 75 91 108 125 142
63 55 45 51 57 91 60 60 69 97 112 77 69 62 122 52 103 54 43 79 72 59 65 79 97 87 86 79 77 98 118 69 69 85 80 52 65 55 40 26 106 101 99 101 105 112 121 131 143 156 93 87 85 87 92 99 109 121 134 148 80 73 71 73 79 88 99 112 126 140 67 60 57 60 67 77 90 104 118 134 55 46 43 46 55 67 81 97 112 129 45 34 29 34 45 60 75 91 108 125 38 23 15 23 38 54 71 88 105 122 35 18 0 18 35 52 70 87 104 122 38 23 15 23 38 54 71 88 105 122 45 34 29 34 45 60 75 91 108 125
47 52 41 52 40 75 44 64 53 82 96 64 57 49 107 44 87 37 29 65 55 48 64 63 89 70 71 81 62 83 102 54 56 70 66 46 53 38 25 25 112 105 101 99 100 105 111 120 131 143 100 92 87 85 87 91 99 109 121 134 88 79 73 71 73 79 88 99 112 125 77 67 60 57 59 66 77 89 103 118 68 55 46 43 46 55 67 81 97 112 60 45 34 29 33 45 59 75 91 108 54 38 23 15 23 38 54 71 88 105 52 35 18 0 18 35 52 70 87 104 54 38 23 15 23 38 54 71 88 105 60 45 34 29 33 45 59 75 91 108
34 54 44 58 25 60 32 72 38 68 81 53 49 40 93 43 72 20 21 53 38 41 68 48 84 54 58 85 47 68 87 41 47 56 53 45 46 22 16 34 121 112 105 100 99 100 104 111 120 130 110 100 92 87 85 86 91 99 109 120 99 88 79 73 71 73 78 87 99 111 90 77 67 59 57 59 66 77 89 103 82 67 55 46 43 46 55 67 81 96 75 60 45 33 29 33 45 59 75 91 71 54 38 23 15 23 38 54 71 88 70 52 35 18 0 18 35 52 70 87 71 54 38 23 15 23 38 54 71 88 75 60 45 33 29 33 45 59 75 91
27 62 54 68 15 46 25 83 27 56 68 47 46 37 80 49 59 7 26 44 23 41 76 36 82 39 48 93 35 55 72 33 44 44 44 52 44 10 23 48 132 121 112 105 100 98 99 104 110 119 122 110 99 91 86 84 86 91 98 108 112 99 88 79 73 70 72 78 87 98 104 90 77 66 59 56 59 66 76 89 97 82 67 55 46 42 46 55 67 81 91 75 60 45 33 28 33 45 59 75 88 71 54 38 23 14 23 38 54 71 87 70 52 35 18 0 18 35 52 70 88 71 54 38 23 14 23 38 54 71 91 75 60 45 33 28 33 45 59 75
29 73 66 80 21 35 29 96 23 46 56 46 50 42 70 59 47 17 39 42 14 48 87 28 84 27 43 104 29 44 59 33 47 38 40 62 49 18 37 63 144 131 121 111 104 99 98 99 103 110 134 121 109 99 91 86 84 85 90 98 126 112 99 88 78 72 70 72 78 87 119 104 90 77 66 59 56 59 66 76 113 97 81 67 55 46 42 46 54 67 108 91 75 59 45 33 28 33 45 59 105 88 71 54 38 23 14 23 38 54 104 87 70 52 35 18 0 18 35 52 105 88 71 54 38 23 14 23 38 54 108 91 75 59 45 33 28 33 45 59
40 86 80 94 36 32 41 110 32 43 48 52 58 52 62 72 41 34 55 46 22 59 99 31 89 24 45 116 32 39 48 41 56 39 43 75 59 35 53 80 156 143 131 120 111 104 99 97 99 103 148 134 121 109 99 91 85 83 85 90 140 126 112 99 87 78 72 70 72 77 134 118 104 89 77 66 59 56 58 65 129 112 97 81 67 55 46 42 45 54 125 108 91 75 59 45 33 28 33 45 122 105 88 71 54 38 23 14 23 38 122 104 87 70 52 35 18 0 18 35 122 105 88 71 54 38 23 14 23 38 125 108 91 75 59 45 33 28 33 45
54 100 96 109 52 37 56 125 45 46 46 62 70 66 59 86 41 51 71 56 37 73 113 41 97 32 52 129 43 41 42 54 68 47 53 90 72 51 70 96 170 156 143 131 120 110 103 99 97 98 162 148 134 121 109 98 90 85 83 85 156 140 126 112 99 87 78 72 69 71 150 134 118 103 89 76 66 58 55 58 145 129 112 97 81 67 54 45 42 45 142 125 108 91 75 59 45 33 28 33 140 122 105 88 71 54 38 23 14 23 139 122 104 87 70 52 35 18 0 18 140 122 105 88 71 54 38 23 14 23 142 125 108 91 75 59 45 33 28 33
70 115 112 125 69 48 72 140 61 55 50 75 84 81 60 102 48 68 88 69 53 88 128 55 107 45 64 143 58 50 43 68 82 59 65 105 86 69 86 113 184 170 156 143 130 119 110 103 98 96 177 162 148 134 120 108 98 90 85 83 171 155 140 125 111 98 87 77 71 69 166 150 134 118 103 89 76 65 58 55 162 145 129 112 96 81 67 54 45 42 159 142 125 108 91 75 59 45 33 28 157 140 122 105 88 71 54 38 23 14 156 139 122 104 87 70 52 35 18 0 157 140 122 105 88 71 54 38 23 14 159 142 125 108 91 75 59 45 33 28
100 85 76 77 94 128 97 79 107 135 149 114 105 99 159 86 140 91 80 116 109 95 90 117 130 124 123 101 115 136 155 106 105 122 118 85 101 92 78 60 115 116 119 125 133 143 154 166 179 192 100 102 106 112 121 132 144 156 170 184 86 88 93 100 110 122 134 148 162 177 72 74 80 88 99 112 126 140 156 171 58 60 67 77 90 104 119 134 150 166 43 47 55 68 82 97 113 129 145 162 29 34 45 60 75 91 108 125 142 159 15 23 38 54 71 88 105 122 140 157 0 18 35 52 70 87 104 122 139 156 15 23 38 54 71 88 105 122 140 157
84 75 65 69 78 112 81 75 91 119 133 99 91 84 144 74 124 74 65 101 92 81 83 101 119 107 108 95 99 120 139 91 91 107 102 73 87 75 62 48 116 114 115 119 125 133 142 153 165 178 102 100 101 105 112 121 131 143 156 170 88 86 87 92 100 110 121 134 148 162 74 72 73 79 88 99 112 126 140 155 60 57 60 67 77 90 104 118 134 150 47 43 46 55 67 82 97 112 129 145 34 29 34 45 60 75 91 108 125 142 23 15 23 38 54 71 88 105 122 140 18 0 18 35 52 70 87 104 122 139 23 15 23 38 54 71 88 105 122 140
70 68 58 65 62 97 67 74 75 104 118 86 79 71 129 64 109 58 51 87 76 69 79 85 109 91 93 93 84 105 124 76 78 92 88 64 75 59 48 40 119 115 114 115 118 124 132 142 153 165 106 101 99 101 105 112 121 131 143 156 93 87 85 87 92 99 109 121 134 148 80 73 71 73 79 88 99 112 126 140 67 60 57 60 67 77 90 104 118 134 55 46 43 46 55 67 81 97 112 129 45 34 29 34 45 60 75 91 108 125 38 23 15 23 38 54 71 88 105 122 35 18 0 18 35 52 70 87 104 122 38 23 15 23 38 54 71 88 105 122
56 66 55 66 47 82 54 77 61 90 103 74 69 60 115 58 94 42 40 75 60 60 78 71 102 76 80 94 69 90 109 63 68 78 75 59 65 43 36 39 125 119 115 113 114 118 124 132 141 152 112 105 101 99 100 105 111 120 131 143 100 92 87 85 87 91 99 109 121 134 88 79 73 71 73 79 88 99 112 125 77 67 60 57 59 66 77 89 103 118 68 55 46 43 46 55 67 81 97 112 60 45 34 29 33 45 59 75 91 108 54 38 23 15 23 38 54 71 88 105 52 35 18 0 18 35 52 70 87 104 54 38 23 15 23 38 54 71 88 105
46 68 58 70 35 68 43 84 48 78 90 65 63 53 102 57 81 28 35 64 45 55 81 57 98 61 69 99 57 77 94 53 60 66 64 59 59 30 30 45 133 125 118 114 113 114 117 123 131 141 121 112 105 100 99 100 104 111 120 130 110 100 92 87 85 86 91 99 109 120 99 88 79 73 71 73 78 87 99 111 90 77 67 59 57 59 66 77 89 103 82 67 55 46 43 46 55 67 81 96 75 60 45 33 29 33 45 59 75 91 71 54 38 23 15 23 38 54 71 88 70 52 35 18 0 18 35 52 70 87 71 54 38 23 15 23 38 54 71 88
40 74 65 79 29 56 39 94 39 67 78 60 60 51 91 61 69 20 39 58 33 55 88 47 96 49 61 105 47 65 81 47 58 57 57 64 58 23 34 56 143 133 124 118 114 112 113 117 123 131 132 121 112 105 100 98 99 104 110 119 122 110 99 91 86 84 86 91 98 108 112 99 88 79 73 70 72 78 87 98 104 90 77 66 59 56 59 66 76 89 97 82 67 55 46 42 46 55 67 81 91 75 60 45 33 28 33 45 59 75 88 71 54 38 23 14 23 38 54 71 87 70 52 35 18 0 18 35 52 70 88 71 54 38 23 14 23 38 54 71
42 83 76 90 33 48 42 105 37 59 68 60 63 55 82 70 60 26 48 56 28 60 97 42 97 40 57 115 43 57 69 46 60 52 54 73 62 28 45 70 154 142 132 124 117 113 112 113 116 122 144 131 121 111 104 99 98 99 103 110 134 121 109 99 91 86 84 85 90 98 126 112 99 88 78 72 70 72 78 87 119 104 90 77 66 59 56 59 66 76 113 97 81 67 55 46 42 46 54 67 108 91 75 59 45 33 28 33 45 59 105 88 71 54 38 23 14 23 38 54 104 87 70 52 35 18 0 18 35 52 105 88 71 54 38 23 14 23 38 54
50 95 88 103 43 45 51 118 43 57 61 64 70 63 75 81 55 39 61 59 32 69 109 44 102 38 58 125 45 53 60 52 67 52 56 84 70 40 59 85 166 153 142 132 123 117 113 111 112 116 156 143 131 120 111 104 99 97 99 103 148 134 121 109 99 91 85 83 85 90 140 126 112 99 87 78 72 70 72 77 134 118 104 89 77 66 59 56 58 65 129 112 97 81 67 55 46 42 45 54 125 108 91 75 59 45 33 28 33 45 122 105 88 71 54 38 23 14 23 38 122 104 87 70 52 35 18 0 18 35 122 105 88 71 54 38 23 14 23 38
62 108 102 116 57 49 64 132 54 59 59 73 80 74 72 94 55 54 76 67 44 81 121 52 109 43 64 138 53 55 56 63 77 58 64 97 81 56 74 101 179 165 153 141 131 123 116 112 110 112 170 156 143 131 120 110 103 99 97 98 162 148 134 121 109 98 90 85 83 85 156 140 126 112 99 87 78 72 69 71 150 134 118 103 89 76 66 58 55 58 145 129 112 97 81 67 54 45 42 45 142 125 108 91 75 59 45 33 28 33 140 122 105 88 71 54 38 23 14 23 139 122 104 87 70 52 35 18 0 18 140 122 105 88 71 54 38 23 14 23
76 122 117 131 73 58 78 147 67 66 62 84 92 88 74 108 60 71 92 78 58 95 135 63 118 54 74 151 65 61 57 76 90 68 75 112 94 72 90 117 192 178 165 152 141 131 122 116 112 110 184 170 156 143 130 119 110 103 98 96 177 162 148 134 120 108 98 90 85 83 171 155 140 125 111 98 87 77 71 69 166 150 134 118 103 89 76 65 58 55 162 145 129 112 96 81 67 54 45 42 159 142 125 108 91 75 59 45 33 28 157 140 122 105 88 71 54 38 23 14 156 139 122 104 87 70 52 35 18 0 157 140 122 105 88 71 54 38 23 14
107 96 87 89 99 134 103 93 112 141 155 122 114 107 166 96 146 95 87 123 113 104 103 122 141 129 130 114 121 142 161 113 113 129 125 95 110 96 84 70 129 130 133 138 145 154 164 176 188 201 115 116 119 125 133 143 154 166 179 192 100 102 106 112 121 132 144 156 170 184 86 88 93 100 110 122 134 148 162 177 72 74 80 88 99 112 126 140 156 171 58 60 67 77 90 104 119 134 150 166 43 47 55 68 82 97 113 129 145 162 29 34 45 60 75 91 108 125 142 159 15 23 38 54 71 88 105 122 140 157 0 18 35 52 70 87 104 122 139 156
92 88 78 83 84 119 89 89 97 127 140 108 101 94 152 85 131 79 73 110 97 91 96 107 130 113 116 109 106 127 146 99 100 114 111 85 97 81 70 60 130 128 129 132 138 145 154 164 175 187 116 114 115 119 125 133 142 153 165 178 102 100 101 105 112 121 131 143 156 170 88 86 87 92 100 110 121 134 148 162 74 72 73 79 88 99 112 126 140 155 60 57 60 67 77 90 104 118 134 150 47 43 46 55 67 82 97 112 129 145 34 29 34 45 60 75 91 108 125 142 23 15 23 38 54 71 88 105 122 140 18 0 18 35 52 70 87 104 122 139
79 82 71 79 70 104 76 88 83 113 126 96 90 82 138 77 117 64 62 97 82 81 93 93 122 98 103 107 92 113 131 86 89 100 97 78 86 66 58 53 133 129 128 129 132 137 144 153 163 175 119 115 114 115 118 124 132 142 153 165 106 101 99 101 105 112 121 131 143 156 93 87 85 87 92 99 109 121 134 148 80 73 71 73 79 88 99 112 126 140 67 60 57 60 67 77 90 104 118 134 55 46 43 46 55 67 81 97 112 129 45 34 29 34 45 60 75 91 108 125 38 23 15 23 38 54 71 88 105 122 35 18 0 18 35 52 70 87 104 122
67 80 69 79 57 90 64 91 70 100 112 86 82 73 125 72 103 50 53 86 67 73 92 80 115 84 91 108 79 99 116 74 80 88 86 73 78 52 48 53 138 132 129 127 128 131 137 144 153 163 125 119 115 113 114 118 124 132 141 152 112 105 101 99 100 105 111 120 131 143 100 92 87 85 87 91 99 109 121 134 88 79 73 71 73 79 88 99 112 125 77 67 60 57 59 66 77 89 103 118 68 55 46 43 46 55 67 81 97 112 60 45 34 29 33 45 59 75 91 108 54 38 23 15 23 38 54 71 88 105 52 35 18 0 18 35 52 70 87 104
59 81 71 83 47 78 56 97 60 88 100 78 76 67 113 71 91 39 49 77 55 69 95 68 111 71 81 112 68 87 103 65 74 77 76 73 73 42 44 57 145 138 132 128 127 127 131 136 143 152 133 125 118 114 113 114 117 123 131 141 121 112 105 100 99 100 104 111 120 130 110 100 92 87 85 86 91 99 109 120 99 88 79 73 71 73 78 87 99 111 90 77 67 59 57 59 66 77 89 103 82 67 55 46 43 46 55 67 81 96 75 60 45 33 29 33 45 59 75 91 71 54 38 23 15 23 38 54 71 88 70 52 35 18 0 18 35 52 70 87
54 86 77 91 43 68 53 105 53 79 89 74 74 65 102 74 80 34 52 71 45 69 101 60 110 60 74 118 60 77 91 60 72 69 70 77 72 37 47 66 154 145 137 131 127 126 127 130 135 143 143 133 124 118 114 112 113 117 123 131 132 121 112 105 100 98 99 104 110 119 122 110 99 91 86 84 86 91 98 108 112 99 88 79 73 70 72 78 87 98 104 90 77 66 59 56 59 66 76 89 97 82 67 55 46 42 46 55 67 81 91 75 60 45 33 28 33 45 59 75 88 71 54 38 23 14 23 38 54 71 87 70 52 35 18 0 18 35 52 70
55 94 86 100 45 61 55 115 51 73 80 74 76 68 94 81 72 38 59 70 41 73 109 56 111 53 71 126 56 70 81 60 73 65 68 84 75 40 55 78 164 154 144 137 131 127 125 126 130 135 154 142 132 124 117 113 112 113 116 122 144 131 121 111 104 99 98 99 103 110 134 121 109 99 91 86 84 85 90 98 126 112 99 88 78 72 70 72 78 87 119 104 90 77 66 59 56 59 66 76 113 97 81 67 55 46 42 46 54 67 108 91 75 59 45 33 28 33 45 59 105 88 71 54 38 23 14 23 38 54 104 87 70 52 35 18 0 18 35 52
62 105 98 112 54 59 62 127 55 70 75 77 82 74 88 91 68 47 70 72 45 81 119 57 115 51 72 136 58 67 73 65 79 66 70 94 82 50 67 92 176 164 153 144 136 130 126 125 126 129 166 153 142 132 123 117 113 111 112 116 156 143 131 120 111 104 99 97 99 103 148 134 121 109 99 91 85 83 85 90 140 126 112 99 87 78 72 70 72 77 134 118 104 89 77 66 59 56 58 65 129 112 97 81 67 55 46 42 45 54 125 108 91 75 59 45 33 28 33 45 122 105 88 71 54 38 23 14 23 38 122 104 87 70 52 35 18 0 18 35
72 117 110 125 65 62 73 140 64 72 73 84 91 84 86 103 68 61 83 79 53 91 131 63 121 55 77 147 65 68 70 73 88 71 76 106 91 63 81 106 188 175 163 153 143 135 130 126 124 125 179 165 153 141 131 123 116 112 110 112 170 156 143 131 120 110 103 99 97 98 162 148 134 121 109 98 90 85 83 85 156 140 126 112 99 87 78 72 69 71 150 134 118 103 89 76 66 58 55 58 145 129 112 97 81 67 54 45 42 45 142 125 108 91 75 59 45 33 28 33 140 122 105 88 71 54 38 23 14 23 139 122 104 87 70 52 35 18 0 18
84 130 124 138 79 69 86 154 76 78 76 94 102 96 87 116 73 76 98 88 66 103 143 73 129 64 85 160 75 73 70 85 99 79 85 119 103 77 96 122 201 187 175 163 152 143 135 129 125 124 192 178 165 152 141 131 122 116 112 110 184 170 156 143 130 119 110 103 98 96 177 162 148 134 120 108 98 90 85 83 171 155 140 125 111 98 87 77 71 69 166 150 134 118 103 89 76 65 58 55 162 145 129 112 96 81 67 54 45 42 159 142 125 108 91 75 59 45 33 28 157 140 122 105 88 71 54 38 23 14 156 139 122 104 87 70 52 35 18 0
