0 55 107 43 88 46 101 54 65 21 21 63 72 43 38 18 51 48 71 57 5 77 86 43 85 40 110 51 74 55 16 67 73 67 46 55 61 52 59 50 149 134 121 108 97 88 82 79 79 84 142 127 112 98 86 76 68 65 66 71 136 120 104 90 76 64 55 51 52 59 131 115 98 83 68 54 43 37 39 48 128 111 94 77 61 45 32 24 27 38 126 109 92 74 57 40 24 10 16 32 126 109 91 74 57 40 22 7 15 31 127 110 93 76 60 44 29 20 23 36 130 113 97 81 65 51 40 33 36 45 134 118 103 87 73 61 52 47 49 56
55 0 54 57 34 11 47 9 25 45 36 27 39 13 25 53 11 9 22 10 54 29 32 63 31 20 55 11 38 20 43 36 34 13 10 11 13 5 24 16 96 83 72 64 60 61 67 76 88 101 88 73 61 51 46 48 55 66 79 94 81 66 51 39 32 34 44 57 72 88 77 60 44 29 19 22 35 51 67 84 75 57 40 23 6 13 31 48 65 82 75 58 41 25 12 17 32 49 66 83 79 62 47 33 25 28 39 53 69 86 84 69 56 45 39 41 49 61 75 91 91 78 66 58 53 54 61 71 83 97 100 88 78 71 67 68 73 82 93 105
107 54 0 107 31 64 9 53 47 93 89 50 51 66 78 101 61 62 37 50 107 50 22 113 31 68 19 57 46 65 97 53 45 41 63 53 54 56 66 58 43 32 28 34 47 61 77 94 110 127 35 20 14 24 40 56 73 91 108 125 33 15 3 20 38 55 72 90 107 124 36 22 16 25 41 57 74 91 108 125 44 33 30 36 48 62 78 94 111 127 55 47 44 48 58 70 84 99 115 131 67 60 58 61 69 79 92 106 121 137 79 74 72 75 81 90 102 114 128 143 93 88 86 88 94 102 112 124 136 150 106 102 101 102 107 114 123 134 146 159
43 57 107 0 79 47 99 62 78 56 35 79 91 48 33 58 47 50 79 65 38 62 86 7 78 55 103 60 91 43 31 86 88 69 49 64 53 57 42 63 149 138 128 120 115 111 111 113 118 124 138 127 116 108 101 98 97 99 105 112 129 116 105 95 88 84 83 86 92 101 120 106 94 83 75 70 69 73 80 90 113 98 84 72 62 56 55 60 69 80 106 91 76 62 50 43 42 47 58 71 102 85 69 53 40 30 28 36 49 65 99 82 65 48 32 17 15 27 43 60 98 81 63 46 29 12 7 24 41 59 99 82 65 48 32 19 17 28 44 61
88 34 31 79 0 42 23 38 44 79 68 47 55 46 53 87 38 41 32 37 86 19 17 85 5 53 24 42 51 38 75 54 48 26 43 39 28 38 37 46 71 62 58 58 64 73 85 99 113 129 60 49 44 45 52 63 77 91 107 123 50 38 30 31 41 55 70 86 102 119 44 28 16 19 33 49 65 82 99 117 41 24 6 12 29 46 64 81 98 116 43 28 15 18 32 48 65 82 99 116 50 37 29 30 40 54 69 86 102 119 59 49 43 44 51 62 76 91 107 123 70 61 57 58 63 73 85 98 113 128 82 75 71 71 76 84 94 107 120 135
46 11 64 47 42 0 57 15 33 39 27 34 46 5 15 46 7 3 32 18 45 33 42 53 40 17 65 14 45 16 34 42 42 24 3 18 16 10 21 19 106 93 82 74 69 68 71 78 88 100 98 84 71 61 55 54 58 67 78 92 91 75 61 49 41 40 46 56 70 84 85 69 53 39 28 26 34 48 63 79 82 65 48 32 17 13 26 42 59 76 82 64 47 30 13 7 23 41 58 75 83 67 50 34 21 18 29 44 60 77 87 71 56 43 34 32 39 51 65 81 93 79 65 54 47 46 51 60 73 87 101 88 76 66 61 59 63 71 82 95
101 47 9 99 23 57 0 48 44 88 83 47 49 60 70 96 54 55 33 45 100 42 15 106 23 63 15 51 45 57 90 51 43 35 56 47 47 50 58 53 50 40 35 39 49 63 78 93 110 126 41 28 21 27 41 56 72 89 106 123 36 19 7 19 35 53 70 87 104 121 36 20 8 19 36 53 70 87 104 122 42 28 22 28 41 56 73 89 106 123 51 41 36 40 50 63 78 94 110 126 62 54 51 53 61 72 85 100 115 131 74 67 65 67 73 82 94 108 122 137 87 81 79 80 86 94 104 116 130 144 100 95 93 94 99 106 115 126 138 152
54 9 53 62 38 15 48 0 18 42 37 19 32 15 30 50 18 13 18 4 54 36 33 67 35 16 58 4 31 27 44 28 28 14 13 3 21 6 32 9 95 81 69 60 54 54 59 68 80 94 88 73 59 47 40 40 47 58 72 87 83 66 51 37 27 26 36 50 65 82 80 62 45 29 15 14 28 45 62 79 79 62 44 27 10 9 26 43 61 78 81 64 48 32 20 20 31 47 63 80 85 69 54 41 33 33 41 53 68 84 91 77 64 53 47 46 52 63 76 90 99 86 74 66 60 60 65 73 85 98 108 96 86 79 74 74 78 85 95 107
65 25 47 78 44 33 44 18 0 48 50 4 15 31 46 55 35 30 12 16 65 48 32 84 40 26 57 19 13 44 58 12 10 20 30 16 37 23 49 16 86 71 57 44 37 36 44 56 70 85 82 65 49 34 23 23 34 48 64 81 79 62 45 28 12 11 27 44 61 78 79 62 45 28 12 11 27 44 61 78 82 65 49 34 23 23 33 48 64 81 86 71 56 44 37 36 44 56 70 85 93 79 66 56 50 50 55 65 78 92 101 88 77 69 64 64 68 76 87 100 111 99 89 82 78 78 81 88 98 109 121 110 102 95 92 91 94 100 109 119
21 45 93 56 79 39 88 42 48 0 23 46 54 34 38 8 45 39 56 44 24 71 74 58 75 26 99 38 56 52 25 48 55 55 38 41 55 41 57 36 134 118 104 90 78 68 61 59 62 70 128 112 96 81 68 56 48 46 49 59 123 107 90 74 59 46 35 32 37 49 121 104 87 70 53 37 23 18 27 41 119 102 85 68 50 33 16 5 20 38 120 103 85 68 51 34 19 11 23 39 122 105 88 72 56 41 29 25 32 45 125 109 93 78 63 50 41 38 43 53 130 115 100 85 72 62 54 52 56 64 137 122 108 95 83 74 68 66 69 75
21 36 89 35 68 27 83 37 50 23 0 50 61 24 19 27 31 28 55 40 18 57 68 39 66 24 91 34 61 35 8 56 59 49 27 38 41 34 39 35 131 118 105 94 85 79 77 78 83 92 123 109 95 83 73 66 63 65 71 81 117 101 87 73 61 53 49 52 59 70 112 95 79 64 51 40 35 39 48 62 108 91 74 58 42 29 22 27 40 55 106 89 72 54 37 21 8 18 34 51 106 89 72 54 37 20 7 18 34 51 108 91 74 58 42 28 21 26 39 55 111 95 79 64 51 40 35 38 48 61 117 101 86 73 61 53 49 51 59 70
63 27 50 79 47 34 47 19 4 46 50 0 13 32 47 53 37 31 16 18 64 51 35 84 43 26 60 20 12 46 57 9 10 23 31 17 39 24 51 16 89 73 58 45 36 35 41 53 67 82 84 67 51 36 24 21 31 45 61 78 82 65 47 30 14 8 24 41 58 75 82 65 48 31 15 10 25 41 58 76 85 68 52 37 26 23 32 46 62 78 89 74 59 47 39 37 43 54 68 83 96 82 69 59 52 51 55 64 76 90 104 91 80 71 66 65 68 76 86 98 114 102 92 84 79 79 81 88 97 108 124 113 104 97 93 92 95 100 108 118
72 39 51 91 55 46 49 32 15 54 61 13 0 44 60 60 49 44 24 30 74 62 40 96 51 37 64 32 5 59 68 6 8 34 44 29 51 37 63 28 85 69 52 37 25 22 31 45 61 77 83 65 48 31 15 9 24 40 58 75 83 65 48 31 15 9 23 40 57 75 85 68 52 37 25 22 31 45 61 77 89 74 59 46 37 35 41 53 67 82 96 82 68 58 51 49 54 63 75 89 104 91 79 70 64 63 67 74 84 97 113 101 91 83 78 77 80 86 95 106 123 112 103 96 92 91 93 99 107 117 134 124 116 110 106 105 107 112 119 128
43 13 66 48 46 5 60 15 31 34 24 32 44 0 16 42 11 6 33 18 41 38 45 53 43 12 68 13 44 20 31 40 41 25 4 17 21 11 26 17 108 95 83 74 68 65 68 74 84 96 100 86 73 62 54 52 55 63 74 87 94 78 64 51 41 38 42 52 65 80 89 72 56 41 29 24 30 43 58 74 86 69 52 35 19 10 21 37 54 71 86 69 52 34 17 5 20 37 54 71 88 71 55 39 25 19 27 41 57 73 92 76 61 47 37 33 38 49 63 78 98 83 70 58 50 47 51 59 71 85 106 92 80 70 63 61 64 71 81 93
38 25 78 33 53 15 70 30 46 38 19 47 60 16 0 44 17 18 47 33 35 40 56 38 51 25 76 28 59 18 23 55 56 38 17 32 25 25 21 32 120 107 97 88 83 80 82 87 95 105 111 97 85 76 69 67 68 74 83 95 103 88 75 64 56 53 55 62 73 86 96 81 66 53 43 39 42 51 64 78 91 75 59 44 31 25 30 42 57 73 89 71 54 38 22 11 20 36 52 69 88 71 54 36 19 4 17 34 52 69 90 73 56 40 26 18 24 38 54 71 94 78 62 48 37 32 36 47 60 76 99 84 71 58 50 46 49 57 69 82
18 53 101 58 87 46 96 50 55 8 27 53 60 42 44 0 52 47 64 52 23 79 82 60 83 34 107 46 63 59 28 55 62 63 45 49 62 49 64 43 141 126 111 97 84 73 65 61 61 67 136 119 104 89 74 62 52 47 48 55 131 115 98 82 67 52 40 33 35 44 129 111 94 78 61 45 30 20 22 35 127 110 93 75 58 41 24 8 13 30 127 110 93 76 59 42 25 11 15 31 129 112 95 79 62 47 33 24 26 37 133 116 100 84 69 55 44 38 39 47 137 121 106 91 77 65 56 51 52 59 143 128 113 99 87 77 69 65 66 71
51 11 61 47 38 7 54 18 35 45 31 37 49 11 17 52 0 8 32 20 49 27 40 53 35 23 61 18 48 11 38 45 44 22 9 20 10 13 16 23 104 92 81 74 70 71 75 83 94 106 95 81 70 61 56 57 63 72 84 98 87 72 59 48 43 43 51 62 76 91 81 65 50 37 29 30 40 54 69 85 77 60 44 28 15 18 32 48 65 82 76 59 41 24 7 12 29 46 63 81 77 60 44 28 16 19 32 48 65 82 81 65 50 37 30 31 41 54 69 86 87 73 59 49 43 44 51 63 76 91 95 82 70 62 57 58 63 73 85 98
48 9 62 50 41 3 55 13 30 39 28 31 44 6 18 47 8 0 30 16 46 33 40 55 38 16 63 12 43 18 35 40 40 21 2 15 16 8 23 17 104 91 80 71 66 65 69 76 87 99 96 82 69 59 52 51 56 65 77 91 89 74 59 47 39 37 44 55 69 84 84 68 52 37 26 24 33 47 63 79 81 64 47 30 15 11 25 42 59 76 81 64 47 30 13 9 25 42 59 76 83 67 50 35 23 21 31 46 62 78 88 72 57 44 36 34 41 53 67 83 94 80 67 56 49 48 53 63 75 89 102 89 77 68 63 62 66 74 85 97
71 22 37 79 32 32 33 18 12 56 55 16 24 33 47 64 32 30 0 15 71 39 20 84 28 32 45 21 20 40 62 23 17 12 30 17 31 22 44 22 78 64 51 42 40 44 54 67 82 97 72 56 41 30 26 32 45 60 76 93 68 51 35 19 12 23 39 56 73 90 67 50 33 16 4 20 38 55 72 89 70 53 37 23 18 27 41 57 74 91 74 59 45 35 32 37 49 63 78 94 81 68 56 48 46 50 59 71 85 100 90 78 68 62 60 63 70 80 93 107 100 89 81 75 74 76 82 91 102 115 111 101 94 89 88 90 95 103 113 124
57 10 50 65 37 18 45 4 16 44 40 18 30 18 33 52 20 16 15 0 57 36 30 70 33 19 55 7 28 29 48 26 25 11 16 3 22 8 34 10 92 78 66 56 51 52 58 68 80 94 85 70 56 44 37 38 46 58 72 88 80 63 48 33 24 25 36 51 67 83 77 60 43 26 11 14 29 46 63 80 77 60 42 25 10 12 29 46 63 80 79 63 47 32 22 23 34 50 66 82 84 68 54 42 35 36 44 57 71 87 91 77 64 54 49 49 56 66 79 93 99 86 75 67 63 63 68 77 88 101 108 97 87 80 77 77 81 88 98 110
5 54 107 38 86 45 100 54 65 24 18 64 74 41 35 23 49 46 71 57 0 74 86 39 84 40 109 50 75 53 13 68 74 66 45 55 59 51 56 50 148 134 121 109 98 90 84 82 84 88 141 126 112 99 87 78 71 68 70 76 135 119 104 90 77 66 58 55 57 64 130 113 97 82 67 55 45 41 44 53 126 109 92 76 60 45 33 27 31 43 124 106 89 72 55 39 23 13 21 36 123 106 88 71 54 36 19 2 17 34 124 107 90 73 56 39 24 16 22 37 126 110 93 77 61 47 35 29 33 44 130 114 98 83 69 56 47 43 46 54
77 29 50 62 19 33 42 36 48 71 57 51 62 38 40 79 27 33 39 36 74 0 31 68 19 48 42 39 58 23 62 60 55 28 34 38 17 33 21 44 89 81 75 74 76 82 91 103 115 129 78 68 61 60 63 70 81 93 107 122 67 56 48 46 50 59 71 85 100 116 59 45 35 32 37 49 63 79 95 111 52 37 23 18 27 41 58 74 91 108 50 32 15 4 21 38 55 73 90 107 51 34 19 12 24 40 56 73 90 108 56 41 30 26 33 46 61 77 93 110 64 51 43 40 45 55 68 82 98 114 73 63 56 54 58 66 77 90 104 119
86 32 22 86 17 42 15 33 32 74 68 35 40 45 56 82 40 40 20 30 86 31 0 92 14 48 26 36 36 44 75 41 33 20 41 33 33 35 45 39 64 53 45 43 48 58 71 85 100 116 56 42 32 29 36 48 63 79 95 112 50 34 20 15 26 42 58 75 92 109 48 31 14 5 22 39 57 74 91 109 50 34 20 15 26 42 58 75 92 109 56 42 32 29 36 48 63 79 95 112 64 53 45 43 48 58 71 85 100 116 75 65 58 57 61 69 80 93 107 122 86 77 72 71 74 81 90 102 115 129 98 91 86 85 87 93 101 112 124 137
43 63 113 7 85 53 106 67 84 58 39 84 96 53 38 60 53 55 84 70 39 68 92 0 84 60 109 65 96 49 34 91 93 75 55 69 59 63 49 69 155 144 134 126 120 116 115 116 120 126 145 133 122 113 107 102 101 103 107 114 135 122 111 101 93 89 87 89 94 102 126 113 100 89 81 75 73 76 82 91 118 104 90 78 68 61 59 62 70 80 112 96 82 68 56 48 46 49 58 71 107 91 75 59 46 35 32 37 49 63 104 87 70 53 37 24 18 26 41 57 102 85 68 50 33 16 4 20 37 55 103 86 68 51 35 19 11 23 39 55
85 31 31 78 5 40 23 35 40 75 66 43 51 43 51 83 35 38 28 33 84 19 14 84 0 50 26 38 47 36 72 50 44 22 40 36 26 35 36 42 71 62 56 56 61 70 81 95 109 125 61 50 43 42 48 59 73 87 103 119 52 38 29 28 37 51 66 82 98 115 46 30 16 15 29 45 61 78 96 113 45 27 10 8 26 43 60 77 95 112 47 32 19 18 30 46 62 79 96 113 54 41 32 31 39 52 67 83 99 116 63 52 45 45 51 61 74 89 104 120 74 64 59 59 63 72 83 96 111 126 85 78 73 73 76 84 94 105 119 133
40 20 68 55 53 17 63 16 26 26 24 26 37 12 25 34 23 16 32 19 40 48 48 60 50 0 73 12 38 32 32 32 36 29 14 16 31 15 37 11 110 95 82 70 62 57 58 63 72 84 103 88 73 60 49 43 44 51 62 76 98 82 66 51 38 30 31 40 54 69 95 78 61 44 29 16 18 32 48 65 94 76 59 42 25 7 11 28 46 63 95 78 61 44 28 16 18 31 48 64 98 81 65 50 37 29 30 40 53 69 103 87 72 59 48 42 43 50 62 75 109 95 81 70 61 56 57 62 72 84 117 104 92 81 74 70 70 75 83 93
110 55 19 103 24 65 15 58 57 99 91 60 64 68 76 107 61 63 45 55 109 42 26 109 26 73 0 61 59 61 98 65 57 45 64 58 52 59 61 64 49 43 45 52 64 78 92 108 124 141 37 29 31 42 55 71 87 103 120 137 27 16 19 34 50 66 83 101 118 135 23 5 13 30 48 65 82 100 117 134 27 15 19 33 50 66 83 101 118 135 37 29 31 42 55 71 87 103 120 137 49 43 45 52 64 77 92 108 124 141 62 57 59 64 74 86 100 114 130 145 75 72 72 77 85 96 108 122 136 151 89 86 86 90 97 107 118 130 144 158
51 11 57 60 42 14 51 4 19 38 34 20 32 13 28 46 18 12 21 7 50 39 36 65 38 12 61 0 31 28 41 28 29 17 12 5 23 6 33 6 98 84 72 62 55 54 58 66 78 91 91 76 62 50 42 40 45 56 69 84 86 70 54 40 29 26 34 47 62 78 83 66 49 33 17 13 25 41 58 75 82 65 48 31 13 6 23 40 57 74 84 67 51 35 21 18 28 43 59 76 88 72 57 43 34 31 38 50 65 80 94 79 66 54 47 45 50 60 72 87 101 88 76 66 60 59 63 71 82 94 110 98 87 79 74 73 76 83 92 103
74 38 46 91 51 45 45 31 13 56 61 12 5 44 59 63 48 43 20 28 75 58 36 96 47 38 59 31 0 57 69 8 4 31 43 28 48 36 61 28 81 65 49 35 25 25 35 49 65 82 79 61 44 28 12 13 28 45 62 79 78 61 44 27 10 11 27 44 62 79 81 64 48 33 22 22 33 48 64 81 85 70 55 43 35 35 43 55 70 85 92 77 65 55 49 49 54 65 77 92 100 87 76 67 62 62 67 75 87 99 109 97 88 80 76 76 80 87 97 108 119 109 100 94 90 90 93 99 108 118 131 121 113 107 104 104 107 112 120 129
55 20 65 43 38 16 57 27 44 52 35 46 59 20 18 59 11 18 40 29 53 23 44 49 36 32 61 28 57 0 41 55 53 29 18 30 11 23 6 34 106 96 87 81 79 80 85 93 104 116 96 84 75 68 65 67 73 82 94 107 87 74 63 54 51 53 61 72 85 99 80 65 52 41 37 40 50 63 77 93 75 58 43 30 23 28 41 56 72 89 71 54 37 21 9 19 35 52 69 86 71 54 37 20 6 17 34 51 69 86 74 57 41 28 20 26 39 55 71 88 79 64 50 39 34 38 48 61 76 92 86 72 60 52 48 51 58 70 83 98
16 43 97 31 75 34 90 44 58 25 8 57 68 31 23 28 38 35 62 48 13 62 75 34 72 32 98 41 69 41 0 63 67 56 34 46 47 41 44 42 139 125 113 102 93 86 83 83 87 94 131 116 103 91 80 73 69 69 74 82 124 108 94 80 69 60 55 56 61 71 118 102 86 72 58 47 41 42 50 61 114 97 81 65 49 36 28 29 39 53 112 94 77 60 44 27 15 17 31 48 111 93 76 59 42 24 7 11 29 46 112 95 78 61 44 29 17 19 32 48 115 98 82 66 51 38 30 31 41 54 119 103 88 73 60 50 44 45 52 63
67 36 53 86 54 42 51 28 12 48 56 9 6 40 55 55 45 40 23 26 68 60 41 91 50 32 65 28 8 55 63 0 9 32 39 26 48 33 60 24 89 73 57 42 30 26 32 45 60 76 86 69 52 35 20 12 23 39 55 72 85 68 51 33 16 3 20 37 54 72 87 70 53 37 23 17 26 40 57 73 91 74 59 45 34 31 36 48 62 78 96 81 67 56 47 45 48 58 70 84 104 90 77 67 61 59 62 69 79 92 112 100 89 80 74 73 75 81 90 101 122 110 101 93 88 86 88 93 101 111 132 122 113 106 102 100 102 106 113 122
73 34 45 88 48 42 43 28 10 55 59 10 8 41 56 62 44 40 17 25 74 55 33 93 44 36 57 29 4 53 67 9 0 27 40 25 45 33 58 25 81 65 49 36 27 28 38 52 68 84 78 61 44 27 14 16 31 47 64 81 77 59 42 25 8 11 28 46 63 80 78 62 45 30 18 20 33 48 65 82 83 67 52 39 32 32 41 55 70 86 89 74 61 51 45 46 53 63 77 91 97 84 72 64 59 60 65 74 85 99 106 94 84 77 73 73 78 85 95 107 116 105 97 90 87 87 91 97 106 117 127 117 109 104 101 101 104 110 118 128
67 13 41 69 26 24 35 14 20 55 49 23 34 25 38 63 22 21 12 11 66 28 20 75 22 29 45 17 31 29 56 32 27 0 22 14 19 15 33 20 83 70 60 53 51 55 64 75 89 103 75 61 48 39 37 42 53 67 82 98 70 54 39 27 23 31 45 60 77 93 66 49 32 16 9 23 40 57 74 91 66 49 32 15 7 22 39 56 74 91 69 53 37 25 21 29 44 60 76 93 74 60 46 37 35 40 52 66 81 97 82 69 58 50 49 53 62 74 88 102 91 79 70 64 63 66 73 83 96 110 101 91 83 78 77 79 85 94 105 118
46 10 63 49 43 3 56 13 30 38 27 31 44 4 17 45 9 2 30 16 45 34 41 55 40 14 64 12 43 18 34 39 40 22 0 15 17 8 24 17 105 92 81 72 66 65 68 76 86 98 97 83 70 59 53 51 55 64 76 90 90 75 60 48 39 37 43 54 68 83 85 69 53 38 26 24 32 46 61 78 83 66 49 32 16 10 24 41 58 75 83 65 48 31 14 8 23 40 57 75 85 68 52 36 24 20 30 44 60 77 89 73 58 45 36 34 40 52 66 81 95 81 68 57 50 48 53 62 74 88 103 90 78 69 63 62 65 73 84 96
55 11 53 64 39 18 47 3 16 41 38 17 29 17 32 49 20 15 17 3 55 38 33 69 36 16 58 5 28 30 46 26 25 14 15 0 24 8 35 7 94 80 68 58 52 51 56 66 78 92 88 72 58 46 38 37 44 56 70 85 83 66 50 36 25 24 34 48 64 80 80 63 46 29 13 12 27 43 60 78 80 62 45 28 12 10 26 43 60 77 82 65 49 34 23 22 32 47 63 80 87 71 56 44 36 35 42 54 69 84 93 79 66 56 49 49 54 64 76 91 101 88 77 68 63 63 67 75 86 99 110 99 89 81 77 76 80 87 96 108
61 13 54 53 28 16 47 21 37 55 41 39 51 21 25 62 10 16 31 22 59 17 33 59 26 31 52 23 48 11 47 48 45 19 17 24 0 18 14 29 96 85 76 71 70 73 79 89 101 114 86 74 64 57 56 59 67 79 92 106 78 64 52 44 42 47 57 69 84 99 71 56 42 31 28 35 47 62 78 95 67 50 34 19 14 25 41 58 75 92 66 49 31 14 4 22 39 56 73 91 68 51 35 21 16 26 42 58 75 92 72 57 43 33 30 36 49 63 79 95 79 65 54 46 44 48 58 71 85 100 88 76 66 59 58 61 69 80 93 107
52 5 56 57 38 10 50 6 23 41 34 24 37 11 25 49 13 8 22 8 51 33 35 63 35 15 59 6 36 23 41 33 33 15 8 8 18 0 27 12 98 85 73 64 59 59 63 72 83 97 90 76 62 52 45 45 51 61 75 89 84 68 53 40 32 31 40 52 67 83 80 63 47 31 19 18 30 46 63 79 79 62 44 27 10 9 26 43 61 78 80 63 46 30 16 15 29 45 62 79 83 67 52 38 28 28 37 51 66 82 89 74 60 49 42 42 48 59 73 88 96 82 70 61 56 55 60 69 81 95 105 92 82 74 69 69 73 81 91 103
59 24 66 42 37 21 58 32 49 57 39 51 63 26 21 64 16 23 44 34 56 21 45 49 36 37 61 33 61 6 44 60 58 33 24 35 14 27 0 39 107 97 89 84 83 85 90 99 109 121 97 85 76 71 69 71 78 87 99 112 87 74 64 57 55 58 66 77 90 104 79 65 52 44 41 45 55 68 82 98 72 57 42 31 27 33 46 61 77 93 69 52 35 20 13 24 39 56 73 90 67 50 33 16 3 20 37 55 72 89 69 53 37 22 17 26 41 57 74 91 74 59 45 34 30 36 48 62 78 94 81 67 55 47 44 48 58 70 84 99
50 16 58 63 46 19 53 9 16 36 35 16 28 17 32 43 23 17 22 10 50 44 39 69 42 11 64 6 28 34 42 24 25 20 17 7 29 12 39 0 99 85 71 60 52 49 52 61 72 86 93 77 62 49 39 35 40 50 64 79 88 72 55 40 27 21 28 42 57 74 86 69 52 35 18 7 20 37 54 71 86 69 52 35 18 8 20 37 54 71 88 72 56 40 27 22 28 42 57 74 93 77 62 49 39 35 40 50 64 79 99 85 71 60 52 49 53 61 72 86 107 94 82 72 66 63 66 73 82 94 116 104 93 85 79 77 79 85 93 104
149 96 43 149 71 106 50 95 86 134 131 89 85 108 120 141 104 104 78 92 148 89 64 155 71 110 49 98 81 106 139 89 81 83 105 94 96 98 107 99 0 18 35 52 70 87 104 122 139 156 15 23 38 54 71 88 105 122 140 157 29 34 45 60 75 91 108 125 142 159 43 47 55 68 82 97 113 129 145 162 58 60 67 77 90 104 119 134 150 166 72 74 80 88 99 112 126 140 156 171 86 88 93 100 110 122 134 148 162 177 100 102 106 112 121 132 144 156 170 184 115 116 119 125 133 143 154 166 179 192 129 130 133 138 145 154 164 176 188 201
134 83 32 138 62 93 40 81 71 118 118 73 69 95 107 126 92 91 64 78 134 81 53 144 62 95 43 84 65 96 125 73 65 70 92 80 85 85 97 85 18 0 18 35 52 70 87 104 122 139 23 15 23 38 54 71 88 105 122 140 34 29 34 45 60 75 91 108 125 142 47 43 46 55 67 82 97 112 129 145 60 57 60 67 77 90 104 118 134 150 74 72 73 79 88 99 112 126 140 155 88 86 87 92 100 110 121 134 148 162 102 100 101 105 112 121 131 143 156 170 116 114 115 119 125 133 142 153 165 178 130 128 129 132 138 145 154 164 175 187
121 72 28 128 58 82 35 69 57 104 105 58 52 83 97 111 81 80 51 66 121 75 45 134 56 82 45 72 49 87 113 57 49 60 81 68 76 73 89 71 35 18 0 18 35 52 70 87 104 122 38 23 15 23 38 54 71 88 105 122 45 34 29 34 45 60 75 91 108 125 55 46 43 46 55 67 81 97 112 129 67 60 57 60 67 77 90 104 118 134 80 73 71 73 79 88 99 112 126 140 93 87 85 87 92 99 109 121 134 148 106 101 99 101 105 112 121 131 143 156 119 115 114 115 118 124 132 142 153 165 133 129 128 129 132 137 144 153 163 175
108 64 34 120 58 74 39 60 44 90 94 45 37 74 88 97 74 71 42 56 109 74 43 126 56 70 52 62 35 81 102 42 36 53 72 58 71 64 84 60 52 35 18 0 18 35 52 70 87 104 54 38 23 15 23 38 54 71 88 105 60 45 34 29 33 45 59 75 91 108 68 55 46 43 46 55 67 81 97 112 77 67 60 57 59 66 77 89 103 118 88 79 73 71 73 79 88 99 112 125 100 92 87 85 87 91 99 109 121 134 112 105 101 99 100 105 111 120 131 143 125 119 115 113 114 118 124 132 141 152 138 132 129 127 128 131 137 144 153 163
97 60 47 115 64 69 49 54 37 78 85 36 25 68 83 84 70 66 40 51 98 76 48 120 61 62 64 55 25 79 93 30 27 51 66 52 70 59 83 52 70 52 35 18 0 18 35 52 70 87 71 54 38 23 15 23 38 54 71 88 75 60 45 33 29 33 45 59 75 91 82 67 55 46 43 46 55 67 81 96 90 77 67 59 57 59 66 77 89 103 99 88 79 73 71 73 78 87 99 111 110 100 92 87 85 86 91 99 109 120 121 112 105 100 99 100 104 111 120 130 133 125 118 114 113 114 117 123 131 141 145 138 132 128 127 127 131 136 143 152
88 61 61 111 73 68 63 54 36 68 79 35 22 65 80 73 71 65 44 52 90 82 58 116 70 57 78 54 25 80 86 26 28 55 65 51 73 59 85 49 87 70 52 35 18 0 18 35 52 70 88 71 54 38 23 14 23 38 54 71 91 75 60 45 33 28 33 45 59 75 97 82 67 55 46 42 46 55 67 81 104 90 77 66 59 56 59 66 76 89 112 99 88 79 73 70 72 78 87 98 122 110 99 91 86 84 86 91 98 108 132 121 112 105 100 98 99 104 110 119 143 133 124 118 114 112 113 117 123 131 154 145 137 131 127 126 127 130 135 143
82 67 77 111 85 71 78 59 44 61 77 41 31 68 82 65 75 69 54 58 84 91 71 115 81 58 92 58 35 85 83 32 38 64 68 56 79 63 90 52 104 87 70 52 35 18 0 18 35 52 105 88 71 54 38 23 14 23 38 54 108 91 75 59 45 33 28 33 45 59 113 97 81 67 55 46 42 46 54 67 119 104 90 77 66 59 56 59 66 76 126 112 99 88 78 72 70 72 78 87 134 121 109 99 91 86 84 85 90 98 144 131 121 111 104 99 98 99 103 110 154 142 132 124 117 113 112 113 116 122 164 154 144 137 131 127 125 126 130 135
79 76 94 113 99 78 93 68 56 59 78 53 45 74 87 61 83 76 67 68 82 103 85 116 95 63 108 66 49 93 83 45 52 75 76 66 89 72 99 61 122 104 87 70 52 35 18 0 18 35 122 105 88 71 54 38 23 14 23 38 125 108 91 75 59 45 33 28 33 45 129 112 97 81 67 55 46 42 45 54 134 118 104 89 77 66 59 56 58 65 140 126 112 99 87 78 72 70 72 77 148 134 121 109 99 91 85 83 85 90 156 143 131 120 111 104 99 97 99 103 166 153 142 132 123 117 113 111 112 116 176 164 153 144 136 130 126 125 126 129
79 88 110 118 113 88 110 80 70 62 83 67 61 84 95 61 94 87 82 80 84 115 100 120 109 72 124 78 65 104 87 60 68 89 86 78 101 83 109 72 139 122 104 87 70 52 35 18 0 18 140 122 105 88 71 54 38 23 14 23 142 125 108 91 75 59 45 33 28 33 145 129 112 97 81 67 54 45 42 45 150 134 118 103 89 76 66 58 55 58 156 140 126 112 99 87 78 72 69 71 162 148 134 121 109 98 90 85 83 85 170 156 143 131 120 110 103 99 97 98 179 165 153 141 131 123 116 112 110 112 188 175 163 153 143 135 130 126 124 125
84 101 127 124 129 100 126 94 85 70 92 82 77 96 105 67 106 99 97 94 88 129 116 126 125 84 141 91 82 116 94 76 84 103 98 92 114 97 121 86 156 139 122 104 87 70 52 35 18 0 157 140 122 105 88 71 54 38 23 14 159 142 125 108 91 75 59 45 33 28 162 145 129 112 96 81 67 54 45 42 166 150 134 118 103 89 76 65 58 55 171 155 140 125 111 98 87 77 71 69 177 162 148 134 120 108 98 90 85 83 184 170 156 143 130 119 110 103 98 96 192 178 165 152 141 131 122 116 112 110 201 187 175 163 152 143 135 129 125 124
142 88 35 138 60 98 41 88 82 128 123 84 83 100 111 136 95 96 72 85 141 78 56 145 61 103 37 91 79 96 131 86 78 75 97 88 86 90 97 93 15 23 38 54 71 88 105 122 140 157 0 18 35 52 70 87 104 122 139 156 15 23 38 54 71 88 105 122 140 157 29 34 45 60 75 91 108 125 142 159 43 47 55 68 82 97 113 129 145 162 58 60 67 77 90 104 119 134 150 166 72 74 80 88 99 112 126 140 156 171 86 88 93 100 110 122 134 148 162 177 100 102 106 112 121 132 144 156 170 184 115 116 119 125 133 143 154 166 179 192
127 73 20 127 49 84 28 73 65 112 109 67 65 86 97 119 81 82 56 70 126 68 42 133 50 88 29 76 61 84 116 69 61 61 83 72 74 76 85 77 23 15 23 38 54 71 88 105 122 140 18 0 18 35 52 70 87 104 122 139 23 15 23 38 54 71 88 105 122 140 34 29 34 45 60 75 91 108 125 142 47 43 46 55 67 82 97 112 129 145 60 57 60 67 77 90 104 118 134 150 74 72 73 79 88 99 112 126 140 155 88 86 87 92 100 110 121 134 148 162 102 100 101 105 112 121 131 143 156 170 116 114 115 119 125 133 142 153 165 178
112 61 14 116 44 71 21 59 49 96 95 51 48 73 85 104 70 69 41 56 112 61 32 122 43 73 31 62 44 75 103 52 44 48 70 58 64 62 76 62 38 23 15 23 38 54 71 88 105 122 35 18 0 18 35 52 70 87 104 122 38 23 15 23 38 54 71 88 105 122 45 34 29 34 45 60 75 91 108 125 55 46 43 46 55 67 81 97 112 129 67 60 57 60 67 77 90 104 118 134 80 73 71 73 79 88 99 112 126 140 93 87 85 87 92 99 109 121 134 148 106 101 99 101 105 112 121 131 143 156 119 115 114 115 118 124 132 142 153 165
98 51 24 108 45 61 27 47 34 81 83 36 31 62 76 89 61 59 30 44 99 60 29 113 42 60 42 50 28 68 91 35 27 39 59 46 57 52 71 49 54 38 23 15 23 38 54 71 88 105 52 35 18 0 18 35 52 70 87 104 54 38 23 15 23 38 54 71 88 105 60 45 34 29 33 45 59 75 91 108 68 55 46 43 46 55 67 81 97 112 77 67 60 57 59 66 77 89 103 118 88 79 73 71 73 79 88 99 112 125 100 92 87 85 87 91 99 109 121 134 112 105 101 99 100 105 111 120 131 143 125 119 115 113 114 118 124 132 141 152
86 46 40 101 52 55 41 40 23 68 73 24 15 54 69 74 56 52 26 37 87 63 36 107 48 49 55 42 12 65 80 20 14 37 53 38 56 45 69 39 71 54 38 23 15 23 38 54 71 88 70 52 35 18 0 18 35 52 70 87 71 54 38 23 15 23 38 54 71 88 75 60 45 33 29 33 45 59 75 91 82 67 55 46 43 46 55 67 81 96 90 77 67 59 57 59 66 77 89 103 99 88 79 73 71 73 78 87 99 111 110 100 92 87 85 86 91 99 109 120 121 112 105 100 99 100 104 111 120 130 133 125 118 114 113 114 117 123 131 141
76 48 56 98 63 54 56 40 23 56 66 21 9 52 67 62 57 51 32 38 78 70 48 102 59 43 71 40 13 67 73 12 16 42 51 37 59 45 71 35 88 71 54 38 23 14 23 38 54 71 87 70 52 35 18 0 18 35 52 70 88 71 54 38 23 14 23 38 54 71 91 75 60 45 33 28 33 45 59 75 97 82 67 55 46 42 46 55 67 81 104 90 77 66 59 56 59 66 76 89 112 99 88 79 73 70 72 78 87 98 122 110 99 91 86 84 86 91 98 108 132 121 112 105 100 98 99 104 110 119 143 133 124 118 114 112 113 117 123 131
68 55 73 97 77 58 72 47 34 48 63 31 24 55 68 52 63 56 45 46 71 81 63 101 73 44 87 45 28 73 69 23 31 53 55 44 67 51 78 40 105 88 71 54 38 23 14 23 38 54 104 87 70 52 35 18 0 18 35 52 105 88 71 54 38 23 14 23 38 54 108 91 75 59 45 33 28 33 45 59 113 97 81 67 55 46 42 46 54 67 119 104 90 77 66 59 56 59 66 76 126 112 99 88 78 72 70 72 78 87 134 121 109 99 91 86 84 85 90 98 144 131 121 111 104 99 98 99 103 110 154 142 132 124 117 113 112 113 116 122
65 66 91 99 91 67 89 58 48 46 65 45 40 63 74 47 72 65 60 58 68 93 79 103 87 51 103 56 45 82 69 39 47 67 64 56 79 61 87 50 122 105 88 71 54 38 23 14 23 38 122 104 87 70 52 35 18 0 18 35 122 105 88 71 54 38 23 14 23 38 125 108 91 75 59 45 33 28 33 45 129 112 97 81 67 55 46 42 45 54 134 118 104 89 77 66 59 56 58 65 140 126 112 99 87 78 72 70 72 77 148 134 121 109 99 91 85 83 85 90 156 143 131 120 111 104 99 97 99 103 166 153 142 132 123 117 113 111 112 116
66 79 108 105 107 78 106 72 64 49 71 61 58 74 83 48 84 77 76 72 70 107 95 107 103 62 120 69 62 94 74 55 64 82 76 70 92 75 99 64 140 122 105 88 71 54 38 23 14 23 139 122 104 87 70 52 35 18 0 18 140 122 105 88 71 54 38 23 14 23 142 125 108 91 75 59 45 33 28 33 145 129 112 97 81 67 54 45 42 45 150 134 118 103 89 76 66 58 55 58 156 140 126 112 99 87 78 72 69 71 162 148 134 121 109 98 90 85 83 85 170 156 143 131 120 110 103 99 97 98 179 165 153 141 131 123 116 112 110 112
71 94 125 112 123 92 123 87 81 59 81 78 75 87 95 55 98 91 93 88 76 122 112 114 119 76 137 84 79 107 82 72 81 98 90 85 106 89 112 79 157 140 122 105 88 71 54 38 23 14 156 139 122 104 87 70 52 35 18 0 157 140 122 105 88 71 54 38 23 14 159 142 125 108 91 75 59 45 33 28 162 145 129 112 96 81 67 54 45 42 166 150 134 118 103 89 76 65 58 55 171 155 140 125 111 98 87 77 71 69 177 162 148 134 120 108 98 90 85 83 184 170 156 143 130 119 110 103 98 96 192 178 165 152 141 131 122 116 112 110
136 81 33 129 50 91 36 83 79 123 117 82 83 94 103 131 87 89 68 80 135 67 50 135 52 98 27 86 78 87 124 85 77 70 90 83 78 84 87 88 29 34 45 60 75 91 108 125 142 159 15 23 38 54 71 88 105 122 140 157 0 18 35 52 70 87 104 122 139 156 15 23 38 54 71 88 105 122 140 157 29 34 45 60 75 91 108 125 142 159 43 47 55 68 82 97 113 129 145 162 58 60 67 77 90 104 119 134 150 166 72 74 80 88 99 112 126 140 156 171 86 88 93 100 110 122 134 148 162 177 100 102 106 112 121 132 144 156 170 184
120 66 15 116 38 75 19 66 62 107 101 65 65 78 88 115 72 74 51 63 119 56 34 122 38 82 16 70 61 74 108 68 59 54 75 66 64 68 74 72 34 29 34 45 60 75 91 108 125 142 23 15 23 38 54 71 88 105 122 140 18 0 18 35 52 70 87 104 122 139 23 15 23 38 54 71 88 105 122 140 34 29 34 45 60 75 91 108 125 142 47 43 46 55 67 82 97 112 129 145 60 57 60 67 77 90 104 118 134 150 74 72 73 79 88 99 112 126 140 155 88 86 87 92 100 110 121 134 148 162 102 100 101 105 112 121 131 143 156 170
104 51 3 105 30 61 7 51 45 90 87 47 48 64 75 98 59 59 35 48 104 48 20 111 29 66 19 54 44 63 94 51 42 39 60 50 52 53 64 55 45 34 29 34 45 60 75 91 108 125 38 23 15 23 38 54 71 88 105 122 35 18 0 18 35 52 70 87 104 122 38 23 15 23 38 54 71 88 105 122 45 34 29 34 45 60 75 91 108 125 55 46 43 46 55 67 81 97 112 129 67 60 57 60 67 77 90 104 118 134 80 73 71 73 79 88 99 112 126 140 93 87 85 87 92 99 109 121 134 148 106 101 99 101 105 112 121 131 143 156
90 39 20 95 31 49 19 37 28 74 73 30 31 51 64 82 48 47 19 33 90 46 15 101 28 51 34 40 27 54 80 33 25 27 48 36 44 40 57 40 60 45 34 29 33 45 59 75 91 108 54 38 23 15 23 38 54 71 88 105 52 35 18 0 18 35 52 70 87 104 54 38 23 15 23 38 54 71 88 105 60 45 34 29 33 45 59 75 91 108 68 55 46 43 46 55 67 81 97 112 77 67 60 57 59 66 77 89 103 118 88 79 73 71 73 79 88 99 112 125 100 92 87 85 87 91 99 109 121 134 112 105 101 99 100 105 111 120 131 143
76 32 38 88 41 41 35 27 12 59 61 14 15 41 56 67 43 39 12 24 77 50 26 93 37 38 50 29 10 51 69 16 8 23 39 25 42 32 55 27 75 60 45 33 29 33 45 59 75 91 71 54 38 23 15 23 38 54 71 88 70 52 35 18 0 18 35 52 70 87 71 54 38 23 15 23 38 54 71 88 75 60 45 33 29 33 45 59 75 91 82 67 55 46 43 46 55 67 81 96 90 77 67 59 57 59 66 77 89 103 99 88 79 73 71 73 78 87 99 111 110 100 92 87 85 86 91 99 109 120 121 112 105 100 99 100 104 111 120 130
64 34 55 84 55 40 53 26 11 46 53 8 9 38 53 52 43 37 23 25 66 59 42 89 51 30 66 26 11 53 60 3 11 31 37 24 47 31 58 21 91 75 60 45 33 28 33 45 59 75 88 71 54 38 23 14 23 38 54 71 87 70 52 35 18 0 18 35 52 70 88 71 54 38 23 14 23 38 54 71 91 75 60 45 33 28 33 45 59 75 97 82 67 55 46 42 46 55 67 81 104 90 77 66 59 56 59 66 76 89 112 99 88 79 73 70 72 78 87 98 122 110 99 91 86 84 86 91 98 108 132 121 112 105 100 98 99 104 110 119
55 44 72 83 70 46 70 36 27 35 49 24 23 42 55 40 51 44 39 36 58 71 58 87 66 31 83 34 27 61 55 20 28 45 43 34 57 40 66 28 108 91 75 59 45 33 28 33 45 59 105 88 71 54 38 23 14 23 38 54 104 87 70 52 35 18 0 18 35 52 105 88 71 54 38 23 14 23 38 54 108 91 75 59 45 33 28 33 45 59 113 97 81 67 55 46 42 46 54 67 119 104 90 77 66 59 56 59 66 76 126 112 99 88 78 72 70 72 78 87 134 121 109 99 91 86 84 85 90 98 144 131 121 111 104 99 98 99 103 110
51 57 90 86 86 56 87 50 44 32 52 41 40 52 62 33 62 55 56 51 55 85 75 89 82 40 101 47 44 72 56 37 46 60 54 48 69 52 77 42 125 108 91 75 59 45 33 28 33 45 122 105 88 71 54 38 23 14 23 38 122 104 87 70 52 35 18 0 18 35 122 105 88 71 54 38 23 14 23 38 125 108 91 75 59 45 33 28 33 45 129 112 97 81 67 55 46 42 45 54 134 118 104 89 77 66 59 56 58 65 140 126 112 99 87 78 72 70 72 77 148 134 121 109 99 91 85 83 85 90 156 143 131 120 111 104 99 97 99 103
52 72 107 92 102 70 104 65 61 37 59 58 57 65 73 35 76 69 73 67 57 100 92 94 98 54 118 62 62 85 61 54 63 77 68 64 84 67 90 57 142 125 108 91 75 59 45 33 28 33 140 122 105 88 71 54 38 23 14 23 139 122 104 87 70 52 35 18 0 18 140 122 105 88 71 54 38 23 14 23 142 125 108 91 75 59 45 33 28 33 145 129 112 97 81 67 54 45 42 45 150 134 118 103 89 76 66 58 55 58 156 140 126 112 99 87 78 72 69 71 162 148 134 121 109 98 90 85 83 85 170 156 143 131 120 110 103 99 97 98
59 88 124 101 119 84 121 82 78 49 70 75 75 80 86 44 91 84 90 83 64 116 109 102 115 69 135 78 79 99 71 72 80 93 83 80 99 83 104 74 159 142 125 108 91 75 59 45 33 28 157 140 122 105 88 71 54 38 23 14 156 139 122 104 87 70 52 35 18 0 157 140 122 105 88 71 54 38 23 14 159 142 125 108 91 75 59 45 33 28 162 145 129 112 96 81 67 54 45 42 166 150 134 118 103 89 76 65 58 55 171 155 140 125 111 98 87 77 71 69 177 162 148 134 120 108 98 90 85 83 184 170 156 143 130 119 110 103 98 96
131 77 36 120 44 85 36 80 79 121 112 82 85 89 96 129 81 84 67 77 130 59 48 126 46 95 23 83 81 80 118 87 78 66 85 80 71 80 79 86 43 47 55 68 82 97 113 129 145 162 29 34 45 60 75 91 108 125 142 159 15 23 38 54 71 88 105 122 140 157 0 18 35 52 70 87 104 122 139 156 15 23 38 54 71 88 105 122 140 157 29 34 45 60 75 91 108 125 142 159 43 47 55 68 82 97 113 129 145 162 58 60 67 77 90 104 119 134 150 166 72 74 80 88 99 112 126 140 156 171 86 88 93 100 110 122 134 148 162 177
115 60 22 106 28 69 20 62 62 104 95 65 68 72 81 111 65 68 50 60 113 45 31 113 30 78 5 66 64 65 102 70 62 49 69 63 56 63 65 69 47 43 46 55 67 82 97 112 129 145 34 29 34 45 60 75 91 108 125 142 23 15 23 38 54 71 88 105 122 140 18 0 18 35 52 70 87 104 122 139 23 15 23 38 54 71 88 105 122 140 34 29 34 45 60 75 91 108 125 142 47 43 46 55 67 82 97 112 129 145 60 57 60 67 77 90 104 118 134 150 74 72 73 79 88 99 112 126 140 155 88 86 87 92 100 110 121 134 148 162
98 44 16 94 16 53 8 45 45 87 79 48 52 56 66 94 50 52 33 43 97 35 14 100 16 61 13 49 48 52 86 53 45 32 53 46 42 47 52 52 55 46 43 46 55 67 81 97 112 129 45 34 29 34 45 60 75 91 108 125 38 23 15 23 38 54 71 88 105 122 35 18 0 18 35 52 70 87 104 122 38 23 15 23 38 54 71 88 105 122 45 34 29 34 45 60 75 91 108 125 55 46 43 46 55 67 81 97 112 129 67 60 57 60 67 77 90 104 118 134 80 73 71 73 79 88 99 112 126 140 93 87 85 87 92 99 109 121 134 148
83 29 25 83 19 39 19 29 28 70 64 31 37 41 53 78 37 37 16 26 82 32 5 89 15 44 30 33 33 41 72 37 30 16 38 29 31 31 44 35 68 55 46 43 46 55 67 81 97 112 60 45 34 29 33 45 59 75 91 108 54 38 23 15 23 38 54 71 88 105 52 35 18 0 18 35 52 70 87 104 54 38 23 15 23 38 54 71 88 105 60 45 34 29 33 45 59 75 91 108 68 55 46 43 46 55 67 81 97 112 77 67 60 57 59 66 77 89 103 118 88 79 73 71 73 79 88 99 112 125 100 92 87 85 87 91 99 109 121 134
68 19 41 75 33 28 36 15 12 53 51 15 25 29 43 61 29 26 4 11 67 37 22 81 29 29 48 17 22 37 58 23 18 9 26 13 28 19 41 18 82 67 55 46 43 46 55 67 81 96 75 60 45 33 29 33 45 59 75 91 71 54 38 23 15 23 38 54 71 88 70 52 35 18 0 18 35 52 70 87 71 54 38 23 15 23 38 54 71 88 75 60 45 33 29 33 45 59 75 91 82 67 55 46 43 46 55 67 81 96 90 77 67 59 57 59 66 77 89 103 99 88 79 73 71 73 78 87 99 111 110 100 92 87 85 86 91 99 109 120
54 22 57 70 49 26 53 14 11 37 40 10 22 24 39 45 30 24 20 14 55 49 39 75 45 16 65 13 22 40 47 17 20 23 24 12 35 18 45 7 97 82 67 55 46 42 46 55 67 81 91 75 60 45 33 28 33 45 59 75 88 71 54 38 23 14 23 38 54 71 87 70 52 35 18 0 18 35 52 70 88 71 54 38 23 14 23 38 54 71 91 75 60 45 33 28 33 45 59 75 97 82 67 55 46 42 46 55 67 81 104 90 77 66 59 56 59 66 76 89 112 99 88 79 73 70 72 78 87 98 122 110 99 91 86 84 86 91 98 108
43 35 74 69 65 34 70 28 27 23 35 25 31 30 42 30 40 33 38 29 45 63 57 73 61 18 82 25 33 50 41 26 33 40 32 27 47 30 55 20 113 97 81 67 55 46 42 46 54 67 108 91 75 59 45 33 28 33 45 59 105 88 71 54 38 23 14 23 38 54 104 87 70 52 35 18 0 18 35 52 105 88 71 54 38 23 14 23 38 54 108 91 75 59 45 33 28 33 45 59 113 97 81 67 55 46 42 46 54 67 119 104 90 77 66 59 56 59 66 76 126 112 99 88 78 72 70 72 78 87 134 121 109 99 91 86 84 85 90 98
37 51 91 73 82 48 87 45 44 18 39 41 45 43 51 20 54 47 55 46 41 79 74 76 78 32 100 41 48 63 42 40 48 57 46 43 62 46 68 37 129 112 97 81 67 55 46 42 45 54 125 108 91 75 59 45 33 28 33 45 122 105 88 71 54 38 23 14 23 38 122 104 87 70 52 35 18 0 18 35 122 105 88 71 54 38 23 14 23 38 125 108 91 75 59 45 33 28 33 45 129 112 97 81 67 55 46 42 45 54 134 118 104 89 77 66 59 56 58 65 140 126 112 99 87 78 72 70 72 77 148 134 121 109 99 91 85 83 85 90
39 67 108 80 99 63 104 62 61 27 48 58 61 58 64 22 69 63 72 63 44 95 91 82 96 48 117 58 64 77 50 57 65 74 61 60 78 63 82 54 145 129 112 97 81 67 54 45 42 45 142 125 108 91 75 59 45 33 28 33 140 122 105 88 71 54 38 23 14 23 139 122 104 87 70 52 35 18 0 18 140 122 105 88 71 54 38 23 14 23 142 125 108 91 75 59 45 33 28 33 145 129 112 97 81 67 54 45 42 45 150 134 118 103 89 76 66 58 55 58 156 140 126 112 99 87 78 72 69 71 162 148 134 121 109 98 90 85 83 85
48 84 125 90 117 79 122 79 78 41 62 76 77 74 78 35 85 79 89 80 53 111 109 91 113 65 134 75 81 93 61 73 82 91 78 78 95 79 98 71 162 145 129 112 96 81 67 54 45 42 159 142 125 108 91 75 59 45 33 28 157 140 122 105 88 71 54 38 23 14 156 139 122 104 87 70 52 35 18 0 157 140 122 105 88 71 54 38 23 14 159 142 125 108 91 75 59 45 33 28 162 145 129 112 96 81 67 54 45 42 166 150 134 118 103 89 76 65 58 55 171 155 140 125 111 98 87 77 71 69 177 162 148 134 120 108 98 90 85 83
128 75 44 113 41 82 42 79 82 119 108 85 89 86 91 127 77 81 70 77 126 52 50 118 45 94 27 82 85 75 114 91 83 66 83 80 67 79 72 86 58 60 67 77 90 104 119 134 150 166 43 47 55 68 82 97 113 129 145 162 29 34 45 60 75 91 108 125 142 159 15 23 38 54 71 88 105 122 140 157 0 18 35 52 70 87 104 122 139 156 15 23 38 54 71 88 105 122 140 157 29 34 45 60 75 91 108 125 142 159 43 47 55 68 82 97 113 129 145 162 58 60 67 77 90 104 119 134 150 166 72 74 80 88 99 112 126 140 156 171
111 57 33 98 24 65 28 62 65 102 91 68 74 69 75 110 60 64 53 60 109 37 34 104 27 76 15 65 70 58 97 74 67 49 66 62 50 62 57 69 60 57 60 67 77 90 104 118 134 150 47 43 46 55 67 82 97 112 129 145 34 29 34 45 60 75 91 108 125 142 23 15 23 38 54 71 88 105 122 140 18 0 18 35 52 70 87 104 122 139 23 15 23 38 54 71 88 105 122 140 34 29 34 45 60 75 91 108 125 142 47 43 46 55 67 82 97 112 129 145 60 57 60 67 77 90 104 118 134 150 74 72 73 79 88 99 112 126 140 155
94 40 30 84 6 48 22 44 49 85 74 52 59 52 59 93 44 47 37 42 92 23 20 90 10 59 19 48 55 43 81 59 52 32 49 45 34 44 42 52 67 60 57 60 67 77 90 104 118 134 55 46 43 46 55 67 81 97 112 129 45 34 29 34 45 60 75 91 108 125 38 23 15 23 38 54 71 88 105 122 35 18 0 18 35 52 70 87 104 122 38 23 15 23 38 54 71 88 105 122 45 34 29 34 45 60 75 91 108 125 55 46 43 46 55 67 81 97 112 129 67 60 57 60 67 77 90 104 118 134 80 73 71 73 79 88 99 112 126 140
77 23 36 72 12 32 28 27 34 68 58 37 46 35 44 75 28 30 23 25 76 18 15 78 8 42 33 31 43 30 65 45 39 15 32 28 19 27 31 35 77 67 60 57 59 66 77 89 103 118 68 55 46 43 46 55 67 81 97 112 60 45 34 29 33 45 59 75 91 108 54 38 23 15 23 38 54 71 88 105 52 35 18 0 18 35 52 70 87 104 54 38 23 15 23 38 54 71 88 105 60 45 34 29 33 45 59 75 91 108 68 55 46 43 46 55 67 81 97 112 77 67 60 57 59 66 77 89 103 118 88 79 73 71 73 79 88 99 112 125
61 6 48 62 29 17 41 10 23 50 42 26 37 19 31 58 15 15 18 10 60 27 26 68 26 25 50 13 35 23 49 34 32 7 16 12 14 10 27 18 90 77 67 59 57 59 66 77 89 103 82 67 55 46 43 46 55 67 81 96 75 60 45 33 29 33 45 59 75 91 71 54 38 23 15 23 38 54 71 88 70 52 35 18 0 18 35 52 70 87 71 54 38 23 15 23 38 54 71 88 75 60 45 33 29 33 45 59 75 91 82 67 55 46 43 46 55 67 81 96 90 77 67 59 57 59 66 77 89 103 99 88 79 73 71 73 78 87 99 111
45 13 62 56 46 13 56 9 23 33 29 23 35 10 25 41 18 11 27 12 45 41 42 61 43 7 66 6 35 28 36 31 32 22 10 10 25 9 33 8 104 90 77 66 59 56 59 66 76 89 97 82 67 55 46 42 46 55 67 81 91 75 60 45 33 28 33 45 59 75 88 71 54 38 23 14 23 38 54 71 87 70 52 35 18 0 18 35 52 70 88 71 54 38 23 14 23 38 54 71 91 75 60 45 33 28 33 45 59 75 97 82 67 55 46 42 46 55 67 81 104 90 77 66 59 56 59 66 76 89 112 99 88 79 73 70 72 78 87 98
32 31 78 55 64 26 73 26 33 16 22 32 41 21 30 24 32 25 41 29 33 58 58 59 60 11 83 23 43 41 28 36 41 39 24 26 41 26 46 20 119 104 90 77 66 59 56 59 66 76 113 97 81 67 55 46 42 46 54 67 108 91 75 59 45 33 28 33 45 59 105 88 71 54 38 23 14 23 38 54 104 87 70 52 35 18 0 18 35 52 105 88 71 54 38 23 14 23 38 54 108 91 75 59 45 33 28 33 45 59 113 97 81 67 55 46 42 46 54 67 119 104 90 77 66 59 56 59 66 76 126 112 99 88 78 72 70 72 78 87
24 48 94 60 81 42 89 43 48 5 27 46 53 37 42 8 48 42 57 46 27 74 75 62 77 28 101 40 55 56 29 48 55 56 41 43 58 43 61 37 134 118 104 89 77 66 59 56 58 65 129 112 97 81 67 55 46 42 45 54 125 108 91 75 59 45 33 28 33 45 122 105 88 71 54 38 23 14 23 38 122 104 87 70 52 35 18 0 18 35 122 105 88 71 54 38 23 14 23 38 125 108 91 75 59 45 33 28 33 45 129 112 97 81 67 55 46 42 45 54 134 118 104 89 77 66 59 56 58 65 140 126 112 99 87 78 72 70 72 77
27 65 111 69 98 59 106 61 64 20 40 62 67 54 57 13 65 59 74 63 31 91 92 70 95 46 118 57 70 72 39 62 70 74 58 60 75 61 77 54 150 134 118 103 89 76 66 58 55 58 145 129 112 97 81 67 54 45 42 45 142 125 108 91 75 59 45 33 28 33 140 122 105 88 71 54 38 23 14 23 139 122 104 87 70 52 35 18 0 18 140 122 105 88 71 54 38 23 14 23 142 125 108 91 75 59 45 33 28 33 145 129 112 97 81 67 54 45 42 45 150 134 118 103 89 76 66 58 55 58 156 140 126 112 99 87 78 72 69 71
38 82 127 80 116 76 123 78 81 38 55 78 82 71 73 30 82 76 91 80 43 108 109 80 112 63 135 74 85 89 53 78 86 91 75 77 92 78 93 71 166 150 134 118 103 89 76 65 58 55 162 145 129 112 96 81 67 54 45 42 159 142 125 108 91 75 59 45 33 28 157 140 122 105 88 71 54 38 23 14 156 139 122 104 87 70 52 35 18 0 157 140 122 105 88 71 54 38 23 14 159 142 125 108 91 75 59 45 33 28 162 145 129 112 96 81 67 54 45 42 166 150 134 118 103 89 76 65 58 55 171 155 140 125 111 98 87 77 71 69
126 75 55 106 43 82 51 81 86 120 106 89 96 86 89 127 76 81 74 79 124 50 56 112 47 95 37 84 92 71 112 96 89 69 83 82 66 80 69 88 72 74 80 88 99 112 126 140 156 171 58 60 67 77 90 104 119 134 150 166 43 47 55 68 82 97 113 129 145 162 29 34 45 60 75 91 108 125 142 159 15 23 38 54 71 88 105 122 140 157 0 18 35 52 70 87 104 122 139 156 15 23 38 54 71 88 105 122 140 157 29 34 45 60 75 91 108 125 142 159 43 47 55 68 82 97 113 129 145 162 58 60 67 77 90 104 119 134 150 166
109 58 47 91 28 64 41 64 71 103 89 74 82 69 71 110 59 64 59 63 106 32 42 96 32 78 29 67 77 54 94 81 74 53 65 65 49 63 52 72 74 72 73 79 88 99 112 126 140 155 60 57 60 67 77 90 104 118 134 150 47 43 46 55 67 82 97 112 129 145 34 29 34 45 60 75 91 108 125 142 23 15 23 38 54 71 88 105 122 140 18 0 18 35 52 70 87 104 122 139 23 15 23 38 54 71 88 105 122 140 34 29 34 45 60 75 91 108 125 142 47 43 46 55 67 82 97 112 129 145 60 57 60 67 77 90 104 118 134 150
92 41 44 76 15 47 36 48 56 85 72 59 68 52 54 93 41 47 45 47 89 15 32 82 19 61 31 51 65 37 77 67 61 37 48 49 31 46 35 56 80 73 71 73 79 88 99 112 126 140 67 60 57 60 67 77 90 104 118 134 55 46 43 46 55 67 81 97 112 129 45 34 29 34 45 60 75 91 108 125 38 23 15 23 38 54 71 88 105 122 35 18 0 18 35 52 70 87 104 122 38 23 15 23 38 54 71 88 105 122 45 34 29 34 45 60 75 91 108 125 55 46 43 46 55 67 81 97 112 129 67 60 57 60 67 77 90 104 118 134
74 25 48 62 18 30 40 32 44 68 54 47 58 34 38 76 24 30 35 32 72 4 29 68 18 44 42 35 55 21 60 56 51 25 31 34 14 30 20 40 88 79 73 71 73 79 88 99 112 125 77 67 60 57 59 66 77 89 103 118 68 55 46 43 46 55 67 81 97 112 60 45 34 29 33 45 59 75 91 108 54 38 23 15 23 38 54 71 88 105 52 35 18 0 18 35 52 70 87 104 54 38 23 15 23 38 54 71 88 105 60 45 34 29 33 45 59 75 91 108 68 55 46 43 46 55 67 81 97 112 77 67 60 57 59 66 77 89 103 118
57 12 58 50 32 13 50 20 37 51 37 39 51 17 22 59 7 13 32 22 55 21 36 56 30 28 55 21 49 9 44 47 45 21 14 23 4 16 13 27 99 88 79 73 71 73 78 87 99 111 90 77 67 59 57 59 66 77 89 103 82 67 55 46 43 46 55 67 81 96 75 60 45 33 29 33 45 59 75 91 71 54 38 23 15 23 38 54 71 88 70 52 35 18 0 18 35 52 70 87 71 54 38 23 15 23 38 54 71 88 75 60 45 33 29 33 45 59 75 91 82 67 55 46 43 46 55 67 81 96 90 77 67 59 57 59 66 77 89 103
40 17 70 43 48 7 63 20 36 34 21 37 49 5 11 42 12 9 37 23 39 38 48 48 46 16 71 18 49 19 27 45 46 29 8 22 22 15 24 22 112 99 88 79 73 70 72 78 87 98 104 90 77 66 59 56 59 66 76 89 97 82 67 55 46 42 46 55 67 81 91 75 60 45 33 28 33 45 59 75 88 71 54 38 23 14 23 38 54 71 87 70 52 35 18 0 18 35 52 70 88 71 54 38 23 14 23 38 54 71 91 75 60 45 33 28 33 45 59 75 97 82 67 55 46 42 46 55 67 81 104 90 77 66 59 56 59 66 76 89
24 32 84 42 65 23 78 31 44 19 8 43 54 20 20 25 29 25 49 34 23 55 63 46 62 18 87 28 54 35 15 48 53 44 23 32 39 29 39 28 126 112 99 88 78 72 70 72 78 87 119 104 90 77 66 59 56 59 66 76 113 97 81 67 55 46 42 46 54 67 108 91 75 59 45 33 28 33 45 59 105 88 71 54 38 23 14 23 38 54 104 87 70 52 35 18 0 18 35 52 105 88 71 54 38 23 14 23 38 54 108 91 75 59 45 33 28 33 45 59 113 97 81 67 55 46 42 46 54 67 119 104 90 77 66 59 56 59 66 76
10 49 99 47 82 41 94 47 56 11 18 54 63 37 36 11 46 42 63 50 13 73 79 49 79 31 103 43 65 52 17 58 63 60 40 47 56 45 56 42 140 126 112 99 87 78 72 70 72 77 134 118 104 89 77 66 59 56 58 65 129 112 97 81 67 55 46 42 45 54 125 108 91 75 59 45 33 28 33 45 122 105 88 71 54 38 23 14 23 38 122 104 87 70 52 35 18 0 18 35 122 105 88 71 54 38 23 14 23 38 125 108 91 75 59 45 33 28 33 45 129 112 97 81 67 55 46 42 45 54 134 118 104 89 77 66 59 56 58 65
16 66 115 58 99 58 110 63 70 23 34 68 75 54 52 15 63 59 78 66 21 90 95 58 96 48 120 59 77 69 31 70 77 76 57 63 73 62 73 57 156 140 126 112 99 87 78 72 69 71 150 134 118 103 89 76 66 58 55 58 145 129 112 97 81 67 54 45 42 45 142 125 108 91 75 59 45 33 28 33 140 122 105 88 71 54 38 23 14 23 139 122 104 87 70 52 35 18 0 18 140 122 105 88 71 54 38 23 14 23 142 125 108 91 75 59 45 33 28 33 145 129 112 97 81 67 54 45 42 45 150 134 118 103 89 76 66 58 55 58
32 83 131 71 116 75 126 80 85 39 51 83 89 71 69 31 81 76 94 82 36 107 112 71 113 64 137 76 92 86 48 84 91 93 75 80 91 79 90 74 171 155 140 125 111 98 87 77 71 69 166 150 134 118 103 89 76 65 58 55 162 145 129 112 96 81 67 54 45 42 159 142 125 108 91 75 59 45 33 28 157 140 122 105 88 71 54 38 23 14 156 139 122 104 87 70 52 35 18 0 157 140 122 105 88 71 54 38 23 14 159 142 125 108 91 75 59 45 33 28 162 145 129 112 96 81 67 54 45 42 166 150 134 118 103 89 76 65 58 55
126 79 67 102 50 83 62 85 93 122 106 96 104 88 88 129 77 83 81 84 123 51 64 107 54 98 49 88 100 71 111 104 97 74 85 87 68 83 67 93 86 88 93 100 110 122 134 148 162 177 72 74 80 88 99 112 126 140 156 171 58 60 67 77 90 104 119 134 150 166 43 47 55 68 82 97 113 129 145 162 29 34 45 60 75 91 108 125 142 159 15 23 38 54 71 88 105 122 140 157 0 18 35 52 70 87 104 122 139 156 15 23 38 54 71 88 105 122 140 157 29 34 45 60 75 91 108 125 142 159 43 47 55 68 82 97 113 129 145 162
109 62 60 85 37 67 54 69 79 105 89 82 91 71 71 112 60 67 68 68 106 34 53 91 41 81 43 72 87 54 93 90 84 60 68 71 51 67 50 77 88 86 87 92 100 110 121 134 148 162 74 72 73 79 88 99 112 126 140 155 60 57 60 67 77 90 104 118 134 150 47 43 46 55 67 82 97 112 129 145 34 29 34 45 60 75 91 108 125 142 23 15 23 38 54 71 88 105 122 140 18 0 18 35 52 70 87 104 122 139 23 15 23 38 54 71 88 105 122 140 34 29 34 45 60 75 91 108 125 142 47 43 46 55 67 82 97 112 129 145
91 47 58 69 29 50 51 54 66 88 72 69 79 55 54 95 44 50 56 54 88 19 45 75 32 65 45 57 76 37 76 77 72 46 52 56 35 52 33 62 93 87 85 87 92 99 109 121 134 148 80 73 71 73 79 88 99 112 126 140 67 60 57 60 67 77 90 104 118 134 55 46 43 46 55 67 81 97 112 129 45 34 29 34 45 60 75 91 108 125 38 23 15 23 38 54 71 88 105 122 35 18 0 18 35 52 70 87 104 122 38 23 15 23 38 54 71 88 105 122 45 34 29 34 45 60 75 91 108 125 55 46 43 46 55 67 81 97 112 129
74 33 61 53 30 34 53 41 56 72 54 59 70 39 36 79 28 35 48 42 71 12 43 59 31 50 52 43 67 20 59 67 64 37 36 44 21 38 16 49 100 92 87 85 87 91 99 109 121 134 88 79 73 71 73 79 88 99 112 125 77 67 60 57 59 66 77 89 103 118 68 55 46 43 46 55 67 81 97 112 60 45 34 29 33 45 59 75 91 108 54 38 23 15 23 38 54 71 88 105 52 35 18 0 18 35 52 70 87 104 54 38 23 15 23 38 54 71 88 105 60 45 34 29 33 45 59 75 91 108 68 55 46 43 46 55 67 81 97 112
57 25 69 40 40 21 61 33 50 56 37 52 64 25 19 62 16 23 46 35 54 24 48 46 39 37 64 34 62 6 42 61 59 35 24 36 16 28 3 39 110 100 92 87 85 86 91 99 109 120 99 88 79 73 71 73 78 87 99 111 90 77 67 59 57 59 66 77 89 103 82 67 55 46 43 46 55 67 81 96 75 60 45 33 29 33 45 59 75 91 71 54 38 23 15 23 38 54 71 88 70 52 35 18 0 18 35 52 70 87 71 54 38 23 15 23 38 54 71 88 75 60 45 33 29 33 45 59 75 91 82 67 55 46 43 46 55 67 81 96
40 28 79 30 54 18 72 33 50 41 20 51 63 19 4 47 19 21 50 36 36 40 58 35 52 29 77 31 62 17 24 59 60 40 20 35 26 28 20 35 122 110 99 91 86 84 86 91 98 108 112 99 88 79 73 70 72 78 87 98 104 90 77 66 59 56 59 66 76 89 97 82 67 55 46 42 46 55 67 81 91 75 60 45 33 28 33 45 59 75 88 71 54 38 23 14 23 38 54 71 87 70 52 35 18 0 18 35 52 70 88 71 54 38 23 14 23 38 54 71 91 75 60 45 33 28 33 45 59 75 97 82 67 55 46 42 46 55 67 81
22 39 92 28 69 29 85 41 55 29 7 55 67 27 17 33 32 31 59 44 19 56 71 32 67 30 92 38 67 34 7 62 65 52 30 42 42 37 37 40 134 121 109 99 91 86 84 85 90 98 126 112 99 88 78 72 70 72 78 87 119 104 90 77 66 59 56 59 66 76 113 97 81 67 55 46 42 46 54 67 108 91 75 59 45 33 28 33 45 59 105 88 71 54 38 23 14 23 38 54 104 87 70 52 35 18 0 18 35 52 105 88 71 54 38 23 14 23 38 54 108 91 75 59 45 33 28 33 45 59 113 97 81 67 55 46 42 46 54 67
7 53 106 36 86 44 100 53 65 25 18 64 74 41 34 24 48 46 71 57 2 73 85 37 83 40 108 50 75 51 11 69 74 66 44 54 58 51 55 50 148 134 121 109 99 91 85 83 85 90 140 126 112 99 87 78 72 70 72 77 134 118 104 89 77 66 59 56 58 65 129 112 97 81 67 55 46 42 45 54 125 108 91 75 59 45 33 28 33 45 122 105 88 71 54 38 23 14 23 38 122 104 87 70 52 35 18 0 18 35 122 105 88 71 54 38 23 14 23 38 125 108 91 75 59 45 33 28 33 45 129 112 97 81 67 55 46 42 45 54
15 69 121 49 102 60 115 68 78 32 34 76 84 57 52 26 65 62 85 71 17 90 100 49 99 53 124 65 87 69 29 79 85 81 60 69 75 66 72 64 162 148 134 121 109 98 90 85 83 85 156 140 126 112 99 87 78 72 69 71 150 134 118 103 89 76 66 58 55 58 145 129 112 97 81 67 54 45 42 45 142 125 108 91 75 59 45 33 28 33 140 122 105 88 71 54 38 23 14 23 139 122 104 87 70 52 35 18 0 18 140 122 105 88 71 54 38 23 14 23 142 125 108 91 75 59 45 33 28 33 145 129 112 97 81 67 54 45 42 45
31 86 137 65 119 77 131 84 92 45 51 90 97 73 69 37 82 78 100 87 34 108 116 63 116 69 141 80 99 86 46 92 99 97 77 84 92 82 89 79 177 162 148 134 120 108 98 90 85 83 171 155 140 125 111 98 87 77 71 69 166 150 134 118 103 89 76 65 58 55 162 145 129 112 96 81 67 54 45 42 159 142 125 108 91 75 59 45 33 28 157 140 122 105 88 71 54 38 23 14 156 139 122 104 87 70 52 35 18 0 157 140 122 105 88 71 54 38 23 14 159 142 125 108 91 75 59 45 33 28 162 145 129 112 96 81 67 54 45 42
127 84 79 99 59 87 74 91 101 125 108 104 113 92 90 133 81 88 90 91 124 56 75 104 63 103 62 94 109 74 112 112 106 82 89 93 72 89 69 99 100 102 106 112 121 132 144 156 170 184 86 88 93 100 110 122 134 148 162 177 72 74 80 88 99 112 126 140 156 171 58 60 67 77 90 104 119 134 150 166 43 47 55 68 82 97 113 129 145 162 29 34 45 60 75 91 108 125 142 159 15 23 38 54 71 88 105 122 140 157 0 18 35 52 70 87 104 122 139 156 15 23 38 54 71 88 105 122 140 157 29 34 45 60 75 91 108 125 142 159
110 69 74 82 49 71 67 77 88 109 91 91 101 76 73 116 65 72 78 77 107 41 65 87 52 87 57 79 97 57 95 100 94 69 73 79 57 74 53 85 102 100 101 105 112 121 131 143 156 170 88 86 87 92 100 110 121 134 148 162 74 72 73 79 88 99 112 126 140 155 60 57 60 67 77 90 104 118 134 150 47 43 46 55 67 82 97 112 129 145 34 29 34 45 60 75 91 108 125 142 23 15 23 38 54 71 88 105 122 140 18 0 18 35 52 70 87 104 122 139 23 15 23 38 54 71 88 105 122 140 34 29 34 45 60 75 91 108 125 142
93 56 72 65 43 56 65 64 77 93 74 80 91 61 56 100 50 57 68 64 90 30 58 70 45 72 59 66 88 41 78 89 84 58 58 66 43 60 37 71 106 101 99 101 105 112 121 131 143 156 93 87 85 87 92 99 109 121 134 148 80 73 71 73 79 88 99 112 126 140 67 60 57 60 67 77 90 104 118 134 55 46 43 46 55 67 81 97 112 129 45 34 29 34 45 60 75 91 108 125 38 23 15 23 38 54 71 88 105 122 35 18 0 18 35 52 70 87 104 122 38 23 15 23 38 54 71 88 105 122 45 34 29 34 45 60 75 91 108 125
76 45 75 48 44 43 67 53 69 78 58 71 83 47 40 84 37 44 62 54 73 26 57 53 45 59 64 54 80 28 61 80 77 50 45 56 33 49 22 60 112 105 101 99 100 105 111 120 131 143 100 92 87 85 87 91 99 109 121 134 88 79 73 71 73 79 88 99 112 125 77 67 60 57 59 66 77 89 103 118 68 55 46 43 46 55 67 81 97 112 60 45 34 29 33 45 59 75 91 108 54 38 23 15 23 38 54 71 88 105 52 35 18 0 18 35 52 70 87 104 54 38 23 15 23 38 54 71 88 105 60 45 34 29 33 45 59 75 91 108
60 39 81 32 51 34 73 47 64 63 42 66 78 37 26 69 30 36 60 49 56 33 61 37 51 48 74 47 76 20 44 74 73 49 36 49 30 42 17 52 121 112 105 100 99 100 104 111 120 130 110 100 92 87 85 86 91 99 109 120 99 88 79 73 71 73 78 87 99 111 90 77 67 59 57 59 66 77 89 103 82 67 55 46 43 46 55 67 81 96 75 60 45 33 29 33 45 59 75 91 71 54 38 23 15 23 38 54 71 88 70 52 35 18 0 18 35 52 70 87 71 54 38 23 15 23 38 54 71 88 75 60 45 33 29 33 45 59 75 91
44 41 90 17 62 32 82 46 64 50 28 65 77 33 18 55 31 34 63 49 39 46 69 24 61 42 86 45 76 26 29 73 73 53 34 49 36 42 26 49 132 121 112 105 100 98 99 104 110 119 122 110 99 91 86 84 86 91 98 108 112 99 88 79 73 70 72 78 87 98 104 90 77 66 59 56 59 66 76 89 97 82 67 55 46 42 46 55 67 81 91 75 60 45 33 28 33 45 59 75 88 71 54 38 23 14 23 38 54 71 87 70 52 35 18 0 18 35 52 70 88 71 54 38 23 14 23 38 54 71 91 75 60 45 33 28 33 45 59 75
29 49 102 15 76 39 94 52 68 41 21 68 80 38 24 44 41 41 70 56 24 61 80 18 74 43 100 50 80 39 17 75 78 62 40 54 49 48 41 53 144 131 121 111 104 99 98 99 103 110 134 121 109 99 91 86 84 85 90 98 126 112 99 88 78 72 70 72 78 87 119 104 90 77 66 59 56 59 66 76 113 97 81 67 55 46 42 46 54 67 108 91 75 59 45 33 28 33 45 59 105 88 71 54 38 23 14 23 38 54 104 87 70 52 35 18 0 18 35 52 105 88 71 54 38 23 14 23 38 54 108 91 75 59 45 33 28 33 45 59
20 61 114 27 91 51 108 63 76 38 26 76 86 49 38 38 54 53 80 66 16 77 93 26 89 50 114 60 87 55 19 81 85 74 52 64 63 59 57 61 156 143 131 120 111 104 99 97 99 103 148 134 121 109 99 91 85 83 85 90 140 126 112 99 87 78 72 70 72 77 134 118 104 89 77 66 59 56 58 65 129 112 97 81 67 55 46 42 45 54 125 108 91 75 59 45 33 28 33 45 122 105 88 71 54 38 23 14 23 38 122 104 87 70 52 35 18 0 18 35 122 105 88 71 54 38 23 14 23 38 125 108 91 75 59 45 33 28 33 45
23 75 128 43 107 65 122 76 87 43 39 86 95 63 54 39 69 67 93 79 22 93 107 41 104 62 130 72 97 71 32 90 95 88 66 76 79 73 74 72 170 156 143 131 120 110 103 99 97 98 162 148 134 121 109 98 90 85 83 85 156 140 126 112 99 87 78 72 69 71 150 134 118 103 89 76 66 58 55 58 145 129 112 97 81 67 54 45 42 45 142 125 108 91 75 59 45 33 28 33 140 122 105 88 71 54 38 23 14 23 139 122 104 87 70 52 35 18 0 18 140 122 105 88 71 54 38 23 14 23 142 125 108 91 75 59 45 33 28 33
36 91 143 60 123 81 137 90 100 53 55 98 106 78 71 47 86 83 107 93 37 110 122 57 120 75 145 87 108 88 48 101 107 102 81 91 95 88 91 86 184 170 156 143 130 119 110 103 98 96 177 162 148 134 120 108 98 90 85 83 171 155 140 125 111 98 87 77 71 69 166 150 134 118 103 89 76 65 58 55 162 145 129 112 96 81 67 54 45 42 159 142 125 108 91 75 59 45 33 28 157 140 122 105 88 71 54 38 23 14 156 139 122 104 87 70 52 35 18 0 157 140 122 105 88 71 54 38 23 14 159 142 125 108 91 75 59 45 33 28
130 91 93 98 70 93 87 99 111 130 111 114 123 98 94 137 87 94 100 99 126 64 86 102 74 109 75 101 119 79 115 122 116 91 95 101 79 96 74 107 115 116 119 125 133 143 154 166 179 192 100 102 106 112 121 132 144 156 170 184 86 88 93 100 110 122 134 148 162 177 72 74 80 88 99 112 126 140 156 171 58 60 67 77 90 104 119 134 150 166 43 47 55 68 82 97 113 129 145 162 29 34 45 60 75 91 108 125 142 159 15 23 38 54 71 88 105 122 140 157 0 18 35 52 70 87 104 122 139 156 15 23 38 54 71 88 105 122 140 157
113 78 88 81 61 79 81 86 99 115 95 102 112 83 78 121 73 80 89 86 110 51 77 85 64 95 72 88 109 64 98 110 105 79 81 88 65 82 59 94 116 114 115 119 125 133 142 153 165 178 102 100 101 105 112 121 131 143 156 170 88 86 87 92 100 110 121 134 148 162 74 72 73 79 88 99 112 126 140 155 60 57 60 67 77 90 104 118 134 150 47 43 46 55 67 82 97 112 129 145 34 29 34 45 60 75 91 108 125 142 23 15 23 38 54 71 88 105 122 140 18 0 18 35 52 70 87 104 122 139 23 15 23 38 54 71 88 105 122 140
97 66 86 63 57 65 79 74 89 100 79 92 103 70 62 106 59 67 81 75 93 43 72 68 59 81 72 76 100 50 82 101 97 70 68 77 54 70 45 82 119 115 114 115 118 124 132 142 153 165 106 101 99 101 105 112 121 131 143 156 93 87 85 87 92 99 109 121 134 148 80 73 71 73 79 88 99 112 126 140 67 60 57 60 67 77 90 104 118 134 55 46 43 46 55 67 81 97 112 129 45 34 29 34 45 60 75 91 108 125 38 23 15 23 38 54 71 88 105 122 35 18 0 18 35 52 70 87 104 122 38 23 15 23 38 54 71 88 105 122
81 58 88 46 58 54 80 66 82 85 64 84 96 58 48 91 49 56 75 67 77 40 71 50 59 70 77 66 94 39 66 93 90 64 57 68 46 61 34 72 125 119 115 113 114 118 124 132 141 152 112 105 101 99 100 105 111 120 131 143 100 92 87 85 87 91 99 109 121 134 88 79 73 71 73 79 88 99 112 125 77 67 60 57 59 66 77 89 103 118 68 55 46 43 46 55 67 81 97 112 60 45 34 29 33 45 59 75 91 108 54 38 23 15 23 38 54 71 88 105 52 35 18 0 18 35 52 70 87 104 54 38 23 15 23 38 54 71 88 105
65 53 94 29 63 47 86 60 78 72 51 79 92 50 37 77 43 49 74 63 61 45 74 33 63 61 85 60 90 34 51 88 87 63 50 63 44 56 30 66 133 125 118 114 113 114 117 123 131 141 121 112 105 100 99 100 104 111 120 130 110 100 92 87 85 86 91 99 109 120 99 88 79 73 71 73 78 87 99 111 90 77 67 59 57 59 66 77 89 103 82 67 55 46 43 46 55 67 81 96 75 60 45 33 29 33 45 59 75 91 71 54 38 23 15 23 38 54 71 88 70 52 35 18 0 18 35 52 70 87 71 54 38 23 15 23 38 54 71 88
51 54 102 12 73 46 94 60 78 62 40 79 91 47 32 65 44 48 76 63 47 55 81 16 72 56 96 59 90 38 38 86 87 66 48 63 48 55 36 63 143 133 124 118 114 112 113 117 123 131 132 121 112 105 100 98 99 104 110 119 122 110 99 91 86 84 86 91 98 108 112 99 88 79 73 70 72 78 87 98 104 90 77 66 59 56 59 66 76 89 97 82 67 55 46 42 46 55 67 81 91 75 60 45 33 28 33 45 59 75 88 71 54 38 23 14 23 38 54 71 87 70 52 35 18 0 18 35 52 70 88 71 54 38 23 14 23 38 54 71
40 61 112 7 85 51 104 65 81 54 35 81 93 51 36 56 51 53 82 68 35 68 90 4 83 57 108 63 93 48 30 88 91 73 53 67 58 60 48 66 154 142 132 124 117 113 112 113 116 122 144 131 121 111 104 99 98 99 103 110 134 121 109 99 91 86 84 85 90 98 126 112 99 88 78 72 70 72 78 87 119 104 90 77 66 59 56 59 66 76 113 97 81 67 55 46 42 46 54 67 108 91 75 59 45 33 28 33 45 59 105 88 71 54 38 23 14 23 38 54 104 87 70 52 35 18 0 18 35 52 105 88 71 54 38 23 14 23 38 54
33 71 124 24 98 60 116 73 88 52 38 88 99 59 47 51 63 63 91 77 29 82 102 20 96 62 122 71 99 61 31 93 97 83 62 75 71 69 62 73 166 153 142 132 123 117 113 111 112 116 156 143 131 120 111 104 99 97 99 103 148 134 121 109 99 91 85 83 85 90 140 126 112 99 87 78 72 70 72 77 134 118 104 89 77 66 59 56 58 65 129 112 97 81 67 55 46 42 45 54 125 108 91 75 59 45 33 28 33 45 122 105 88 71 54 38 23 14 23 38 122 104 87 70 52 35 18 0 18 35 122 105 88 71 54 38 23 14 23 38
36 83 136 41 113 73 130 85 98 56 48 97 107 71 60 52 76 75 102 88 33 98 115 37 111 72 136 82 108 76 41 101 106 96 74 86 85 81 78 82 179 165 153 141 131 123 116 112 110 112 170 156 143 131 120 110 103 99 97 98 162 148 134 121 109 98 90 85 83 85 156 140 126 112 99 87 78 72 69 71 150 134 118 103 89 76 66 58 55 58 145 129 112 97 81 67 54 45 42 45 142 125 108 91 75 59 45 33 28 33 140 122 105 88 71 54 38 23 14 23 139 122 104 87 70 52 35 18 0 18 140 122 105 88 71 54 38 23 14 23
45 97 150 59 128 87 144 98 109 64 61 108 117 85 76 59 91 89 115 101 44 114 129 55 126 84 151 94 118 92 54 111 117 110 88 99 100 95 94 94 192 178 165 152 141 131 122 116 112 110 184 170 156 143 130 119 110 103 98 96 177 162 148 134 120 108 98 90 85 83 171 155 140 125 111 98 87 77 71 69 166 150 134 118 103 89 76 65 58 55 162 145 129 112 96 81 67 54 45 42 159 142 125 108 91 75 59 45 33 28 157 140 122 105 88 71 54 38 23 14 156 139 122 104 87 70 52 35 18 0 157 140 122 105 88 71 54 38 23 14
134 100 106 99 82 101 100 108 121 137 117 124 134 106 99 143 95 102 111 108 130 73 98 103 85 117 89 110 131 86 119 132 127 101 103 110 88 105 81 116 129 130 133 138 145 154 164 176 188 201 115 116 119 125 133 143 154 166 179 192 100 102 106 112 121 132 144 156 170 184 86 88 93 100 110 122 134 148 162 177 72 74 80 88 99 112 126 140 156 171 58 60 67 77 90 104 119 134 150 166 43 47 55 68 82 97 113 129 145 162 29 34 45 60 75 91 108 125 142 159 15 23 38 54 71 88 105 122 140 157 0 18 35 52 70 87 104 122 139 156
118 88 102 82 75 88 95 96 110 122 101 113 124 92 84 128 82 89 101 97 114 63 91 86 78 104 86 98 121 72 103 122 117 91 90 99 76 92 67 104 130 128 129 132 138 145 154 164 175 187 116 114 115 119 125 133 142 153 165 178 102 100 101 105 112 121 131 143 156 170 88 86 87 92 100 110 121 134 148 162 74 72 73 79 88 99 112 126 140 155 60 57 60 67 77 90 104 118 134 150 47 43 46 55 67 82 97 112 129 145 34 29 34 45 60 75 91 108 125 142 23 15 23 38 54 71 88 105 122 140 18 0 18 35 52 70 87 104 122 139
103 78 101 65 71 76 93 86 102 108 86 104 116 80 71 113 70 77 94 87 98 56 86 68 73 92 86 87 113 60 88 113 109 83 78 89 66 82 55 93 133 129 128 129 132 137 144 153 163 175 119 115 114 115 118 124 132 142 153 165 106 101 99 101 105 112 121 131 143 156 93 87 85 87 92 99 109 121 134 148 80 73 71 73 79 88 99 112 126 140 67 60 57 60 67 77 90 104 118 134 55 46 43 46 55 67 81 97 112 129 45 34 29 34 45 60 75 91 108 125 38 23 15 23 38 54 71 88 105 122 35 18 0 18 35 52 70 87 104 122
87 71 102 48 71 66 94 79 95 95 73 97 110 70 58 99 62 68 89 80 83 54 85 51 73 81 90 79 107 52 73 106 104 78 69 81 59 74 47 85 138 132 129 127 128 131 137 144 153 163 125 119 115 113 114 118 124 132 141 152 112 105 101 99 100 105 111 120 131 143 100 92 87 85 87 91 99 109 121 134 88 79 73 71 73 79 88 99 112 125 77 67 60 57 59 66 77 89 103 118 68 55 46 43 46 55 67 81 97 112 60 45 34 29 33 45 59 75 91 108 54 38 23 15 23 38 54 71 88 105 52 35 18 0 18 35 52 70 87 104
73 67 107 32 76 61 99 74 92 83 61 93 106 63 50 87 57 63 88 77 69 58 87 35 76 74 97 74 104 48 60 102 101 77 63 77 58 69 44 79 145 138 132 128 127 127 131 136 143 152 133 125 118 114 113 114 117 123 131 141 121 112 105 100 99 100 104 111 120 130 110 100 92 87 85 86 91 99 109 120 99 88 79 73 71 73 78 87 99 111 90 77 67 59 57 59 66 77 89 103 82 67 55 46 43 46 55 67 81 96 75 60 45 33 29 33 45 59 75 91 71 54 38 23 15 23 38 54 71 88 70 52 35 18 0 18 35 52 70 87
61 68 114 19 84 59 106 74 91 74 53 92 105 61 46 77 58 62 90 77 56 66 93 19 84 70 107 73 104 51 50 100 101 79 62 76 61 69 48 77 154 145 137 131 127 126 127 130 135 143 143 133 124 118 114 112 113 117 123 131 132 121 112 105 100 98 99 104 110 119 122 110 99 91 86 84 86 91 98 108 112 99 88 79 73 70 72 78 87 98 104 90 77 66 59 56 59 66 76 89 97 82 67 55 46 42 46 55 67 81 91 75 60 45 33 28 33 45 59 75 88 71 54 38 23 14 23 38 54 71 87 70 52 35 18 0 18 35 52 70
52 73 123 17 94 63 115 78 94 68 49 95 107 64 49 69 63 66 95 81 47 77 101 11 94 70 118 76 107 58 44 102 104 85 65 80 69 73 58 79 164 154 144 137 131 127 125 126 130 135 154 142 132 124 117 113 112 113 116 122 144 131 121 111 104 99 98 99 103 110 134 121 109 99 91 86 84 85 90 98 126 112 99 88 78 72 70 72 78 87 119 104 90 77 66 59 56 59 66 76 113 97 81 67 55 46 42 46 54 67 108 91 75 59 45 33 28 33 45 59 105 88 71 54 38 23 14 23 38 54 104 87 70 52 35 18 0 18 35 52
47 82 134 28 107 71 126 85 100 66 51 100 112 71 57 65 73 74 103 88 43 90 112 23 105 75 130 83 112 70 45 106 110 94 73 87 80 81 70 85 176 164 153 144 136 130 126 125 126 129 166 153 142 132 123 117 113 111 112 116 156 143 131 120 111 104 99 97 99 103 148 134 121 109 99 91 85 83 85 90 140 126 112 99 87 78 72 70 72 77 134 118 104 89 77 66 59 56 58 65 129 112 97 81 67 55 46 42 45 54 125 108 91 75 59 45 33 28 33 45 122 105 88 71 54 38 23 14 23 38 122 104 87 70 52 35 18 0 18 35
49 93 146 44 120 82 138 95 109 69 59 108 119 81 69 66 85 85 113 98 46 104 124 39 119 83 144 92 120 83 52 113 118 105 84 96 93 91 84 93 188 175 163 153 143 135 130 126 124 125 179 165 153 141 131 123 116 112 110 112 170 156 143 131 120 110 103 99 97 98 162 148 134 121 109 98 90 85 83 85 156 140 126 112 99 87 78 72 69 71 150 134 118 103 89 76 66 58 55 58 145 129 112 97 81 67 54 45 42 45 142 125 108 91 75 59 45 33 28 33 140 122 105 88 71 54 38 23 14 23 139 122 104 87 70 52 35 18 0 18
56 105 159 61 135 95 152 107 119 75 70 118 128 93 82 71 98 97 124 110 54 119 137 55 133 93 158 103 129 98 63 122 128 118 96 108 107 103 99 104 201 187 175 163 152 143 135 129 125 124 192 178 165 152 141 131 122 116 112 110 184 170 156 143 130 119 110 103 98 96 177 162 148 134 120 108 98 90 85 83 171 155 140 125 111 98 87 77 71 69 166 150 134 118 103 89 76 65 58 55 162 145 129 112 96 81 67 54 45 42 159 142 125 108 91 75 59 45 33 28 157 140 122 105 88 71 54 38 23 14 156 139 122 104 87 70 52 35 18 0
