0 46 22 63 33 28 88 104 45 53 87 52 34 48 33 56 44 64 42 99 19 50 74 27 76 34 109 55 58 50 83 99 31 35 37 54 102 79 43 57 153 139 126 115 105 97 92 90 91 95 145 130 117 104 93 84 78 76 77 83 138 123 108 94 82 72 65 62 64 70 132 116 101 86 72 60 52 48 51 58 128 111 95 79 64 50 39 34 38 48 125 108 91 74 57 42 28 21 26 39 123 106 89 71 54 37 20 7 18 34 123 106 89 71 54 37 21 8 18 35 125 108 91 74 58 42 29 22 27 40 128 111 95 79 64 51 40 36 39 49
46 0 38 35 24 19 47 66 42 12 43 8 28 16 18 38 15 45 15 55 34 6 29 20 33 13 67 23 29 8 40 60 18 30 26 40 65 33 12 26 110 95 81 69 60 54 54 59 69 81 104 88 73 59 48 41 40 47 58 72 99 83 66 51 37 27 27 36 50 66 97 79 62 45 29 15 15 29 45 62 96 79 61 44 27 10 9 26 44 61 97 80 64 47 31 19 19 31 47 63 101 84 69 54 41 32 32 40 53 68 106 91 76 63 52 46 46 52 62 75 113 98 85 74 65 60 59 64 73 84 121 107 95 85 78 73 73 77 84 94
22 38 0 66 38 25 85 103 56 49 73 46 15 47 34 35 43 71 42 93 6 43 65 23 71 30 105 56 60 45 69 97 20 15 43 33 102 70 42 58 148 133 118 105 92 82 74 70 70 74 141 126 110 96 82 70 61 56 56 61 137 120 104 88 74 60 49 42 42 49 133 116 99 83 67 51 38 29 29 38 131 114 96 79 62 46 29 16 17 30 130 113 95 78 61 43 26 9 9 27 131 114 96 79 62 46 30 17 17 30 133 116 100 83 67 52 39 30 30 39 137 120 104 89 74 61 50 43 43 50 142 126 111 96 83 71 62 57 57 62
63 35 66 0 30 42 32 42 29 24 60 28 60 20 33 72 23 14 25 45 60 31 39 44 28 37 51 12 6 27 57 37 48 62 27 74 39 41 26 9 94 83 74 69 68 71 78 88 100 114 84 72 62 55 54 58 67 78 92 106 76 62 50 42 40 46 56 70 84 100 69 54 39 28 26 34 47 63 79 95 66 49 32 17 13 26 42 59 76 93 65 47 30 13 6 23 40 58 75 92 67 50 35 21 18 29 44 60 77 94 72 57 43 34 32 39 51 65 81 97 79 66 54 47 46 51 60 73 87 102 88 76 67 61 60 63 71 82 95 109
33 24 38 30 0 15 56 71 21 25 66 25 36 17 7 55 13 33 11 68 32 25 48 17 46 14 77 23 25 23 62 66 24 39 5 56 69 52 14 25 121 108 97 87 80 77 77 82 89 99 112 98 86 75 67 63 64 69 77 89 105 90 76 64 54 49 50 56 67 80 99 83 68 54 42 35 37 45 58 72 95 78 62 46 32 22 24 36 51 67 93 76 59 42 25 9 14 30 47 64 93 76 59 42 25 10 14 30 47 64 96 79 62 46 32 23 25 36 51 67 100 84 68 54 43 36 38 46 58 73 106 91 77 65 55 50 51 57 68 80
28 19 25 42 15 0 62 80 36 27 61 25 22 23 10 41 19 47 18 72 19 23 47 3 49 7 83 32 36 23 57 74 9 24 20 42 78 52 18 34 127 112 99 88 78 72 69 71 76 85 119 104 90 77 66 58 55 57 64 74 114 98 82 68 55 45 41 44 53 65 109 93 76 60 46 33 27 32 43 57 107 89 72 55 39 23 13 21 36 53 106 89 71 54 37 19 2 16 34 51 107 90 73 56 40 24 15 22 37 53 110 93 77 61 47 35 29 33 44 58 114 99 83 69 57 47 43 46 54 66 120 105 91 79 68 60 57 59 66 76
88 47 85 32 56 62 0 21 60 37 45 39 74 40 56 77 45 43 47 14 80 42 28 64 15 56 21 34 34 40 43 15 65 76 55 81 23 26 45 33 65 52 43 40 43 53 66 80 96 112 58 43 31 26 31 44 59 75 91 108 53 36 20 11 22 37 54 71 88 106 52 35 17 4 19 36 53 70 88 105 55 39 24 18 25 40 56 72 89 106 61 47 36 32 37 48 62 77 93 109 69 57 49 46 49 58 70 84 99 114 79 69 62 60 62 69 80 92 106 120 91 82 76 74 76 82 90 101 114 128 103 95 90 88 90 95 102 112 123 136
104 66 103 42 71 80 21 0 69 55 64 58 93 57 72 98 61 48 63 24 98 61 49 82 36 74 17 49 46 59 63 7 83 95 68 102 6 46 62 47 54 46 44 48 58 71 85 101 116 133 43 32 30 36 49 63 79 95 112 129 35 20 16 26 42 58 75 92 109 126 31 14 5 22 39 56 74 91 108 126 34 19 15 26 41 58 75 92 109 126 42 31 28 35 48 63 79 95 112 129 52 44 42 47 57 70 85 100 116 132 65 58 57 60 68 79 92 107 122 137 77 72 71 74 80 90 101 114 129 143 90 86 85 87 93 101 112 123 137 151
45 42 56 29 21 36 60 69 0 38 81 40 57 30 28 75 28 22 27 73 50 42 61 38 54 35 79 29 27 39 77 65 44 59 17 76 65 64 31 29 122 111 102 96 92 92 95 101 109 120 111 100 90 83 79 78 82 89 98 109 102 89 78 69 65 64 69 77 88 100 93 79 67 57 51 51 56 66 78 92 87 71 57 45 37 37 44 56 70 86 82 65 49 35 24 24 34 48 64 81 79 62 45 28 12 12 27 44 61 78 79 62 45 28 12 11 27 44 61 78 81 65 49 34 23 22 33 48 64 81 86 71 56 44 36 36 43 55 70 85
53 12 49 24 25 27 37 55 38 0 43 4 39 9 21 48 12 36 14 46 44 7 24 28 23 20 57 14 19 4 39 49 29 41 25 51 54 28 11 16 101 86 74 63 56 54 58 66 77 90 94 78 64 52 43 40 45 55 68 82 88 72 56 42 30 26 33 46 61 77 85 68 51 35 19 13 24 39 56 73 84 67 50 33 15 4 20 38 55 72 86 69 52 36 22 17 26 41 57 74 90 74 58 44 34 31 36 48 63 78 95 81 67 55 47 44 49 58 70 84 103 89 77 67 60 58 62 69 80 92 112 99 88 79 74 72 75 81 90 102
87 43 73 60 66 61 45 64 81 43 0 42 58 52 61 48 54 74 56 42 71 41 22 61 35 56 55 54 58 44 4 58 57 59 67 53 67 21 52 55 87 70 53 37 21 12 21 37 54 71 87 69 52 35 18 3 18 36 53 70 88 71 55 39 24 17 25 39 55 72 92 76 61 46 36 31 36 47 61 76 98 83 69 57 48 45 48 57 69 83 105 91 79 68 62 59 61 68 79 91 114 101 90 81 75 73 75 81 89 100 123 112 102 94 89 87 88 93 101 111 134 123 114 107 102 101 102 106 113 122 145 135 127 120 116 115 116 119 125 133
52 8 46 28 25 25 39 58 40 4 42 0 36 11 21 44 13 40 14 48 41 3 24 26 26 18 60 17 23 2 38 52 26 38 26 47 58 28 11 20 103 88 75 64 56 53 55 63 73 86 96 81 66 53 43 39 42 51 64 79 91 75 59 44 31 25 30 42 57 73 89 72 55 38 22 11 20 36 52 69 88 71 54 36 19 4 17 34 51 69 90 73 56 40 26 18 24 38 54 71 94 77 62 48 37 32 36 46 60 75 99 84 70 58 49 46 48 57 68 82 106 93 80 70 62 60 62 68 78 90 115 102 91 82 76 74 75 81 89 100
34 28 15 60 36 22 74 93 57 39 58 36 0 40 30 23 37 67 36 81 15 33 52 20 59 24 93 49 54 35 55 87 13 3 41 22 93 56 35 52 135 120 105 91 78 67 59 56 58 65 130 114 98 83 68 56 46 42 45 54 126 109 93 76 61 46 34 29 33 44 124 107 89 72 56 39 24 15 22 37 123 106 88 71 54 36 19 2 17 34 124 106 89 72 55 39 23 14 21 36 126 109 92 76 60 46 33 28 32 43 130 114 98 82 68 55 46 42 44 53 135 119 104 90 77 66 58 55 57 64 141 127 112 99 88 78 72 69 71 76
48 16 47 20 17 23 40 57 30 9 52 11 40 0 16 53 5 30 7 51 42 13 32 25 29 18 61 9 15 10 48 51 28 42 17 55 55 36 6 12 105 92 80 71 65 63 66 73 84 96 97 83 69 58 51 49 53 62 74 87 91 75 60 47 38 35 41 52 65 81 86 70 53 38 26 21 30 44 59 76 84 67 50 33 16 8 22 39 56 73 84 67 50 33 16 8 22 39 56 73 86 70 54 38 26 22 30 44 60 76 91 75 61 48 38 36 41 52 66 81 97 83 70 59 52 50 54 62 74 88 105 92 81 71 65 64 67 74 84 96
33 18 34 33 7 10 56 72 28 21 61 21 30 16 0 48 11 38 9 66 28 20 44 12 44 8 76 23 27 19 57 66 18 33 11 49 70 48 11 26 120 107 94 84 76 72 71 75 82 92 112 98 84 72 63 58 57 62 71 82 106 90 75 62 51 44 44 50 60 74 101 84 68 53 40 31 30 39 52 67 98 81 64 47 31 18 17 30 45 62 97 79 62 45 27 10 8 26 43 60 97 80 63 47 30 17 16 29 45 62 100 84 68 52 39 29 29 37 51 66 105 89 74 61 50 43 42 48 59 73 111 97 83 71 62 56 56 61 69 81
56 38 35 72 55 41 77 98 75 48 48 44 23 53 48 0 51 82 51 81 37 41 50 39 62 41 94 60 66 45 45 91 32 22 59 5 98 54 48 63 132 116 99 83 68 54 42 35 36 45 130 112 95 79 62 46 32 22 23 35 128 111 93 76 59 42 25 9 13 30 128 111 94 76 59 42 25 10 14 30 130 113 96 79 62 47 32 23 24 36 133 116 100 84 69 54 43 36 37 45 137 121 106 91 77 64 55 50 50 57 143 128 113 99 86 76 68 63 64 69 150 135 121 108 97 87 81 77 78 82 157 144 131 119 108 100 94 91 91 95
44 15 43 23 13 19 45 61 28 12 54 13 37 5 11 51 0 31 2 56 38 14 36 21 33 14 66 13 18 11 50 55 25 39 14 53 59 40 3 15 109 96 84 75 68 65 68 74 83 95 102 87 74 63 55 52 54 62 73 86 95 79 65 52 42 38 41 51 64 79 90 74 58 42 30 24 29 42 57 73 88 71 54 37 20 10 20 36 53 70 87 70 53 36 19 5 18 35 52 70 89 73 56 40 26 19 26 40 55 72 93 77 62 48 38 33 37 48 61 77 99 84 71 59 50 47 50 58 70 83 107 93 81 71 64 61 63 70 80 92
64 45 71 14 33 47 43 48 22 36 74 40 67 30 38 82 31 0 32 56 65 42 53 50 42 44 60 23 18 38 71 45 55 70 29 84 44 55 34 21 101 92 85 82 82 85 92 101 112 125 90 80 72 68 68 72 80 91 103 117 80 68 59 54 54 59 69 81 95 110 72 58 47 40 40 47 59 73 88 104 65 50 36 26 27 37 51 66 83 99 61 44 28 13 14 29 46 63 80 97 60 43 26 9 11 27 45 62 79 96 63 47 31 20 21 33 48 64 81 98 68 54 41 33 34 42 55 69 85 101 76 63 53 47 47 53 64 77 91 107
42 15 42 25 11 18 47 63 27 14 56 14 36 7 9 51 2 32 0 58 36 15 37 20 35 13 68 14 19 12 52 57 24 38 12 53 61 41 4 17 111 98 86 76 70 67 68 74 83 95 103 89 76 64 56 53 55 62 73 86 97 81 67 53 43 39 42 51 63 78 92 76 59 44 31 25 29 41 56 72 89 72 55 38 22 11 19 35 52 69 89 72 54 37 20 4 16 34 51 68 90 74 57 41 26 18 24 38 54 70 94 78 63 49 37 32 35 46 60 75 100 85 71 59 50 46 48 56 68 82 107 93 81 70 63 60 62 68 78 90
99 55 93 45 68 72 14 24 73 46 42 48 81 51 66 81 56 56 58 0 89 50 31 74 23 66 14 46 46 49 41 20 73 83 67 85 28 27 56 45 55 41 30 27 35 47 62 78 95 112 50 33 19 14 25 41 58 75 92 109 48 31 14 5 22 39 57 74 91 109 51 35 21 17 27 42 59 76 93 110 57 43 33 31 37 49 64 80 96 112 66 54 46 45 49 59 72 86 101 117 76 66 60 59 62 70 81 94 108 123 87 79 74 73 76 82 91 103 116 130 100 92 88 87 89 95 103 113 125 138 112 106 102 101 103 108 115 124 135 147
19 34 6 60 32 19 80 98 50 44 71 41 15 42 28 37 38 65 36 89 0 39 62 17 66 25 101 50 55 40 68 92 16 16 37 35 97 66 36 53 144 129 115 102 90 81 74 71 72 78 137 122 107 92 80 69 61 57 59 65 132 116 100 84 70 58 48 43 46 54 128 111 94 78 62 48 36 30 33 44 125 108 91 74 57 41 26 16 22 36 124 107 90 72 55 38 21 4 15 32 125 108 91 73 56 40 24 13 20 35 127 110 94 77 61 46 33 27 30 42 131 114 98 83 68 55 45 41 43 51 136 120 105 91 77 66 58 54 56 63
50 6 43 31 25 23 42 61 42 7 41 3 33 13 20 41 14 42 15 50 39 0 25 24 28 17 62 20 26 4 38 55 23 35 27 44 60 29 12 22 105 90 77 65 57 52 54 61 71 84 99 83 68 55 44 39 41 49 62 76 94 77 61 46 33 25 28 39 54 70 91 74 57 40 24 11 17 33 50 67 91 74 56 39 22 6 14 31 49 66 93 76 59 43 28 19 23 36 52 68 96 80 65 51 39 33 35 45 58 73 102 87 73 60 51 46 48 55 67 80 109 95 82 72 64 60 62 67 77 89 118 105 93 84 77 74 75 80 88 98
74 29 65 39 48 47 28 49 61 24 22 24 52 32 44 50 36 53 37 31 62 25 0 48 15 41 44 33 36 26 19 42 46 53 49 55 50 5 34 34 84 69 54 41 33 33 41 54 69 85 80 63 47 32 20 20 32 47 64 81 78 61 44 26 10 10 27 44 61 79 79 62 45 28 14 14 29 45 62 79 82 66 50 36 27 27 36 50 66 82 87 72 58 47 40 40 47 59 72 87 95 81 69 59 54 54 59 69 81 94 103 91 80 72 68 68 72 80 90 103 113 102 92 85 82 81 85 92 101 112 124 113 105 99 95 95 98 104 112 122
27 20 23 44 17 3 64 82 38 28 61 26 20 25 12 39 21 50 20 74 17 24 48 0 51 8 85 34 38 25 57 76 8 22 22 40 80 53 20 36 128 114 100 88 79 72 68 69 75 83 121 106 91 78 67 58 54 56 62 73 115 99 84 69 56 46 41 43 51 63 111 94 78 62 47 34 27 30 41 55 109 91 74 57 41 25 13 19 34 50 108 91 73 56 39 21 4 14 32 49 109 92 75 58 42 27 16 21 35 51 112 95 79 63 49 37 30 33 43 57 117 101 85 71 58 49 44 46 54 65 123 108 93 80 69 61 58 59 65 75
76 33 71 28 46 49 15 36 54 23 35 26 59 29 44 62 33 42 35 23 66 28 15 51 0 43 35 26 28 27 32 30 51 61 45 66 37 14 33 26 78 64 51 43 40 45 55 68 83 98 72 56 41 30 26 33 46 61 77 94 68 51 34 19 12 24 40 57 74 91 67 49 32 15 4 21 38 55 73 90 69 52 36 22 17 27 42 58 75 92 74 58 45 34 31 37 49 63 79 95 81 67 55 47 45 49 59 71 85 100 89 77 67 61 59 62 70 80 93 107 99 88 80 75 73 76 82 91 102 115 110 100 93 88 87 89 95 103 113 124
34 13 30 37 14 7 56 74 35 20 56 18 24 18 8 41 14 44 13 66 25 17 41 8 43 0 77 26 31 17 52 68 12 26 18 42 72 46 12 29 120 106 93 82 73 67 65 68 75 85 113 98 84 71 60 53 51 55 64 75 108 92 76 62 49 40 38 43 53 67 104 87 70 54 39 27 24 31 45 60 101 84 67 50 33 17 10 23 40 57 101 84 66 49 32 15 6 22 39 56 103 86 69 52 37 24 19 28 43 59 106 90 74 59 46 36 33 39 50 65 111 96 81 68 57 49 47 51 60 73 118 104 90 78 69 62 61 64 72 82
109 67 105 51 77 83 21 17 79 57 55 60 93 61 76 94 66 60 68 14 101 62 44 85 35 77 0 55 54 61 54 16 85 95 75 98 22 40 66 53 44 33 28 33 45 59 75 92 108 125 37 22 14 23 38 54 71 88 106 123 35 17 2 18 36 53 70 87 105 122 38 23 16 24 39 55 72 89 106 123 46 34 30 35 46 60 76 92 109 125 56 47 44 47 56 68 82 97 113 129 68 61 58 61 68 78 91 104 119 135 80 74 72 74 80 89 100 113 126 141 93 88 86 88 93 101 110 122 135 149 107 102 101 102 106 113 122 132 144 157
55 23 56 12 23 32 34 49 29 14 54 17 49 9 23 60 13 23 14 46 50 20 33 34 26 26 55 0 6 16 50 44 37 51 21 63 47 36 15 3 99 86 76 68 64 65 70 79 90 103 90 76 64 55 50 51 58 68 81 95 83 68 54 43 36 38 46 59 73 89 78 62 46 32 23 25 37 52 68 84 76 58 41 24 10 14 30 47 65 82 76 58 41 24 9 14 30 47 65 82 78 62 46 31 22 24 36 51 67 84 83 68 54 42 36 37 46 58 73 88 90 76 64 54 49 50 57 67 80 95 98 86 75 67 63 64 69 78 89 102
58 29 60 6 25 36 34 46 27 19 58 23 54 15 27 66 18 18 19 46 55 26 36 38 28 31 54 6 0 22 55 41 42 56 22 69 44 39 20 4 97 86 76 70 67 69 75 84 96 109 88 75 64 56 53 56 63 74 87 101 80 66 53 43 39 42 52 65 79 95 75 58 43 31 25 30 42 57 73 90 71 54 37 21 11 20 36 53 70 87 70 53 36 19 4 18 35 52 69 87 72 56 40 26 18 25 39 55 71 88 77 62 48 37 32 36 47 61 76 92 84 70 58 50 46 49 57 69 83 98 93 80 70 63 60 62 69 79 91 105
50 8 45 27 23 23 40 59 39 4 44 2 35 10 19 45 11 38 12 49 40 4 26 25 27 17 61 16 22 0 40 53 25 38 24 48 58 30 9 19 104 90 77 66 58 55 57 64 75 87 97 82 67 55 45 41 44 53 65 80 92 76 60 45 33 27 32 43 58 74 89 72 55 38 23 13 21 36 53 70 88 71 53 36 19 2 17 34 51 69 89 72 56 39 24 16 23 37 54 70 93 77 61 47 35 30 34 45 59 75 98 83 69 57 48 44 47 55 67 81 105 91 79 68 61 58 60 67 77 89 114 101 90 80 74 72 73 79 88 99
83 40 69 57 62 57 43 63 77 39 4 38 55 48 57 45 50 71 52 41 68 38 19 57 32 52 54 50 55 40 0 57 53 56 64 50 66 19 49 52 89 72 55 39 24 16 23 38 54 71 87 70 53 35 18 2 18 35 52 69 88 71 54 38 22 13 22 37 54 71 91 75 59 45 33 27 32 44 59 74 97 81 67 54 45 41 45 54 66 80 103 89 76 66 58 55 58 65 75 88 112 99 87 78 72 69 71 77 86 97 121 109 99 91 85 83 85 90 97 107 131 120 111 104 99 97 98 103 109 118 142 132 123 117 113 111 112 116 122 130
99 60 97 37 66 74 15 7 65 49 58 52 87 51 66 91 55 45 57 20 92 55 42 76 30 68 16 44 41 53 57 0 77 89 63 95 9 40 57 42 57 47 43 45 54 65 79 94 110 126 47 35 29 32 43 57 73 89 106 122 40 25 15 21 36 52 69 86 103 120 38 20 3 15 33 50 67 85 102 119 40 25 15 21 36 52 69 86 103 120 47 35 29 32 43 57 73 89 106 122 57 47 43 45 54 65 79 94 110 126 68 60 57 59 65 75 88 101 116 132 81 74 71 73 78 86 97 110 124 138 93 88 85 86 91 98 108 119 132 146
31 18 20 48 24 9 65 83 44 29 57 26 13 28 18 32 25 55 24 73 16 23 46 8 51 12 85 37 42 25 53 77 0 15 28 33 82 51 23 40 128 113 99 86 75 67 62 63 68 76 122 106 91 77 64 54 49 49 55 66 117 100 84 69 54 42 35 36 44 56 113 96 79 63 47 32 22 23 34 49 112 94 77 60 43 26 10 12 29 46 112 95 77 60 43 26 11 13 29 46 114 97 80 64 48 33 23 24 35 50 117 101 85 70 55 44 37 37 45 57 122 107 92 78 65 56 50 51 57 67 129 114 100 87 77 69 64 64 69 78
35 30 15 62 39 24 76 95 59 41 59 38 3 42 33 22 39 70 38 83 16 35 53 22 61 26 95 51 56 38 56 89 15 0 43 20 95 58 37 54 137 121 106 92 79 68 59 56 57 64 132 116 100 84 70 57 47 42 44 52 128 111 95 78 62 47 35 28 31 42 126 109 91 74 57 41 25 15 20 35 125 108 90 73 56 39 21 4 14 32 126 109 92 74 58 41 26 15 20 35 128 111 95 78 62 48 35 28 32 42 132 116 100 84 70 57 47 42 44 52 137 122 106 92 79 68 60 56 57 64 144 129 114 101 89 80 73 70 71 76
37 26 43 27 5 20 55 68 17 25 67 26 41 17 11 59 14 29 12 67 37 27 49 22 45 18 75 21 22 24 64 63 28 43 0 60 66 53 16 22 119 107 96 87 81 79 80 85 93 103 110 97 84 74 68 65 66 72 82 93 102 88 74 63 54 51 53 60 71 84 96 80 65 52 42 37 40 49 62 77 92 75 59 43 30 23 28 40 55 72 89 72 55 38 21 9 18 34 51 68 89 72 54 37 20 6 17 34 51 68 91 74 58 42 28 20 25 39 54 71 95 79 64 50 39 34 37 47 61 76 101 86 72 60 52 48 50 58 69 83
54 40 33 74 56 42 81 102 76 51 53 47 22 55 49 5 53 84 53 85 35 44 55 40 66 42 98 63 69 48 50 95 33 20 60 0 102 59 51 66 137 121 104 88 73 59 46 38 38 44 134 117 100 83 67 51 36 25 24 34 132 115 98 81 64 46 30 14 12 26 132 115 98 80 63 46 29 12 9 25 133 116 99 82 66 49 34 22 20 31 136 119 103 87 71 56 43 35 34 41 140 124 108 93 78 65 55 48 47 52 146 130 115 101 87 76 67 62 61 65 152 137 123 110 98 87 80 75 75 78 159 145 132 120 109 99 93 89 88 91
102 65 102 39 69 78 23 6 65 54 67 58 93 55 70 98 59 44 61 28 97 60 50 80 37 72 22 47 44 58 66 9 82 95 66 102 0 48 61 45 58 51 49 53 62 74 88 103 118 134 46 37 35 41 52 66 81 97 113 130 37 24 21 30 44 60 76 93 110 127 32 15 7 23 40 57 74 91 108 126 32 16 10 23 40 57 74 91 109 126 39 27 23 31 45 61 77 94 111 128 48 40 37 43 54 67 82 98 114 131 60 53 52 56 64 76 89 104 119 135 73 67 66 69 76 86 98 111 126 141 86 81 80 82 88 97 108 120 134 148
79 33 70 41 52 52 26 46 64 28 21 28 56 36 48 54 40 55 41 27 66 29 5 53 14 46 40 36 39 30 19 40 51 58 53 59 48 0 39 36 80 64 49 36 29 31 41 55 71 87 76 59 42 27 16 19 33 50 66 83 75 57 40 23 5 13 30 48 65 82 76 59 42 27 15 19 33 50 66 83 80 64 49 36 29 31 41 55 71 87 86 71 58 48 43 44 52 63 77 92 93 80 69 61 56 58 64 73 85 99 103 91 81 74 70 71 76 84 95 107 113 102 93 87 84 85 89 96 106 117 124 114 106 101 98 99 102 108 117 127
43 12 42 26 14 18 45 62 31 11 52 11 35 6 11 48 3 34 4 56 36 12 34 20 33 12 66 15 20 9 49 57 23 37 16 51 61 39 0 18 110 96 84 74 67 64 65 71 80 92 102 88 74 62 54 50 52 59 70 83 96 80 65 52 41 36 39 48 61 76 92 75 59 43 30 22 26 39 54 71 90 73 55 38 22 8 17 33 50 68 90 72 55 38 21 8 17 33 50 68 92 75 59 43 29 21 26 39 54 70 96 80 65 51 40 35 38 48 61 76 102 87 74 62 53 49 51 58 69 83 110 96 84 73 66 63 64 70 80 91
57 26 58 9 25 34 33 47 29 16 55 20 52 12 26 63 15 21 17 45 53 22 34 36 26 29 53 3 4 19 52 42 40 54 22 66 45 36 18 0 97 85 75 68 65 66 72 81 92 106 88 75 63 54 51 52 60 70 83 98 81 66 52 42 37 39 48 61 76 92 76 59 44 30 23 27 39 54 71 87 73 56 39 22 9 17 33 50 68 85 73 55 38 21 7 16 33 50 67 85 75 59 43 29 21 25 38 54 70 87 80 65 51 40 35 37 47 60 75 91 87 73 61 53 49 51 58 69 82 97 96 83 73 66 63 64 70 79 91 104
153 110 148 94 121 127 65 54 122 101 87 103 135 105 120 132 109 101 111 55 144 105 84 128 78 120 44 99 97 104 89 57 128 137 119 137 58 80 110 97 0 18 35 52 70 87 104 122 139 156 15 23 38 54 71 88 105 122 140 157 29 34 45 60 75 91 108 125 142 159 43 47 55 68 82 97 113 129 145 162 58 60 67 77 90 104 119 134 150 166 72 74 80 88 99 112 126 140 156 171 86 88 93 100 110 122 134 148 162 177 100 102 106 112 121 132 144 156 170 184 115 116 119 125 133 143 154 166 179 192 129 130 133 138 145 154 164 176 188 201
139 95 133 83 108 112 52 46 111 86 70 88 120 92 107 116 96 92 98 41 129 90 69 114 64 106 33 86 86 90 72 47 113 121 107 121 51 64 96 85 18 0 18 35 52 70 87 104 122 139 23 15 23 38 54 71 88 105 122 140 34 29 34 45 60 75 91 108 125 142 47 43 46 55 67 82 97 112 129 145 60 57 60 67 77 90 104 118 134 150 74 72 73 79 88 99 112 126 140 155 88 86 87 92 100 110 121 134 148 162 102 100 101 105 112 121 131 143 156 170 116 114 115 119 125 133 142 153 165 178 130 128 129 132 138 145 154 164 175 187
126 81 118 74 97 99 43 44 102 74 53 75 105 80 94 99 84 85 86 30 115 77 54 100 51 93 28 76 76 77 55 43 99 106 96 104 49 49 84 75 35 18 0 18 35 52 70 87 104 122 38 23 15 23 38 54 71 88 105 122 45 34 29 34 45 60 75 91 108 125 55 46 43 46 55 67 81 97 112 129 67 60 57 60 67 77 90 104 118 134 80 73 71 73 79 88 99 112 126 140 93 87 85 87 92 99 109 121 134 148 106 101 99 101 105 112 121 131 143 156 119 115 114 115 118 124 132 142 153 165 133 129 128 129 132 137 144 153 163 175
115 69 105 69 87 88 40 48 96 63 37 64 91 71 84 83 75 82 76 27 102 65 41 88 43 82 33 68 70 66 39 45 86 92 87 88 53 36 74 68 52 35 18 0 18 35 52 70 87 104 54 38 23 15 23 38 54 71 88 105 60 45 34 29 33 45 59 75 91 108 68 55 46 43 46 55 67 81 97 112 77 67 60 57 59 66 77 89 103 118 88 79 73 71 73 79 88 99 112 125 100 92 87 85 87 91 99 109 121 134 112 105 101 99 100 105 111 120 131 143 125 119 115 113 114 118 124 132 141 152 138 132 129 127 128 131 137 144 153 163
105 60 92 68 80 78 43 58 92 56 21 56 78 65 76 68 68 82 70 35 90 57 33 79 40 73 45 64 67 58 24 54 75 79 81 73 62 29 67 65 70 52 35 18 0 18 35 52 70 87 71 54 38 23 15 23 38 54 71 88 75 60 45 33 29 33 45 59 75 91 82 67 55 46 43 46 55 67 81 96 90 77 67 59 57 59 66 77 89 103 99 88 79 73 71 73 78 87 99 111 110 100 92 87 85 86 91 99 109 120 121 112 105 100 99 100 104 111 120 130 133 125 118 114 113 114 117 123 131 141 145 138 132 128 127 127 131 136 143 152
97 54 82 71 77 72 53 71 92 54 12 53 67 63 72 54 65 85 67 47 81 52 33 72 45 67 59 65 69 55 16 65 67 68 79 59 74 31 64 66 87 70 52 35 18 0 18 35 52 70 88 71 54 38 23 14 23 38 54 71 91 75 60 45 33 28 33 45 59 75 97 82 67 55 46 42 46 55 67 81 104 90 77 66 59 56 59 66 76 89 112 99 88 79 73 70 72 78 87 98 122 110 99 91 86 84 86 91 98 108 132 121 112 105 100 98 99 104 110 119 143 133 124 118 114 112 113 117 123 131 154 145 137 131 127 126 127 130 135 143
92 54 74 78 77 69 66 85 95 58 21 55 59 66 71 42 68 92 68 62 74 54 41 68 55 65 75 70 75 57 23 79 62 59 80 46 88 41 65 72 104 87 70 52 35 18 0 18 35 52 105 88 71 54 38 23 14 23 38 54 108 91 75 59 45 33 28 33 45 59 113 97 81 67 55 46 42 46 54 67 119 104 90 77 66 59 56 59 66 76 126 112 99 88 78 72 70 72 78 87 134 121 109 99 91 86 84 85 90 98 144 131 121 111 104 99 98 99 103 110 154 142 132 124 117 113 112 113 116 122 164 154 144 137 131 127 125 126 130 135
90 59 70 88 82 71 80 101 101 66 37 63 56 73 75 35 74 101 74 78 71 61 54 69 68 68 92 79 84 64 38 94 63 56 85 38 103 55 71 81 122 104 87 70 52 35 18 0 18 35 122 105 88 71 54 38 23 14 23 38 125 108 91 75 59 45 33 28 33 45 129 112 97 81 67 55 46 42 45 54 134 118 104 89 77 66 59 56 58 65 140 126 112 99 87 78 72 70 72 77 148 134 121 109 99 91 85 83 85 90 156 143 131 120 111 104 99 97 99 103 166 153 142 132 123 117 113 111 112 116 176 164 153 144 136 130 126 125 126 129
91 69 70 100 89 76 96 116 109 77 54 73 58 84 82 36 83 112 83 95 72 71 69 75 83 75 108 90 96 75 54 110 68 57 93 38 118 71 80 92 139 122 104 87 70 52 35 18 0 18 140 122 105 88 71 54 38 23 14 23 142 125 108 91 75 59 45 33 28 33 145 129 112 97 81 67 54 45 42 45 150 134 118 103 89 76 66 58 55 58 156 140 126 112 99 87 78 72 69 71 162 148 134 121 109 98 90 85 83 85 170 156 143 131 120 110 103 99 97 98 179 165 153 141 131 123 116 112 110 112 188 175 163 153 143 135 130 126 124 125
95 81 74 114 99 85 112 133 120 90 71 86 65 96 92 45 95 125 95 112 78 84 85 83 98 85 125 103 109 87 71 126 76 64 103 44 134 87 92 106 156 139 122 104 87 70 52 35 18 0 157 140 122 105 88 71 54 38 23 14 159 142 125 108 91 75 59 45 33 28 162 145 129 112 96 81 67 54 45 42 166 150 134 118 103 89 76 65 58 55 171 155 140 125 111 98 87 77 71 69 177 162 148 134 120 108 98 90 85 83 184 170 156 143 130 119 110 103 98 96 192 178 165 152 141 131 122 116 112 110 201 187 175 163 152 143 135 129 125 124
145 104 141 84 112 119 58 43 111 94 87 96 130 97 112 130 102 90 103 50 137 99 80 121 72 113 37 90 88 97 87 47 122 132 110 134 46 76 102 88 15 23 38 54 71 88 105 122 140 157 0 18 35 52 70 87 104 122 139 156 15 23 38 54 71 88 105 122 140 157 29 34 45 60 75 91 108 125 142 159 43 47 55 68 82 97 113 129 145 162 58 60 67 77 90 104 119 134 150 166 72 74 80 88 99 112 126 140 156 171 86 88 93 100 110 122 134 148 162 177 100 102 106 112 121 132 144 156 170 184 115 116 119 125 133 143 154 166 179 192
130 88 126 72 98 104 43 32 100 78 69 81 114 83 98 112 87 80 89 33 122 83 63 106 56 98 22 76 75 82 70 35 106 116 97 117 37 59 88 75 23 15 23 38 54 71 88 105 122 140 18 0 18 35 52 70 87 104 122 139 23 15 23 38 54 71 88 105 122 140 34 29 34 45 60 75 91 108 125 142 47 43 46 55 67 82 97 112 129 145 60 57 60 67 77 90 104 118 134 150 74 72 73 79 88 99 112 126 140 155 88 86 87 92 100 110 121 134 148 162 102 100 101 105 112 121 131 143 156 170 116 114 115 119 125 133 142 153 165 178
117 73 110 62 86 90 31 30 90 64 52 66 98 69 84 95 74 72 76 19 107 68 47 91 41 84 14 64 64 67 53 29 91 100 84 100 35 42 74 63 38 23 15 23 38 54 71 88 105 122 35 18 0 18 35 52 70 87 104 122 38 23 15 23 38 54 71 88 105 122 45 34 29 34 45 60 75 91 108 125 55 46 43 46 55 67 81 97 112 129 67 60 57 60 67 77 90 104 118 134 80 73 71 73 79 88 99 112 126 140 93 87 85 87 92 99 109 121 134 148 106 101 99 101 105 112 121 131 143 156 119 115 114 115 118 124 132 142 153 165
104 59 96 55 75 77 26 36 83 52 35 53 83 58 72 79 63 68 64 14 92 55 32 78 30 71 23 55 56 55 35 32 77 84 74 83 41 27 62 54 54 38 23 15 23 38 54 71 88 105 52 35 18 0 18 35 52 70 87 104 54 38 23 15 23 38 54 71 88 105 60 45 34 29 33 45 59 75 91 108 68 55 46 43 46 55 67 81 97 112 77 67 60 57 59 66 77 89 103 118 88 79 73 71 73 79 88 99 112 125 100 92 87 85 87 91 99 109 121 134 112 105 101 99 100 105 111 120 131 143 125 119 115 113 114 118 124 132 141 152
93 48 82 54 67 66 31 49 79 43 18 43 68 51 63 62 55 68 56 25 80 44 20 67 26 60 38 50 53 45 18 43 64 70 68 67 52 16 54 51 71 54 38 23 15 23 38 54 71 88 70 52 35 18 0 18 35 52 70 87 71 54 38 23 15 23 38 54 71 88 75 60 45 33 29 33 45 59 75 91 82 67 55 46 43 46 55 67 81 96 90 77 67 59 57 59 66 77 89 103 99 88 79 73 71 73 78 87 99 111 110 100 92 87 85 86 91 99 109 120 121 112 105 100 99 100 104 111 120 130 133 125 118 114 113 114 117 123 131 141
84 41 70 58 63 58 44 63 78 40 3 39 56 49 58 46 52 72 53 41 69 39 20 58 33 53 54 51 56 41 2 57 54 57 65 51 66 19 50 52 88 71 54 38 23 14 23 38 54 71 87 70 52 35 18 0 18 35 52 70 88 71 54 38 23 14 23 38 54 71 91 75 60 45 33 28 33 45 59 75 97 82 67 55 46 42 46 55 67 81 104 90 77 66 59 56 59 66 76 89 112 99 88 79 73 70 72 78 87 98 122 110 99 91 86 84 86 91 98 108 132 121 112 105 100 98 99 104 110 119 143 133 124 118 114 112 113 117 123 131
78 40 61 67 64 55 59 79 82 45 18 42 46 53 57 32 54 80 55 58 61 41 32 54 46 51 71 58 63 44 18 73 49 47 66 36 81 33 52 60 105 88 71 54 38 23 14 23 38 54 104 87 70 52 35 18 0 18 35 52 105 88 71 54 38 23 14 23 38 54 108 91 75 59 45 33 28 33 45 59 113 97 81 67 55 46 42 46 54 67 119 104 90 77 66 59 56 59 66 76 126 112 99 88 78 72 70 72 78 87 134 121 109 99 91 86 84 85 90 98 144 131 121 111 104 99 98 99 103 110 154 142 132 124 117 113 112 113 116 122
76 47 56 78 69 57 75 95 89 55 36 51 42 62 62 22 62 91 62 75 57 49 47 56 61 55 88 68 74 53 35 89 49 42 72 25 97 50 59 70 122 105 88 71 54 38 23 14 23 38 122 104 87 70 52 35 18 0 18 35 122 105 88 71 54 38 23 14 23 38 125 108 91 75 59 45 33 28 33 45 129 112 97 81 67 55 46 42 45 54 134 118 104 89 77 66 59 56 58 65 140 126 112 99 87 78 72 70 72 77 148 134 121 109 99 91 85 83 85 90 156 143 131 120 111 104 99 97 99 103 166 153 142 132 123 117 113 111 112 116
77 58 56 92 77 64 91 112 98 68 53 64 45 74 71 23 73 103 73 92 59 62 64 62 77 64 106 81 87 65 52 106 55 44 82 24 113 66 70 83 140 122 105 88 71 54 38 23 14 23 139 122 104 87 70 52 35 18 0 18 140 122 105 88 71 54 38 23 14 23 142 125 108 91 75 59 45 33 28 33 145 129 112 97 81 67 54 45 42 45 150 134 118 103 89 76 66 58 55 58 156 140 126 112 99 87 78 72 69 71 162 148 134 121 109 98 90 85 83 85 170 156 143 131 120 110 103 99 97 98 179 165 153 141 131 123 116 112 110 112
83 72 61 106 89 74 108 129 109 82 70 79 54 87 82 35 86 117 86 109 65 76 81 73 94 75 123 95 101 80 69 122 66 52 93 34 130 83 83 98 157 140 122 105 88 71 54 38 23 14 156 139 122 104 87 70 52 35 18 0 157 140 122 105 88 71 54 38 23 14 159 142 125 108 91 75 59 45 33 28 162 145 129 112 96 81 67 54 45 42 166 150 134 118 103 89 76 65 58 55 171 155 140 125 111 98 87 77 71 69 177 162 148 134 120 108 98 90 85 83 184 170 156 143 130 119 110 103 98 96 192 178 165 152 141 131 122 116 112 110
138 99 137 76 105 114 53 35 102 88 88 91 126 91 106 128 95 80 97 48 132 94 78 115 68 108 35 83 80 92 88 40 117 128 102 132 37 75 96 81 29 34 45 60 75 91 108 125 142 159 15 23 38 54 71 88 105 122 140 157 0 18 35 52 70 87 104 122 139 156 15 23 38 54 71 88 105 122 140 157 29 34 45 60 75 91 108 125 142 159 43 47 55 68 82 97 113 129 145 162 58 60 67 77 90 104 119 134 150 166 72 74 80 88 99 112 126 140 156 171 86 88 93 100 110 122 134 148 162 177 100 102 106 112 121 132 144 156 170 184
123 83 120 62 90 98 36 20 89 72 71 75 109 75 90 111 79 68 81 31 116 77 61 99 51 92 17 68 66 76 71 25 100 111 88 115 24 57 80 66 34 29 34 45 60 75 91 108 125 142 23 15 23 38 54 71 88 105 122 140 18 0 18 35 52 70 87 104 122 139 23 15 23 38 54 71 88 105 122 140 34 29 34 45 60 75 91 108 125 142 47 43 46 55 67 82 97 112 129 145 60 57 60 67 77 90 104 118 134 150 74 72 73 79 88 99 112 126 140 155 88 86 87 92 100 110 121 134 148 162 102 100 101 105 112 121 131 143 156 170
108 66 104 50 76 82 20 16 78 56 55 59 93 60 75 93 65 59 67 14 100 61 44 84 34 76 2 54 53 60 54 15 84 95 74 98 21 40 65 52 45 34 29 34 45 60 75 91 108 125 38 23 15 23 38 54 71 88 105 122 35 18 0 18 35 52 70 87 104 122 38 23 15 23 38 54 71 88 105 122 45 34 29 34 45 60 75 91 108 125 55 46 43 46 55 67 81 97 112 129 67 60 57 60 67 77 90 104 118 134 80 73 71 73 79 88 99 112 126 140 93 87 85 87 92 99 109 121 134 148 106 101 99 101 105 112 121 131 143 156
94 51 88 42 64 68 11 26 69 42 39 44 76 47 62 76 52 54 53 5 84 46 26 69 19 62 18 43 43 45 38 21 69 78 63 81 30 23 52 42 60 45 34 29 33 45 59 75 91 108 54 38 23 15 23 38 54 71 88 105 52 35 18 0 18 35 52 70 87 104 54 38 23 15 23 38 54 71 88 105 60 45 34 29 33 45 59 75 91 108 68 55 46 43 46 55 67 81 97 112 77 67 60 57 59 66 77 89 103 118 88 79 73 71 73 79 88 99 112 125 100 92 87 85 87 91 99 109 121 134 112 105 101 99 100 105 111 120 131 143
82 37 74 40 54 55 22 42 65 30 24 31 61 38 51 59 42 54 43 22 70 33 10 56 12 49 36 36 39 33 22 36 54 62 54 64 44 5 41 37 75 60 45 33 29 33 45 59 75 91 71 54 38 23 15 23 38 54 71 88 70 52 35 18 0 18 35 52 70 87 71 54 38 23 15 23 38 54 71 88 75 60 45 33 29 33 45 59 75 91 82 67 55 46 43 46 55 67 81 96 90 77 67 59 57 59 66 77 89 103 99 88 79 73 71 73 78 87 99 111 110 100 92 87 85 86 91 99 109 120 121 112 105 100 99 100 104 111 120 130
72 27 60 46 49 45 37 58 64 26 17 25 46 35 44 42 38 59 39 39 58 25 10 46 24 40 53 38 42 27 13 52 42 47 51 46 60 13 36 39 91 75 60 45 33 28 33 45 59 75 88 71 54 38 23 14 23 38 54 71 87 70 52 35 18 0 18 35 52 70 88 71 54 38 23 14 23 38 54 71 91 75 60 45 33 28 33 45 59 75 97 82 67 55 46 42 46 55 67 81 104 90 77 66 59 56 59 66 76 89 112 99 88 79 73 70 72 78 87 98 122 110 99 91 86 84 86 91 98 108 132 121 112 105 100 98 99 104 110 119
65 27 49 56 50 41 54 75 69 33 25 30 34 41 44 25 41 69 42 57 48 28 27 41 40 38 70 46 52 32 22 69 35 35 53 30 76 30 39 48 108 91 75 59 45 33 28 33 45 59 105 88 71 54 38 23 14 23 38 54 104 87 70 52 35 18 0 18 35 52 105 88 71 54 38 23 14 23 38 54 108 91 75 59 45 33 28 33 45 59 113 97 81 67 55 46 42 46 54 67 119 104 90 77 66 59 56 59 66 76 126 112 99 88 78 72 70 72 78 87 134 121 109 99 91 86 84 85 90 98 144 131 121 111 104 99 98 99 103 110
62 36 42 70 56 44 71 92 77 46 39 42 29 52 50 9 51 81 51 74 43 39 44 43 57 43 87 59 65 43 37 86 36 28 60 14 93 48 48 61 125 108 91 75 59 45 33 28 33 45 122 105 88 71 54 38 23 14 23 38 122 104 87 70 52 35 18 0 18 35 122 105 88 71 54 38 23 14 23 38 125 108 91 75 59 45 33 28 33 45 129 112 97 81 67 55 46 42 45 54 134 118 104 89 77 66 59 56 58 65 140 126 112 99 87 78 72 70 72 77 148 134 121 109 99 91 85 83 85 90 156 143 131 120 111 104 99 97 99 103
64 50 42 84 67 53 88 109 88 61 55 57 33 65 60 13 64 95 63 91 46 54 61 51 74 53 105 73 79 58 54 103 44 31 71 12 110 65 61 76 142 125 108 91 75 59 45 33 28 33 140 122 105 88 71 54 38 23 14 23 139 122 104 87 70 52 35 18 0 18 140 122 105 88 71 54 38 23 14 23 142 125 108 91 75 59 45 33 28 33 145 129 112 97 81 67 54 45 42 45 150 134 118 103 89 76 66 58 55 58 156 140 126 112 99 87 78 72 69 71 162 148 134 121 109 98 90 85 83 85 170 156 143 131 120 110 103 99 97 98
70 66 49 100 80 65 106 126 100 77 72 73 44 81 74 30 79 110 78 109 54 70 79 63 91 67 122 89 95 74 71 120 56 42 84 26 127 82 76 92 159 142 125 108 91 75 59 45 33 28 157 140 122 105 88 71 54 38 23 14 156 139 122 104 87 70 52 35 18 0 157 140 122 105 88 71 54 38 23 14 159 142 125 108 91 75 59 45 33 28 162 145 129 112 96 81 67 54 45 42 166 150 134 118 103 89 76 65 58 55 171 155 140 125 111 98 87 77 71 69 177 162 148 134 120 108 98 90 85 83 184 170 156 143 130 119 110 103 98 96
132 97 133 69 99 109 52 31 93 85 92 89 124 86 101 128 90 72 92 51 128 91 79 111 67 104 38 78 75 89 91 38 113 126 96 132 32 76 92 76 43 47 55 68 82 97 113 129 145 162 29 34 45 60 75 91 108 125 142 159 15 23 38 54 71 88 105 122 140 157 0 18 35 52 70 87 104 122 139 156 15 23 38 54 71 88 105 122 140 157 29 34 45 60 75 91 108 125 142 159 43 47 55 68 82 97 113 129 145 162 58 60 67 77 90 104 119 134 150 166 72 74 80 88 99 112 126 140 156 171 86 88 93 100 110 122 134 148 162 177
116 79 116 54 83 93 35 14 79 68 76 72 107 70 84 111 74 58 76 35 111 74 62 94 49 87 23 62 58 72 75 20 96 109 80 115 15 59 75 59 47 43 46 55 67 82 97 112 129 145 34 29 34 45 60 75 91 108 125 142 23 15 23 38 54 71 88 105 122 140 18 0 18 35 52 70 87 104 122 139 23 15 23 38 54 71 88 105 122 140 34 29 34 45 60 75 91 108 125 142 47 43 46 55 67 82 97 112 129 145 60 57 60 67 77 90 104 118 134 150 74 72 73 79 88 99 112 126 140 155 88 86 87 92 100 110 121 134 148 162
101 62 99 39 68 76 17 5 67 51 61 55 89 53 68 94 58 47 59 21 94 57 45 78 32 70 16 46 43 55 59 3 79 91 65 98 7 42 59 44 55 46 43 46 55 67 81 97 112 129 45 34 29 34 45 60 75 91 108 125 38 23 15 23 38 54 71 88 105 122 35 18 0 18 35 52 70 87 104 122 38 23 15 23 38 54 71 88 105 122 45 34 29 34 45 60 75 91 108 125 55 46 43 46 55 67 81 97 112 129 67 60 57 60 67 77 90 104 118 134 80 73 71 73 79 88 99 112 126 140 93 87 85 87 92 99 109 121 134 148
86 45 83 28 54 60 4 22 57 35 46 38 72 38 53 76 42 40 44 17 78 40 28 62 15 54 24 32 31 38 45 15 63 74 52 80 23 27 43 30 68 55 46 43 46 55 67 81 97 112 60 45 34 29 33 45 59 75 91 108 54 38 23 15 23 38 54 71 88 105 52 35 18 0 18 35 52 70 87 104 54 38 23 15 23 38 54 71 88 105 60 45 34 29 33 45 59 75 91 108 68 55 46 43 46 55 67 81 97 112 77 67 60 57 59 66 77 89 103 118 88 79 73 71 73 79 88 99 112 125 100 92 87 85 87 91 99 109 121 134
72 29 67 26 42 46 19 39 51 19 36 22 56 26 40 59 30 40 31 27 62 24 14 47 4 39 39 23 25 23 33 33 47 57 42 63 40 15 30 23 82 67 55 46 43 46 55 67 81 96 75 60 45 33 29 33 45 59 75 91 71 54 38 23 15 23 38 54 71 88 70 52 35 18 0 18 35 52 70 87 71 54 38 23 15 23 38 54 71 88 75 60 45 33 29 33 45 59 75 91 82 67 55 46 43 46 55 67 81 96 90 77 67 59 57 59 66 77 89 103 99 88 79 73 71 73 78 87 99 111 110 100 92 87 85 86 91 99 109 120
60 15 51 34 35 33 36 56 51 13 31 11 39 21 31 42 24 47 25 42 48 11 14 34 21 27 55 25 30 13 27 50 32 41 37 46 57 19 22 27 97 82 67 55 46 42 46 55 67 81 91 75 60 45 33 28 33 45 59 75 88 71 54 38 23 14 23 38 54 71 87 70 52 35 18 0 18 35 52 70 88 71 54 38 23 14 23 38 54 71 91 75 60 45 33 28 33 45 59 75 97 82 67 55 46 42 46 55 67 81 104 90 77 66 59 56 59 66 76 89 112 99 88 79 73 70 72 78 87 98 122 110 99 91 86 84 86 91 98 108
52 15 38 47 37 27 53 74 56 24 36 20 24 30 30 25 29 59 29 59 36 17 29 27 38 24 72 37 42 21 32 67 22 25 40 29 74 33 26 39 113 97 81 67 55 46 42 46 54 67 108 91 75 59 45 33 28 33 45 59 105 88 71 54 38 23 14 23 38 54 104 87 70 52 35 18 0 18 35 52 105 88 71 54 38 23 14 23 38 54 108 91 75 59 45 33 28 33 45 59 113 97 81 67 55 46 42 46 54 67 119 104 90 77 66 59 56 59 66 76 126 112 99 88 78 72 70 72 78 87 134 121 109 99 91 86 84 85 90 98
48 29 29 63 45 32 70 91 66 39 47 36 15 44 39 10 42 73 41 76 30 33 45 30 55 31 89 52 57 36 44 85 23 15 49 12 91 50 39 54 129 112 97 81 67 55 46 42 45 54 125 108 91 75 59 45 33 28 33 45 122 105 88 71 54 38 23 14 23 38 122 104 87 70 52 35 18 0 18 35 122 105 88 71 54 38 23 14 23 38 125 108 91 75 59 45 33 28 33 45 129 112 97 81 67 55 46 42 45 54 134 118 104 89 77 66 59 56 58 65 140 126 112 99 87 78 72 70 72 77 148 134 121 109 99 91 85 83 85 90
51 45 29 79 58 43 88 108 78 56 61 52 22 59 52 14 57 88 56 93 33 50 62 41 73 45 106 68 73 53 59 102 34 20 62 9 108 66 54 71 145 129 112 97 81 67 54 45 42 45 142 125 108 91 75 59 45 33 28 33 140 122 105 88 71 54 38 23 14 23 139 122 104 87 70 52 35 18 0 18 140 122 105 88 71 54 38 23 14 23 142 125 108 91 75 59 45 33 28 33 145 129 112 97 81 67 54 45 42 45 150 134 118 103 89 76 66 58 55 58 156 140 126 112 99 87 78 72 69 71 162 148 134 121 109 98 90 85 83 85
58 62 38 95 72 57 105 126 92 73 76 69 37 76 67 30 73 104 72 110 44 67 79 55 90 60 123 84 90 70 74 119 49 35 77 25 126 83 71 87 162 145 129 112 96 81 67 54 45 42 159 142 125 108 91 75 59 45 33 28 157 140 122 105 88 71 54 38 23 14 156 139 122 104 87 70 52 35 18 0 157 140 122 105 88 71 54 38 23 14 159 142 125 108 91 75 59 45 33 28 162 145 129 112 96 81 67 54 45 42 166 150 134 118 103 89 76 65 58 55 171 155 140 125 111 98 87 77 71 69 177 162 148 134 120 108 98 90 85 83
128 96 131 66 95 107 55 34 87 84 98 88 123 84 98 130 88 65 89 57 125 91 82 109 69 101 46 76 71 88 97 40 112 125 92 133 32 80 90 73 58 60 67 77 90 104 119 134 150 166 43 47 55 68 82 97 113 129 145 162 29 34 45 60 75 91 108 125 142 159 15 23 38 54 71 88 105 122 140 157 0 18 35 52 70 87 104 122 139 156 15 23 38 54 71 88 105 122 140 157 29 34 45 60 75 91 108 125 142 159 43 47 55 68 82 97 113 129 145 162 58 60 67 77 90 104 119 134 150 166 72 74 80 88 99 112 126 140 156 171
111 79 114 49 78 89 39 19 71 67 83 71 106 67 81 113 71 50 72 43 108 74 66 91 52 84 34 58 54 71 81 25 94 108 75 116 16 64 73 56 60 57 60 67 77 90 104 118 134 150 47 43 46 55 67 82 97 112 129 145 34 29 34 45 60 75 91 108 125 142 23 15 23 38 54 71 88 105 122 140 18 0 18 35 52 70 87 104 122 139 23 15 23 38 54 71 88 105 122 140 34 29 34 45 60 75 91 108 125 142 47 43 46 55 67 82 97 112 129 145 60 57 60 67 77 90 104 118 134 150 74 72 73 79 88 99 112 126 140 155
95 61 96 32 62 72 24 15 57 50 69 54 88 50 64 96 54 36 55 33 91 56 50 74 36 67 30 41 37 53 67 15 77 90 59 99 10 49 55 39 67 60 57 60 67 77 90 104 118 134 55 46 43 46 55 67 81 97 112 129 45 34 29 34 45 60 75 91 108 125 38 23 15 23 38 54 71 88 105 122 35 18 0 18 35 52 70 87 104 122 38 23 15 23 38 54 71 88 105 122 45 34 29 34 45 60 75 91 108 125 55 46 43 46 55 67 81 97 112 129 67 60 57 60 67 77 90 104 118 134 80 73 71 73 79 88 99 112 126 140
79 44 79 17 46 55 18 26 45 33 57 36 71 33 47 79 37 26 38 31 74 39 36 57 22 50 35 24 21 36 54 21 60 73 43 82 23 36 38 22 77 67 60 57 59 66 77 89 103 118 68 55 46 43 46 55 67 81 97 112 60 45 34 29 33 45 59 75 91 108 54 38 23 15 23 38 54 71 88 105 52 35 18 0 18 35 52 70 87 104 54 38 23 15 23 38 54 71 88 105 60 45 34 29 33 45 59 75 91 108 68 55 46 43 46 55 67 81 97 112 77 67 60 57 59 66 77 89 103 118 88 79 73 71 73 79 88 99 112 125
64 27 62 13 32 39 25 41 37 15 48 19 54 16 31 62 20 27 22 37 57 22 27 41 17 33 46 10 11 19 45 36 43 56 30 66 40 29 22 9 90 77 67 59 57 59 66 77 89 103 82 67 55 46 43 46 55 67 81 96 75 60 45 33 29 33 45 59 75 91 71 54 38 23 15 23 38 54 71 88 70 52 35 18 0 18 35 52 70 87 71 54 38 23 15 23 38 54 71 88 75 60 45 33 29 33 45 59 75 91 82 67 55 46 43 46 55 67 81 96 90 77 67 59 57 59 66 77 89 103 99 88 79 73 71 73 78 87 99 111
50 10 46 26 22 23 40 58 37 4 45 4 36 8 18 47 10 37 11 49 41 6 27 25 27 17 60 14 20 2 41 52 26 39 23 49 57 31 8 17 104 90 77 66 59 56 59 66 76 89 97 82 67 55 46 42 46 55 67 81 91 75 60 45 33 28 33 45 59 75 88 71 54 38 23 14 23 38 54 71 87 70 52 35 18 0 18 35 52 70 88 71 54 38 23 14 23 38 54 71 91 75 60 45 33 28 33 45 59 75 97 82 67 55 46 42 46 55 67 81 104 90 77 66 59 56 59 66 76 89 112 99 88 79 73 70 72 78 87 98
39 9 29 42 24 13 56 75 44 20 48 17 19 22 17 32 20 51 19 64 26 14 36 13 42 10 76 30 36 17 45 69 10 21 28 34 74 41 17 33 119 104 90 77 66 59 56 59 66 76 113 97 81 67 55 46 42 46 54 67 108 91 75 59 45 33 28 33 45 59 105 88 71 54 38 23 14 23 38 54 104 87 70 52 35 18 0 18 35 52 105 88 71 54 38 23 14 23 38 54 108 91 75 59 45 33 28 33 45 59 113 97 81 67 55 46 42 46 54 67 119 104 90 77 66 59 56 59 66 76 126 112 99 88 78 72 70 72 78 87
34 26 16 59 36 21 72 92 56 38 57 34 2 39 30 23 36 66 35 80 16 31 50 19 58 23 92 47 53 34 54 86 12 4 40 22 91 55 33 50 134 118 104 89 77 66 59 56 58 65 129 112 97 81 67 55 46 42 45 54 125 108 91 75 59 45 33 28 33 45 122 105 88 71 54 38 23 14 23 38 122 104 87 70 52 35 18 0 18 35 122 105 88 71 54 38 23 14 23 38 125 108 91 75 59 45 33 28 33 45 129 112 97 81 67 55 46 42 45 54 134 118 104 89 77 66 59 56 58 65 140 126 112 99 87 78 72 70 72 77
38 44 17 76 51 36 89 109 70 55 69 51 17 56 45 24 53 83 52 96 22 49 66 34 75 40 109 65 70 51 66 103 29 14 55 20 109 71 50 68 150 134 118 103 89 76 66 58 55 58 145 129 112 97 81 67 54 45 42 45 142 125 108 91 75 59 45 33 28 33 140 122 105 88 71 54 38 23 14 23 139 122 104 87 70 52 35 18 0 18 140 122 105 88 71 54 38 23 14 23 142 125 108 91 75 59 45 33 28 33 145 129 112 97 81 67 54 45 42 45 150 134 118 103 89 76 66 58 55 58 156 140 126 112 99 87 78 72 69 71
48 61 30 93 67 53 106 126 86 72 83 69 34 73 62 36 70 99 69 112 36 66 82 50 92 57 125 82 87 69 80 120 46 32 72 31 126 87 68 85 166 150 134 118 103 89 76 65 58 55 162 145 129 112 96 81 67 54 45 42 159 142 125 108 91 75 59 45 33 28 157 140 122 105 88 71 54 38 23 14 156 139 122 104 87 70 52 35 18 0 157 140 122 105 88 71 54 38 23 14 159 142 125 108 91 75 59 45 33 28 162 145 129 112 96 81 67 54 45 42 166 150 134 118 103 89 76 65 58 55 171 155 140 125 111 98 87 77 71 69
125 97 130 65 93 106 61 42 82 86 105 90 124 84 97 133 87 61 89 66 124 93 87 108 74 101 56 76 70 89 103 47 112 126 89 136 39 86 90 73 72 74 80 88 99 112 126 140 156 171 58 60 67 77 90 104 119 134 150 166 43 47 55 68 82 97 113 129 145 162 29 34 45 60 75 91 108 125 142 159 15 23 38 54 71 88 105 122 140 157 0 18 35 52 70 87 104 122 139 156 15 23 38 54 71 88 105 122 140 157 29 34 45 60 75 91 108 125 142 159 43 47 55 68 82 97 113 129 145 162 58 60 67 77 90 104 119 134 150 166
108 80 113 47 76 89 47 31 65 69 91 73 106 67 79 116 70 44 72 54 107 76 72 91 58 84 47 58 53 72 89 35 95 109 72 119 27 71 72 55 74 72 73 79 88 99 112 126 140 155 60 57 60 67 77 90 104 118 134 150 47 43 46 55 67 82 97 112 129 145 34 29 34 45 60 75 91 108 125 142 23 15 23 38 54 71 88 105 122 140 18 0 18 35 52 70 87 104 122 139 23 15 23 38 54 71 88 105 122 140 34 29 34 45 60 75 91 108 125 142 47 43 46 55 67 82 97 112 129 145 60 57 60 67 77 90 104 118 134 150
91 64 95 30 59 71 36 28 49 52 79 56 89 50 62 100 53 28 54 46 90 59 58 73 45 66 44 41 36 56 76 29 77 92 55 103 23 58 55 38 80 73 71 73 79 88 99 112 126 140 67 60 57 60 67 77 90 104 118 134 55 46 43 46 55 67 81 97 112 129 45 34 29 34 45 60 75 91 108 125 38 23 15 23 38 54 71 88 105 122 35 18 0 18 35 52 70 87 104 122 38 23 15 23 38 54 71 88 105 122 45 34 29 34 45 60 75 91 108 125 55 46 43 46 55 67 81 97 112 129 67 60 57 60 67 77 90 104 118 134
74 47 78 13 42 54 32 35 35 36 68 40 72 33 45 84 36 13 37 45 72 43 47 56 34 49 47 24 19 39 66 32 60 74 38 87 31 48 38 21 88 79 73 71 73 79 88 99 112 125 77 67 60 57 59 66 77 89 103 118 68 55 46 43 46 55 67 81 97 112 60 45 34 29 33 45 59 75 91 108 54 38 23 15 23 38 54 71 88 105 52 35 18 0 18 35 52 70 87 104 54 38 23 15 23 38 54 71 88 105 60 45 34 29 33 45 59 75 91 108 68 55 46 43 46 55 67 81 97 112 77 67 60 57 59 66 77 89 103 118
57 31 61 6 25 37 37 48 24 22 62 26 55 16 27 69 19 14 20 49 55 28 40 39 31 32 56 9 4 24 58 43 43 58 21 71 45 43 21 7 99 88 79 73 71 73 78 87 99 111 90 77 67 59 57 59 66 77 89 103 82 67 55 46 43 46 55 67 81 96 75 60 45 33 29 33 45 59 75 91 71 54 38 23 15 23 38 54 71 88 70 52 35 18 0 18 35 52 70 87 71 54 38 23 15 23 38 54 71 88 75 60 45 33 29 33 45 59 75 91 82 67 55 46 43 46 55 67 81 96 90 77 67 59 57 59 66 77 89 103
42 19 43 23 9 19 48 63 24 17 59 18 39 8 10 54 5 29 4 59 38 19 40 21 37 15 68 14 18 16 55 57 26 41 9 56 61 44 8 16 112 99 88 79 73 70 72 78 87 98 104 90 77 66 59 56 59 66 76 89 97 82 67 55 46 42 46 55 67 81 91 75 60 45 33 28 33 45 59 75 88 71 54 38 23 14 23 38 54 71 87 70 52 35 18 0 18 35 52 70 88 71 54 38 23 14 23 38 54 71 91 75 60 45 33 28 33 45 59 75 97 82 67 55 46 42 46 55 67 81 104 90 77 66 59 56 59 66 76 89
28 19 26 40 14 2 62 79 34 26 61 24 23 22 8 43 18 46 16 72 21 23 47 4 49 6 82 30 35 23 58 73 11 26 18 43 77 52 17 33 126 112 99 88 78 72 70 72 78 87 119 104 90 77 66 59 56 59 66 76 113 97 81 67 55 46 42 46 54 67 108 91 75 59 45 33 28 33 45 59 105 88 71 54 38 23 14 23 38 54 104 87 70 52 35 18 0 18 35 52 105 88 71 54 38 23 14 23 38 54 108 91 75 59 45 33 28 33 45 59 113 97 81 67 55 46 42 46 54 67 119 104 90 77 66 59 56 59 66 76
21 31 9 58 30 16 77 95 48 41 68 38 14 39 26 36 35 63 34 86 4 36 59 14 63 22 97 47 52 37 65 89 13 15 34 35 94 63 33 50 140 126 112 99 87 78 72 70 72 77 134 118 104 89 77 66 59 56 58 65 129 112 97 81 67 55 46 42 45 54 125 108 91 75 59 45 33 28 33 45 122 105 88 71 54 38 23 14 23 38 122 104 87 70 52 35 18 0 18 35 122 105 88 71 54 38 23 14 23 38 125 108 91 75 59 45 33 28 33 45 129 112 97 81 67 55 46 42 45 54 134 118 104 89 77 66 59 56 58 65
26 47 9 75 47 34 93 112 64 57 79 54 21 56 43 37 52 80 51 101 15 52 72 32 79 39 113 65 69 54 75 106 29 20 51 34 111 77 50 67 156 140 126 112 99 87 78 72 69 71 150 134 118 103 89 76 66 58 55 58 145 129 112 97 81 67 54 45 42 45 142 125 108 91 75 59 45 33 28 33 140 122 105 88 71 54 38 23 14 23 139 122 104 87 70 52 35 18 0 18 140 122 105 88 71 54 38 23 14 23 142 125 108 91 75 59 45 33 28 33 145 129 112 97 81 67 54 45 42 45 150 134 118 103 89 76 66 58 55 58
39 63 27 92 64 51 109 129 81 74 91 71 36 73 60 45 70 97 68 117 32 68 87 49 95 56 129 82 87 70 88 122 46 35 68 41 128 92 68 85 171 155 140 125 111 98 87 77 71 69 166 150 134 118 103 89 76 65 58 55 162 145 129 112 96 81 67 54 45 42 159 142 125 108 91 75 59 45 33 28 157 140 122 105 88 71 54 38 23 14 156 139 122 104 87 70 52 35 18 0 157 140 122 105 88 71 54 38 23 14 159 142 125 108 91 75 59 45 33 28 162 145 129 112 96 81 67 54 45 42 166 150 134 118 103 89 76 65 58 55
123 101 131 67 93 107 69 52 79 90 114 94 126 86 97 137 89 60 90 76 125 96 95 109 81 103 68 78 72 93 112 57 114 128 89 140 48 93 92 75 86 88 93 100 110 122 134 148 162 177 72 74 80 88 99 112 126 140 156 171 58 60 67 77 90 104 119 134 150 166 43 47 55 68 82 97 113 129 145 162 29 34 45 60 75 91 108 125 142 159 15 23 38 54 71 88 105 122 140 157 0 18 35 52 70 87 104 122 139 156 15 23 38 54 71 88 105 122 140 157 29 34 45 60 75 91 108 125 142 159 43 47 55 68 82 97 113 129 145 162
106 84 114 50 76 90 57 44 62 74 101 77 109 70 80 121 73 43 74 66 108 80 81 92 67 86 61 62 56 77 99 47 97 111 72 124 40 80 75 59 88 86 87 92 100 110 121 134 148 162 74 72 73 79 88 99 112 126 140 155 60 57 60 67 77 90 104 118 134 150 47 43 46 55 67 82 97 112 129 145 34 29 34 45 60 75 91 108 125 142 23 15 23 38 54 71 88 105 122 140 18 0 18 35 52 70 87 104 122 139 23 15 23 38 54 71 88 105 122 140 34 29 34 45 60 75 91 108 125 142 47 43 46 55 67 82 97 112 129 145
89 69 96 35 59 73 49 42 45 58 90 62 92 54 63 106 56 26 57 60 91 65 69 75 55 69 58 46 40 61 87 43 80 95 54 108 37 69 59 43 93 87 85 87 92 99 109 121 134 148 80 73 71 73 79 88 99 112 126 140 67 60 57 60 67 77 90 104 118 134 55 46 43 46 55 67 81 97 112 129 45 34 29 34 45 60 75 91 108 125 38 23 15 23 38 54 71 88 105 122 35 18 0 18 35 52 70 87 104 122 38 23 15 23 38 54 71 88 105 122 45 34 29 34 45 60 75 91 108 125 55 46 43 46 55 67 81 97 112 129
71 54 79 21 42 56 46 47 28 44 81 48 76 38 47 91 40 9 41 59 73 51 59 58 47 52 61 31 26 47 78 45 64 78 37 93 43 61 43 29 100 92 87 85 87 91 99 109 121 134 88 79 73 71 73 79 88 99 112 125 77 67 60 57 59 66 77 89 103 118 68 55 46 43 46 55 67 81 97 112 60 45 34 29 33 45 59 75 91 108 54 38 23 15 23 38 54 71 88 105 52 35 18 0 18 35 52 70 87 104 54 38 23 15 23 38 54 71 88 105 60 45 34 29 33 45 59 75 91 108 68 55 46 43 46 55 67 81 97 112
54 41 62 18 25 40 49 57 12 34 75 37 60 26 30 77 26 11 26 62 56 39 54 42 45 37 68 22 18 35 72 54 48 62 20 78 54 56 29 21 110 100 92 87 85 86 91 99 109 120 99 88 79 73 71 73 78 87 99 111 90 77 67 59 57 59 66 77 89 103 82 67 55 46 43 46 55 67 81 96 75 60 45 33 29 33 45 59 75 91 71 54 38 23 15 23 38 54 71 88 70 52 35 18 0 18 35 52 70 87 71 54 38 23 15 23 38 54 71 88 75 60 45 33 29 33 45 59 75 91 82 67 55 46 43 46 55 67 81 96
37 32 46 29 10 24 58 70 12 31 73 32 46 22 17 64 19 27 18 70 40 33 54 27 49 24 78 24 25 30 69 65 33 48 6 65 67 58 21 25 122 110 99 91 86 84 86 91 98 108 112 99 88 79 73 70 72 78 87 98 104 90 77 66 59 56 59 66 76 89 97 82 67 55 46 42 46 55 67 81 91 75 60 45 33 28 33 45 59 75 88 71 54 38 23 14 23 38 54 71 87 70 52 35 18 0 18 35 52 70 88 71 54 38 23 14 23 38 54 71 91 75 60 45 33 28 33 45 59 75 97 82 67 55 46 42 46 55 67 81
20 32 30 44 14 15 70 85 27 36 75 36 33 30 16 55 26 45 24 81 24 35 59 16 59 19 91 36 39 34 71 79 23 35 17 55 82 64 26 38 134 121 109 99 91 86 84 85 90 98 126 112 99 88 78 72 70 72 78 87 119 104 90 77 66 59 56 59 66 76 113 97 81 67 55 46 42 46 54 67 108 91 75 59 45 33 28 33 45 59 105 88 71 54 38 23 14 23 38 54 104 87 70 52 35 18 0 18 35 52 105 88 71 54 38 23 14 23 38 54 108 91 75 59 45 33 28 33 45 59 113 97 81 67 55 46 42 46 54 67
7 40 17 60 30 22 84 100 44 48 81 46 28 44 29 50 40 62 38 94 13 45 69 21 71 28 104 51 55 45 77 94 24 28 34 48 98 73 39 54 148 134 121 109 99 91 85 83 85 90 140 126 112 99 87 78 72 70 72 77 134 118 104 89 77 66 59 56 58 65 129 112 97 81 67 55 46 42 45 54 125 108 91 75 59 45 33 28 33 45 122 105 88 71 54 38 23 14 23 38 122 104 87 70 52 35 18 0 18 35 122 105 88 71 54 38 23 14 23 38 125 108 91 75 59 45 33 28 33 45 129 112 97 81 67 55 46 42 45 54
18 53 17 77 47 37 99 116 61 63 89 60 32 60 45 50 55 79 54 108 20 58 81 35 85 43 119 67 71 59 86 110 35 32 51 47 114 85 54 70 162 148 134 121 109 98 90 85 83 85 156 140 126 112 99 87 78 72 69 71 150 134 118 103 89 76 66 58 55 58 145 129 112 97 81 67 54 45 42 45 142 125 108 91 75 59 45 33 28 33 140 122 105 88 71 54 38 23 14 23 139 122 104 87 70 52 35 18 0 18 140 122 105 88 71 54 38 23 14 23 142 125 108 91 75 59 45 33 28 33 145 129 112 97 81 67 54 45 42 45
34 68 30 94 64 53 114 132 78 78 100 75 43 76 62 57 72 96 70 123 35 73 94 51 100 59 135 84 88 75 97 126 50 42 68 52 131 99 70 87 177 162 148 134 120 108 98 90 85 83 171 155 140 125 111 98 87 77 71 69 166 150 134 118 103 89 76 65 58 55 162 145 129 112 96 81 67 54 45 42 159 142 125 108 91 75 59 45 33 28 157 140 122 105 88 71 54 38 23 14 156 139 122 104 87 70 52 35 18 0 157 140 122 105 88 71 54 38 23 14 159 142 125 108 91 75 59 45 33 28 162 145 129 112 96 81 67 54 45 42
123 106 133 72 96 110 79 65 79 95 123 99 130 91 100 143 93 63 94 87 127 102 103 112 89 106 80 83 77 98 121 68 117 132 91 146 60 103 96 80 100 102 106 112 121 132 144 156 170 184 86 88 93 100 110 122 134 148 162 177 72 74 80 88 99 112 126 140 156 171 58 60 67 77 90 104 119 134 150 166 43 47 55 68 82 97 113 129 145 162 29 34 45 60 75 91 108 125 142 159 15 23 38 54 71 88 105 122 140 157 0 18 35 52 70 87 104 122 139 156 15 23 38 54 71 88 105 122 140 157 29 34 45 60 75 91 108 125 142 159
106 91 116 57 79 93 69 58 62 81 112 84 114 75 84 128 77 47 78 79 110 87 91 95 77 90 74 68 62 83 109 60 101 116 74 130 53 91 80 65 102 100 101 105 112 121 131 143 156 170 88 86 87 92 100 110 121 134 148 162 74 72 73 79 88 99 112 126 140 155 60 57 60 67 77 90 104 118 134 150 47 43 46 55 67 82 97 112 129 145 34 29 34 45 60 75 91 108 125 142 23 15 23 38 54 71 88 105 122 140 18 0 18 35 52 70 87 104 122 139 23 15 23 38 54 71 88 105 122 140 34 29 34 45 60 75 91 108 125 142
89 76 100 43 62 77 62 57 45 67 102 70 98 61 68 113 62 31 63 74 94 73 80 79 67 74 72 54 48 69 99 57 85 100 58 115 52 81 65 51 106 101 99 101 105 112 121 131 143 156 93 87 85 87 92 99 109 121 134 148 80 73 71 73 79 88 99 112 126 140 67 60 57 60 67 77 90 104 118 134 55 46 43 46 55 67 81 97 112 129 45 34 29 34 45 60 75 91 108 125 38 23 15 23 38 54 71 88 105 122 35 18 0 18 35 52 70 87 104 122 38 23 15 23 38 54 71 88 105 122 45 34 29 34 45 60 75 91 108 125
71 63 83 34 46 61 60 60 28 55 94 58 82 48 52 99 48 20 49 73 77 60 72 63 61 59 74 42 37 57 91 59 70 84 42 101 56 74 51 40 112 105 101 99 100 105 111 120 131 143 100 92 87 85 87 91 99 109 121 134 88 79 73 71 73 79 88 99 112 125 77 67 60 57 59 66 77 89 103 118 68 55 46 43 46 55 67 81 97 112 60 45 34 29 33 45 59 75 91 108 54 38 23 15 23 38 54 71 88 105 52 35 18 0 18 35 52 70 87 104 54 38 23 15 23 38 54 71 88 105 60 45 34 29 33 45 59 75 91 108
54 52 67 32 32 47 62 68 12 47 89 49 68 38 39 86 38 21 37 76 61 51 68 49 59 46 80 36 32 48 85 65 55 70 28 87 64 70 40 35 121 112 105 100 99 100 104 111 120 130 110 100 92 87 85 86 91 99 109 120 99 88 79 73 71 73 78 87 99 111 90 77 67 59 57 59 66 77 89 103 82 67 55 46 43 46 55 67 81 96 75 60 45 33 29 33 45 59 75 91 71 54 38 23 15 23 38 54 71 88 70 52 35 18 0 18 35 52 70 87 71 54 38 23 15 23 38 54 71 88 75 60 45 33 29 33 45 59 75 91
37 46 52 39 23 35 69 79 11 44 87 46 55 36 29 76 33 33 32 82 46 46 68 37 62 36 89 37 36 44 83 75 44 57 20 76 76 71 35 37 132 121 112 105 100 98 99 104 110 119 122 110 99 91 86 84 86 91 98 108 112 99 88 79 73 70 72 78 87 98 104 90 77 66 59 56 59 66 76 89 97 82 67 55 46 42 46 55 67 81 91 75 60 45 33 28 33 45 59 75 88 71 54 38 23 14 23 38 54 71 87 70 52 35 18 0 18 35 52 70 88 71 54 38 23 14 23 38 54 71 91 75 60 45 33 28 33 45 59 75
21 46 39 51 25 29 80 92 27 49 88 48 46 41 29 68 37 48 35 91 33 48 72 30 70 33 100 46 47 47 85 88 37 47 25 67 89 76 38 47 144 131 121 111 104 99 98 99 103 110 134 121 109 99 91 86 84 85 90 98 126 112 99 88 78 72 70 72 78 87 119 104 90 77 66 59 56 59 66 76 113 97 81 67 55 46 42 46 54 67 108 91 75 59 45 33 28 33 45 59 105 88 71 54 38 23 14 23 38 54 104 87 70 52 35 18 0 18 35 52 105 88 71 54 38 23 14 23 38 54 108 91 75 59 45 33 28 33 45 59
8 52 30 65 36 33 92 107 44 58 93 57 42 52 37 63 48 64 46 103 27 55 80 33 80 39 113 58 61 55 90 101 37 42 39 62 104 84 48 60 156 143 131 120 111 104 99 97 99 103 148 134 121 109 99 91 85 83 85 90 140 126 112 99 87 78 72 70 72 77 134 118 104 89 77 66 59 56 58 65 129 112 97 81 67 55 46 42 45 54 125 108 91 75 59 45 33 28 33 45 122 105 88 71 54 38 23 14 23 38 122 104 87 70 52 35 18 0 18 35 122 105 88 71 54 38 23 14 23 38 125 108 91 75 59 45 33 28 33 45
18 62 30 81 51 44 106 122 61 70 101 68 44 66 51 64 61 81 60 116 30 67 90 43 93 50 126 73 76 67 97 116 45 44 54 61 119 95 61 75 170 156 143 131 120 110 103 99 97 98 162 148 134 121 109 98 90 85 83 85 156 140 126 112 99 87 78 72 69 71 150 134 118 103 89 76 66 58 55 58 145 129 112 97 81 67 54 45 42 45 142 125 108 91 75 59 45 33 28 33 140 122 105 88 71 54 38 23 14 23 139 122 104 87 70 52 35 18 0 18 140 122 105 88 71 54 38 23 14 23 142 125 108 91 75 59 45 33 28 33
35 75 39 97 67 58 120 137 78 84 111 82 53 81 66 69 77 98 75 130 42 80 103 57 107 65 141 88 92 81 107 132 57 52 71 65 135 107 76 91 184 170 156 143 130 119 110 103 98 96 177 162 148 134 120 108 98 90 85 83 171 155 140 125 111 98 87 77 71 69 166 150 134 118 103 89 76 65 58 55 162 145 129 112 96 81 67 54 45 42 159 142 125 108 91 75 59 45 33 28 157 140 122 105 88 71 54 38 23 14 156 139 122 104 87 70 52 35 18 0 157 140 122 105 88 71 54 38 23 14 159 142 125 108 91 75 59 45 33 28
125 113 137 79 100 114 91 77 81 103 134 106 135 97 105 150 99 68 100 100 131 109 113 117 99 111 93 90 84 105 131 81 122 137 95 152 73 113 102 87 115 116 119 125 133 143 154 166 179 192 100 102 106 112 121 132 144 156 170 184 86 88 93 100 110 122 134 148 162 177 72 74 80 88 99 112 126 140 156 171 58 60 67 77 90 104 119 134 150 166 43 47 55 68 82 97 113 129 145 162 29 34 45 60 75 91 108 125 142 159 15 23 38 54 71 88 105 122 140 157 0 18 35 52 70 87 104 122 139 156 15 23 38 54 71 88 105 122 140 157
108 98 120 66 84 99 82 72 65 89 123 93 119 83 89 135 84 54 85 92 114 95 102 101 88 96 88 76 70 91 120 74 107 122 79 137 67 102 87 73 116 114 115 119 125 133 142 153 165 178 102 100 101 105 112 121 131 143 156 170 88 86 87 92 100 110 121 134 148 162 74 72 73 79 88 99 112 126 140 155 60 57 60 67 77 90 104 118 134 150 47 43 46 55 67 82 97 112 129 145 34 29 34 45 60 75 91 108 125 142 23 15 23 38 54 71 88 105 122 140 18 0 18 35 52 70 87 104 122 139 23 15 23 38 54 71 88 105 122 140
91 85 104 54 68 83 76 71 49 77 114 80 104 70 74 121 71 41 71 88 98 82 92 85 80 81 86 64 58 79 111 71 92 106 64 123 66 93 74 61 119 115 114 115 118 124 132 142 153 165 106 101 99 101 105 112 121 131 143 156 93 87 85 87 92 99 109 121 134 148 80 73 71 73 79 88 99 112 126 140 67 60 57 60 67 77 90 104 118 134 55 46 43 46 55 67 81 97 112 129 45 34 29 34 45 60 75 91 108 125 38 23 15 23 38 54 71 88 105 122 35 18 0 18 35 52 70 87 104 122 38 23 15 23 38 54 71 88 105 122
74 74 89 47 54 69 74 74 34 67 107 70 90 59 61 108 59 33 59 87 83 72 85 71 75 68 88 54 50 68 104 73 78 92 50 110 69 87 62 53 125 119 115 113 114 118 124 132 141 152 112 105 101 99 100 105 111 120 131 143 100 92 87 85 87 91 99 109 121 134 88 79 73 71 73 79 88 99 112 125 77 67 60 57 59 66 77 89 103 118 68 55 46 43 46 55 67 81 97 112 60 45 34 29 33 45 59 75 91 108 54 38 23 15 23 38 54 71 88 105 52 35 18 0 18 35 52 70 87 104 54 38 23 15 23 38 54 71 88 105
58 65 74 46 43 57 76 80 23 60 102 62 77 52 50 97 50 34 50 89 68 64 82 58 73 57 93 49 46 61 99 78 65 79 39 98 76 84 53 49 133 125 118 114 113 114 117 123 131 141 121 112 105 100 99 100 104 111 120 130 110 100 92 87 85 86 91 99 109 120 99 88 79 73 71 73 78 87 99 111 90 77 67 59 57 59 66 77 89 103 82 67 55 46 43 46 55 67 81 96 75 60 45 33 29 33 45 59 75 91 71 54 38 23 15 23 38 54 71 88 70 52 35 18 0 18 35 52 70 87 71 54 38 23 15 23 38 54 71 88
42 60 61 51 36 47 82 90 22 58 101 60 66 50 43 87 47 42 46 95 55 60 81 49 76 49 101 50 49 58 97 86 56 68 34 87 86 85 49 51 143 133 124 118 114 112 113 117 123 131 132 121 112 105 100 98 99 104 110 119 122 110 99 91 86 84 86 91 98 108 112 99 88 79 73 70 72 78 87 98 104 90 77 66 59 56 59 66 76 89 97 82 67 55 46 42 46 55 67 81 91 75 60 45 33 28 33 45 59 75 88 71 54 38 23 14 23 38 54 71 87 70 52 35 18 0 18 35 52 70 88 71 54 38 23 14 23 38 54 71
29 59 50 60 38 43 90 101 33 62 102 62 58 54 42 81 50 55 48 103 45 62 85 44 82 47 110 57 57 60 98 97 50 60 37 80 98 89 51 58 154 142 132 124 117 113 112 113 116 122 144 131 121 111 104 99 98 99 103 110 134 121 109 99 91 86 84 85 90 98 126 112 99 88 78 72 70 72 78 87 119 104 90 77 66 59 56 59 66 76 113 97 81 67 55 46 42 46 54 67 108 91 75 59 45 33 28 33 45 59 105 88 71 54 38 23 14 23 38 54 104 87 70 52 35 18 0 18 35 52 105 88 71 54 38 23 14 23 38 54
22 64 43 73 46 46 101 114 48 69 106 68 55 62 48 77 58 69 56 113 41 67 92 46 91 51 122 67 69 67 103 110 51 56 47 75 111 96 58 69 166 153 142 132 123 117 113 111 112 116 156 143 131 120 111 104 99 97 99 103 148 134 121 109 99 91 85 83 85 90 140 126 112 99 87 78 72 70 72 77 134 118 104 89 77 66 59 56 58 65 129 112 97 81 67 55 46 42 45 54 125 108 91 75 59 45 33 28 33 45 122 105 88 71 54 38 23 14 23 38 122 104 87 70 52 35 18 0 18 35 122 105 88 71 54 38 23 14 23 38
27 73 43 87 58 54 114 129 64 80 113 78 57 74 59 78 70 85 68 125 43 77 101 54 102 60 135 80 83 77 109 124 57 57 61 75 126 106 69 82 179 165 153 141 131 123 116 112 110 112 170 156 143 131 120 110 103 99 97 98 162 148 134 121 109 98 90 85 83 85 156 140 126 112 99 87 78 72 69 71 150 134 118 103 89 76 66 58 55 58 145 129 112 97 81 67 54 45 42 45 142 125 108 91 75 59 45 33 28 33 140 122 105 88 71 54 38 23 14 23 139 122 104 87 70 52 35 18 0 18 140 122 105 88 71 54 38 23 14 23
40 84 50 102 73 66 128 143 81 92 122 90 64 88 73 82 83 101 82 138 51 89 112 65 115 73 149 95 98 89 118 138 67 64 76 78 141 117 83 97 192 178 165 152 141 131 122 116 112 110 184 170 156 143 130 119 110 103 98 96 177 162 148 134 120 108 98 90 85 83 171 155 140 125 111 98 87 77 71 69 166 150 134 118 103 89 76 65 58 55 162 145 129 112 96 81 67 54 45 42 159 142 125 108 91 75 59 45 33 28 157 140 122 105 88 71 54 38 23 14 156 139 122 104 87 70 52 35 18 0 157 140 122 105 88 71 54 38 23 14
128 121 142 88 106 120 103 90 86 112 145 115 141 105 111 157 107 76 107 112 136 118 124 123 110 118 107 98 93 114 142 93 129 144 101 159 86 124 110 96 129 130 133 138 145 154 164 176 188 201 115 116 119 125 133 143 154 166 179 192 100 102 106 112 121 132 144 156 170 184 86 88 93 100 110 122 134 148 162 177 72 74 80 88 99 112 126 140 156 171 58 60 67 77 90 104 119 134 150 166 43 47 55 68 82 97 113 129 145 162 29 34 45 60 75 91 108 125 142 159 15 23 38 54 71 88 105 122 140 157 0 18 35 52 70 87 104 122 139 156
111 107 126 76 91 105 95 86 71 99 135 102 127 92 97 144 93 63 93 106 120 105 113 108 100 104 102 86 80 101 132 88 114 129 86 145 81 114 96 83 130 128 129 132 138 145 154 164 175 187 116 114 115 119 125 133 142 153 165 178 102 100 101 105 112 121 131 143 156 170 88 86 87 92 100 110 121 134 148 162 74 72 73 79 88 99 112 126 140 155 60 57 60 67 77 90 104 118 134 150 47 43 46 55 67 82 97 112 129 145 34 29 34 45 60 75 91 108 125 142 23 15 23 38 54 71 88 105 122 140 18 0 18 35 52 70 87 104 122 139
95 95 111 67 77 91 90 85 56 88 127 91 112 81 83 131 81 53 81 102 105 93 105 93 93 90 101 75 70 90 123 85 100 114 72 132 80 106 84 73 133 129 128 129 132 137 144 153 163 175 119 115 114 115 118 124 132 142 153 165 106 101 99 101 105 112 121 131 143 156 93 87 85 87 92 99 109 121 134 148 80 73 71 73 79 88 99 112 126 140 67 60 57 60 67 77 90 104 118 134 55 46 43 46 55 67 81 97 112 129 45 34 29 34 45 60 75 91 108 125 38 23 15 23 38 54 71 88 105 122 35 18 0 18 35 52 70 87 104 122
79 85 96 61 65 79 88 87 44 79 120 82 99 71 71 119 71 47 70 101 91 84 99 80 88 78 102 67 63 80 117 86 87 101 60 120 82 101 73 66 138 132 129 127 128 131 137 144 153 163 125 119 115 113 114 118 124 132 141 152 112 105 101 99 100 105 111 120 131 143 100 92 87 85 87 91 99 109 121 134 88 79 73 71 73 79 88 99 112 125 77 67 60 57 59 66 77 89 103 118 68 55 46 43 46 55 67 81 97 112 60 45 34 29 33 45 59 75 91 108 54 38 23 15 23 38 54 71 88 105 52 35 18 0 18 35 52 70 87 104
64 78 83 60 55 68 90 93 36 74 116 76 88 65 62 108 64 47 63 103 77 77 95 69 87 69 106 63 60 74 113 91 77 89 52 109 88 98 66 63 145 138 132 128 127 127 131 136 143 152 133 125 118 114 113 114 117 123 131 141 121 112 105 100 99 100 104 111 120 130 110 100 92 87 85 86 91 99 109 120 99 88 79 73 71 73 78 87 99 111 90 77 67 59 57 59 66 77 89 103 82 67 55 46 43 46 55 67 81 96 75 60 45 33 29 33 45 59 75 91 71 54 38 23 15 23 38 54 71 88 70 52 35 18 0 18 35 52 70 87
51 73 71 63 50 60 95 101 36 72 115 74 78 64 56 100 61 53 60 108 66 74 95 61 89 62 113 64 62 72 111 98 69 80 48 99 97 99 63 64 154 145 137 131 127 126 127 130 135 143 143 133 124 118 114 112 113 117 123 131 132 121 112 105 100 98 99 104 110 119 122 110 99 91 86 84 86 91 98 108 112 99 88 79 73 70 72 78 87 98 104 90 77 66 59 56 59 66 76 89 97 82 67 55 46 42 46 55 67 81 91 75 60 45 33 28 33 45 59 75 88 71 54 38 23 14 23 38 54 71 87 70 52 35 18 0 18 35 52 70
40 73 62 71 51 57 102 112 43 75 116 75 72 67 56 94 63 64 62 115 58 75 98 58 95 61 122 69 69 73 112 108 64 73 50 93 108 102 64 70 164 154 144 137 131 127 125 126 130 135 154 142 132 124 117 113 112 113 116 122 144 131 121 111 104 99 98 99 103 110 134 121 109 99 91 86 84 85 90 98 126 112 99 88 78 72 70 72 78 87 119 104 90 77 66 59 56 59 66 76 113 97 81 67 55 46 42 46 54 67 108 91 75 59 45 33 28 33 45 59 105 88 71 54 38 23 14 23 38 54 104 87 70 52 35 18 0 18 35 52
36 77 57 82 57 59 112 123 55 81 119 81 69 74 61 91 70 77 68 124 54 80 104 59 103 64 132 78 79 79 116 119 64 70 58 89 120 108 70 79 176 164 153 144 136 130 126 125 126 129 166 153 142 132 123 117 113 111 112 116 156 143 131 120 111 104 99 97 99 103 148 134 121 109 99 91 85 83 85 90 140 126 112 99 87 78 72 70 72 77 134 118 104 89 77 66 59 56 58 65 129 112 97 81 67 55 46 42 45 54 125 108 91 75 59 45 33 28 33 45 122 105 88 71 54 38 23 14 23 38 122 104 87 70 52 35 18 0 18 35
39 84 57 95 68 66 123 137 70 90 125 89 71 84 69 91 80 91 78 135 56 88 112 65 113 72 144 89 91 88 122 132 69 71 69 88 134 117 80 91 188 175 163 153 143 135 130 126 124 125 179 165 153 141 131 123 116 112 110 112 170 156 143 131 120 110 103 99 97 98 162 148 134 121 109 98 90 85 83 85 156 140 126 112 99 87 78 72 69 71 150 134 118 103 89 76 66 58 55 58 145 129 112 97 81 67 54 45 42 45 142 125 108 91 75 59 45 33 28 33 140 122 105 88 71 54 38 23 14 23 139 122 104 87 70 52 35 18 0 18
49 94 62 109 80 76 136 151 85 102 133 100 76 96 81 95 92 107 90 147 63 98 122 75 124 82 157 102 105 99 130 146 78 76 83 91 148 127 91 104 201 187 175 163 152 143 135 129 125 124 192 178 165 152 141 131 122 116 112 110 184 170 156 143 130 119 110 103 98 96 177 162 148 134 120 108 98 90 85 83 171 155 140 125 111 98 87 77 71 69 166 150 134 118 103 89 76 65 58 55 162 145 129 112 96 81 67 54 45 42 159 142 125 108 91 75 59 45 33 28 157 140 122 105 88 71 54 38 23 14 156 139 122 104 87 70 52 35 18 0
