0 59 43 39 67 68 42 52 70 46 26 59 45 39 22 45 52 47 46 38 31 72 55 74 61 42 41 45 79 43 35 48 28 42 17 14 75 49 35 44 80 64 47 32 21 21 33 48 64 81 78 61 44 27 10 11 27 44 62 79 79 61 44 28 13 13 28 45 62 79 82 65 49 35 25 25 35 50 66 82 87 71 57 46 39 39 46 58 72 87 94 80 67 58 52 52 58 67 80 94 102 90 79 71 66 66 70 78 89 102 112 100 91 84 80 80 84 90 100 111 122 112 103 97 94 94 97 103 111 121 134 124 116 111 108 108 110 115 123 132
59 0 38 28 23 72 18 65 18 64 33 49 63 20 52 31 8 72 54 23 46 23 39 63 27 18 55 63 26 67 26 23 44 18 58 46 59 67 28 28 117 105 94 85 79 77 78 83 92 102 108 95 83 72 66 63 65 71 81 92 101 86 72 61 52 49 51 59 70 84 95 79 64 50 40 35 38 48 62 77 90 74 57 42 28 21 27 40 55 72 88 71 54 37 20 7 18 35 52 69 88 71 54 37 20 8 18 35 52 69 91 74 58 42 29 22 27 40 56 72 95 79 64 51 40 36 39 49 62 77 101 87 73 61 53 50 52 60 71 84
43 38 0 12 31 90 29 78 38 74 26 18 73 28 51 50 36 79 67 20 53 60 13 36 23 28 65 73 45 74 35 15 48 26 53 36 35 78 37 10 120 104 89 74 62 52 47 48 55 65 115 98 82 67 52 40 33 35 44 57 112 95 78 61 45 30 20 22 35 50 110 93 76 58 41 24 8 13 30 47 111 93 76 59 42 25 12 15 31 48 113 96 79 63 47 33 25 27 38 52 116 100 84 69 56 44 38 39 47 60 122 106 92 78 66 57 52 53 59 69 128 114 100 88 77 70 66 66 71 80 136 122 110 99 89 83 80 80 84 91
39 28 12 0 28 79 17 68 33 64 17 29 63 16 43 39 25 70 57 8 43 49 21 46 22 16 55 63 41 65 23 10 38 14 46 30 44 68 26 6 112 97 83 70 60 53 52 56 65 77 106 90 75 61 48 40 38 44 55 68 102 85 69 53 38 27 24 33 46 62 100 83 65 48 32 16 11 25 41 58 100 82 65 48 31 14 7 23 40 57 101 84 67 51 35 23 20 29 44 60 105 88 73 58 45 35 33 40 51 66 110 95 80 67 56 48 47 52 61 74 117 102 89 77 68 62 61 64 72 83 125 111 99 89 81 76 75 78 84 93
67 23 31 28 0 94 31 86 10 84 43 33 82 33 67 52 28 91 74 30 64 43 24 44 10 31 74 83 14 86 42 19 60 30 72 56 38 87 45 24 135 121 109 97 88 81 77 78 82 89 128 113 99 86 76 68 63 64 69 77 121 106 91 77 64 55 50 50 57 67 116 100 84 69 54 43 36 37 45 58 113 96 79 63 47 32 22 24 36 50 111 94 77 59 42 25 10 13 29 46 111 94 76 59 42 25 10 13 29 46 113 96 79 62 47 32 22 24 35 50 116 100 84 68 54 42 36 37 45 57 121 106 91 77 64 55 49 50 56 67
68 72 90 79 94 0 66 16 89 22 65 108 23 65 46 43 66 27 24 72 40 63 99 125 95 66 28 24 97 28 57 84 45 68 52 61 123 20 54 84 58 55 56 63 73 86 100 115 130 146 45 40 43 51 64 78 93 109 125 142 33 26 30 41 56 72 88 105 122 139 24 12 19 34 51 68 85 102 119 137 21 4 15 33 50 67 84 102 119 136 27 18 23 37 53 69 86 103 120 137 38 32 35 45 59 74 90 106 123 140 50 46 48 56 67 81 96 111 127 143 63 60 62 68 77 89 103 117 133 148 77 74 76 81 89 99 112 125 139 154
42 18 29 17 31 66 0 56 31 53 16 44 52 3 37 23 11 60 44 10 33 35 35 61 30 1 44 52 40 55 11 19 29 3 42 29 58 57 14 21 104 91 78 69 62 60 63 70 80 93 97 82 68 57 49 46 50 59 71 85 91 75 60 46 36 32 37 49 63 78 87 70 54 38 24 18 26 41 57 74 85 68 51 33 16 5 20 37 54 72 86 69 52 35 19 11 22 38 55 72 89 72 56 41 29 25 31 44 59 76 94 78 64 51 42 39 43 53 66 81 100 86 73 62 55 53 56 64 75 88 108 95 84 75 69 67 69 76 85 97
52 65 78 68 86 16 56 0 83 7 52 96 7 55 31 35 58 13 12 61 26 61 88 113 85 56 13 8 91 12 46 73 31 58 36 47 112 6 43 73 55 47 44 48 58 70 84 100 115 131 44 34 30 36 48 62 78 94 111 128 36 22 16 26 41 57 74 91 108 125 33 15 3 20 38 55 72 90 107 124 35 20 14 24 40 56 73 90 108 125 42 31 28 34 46 61 77 93 110 127 53 44 42 46 56 69 83 98 114 131 65 58 56 59 67 78 91 105 120 136 77 72 70 73 79 88 100 113 127 142 90 86 84 86 92 100 110 122 135 149
70 18 38 33 10 89 31 83 0 81 45 43 80 33 67 48 25 89 71 32 62 35 34 54 19 31 72 80 9 84 41 25 59 30 73 59 48 85 44 30 134 121 109 99 91 86 84 86 91 99 125 111 99 87 78 72 70 72 78 87 118 103 89 76 66 59 56 59 66 77 112 96 81 67 54 45 42 46 55 67 107 91 75 59 44 33 28 34 45 60 105 88 71 54 37 22 14 23 38 55 104 86 69 52 34 17 1 18 36 53 105 88 70 54 37 22 14 23 38 55 107 91 75 59 44 33 28 33 45 60 112 96 81 67 54 45 42 46 55 67
46 64 74 64 84 22 53 7 81 0 48 92 2 52 25 34 57 9 11 58 22 62 84 109 83 54 10 2 90 7 43 70 27 56 30 42 108 4 40 70 54 44 40 43 52 64 78 94 110 126 45 32 26 30 42 57 72 89 106 122 38 22 12 20 35 52 69 86 103 120 37 20 4 16 34 51 68 85 103 120 41 26 18 24 38 54 70 87 104 121 49 37 32 36 46 60 75 91 107 124 59 50 46 49 57 68 82 97 112 128 71 63 60 62 68 78 90 104 118 134 83 77 74 76 81 89 100 112 126 140 96 91 88 90 94 101 111 122 134 148
26 33 26 17 43 65 16 52 45 48 0 44 47 14 27 28 27 53 42 13 27 49 37 61 38 16 40 47 53 49 13 25 22 16 30 14 60 52 14 23 95 80 67 55 47 44 48 58 70 84 90 74 58 44 34 30 36 48 62 78 86 69 52 36 22 17 26 41 57 74 84 67 50 33 15 4 20 38 55 72 85 68 51 35 20 13 24 40 56 73 88 72 56 42 30 27 33 46 61 77 94 78 64 52 43 41 45 55 68 82 101 87 74 63 57 54 58 66 77 90 109 96 85 76 70 68 71 78 87 99 118 107 97 89 84 82 84 90 98 109
59 49 18 29 33 108 44 96 43 92 44 0 91 44 69 67 49 97 85 36 71 71 11 18 24 44 83 91 46 92 52 27 66 42 70 54 17 96 55 24 137 121 105 90 76 64 54 49 50 56 133 116 100 84 68 54 42 35 37 45 130 113 96 79 62 46 32 22 24 36 128 111 94 76 59 42 25 10 13 30 128 111 94 76 59 42 25 10 14 30 130 113 96 79 62 46 32 22 24 36 133 116 100 84 68 54 42 36 37 45 137 121 105 90 76 64 54 49 50 56 143 127 113 99 86 75 67 63 64 69 149 135 121 108 97 87 80 77 77 81
45 63 73 63 82 23 52 7 80 2 47 91 0 51 24 32 55 11 10 56 21 61 83 108 81 52 8 2 88 8 41 69 25 54 29 40 107 6 38 68 56 45 41 43 51 63 77 93 109 125 46 33 26 30 41 56 71 88 104 121 40 24 13 19 34 51 68 85 102 119 38 21 5 15 32 49 67 84 101 119 42 27 17 22 36 52 69 85 103 120 49 38 31 34 44 58 73 89 106 122 59 50 46 48 55 67 80 95 110 126 71 63 60 61 67 77 89 102 117 132 83 77 74 75 80 88 99 111 124 139 96 90 88 89 93 100 109 121 133 146
39 20 28 16 33 65 3 55 33 52 14 44 51 0 35 23 14 59 44 8 31 37 35 61 31 3 43 51 42 54 10 19 28 4 40 27 58 56 13 20 103 89 77 66 60 57 60 68 78 91 96 81 67 55 46 43 47 57 69 83 90 74 58 44 33 30 35 47 61 77 87 70 53 37 22 16 25 40 56 73 85 68 51 33 16 3 20 37 54 72 86 69 52 36 21 14 24 39 56 73 89 73 57 43 32 27 33 46 60 76 95 79 65 53 44 41 45 55 68 82 102 88 75 65 57 55 58 66 77 90 110 97 86 77 71 69 72 78 87 99
22 52 51 43 67 46 37 31 67 25 27 69 24 35 0 28 44 28 24 38 10 59 63 86 64 37 19 24 76 24 26 51 10 38 9 17 86 29 24 49 69 55 42 34 34 42 55 69 85 101 64 48 32 21 21 32 48 64 81 97 61 44 27 10 10 27 44 61 79 96 62 45 28 13 13 28 45 62 79 96 65 50 35 26 25 35 50 65 82 98 72 58 46 39 39 46 58 72 87 103 80 68 58 53 53 58 68 80 94 108 90 79 71 67 67 71 79 89 102 116 101 92 85 81 81 84 91 100 111 124 113 104 98 95 94 97 103 111 122 133
45 31 50 39 52 43 23 35 48 34 28 67 32 23 28 0 24 42 23 31 19 32 58 84 52 24 25 33 57 38 16 42 19 26 36 32 81 37 14 43 87 76 67 62 61 66 74 85 98 112 78 65 54 48 47 53 63 75 90 105 70 56 43 34 34 41 53 68 83 100 65 49 33 21 20 31 46 62 79 96 63 45 28 11 9 25 43 60 77 94 63 46 30 15 13 27 44 60 78 95 67 51 37 26 25 35 49 64 81 97 73 59 47 40 39 46 57 71 86 101 82 69 59 53 53 58 67 79 93 107 91 80 72 67 67 71 78 89 101 115
52 8 36 25 28 66 11 58 25 57 27 49 55 14 44 24 0 65 47 19 39 25 39 65 30 11 48 56 33 60 19 23 36 13 51 39 61 60 21 27 110 97 86 78 72 71 73 80 89 101 101 87 75 65 58 57 60 68 79 92 94 79 65 53 45 43 47 57 70 84 88 72 57 43 32 29 35 48 62 78 85 68 51 35 21 15 25 41 57 74 84 66 49 32 15 4 21 38 56 73 85 68 51 35 20 15 25 41 57 74 88 72 57 42 32 28 35 47 62 78 94 79 65 53 45 42 47 57 69 84 101 87 75 65 58 56 60 68 79 91
47 72 79 70 91 27 60 13 89 9 53 97 11 59 28 42 65 0 20 64 28 71 90 114 89 61 18 10 98 5 49 77 32 62 30 45 113 8 47 75 46 35 32 37 48 62 78 94 111 127 37 23 18 26 41 57 74 90 107 125 33 16 4 20 37 54 72 89 106 123 35 20 12 23 39 55 72 90 107 124 42 30 26 32 45 60 76 92 109 126 52 43 40 44 54 67 82 97 113 130 64 57 54 58 65 76 89 104 119 134 76 70 68 71 77 87 98 111 126 140 89 84 83 85 90 98 109 120 134 148 103 98 97 98 103 110 119 130 143 156
46 54 67 57 74 24 44 12 71 11 42 85 10 44 24 23 47 20 0 50 16 51 77 102 74 45 6 11 80 17 34 62 21 47 31 38 101 14 31 62 65 55 49 49 55 65 78 92 107 123 55 43 35 36 43 56 70 86 102 118 48 33 22 22 34 49 65 81 98 115 44 27 10 11 28 45 62 79 96 114 44 27 12 13 28 45 62 79 97 114 49 35 24 25 35 50 66 82 99 116 57 45 38 38 46 57 72 87 103 119 67 57 52 52 58 67 80 94 109 124 78 70 66 66 70 78 89 102 116 130 91 84 80 80 84 90 100 111 124 138
38 23 20 8 30 72 10 61 32 58 13 36 56 8 38 31 19 64 50 0 37 43 28 53 26 9 49 57 41 59 16 13 32 7 42 27 51 62 19 13 107 93 79 68 59 54 55 61 71 84 101 85 70 57 46 41 42 50 62 76 96 79 63 48 35 27 29 39 54 69 93 76 59 42 26 14 17 32 49 65 92 75 58 40 23 6 13 30 47 64 94 77 60 44 28 17 20 34 50 66 97 81 65 50 38 31 33 42 56 71 102 87 73 60 50 45 46 53 64 78 109 95 82 71 63 59 59 65 74 86 118 104 93 83 76 72 73 78 86 96
31 46 53 43 64 40 33 26 62 22 27 71 21 31 10 19 39 28 16 37 0 50 63 88 62 33 13 21 71 23 22 49 6 35 19 22 86 26 19 48 72 59 49 43 44 51 63 77 91 107 65 50 37 29 31 41 54 70 86 102 60 43 28 16 19 33 49 65 82 100 58 41 24 6 12 29 47 64 81 99 60 43 28 16 19 33 49 65 82 100 65 50 37 29 31 41 54 70 86 102 72 59 49 43 44 51 63 76 91 107 81 70 61 57 58 63 73 85 99 113 92 82 75 71 72 76 84 95 107 121 103 94 88 85 85 89 96 105 117 129
72 23 60 49 43 63 35 61 35 62 49 71 61 37 59 32 25 71 51 43 50 0 61 85 49 35 54 62 40 67 38 46 50 37 67 59 80 65 38 50 115 106 98 93 91 92 97 104 113 124 104 94 85 79 77 79 84 92 103 115 94 82 72 66 63 65 71 81 93 106 86 72 60 52 49 52 59 71 84 99 78 63 50 39 35 39 49 62 77 93 73 57 41 28 21 27 40 56 72 89 71 53 36 19 7 18 35 52 69 87 71 54 36 20 8 19 35 52 70 87 74 57 42 29 22 28 41 56 72 89 79 64 51 40 36 40 50 63 78 93
55 39 13 21 24 99 35 88 34 84 37 11 83 35 63 58 39 90 77 28 63 61 0 26 15 34 75 83 38 85 43 17 58 32 65 48 24 88 46 15 131 116 101 87 74 64 57 54 58 66 126 110 94 79 64 52 43 41 45 55 122 105 89 72 57 42 31 27 33 46 120 103 86 69 52 35 20 13 24 39 119 102 85 67 50 33 16 3 20 37 120 103 86 69 52 36 22 16 25 40 123 106 90 74 58 44 33 30 35 47 127 111 95 80 66 54 46 43 48 57 133 117 102 89 76 66 59 57 60 68 139 125 111 98 87 78 73 71 74 80
74 63 36 46 44 125 61 113 54 109 61 18 108 61 86 84 65 114 102 53 88 85 26 0 37 60 100 108 54 109 69 43 83 58 87 70 8 113 72 41 153 137 121 106 91 77 65 55 50 51 149 133 116 100 84 69 55 43 37 38 147 130 113 96 79 62 47 32 23 25 145 128 111 93 76 59 42 25 11 14 145 128 110 93 76 59 42 25 9 13 146 129 112 95 78 62 46 31 21 23 149 132 115 99 83 67 53 41 34 35 153 136 120 105 89 75 63 53 48 49 158 142 126 112 98 85 74 66 61 62 164 148 134 120 107 95 86 79 75 76
61 27 23 22 10 95 30 85 19 83 38 24 81 31 64 52 30 89 74 26 62 49 15 37 0 30 73 82 23 85 40 14 58 28 68 52 32 86 43 18 133 118 105 92 81 73 69 69 72 80 126 111 96 82 70 61 55 55 60 69 121 105 89 74 60 49 42 41 48 59 117 100 83 67 52 38 28 28 37 50 114 97 80 63 46 30 16 15 29 45 114 96 79 62 44 27 10 9 26 43 115 98 81 64 47 31 19 18 30 46 117 101 84 68 53 40 31 31 39 52 122 106 90 76 62 51 45 44 50 61 128 112 98 84 73 64 58 58 63 71
42 18 28 16 31 66 1 56 31 54 16 44 52 3 37 24 11 61 45 9 33 35 34 60 30 0 44 53 40 56 12 18 30 3 43 29 57 57 14 20 105 91 79 69 62 60 63 70 80 92 97 83 69 57 49 46 49 58 70 84 92 76 60 47 36 32 37 48 62 77 88 71 54 38 24 18 26 40 56 73 86 69 51 34 17 4 19 36 54 71 87 69 52 36 20 11 22 38 55 72 89 73 57 42 30 25 31 44 59 75 94 79 64 51 42 39 43 53 66 80 101 87 74 63 55 53 56 64 75 88 109 96 84 75 69 67 69 75 85 97
41 55 65 55 74 28 44 13 72 10 40 83 8 43 19 25 48 18 6 49 13 54 75 100 73 44 0 9 81 13 34 61 18 46 26 34 99 13 31 61 63 52 45 44 50 60 73 88 103 119 54 40 31 30 38 51 66 82 98 115 48 32 18 17 29 45 61 78 95 112 45 28 11 8 25 42 59 77 94 111 47 31 17 16 28 44 61 78 95 112 53 40 30 29 37 50 65 81 98 115 62 51 43 43 49 59 73 87 103 119 72 63 57 57 61 70 81 95 109 124 84 76 71 71 74 82 91 103 117 131 96 89 85 85 88 94 103 113 126 139
45 63 73 63 83 24 52 8 80 2 47 91 2 51 24 33 56 10 11 57 21 62 83 108 82 53 9 0 89 6 42 69 26 54 28 40 107 5 39 68 55 44 39 42 50 63 77 92 108 124 46 32 25 29 40 55 71 87 104 121 40 23 11 18 34 50 67 85 102 119 38 21 5 15 32 49 67 84 101 119 42 28 19 23 37 52 69 86 103 120 50 39 33 35 45 59 74 90 106 123 60 51 47 49 56 67 81 96 111 127 72 64 61 62 68 78 90 103 117 133 84 78 75 76 81 89 100 112 125 139 97 92 89 90 94 101 110 121 134 147
79 26 45 41 14 97 40 91 9 90 53 46 88 42 76 57 33 98 80 41 71 40 38 54 23 40 81 89 0 93 50 32 68 39 82 67 48 93 53 37 143 130 118 108 99 94 91 91 95 101 134 120 107 96 87 80 77 78 82 90 126 112 98 85 75 67 63 64 69 78 120 104 89 76 63 54 49 50 57 68 115 99 83 67 53 42 35 37 46 59 111 94 78 61 45 31 22 25 37 52 110 92 75 58 41 24 9 15 31 48 110 92 75 58 41 24 9 15 31 48 111 94 78 61 45 31 22 25 37 52 115 99 83 67 53 42 36 37 46 59
43 67 74 65 86 28 55 12 84 7 49 92 8 54 24 38 60 5 17 59 23 67 85 109 85 56 13 6 93 0 45 72 28 57 27 40 109 8 42 71 50 39 34 37 46 60 75 91 107 124 42 28 19 24 38 53 70 87 104 121 38 21 6 16 33 50 67 85 102 119 39 22 10 18 34 51 68 85 102 120 44 31 24 28 40 55 71 88 105 121 54 43 38 41 50 63 77 92 109 125 64 56 52 54 61 72 85 99 114 130 76 70 67 68 74 83 94 107 121 136 89 83 81 82 87 94 104 116 129 143 102 97 95 96 100 106 115 126 138 151
35 26 35 23 42 57 11 46 41 43 13 52 41 10 26 16 19 49 34 16 22 38 43 69 40 12 34 42 50 45 0 28 19 13 33 22 67 46 3 28 94 80 68 59 54 55 60 70 82 96 86 71 58 47 40 41 48 60 74 89 81 65 49 36 27 28 38 52 68 84 77 60 44 27 14 16 30 47 64 81 77 59 42 25 8 11 28 46 63 80 78 62 45 30 19 20 33 48 65 82 83 67 52 40 32 33 42 55 70 86 89 75 62 51 46 46 53 64 77 91 97 84 73 64 60 60 65 74 86 99 106 94 85 77 74 74 78 86 96 108
48 23 15 10 19 84 19 73 25 70 25 27 69 19 51 42 23 77 62 13 49 46 17 43 14 18 61 69 32 72 28 0 45 16 55 39 40 74 31 6 120 105 91 79 69 62 60 62 69 79 113 98 83 69 57 49 46 49 58 70 108 92 76 61 47 36 32 37 48 62 105 88 71 55 39 25 18 25 40 56 104 86 69 52 35 18 4 19 36 53 104 87 70 53 36 20 11 21 37 54 107 90 73 57 42 30 25 31 43 58 111 95 79 65 52 42 39 43 52 65 116 101 87 74 63 55 52 55 63 74 123 109 96 84 75 69 66 69 75 84
28 44 48 38 60 45 29 31 59 27 22 66 25 28 10 19 36 32 21 32 6 50 58 83 58 30 18 26 68 28 19 45 0 31 17 18 82 31 16 44 76 62 51 43 42 48 59 72 87 102 69 54 40 30 29 37 50 65 81 97 65 48 32 18 15 28 44 60 77 95 63 46 29 11 7 24 42 59 76 94 65 48 32 19 17 28 44 61 78 95 69 54 41 31 30 38 51 66 81 98 77 63 52 45 44 49 60 73 87 103 85 73 64 58 58 62 70 82 95 109 95 85 77 72 72 75 82 92 104 117 107 97 90 86 86 88 94 103 114 126
42 18 26 14 30 68 3 58 30 56 16 42 54 4 38 26 13 62 47 7 35 37 32 58 28 3 46 54 39 57 13 16 31 0 43 29 55 59 16 18 106 92 80 69 62 59 61 68 78 90 99 84 70 58 49 45 48 56 68 82 93 77 62 48 36 31 35 46 60 75 90 73 56 40 25 17 24 38 54 71 88 71 54 36 19 4 17 34 51 69 89 72 55 38 22 12 20 36 53 70 92 75 59 44 31 25 30 42 57 73 96 81 66 53 44 39 43 52 64 79 103 89 76 64 57 53 56 63 74 86 111 98 86 76 70 67 69 75 84 95
17 58 53 46 72 52 42 36 73 30 30 70 29 40 9 36 51 30 31 42 19 67 65 87 68 43 26 28 82 27 33 55 17 43 0 17 87 33 31 52 67 51 37 27 26 35 49 64 81 97 63 46 30 15 13 27 44 61 78 95 63 45 28 11 9 25 43 60 77 94 65 48 33 21 20 31 46 62 79 96 70 55 42 34 33 40 53 67 83 99 78 65 54 47 47 52 62 75 89 105 87 75 66 61 61 65 73 84 97 111 97 87 79 75 75 78 85 95 106 119 109 99 93 89 88 91 97 106 116 128 120 112 106 103 102 105 110 118 127 138
14 46 36 30 56 61 29 47 59 42 14 54 40 27 17 32 39 45 38 27 22 59 48 70 52 29 34 40 67 40 22 39 18 29 17 0 70 45 21 35 84 68 54 41 33 34 42 55 70 85 79 63 46 31 20 21 33 48 65 81 77 60 43 26 9 11 28 45 62 79 78 61 44 27 13 14 29 46 63 80 81 65 49 35 26 26 37 51 66 83 86 71 57 46 39 40 47 59 73 88 94 80 68 58 53 53 59 69 81 95 102 90 79 71 67 67 72 80 90 103 112 101 91 84 81 81 85 91 101 112 123 112 104 98 95 95 98 104 112 122
75 59 35 44 38 123 58 112 48 108 60 17 107 58 86 81 61 113 101 51 86 80 24 8 32 57 99 107 48 109 67 40 82 55 87 70 0 112 70 39 154 138 122 107 93 80 69 61 57 58 149 133 116 101 85 71 58 48 43 45 146 129 112 95 79 63 48 36 29 32 144 126 109 92 75 58 42 26 16 20 143 126 108 91 74 56 39 22 5 14 143 126 109 92 75 58 41 25 14 19 145 128 111 95 78 62 47 34 27 30 149 132 116 100 84 69 56 46 41 43 153 137 121 106 92 78 67 59 55 56 159 143 128 114 101 89 79 72 68 69
49 67 78 68 87 20 57 6 85 4 52 96 6 56 29 37 60 8 14 62 26 65 88 113 86 57 13 5 93 8 46 74 31 59 33 45 112 0 44 73 51 42 39 44 54 67 81 97 113 129 41 30 25 32 44 60 76 92 109 126 35 19 11 22 38 55 72 89 107 124 33 16 5 20 37 54 72 89 106 124 38 24 19 27 41 57 74 91 108 125 46 36 33 38 49 63 78 94 111 127 57 49 47 50 59 71 85 100 116 132 69 63 61 64 71 81 93 107 122 137 82 77 75 77 83 92 103 116 129 144 95 91 89 91 96 104 113 125 138 151
35 28 37 26 45 54 14 43 44 40 14 55 38 13 24 14 21 47 31 19 19 38 46 72 43 14 31 39 53 42 3 31 16 16 31 21 70 44 0 31 91 78 66 57 53 55 61 71 84 98 84 69 55 45 39 41 50 62 76 91 78 62 46 33 26 28 40 54 70 86 75 58 41 24 12 17 33 49 66 84 74 57 39 22 6 14 31 48 66 83 76 59 43 28 18 22 36 51 68 85 80 65 50 38 32 34 44 58 73 89 87 73 60 51 46 48 55 66 80 94 95 82 72 64 60 61 67 76 88 102 105 93 84 77 74 75 80 88 98 110
44 28 10 6 24 84 21 73 30 70 23 24 68 20 49 43 27 75 62 13 48 50 15 41 18 20 61 68 37 71 28 6 44 18 52 35 39 73 31 0 118 103 88 75 64 57 54 57 64 75 112 96 80 66 53 44 40 44 53 66 108 91 74 59 44 32 26 31 43 58 105 88 71 54 37 22 12 21 37 54 104 87 70 53 35 18 3 18 35 52 106 89 72 55 39 24 16 24 38 55 109 92 76 61 46 35 30 35 46 60 113 98 83 69 56 48 44 47 56 68 120 105 91 78 68 61 58 60 67 78 127 113 101 89 80 74 72 74 80 88
80 117 120 112 135 58 104 55 134 54 95 137 56 103 69 87 110 46 65 107 72 115 131 153 133 105 63 55 143 50 94 120 76 106 67 84 154 51 91 118 0 18 35 52 70 87 104 122 139 156 15 23 38 54 71 88 105 122 140 157 29 34 45 60 75 91 108 125 142 159 43 47 55 68 82 97 113 129 145 162 58 60 67 77 90 104 119 134 150 166 72 74 80 88 99 112 126 140 156 171 86 88 93 100 110 122 134 148 162 177 100 102 106 112 121 132 144 156 170 184 115 116 119 125 133 143 154 166 179 192 129 130 133 138 145 154 164 176 188 201
64 105 104 97 121 55 91 47 121 44 80 121 45 89 55 76 97 35 55 93 59 106 116 137 118 91 52 44 130 39 80 105 62 92 51 68 138 42 78 103 18 0 18 35 52 70 87 104 122 139 23 15 23 38 54 71 88 105 122 140 34 29 34 45 60 75 91 108 125 142 47 43 46 55 67 82 97 112 129 145 60 57 60 67 77 90 104 118 134 150 74 72 73 79 88 99 112 126 140 155 88 86 87 92 100 110 121 134 148 162 102 100 101 105 112 121 131 143 156 170 116 114 115 119 125 133 142 153 165 178 130 128 129 132 138 145 154 164 175 187
47 94 89 83 109 56 78 44 109 40 67 105 41 77 42 67 86 32 49 79 49 98 101 121 105 79 45 39 118 34 68 91 51 80 37 54 122 39 66 88 35 18 0 18 35 52 70 87 104 122 38 23 15 23 38 54 71 88 105 122 45 34 29 34 45 60 75 91 108 125 55 46 43 46 55 67 81 97 112 129 67 60 57 60 67 77 90 104 118 134 80 73 71 73 79 88 99 112 126 140 93 87 85 87 92 99 109 121 134 148 106 101 99 101 105 112 121 131 143 156 119 115 114 115 118 124 132 142 153 165 133 129 128 129 132 137 144 153 163 175
32 85 74 70 97 63 69 48 99 43 55 90 43 66 34 62 78 37 49 68 43 93 87 106 92 69 44 42 108 37 59 79 43 69 27 41 107 44 57 75 52 35 18 0 18 35 52 70 87 104 54 38 23 15 23 38 54 71 88 105 60 45 34 29 33 45 59 75 91 108 68 55 46 43 46 55 67 81 97 112 77 67 60 57 59 66 77 89 103 118 88 79 73 71 73 79 88 99 112 125 100 92 87 85 87 91 99 109 121 134 112 105 101 99 100 105 111 120 131 143 125 119 115 113 114 118 124 132 141 152 138 132 129 127 128 131 137 144 153 163
21 79 62 60 88 73 62 58 91 52 47 76 51 60 34 61 72 48 55 59 44 91 74 91 81 62 50 50 99 46 54 69 42 62 26 33 93 54 53 64 70 52 35 18 0 18 35 52 70 87 71 54 38 23 15 23 38 54 71 88 75 60 45 33 29 33 45 59 75 91 82 67 55 46 43 46 55 67 81 96 90 77 67 59 57 59 66 77 89 103 99 88 79 73 71 73 78 87 99 111 110 100 92 87 85 86 91 99 109 120 121 112 105 100 99 100 104 111 120 130 133 125 118 114 113 114 117 123 131 141 145 138 132 128 127 127 131 136 143 152
21 77 52 53 81 86 60 70 86 64 44 64 63 57 42 66 71 62 65 54 51 92 64 77 73 60 60 63 94 60 55 62 48 59 35 34 80 67 55 57 87 70 52 35 18 0 18 35 52 70 88 71 54 38 23 14 23 38 54 71 91 75 60 45 33 28 33 45 59 75 97 82 67 55 46 42 46 55 67 81 104 90 77 66 59 56 59 66 76 89 112 99 88 79 73 70 72 78 87 98 122 110 99 91 86 84 86 91 98 108 132 121 112 105 100 98 99 104 110 119 143 133 124 118 114 112 113 117 123 131 154 145 137 131 127 126 127 130 135 143
33 78 47 52 77 100 63 84 84 78 48 54 77 60 55 74 73 78 78 55 63 97 57 65 69 63 73 77 91 75 60 60 59 61 49 42 69 81 61 54 104 87 70 52 35 18 0 18 35 52 105 88 71 54 38 23 14 23 38 54 108 91 75 59 45 33 28 33 45 59 113 97 81 67 55 46 42 46 54 67 119 104 90 77 66 59 56 59 66 76 126 112 99 88 78 72 70 72 78 87 134 121 109 99 91 86 84 85 90 98 144 131 121 111 104 99 98 99 103 110 154 142 132 124 117 113 112 113 116 122 164 154 144 137 131 127 125 126 130 135
48 83 48 56 78 115 70 100 86 94 58 49 93 68 69 85 80 94 92 61 77 104 54 55 69 70 88 92 91 91 70 62 72 68 64 55 61 97 71 57 122 104 87 70 52 35 18 0 18 35 122 105 88 71 54 38 23 14 23 38 125 108 91 75 59 45 33 28 33 45 129 112 97 81 67 55 46 42 45 54 134 118 104 89 77 66 59 56 58 65 140 126 112 99 87 78 72 70 72 77 148 134 121 109 99 91 85 83 85 90 156 143 131 120 111 104 99 97 99 103 166 153 142 132 123 117 113 111 112 116 176 164 153 144 136 130 126 125 126 129
64 92 55 65 82 130 80 115 91 110 70 50 109 78 85 98 89 111 107 71 91 113 58 50 72 80 103 108 95 107 82 69 87 78 81 70 57 113 84 64 139 122 104 87 70 52 35 18 0 18 140 122 105 88 71 54 38 23 14 23 142 125 108 91 75 59 45 33 28 33 145 129 112 97 81 67 54 45 42 45 150 134 118 103 89 76 66 58 55 58 156 140 126 112 99 87 78 72 69 71 162 148 134 121 109 98 90 85 83 85 170 156 143 131 120 110 103 99 97 98 179 165 153 141 131 123 116 112 110 112 188 175 163 153 143 135 130 126 124 125
81 102 65 77 89 146 93 131 99 126 84 56 125 91 101 112 101 127 123 84 107 124 66 51 80 92 119 124 101 124 96 79 102 90 97 85 58 129 98 75 156 139 122 104 87 70 52 35 18 0 157 140 122 105 88 71 54 38 23 14 159 142 125 108 91 75 59 45 33 28 162 145 129 112 96 81 67 54 45 42 166 150 134 118 103 89 76 65 58 55 171 155 140 125 111 98 87 77 71 69 177 162 148 134 120 108 98 90 85 83 184 170 156 143 130 119 110 103 98 96 192 178 165 152 141 131 122 116 112 110 201 187 175 163 152 143 135 129 125 124
78 108 115 106 128 45 97 44 125 45 90 133 46 96 64 78 101 37 55 101 65 104 126 149 126 97 54 46 134 42 86 113 69 99 63 79 149 41 84 112 15 23 38 54 71 88 105 122 140 157 0 18 35 52 70 87 104 122 139 156 15 23 38 54 71 88 105 122 140 157 29 34 45 60 75 91 108 125 142 159 43 47 55 68 82 97 113 129 145 162 58 60 67 77 90 104 119 134 150 166 72 74 80 88 99 112 126 140 156 171 86 88 93 100 110 122 134 148 162 177 100 102 106 112 121 132 144 156 170 184 115 116 119 125 133 143 154 166 179 192
61 95 98 90 113 40 82 34 111 32 74 116 33 81 48 65 87 23 43 85 50 94 110 133 111 83 40 32 120 28 71 98 54 84 46 63 133 30 69 96 23 15 23 38 54 71 88 105 122 140 18 0 18 35 52 70 87 104 122 139 23 15 23 38 54 71 88 105 122 140 34 29 34 45 60 75 91 108 125 142 47 43 46 55 67 82 97 112 129 145 60 57 60 67 77 90 104 118 134 150 74 72 73 79 88 99 112 126 140 155 88 86 87 92 100 110 121 134 148 162 102 100 101 105 112 121 131 143 156 170 116 114 115 119 125 133 142 153 165 178
44 83 82 75 99 43 68 30 99 26 58 100 26 67 32 54 75 18 35 70 37 85 94 116 96 69 31 25 107 19 58 83 40 70 30 46 116 25 55 80 38 23 15 23 38 54 71 88 105 122 35 18 0 18 35 52 70 87 104 122 38 23 15 23 38 54 71 88 105 122 45 34 29 34 45 60 75 91 108 125 55 46 43 46 55 67 81 97 112 129 67 60 57 60 67 77 90 104 118 134 80 73 71 73 79 88 99 112 126 140 93 87 85 87 92 99 109 121 134 148 106 101 99 101 105 112 121 131 143 156 119 115 114 115 118 124 132 142 153 165
27 72 67 61 86 51 57 36 87 30 44 84 30 55 21 48 65 26 36 57 29 79 79 100 82 57 30 29 96 24 47 69 30 58 15 31 101 32 45 66 54 38 23 15 23 38 54 71 88 105 52 35 18 0 18 35 52 70 87 104 54 38 23 15 23 38 54 71 88 105 60 45 34 29 33 45 59 75 91 108 68 55 46 43 46 55 67 81 97 112 77 67 60 57 59 66 77 89 103 118 88 79 73 71 73 79 88 99 112 125 100 92 87 85 87 91 99 109 121 134 112 105 101 99 100 105 111 120 131 143 125 119 115 113 114 118 124 132 141 152
10 66 52 48 76 64 49 48 78 42 34 68 41 46 21 47 58 41 43 46 31 77 64 84 70 49 38 40 87 38 40 57 29 49 13 20 85 44 39 53 71 54 38 23 15 23 38 54 71 88 70 52 35 18 0 18 35 52 70 87 71 54 38 23 15 23 38 54 71 88 75 60 45 33 29 33 45 59 75 91 82 67 55 46 43 46 55 67 81 96 90 77 67 59 57 59 66 77 89 103 99 88 79 73 71 73 78 87 99 111 110 100 92 87 85 86 91 99 109 120 121 112 105 100 99 100 104 111 120 130 133 125 118 114 113 114 117 123 131 141
11 63 40 40 68 78 46 62 72 57 30 54 56 43 32 53 57 57 56 41 41 79 52 69 61 46 51 55 80 53 41 49 37 45 27 21 71 60 41 44 88 71 54 38 23 14 23 38 54 71 87 70 52 35 18 0 18 35 52 70 88 71 54 38 23 14 23 38 54 71 91 75 60 45 33 28 33 45 59 75 97 82 67 55 46 42 46 55 67 81 104 90 77 66 59 56 59 66 76 89 112 99 88 79 73 70 72 78 87 98 122 110 99 91 86 84 86 91 98 108 132 121 112 105 100 98 99 104 110 119 143 133 124 118 114 112 113 117 123 131
27 65 33 38 63 93 50 78 70 72 36 42 71 47 48 63 60 74 70 42 54 84 43 55 55 49 66 71 77 70 48 46 50 48 44 33 58 76 50 40 105 88 71 54 38 23 14 23 38 54 104 87 70 52 35 18 0 18 35 52 105 88 71 54 38 23 14 23 38 54 108 91 75 59 45 33 28 33 45 59 113 97 81 67 55 46 42 46 54 67 119 104 90 77 66 59 56 59 66 76 126 112 99 88 78 72 70 72 78 87 134 121 109 99 91 86 84 85 90 98 144 131 121 111 104 99 98 99 103 110 154 142 132 124 117 113 112 113 116 122
44 71 35 44 64 109 59 94 72 89 48 35 88 57 64 75 68 90 86 50 70 92 41 43 55 58 82 87 78 87 60 49 65 56 61 48 48 92 62 44 122 105 88 71 54 38 23 14 23 38 122 104 87 70 52 35 18 0 18 35 122 105 88 71 54 38 23 14 23 38 125 108 91 75 59 45 33 28 33 45 129 112 97 81 67 55 46 42 45 54 134 118 104 89 77 66 59 56 58 65 140 126 112 99 87 78 72 70 72 77 148 134 121 109 99 91 85 83 85 90 156 143 131 120 111 104 99 97 99 103 166 153 142 132 123 117 113 111 112 116
62 81 44 55 69 125 71 111 78 106 62 37 104 69 81 90 79 107 102 62 86 103 45 37 60 70 98 104 82 104 74 58 81 68 78 65 43 109 76 53 140 122 105 88 71 54 38 23 14 23 139 122 104 87 70 52 35 18 0 18 140 122 105 88 71 54 38 23 14 23 142 125 108 91 75 59 45 33 28 33 145 129 112 97 81 67 54 45 42 45 150 134 118 103 89 76 66 58 55 58 156 140 126 112 99 87 78 72 69 71 162 148 134 121 109 98 90 85 83 85 170 156 143 131 120 110 103 99 97 98 179 165 153 141 131 123 116 112 110 112
79 92 57 68 77 142 85 128 87 122 78 45 121 83 97 105 92 125 118 76 102 115 55 38 69 84 115 121 90 121 89 70 97 82 95 81 45 126 91 66 157 140 122 105 88 71 54 38 23 14 156 139 122 104 87 70 52 35 18 0 157 140 122 105 88 71 54 38 23 14 159 142 125 108 91 75 59 45 33 28 162 145 129 112 96 81 67 54 45 42 166 150 134 118 103 89 76 65 58 55 171 155 140 125 111 98 87 77 71 69 177 162 148 134 120 108 98 90 85 83 184 170 156 143 130 119 110 103 98 96 192 178 165 152 141 131 122 116 112 110
79 101 112 102 121 33 91 36 118 38 86 130 40 90 61 70 94 33 48 96 60 94 122 147 121 92 48 40 126 38 81 108 65 93 63 77 146 35 78 108 29 34 45 60 75 91 108 125 142 159 15 23 38 54 71 88 105 122 140 157 0 18 35 52 70 87 104 122 139 156 15 23 38 54 71 88 105 122 140 157 29 34 45 60 75 91 108 125 142 159 43 47 55 68 82 97 113 129 145 162 58 60 67 77 90 104 119 134 150 166 72 74 80 88 99 112 126 140 156 171 86 88 93 100 110 122 134 148 162 177 100 102 106 112 121 132 144 156 170 184
61 86 95 85 106 26 75 22 103 22 69 113 24 74 44 56 79 16 33 79 43 82 105 130 105 76 32 23 112 21 65 92 48 77 45 60 129 19 62 91 34 29 34 45 60 75 91 108 125 142 23 15 23 38 54 71 88 105 122 140 18 0 18 35 52 70 87 104 122 139 23 15 23 38 54 71 88 105 122 140 34 29 34 45 60 75 91 108 125 142 47 43 46 55 67 82 97 112 129 145 60 57 60 67 77 90 104 118 134 150 74 72 73 79 88 99 112 126 140 155 88 86 87 92 100 110 121 134 148 162 102 100 101 105 112 121 131 143 156 170
44 72 78 69 91 30 60 16 89 12 52 96 13 58 27 43 65 4 22 63 28 72 89 113 89 60 18 11 98 6 49 76 32 62 28 43 112 11 46 74 45 34 29 34 45 60 75 91 108 125 38 23 15 23 38 54 71 88 105 122 35 18 0 18 35 52 70 87 104 122 38 23 15 23 38 54 71 88 105 122 45 34 29 34 45 60 75 91 108 125 55 46 43 46 55 67 81 97 112 129 67 60 57 60 67 77 90 104 118 134 80 73 71 73 79 88 99 112 126 140 93 87 85 87 92 99 109 121 134 148 106 101 99 101 105 112 121 131 143 156
28 61 61 53 77 41 46 26 76 20 36 79 19 44 10 34 53 20 22 48 16 66 72 96 74 47 17 18 85 16 36 61 18 48 11 26 95 22 33 59 60 45 34 29 33 45 59 75 91 108 54 38 23 15 23 38 54 71 88 105 52 35 18 0 18 35 52 70 87 104 54 38 23 15 23 38 54 71 88 105 60 45 34 29 33 45 59 75 91 108 68 55 46 43 46 55 67 81 97 112 77 67 60 57 59 66 77 89 103 118 88 79 73 71 73 79 88 99 112 125 100 92 87 85 87 91 99 109 121 134 112 105 101 99 100 105 111 120 131 143
13 52 45 38 64 56 36 41 66 35 22 62 34 33 10 34 45 37 34 35 19 63 57 79 60 36 29 34 75 33 27 47 15 36 9 9 79 38 26 44 75 60 45 33 29 33 45 59 75 91 71 54 38 23 15 23 38 54 71 88 70 52 35 18 0 18 35 52 70 87 71 54 38 23 15 23 38 54 71 88 75 60 45 33 29 33 45 59 75 91 82 67 55 46 43 46 55 67 81 96 90 77 67 59 57 59 66 77 89 103 99 88 79 73 71 73 78 87 99 111 110 100 92 87 85 86 91 99 109 120 121 112 105 100 99 100 104 111 120 130
13 49 30 27 55 72 32 57 59 52 17 46 51 30 27 41 43 54 49 27 33 65 42 62 49 32 45 50 67 50 28 36 28 31 25 11 63 55 28 32 91 75 60 45 33 28 33 45 59 75 88 71 54 38 23 14 23 38 54 71 87 70 52 35 18 0 18 35 52 70 88 71 54 38 23 14 23 38 54 71 91 75 60 45 33 28 33 45 59 75 97 82 67 55 46 42 46 55 67 81 104 90 77 66 59 56 59 66 76 89 112 99 88 79 73 70 72 78 87 98 122 110 99 91 86 84 86 91 98 108 132 121 112 105 100 98 99 104 110 119
28 51 20 24 50 88 37 74 56 69 26 32 68 35 44 53 47 72 65 29 49 71 31 47 42 37 61 67 63 67 38 32 44 35 43 28 48 72 40 26 108 91 75 59 45 33 28 33 45 59 105 88 71 54 38 23 14 23 38 54 104 87 70 52 35 18 0 18 35 52 105 88 71 54 38 23 14 23 38 54 108 91 75 59 45 33 28 33 45 59 113 97 81 67 55 46 42 46 54 67 119 104 90 77 66 59 56 59 66 76 126 112 99 88 78 72 70 72 78 87 134 121 109 99 91 86 84 85 90 98 144 131 121 111 104 99 98 99 103 110
45 59 22 33 50 105 49 91 59 86 41 22 85 47 61 68 57 89 81 39 65 81 27 32 41 48 78 85 64 85 52 37 60 46 60 45 36 89 54 31 125 108 91 75 59 45 33 28 33 45 122 105 88 71 54 38 23 14 23 38 122 104 87 70 52 35 18 0 18 35 122 105 88 71 54 38 23 14 23 38 125 108 91 75 59 45 33 28 33 45 129 112 97 81 67 55 46 42 45 54 134 118 104 89 77 66 59 56 58 65 140 126 112 99 87 78 72 70 72 77 148 134 121 109 99 91 85 83 85 90 156 143 131 120 111 104 99 97 99 103
62 70 35 46 57 122 63 108 66 103 57 24 102 61 79 83 70 106 98 54 82 93 33 23 48 62 95 102 69 102 68 48 77 60 77 62 29 107 70 43 142 125 108 91 75 59 45 33 28 33 140 122 105 88 71 54 38 23 14 23 139 122 104 87 70 52 35 18 0 18 140 122 105 88 71 54 38 23 14 23 142 125 108 91 75 59 45 33 28 33 145 129 112 97 81 67 54 45 42 45 150 134 118 103 89 76 66 58 55 58 156 140 126 112 99 87 78 72 69 71 162 148 134 121 109 98 90 85 83 85 170 156 143 131 120 110 103 99 97 98
79 84 50 62 67 139 78 125 77 120 74 36 119 77 96 100 84 123 115 69 100 106 46 25 59 77 112 119 78 119 84 62 95 75 94 79 32 124 86 58 159 142 125 108 91 75 59 45 33 28 157 140 122 105 88 71 54 38 23 14 156 139 122 104 87 70 52 35 18 0 157 140 122 105 88 71 54 38 23 14 159 142 125 108 91 75 59 45 33 28 162 145 129 112 96 81 67 54 45 42 166 150 134 118 103 89 76 65 58 55 171 155 140 125 111 98 87 77 71 69 177 162 148 134 120 108 98 90 85 83 184 170 156 143 130 119 110 103 98 96
82 95 110 100 116 24 87 33 112 37 84 128 38 87 62 65 88 35 44 93 58 86 120 145 117 88 45 38 120 39 77 105 63 90 65 78 144 33 75 105 43 47 55 68 82 97 113 129 145 162 29 34 45 60 75 91 108 125 142 159 15 23 38 54 71 88 105 122 140 157 0 18 35 52 70 87 104 122 139 156 15 23 38 54 71 88 105 122 140 157 29 34 45 60 75 91 108 125 142 159 43 47 55 68 82 97 113 129 145 162 58 60 67 77 90 104 119 134 150 166 72 74 80 88 99 112 126 140 156 171 86 88 93 100 110 122 134 148 162 177
65 79 93 83 100 12 70 15 96 20 67 111 21 70 45 49 72 20 27 76 41 72 103 128 100 71 28 21 104 22 60 88 46 73 48 61 126 16 58 88 47 43 46 55 67 82 97 112 129 145 34 29 34 45 60 75 91 108 125 142 23 15 23 38 54 71 88 105 122 140 18 0 18 35 52 70 87 104 122 139 23 15 23 38 54 71 88 105 122 140 34 29 34 45 60 75 91 108 125 142 47 43 46 55 67 82 97 112 129 145 60 57 60 67 77 90 104 118 134 150 74 72 73 79 88 99 112 126 140 155 88 86 87 92 100 110 121 134 148 162
49 64 76 65 84 19 54 3 81 4 50 94 5 53 28 33 57 12 10 59 24 60 86 111 83 54 11 5 89 10 44 71 29 56 33 44 109 5 41 71 55 46 43 46 55 67 81 97 112 129 45 34 29 34 45 60 75 91 108 125 38 23 15 23 38 54 71 88 105 122 35 18 0 18 35 52 70 87 104 122 38 23 15 23 38 54 71 88 105 122 45 34 29 34 45 60 75 91 108 125 55 46 43 46 55 67 81 97 112 129 67 60 57 60 67 77 90 104 118 134 80 73 71 73 79 88 99 112 126 140 93 87 85 87 92 99 109 121 134 148
35 50 58 48 69 34 38 20 67 16 33 76 15 37 13 21 43 23 11 42 6 52 69 93 67 38 8 15 76 18 27 55 11 40 21 27 92 20 24 54 68 55 46 43 46 55 67 81 97 112 60 45 34 29 33 45 59 75 91 108 54 38 23 15 23 38 54 71 88 105 52 35 18 0 18 35 52 70 87 104 54 38 23 15 23 38 54 71 88 105 60 45 34 29 33 45 59 75 91 108 68 55 46 43 46 55 67 81 97 112 77 67 60 57 59 66 77 89 103 118 88 79 73 71 73 79 88 99 112 125 100 92 87 85 87 91 99 109 121 134
25 40 41 32 54 51 24 38 54 34 15 59 32 22 13 20 32 39 28 26 12 49 52 76 52 24 25 32 63 34 14 39 7 25 20 13 75 37 12 37 82 67 55 46 43 46 55 67 81 96 75 60 45 33 29 33 45 59 75 91 71 54 38 23 15 23 38 54 71 88 70 52 35 18 0 18 35 52 70 87 71 54 38 23 15 23 38 54 71 88 75 60 45 33 29 33 45 59 75 91 82 67 55 46 43 46 55 67 81 96 90 77 67 59 57 59 66 77 89 103 99 88 79 73 71 73 78 87 99 111 110 100 92 87 85 86 91 99 109 120
25 35 24 16 43 68 18 55 45 51 4 42 49 16 28 31 29 55 45 14 29 52 35 59 38 18 42 49 54 51 16 25 24 17 31 14 58 54 17 22 97 82 67 55 46 42 46 55 67 81 91 75 60 45 33 28 33 45 59 75 88 71 54 38 23 14 23 38 54 71 87 70 52 35 18 0 18 35 52 70 88 71 54 38 23 14 23 38 54 71 91 75 60 45 33 28 33 45 59 75 97 82 67 55 46 42 46 55 67 81 104 90 77 66 59 56 59 66 76 89 112 99 88 79 73 70 72 78 87 98 122 110 99 91 86 84 86 91 98 108
35 38 8 11 36 85 26 72 42 68 20 25 67 25 45 46 35 72 62 17 47 59 20 42 28 26 59 67 49 68 30 18 42 24 46 29 42 72 33 12 113 97 81 67 55 46 42 46 54 67 108 91 75 59 45 33 28 33 45 59 105 88 71 54 38 23 14 23 38 54 104 87 70 52 35 18 0 18 35 52 105 88 71 54 38 23 14 23 38 54 108 91 75 59 45 33 28 33 45 59 113 97 81 67 55 46 42 46 54 67 119 104 90 77 66 59 56 59 66 76 126 112 99 88 78 72 70 72 78 87 134 121 109 99 91 86 84 85 90 98
50 48 13 25 37 102 41 90 46 85 38 10 84 40 62 62 48 90 79 32 64 71 13 25 28 40 77 84 50 85 47 25 59 38 62 46 26 89 49 21 129 112 97 81 67 55 46 42 45 54 125 108 91 75 59 45 33 28 33 45 122 105 88 71 54 38 23 14 23 38 122 104 87 70 52 35 18 0 18 35 122 105 88 71 54 38 23 14 23 38 125 108 91 75 59 45 33 28 33 45 129 112 97 81 67 55 46 42 45 54 134 118 104 89 77 66 59 56 58 65 140 126 112 99 87 78 72 70 72 77 148 134 121 109 99 91 85 83 85 90
66 62 30 41 45 119 57 107 55 103 55 13 101 56 79 79 62 107 96 49 81 84 24 11 37 56 94 101 57 102 64 40 76 54 79 63 16 106 66 37 145 129 112 97 81 67 54 45 42 45 142 125 108 91 75 59 45 33 28 33 140 122 105 88 71 54 38 23 14 23 139 122 104 87 70 52 35 18 0 18 140 122 105 88 71 54 38 23 14 23 142 125 108 91 75 59 45 33 28 33 145 129 112 97 81 67 54 45 42 45 150 134 118 103 89 76 66 58 55 58 156 140 126 112 99 87 78 72 69 71 162 148 134 121 109 98 90 85 83 85
82 77 47 58 58 137 74 124 67 120 72 30 119 73 96 96 78 124 114 65 99 99 39 14 50 73 111 119 68 120 81 56 94 71 96 80 20 124 84 54 162 145 129 112 96 81 67 54 45 42 159 142 125 108 91 75 59 45 33 28 157 140 122 105 88 71 54 38 23 14 156 139 122 104 87 70 52 35 18 0 157 140 122 105 88 71 54 38 23 14 159 142 125 108 91 75 59 45 33 28 162 145 129 112 96 81 67 54 45 42 166 150 134 118 103 89 76 65 58 55 171 155 140 125 111 98 87 77 71 69 177 162 148 134 120 108 98 90 85 83
87 90 111 100 113 21 85 35 107 41 85 128 42 85 65 63 85 42 44 92 60 78 119 145 114 86 47 42 115 44 77 104 65 88 70 81 143 38 74 104 58 60 67 77 90 104 119 134 150 166 43 47 55 68 82 97 113 129 145 162 29 34 45 60 75 91 108 125 142 159 15 23 38 54 71 88 105 122 140 157 0 18 35 52 70 87 104 122 139 156 15 23 38 54 71 88 105 122 140 157 29 34 45 60 75 91 108 125 142 159 43 47 55 68 82 97 113 129 145 162 58 60 67 77 90 104 119 134 150 166 72 74 80 88 99 112 126 140 156 171
71 74 93 82 96 4 68 20 91 26 68 111 27 68 50 45 68 30 27 75 43 63 102 128 97 69 31 28 99 31 59 86 48 71 55 65 126 24 57 87 60 57 60 67 77 90 104 118 134 150 47 43 46 55 67 82 97 112 129 145 34 29 34 45 60 75 91 108 125 142 23 15 23 38 54 71 88 105 122 140 18 0 18 35 52 70 87 104 122 139 23 15 23 38 54 71 88 105 122 140 34 29 34 45 60 75 91 108 125 142 47 43 46 55 67 82 97 112 129 145 60 57 60 67 77 90 104 118 134 150 74 72 73 79 88 99 112 126 140 155
57 57 76 65 79 15 51 14 75 18 51 94 17 51 35 28 51 26 12 58 28 50 85 110 80 51 17 19 83 24 42 69 32 54 42 49 108 19 39 70 67 60 57 60 67 77 90 104 118 134 55 46 43 46 55 67 81 97 112 129 45 34 29 34 45 60 75 91 108 125 38 23 15 23 38 54 71 88 105 122 35 18 0 18 35 52 70 87 104 122 38 23 15 23 38 54 71 88 105 122 45 34 29 34 45 60 75 91 108 125 55 46 43 46 55 67 81 97 112 129 67 60 57 60 67 77 90 104 118 134 80 73 71 73 79 88 99 112 126 140
46 42 59 48 63 33 33 24 59 24 35 76 22 33 26 11 35 32 13 40 16 39 67 93 63 34 16 23 67 28 25 52 19 36 34 35 91 27 22 53 77 67 60 57 59 66 77 89 103 118 68 55 46 43 46 55 67 81 97 112 60 45 34 29 33 45 59 75 91 108 54 38 23 15 23 38 54 71 88 105 52 35 18 0 18 35 52 70 87 104 54 38 23 15 23 38 54 71 88 105 60 45 34 29 33 45 59 75 91 108 68 55 46 43 46 55 67 81 97 112 77 67 60 57 59 66 77 89 103 118 88 79 73 71 73 79 88 99 112 125
39 28 42 31 47 50 16 40 44 38 20 59 36 16 25 9 21 45 28 23 19 35 50 76 46 17 28 37 53 40 8 35 17 19 33 26 74 41 6 35 90 77 67 59 57 59 66 77 89 103 82 67 55 46 43 46 55 67 81 96 75 60 45 33 29 33 45 59 75 91 71 54 38 23 15 23 38 54 71 88 70 52 35 18 0 18 35 52 70 87 71 54 38 23 15 23 38 54 71 88 75 60 45 33 29 33 45 59 75 91 82 67 55 46 43 46 55 67 81 96 90 77 67 59 57 59 66 77 89 103 99 88 79 73 71 73 78 87 99 111
39 21 25 14 32 67 5 56 33 54 13 42 52 3 35 25 15 60 45 6 33 39 33 59 30 4 44 52 42 55 11 18 28 4 40 26 56 57 14 18 104 90 77 66 59 56 59 66 76 89 97 82 67 55 46 42 46 55 67 81 91 75 60 45 33 28 33 45 59 75 88 71 54 38 23 14 23 38 54 71 87 70 52 35 18 0 18 35 52 70 88 71 54 38 23 14 23 38 54 71 91 75 60 45 33 28 33 45 59 75 97 82 67 55 46 42 46 55 67 81 104 90 77 66 59 56 59 66 76 89 112 99 88 79 73 70 72 78 87 98
46 27 12 7 22 84 20 73 28 70 24 25 69 20 50 43 25 76 62 13 49 49 16 42 16 19 61 69 35 71 28 4 44 17 53 37 39 74 31 3 119 104 90 77 66 59 56 59 66 76 113 97 81 67 55 46 42 46 54 67 108 91 75 59 45 33 28 33 45 59 105 88 71 54 38 23 14 23 38 54 104 87 70 52 35 18 0 18 35 52 105 88 71 54 38 23 14 23 38 54 108 91 75 59 45 33 28 33 45 59 113 97 81 67 55 46 42 46 54 67 119 104 90 77 66 59 56 59 66 76 126 112 99 88 78 72 70 72 78 87
58 40 15 23 24 102 37 90 34 87 40 10 85 37 65 60 41 92 79 30 65 62 3 25 15 36 78 86 37 88 46 19 61 34 67 51 22 91 48 18 134 118 104 89 77 66 59 56 58 65 129 112 97 81 67 55 46 42 45 54 125 108 91 75 59 45 33 28 33 45 122 105 88 71 54 38 23 14 23 38 122 104 87 70 52 35 18 0 18 35 122 105 88 71 54 38 23 14 23 38 125 108 91 75 59 45 33 28 33 45 129 112 97 81 67 55 46 42 45 54 134 118 104 89 77 66 59 56 58 65 140 126 112 99 87 78 72 70 72 77
72 55 31 40 36 119 54 108 45 104 56 14 103 54 82 77 57 109 97 47 82 77 20 9 29 54 95 103 46 105 63 36 78 51 83 66 5 108 66 35 150 134 118 103 89 76 66 58 55 58 145 129 112 97 81 67 54 45 42 45 142 125 108 91 75 59 45 33 28 33 140 122 105 88 71 54 38 23 14 23 139 122 104 87 70 52 35 18 0 18 140 122 105 88 71 54 38 23 14 23 142 125 108 91 75 59 45 33 28 33 145 129 112 97 81 67 54 45 42 45 150 134 118 103 89 76 66 58 55 58 156 140 126 112 99 87 78 72 69 71
87 72 48 57 50 136 72 125 60 121 73 30 120 72 98 94 74 126 114 64 100 93 37 13 45 71 112 120 59 121 80 53 95 69 99 83 14 125 83 52 166 150 134 118 103 89 76 65 58 55 162 145 129 112 96 81 67 54 45 42 159 142 125 108 91 75 59 45 33 28 157 140 122 105 88 71 54 38 23 14 156 139 122 104 87 70 52 35 18 0 157 140 122 105 88 71 54 38 23 14 159 142 125 108 91 75 59 45 33 28 162 145 129 112 96 81 67 54 45 42 166 150 134 118 103 89 76 65 58 55 171 155 140 125 111 98 87 77 71 69
94 88 113 101 111 27 86 42 105 49 88 130 49 86 72 63 84 52 49 94 65 73 120 146 114 87 53 50 111 54 78 104 69 89 78 86 143 46 76 106 72 74 80 88 99 112 126 140 156 171 58 60 67 77 90 104 119 134 150 166 43 47 55 68 82 97 113 129 145 162 29 34 45 60 75 91 108 125 142 159 15 23 38 54 71 88 105 122 140 157 0 18 35 52 70 87 104 122 139 156 15 23 38 54 71 88 105 122 140 157 29 34 45 60 75 91 108 125 142 159 43 47 55 68 82 97 113 129 145 162 58 60 67 77 90 104 119 134 150 166
80 71 96 84 94 18 69 31 88 37 72 113 38 69 58 46 66 43 35 77 50 57 103 129 96 69 40 39 94 43 62 87 54 72 65 71 126 36 59 89 74 72 73 79 88 99 112 126 140 155 60 57 60 67 77 90 104 118 134 150 47 43 46 55 67 82 97 112 129 145 34 29 34 45 60 75 91 108 125 142 23 15 23 38 54 71 88 105 122 140 18 0 18 35 52 70 87 104 122 139 23 15 23 38 54 71 88 105 122 140 34 29 34 45 60 75 91 108 125 142 47 43 46 55 67 82 97 112 129 145 60 57 60 67 77 90 104 118 134 150
67 54 79 67 77 23 52 28 71 32 56 96 31 52 46 30 49 40 24 60 37 41 86 112 79 52 30 33 78 38 45 70 41 55 54 57 109 33 43 72 80 73 71 73 79 88 99 112 126 140 67 60 57 60 67 77 90 104 118 134 55 46 43 46 55 67 81 97 112 129 45 34 29 34 45 60 75 91 108 125 38 23 15 23 38 54 71 88 105 122 35 18 0 18 35 52 70 87 104 122 38 23 15 23 38 54 71 88 105 122 45 34 29 34 45 60 75 91 108 125 55 46 43 46 55 67 81 97 112 129 67 60 57 60 67 77 90 104 118 134
58 37 63 51 59 37 35 34 54 36 42 79 34 36 39 15 32 44 25 44 29 28 69 95 62 36 29 35 61 41 30 53 31 38 47 46 92 38 28 55 88 79 73 71 73 79 88 99 112 125 77 67 60 57 59 66 77 89 103 118 68 55 46 43 46 55 67 81 97 112 60 45 34 29 33 45 59 75 91 108 54 38 23 15 23 38 54 71 88 105 52 35 18 0 18 35 52 70 87 104 54 38 23 15 23 38 54 71 88 105 60 45 34 29 33 45 59 75 91 108 68 55 46 43 46 55 67 81 97 112 77 67 60 57 59 66 77 89 103 118
52 20 47 35 42 53 19 46 37 46 30 62 44 21 39 13 15 54 35 28 31 21 52 78 44 20 37 45 45 50 19 36 30 22 47 39 75 49 18 39 99 88 79 73 71 73 78 87 99 111 90 77 67 59 57 59 66 77 89 103 82 67 55 46 43 46 55 67 81 96 75 60 45 33 29 33 45 59 75 91 71 54 38 23 15 23 38 54 71 88 70 52 35 18 0 18 35 52 70 87 71 54 38 23 15 23 38 54 71 88 75 60 45 33 29 33 45 59 75 91 82 67 55 46 43 46 55 67 81 96 90 77 67 59 57 59 66 77 89 103
52 7 33 23 25 69 11 61 22 60 27 46 58 14 46 27 4 67 50 17 41 27 36 62 27 11 50 59 31 63 20 20 38 12 52 40 58 63 22 24 112 99 88 79 73 70 72 78 87 98 104 90 77 66 59 56 59 66 76 89 97 82 67 55 46 42 46 55 67 81 91 75 60 45 33 28 33 45 59 75 88 71 54 38 23 14 23 38 54 71 87 70 52 35 18 0 18 35 52 70 88 71 54 38 23 14 23 38 54 71 91 75 60 45 33 28 33 45 59 75 97 82 67 55 46 42 46 55 67 81 104 90 77 66 59 56 59 66 76 89
58 18 25 20 10 86 22 77 14 75 33 32 73 24 58 44 21 82 66 20 54 40 22 46 10 22 65 74 22 77 33 11 51 20 62 47 41 78 36 16 126 112 99 88 78 72 70 72 78 87 119 104 90 77 66 59 56 59 66 76 113 97 81 67 55 46 42 46 54 67 108 91 75 59 45 33 28 33 45 59 105 88 71 54 38 23 14 23 38 54 104 87 70 52 35 18 0 18 35 52 105 88 71 54 38 23 14 23 38 54 108 91 75 59 45 33 28 33 45 59 113 97 81 67 55 46 42 46 54 67 119 104 90 77 66 59 56 59 66 76
67 35 27 29 13 103 38 93 23 91 46 22 89 39 72 60 38 97 82 34 70 56 16 31 9 38 81 90 25 92 48 21 66 36 75 59 25 94 51 24 140 126 112 99 87 78 72 70 72 77 134 118 104 89 77 66 59 56 58 65 129 112 97 81 67 55 46 42 45 54 125 108 91 75 59 45 33 28 33 45 122 105 88 71 54 38 23 14 23 38 122 104 87 70 52 35 18 0 18 35 122 105 88 71 54 38 23 14 23 38 125 108 91 75 59 45 33 28 33 45 129 112 97 81 67 55 46 42 45 54 134 118 104 89 77 66 59 56 58 65
80 52 38 44 29 120 55 110 38 107 61 24 106 56 87 78 56 113 99 50 86 72 25 21 26 55 98 106 37 109 65 37 81 53 89 73 14 111 68 38 156 140 126 112 99 87 78 72 69 71 150 134 118 103 89 76 66 58 55 58 145 129 112 97 81 67 54 45 42 45 142 125 108 91 75 59 45 33 28 33 140 122 105 88 71 54 38 23 14 23 139 122 104 87 70 52 35 18 0 18 140 122 105 88 71 54 38 23 14 23 142 125 108 91 75 59 45 33 28 33 145 129 112 97 81 67 54 45 42 45 150 134 118 103 89 76 66 58 55 58
94 69 52 60 46 137 72 127 55 124 77 36 122 73 103 95 73 130 116 66 102 89 40 23 43 72 115 123 52 125 82 54 98 70 105 88 19 127 85 55 171 155 140 125 111 98 87 77 71 69 166 150 134 118 103 89 76 65 58 55 162 145 129 112 96 81 67 54 45 42 159 142 125 108 91 75 59 45 33 28 157 140 122 105 88 71 54 38 23 14 156 139 122 104 87 70 52 35 18 0 157 140 122 105 88 71 54 38 23 14 159 142 125 108 91 75 59 45 33 28 162 145 129 112 96 81 67 54 45 42 166 150 134 118 103 89 76 65 58 55
102 88 116 105 111 38 89 53 104 59 94 133 59 89 80 67 85 64 57 97 72 71 123 149 115 89 62 60 110 64 83 107 77 92 87 94 145 57 80 109 86 88 93 100 110 122 134 148 162 177 72 74 80 88 99 112 126 140 156 171 58 60 67 77 90 104 119 134 150 166 43 47 55 68 82 97 113 129 145 162 29 34 45 60 75 91 108 125 142 159 15 23 38 54 71 88 105 122 140 157 0 18 35 52 70 87 104 122 139 156 15 23 38 54 71 88 105 122 140 157 29 34 45 60 75 91 108 125 142 159 43 47 55 68 82 97 113 129 145 162
90 71 100 88 94 32 72 44 86 50 78 116 50 73 68 51 68 57 45 81 59 53 106 132 98 73 51 51 92 56 67 90 63 75 75 80 128 49 65 92 88 86 87 92 100 110 121 134 148 162 74 72 73 79 88 99 112 126 140 155 60 57 60 67 77 90 104 118 134 150 47 43 46 55 67 82 97 112 129 145 34 29 34 45 60 75 91 108 125 142 23 15 23 38 54 71 88 105 122 140 18 0 18 35 52 70 87 104 122 139 23 15 23 38 54 71 88 105 122 140 34 29 34 45 60 75 91 108 125 142 47 43 46 55 67 82 97 112 129 145
79 54 84 73 76 35 56 42 69 46 64 100 46 57 58 37 51 54 38 65 49 36 90 115 81 57 43 47 75 52 52 73 52 59 66 68 111 47 50 76 93 87 85 87 92 99 109 121 134 148 80 73 71 73 79 88 99 112 126 140 67 60 57 60 67 77 90 104 118 134 55 46 43 46 55 67 81 97 112 129 45 34 29 34 45 60 75 91 108 125 38 23 15 23 38 54 71 88 105 122 35 18 0 18 35 52 70 87 104 122 38 23 15 23 38 54 71 88 105 122 45 34 29 34 45 60 75 91 108 125 55 46 43 46 55 67 81 97 112 129
71 37 69 58 59 45 41 46 52 49 52 84 48 43 53 26 35 58 38 50 43 19 74 99 64 42 43 49 58 54 40 57 45 44 61 58 95 50 38 61 100 92 87 85 87 91 99 109 121 134 88 79 73 71 73 79 88 99 112 125 77 67 60 57 59 66 77 89 103 118 68 55 46 43 46 55 67 81 97 112 60 45 34 29 33 45 59 75 91 108 54 38 23 15 23 38 54 71 88 105 52 35 18 0 18 35 52 70 87 104 54 38 23 15 23 38 54 71 88 105 60 45 34 29 33 45 59 75 91 108 68 55 46 43 46 55 67 81 97 112
66 20 56 45 42 59 29 56 34 57 43 68 55 32 53 25 20 65 46 38 44 7 58 83 47 30 49 56 41 61 32 42 44 31 61 53 78 59 32 46 110 100 92 87 85 86 91 99 109 120 99 88 79 73 71 73 78 87 99 111 90 77 67 59 57 59 66 77 89 103 82 67 55 46 43 46 55 67 81 96 75 60 45 33 29 33 45 59 75 91 71 54 38 23 15 23 38 54 71 88 70 52 35 18 0 18 35 52 70 87 71 54 38 23 15 23 38 54 71 88 75 60 45 33 29 33 45 59 75 91 82 67 55 46 43 46 55 67 81 96
66 8 44 35 25 74 25 69 17 68 41 54 67 27 58 35 15 76 57 31 51 18 44 67 31 25 59 67 24 72 33 30 49 25 65 53 62 71 34 35 122 110 99 91 86 84 86 91 98 108 112 99 88 79 73 70 72 78 87 98 104 90 77 66 59 56 59 66 76 89 97 82 67 55 46 42 46 55 67 81 91 75 60 45 33 28 33 45 59 75 88 71 54 38 23 14 23 38 54 71 87 70 52 35 18 0 18 35 52 70 88 71 54 38 23 14 23 38 54 71 91 75 60 45 33 28 33 45 59 75 97 82 67 55 46 42 46 55 67 81
70 18 38 33 10 90 31 83 1 82 45 42 80 33 68 49 25 89 72 33 63 35 33 53 19 31 73 81 9 85 42 25 60 30 73 59 47 85 44 30 134 121 109 99 91 86 84 85 90 98 126 112 99 88 78 72 70 72 78 87 119 104 90 77 66 59 56 59 66 76 113 97 81 67 55 46 42 46 54 67 108 91 75 59 45 33 28 33 45 59 105 88 71 54 38 23 14 23 38 54 104 87 70 52 35 18 0 18 35 52 105 88 71 54 38 23 14 23 38 54 108 91 75 59 45 33 28 33 45 59 113 97 81 67 55 46 42 46 54 67
78 35 39 40 13 106 44 98 18 97 55 36 95 46 80 64 41 104 87 42 76 52 30 41 18 44 87 96 15 99 55 31 73 42 84 69 34 100 58 35 148 134 121 109 99 91 85 83 85 90 140 126 112 99 87 78 72 70 72 77 134 118 104 89 77 66 59 56 58 65 129 112 97 81 67 55 46 42 45 54 125 108 91 75 59 45 33 28 33 45 122 105 88 71 54 38 23 14 23 38 122 104 87 70 52 35 18 0 18 35 122 105 88 71 54 38 23 14 23 38 125 108 91 75 59 45 33 28 33 45 129 112 97 81 67 55 46 42 45 54
89 52 47 51 29 123 59 114 36 112 68 37 110 60 94 81 57 119 103 56 91 69 35 34 30 59 103 111 31 114 70 43 87 57 97 81 27 116 73 46 162 148 134 121 109 98 90 85 83 85 156 140 126 112 99 87 78 72 69 71 150 134 118 103 89 76 66 58 55 58 145 129 112 97 81 67 54 45 42 45 142 125 108 91 75 59 45 33 28 33 140 122 105 88 71 54 38 23 14 23 139 122 104 87 70 52 35 18 0 18 140 122 105 88 71 54 38 23 14 23 142 125 108 91 75 59 45 33 28 33 145 129 112 97 81 67 54 45 42 45
102 69 60 66 46 140 76 131 53 128 82 45 126 76 108 97 74 134 119 71 107 87 47 35 46 75 119 127 48 130 86 58 103 73 111 95 30 132 89 60 177 162 148 134 120 108 98 90 85 83 171 155 140 125 111 98 87 77 71 69 166 150 134 118 103 89 76 65 58 55 162 145 129 112 96 81 67 54 45 42 159 142 125 108 91 75 59 45 33 28 157 140 122 105 88 71 54 38 23 14 156 139 122 104 87 70 52 35 18 0 157 140 122 105 88 71 54 38 23 14 159 142 125 108 91 75 59 45 33 28 162 145 129 112 96 81 67 54 45 42
112 91 122 110 113 50 94 65 105 71 101 137 71 95 90 73 88 76 67 102 81 71 127 153 117 94 72 72 110 76 89 111 85 96 97 102 149 69 87 113 100 102 106 112 121 132 144 156 170 184 86 88 93 100 110 122 134 148 162 177 72 74 80 88 99 112 126 140 156 171 58 60 67 77 90 104 119 134 150 166 43 47 55 68 82 97 113 129 145 162 29 34 45 60 75 91 108 125 142 159 15 23 38 54 71 88 105 122 140 157 0 18 35 52 70 87 104 122 139 156 15 23 38 54 71 88 105 122 140 157 29 34 45 60 75 91 108 125 142 159
100 74 106 95 96 46 78 58 88 63 87 121 63 79 79 59 72 70 57 87 70 54 111 136 101 79 63 64 92 70 75 95 73 81 87 90 132 63 73 98 102 100 101 105 112 121 131 143 156 170 88 86 87 92 100 110 121 134 148 162 74 72 73 79 88 99 112 126 140 155 60 57 60 67 77 90 104 118 134 150 47 43 46 55 67 82 97 112 129 145 34 29 34 45 60 75 91 108 125 142 23 15 23 38 54 71 88 105 122 140 18 0 18 35 52 70 87 104 122 139 23 15 23 38 54 71 88 105 122 140 34 29 34 45 60 75 91 108 125 142
91 58 92 80 79 48 64 56 70 60 74 105 60 65 71 47 57 68 52 73 61 36 95 120 84 64 57 61 75 67 62 79 64 66 79 79 116 61 60 83 106 101 99 101 105 112 121 131 143 156 93 87 85 87 92 99 109 121 134 148 80 73 71 73 79 88 99 112 126 140 67 60 57 60 67 77 90 104 118 134 55 46 43 46 55 67 81 97 112 129 45 34 29 34 45 60 75 91 108 125 38 23 15 23 38 54 71 88 105 122 35 18 0 18 35 52 70 87 104 122 38 23 15 23 38 54 71 88 105 122 45 34 29 34 45 60 75 91 108 125
84 42 78 67 62 56 51 59 54 62 63 90 61 53 67 40 42 71 52 60 57 20 80 105 68 51 57 62 58 68 51 65 58 53 75 71 100 64 51 69 112 105 101 99 100 105 111 120 131 143 100 92 87 85 87 91 99 109 121 134 88 79 73 71 73 79 88 99 112 125 77 67 60 57 59 66 77 89 103 118 68 55 46 43 46 55 67 81 97 112 60 45 34 29 33 45 59 75 91 108 54 38 23 15 23 38 54 71 88 105 52 35 18 0 18 35 52 70 87 104 54 38 23 15 23 38 54 71 88 105 60 45 34 29 33 45 59 75 91 108
80 29 66 56 47 67 42 67 37 68 57 76 67 44 67 39 32 77 58 50 58 8 66 89 53 42 61 68 41 74 46 52 58 44 75 67 84 71 46 56 121 112 105 100 99 100 104 111 120 130 110 100 92 87 85 86 91 99 109 120 99 88 79 73 71 73 78 87 99 111 90 77 67 59 57 59 66 77 89 103 82 67 55 46 43 46 55 67 81 96 75 60 45 33 29 33 45 59 75 91 71 54 38 23 15 23 38 54 71 88 70 52 35 18 0 18 35 52 70 87 71 54 38 23 15 23 38 54 71 88 75 60 45 33 29 33 45 59 75 91
80 22 57 48 32 81 39 78 22 78 54 64 77 41 71 46 28 87 67 45 63 19 54 75 40 39 70 78 24 83 46 42 62 39 78 67 69 81 48 48 132 121 112 105 100 98 99 104 110 119 122 110 99 91 86 84 86 91 98 108 112 99 88 79 73 70 72 78 87 98 104 90 77 66 59 56 59 66 76 89 97 82 67 55 46 42 46 55 67 81 91 75 60 45 33 28 33 45 59 75 88 71 54 38 23 14 23 38 54 71 87 70 52 35 18 0 18 35 52 70 88 71 54 38 23 14 23 38 54 71 91 75 60 45 33 28 33 45 59 75
84 27 52 47 22 96 43 91 14 90 58 54 89 45 79 57 35 98 80 46 73 35 46 63 31 43 81 90 9 94 53 39 70 43 85 72 56 93 55 44 144 131 121 111 104 99 98 99 103 110 134 121 109 99 91 86 84 85 90 98 126 112 99 88 78 72 70 72 78 87 119 104 90 77 66 59 56 59 66 76 113 97 81 67 55 46 42 46 54 67 108 91 75 59 45 33 28 33 45 59 105 88 71 54 38 23 14 23 38 54 104 87 70 52 35 18 0 18 35 52 105 88 71 54 38 23 14 23 38 54 108 91 75 59 45 33 28 33 45 59
90 40 53 52 24 111 53 105 23 104 66 49 102 55 89 71 47 111 94 53 85 52 43 53 31 53 95 103 15 107 64 43 82 52 95 80 46 107 66 47 156 143 131 120 111 104 99 97 99 103 148 134 121 109 99 91 85 83 85 90 140 126 112 99 87 78 72 70 72 77 134 118 104 89 77 66 59 56 58 65 129 112 97 81 67 55 46 42 45 54 125 108 91 75 59 45 33 28 33 45 122 105 88 71 54 38 23 14 23 38 122 104 87 70 52 35 18 0 18 35 122 105 88 71 54 38 23 14 23 38 125 108 91 75 59 45 33 28 33 45
100 56 59 61 35 127 66 120 38 118 77 50 117 68 102 86 62 126 109 64 99 70 48 48 39 66 109 117 31 121 77 52 95 64 106 90 41 122 80 56 170 156 143 131 120 110 103 99 97 98 162 148 134 121 109 98 90 85 83 85 156 140 126 112 99 87 78 72 69 71 150 134 118 103 89 76 66 58 55 58 145 129 112 97 81 67 54 45 42 45 142 125 108 91 75 59 45 33 28 33 140 122 105 88 71 54 38 23 14 23 139 122 104 87 70 52 35 18 0 18 140 122 105 88 71 54 38 23 14 23 142 125 108 91 75 59 45 33 28 33
111 72 69 74 50 143 81 136 55 134 90 56 132 82 116 101 78 140 124 78 113 87 57 49 52 80 124 133 48 136 91 65 109 79 119 103 43 137 94 68 184 170 156 143 130 119 110 103 98 96 177 162 148 134 120 108 98 90 85 83 171 155 140 125 111 98 87 77 71 69 166 150 134 118 103 89 76 65 58 55 162 145 129 112 96 81 67 54 45 42 159 142 125 108 91 75 59 45 33 28 157 140 122 105 88 71 54 38 23 14 156 139 122 104 87 70 52 35 18 0 157 140 122 105 88 71 54 38 23 14 159 142 125 108 91 75 59 45 33 28
122 95 128 117 116 63 100 77 107 83 109 143 83 102 101 82 94 89 78 109 92 74 133 158 122 101 84 84 111 89 97 116 95 103 109 112 153 82 95 120 115 116 119 125 133 143 154 166 179 192 100 102 106 112 121 132 144 156 170 184 86 88 93 100 110 122 134 148 162 177 72 74 80 88 99 112 126 140 156 171 58 60 67 77 90 104 119 134 150 166 43 47 55 68 82 97 113 129 145 162 29 34 45 60 75 91 108 125 142 159 15 23 38 54 71 88 105 122 140 157 0 18 35 52 70 87 104 122 139 156 15 23 38 54 71 88 105 122 140 157
112 79 114 102 100 60 86 72 91 77 96 127 77 88 92 69 79 84 70 95 82 57 117 142 106 87 76 78 94 83 84 101 85 89 99 101 137 77 82 105 116 114 115 119 125 133 142 153 165 178 102 100 101 105 112 121 131 143 156 170 88 86 87 92 100 110 121 134 148 162 74 72 73 79 88 99 112 126 140 155 60 57 60 67 77 90 104 118 134 150 47 43 46 55 67 82 97 112 129 145 34 29 34 45 60 75 91 108 125 142 23 15 23 38 54 71 88 105 122 140 18 0 18 35 52 70 87 104 122 139 23 15 23 38 54 71 88 105 122 140
103 64 100 89 84 62 73 70 75 74 85 113 74 75 85 59 65 83 66 82 75 42 102 126 90 74 71 75 78 81 73 87 77 76 93 91 121 75 72 91 119 115 114 115 118 124 132 142 153 165 106 101 99 101 105 112 121 131 143 156 93 87 85 87 92 99 109 121 134 148 80 73 71 73 79 88 99 112 126 140 67 60 57 60 67 77 90 104 118 134 55 46 43 46 55 67 81 97 112 129 45 34 29 34 45 60 75 91 108 125 38 23 15 23 38 54 71 88 105 122 35 18 0 18 35 52 70 87 104 122 38 23 15 23 38 54 71 88 105 122
97 51 88 77 68 68 62 73 59 76 76 99 75 65 81 53 53 85 66 71 71 29 89 112 76 63 71 76 61 82 64 74 72 64 89 84 106 77 64 78 125 119 115 113 114 118 124 132 141 152 112 105 101 99 100 105 111 120 131 143 100 92 87 85 87 91 99 109 121 134 88 79 73 71 73 79 88 99 112 125 77 67 60 57 59 66 77 89 103 118 68 55 46 43 46 55 67 81 97 112 60 45 34 29 33 45 59 75 91 108 54 38 23 15 23 38 54 71 88 105 52 35 18 0 18 35 52 70 87 104 54 38 23 15 23 38 54 71 88 105
94 40 77 68 54 77 55 79 44 81 70 86 80 57 81 53 45 90 70 63 72 22 76 98 62 55 74 81 45 87 60 63 72 57 88 81 92 83 60 68 133 125 118 114 113 114 117 123 131 141 121 112 105 100 99 100 104 111 120 130 110 100 92 87 85 86 91 99 109 120 99 88 79 73 71 73 78 87 99 111 90 77 67 59 57 59 66 77 89 103 82 67 55 46 43 46 55 67 81 96 75 60 45 33 29 33 45 59 75 91 71 54 38 23 15 23 38 54 71 88 70 52 35 18 0 18 35 52 70 87 71 54 38 23 15 23 38 54 71 88
94 36 70 62 42 89 53 88 33 89 68 75 88 55 84 58 42 98 78 59 76 28 66 85 51 53 82 89 31 94 60 55 75 53 91 81 78 92 61 61 143 133 124 118 114 112 113 117 123 131 132 121 112 105 100 98 99 104 110 119 122 110 99 91 86 84 86 91 98 108 112 99 88 79 73 70 72 78 87 98 104 90 77 66 59 56 59 66 76 89 97 82 67 55 46 42 46 55 67 81 91 75 60 45 33 28 33 45 59 75 88 71 54 38 23 14 23 38 54 71 87 70 52 35 18 0 18 35 52 70 88 71 54 38 23 14 23 38 54 71
97 39 66 61 36 103 56 100 28 100 71 67 99 58 91 67 47 109 89 59 84 41 59 74 45 56 91 100 22 104 65 52 82 56 97 85 67 103 67 58 154 142 132 124 117 113 112 113 116 122 144 131 121 111 104 99 98 99 103 110 134 121 109 99 91 86 84 85 90 98 126 112 99 88 78 72 70 72 78 87 119 104 90 77 66 59 56 59 66 76 113 97 81 67 55 46 42 46 54 67 108 91 75 59 45 33 28 33 45 59 105 88 71 54 38 23 14 23 38 54 104 87 70 52 35 18 0 18 35 52 105 88 71 54 38 23 14 23 38 54
103 49 66 64 37 117 64 113 33 112 78 63 111 66 100 79 57 120 102 65 95 56 57 66 44 64 103 112 25 116 74 55 92 63 106 91 59 116 76 60 166 153 142 132 123 117 113 111 112 116 156 143 131 120 111 104 99 97 99 103 148 134 121 109 99 91 85 83 85 90 140 126 112 99 87 78 72 70 72 77 134 118 104 89 77 66 59 56 58 65 129 112 97 81 67 55 46 42 45 54 125 108 91 75 59 45 33 28 33 45 122 105 88 71 54 38 23 14 23 38 122 104 87 70 52 35 18 0 18 35 122 105 88 71 54 38 23 14 23 38
111 62 71 72 45 133 75 127 45 126 87 64 124 77 111 93 69 134 116 74 107 72 60 61 50 75 117 125 37 129 86 63 104 74 116 101 55 129 88 67 179 165 153 141 131 123 116 112 110 112 170 156 143 131 120 110 103 99 97 98 162 148 134 121 109 98 90 85 83 85 156 140 126 112 99 87 78 72 69 71 150 134 118 103 89 76 66 58 55 58 145 129 112 97 81 67 54 45 42 45 142 125 108 91 75 59 45 33 28 33 140 122 105 88 71 54 38 23 14 23 139 122 104 87 70 52 35 18 0 18 140 122 105 88 71 54 38 23 14 23
121 77 80 83 57 148 88 142 60 140 99 69 139 90 124 107 84 148 130 86 121 89 68 62 61 88 131 139 52 143 99 74 117 86 128 112 56 144 102 78 192 178 165 152 141 131 122 116 112 110 184 170 156 143 130 119 110 103 98 96 177 162 148 134 120 108 98 90 85 83 171 155 140 125 111 98 87 77 71 69 166 150 134 118 103 89 76 65 58 55 162 145 129 112 96 81 67 54 45 42 159 142 125 108 91 75 59 45 33 28 157 140 122 105 88 71 54 38 23 14 156 139 122 104 87 70 52 35 18 0 157 140 122 105 88 71 54 38 23 14
134 101 136 125 121 77 108 90 112 96 118 149 96 110 113 91 101 103 91 118 103 79 139 164 128 109 96 97 115 102 106 123 107 111 120 123 159 95 105 127 129 130 133 138 145 154 164 176 188 201 115 116 119 125 133 143 154 166 179 192 100 102 106 112 121 132 144 156 170 184 86 88 93 100 110 122 134 148 162 177 72 74 80 88 99 112 126 140 156 171 58 60 67 77 90 104 119 134 150 166 43 47 55 68 82 97 113 129 145 162 29 34 45 60 75 91 108 125 142 159 15 23 38 54 71 88 105 122 140 157 0 18 35 52 70 87 104 122 139 156
124 87 122 111 106 74 95 86 96 91 107 135 90 97 104 80 87 98 84 104 94 64 125 148 112 96 89 92 99 97 94 109 97 98 112 112 143 91 93 113 130 128 129 132 138 145 154 164 175 187 116 114 115 119 125 133 142 153 165 178 102 100 101 105 112 121 131 143 156 170 88 86 87 92 100 110 121 134 148 162 74 72 73 79 88 99 112 126 140 155 60 57 60 67 77 90 104 118 134 150 47 43 46 55 67 82 97 112 129 145 34 29 34 45 60 75 91 108 125 142 23 15 23 38 54 71 88 105 122 140 18 0 18 35 52 70 87 104 122 139
116 73 110 99 91 76 84 84 81 88 97 121 88 86 98 72 75 97 80 93 88 51 111 134 98 84 85 89 83 95 85 96 90 86 106 104 128 89 84 101 133 129 128 129 132 137 144 153 163 175 119 115 114 115 118 124 132 142 153 165 106 101 99 101 105 112 121 131 143 156 93 87 85 87 92 99 109 121 134 148 80 73 71 73 79 88 99 112 126 140 67 60 57 60 67 77 90 104 118 134 55 46 43 46 55 67 81 97 112 129 45 34 29 34 45 60 75 91 108 125 38 23 15 23 38 54 71 88 105 122 35 18 0 18 35 52 70 87 104 122
111 61 99 89 77 81 75 86 67 90 89 108 89 77 95 67 65 98 80 83 85 40 98 120 84 75 85 90 67 96 77 84 86 76 103 98 114 91 77 89 138 132 129 127 128 131 137 144 153 163 125 119 115 113 114 118 124 132 141 152 112 105 101 99 100 105 111 120 131 143 100 92 87 85 87 91 99 109 121 134 88 79 73 71 73 79 88 99 112 125 77 67 60 57 59 66 77 89 103 118 68 55 46 43 46 55 67 81 97 112 60 45 34 29 33 45 59 75 91 108 54 38 23 15 23 38 54 71 88 105 52 35 18 0 18 35 52 70 87 104
108 53 89 81 64 89 69 92 54 94 84 97 93 71 94 67 58 103 84 76 85 36 87 107 73 69 88 94 53 100 74 75 86 70 102 95 101 96 74 80 145 138 132 128 127 127 131 136 143 152 133 125 118 114 113 114 117 123 131 141 121 112 105 100 99 100 104 111 120 130 110 100 92 87 85 86 91 99 109 120 99 88 79 73 71 73 78 87 99 111 90 77 67 59 57 59 66 77 89 103 82 67 55 46 43 46 55 67 81 96 75 60 45 33 29 33 45 59 75 91 71 54 38 23 15 23 38 54 71 88 70 52 35 18 0 18 35 52 70 87
108 50 83 76 55 99 67 100 45 101 82 87 100 69 97 71 56 110 90 72 89 40 78 95 64 67 94 101 42 106 74 69 88 67 105 95 89 104 75 74 154 145 137 131 127 126 127 130 135 143 143 133 124 118 114 112 113 117 123 131 132 121 112 105 100 98 99 104 110 119 122 110 99 91 86 84 86 91 98 108 112 99 88 79 73 70 72 78 87 98 104 90 77 66 59 56 59 66 76 89 97 82 67 55 46 42 46 55 67 81 91 75 60 45 33 28 33 45 59 75 88 71 54 38 23 14 23 38 54 71 87 70 52 35 18 0 18 35 52 70
110 52 80 75 49 112 69 110 42 111 84 80 109 72 103 78 60 119 100 73 96 50 73 86 58 69 103 110 36 115 78 66 94 69 110 98 79 113 80 72 164 154 144 137 131 127 125 126 130 135 154 142 132 124 117 113 112 113 116 122 144 131 121 111 104 99 98 99 103 110 134 121 109 99 91 86 84 85 90 98 126 112 99 88 78 72 70 72 78 87 119 104 90 77 66 59 56 59 66 76 113 97 81 67 55 46 42 46 54 67 108 91 75 59 45 33 28 33 45 59 105 88 71 54 38 23 14 23 38 54 104 87 70 52 35 18 0 18 35 52
115 60 80 78 50 125 76 122 46 122 90 77 121 78 111 89 68 130 111 78 105 63 71 79 58 75 113 121 37 126 86 69 103 75 118 104 72 125 88 74 176 164 153 144 136 130 126 125 126 129 166 153 142 132 123 117 113 111 112 116 156 143 131 120 111 104 99 97 99 103 148 134 121 109 99 91 85 83 85 90 140 126 112 99 87 78 72 70 72 77 134 118 104 89 77 66 59 56 58 65 129 112 97 81 67 55 46 42 45 54 125 108 91 75 59 45 33 28 33 45 122 105 88 71 54 38 23 14 23 38 122 104 87 70 52 35 18 0 18 35
123 71 84 84 56 139 85 135 55 134 98 77 133 87 122 101 79 143 124 86 117 78 74 75 63 85 126 134 46 138 96 75 114 84 127 112 68 138 98 80 188 175 163 153 143 135 130 126 124 125 179 165 153 141 131 123 116 112 110 112 170 156 143 131 120 110 103 99 97 98 162 148 134 121 109 98 90 85 83 85 156 140 126 112 99 87 78 72 69 71 150 134 118 103 89 76 66 58 55 58 145 129 112 97 81 67 54 45 42 45 142 125 108 91 75 59 45 33 28 33 140 122 105 88 71 54 38 23 14 23 139 122 104 87 70 52 35 18 0 18
132 84 91 93 67 154 97 149 67 148 109 81 146 99 133 115 91 156 138 96 129 93 80 76 71 97 139 147 59 151 108 84 126 95 138 122 69 151 110 88 201 187 175 163 152 143 135 129 125 124 192 178 165 152 141 131 122 116 112 110 184 170 156 143 130 119 110 103 98 96 177 162 148 134 120 108 98 90 85 83 171 155 140 125 111 98 87 77 71 69 166 150 134 118 103 89 76 65 58 55 162 145 129 112 96 81 67 54 45 42 159 142 125 108 91 75 59 45 33 28 157 140 122 105 88 71 54 38 23 14 156 139 122 104 87 70 52 35 18 0
