0 51 69 61 75 96 83 57 71 20 49 79 49 49 56 75 68 44 55 49 3 53 57 63 53 63 81 62 64 63 40 89 38 33 78 73 59 48 56 50 80 63 46 29 13 10 25 42 60 77 81 63 46 29 14 11 26 43 60 77 83 67 51 36 25 23 33 47 63 79 88 73 58 46 38 37 43 55 69 84 95 80 68 58 51 51 56 65 77 91 103 90 79 70 65 64 68 76 87 99 112 101 91 83 79 78 81 88 97 109 123 112 103 96 93 92 95 100 109 119 134 124 116 110 107 106 108 113 121 130 145 136 129 124 121 120 122 126 133 141
51 0 44 18 69 61 34 11 38 32 34 30 13 17 21 26 18 17 19 29 52 14 33 36 23 48 34 15 30 27 36 44 13 25 80 23 9 18 17 35 87 74 64 57 55 59 67 78 91 105 78 64 52 44 41 46 56 69 83 99 72 56 42 31 27 34 47 61 77 94 68 51 35 20 13 24 40 57 74 91 67 49 32 15 4 21 38 55 73 90 69 52 36 22 16 26 41 58 74 91 73 58 44 33 30 36 48 63 78 95 80 66 54 46 44 48 58 70 85 100 89 76 66 60 58 61 69 80 92 107 98 88 79 74 72 75 81 90 102 115
69 44 0 60 30 28 44 35 12 59 77 44 33 29 24 42 47 33 26 73 72 31 14 80 22 12 36 36 15 18 76 38 47 39 45 47 46 30 29 78 129 115 101 89 80 73 70 71 76 84 122 106 92 79 68 60 56 57 63 73 116 100 84 70 57 47 42 44 52 64 111 95 78 63 48 35 28 31 42 56 109 92 75 58 41 25 14 20 34 51 108 91 73 56 39 21 4 14 31 49 109 92 75 58 41 26 15 20 35 51 112 95 79 63 48 36 29 32 42 56 116 100 85 70 57 48 43 45 53 64 122 107 93 80 68 60 56 58 64 74
61 18 60 0 86 72 36 26 52 41 27 32 30 34 37 28 17 34 35 22 62 30 50 22 40 65 40 25 45 42 33 49 26 41 98 23 15 35 32 27 77 67 61 59 62 70 80 93 107 122 67 55 47 45 49 59 71 85 100 116 58 45 34 31 37 49 63 79 95 111 52 36 22 17 26 41 58 74 91 108 50 32 15 4 21 38 55 73 90 107 51 34 19 13 24 40 56 73 91 108 56 42 30 26 33 46 61 77 93 110 64 52 43 40 45 55 68 83 98 114 74 63 57 55 58 66 77 90 105 120 85 76 70 69 71 78 87 99 112 126
75 69 30 86 0 47 73 61 41 73 98 73 57 52 50 71 76 54 51 94 78 56 37 104 46 22 65 64 44 46 95 66 68 54 16 75 73 52 55 99 147 131 116 101 87 75 65 59 57 61 142 126 109 94 79 65 53 46 44 48 138 121 105 88 72 57 43 33 30 37 136 119 102 85 68 51 35 21 16 27 135 118 100 83 66 48 31 14 5 22 136 118 101 84 67 50 33 19 13 25 138 121 104 87 71 55 41 30 27 34 141 124 108 92 77 63 51 42 40 45 146 130 114 99 85 73 62 56 54 58 151 136 121 107 95 83 75 69 68 71
96 61 28 72 47 0 43 50 25 83 95 45 53 50 43 47 56 55 45 90 98 49 40 94 45 38 36 48 33 36 96 30 68 64 61 52 59 51 46 95 147 135 123 113 105 100 97 97 101 107 138 125 113 102 93 86 83 84 87 94 130 116 103 90 80 73 69 70 75 83 123 108 94 80 69 60 56 56 62 72 118 102 86 71 58 47 42 43 50 62 113 97 80 64 49 36 28 30 40 54 111 94 77 60 43 27 15 18 32 48 110 93 75 58 41 24 6 12 29 47 111 94 77 60 43 28 16 19 33 49 114 97 81 65 50 37 30 31 41 55
83 34 44 36 73 43 0 27 32 65 62 5 36 37 32 9 20 41 32 58 85 32 42 57 37 54 9 22 32 30 67 14 46 53 88 14 27 39 29 63 113 103 96 91 89 91 95 103 113 124 102 91 83 77 75 77 83 91 102 115 92 80 70 63 61 64 70 80 93 106 83 70 58 50 47 50 59 71 84 99 76 61 47 37 33 38 48 62 78 94 71 55 39 25 19 26 40 56 73 90 69 52 35 18 5 19 36 53 71 88 70 52 36 20 10 21 37 54 71 88 73 57 42 29 24 30 43 58 74 91 79 64 51 42 38 42 52 65 80 95
57 11 35 26 61 50 27 0 27 39 45 24 9 11 12 19 17 15 11 40 58 6 25 46 16 40 25 7 20 17 46 34 21 27 74 19 12 13 7 45 97 85 74 67 63 64 69 78 90 103 89 75 63 54 49 50 57 68 81 95 82 67 53 41 35 37 46 59 73 89 77 61 45 30 21 24 36 52 68 85 75 58 40 23 8 14 31 48 65 82 75 58 41 24 10 15 31 48 65 83 78 61 46 32 23 26 37 52 68 85 83 68 54 43 37 38 47 60 74 90 90 76 64 55 51 52 58 69 82 96 99 86 76 68 65 65 71 80 91 104
71 38 12 52 41 25 32 27 0 58 71 32 29 25 19 31 38 30 20 67 74 25 16 73 20 23 25 27 8 11 72 27 44 39 56 36 38 27 22 72 124 111 99 88 81 76 75 79 85 95 116 102 88 77 68 62 62 66 74 84 109 94 79 66 55 49 48 53 63 75 104 87 72 57 44 35 34 41 53 67 100 83 66 50 35 23 21 31 46 62 98 81 64 46 29 13 9 25 42 59 98 81 64 47 30 15 11 26 42 59 101 84 67 51 37 26 24 33 47 63 105 89 73 59 47 39 37 44 55 69 111 95 81 69 58 52 51 56 65 77
20 32 59 41 73 83 65 39 58 0 33 61 32 34 41 56 49 29 40 32 21 37 46 45 39 56 63 44 51 48 26 73 19 21 80 54 40 33 40 33 75 59 44 31 24 29 41 56 72 89 72 55 38 22 10 19 35 52 69 86 71 54 37 20 5 17 34 51 69 86 73 57 41 27 19 25 38 54 71 88 78 63 49 38 33 36 47 60 76 91 85 71 59 50 47 49 57 69 82 97 94 81 71 64 61 63 69 79 91 104 103 92 83 77 75 76 82 90 101 113 114 104 96 91 89 90 94 102 111 122 125 116 109 105 103 104 108 114 122 133
49 34 77 27 98 95 62 45 71 33 0 58 44 48 54 54 43 46 52 5 49 47 64 15 55 78 65 47 64 61 10 74 31 46 107 49 37 48 50 1 53 42 35 37 45 58 73 88 105 121 45 31 21 24 36 51 67 84 101 118 41 24 8 14 30 48 65 82 99 116 41 25 10 15 31 48 65 82 99 117 46 32 23 26 37 52 68 85 101 118 55 43 37 39 47 60 74 89 105 122 65 56 51 52 59 69 82 96 111 127 77 69 65 66 71 80 91 104 118 133 89 83 80 80 84 92 101 113 126 140 102 96 94 94 98 104 113 123 135 148
79 30 44 32 73 45 5 24 32 61 58 0 32 33 30 5 15 37 29 53 81 28 40 53 35 53 10 18 30 28 62 18 42 50 87 10 22 35 26 58 109 99 91 86 85 87 92 100 110 122 98 87 78 72 71 73 79 89 100 113 88 76 65 59 57 60 67 78 91 105 80 66 54 45 43 47 56 69 83 99 73 58 43 32 29 35 47 61 77 94 69 52 36 21 15 25 40 56 73 90 67 50 33 15 3 20 37 55 72 89 69 52 36 21 15 25 40 56 73 90 73 58 43 32 29 35 47 61 77 94 80 66 54 45 43 47 56 69 83 99
49 13 33 30 57 53 36 9 29 32 44 32 0 5 10 28 25 6 9 40 51 5 21 48 12 36 33 15 21 18 44 41 16 18 68 28 18 6 8 45 96 83 71 61 56 56 60 70 81 95 89 74 60 49 42 42 48 59 73 88 83 67 52 38 29 28 37 51 66 82 80 63 46 30 16 15 29 45 62 79 79 61 44 27 10 9 26 43 61 78 80 63 47 31 18 18 30 46 63 79 84 68 53 40 31 31 39 52 67 83 90 76 62 51 45 45 51 61 74 89 98 85 73 64 59 58 63 72 83 96 107 95 84 77 72 72 76 83 93 105
49 17 29 34 52 50 37 11 25 34 48 33 5 0 7 30 28 6 6 44 51 6 17 53 7 31 32 17 17 15 47 41 19 18 64 30 22 3 8 49 100 86 74 64 57 56 59 67 79 92 93 78 64 52 44 42 47 57 70 84 87 71 56 41 31 28 35 48 63 78 84 67 50 34 19 14 25 41 58 75 83 66 48 31 14 5 22 39 56 74 84 67 51 35 20 16 26 42 58 75 88 72 56 43 32 29 36 48 63 79 94 79 65 53 45 43 48 58 71 85 101 87 75 65 59 57 61 69 80 93 110 97 86 78 72 71 74 81 90 102
56 21 24 37 50 43 32 12 19 41 54 30 10 7 0 26 27 12 2 49 58 7 13 57 6 28 27 15 11 8 54 35 25 24 62 28 23 9 6 54 106 92 80 71 64 62 64 71 81 93 98 84 70 59 51 48 51 60 71 85 92 76 61 48 38 34 39 49 63 78 88 71 55 39 26 20 27 41 57 73 86 69 52 34 18 6 20 37 54 71 86 69 52 35 19 9 21 37 54 71 89 72 56 41 28 23 29 43 58 74 93 78 63 50 40 37 41 51 65 80 100 85 72 61 53 51 54 62 73 87 108 95 83 73 67 65 67 74 83 95
75 26 42 28 71 47 9 19 31 56 54 5 28 30 26 0 11 34 26 49 77 24 38 50 32 51 12 13 28 26 58 21 38 46 86 6 18 31 23 54 105 95 87 82 80 82 88 96 107 119 95 83 74 68 66 69 76 85 97 111 85 72 62 54 52 56 64 75 88 103 77 63 50 41 38 43 53 66 81 97 72 56 41 29 24 31 44 60 76 92 68 51 34 18 10 22 39 56 73 90 68 50 33 16 5 21 38 55 72 89 70 53 38 24 19 27 42 58 74 91 75 60 46 36 33 38 50 64 79 95 82 69 57 49 47 51 60 72 86 100
68 18 47 17 76 56 20 17 38 49 43 15 25 28 27 11 0 30 26 38 69 23 40 39 32 54 23 12 33 30 48 32 30 41 89 6 9 29 22 43 94 84 76 72 72 76 83 93 105 119 84 72 63 58 58 63 72 83 97 111 75 62 51 44 44 51 61 75 89 105 68 53 39 31 31 39 53 68 84 100 63 46 30 18 18 30 46 63 80 97 61 44 26 9 9 27 44 61 78 96 62 46 30 16 16 30 46 63 79 97 67 52 38 29 29 38 52 67 83 99 74 60 49 43 43 49 60 74 88 104 83 71 62 57 56 61 70 82 96 110
44 17 33 34 54 55 41 15 30 29 46 37 6 6 12 34 30 0 11 42 46 10 19 51 11 33 37 21 22 20 44 46 15 13 65 34 23 4 12 46 97 82 70 59 52 51 55 64 76 89 90 75 60 47 39 37 43 54 67 83 85 69 53 38 26 23 32 46 61 78 83 66 48 32 16 10 24 41 58 75 83 65 48 31 14 8 23 40 57 75 85 68 52 36 24 21 30 44 60 77 89 73 59 46 37 35 41 52 66 82 95 81 68 57 50 48 53 62 74 88 103 90 78 69 64 62 66 73 84 96 112 100 90 82 77 76 79 85 94 106
55 19 26 35 51 45 32 11 20 40 52 29 9 6 2 26 26 11 0 48 57 6 15 55 6 30 27 14 12 9 52 35 24 23 64 28 22 8 4 53 104 91 79 69 63 61 64 71 82 94 97 82 69 57 50 47 51 60 72 86 91 75 60 46 36 33 39 50 64 79 87 70 53 38 24 19 28 42 58 75 85 67 50 33 16 6 21 38 55 72 85 68 51 34 18 10 22 39 56 73 88 71 55 40 28 24 31 44 60 76 92 77 62 50 40 38 42 53 66 81 99 85 72 61 54 52 55 63 75 88 107 94 82 73 67 65 68 75 85 97
49 29 73 22 94 90 58 40 67 32 5 53 40 44 49 49 38 42 48 0 49 43 60 15 51 74 60 43 59 56 12 70 27 42 104 44 33 44 45 6 58 46 39 39 47 58 72 87 103 120 49 35 26 26 36 50 66 82 99 116 44 28 13 14 29 45 62 79 97 114 43 26 10 11 27 45 62 79 96 114 47 32 21 21 33 48 64 81 98 115 54 42 34 34 42 55 70 85 101 118 64 54 48 48 54 64 77 92 107 123 75 67 62 62 67 75 86 99 113 128 87 80 76 76 80 87 97 108 121 135 100 93 90 90 93 99 108 118 130 144
3 52 72 62 78 98 85 58 74 21 49 81 51 51 58 77 69 46 57 49 0 55 59 63 55 65 83 64 66 65 40 91 40 35 80 74 61 50 58 50 79 62 44 27 11 10 26 44 61 78 79 62 45 29 14 13 28 44 61 79 82 66 50 36 26 25 35 49 65 81 87 72 58 46 39 39 46 57 71 86 95 81 68 59 53 53 58 67 79 93 103 90 80 71 67 66 71 78 89 101 113 101 92 85 81 80 84 90 100 111 123 113 104 98 95 94 97 103 111 121 134 125 117 111 108 108 111 116 123 132 146 137 130 125 122 122 124 129 135 143
53 14 31 30 56 49 32 6 25 37 47 28 5 6 7 24 23 10 6 43 55 0 20 50 11 35 28 12 17 14 47 37 20 22 68 25 17 8 4 48 99 86 74 65 60 60 64 73 84 97 92 77 64 53 46 46 52 62 75 89 85 70 55 42 33 32 40 53 67 83 81 65 48 32 20 19 31 46 62 79 80 62 45 28 11 9 25 43 60 77 80 63 46 30 15 14 28 44 61 78 83 67 52 37 27 27 36 49 65 81 89 74 60 48 41 40 47 58 71 86 96 82 70 60 54 54 59 68 80 93 104 92 81 73 68 68 72 79 90 102
57 33 14 50 37 40 42 25 16 46 64 40 21 17 13 38 40 19 15 60 59 20 0 69 10 15 35 28 11 12 63 40 34 26 50 41 36 17 18 65 116 101 88 76 67 61 60 64 72 83 109 93 79 65 54 47 46 51 61 73 104 87 72 57 43 34 32 39 51 66 100 83 66 50 34 22 19 29 44 61 99 81 64 47 30 13 7 24 41 58 99 82 65 48 31 16 12 26 42 59 102 85 69 53 38 27 25 34 47 63 106 90 75 61 49 40 39 45 56 69 112 97 83 70 60 54 53 57 66 78 119 105 93 81 73 68 67 70 77 88
63 36 80 22 104 94 57 46 73 45 15 53 48 53 57 50 39 51 55 15 63 50 69 0 59 83 61 47 66 63 25 70 38 54 115 44 36 53 52 15 57 49 47 51 60 72 86 101 117 133 45 36 33 39 50 64 80 96 112 129 37 23 19 28 42 58 75 92 109 126 32 15 6 21 39 56 73 90 108 125 34 18 11 24 40 57 74 91 108 125 40 29 25 32 46 61 77 93 110 127 50 42 39 44 54 68 82 98 114 131 62 55 53 57 65 77 90 104 120 135 75 69 67 70 77 87 99 112 126 141 88 83 82 84 90 98 109 121 134 148
53 23 22 40 46 45 37 16 20 39 55 35 12 7 6 32 32 11 6 51 55 11 10 59 0 25 32 20 12 11 54 39 25 20 58 33 27 8 10 56 107 93 80 69 61 58 60 66 76 88 100 85 70 58 48 44 46 54 66 80 94 78 62 48 36 30 34 44 58 73 91 74 57 41 26 16 22 36 52 69 89 72 55 38 20 3 15 33 50 67 90 73 56 40 24 13 20 35 51 68 93 77 61 46 33 27 31 42 56 72 98 83 68 55 45 41 43 52 64 78 105 91 77 66 58 55 56 63 73 86 113 100 88 78 71 69 70 75 84 95
63 48 12 65 22 38 54 40 23 56 78 53 36 31 28 51 54 33 30 74 65 35 15 83 25 0 46 43 23 25 76 49 48 36 35 54 51 31 33 79 128 113 99 86 74 65 60 60 64 73 123 107 91 77 64 53 47 46 52 62 118 101 85 69 55 42 33 33 41 53 115 98 81 64 48 32 20 20 31 46 114 96 79 62 45 27 10 9 26 43 114 97 80 63 46 29 14 14 28 44 116 99 83 66 51 37 26 26 35 49 120 104 88 73 59 47 40 39 46 57 125 110 95 81 69 59 53 53 58 67 132 117 103 91 80 72 67 67 71 78
81 34 36 40 65 36 9 25 25 63 65 10 33 32 27 12 23 37 27 60 83 28 35 61 32 46 0 20 24 24 68 10 45 49 80 18 28 34 25 65 116 106 97 91 87 87 91 97 106 117 106 94 84 77 73 74 78 85 96 108 97 84 73 64 59 60 65 74 86 99 89 74 62 51 46 46 53 64 77 91 83 67 52 40 32 33 42 55 70 86 78 62 45 30 18 20 33 48 65 82 77 59 42 25 8 11 28 46 63 80 78 60 44 27 14 16 30 47 64 81 81 65 49 36 27 28 38 52 68 84 86 71 58 47 41 41 49 60 74 89
62 15 36 25 64 48 22 7 27 44 47 18 15 17 15 13 12 21 14 43 64 12 28 47 20 43 20 0 21 18 50 29 26 33 77 14 11 19 11 48 100 88 78 71 68 70 75 84 95 108 91 77 66 58 54 56 63 73 86 100 83 68 55 45 40 43 51 64 78 93 77 61 46 33 26 30 41 56 72 88 73 56 40 24 13 19 35 51 68 85 72 55 38 21 4 15 33 50 67 84 74 57 41 26 17 22 36 52 69 86 79 63 49 37 31 34 44 58 73 90 85 71 59 49 45 47 55 67 80 95 93 81 70 62 59 60 67 76 89 102
64 30 15 45 44 33 32 20 8 51 64 30 21 17 11 28 33 22 12 59 66 17 11 66 12 23 24 21 0 4 64 29 36 32 58 32 31 19 14 64 116 103 91 81 73 69 70 75 83 93 108 94 80 69 60 56 56 62 72 84 102 86 72 58 48 42 43 50 62 76 97 80 64 49 36 28 30 40 54 69 94 77 60 43 27 15 18 32 48 65 93 76 58 41 24 7 12 29 46 64 94 77 60 44 28 17 19 33 49 65 98 81 65 50 38 30 31 41 55 70 103 87 73 60 49 44 45 52 63 77 109 95 82 70 62 58 58 64 73 85
63 27 18 42 46 36 30 17 11 48 61 28 18 15 8 26 30 20 9 56 65 14 12 63 11 25 24 18 4 0 61 30 33 30 60 30 28 16 11 61 113 100 88 78 71 68 69 75 83 94 105 91 78 66 58 54 56 62 73 85 99 83 68 55 45 40 42 51 63 77 94 77 61 46 33 26 30 41 55 71 91 74 57 40 24 13 19 34 51 68 90 73 56 38 21 4 15 32 49 67 92 75 58 42 27 17 22 36 52 68 95 79 63 49 37 31 34 44 58 73 101 85 71 59 49 45 47 54 66 80 108 94 81 70 62 59 60 66 76 88
40 36 76 33 95 96 67 46 72 26 10 62 44 47 54 58 48 44 52 12 40 47 63 25 54 76 68 50 64 61 0 78 29 41 103 54 41 47 50 10 53 39 29 28 36 49 64 80 97 114 48 31 17 14 27 43 60 77 94 111 46 29 12 7 24 41 59 76 93 111 49 33 20 17 29 44 61 78 95 112 55 42 32 31 39 51 66 82 98 115 64 53 46 45 50 60 73 88 103 119 75 65 60 59 63 71 82 95 110 125 86 78 74 73 76 83 93 104 118 132 99 92 88 87 90 96 104 115 127 140 111 105 102 101 103 108 116 125 136 149
89 44 38 49 66 30 14 34 27 73 74 18 41 41 35 21 32 46 35 70 91 37 40 70 39 49 10 29 29 30 78 0 54 58 81 27 38 43 34 75 126 115 107 100 96 96 98 103 111 121 115 104 94 87 83 82 85 91 100 111 106 93 82 74 69 68 71 79 89 101 97 83 71 61 55 54 58 67 79 92 90 75 61 49 41 40 46 57 70 85 85 69 53 39 28 26 35 48 64 80 82 65 48 31 16 13 26 43 60 77 81 64 46 29 12 7 24 41 59 76 83 66 49 34 21 18 29 44 61 78 87 71 56 42 33 32 39 51 66 82
38 13 47 26 68 68 46 21 44 19 31 42 16 19 25 38 30 15 24 27 40 20 34 38 25 48 45 26 36 33 29 54 0 17 77 35 22 18 23 32 82 68 55 47 43 47 55 68 82 97 75 60 45 34 29 34 45 60 75 92 71 54 38 23 15 23 38 55 71 88 70 52 35 18 1 18 35 53 70 87 71 54 37 22 14 22 38 54 71 88 75 59 45 33 28 33 45 59 75 91 81 67 54 45 42 45 54 67 81 96 89 77 66 59 56 58 66 76 89 103 99 87 78 72 70 72 78 87 98 111 109 99 91 86 84 86 91 98 108 120
33 25 39 41 54 64 53 27 39 21 46 50 18 18 24 46 41 13 23 42 35 22 26 54 20 36 49 33 32 30 41 58 17 0 62 45 33 16 25 46 94 78 64 51 42 39 43 53 66 81 89 72 56 41 29 25 31 44 59 75 86 69 52 35 19 11 22 38 55 72 85 68 51 33 16 5 20 37 54 72 87 70 54 38 24 18 27 41 57 74 91 75 60 46 36 32 37 49 63 78 97 82 68 57 49 46 50 59 71 85 104 91 79 69 62 60 63 70 80 93 113 101 90 81 76 74 76 82 91 102 123 112 102 94 89 88 90 95 103 112
78 80 45 98 16 61 88 74 56 80 107 87 68 64 62 86 89 65 64 104 80 68 50 115 58 35 80 77 58 60 103 81 77 62 0 89 85 63 67 108 154 138 121 106 91 76 64 54 48 48 150 133 117 100 84 69 54 42 34 35 148 131 113 96 80 63 47 32 21 22 146 129 112 95 77 60 43 26 10 12 147 129 112 95 78 60 43 27 12 13 148 131 114 97 80 64 48 34 24 24 151 134 117 101 85 70 56 44 37 37 155 139 123 107 92 78 66 56 50 51 160 144 129 114 100 87 77 68 64 64 166 151 136 122 110 98 88 81 78 78
73 23 47 23 75 52 14 19 36 54 49 10 28 30 28 6 6 34 28 44 74 25 41 44 33 54 18 14 32 30 54 27 35 45 89 0 14 32 24 49 100 90 82 78 78 81 88 97 108 121 89 78 69 64 64 68 76 86 99 113 80 67 56 50 50 55 64 77 91 106 72 57 45 37 36 43 55 69 84 100 66 50 35 23 22 33 47 63 80 96 63 46 29 12 10 26 43 60 77 95 63 46 29 13 11 26 43 60 77 95 66 50 35 24 23 33 48 63 80 97 72 58 45 38 37 44 55 69 85 101 80 67 57 51 51 56 65 77 91 106
59 9 46 15 73 59 27 12 38 40 37 22 18 22 23 18 9 23 22 33 61 17 36 36 27 51 28 11 31 28 41 38 22 33 85 14 0 23 18 38 90 78 70 64 64 68 75 86 99 112 80 67 57 51 50 55 64 76 90 105 72 58 45 37 36 43 54 68 84 100 67 50 35 24 22 32 47 63 79 96 64 46 29 13 10 25 42 59 77 94 64 46 29 13 10 25 42 59 77 94 67 51 36 24 23 32 47 63 79 96 73 58 46 38 36 43 55 69 84 100 81 68 57 51 50 55 65 77 91 106 90 79 70 65 64 68 76 86 99 113
48 18 30 35 52 51 39 13 27 33 48 35 6 3 9 31 29 4 8 44 50 8 17 53 8 31 34 19 19 16 47 43 18 16 63 32 23 0 10 49 100 86 73 62 56 54 57 66 77 90 93 77 63 51 42 40 45 55 68 83 88 71 55 41 29 26 33 46 61 77 85 67 50 34 19 12 24 40 57 74 84 67 49 32 15 5 21 38 56 73 85 69 52 36 22 17 27 42 58 75 89 73 58 44 34 31 37 49 63 79 95 80 67 55 47 45 49 59 71 85 103 89 77 67 61 59 62 70 81 93 111 99 88 80 74 73 76 82 91 102
56 17 29 32 55 46 29 7 22 40 50 26 8 8 6 23 22 12 4 45 58 4 18 52 10 33 25 11 14 11 50 34 23 25 67 24 18 10 0 51 102 89 78 69 64 63 67 74 85 98 94 80 67 56 50 49 54 63 76 90 88 72 58 45 36 35 42 53 68 83 83 67 51 35 23 21 31 46 62 78 81 64 47 30 13 9 25 42 59 76 81 64 47 30 14 10 25 42 59 76 84 67 51 36 25 23 32 47 62 79 89 73 59 46 38 37 43 55 69 84 95 81 68 58 52 51 55 65 77 90 104 91 79 71 65 65 68 76 86 99
50 35 78 27 99 95 63 45 72 33 1 58 45 49 54 54 43 46 53 6 50 48 65 15 56 79 65 48 64 61 10 75 32 46 108 49 38 49 51 0 53 41 35 37 46 59 73 89 105 122 45 30 21 24 37 52 68 85 102 119 40 23 8 15 31 48 65 83 100 117 41 24 10 16 32 49 66 83 100 117 46 32 23 26 38 53 69 85 102 119 54 43 37 39 48 60 75 90 106 122 65 56 51 53 59 70 82 97 112 127 76 69 65 66 72 80 92 104 119 133 89 83 80 80 85 92 102 114 127 141 102 96 94 94 98 104 113 124 136 149
80 87 129 77 147 147 113 97 124 75 53 109 96 100 106 105 94 97 104 58 79 99 116 57 107 128 116 100 116 113 53 126 82 94 154 100 90 100 102 53 0 18 35 52 70 87 104 122 139 156 15 23 38 54 71 88 105 122 140 157 29 34 45 60 75 91 108 125 142 159 43 47 55 68 82 97 113 129 145 162 58 60 67 77 90 104 119 134 150 166 72 74 80 88 99 112 126 140 156 171 86 88 93 100 110 122 134 148 162 177 100 102 106 112 121 132 144 156 170 184 115 116 119 125 133 143 154 166 179 192 129 130 133 138 145 154 164 176 188 201
63 74 115 67 131 135 103 85 111 59 42 99 83 86 92 95 84 82 91 46 62 86 101 49 93 113 106 88 103 100 39 115 68 78 138 90 78 86 89 41 18 0 18 35 52 70 87 104 122 139 23 15 23 38 54 71 88 105 122 140 34 29 34 45 60 75 91 108 125 142 47 43 46 55 67 82 97 112 129 145 60 57 60 67 77 90 104 118 134 150 74 72 73 79 88 99 112 126 140 155 88 86 87 92 100 110 121 134 148 162 102 100 101 105 112 121 131 143 156 170 116 114 115 119 125 133 142 153 165 178 130 128 129 132 138 145 154 164 175 187
46 64 101 61 116 123 96 74 99 44 35 91 71 74 80 87 76 70 79 39 44 74 88 47 80 99 97 78 91 88 29 107 55 64 121 82 70 73 78 35 35 18 0 18 35 52 70 87 104 122 38 23 15 23 38 54 71 88 105 122 45 34 29 34 45 60 75 91 108 125 55 46 43 46 55 67 81 97 112 129 67 60 57 60 67 77 90 104 118 134 80 73 71 73 79 88 99 112 126 140 93 87 85 87 92 99 109 121 134 148 106 101 99 101 105 112 121 131 143 156 119 115 114 115 118 124 132 142 153 165 133 129 128 129 132 137 144 153 163 175
29 57 89 59 101 113 91 67 88 31 37 86 61 64 71 82 72 59 69 39 27 65 76 51 69 86 91 71 81 78 28 100 47 51 106 78 64 62 69 37 52 35 18 0 18 35 52 70 87 104 54 38 23 15 23 38 54 71 88 105 60 45 34 29 33 45 59 75 91 108 68 55 46 43 46 55 67 81 97 112 77 67 60 57 59 66 77 89 103 118 88 79 73 71 73 79 88 99 112 125 100 92 87 85 87 91 99 109 121 134 112 105 101 99 100 105 111 120 131 143 125 119 115 113 114 118 124 132 141 152 138 132 129 127 128 131 137 144 153 163
13 55 80 62 87 105 89 63 81 24 45 85 56 57 64 80 72 52 63 47 11 60 67 60 61 74 87 68 73 71 36 96 43 42 91 78 64 56 64 46 70 52 35 18 0 18 35 52 70 87 71 54 38 23 15 23 38 54 71 88 75 60 45 33 29 33 45 59 75 91 82 67 55 46 43 46 55 67 81 96 90 77 67 59 57 59 66 77 89 103 99 88 79 73 71 73 78 87 99 111 110 100 92 87 85 86 91 99 109 120 121 112 105 100 99 100 104 111 120 130 133 125 118 114 113 114 117 123 131 141 145 138 132 128 127 127 131 136 143 152
10 59 73 70 75 100 91 64 76 29 58 87 56 56 62 82 76 51 61 58 10 60 61 72 58 65 87 70 69 68 49 96 47 39 76 81 68 54 63 59 87 70 52 35 18 0 18 35 52 70 88 71 54 38 23 14 23 38 54 71 91 75 60 45 33 28 33 45 59 75 97 82 67 55 46 42 46 55 67 81 104 90 77 66 59 56 59 66 76 89 112 99 88 79 73 70 72 78 87 98 122 110 99 91 86 84 86 91 98 108 132 121 112 105 100 98 99 104 110 119 143 133 124 118 114 112 113 117 123 131 154 145 137 131 127 126 127 130 135 143
25 67 70 80 65 97 95 69 75 41 73 92 60 59 64 88 83 55 64 72 26 64 60 86 60 60 91 75 70 69 64 98 55 43 64 88 75 57 67 73 104 87 70 52 35 18 0 18 35 52 105 88 71 54 38 23 14 23 38 54 108 91 75 59 45 33 28 33 45 59 113 97 81 67 55 46 42 46 54 67 119 104 90 77 66 59 56 59 66 76 126 112 99 88 78 72 70 72 78 87 134 121 109 99 91 86 84 85 90 98 144 131 121 111 104 99 98 99 103 110 154 142 132 124 117 113 112 113 116 122 164 154 144 137 131 127 125 126 130 135
42 78 71 93 59 97 103 78 79 56 88 100 70 67 71 96 93 64 71 87 44 73 64 101 66 60 97 84 75 75 80 103 68 53 54 97 86 66 74 89 122 104 87 70 52 35 18 0 18 35 122 105 88 71 54 38 23 14 23 38 125 108 91 75 59 45 33 28 33 45 129 112 97 81 67 55 46 42 45 54 134 118 104 89 77 66 59 56 58 65 140 126 112 99 87 78 72 70 72 77 148 134 121 109 99 91 85 83 85 90 156 143 131 120 111 104 99 97 99 103 166 153 142 132 123 117 113 111 112 116 176 164 153 144 136 130 126 125 126 129
60 91 76 107 57 101 113 90 85 72 105 110 81 79 81 107 105 76 82 103 61 84 72 117 76 64 106 95 83 83 97 111 82 66 48 108 99 77 85 105 139 122 104 87 70 52 35 18 0 18 140 122 105 88 71 54 38 23 14 23 142 125 108 91 75 59 45 33 28 33 145 129 112 97 81 67 54 45 42 45 150 134 118 103 89 76 66 58 55 58 156 140 126 112 99 87 78 72 69 71 162 148 134 121 109 98 90 85 83 85 170 156 143 131 120 110 103 99 97 98 179 165 153 141 131 123 116 112 110 112 188 175 163 153 143 135 130 126 124 125
77 105 84 122 61 107 124 103 95 89 121 122 95 92 93 119 119 89 94 120 78 97 83 133 88 73 117 108 93 94 114 121 97 81 48 121 112 90 98 122 156 139 122 104 87 70 52 35 18 0 157 140 122 105 88 71 54 38 23 14 159 142 125 108 91 75 59 45 33 28 162 145 129 112 96 81 67 54 45 42 166 150 134 118 103 89 76 65 58 55 171 155 140 125 111 98 87 77 71 69 177 162 148 134 120 108 98 90 85 83 184 170 156 143 130 119 110 103 98 96 192 178 165 152 141 131 122 116 112 110 201 187 175 163 152 143 135 129 125 124
81 78 122 67 142 138 102 89 116 72 45 98 89 93 98 95 84 90 97 49 79 92 109 45 100 123 106 91 108 105 48 115 75 89 150 89 80 93 94 45 15 23 38 54 71 88 105 122 140 157 0 18 35 52 70 87 104 122 139 156 15 23 38 54 71 88 105 122 140 157 29 34 45 60 75 91 108 125 142 159 43 47 55 68 82 97 113 129 145 162 58 60 67 77 90 104 119 134 150 166 72 74 80 88 99 112 126 140 156 171 86 88 93 100 110 122 134 148 162 177 100 102 106 112 121 132 144 156 170 184 115 116 119 125 133 143 154 166 179 192
63 64 106 55 126 125 91 75 102 55 31 87 74 78 84 83 72 75 82 35 62 77 93 36 85 107 94 77 94 91 31 104 60 72 133 78 67 77 80 30 23 15 23 38 54 71 88 105 122 140 18 0 18 35 52 70 87 104 122 139 23 15 23 38 54 71 88 105 122 140 34 29 34 45 60 75 91 108 125 142 47 43 46 55 67 82 97 112 129 145 60 57 60 67 77 90 104 118 134 150 74 72 73 79 88 99 112 126 140 155 88 86 87 92 100 110 121 134 148 162 102 100 101 105 112 121 131 143 156 170 116 114 115 119 125 133 142 153 165 178
46 52 92 47 109 113 83 63 88 38 21 78 60 64 70 74 63 60 69 26 45 64 79 33 70 91 84 66 80 78 17 94 45 56 117 69 57 63 67 21 38 23 15 23 38 54 71 88 105 122 35 18 0 18 35 52 70 87 104 122 38 23 15 23 38 54 71 88 105 122 45 34 29 34 45 60 75 91 108 125 55 46 43 46 55 67 81 97 112 129 67 60 57 60 67 77 90 104 118 134 80 73 71 73 79 88 99 112 126 140 93 87 85 87 92 99 109 121 134 148 106 101 99 101 105 112 121 131 143 156 119 115 114 115 118 124 132 142 153 165
29 44 79 45 94 102 77 54 77 22 24 72 49 52 59 68 58 47 57 26 29 53 65 39 58 77 77 58 69 66 14 87 34 41 100 64 51 51 56 24 54 38 23 15 23 38 54 71 88 105 52 35 18 0 18 35 52 70 87 104 54 38 23 15 23 38 54 71 88 105 60 45 34 29 33 45 59 75 91 108 68 55 46 43 46 55 67 81 97 112 77 67 60 57 59 66 77 89 103 118 88 79 73 71 73 79 88 99 112 125 100 92 87 85 87 91 99 109 121 134 112 105 101 99 100 105 111 120 131 143 125 119 115 113 114 118 124 132 141 152
14 41 68 49 79 93 75 49 68 10 36 71 42 44 51 66 58 39 50 36 14 46 54 50 48 64 73 54 60 58 27 83 29 29 84 64 50 42 50 37 71 54 38 23 15 23 38 54 71 88 70 52 35 18 0 18 35 52 70 87 71 54 38 23 15 23 38 54 71 88 75 60 45 33 29 33 45 59 75 91 82 67 55 46 43 46 55 67 81 96 90 77 67 59 57 59 66 77 89 103 99 88 79 73 71 73 78 87 99 111 110 100 92 87 85 86 91 99 109 120 121 112 105 100 99 100 104 111 120 130 133 125 118 114 113 114 117 123 131 141
11 46 60 59 65 86 77 50 62 19 51 73 42 42 48 69 63 37 47 50 13 46 47 64 44 53 74 56 56 54 43 82 34 25 69 68 55 40 49 52 88 71 54 38 23 14 23 38 54 71 87 70 52 35 18 0 18 35 52 70 88 71 54 38 23 14 23 38 54 71 91 75 60 45 33 28 33 45 59 75 97 82 67 55 46 42 46 55 67 81 104 90 77 66 59 56 59 66 76 89 112 99 88 79 73 70 72 78 87 98 122 110 99 91 86 84 86 91 98 108 132 121 112 105 100 98 99 104 110 119 143 133 124 118 114 112 113 117 123 131
26 56 56 71 53 83 83 57 62 35 67 79 48 47 51 76 72 43 51 66 28 52 46 80 46 47 78 63 56 56 60 85 45 31 54 76 64 45 54 68 105 88 71 54 38 23 14 23 38 54 104 87 70 52 35 18 0 18 35 52 105 88 71 54 38 23 14 23 38 54 108 91 75 59 45 33 28 33 45 59 113 97 81 67 55 46 42 46 54 67 119 104 90 77 66 59 56 59 66 76 126 112 99 88 78 72 70 72 78 87 134 121 109 99 91 86 84 85 90 98 144 131 121 111 104 99 98 99 103 110 154 142 132 124 117 113 112 113 116 122
43 69 57 85 46 84 91 68 66 52 84 89 59 57 60 85 83 54 60 82 44 62 51 96 54 46 85 73 62 62 77 91 60 44 42 86 76 55 63 85 122 105 88 71 54 38 23 14 23 38 122 104 87 70 52 35 18 0 18 35 122 105 88 71 54 38 23 14 23 38 125 108 91 75 59 45 33 28 33 45 129 112 97 81 67 55 46 42 45 54 134 118 104 89 77 66 59 56 58 65 140 126 112 99 87 78 72 70 72 77 148 134 121 109 99 91 85 83 85 90 156 143 131 120 111 104 99 97 99 103 166 153 142 132 123 117 113 111 112 116
60 83 63 100 44 87 102 81 74 69 101 100 73 70 71 97 97 67 72 99 61 75 61 112 66 52 96 86 72 73 94 100 75 59 34 99 90 68 76 102 140 122 105 88 71 54 38 23 14 23 139 122 104 87 70 52 35 18 0 18 140 122 105 88 71 54 38 23 14 23 142 125 108 91 75 59 45 33 28 33 145 129 112 97 81 67 54 45 42 45 150 134 118 103 89 76 66 58 55 58 156 140 126 112 99 87 78 72 69 71 162 148 134 121 109 98 90 85 83 85 170 156 143 131 120 110 103 99 97 98 179 165 153 141 131 123 116 112 110 112
77 99 73 116 48 94 115 95 84 86 118 113 88 84 85 111 111 83 86 116 79 89 73 129 80 62 108 100 84 85 111 111 92 75 35 113 105 83 90 119 157 140 122 105 88 71 54 38 23 14 156 139 122 104 87 70 52 35 18 0 157 140 122 105 88 71 54 38 23 14 159 142 125 108 91 75 59 45 33 28 162 145 129 112 96 81 67 54 45 42 166 150 134 118 103 89 76 65 58 55 171 155 140 125 111 98 87 77 71 69 177 162 148 134 120 108 98 90 85 83 184 170 156 143 130 119 110 103 98 96 192 178 165 152 141 131 122 116 112 110
83 72 116 58 138 130 92 82 109 71 41 88 83 87 92 85 75 85 91 44 82 85 104 37 94 118 97 83 102 99 46 106 71 86 148 80 72 88 88 40 29 34 45 60 75 91 108 125 142 159 15 23 38 54 71 88 105 122 140 157 0 18 35 52 70 87 104 122 139 156 15 23 38 54 71 88 105 122 140 157 29 34 45 60 75 91 108 125 142 159 43 47 55 68 82 97 113 129 145 162 58 60 67 77 90 104 119 134 150 166 72 74 80 88 99 112 126 140 156 171 86 88 93 100 110 122 134 148 162 177 100 102 106 112 121 132 144 156 170 184
67 56 100 45 121 116 80 67 94 54 24 76 67 71 76 72 62 69 75 28 66 70 87 23 78 101 84 68 86 83 29 93 54 69 131 67 58 71 72 23 34 29 34 45 60 75 91 108 125 142 23 15 23 38 54 71 88 105 122 140 18 0 18 35 52 70 87 104 122 139 23 15 23 38 54 71 88 105 122 140 34 29 34 45 60 75 91 108 125 142 47 43 46 55 67 82 97 112 129 145 60 57 60 67 77 90 104 118 134 150 74 72 73 79 88 99 112 126 140 155 88 86 87 92 100 110 121 134 148 162 102 100 101 105 112 121 131 143 156 170
51 42 84 34 105 103 70 53 79 37 8 65 52 56 61 62 51 53 60 13 50 55 72 19 62 85 73 55 72 68 12 82 38 52 113 56 45 55 58 8 45 34 29 34 45 60 75 91 108 125 38 23 15 23 38 54 71 88 105 122 35 18 0 18 35 52 70 87 104 122 38 23 15 23 38 54 71 88 105 122 45 34 29 34 45 60 75 91 108 125 55 46 43 46 55 67 81 97 112 129 67 60 57 60 67 77 90 104 118 134 80 73 71 73 79 88 99 112 126 140 93 87 85 87 92 99 109 121 134 148 106 101 99 101 105 112 121 131 143 156
36 31 70 31 88 90 63 41 66 20 14 59 38 41 48 54 44 38 46 14 36 42 57 28 48 69 64 45 58 55 7 74 23 35 96 50 37 41 45 15 60 45 34 29 33 45 59 75 91 108 54 38 23 15 23 38 54 71 88 105 52 35 18 0 18 35 52 70 87 104 54 38 23 15 23 38 54 71 88 105 60 45 34 29 33 45 59 75 91 108 68 55 46 43 46 55 67 81 97 112 77 67 60 57 59 66 77 89 103 118 88 79 73 71 73 79 88 99 112 125 100 92 87 85 87 91 99 109 121 134 112 105 101 99 100 105 111 120 131 143
25 27 57 37 72 80 61 35 55 5 30 57 29 31 38 52 44 26 36 29 26 33 43 42 36 55 59 40 48 45 24 69 15 19 80 50 36 29 36 31 75 60 45 33 29 33 45 59 75 91 71 54 38 23 15 23 38 54 71 88 70 52 35 18 0 18 35 52 70 87 71 54 38 23 15 23 38 54 71 88 75 60 45 33 29 33 45 59 75 91 82 67 55 46 43 46 55 67 81 96 90 77 67 59 57 59 66 77 89 103 99 88 79 73 71 73 78 87 99 111 110 100 92 87 85 86 91 99 109 120 121 112 105 100 99 100 104 111 120 130
23 34 47 49 57 73 64 37 49 17 48 60 28 28 34 56 51 23 33 45 25 32 34 58 30 42 60 43 42 40 41 68 23 11 63 55 43 26 35 48 91 75 60 45 33 28 33 45 59 75 88 71 54 38 23 14 23 38 54 71 87 70 52 35 18 0 18 35 52 70 88 71 54 38 23 14 23 38 54 71 91 75 60 45 33 28 33 45 59 75 97 82 67 55 46 42 46 55 67 81 104 90 77 66 59 56 59 66 76 89 112 99 88 79 73 70 72 78 87 98 122 110 99 91 86 84 86 91 98 108 132 121 112 105 100 98 99 104 110 119
33 47 42 63 43 69 70 46 48 34 65 67 37 35 39 64 61 32 39 62 35 40 32 75 34 33 65 51 43 42 59 71 38 22 47 64 54 33 42 65 108 91 75 59 45 33 28 33 45 59 105 88 71 54 38 23 14 23 38 54 104 87 70 52 35 18 0 18 35 52 105 88 71 54 38 23 14 23 38 54 108 91 75 59 45 33 28 33 45 59 113 97 81 67 55 46 42 46 54 67 119 104 90 77 66 59 56 59 66 76 126 112 99 88 78 72 70 72 78 87 134 121 109 99 91 86 84 85 90 98 144 131 121 111 104 99 98 99 103 110
47 61 44 79 33 70 80 59 53 51 82 78 51 48 49 75 75 46 50 79 49 53 39 92 44 33 74 64 50 51 76 79 55 38 32 77 68 46 53 83 125 108 91 75 59 45 33 28 33 45 122 105 88 71 54 38 23 14 23 38 122 104 87 70 52 35 18 0 18 35 122 105 88 71 54 38 23 14 23 38 125 108 91 75 59 45 33 28 33 45 129 112 97 81 67 55 46 42 45 54 134 118 104 89 77 66 59 56 58 65 140 126 112 99 87 78 72 70 72 77 148 134 121 109 99 91 85 83 85 90 156 143 131 120 111 104 99 97 99 103
63 77 52 95 30 75 93 73 63 69 99 91 66 63 63 88 89 61 64 97 65 67 51 109 58 41 86 78 62 63 93 89 71 55 21 91 84 61 68 100 142 125 108 91 75 59 45 33 28 33 140 122 105 88 71 54 38 23 14 23 139 122 104 87 70 52 35 18 0 18 140 122 105 88 71 54 38 23 14 23 142 125 108 91 75 59 45 33 28 33 145 129 112 97 81 67 54 45 42 45 150 134 118 103 89 76 66 58 55 58 156 140 126 112 99 87 78 72 69 71 162 148 134 121 109 98 90 85 83 85 170 156 143 131 120 110 103 99 97 98
79 94 64 111 37 83 106 89 75 86 116 105 82 78 78 103 105 78 79 114 81 83 66 126 73 53 99 93 76 77 111 101 88 72 22 106 100 77 83 117 159 142 125 108 91 75 59 45 33 28 157 140 122 105 88 71 54 38 23 14 156 139 122 104 87 70 52 35 18 0 157 140 122 105 88 71 54 38 23 14 159 142 125 108 91 75 59 45 33 28 162 145 129 112 96 81 67 54 45 42 166 150 134 118 103 89 76 65 58 55 171 155 140 125 111 98 87 77 71 69 177 162 148 134 120 108 98 90 85 83 184 170 156 143 130 119 110 103 98 96
88 68 111 52 136 123 83 77 104 73 41 80 80 84 88 77 68 83 87 43 87 81 100 32 91 115 89 77 97 94 49 97 70 85 146 72 67 85 83 41 43 47 55 68 82 97 113 129 145 162 29 34 45 60 75 91 108 125 142 159 15 23 38 54 71 88 105 122 140 157 0 18 35 52 70 87 104 122 139 156 15 23 38 54 71 88 105 122 140 157 29 34 45 60 75 91 108 125 142 159 43 47 55 68 82 97 113 129 145 162 58 60 67 77 90 104 119 134 150 166 72 74 80 88 99 112 126 140 156 171 86 88 93 100 110 122 134 148 162 177
73 51 95 36 119 108 70 61 87 57 25 66 63 67 71 63 53 66 70 26 72 65 83 15 74 98 74 61 80 77 33 83 52 68 129 57 50 67 67 24 47 43 46 55 67 82 97 112 129 145 34 29 34 45 60 75 91 108 125 142 23 15 23 38 54 71 88 105 122 140 18 0 18 35 52 70 87 104 122 139 23 15 23 38 54 71 88 105 122 140 34 29 34 45 60 75 91 108 125 142 47 43 46 55 67 82 97 112 129 145 60 57 60 67 77 90 104 118 134 150 74 72 73 79 88 99 112 126 140 155 88 86 87 92 100 110 121 134 148 162
58 35 78 22 102 94 58 45 72 41 10 54 46 50 55 50 39 48 53 10 58 48 66 6 57 81 62 46 64 61 20 71 35 51 112 45 35 50 51 10 55 46 43 46 55 67 81 97 112 129 45 34 29 34 45 60 75 91 108 125 38 23 15 23 38 54 71 88 105 122 35 18 0 18 35 52 70 87 104 122 38 23 15 23 38 54 71 88 105 122 45 34 29 34 45 60 75 91 108 125 55 46 43 46 55 67 81 97 112 129 67 60 57 60 67 77 90 104 118 134 80 73 71 73 79 88 99 112 126 140 93 87 85 87 92 99 109 121 134 148
46 20 63 17 85 80 50 30 57 27 15 45 30 34 39 41 31 32 38 11 46 32 50 21 41 64 51 33 49 46 17 61 18 33 95 37 24 34 35 16 68 55 46 43 46 55 67 81 97 112 60 45 34 29 33 45 59 75 91 108 54 38 23 15 23 38 54 71 88 105 52 35 18 0 18 35 52 70 87 104 54 38 23 15 23 38 54 71 88 105 60 45 34 29 33 45 59 75 91 108 68 55 46 43 46 55 67 81 97 112 77 67 60 57 59 66 77 89 103 118 88 79 73 71 73 79 88 99 112 125 100 92 87 85 87 91 99 109 121 134
38 13 48 26 68 69 47 21 44 19 31 43 16 19 26 38 31 16 24 27 39 20 34 39 26 48 46 26 36 33 29 55 1 16 77 36 22 19 23 32 82 67 55 46 43 46 55 67 81 96 75 60 45 33 29 33 45 59 75 91 71 54 38 23 15 23 38 54 71 88 70 52 35 18 0 18 35 52 70 87 71 54 38 23 15 23 38 54 71 88 75 60 45 33 29 33 45 59 75 91 82 67 55 46 43 46 55 67 81 96 90 77 67 59 57 59 66 77 89 103 99 88 79 73 71 73 78 87 99 111 110 100 92 87 85 86 91 99 109 120
37 24 35 41 51 60 50 24 35 25 48 47 15 14 20 43 39 10 19 45 39 19 22 56 16 32 46 30 28 26 44 54 18 5 60 43 32 12 21 49 97 82 67 55 46 42 46 55 67 81 91 75 60 45 33 28 33 45 59 75 88 71 54 38 23 14 23 38 54 71 87 70 52 35 18 0 18 35 52 70 88 71 54 38 23 14 23 38 54 71 91 75 60 45 33 28 33 45 59 75 97 82 67 55 46 42 46 55 67 81 104 90 77 66 59 56 59 66 76 89 112 99 88 79 73 70 72 78 87 98 122 110 99 91 86 84 86 91 98 108
43 40 28 58 35 56 59 36 34 38 65 56 29 25 27 53 53 24 28 62 46 31 19 73 22 20 53 41 30 30 61 58 35 20 43 55 47 24 31 66 113 97 81 67 55 46 42 46 54 67 108 91 75 59 45 33 28 33 45 59 105 88 71 54 38 23 14 23 38 54 104 87 70 52 35 18 0 18 35 52 105 88 71 54 38 23 14 23 38 54 108 91 75 59 45 33 28 33 45 59 113 97 81 67 55 46 42 46 54 67 119 104 90 77 66 59 56 59 66 76 126 112 99 88 78 72 70 72 78 87 134 121 109 99 91 86 84 85 90 98
55 57 31 74 21 56 71 52 41 54 82 69 45 41 41 66 68 41 42 79 57 46 29 90 36 20 64 56 40 41 78 67 53 37 26 69 63 40 46 83 129 112 97 81 67 55 46 42 45 54 125 108 91 75 59 45 33 28 33 45 122 105 88 71 54 38 23 14 23 38 122 104 87 70 52 35 18 0 18 35 122 105 88 71 54 38 23 14 23 38 125 108 91 75 59 45 33 28 33 45 129 112 97 81 67 55 46 42 45 54 134 118 104 89 77 66 59 56 58 65 140 126 112 99 87 78 72 70 72 77 148 134 121 109 99 91 85 83 85 90
69 74 42 91 16 62 84 68 53 71 99 83 62 58 57 81 84 58 58 96 71 62 44 108 52 31 77 72 54 55 95 79 70 54 10 84 79 57 62 100 145 129 112 97 81 67 54 45 42 45 142 125 108 91 75 59 45 33 28 33 140 122 105 88 71 54 38 23 14 23 139 122 104 87 70 52 35 18 0 18 140 122 105 88 71 54 38 23 14 23 142 125 108 91 75 59 45 33 28 33 145 129 112 97 81 67 54 45 42 45 150 134 118 103 89 76 66 58 55 58 156 140 126 112 99 87 78 72 69 71 162 148 134 121 109 98 90 85 83 85
84 91 56 108 27 72 99 85 67 88 117 99 79 75 73 97 100 75 75 114 86 79 61 125 69 46 91 88 69 71 112 92 87 72 12 100 96 74 78 117 162 145 129 112 96 81 67 54 45 42 159 142 125 108 91 75 59 45 33 28 157 140 122 105 88 71 54 38 23 14 156 139 122 104 87 70 52 35 18 0 157 140 122 105 88 71 54 38 23 14 159 142 125 108 91 75 59 45 33 28 162 145 129 112 96 81 67 54 45 42 166 150 134 118 103 89 76 65 58 55 171 155 140 125 111 98 87 77 71 69 177 162 148 134 120 108 98 90 85 83
95 67 109 50 135 118 76 75 100 78 46 73 79 83 86 72 63 83 85 47 95 80 99 34 89 114 83 73 94 91 55 90 71 87 147 66 64 84 81 46 58 60 67 77 90 104 119 134 150 166 43 47 55 68 82 97 113 129 145 162 29 34 45 60 75 91 108 125 142 159 15 23 38 54 71 88 105 122 140 157 0 18 35 52 70 87 104 122 139 156 15 23 38 54 71 88 105 122 140 157 29 34 45 60 75 91 108 125 142 159 43 47 55 68 82 97 113 129 145 162 58 60 67 77 90 104 119 134 150 166 72 74 80 88 99 112 126 140 156 171
80 49 92 32 118 102 61 58 83 63 32 58 61 66 69 56 46 65 67 32 81 62 81 18 72 96 67 56 77 74 42 75 54 70 129 50 46 67 64 32 60 57 60 67 77 90 104 118 134 150 47 43 46 55 67 82 97 112 129 145 34 29 34 45 60 75 91 108 125 142 23 15 23 38 54 71 88 105 122 140 18 0 18 35 52 70 87 104 122 139 23 15 23 38 54 71 88 105 122 140 34 29 34 45 60 75 91 108 125 142 47 43 46 55 67 82 97 112 129 145 60 57 60 67 77 90 104 118 134 150 74 72 73 79 88 99 112 126 140 155
68 32 75 15 100 86 47 40 66 49 23 43 44 48 52 41 30 48 50 21 68 45 64 11 55 79 52 40 60 57 32 61 37 54 112 35 29 49 47 23 67 60 57 60 67 77 90 104 118 134 55 46 43 46 55 67 81 97 112 129 45 34 29 34 45 60 75 91 108 125 38 23 15 23 38 54 71 88 105 122 35 18 0 18 35 52 70 87 104 122 38 23 15 23 38 54 71 88 105 122 45 34 29 34 45 60 75 91 108 125 55 46 43 46 55 67 81 97 112 129 67 60 57 60 67 77 90 104 118 134 80 73 71 73 79 88 99 112 126 140
58 15 58 4 83 71 37 23 50 38 26 32 27 31 34 29 18 31 33 21 59 28 47 24 38 62 40 24 43 40 31 49 22 38 95 23 13 32 30 26 77 67 60 57 59 66 77 89 103 118 68 55 46 43 46 55 67 81 97 112 60 45 34 29 33 45 59 75 91 108 54 38 23 15 23 38 54 71 88 105 52 35 18 0 18 35 52 70 87 104 54 38 23 15 23 38 54 71 88 105 60 45 34 29 33 45 59 75 91 108 68 55 46 43 46 55 67 81 97 112 77 67 60 57 59 66 77 89 103 118 88 79 73 71 73 79 88 99 112 125
51 4 41 21 66 58 33 8 35 33 37 29 10 14 18 24 18 14 16 33 53 11 30 40 20 45 32 13 27 24 39 41 14 24 78 22 10 15 13 38 90 77 67 59 57 59 66 77 89 103 82 67 55 46 43 46 55 67 81 96 75 60 45 33 29 33 45 59 75 91 71 54 38 23 15 23 38 54 71 88 70 52 35 18 0 18 35 52 70 87 71 54 38 23 15 23 38 54 71 88 75 60 45 33 29 33 45 59 75 91 82 67 55 46 43 46 55 67 81 96 90 77 67 59 57 59 66 77 89 103 99 88 79 73 71 73 78 87 99 111
51 21 25 38 48 47 38 14 23 36 52 35 9 5 6 31 30 8 6 48 53 9 13 57 3 27 33 19 15 13 51 40 22 18 60 33 25 5 9 53 104 90 77 66 59 56 59 66 76 89 97 82 67 55 46 42 46 55 67 81 91 75 60 45 33 28 33 45 59 75 88 71 54 38 23 14 23 38 54 71 87 70 52 35 18 0 18 35 52 70 88 71 54 38 23 14 23 38 54 71 91 75 60 45 33 28 33 45 59 75 97 82 67 55 46 42 46 55 67 81 104 90 77 66 59 56 59 66 76 89 112 99 88 79 73 70 72 78 87 98
56 38 14 55 31 42 48 31 21 47 68 47 26 22 20 44 46 23 21 64 58 25 7 74 15 10 42 35 18 19 66 46 38 27 43 47 42 21 25 69 119 104 90 77 66 59 56 59 66 76 113 97 81 67 55 46 42 46 54 67 108 91 75 59 45 33 28 33 45 59 105 88 71 54 38 23 14 23 38 54 104 87 70 52 35 18 0 18 35 52 105 88 71 54 38 23 14 23 38 54 108 91 75 59 45 33 28 33 45 59 113 97 81 67 55 46 42 46 54 67 119 104 90 77 66 59 56 59 66 76 126 112 99 88 78 72 70 72 78 87
65 55 20 73 14 43 62 48 31 60 85 61 43 39 37 60 63 40 38 81 67 43 24 91 33 9 55 51 32 34 82 57 54 41 27 63 59 38 42 85 134 118 104 89 77 66 59 56 58 65 129 112 97 81 67 55 46 42 45 54 125 108 91 75 59 45 33 28 33 45 122 105 88 71 54 38 23 14 23 38 122 104 87 70 52 35 18 0 18 35 122 105 88 71 54 38 23 14 23 38 125 108 91 75 59 45 33 28 33 45 129 112 97 81 67 55 46 42 45 54 134 118 104 89 77 66 59 56 58 65 140 126 112 99 87 78 72 70 72 77
77 73 34 90 5 50 78 65 46 76 101 77 61 56 54 76 80 57 55 98 79 60 41 108 50 26 70 68 48 51 98 70 71 57 12 80 77 56 59 102 150 134 118 103 89 76 66 58 55 58 145 129 112 97 81 67 54 45 42 45 142 125 108 91 75 59 45 33 28 33 140 122 105 88 71 54 38 23 14 23 139 122 104 87 70 52 35 18 0 18 140 122 105 88 71 54 38 23 14 23 142 125 108 91 75 59 45 33 28 33 145 129 112 97 81 67 54 45 42 45 150 134 118 103 89 76 66 58 55 58 156 140 126 112 99 87 78 72 69 71
91 90 51 107 22 62 94 82 62 91 118 94 78 74 71 92 97 75 72 115 93 77 58 125 67 43 86 85 65 68 115 85 88 74 13 96 94 73 76 119 166 150 134 118 103 89 76 65 58 55 162 145 129 112 96 81 67 54 45 42 159 142 125 108 91 75 59 45 33 28 157 140 122 105 88 71 54 38 23 14 156 139 122 104 87 70 52 35 18 0 157 140 122 105 88 71 54 38 23 14 159 142 125 108 91 75 59 45 33 28 162 145 129 112 96 81 67 54 45 42 166 150 134 118 103 89 76 65 58 55 171 155 140 125 111 98 87 77 71 69
103 69 108 51 136 113 71 75 98 85 55 69 80 84 86 68 61 85 85 54 103 80 99 40 90 114 78 72 93 90 64 85 75 91 148 63 64 85 81 54 72 74 80 88 99 112 126 140 156 171 58 60 67 77 90 104 119 134 150 166 43 47 55 68 82 97 113 129 145 162 29 34 45 60 75 91 108 125 142 159 15 23 38 54 71 88 105 122 140 157 0 18 35 52 70 87 104 122 139 156 15 23 38 54 71 88 105 122 140 157 29 34 45 60 75 91 108 125 142 159 43 47 55 68 82 97 113 129 145 162 58 60 67 77 90 104 119 134 150 166
90 52 91 34 118 97 55 58 81 71 43 52 63 67 69 51 44 68 68 42 90 63 82 29 73 97 62 55 76 73 53 69 59 75 131 46 46 69 64 43 74 72 73 79 88 99 112 126 140 155 60 57 60 67 77 90 104 118 134 150 47 43 46 55 67 82 97 112 129 145 34 29 34 45 60 75 91 108 125 142 23 15 23 38 54 71 88 105 122 140 18 0 18 35 52 70 87 104 122 139 23 15 23 38 54 71 88 105 122 140 34 29 34 45 60 75 91 108 125 142 47 43 46 55 67 82 97 112 129 145 60 57 60 67 77 90 104 118 134 150
79 36 73 19 101 80 39 41 64 59 37 36 47 51 52 34 26 52 51 34 80 46 65 25 56 80 45 38 58 56 46 53 45 60 114 29 29 52 47 37 80 73 71 73 79 88 99 112 126 140 67 60 57 60 67 77 90 104 118 134 55 46 43 46 55 67 81 97 112 129 45 34 29 34 45 60 75 91 108 125 38 23 15 23 38 54 71 88 105 122 35 18 0 18 35 52 70 87 104 122 38 23 15 23 38 54 71 88 105 122 45 34 29 34 45 60 75 91 108 125 55 46 43 46 55 67 81 97 112 129 67 60 57 60 67 77 90 104 118 134
70 22 56 13 84 64 25 24 46 50 39 21 31 35 35 18 9 36 34 34 71 30 48 32 40 63 30 21 41 38 45 39 33 46 97 12 13 36 30 39 88 79 73 71 73 79 88 99 112 125 77 67 60 57 59 66 77 89 103 118 68 55 46 43 46 55 67 81 97 112 60 45 34 29 33 45 59 75 91 108 54 38 23 15 23 38 54 71 88 105 52 35 18 0 18 35 52 70 87 104 54 38 23 15 23 38 54 71 88 105 60 45 34 29 33 45 59 75 91 108 68 55 46 43 46 55 67 81 97 112 77 67 60 57 59 66 77 89 103 118
65 16 39 24 67 49 19 10 29 47 47 15 18 20 19 10 9 24 18 42 67 15 31 46 24 46 18 4 24 21 50 28 28 36 80 10 10 22 14 48 99 88 79 73 71 73 78 87 99 111 90 77 67 59 57 59 66 77 89 103 82 67 55 46 43 46 55 67 81 96 75 60 45 33 29 33 45 59 75 91 71 54 38 23 15 23 38 54 71 88 70 52 35 18 0 18 35 52 70 87 71 54 38 23 15 23 38 54 71 88 75 60 45 33 29 33 45 59 75 91 82 67 55 46 43 46 55 67 81 96 90 77 67 59 57 59 66 77 89 103
64 26 21 40 50 36 26 15 13 49 60 25 18 16 9 22 27 21 10 55 66 14 16 61 13 29 20 15 7 4 60 26 33 32 64 26 25 17 10 60 112 99 88 79 73 70 72 78 87 98 104 90 77 66 59 56 59 66 76 89 97 82 67 55 46 42 46 55 67 81 91 75 60 45 33 28 33 45 59 75 88 71 54 38 23 14 23 38 54 71 87 70 52 35 18 0 18 35 52 70 88 71 54 38 23 14 23 38 54 71 91 75 60 45 33 28 33 45 59 75 97 82 67 55 46 42 46 55 67 81 104 90 77 66 59 56 59 66 76 89
68 41 4 56 33 28 40 31 9 57 74 40 30 26 21 39 44 30 22 70 71 28 12 77 20 14 33 33 12 15 73 35 45 37 48 43 42 27 25 75 126 112 99 88 78 72 70 72 78 87 119 104 90 77 66 59 56 59 66 76 113 97 81 67 55 46 42 46 54 67 108 91 75 59 45 33 28 33 45 59 105 88 71 54 38 23 14 23 38 54 104 87 70 52 35 18 0 18 35 52 105 88 71 54 38 23 14 23 38 54 108 91 75 59 45 33 28 33 45 59 113 97 81 67 55 46 42 46 54 67 119 104 90 77 66 59 56 59 66 76
76 58 14 73 19 30 56 48 25 69 89 56 46 42 37 56 61 44 39 85 78 44 26 93 35 14 48 50 29 32 88 48 59 49 34 60 59 42 42 90 140 126 112 99 87 78 72 70 72 77 134 118 104 89 77 66 59 56 58 65 129 112 97 81 67 55 46 42 45 54 125 108 91 75 59 45 33 28 33 45 122 105 88 71 54 38 23 14 23 38 122 104 87 70 52 35 18 0 18 35 122 105 88 71 54 38 23 14 23 38 125 108 91 75 59 45 33 28 33 45 129 112 97 81 67 55 46 42 45 54 134 118 104 89 77 66 59 56 58 65
87 74 31 91 13 40 73 65 42 82 105 73 63 58 54 73 78 60 56 101 89 61 42 110 51 28 65 67 46 49 103 64 75 63 24 77 77 58 59 106 156 140 126 112 99 87 78 72 69 71 150 134 118 103 89 76 66 58 55 58 145 129 112 97 81 67 54 45 42 45 142 125 108 91 75 59 45 33 28 33 140 122 105 88 71 54 38 23 14 23 139 122 104 87 70 52 35 18 0 18 140 122 105 88 71 54 38 23 14 23 142 125 108 91 75 59 45 33 28 33 145 129 112 97 81 67 54 45 42 45 150 134 118 103 89 76 66 58 55 58
99 91 49 108 25 54 90 83 59 97 122 90 79 75 71 90 96 77 73 118 101 78 59 127 68 44 82 84 64 67 119 80 91 78 24 95 94 75 76 122 171 155 140 125 111 98 87 77 71 69 166 150 134 118 103 89 76 65 58 55 162 145 129 112 96 81 67 54 45 42 159 142 125 108 91 75 59 45 33 28 157 140 122 105 88 71 54 38 23 14 156 139 122 104 87 70 52 35 18 0 157 140 122 105 88 71 54 38 23 14 159 142 125 108 91 75 59 45 33 28 162 145 129 112 96 81 67 54 45 42 166 150 134 118 103 89 76 65 58 55
112 73 109 56 138 111 69 78 98 94 65 67 84 88 89 68 62 89 88 64 113 83 102 50 93 116 77 74 94 92 75 82 81 97 151 63 67 89 84 65 86 88 93 100 110 122 134 148 162 177 72 74 80 88 99 112 126 140 156 171 58 60 67 77 90 104 119 134 150 166 43 47 55 68 82 97 113 129 145 162 29 34 45 60 75 91 108 125 142 159 15 23 38 54 71 88 105 122 140 157 0 18 35 52 70 87 104 122 139 156 15 23 38 54 71 88 105 122 140 157 29 34 45 60 75 91 108 125 142 159 43 47 55 68 82 97 113 129 145 162
101 58 92 42 121 94 52 61 81 81 56 50 68 72 72 50 46 73 71 54 101 67 85 42 77 99 59 57 77 75 65 65 67 82 134 46 51 73 67 56 88 86 87 92 100 110 121 134 148 162 74 72 73 79 88 99 112 126 140 155 60 57 60 67 77 90 104 118 134 150 47 43 46 55 67 82 97 112 129 145 34 29 34 45 60 75 91 108 125 142 23 15 23 38 54 71 88 105 122 140 18 0 18 35 52 70 87 104 122 139 23 15 23 38 54 71 88 105 122 140 34 29 34 45 60 75 91 108 125 142 47 43 46 55 67 82 97 112 129 145
91 44 75 30 104 77 35 46 64 71 51 33 53 56 56 33 30 59 55 48 92 52 69 39 61 83 42 41 60 58 60 48 54 68 117 29 36 58 51 51 93 87 85 87 92 99 109 121 134 148 80 73 71 73 79 88 99 112 126 140 67 60 57 60 67 77 90 104 118 134 55 46 43 46 55 67 81 97 112 129 45 34 29 34 45 60 75 91 108 125 38 23 15 23 38 54 71 88 105 122 35 18 0 18 35 52 70 87 104 122 38 23 15 23 38 54 71 88 105 122 45 34 29 34 45 60 75 91 108 125 55 46 43 46 55 67 81 97 112 129
83 33 58 26 87 60 18 32 47 64 52 15 40 43 41 16 16 46 40 48 85 37 53 44 46 66 25 26 44 42 59 31 45 57 101 13 24 44 36 53 100 92 87 85 87 91 99 109 121 134 88 79 73 71 73 79 88 99 112 125 77 67 60 57 59 66 77 89 103 118 68 55 46 43 46 55 67 81 97 112 60 45 34 29 33 45 59 75 91 108 54 38 23 15 23 38 54 71 88 105 52 35 18 0 18 35 52 70 87 104 54 38 23 15 23 38 54 71 88 105 60 45 34 29 33 45 59 75 91 108 68 55 46 43 46 55 67 81 97 112
79 30 41 33 71 43 5 23 30 61 59 3 31 32 28 5 16 37 28 54 81 27 38 54 33 51 8 17 28 27 63 16 42 49 85 11 23 34 25 59 110 100 92 87 85 86 91 99 109 120 99 88 79 73 71 73 78 87 99 111 90 77 67 59 57 59 66 77 89 103 82 67 55 46 43 46 55 67 81 96 75 60 45 33 29 33 45 59 75 91 71 54 38 23 15 23 38 54 71 88 70 52 35 18 0 18 35 52 70 87 71 54 38 23 15 23 38 54 71 88 75 60 45 33 29 33 45 59 75 91 82 67 55 46 43 46 55 67 81 96
78 36 26 46 55 27 19 26 15 63 69 20 31 29 23 21 30 35 24 64 80 27 27 68 27 37 11 22 17 17 71 13 45 46 70 26 32 31 23 70 122 110 99 91 86 84 86 91 98 108 112 99 88 79 73 70 72 78 87 98 104 90 77 66 59 56 59 66 76 89 97 82 67 55 46 42 46 55 67 81 91 75 60 45 33 28 33 45 59 75 88 71 54 38 23 14 23 38 54 71 87 70 52 35 18 0 18 35 52 70 88 71 54 38 23 14 23 38 54 71 91 75 60 45 33 28 33 45 59 75 97 82 67 55 46 42 46 55 67 81
81 48 15 61 41 15 36 37 11 69 82 37 39 36 29 38 46 41 31 77 84 36 25 82 31 26 28 36 19 22 82 26 54 50 56 43 47 37 32 82 134 121 109 99 91 86 84 85 90 98 126 112 99 88 78 72 70 72 78 87 119 104 90 77 66 59 56 59 66 76 113 97 81 67 55 46 42 46 54 67 108 91 75 59 45 33 28 33 45 59 105 88 71 54 38 23 14 23 38 54 104 87 70 52 35 18 0 18 35 52 105 88 71 54 38 23 14 23 38 54 108 91 75 59 45 33 28 33 45 59 113 97 81 67 55 46 42 46 54 67
88 63 20 77 30 18 53 52 26 79 96 55 52 48 43 55 63 52 44 92 90 49 34 98 42 26 46 52 33 36 95 43 67 59 44 60 63 49 47 97 148 134 121 109 99 91 85 83 85 90 140 126 112 99 87 78 72 70 72 77 134 118 104 89 77 66 59 56 58 65 129 112 97 81 67 55 46 42 45 54 125 108 91 75 59 45 33 28 33 45 122 105 88 71 54 38 23 14 23 38 122 104 87 70 52 35 18 0 18 35 122 105 88 71 54 38 23 14 23 38 125 108 91 75 59 45 33 28 33 45 129 112 97 81 67 55 46 42 45 54
97 78 35 93 27 32 71 68 42 91 111 72 67 63 58 72 79 66 60 107 100 65 47 114 56 35 63 69 49 52 110 60 81 71 37 77 79 63 62 112 162 148 134 121 109 98 90 85 83 85 156 140 126 112 99 87 78 72 69 71 150 134 118 103 89 76 66 58 55 58 145 129 112 97 81 67 54 45 42 45 142 125 108 91 75 59 45 33 28 33 140 122 105 88 71 54 38 23 14 23 139 122 104 87 70 52 35 18 0 18 140 122 105 88 71 54 38 23 14 23 142 125 108 91 75 59 45 33 28 33 145 129 112 97 81 67 54 45 42 45
109 95 51 110 34 48 88 85 59 104 127 89 83 79 74 89 97 82 76 123 111 81 63 131 72 49 80 86 65 68 125 77 96 85 37 95 96 79 79 127 177 162 148 134 120 108 98 90 85 83 171 155 140 125 111 98 87 77 71 69 166 150 134 118 103 89 76 65 58 55 162 145 129 112 96 81 67 54 45 42 159 142 125 108 91 75 59 45 33 28 157 140 122 105 88 71 54 38 23 14 156 139 122 104 87 70 52 35 18 0 157 140 122 105 88 71 54 38 23 14 159 142 125 108 91 75 59 45 33 28 162 145 129 112 96 81 67 54 45 42
123 80 112 64 141 110 70 83 101 103 77 69 90 94 93 70 67 95 92 75 123 89 106 62 98 120 78 79 98 95 86 81 89 104 155 66 73 95 89 76 100 102 106 112 121 132 144 156 170 184 86 88 93 100 110 122 134 148 162 177 72 74 80 88 99 112 126 140 156 171 58 60 67 77 90 104 119 134 150 166 43 47 55 68 82 97 113 129 145 162 29 34 45 60 75 91 108 125 142 159 15 23 38 54 71 88 105 122 140 157 0 18 35 52 70 87 104 122 139 156 15 23 38 54 71 88 105 122 140 157 29 34 45 60 75 91 108 125 142 159
112 66 95 52 124 93 52 68 84 92 69 52 76 79 78 53 52 81 77 67 113 74 90 55 83 104 60 63 81 79 78 64 77 91 139 50 58 80 73 69 102 100 101 105 112 121 131 143 156 170 88 86 87 92 100 110 121 134 148 162 74 72 73 79 88 99 112 126 140 155 60 57 60 67 77 90 104 118 134 150 47 43 46 55 67 82 97 112 129 145 34 29 34 45 60 75 91 108 125 142 23 15 23 38 54 71 88 105 122 140 18 0 18 35 52 70 87 104 122 139 23 15 23 38 54 71 88 105 122 140 34 29 34 45 60 75 91 108 125 142
103 54 79 43 108 75 36 54 67 83 65 36 62 65 63 38 38 68 62 62 104 60 75 53 68 88 44 49 65 63 74 46 66 79 123 35 46 67 59 65 106 101 99 101 105 112 121 131 143 156 93 87 85 87 92 99 109 121 134 148 80 73 71 73 79 88 99 112 126 140 67 60 57 60 67 77 90 104 118 134 55 46 43 46 55 67 81 97 112 129 45 34 29 34 45 60 75 91 108 125 38 23 15 23 38 54 71 88 105 122 35 18 0 18 35 52 70 87 104 122 38 23 15 23 38 54 71 88 105 122 45 34 29 34 45 60 75 91 108 125
96 46 63 40 92 58 20 43 51 77 66 21 51 53 50 24 29 57 50 62 98 48 61 57 55 73 27 37 50 49 73 29 59 69 107 24 38 55 46 66 112 105 101 99 100 105 111 120 131 143 100 92 87 85 87 91 99 109 121 134 88 79 73 71 73 79 88 99 112 125 77 67 60 57 59 66 77 89 103 118 68 55 46 43 46 55 67 81 97 112 60 45 34 29 33 45 59 75 91 108 54 38 23 15 23 38 54 71 88 105 52 35 18 0 18 35 52 70 87 104 54 38 23 15 23 38 54 71 88 105 60 45 34 29 33 45 59 75 91 108
93 44 48 45 77 41 10 37 37 75 71 15 45 45 40 19 29 50 40 67 95 41 49 65 45 59 14 31 38 37 76 12 56 62 92 23 36 47 38 72 121 112 105 100 99 100 104 111 120 130 110 100 92 87 85 86 91 99 109 120 99 88 79 73 71 73 78 87 99 111 90 77 67 59 57 59 66 77 89 103 82 67 55 46 43 46 55 67 81 96 75 60 45 33 29 33 45 59 75 91 71 54 38 23 15 23 38 54 71 88 70 52 35 18 0 18 35 52 70 87 71 54 38 23 15 23 38 54 71 88 75 60 45 33 29 33 45 59 75 91
92 48 36 55 63 24 21 38 26 76 80 25 45 43 37 27 38 48 38 75 94 40 40 77 41 47 16 34 30 31 83 7 58 60 78 33 43 45 37 80 132 121 112 105 100 98 99 104 110 119 122 110 99 91 86 84 86 91 98 108 112 99 88 79 73 70 72 78 87 98 104 90 77 66 59 56 59 66 76 89 97 82 67 55 46 42 46 55 67 81 91 75 60 45 33 28 33 45 59 75 88 71 54 38 23 14 23 38 54 71 87 70 52 35 18 0 18 35 52 70 88 71 54 38 23 14 23 38 54 71 91 75 60 45 33 28 33 45 59 75
95 58 29 68 51 6 37 47 24 82 91 40 51 48 41 42 52 53 42 86 97 47 39 90 43 40 30 44 31 34 93 24 66 63 66 48 55 49 43 92 144 131 121 111 104 99 98 99 103 110 134 121 109 99 91 86 84 85 90 98 126 112 99 88 78 72 70 72 78 87 119 104 90 77 66 59 56 59 66 76 113 97 81 67 55 46 42 46 54 67 108 91 75 59 45 33 28 33 45 59 105 88 71 54 38 23 14 23 38 54 104 87 70 52 35 18 0 18 35 52 105 88 71 54 38 23 14 23 38 54 108 91 75 59 45 33 28 33 45 59
100 70 32 83 42 12 54 60 33 90 104 56 61 58 51 58 67 62 53 99 103 58 45 104 52 39 47 58 41 44 104 41 76 70 56 63 69 59 55 104 156 143 131 120 111 104 99 97 99 103 148 134 121 109 99 91 85 83 85 90 140 126 112 99 87 78 72 70 72 77 134 118 104 89 77 66 59 56 58 65 129 112 97 81 67 55 46 42 45 54 125 108 91 75 59 45 33 28 33 45 122 105 88 71 54 38 23 14 23 38 122 104 87 70 52 35 18 0 18 35 122 105 88 71 54 38 23 14 23 38 125 108 91 75 59 45 33 28 33 45
109 85 42 98 40 29 71 74 47 101 118 73 74 71 65 74 83 74 66 113 111 71 56 120 64 46 64 73 55 58 118 59 89 80 50 80 84 71 69 119 170 156 143 131 120 110 103 99 97 98 162 148 134 121 109 98 90 85 83 85 156 140 126 112 99 87 78 72 69 71 150 134 118 103 89 76 66 58 55 58 145 129 112 97 81 67 54 45 42 45 142 125 108 91 75 59 45 33 28 33 140 122 105 88 71 54 38 23 14 23 139 122 104 87 70 52 35 18 0 18 140 122 105 88 71 54 38 23 14 23 142 125 108 91 75 59 45 33 28 33
119 100 56 114 45 47 88 90 63 113 133 90 89 85 80 91 99 88 81 128 121 86 69 135 78 57 81 90 70 73 132 76 103 93 51 97 100 85 84 133 184 170 156 143 130 119 110 103 98 96 177 162 148 134 120 108 98 90 85 83 171 155 140 125 111 98 87 77 71 69 166 150 134 118 103 89 76 65 58 55 162 145 129 112 96 81 67 54 45 42 159 142 125 108 91 75 59 45 33 28 157 140 122 105 88 71 54 38 23 14 156 139 122 104 87 70 52 35 18 0 157 140 122 105 88 71 54 38 23 14 159 142 125 108 91 75 59 45 33 28
134 89 116 74 146 111 73 90 105 114 89 73 98 101 100 75 74 103 99 87 134 96 112 75 105 125 81 85 103 101 99 83 99 113 160 72 81 103 95 89 115 116 119 125 133 143 154 166 179 192 100 102 106 112 121 132 144 156 170 184 86 88 93 100 110 122 134 148 162 177 72 74 80 88 99 112 126 140 156 171 58 60 67 77 90 104 119 134 150 166 43 47 55 68 82 97 113 129 145 162 29 34 45 60 75 91 108 125 142 159 15 23 38 54 71 88 105 122 140 157 0 18 35 52 70 87 104 122 139 156 15 23 38 54 71 88 105 122 140 157
124 76 100 63 130 94 57 76 89 104 83 58 85 87 85 60 60 90 85 80 125 82 97 69 91 110 65 71 87 85 92 66 87 101 144 58 68 89 81 83 116 114 115 119 125 133 142 153 165 178 102 100 101 105 112 121 131 143 156 170 88 86 87 92 100 110 121 134 148 162 74 72 73 79 88 99 112 126 140 155 60 57 60 67 77 90 104 118 134 150 47 43 46 55 67 82 97 112 129 145 34 29 34 45 60 75 91 108 125 142 23 15 23 38 54 71 88 105 122 140 18 0 18 35 52 70 87 104 122 139 23 15 23 38 54 71 88 105 122 140
116 66 85 57 114 77 42 64 73 96 80 43 73 75 72 46 49 78 72 76 117 70 83 67 77 95 49 59 73 71 88 49 78 90 129 45 57 77 68 80 119 115 114 115 118 124 132 142 153 165 106 101 99 101 105 112 121 131 143 156 93 87 85 87 92 99 109 121 134 148 80 73 71 73 79 88 99 112 126 140 67 60 57 60 67 77 90 104 118 134 55 46 43 46 55 67 81 97 112 129 45 34 29 34 45 60 75 91 108 125 38 23 15 23 38 54 71 88 105 122 35 18 0 18 35 52 70 87 104 122 38 23 15 23 38 54 71 88 105 122
110 60 70 55 99 60 29 55 59 91 80 32 64 65 61 36 43 69 61 76 111 60 70 70 66 81 36 49 60 59 87 34 72 81 114 38 51 67 58 80 125 119 115 113 114 118 124 132 141 152 112 105 101 99 100 105 111 120 131 143 100 92 87 85 87 91 99 109 121 134 88 79 73 71 73 79 88 99 112 125 77 67 60 57 59 66 77 89 103 118 68 55 46 43 46 55 67 81 97 112 60 45 34 29 33 45 59 75 91 108 54 38 23 15 23 38 54 71 88 105 52 35 18 0 18 35 52 70 87 104 54 38 23 15 23 38 54 71 88 105
107 58 57 58 85 43 24 51 47 89 84 29 59 59 53 33 43 64 54 80 108 54 60 77 58 69 27 45 49 49 90 21 70 76 100 37 50 61 52 85 133 125 118 114 113 114 117 123 131 141 121 112 105 100 99 100 104 111 120 130 110 100 92 87 85 86 91 99 109 120 99 88 79 73 71 73 78 87 99 111 90 77 67 59 57 59 66 77 89 103 82 67 55 46 43 46 55 67 81 96 75 60 45 33 29 33 45 59 75 91 71 54 38 23 15 23 38 54 71 88 70 52 35 18 0 18 35 52 70 87 71 54 38 23 15 23 38 54 71 88
106 61 48 66 73 28 30 52 39 90 92 35 58 57 51 38 49 62 52 87 108 54 54 87 55 59 28 47 44 45 96 18 72 74 87 44 55 59 51 92 143 133 124 118 114 112 113 117 123 131 132 121 112 105 100 98 99 104 110 119 122 110 99 91 86 84 86 91 98 108 112 99 88 79 73 70 72 78 87 98 104 90 77 66 59 56 59 66 76 89 97 82 67 55 46 42 46 55 67 81 91 75 60 45 33 28 33 45 59 75 88 71 54 38 23 14 23 38 54 71 87 70 52 35 18 0 18 35 52 70 88 71 54 38 23 14 23 38 54 71
108 69 43 77 62 16 43 58 37 94 101 47 63 61 54 50 60 66 55 97 111 59 53 99 56 53 38 55 45 47 104 29 78 76 77 55 65 62 55 102 154 142 132 124 117 113 112 113 116 122 144 131 121 111 104 99 98 99 103 110 134 121 109 99 91 86 84 85 90 98 126 112 99 88 78 72 70 72 78 87 119 104 90 77 66 59 56 59 66 76 113 97 81 67 55 46 42 46 54 67 108 91 75 59 45 33 28 33 45 59 105 88 71 54 38 23 14 23 38 54 104 87 70 52 35 18 0 18 35 52 105 88 71 54 38 23 14 23 38 54
113 80 45 90 56 19 58 69 44 102 113 61 72 69 62 64 74 73 63 108 116 68 57 112 63 53 52 67 52 54 115 44 87 82 68 69 77 70 65 114 166 153 142 132 123 117 113 111 112 116 156 143 131 120 111 104 99 97 99 103 148 134 121 109 99 91 85 83 85 90 140 126 112 99 87 78 72 70 72 77 134 118 104 89 77 66 59 56 58 65 129 112 97 81 67 55 46 42 45 54 125 108 91 75 59 45 33 28 33 45 122 105 88 71 54 38 23 14 23 38 122 104 87 70 52 35 18 0 18 35 122 105 88 71 54 38 23 14 23 38
121 92 53 105 54 33 74 82 55 111 126 77 83 80 73 79 88 84 75 121 123 80 66 126 73 58 68 80 63 66 127 61 98 91 64 85 91 81 77 127 179 165 153 141 131 123 116 112 110 112 170 156 143 131 120 110 103 99 97 98 162 148 134 121 109 98 90 85 83 85 156 140 126 112 99 87 78 72 69 71 150 134 118 103 89 76 66 58 55 58 145 129 112 97 81 67 54 45 42 45 142 125 108 91 75 59 45 33 28 33 140 122 105 88 71 54 38 23 14 23 139 122 104 87 70 52 35 18 0 18 140 122 105 88 71 54 38 23 14 23
130 107 64 120 58 49 91 96 69 122 140 94 96 93 87 95 104 96 88 135 132 93 78 141 86 67 84 95 77 80 140 78 111 102 64 101 106 93 90 141 192 178 165 152 141 131 122 116 112 110 184 170 156 143 130 119 110 103 98 96 177 162 148 134 120 108 98 90 85 83 171 155 140 125 111 98 87 77 71 69 166 150 134 118 103 89 76 65 58 55 162 145 129 112 96 81 67 54 45 42 159 142 125 108 91 75 59 45 33 28 157 140 122 105 88 71 54 38 23 14 156 139 122 104 87 70 52 35 18 0 157 140 122 105 88 71 54 38 23 14
145 98 122 85 151 114 79 99 111 125 102 80 107 110 108 82 83 112 107 100 146 104 119 88 113 132 86 93 109 108 111 87 109 123 166 80 90 111 104 102 129 130 133 138 145 154 164 176 188 201 115 116 119 125 133 143 154 166 179 192 100 102 106 112 121 132 144 156 170 184 86 88 93 100 110 122 134 148 162 177 72 74 80 88 99 112 126 140 156 171 58 60 67 77 90 104 119 134 150 166 43 47 55 68 82 97 113 129 145 162 29 34 45 60 75 91 108 125 142 159 15 23 38 54 71 88 105 122 140 157 0 18 35 52 70 87 104 122 139 156
136 88 107 76 136 97 64 86 95 116 96 66 95 97 95 69 71 100 94 93 137 92 105 83 100 117 71 81 95 94 105 71 99 112 151 67 79 99 91 96 130 128 129 132 138 145 154 164 175 187 116 114 115 119 125 133 142 153 165 178 102 100 101 105 112 121 131 143 156 170 88 86 87 92 100 110 121 134 148 162 74 72 73 79 88 99 112 126 140 155 60 57 60 67 77 90 104 118 134 150 47 43 46 55 67 82 97 112 129 145 34 29 34 45 60 75 91 108 125 142 23 15 23 38 54 71 88 105 122 140 18 0 18 35 52 70 87 104 122 139
129 79 93 70 121 81 51 76 81 109 94 54 84 86 83 57 62 90 82 90 130 81 93 82 88 103 58 70 82 81 102 56 91 102 136 57 70 88 79 94 133 129 128 129 132 137 144 153 163 175 119 115 114 115 118 124 132 142 153 165 106 101 99 101 105 112 121 131 143 156 93 87 85 87 92 99 109 121 134 148 80 73 71 73 79 88 99 112 126 140 67 60 57 60 67 77 90 104 118 134 55 46 43 46 55 67 81 97 112 129 45 34 29 34 45 60 75 91 108 125 38 23 15 23 38 54 71 88 105 122 35 18 0 18 35 52 70 87 104 122
124 74 80 69 107 65 42 68 69 105 94 45 77 78 73 49 57 82 73 90 125 73 81 84 78 91 47 62 70 70 101 42 86 94 122 51 65 80 71 94 138 132 129 127 128 131 137 144 153 163 125 119 115 113 114 118 124 132 141 152 112 105 101 99 100 105 111 120 131 143 100 92 87 85 87 91 99 109 121 134 88 79 73 71 73 79 88 99 112 125 77 67 60 57 59 66 77 89 103 118 68 55 46 43 46 55 67 81 97 112 60 45 34 29 33 45 59 75 91 108 54 38 23 15 23 38 54 71 88 105 52 35 18 0 18 35 52 70 87 104
121 72 68 71 95 50 38 65 58 103 98 43 72 72 67 47 56 77 67 93 122 68 73 90 71 80 41 59 62 62 103 33 84 89 110 51 64 74 65 98 145 138 132 128 127 127 131 136 143 152 133 125 118 114 113 114 117 123 131 141 121 112 105 100 99 100 104 111 120 130 110 100 92 87 85 86 91 99 109 120 99 88 79 73 71 73 78 87 99 111 90 77 67 59 57 59 66 77 89 103 82 67 55 46 43 46 55 67 81 96 75 60 45 33 29 33 45 59 75 91 71 54 38 23 15 23 38 54 71 88 70 52 35 18 0 18 35 52 70 87
120 75 60 78 83 37 42 65 52 104 104 47 72 71 65 51 61 76 65 99 122 68 68 98 69 72 41 60 58 59 108 32 86 88 98 56 68 73 65 104 154 145 137 131 127 126 127 130 135 143 143 133 124 118 114 112 113 117 123 131 132 121 112 105 100 98 99 104 110 119 122 110 99 91 86 84 86 91 98 108 112 99 88 79 73 70 72 78 87 98 104 90 77 66 59 56 59 66 76 89 97 82 67 55 46 42 46 55 67 81 91 75 60 45 33 28 33 45 59 75 88 71 54 38 23 14 23 38 54 71 87 70 52 35 18 0 18 35 52 70
122 81 56 87 75 30 52 71 51 108 113 56 76 74 67 60 70 79 68 108 124 72 67 109 70 67 49 67 58 60 116 39 91 90 88 65 76 76 68 113 164 154 144 137 131 127 125 126 130 135 154 142 132 124 117 113 112 113 116 122 144 131 121 111 104 99 98 99 103 110 134 121 109 99 91 86 84 85 90 98 126 112 99 88 78 72 70 72 78 87 119 104 90 77 66 59 56 59 66 76 113 97 81 67 55 46 42 46 54 67 108 91 75 59 45 33 28 33 45 59 105 88 71 54 38 23 14 23 38 54 104 87 70 52 35 18 0 18 35 52
126 90 58 99 69 31 65 80 56 114 123 69 83 81 74 72 82 85 75 118 129 79 70 121 75 67 60 76 64 66 125 51 98 95 81 77 86 82 76 124 176 164 153 144 136 130 126 125 126 129 166 153 142 132 123 117 113 111 112 116 156 143 131 120 111 104 99 97 99 103 148 134 121 109 99 91 85 83 85 90 140 126 112 99 87 78 72 70 72 77 134 118 104 89 77 66 59 56 58 65 129 112 97 81 67 55 46 42 45 54 125 108 91 75 59 45 33 28 33 45 122 105 88 71 54 38 23 14 23 38 122 104 87 70 52 35 18 0 18 35
133 102 64 112 68 41 80 91 65 122 135 83 93 90 83 86 96 94 85 130 135 90 77 134 84 71 74 89 73 76 136 66 108 103 78 91 99 91 86 136 188 175 163 153 143 135 130 126 124 125 179 165 153 141 131 123 116 112 110 112 170 156 143 131 120 110 103 99 97 98 162 148 134 121 109 98 90 85 83 85 156 140 126 112 99 87 78 72 69 71 150 134 118 103 89 76 66 58 55 58 145 129 112 97 81 67 54 45 42 45 142 125 108 91 75 59 45 33 28 33 140 122 105 88 71 54 38 23 14 23 139 122 104 87 70 52 35 18 0 18
141 115 74 126 71 55 95 104 77 133 148 99 105 102 95 100 110 106 97 144 143 102 88 148 95 78 89 102 85 88 149 82 120 112 78 106 113 102 99 149 201 187 175 163 152 143 135 129 125 124 192 178 165 152 141 131 122 116 112 110 184 170 156 143 130 119 110 103 98 96 177 162 148 134 120 108 98 90 85 83 171 155 140 125 111 98 87 77 71 69 166 150 134 118 103 89 76 65 58 55 162 145 129 112 96 81 67 54 45 42 159 142 125 108 91 75 59 45 33 28 157 140 122 105 88 71 54 38 23 14 156 139 122 104 87 70 52 35 18 0
