0 42 68 41 57 57 80 29 68 42 34 41 47 67 66 16 61 43 55 44 76 69 61 68 62 40 56 74 80 19 41 48 60 67 57 53 51 51 59 46 64 42 68 35 49 48 60 58 51 71 6 46 42 58 49 70 47 33 67 66 37 54 48 49 49 24 69 57 50 65 53 73 56 68 65 67 57 63 68 45 48 47 61 62 49 45 16 46 51 67 61 32 46 34 63 54 60 56 40 72 99 88 85 90 102 81 68 64 71 86 65 49 43 53 72 54 31 23 38 62 49 23 5 32 59
42 0 44 10 20 20 38 33 26 13 21 7 5 37 31 30 42 33 30 15 36 38 20 27 44 3 39 35 40 24 17 7 27 44 17 29 39 11 18 40 24 7 32 19 15 6 19 21 11 42 40 5 5 16 11 29 20 20 26 41 22 39 6 9 14 32 31 40 9 30 15 39 14 26 48 38 30 25 31 3 16 6 35 34 12 7 35 24 13 50 22 11 15 22 23 13 18 16 6 40 71 52 43 50 67 60 37 23 34 57 56 29 3 25 52 59 35 20 32 56 69 50 41 48 66
68 44 0 36 29 57 51 41 49 33 36 39 43 76 67 53 9 27 15 30 61 76 39 51 10 45 14 63 66 55 61 40 66 3 33 17 20 49 50 27 55 38 66 36 57 42 36 27 50 80 69 46 40 40 35 55 25 37 52 3 32 17 44 49 31 45 27 14 48 67 53 74 39 49 10 9 15 60 65 44 59 45 76 10 33 37 54 24 33 11 56 50 58 36 34 48 39 32 49 77 106 81 59 42 38 100 74 48 25 19 99 72 46 19 10 102 76 52 31 26 109 86 65 49 46
41 10 36 0 17 28 41 26 31 4 14 3 11 46 39 27 33 24 22 6 42 47 22 32 36 10 30 42 47 24 26 10 36 36 16 20 30 19 25 31 31 4 40 11 24 11 20 18 20 51 40 13 5 19 8 35 12 13 32 33 14 30 13 18 8 26 28 31 17 39 23 47 17 31 39 31 22 33 39 11 25 14 44 27 8 6 31 15 10 41 30 15 24 14 22 21 20 15 14 49 79 60 48 49 63 69 45 28 30 50 64 38 12 17 44 66 41 20 24 47 75 53 39 41 57
57 20 29 17 0 28 29 39 22 16 27 18 17 47 38 42 30 31 18 15 35 47 11 24 33 22 30 36 40 40 35 14 38 30 5 19 32 21 22 37 27 17 38 25 30 16 8 3 22 52 56 20 17 12 10 28 15 26 24 26 25 31 17 22 9 40 12 30 20 38 25 45 11 23 36 21 17 31 37 19 32 19 47 20 9 14 47 19 7 37 27 29 31 27 8 20 11 4 25 49 78 55 36 33 48 72 46 21 15 38 72 46 21 14 38 78 54 36 33 48 88 69 55 53 63
57 20 57 28 28 0 29 52 16 31 40 26 17 19 12 47 57 51 45 33 20 20 20 15 60 22 55 18 23 40 18 19 10 58 24 44 56 9 8 58 9 25 13 38 9 17 22 31 9 24 53 15 24 18 24 15 37 39 14 54 41 56 16 11 28 50 35 56 12 11 5 20 18 16 63 49 44 6 12 17 11 15 20 47 26 23 53 41 25 64 6 26 12 41 25 9 19 25 19 22 52 33 31 47 70 44 18 13 38 65 45 22 18 40 66 56 39 37 51 73 71 59 57 67 85
80 38 51 41 29 29 0 66 14 43 54 41 34 40 30 67 55 59 45 42 15 38 20 15 58 41 56 20 19 62 45 33 35 53 27 47 60 30 24 65 21 40 28 52 36 33 22 30 31 42 77 35 39 23 34 15 43 53 15 49 53 58 33 33 36 67 24 56 32 32 30 33 25 14 60 43 43 26 27 36 39 34 44 44 35 37 72 48 33 61 24 49 40 54 21 27 22 28 42 38 61 34 9 21 48 62 37 17 26 50 71 50 38 42 60 84 67 58 61 74 100 86 79 81 91
29 33 41 26 39 52 66 0 56 24 13 27 36 68 63 15 34 15 30 25 68 70 47 58 34 31 28 67 72 23 43 35 59 40 40 27 23 44 50 18 56 29 64 16 47 37 44 39 44 73 31 37 30 44 33 61 25 14 57 39 15 26 38 42 31 5 49 29 42 63 48 72 42 57 37 41 32 58 64 35 46 38 65 36 32 31 14 22 34 39 55 29 45 13 46 46 46 39 34 72 102 85 73 70 77 89 68 53 50 60 79 55 35 29 44 74 48 22 11 35 75 49 25 15 37
68 26 49 31 22 16 14 56 0 33 44 30 22 30 21 55 51 51 40 33 13 29 11 3 54 29 51 15 18 49 32 22 23 51 18 41 54 17 10 58 9 29 19 41 23 21 14 24 18 34 64 22 28 13 24 6 35 43 3 47 43 53 20 20 27 56 24 52 19 21 17 26 15 1 57 41 38 14 18 24 25 21 33 41 25 26 61 40 23 58 11 36 26 44 16 14 12 20 29 30 57 33 18 32 56 55 28 4 27 53 60 37 25 36 58 71 54 46 52 70 86 72 67 71 85
42 13 33 4 16 31 43 24 33 0 11 7 15 49 43 27 29 20 18 3 45 51 23 34 32 13 26 45 49 26 29 13 39 33 17 17 26 23 28 28 34 7 43 9 28 15 21 17 23 55 41 17 9 21 10 37 8 11 34 30 11 26 16 21 8 24 27 27 20 42 27 51 19 33 35 28 19 36 42 15 29 17 48 24 9 9 31 11 11 37 33 18 28 12 23 24 22 15 18 52 83 63 50 49 61 73 49 30 29 48 68 42 16 14 40 70 44 21 21 43 77 55 40 39 54
34 21 36 14 27 40 54 13 44 11 0 15 24 57 52 18 30 14 22 12 55 59 34 45 32 20 25 55 60 21 34 23 48 35 28 19 22 32 38 21 44 16 52 3 36 24 32 27 32 63 34 26 17 32 20 48 14 2 45 33 4 24 26 30 19 14 37 26 29 51 36 60 30 44 35 33 24 46 52 23 36 26 54 28 20 19 21 13 22 37 43 20 35 1 34 33 33 26 24 61 91 73 60 59 69 79 57 41 39 53 72 46 23 20 41 70 44 17 12 38 75 51 31 28 46
41 7 39 3 18 26 41 27 30 7 15 0 10 44 37 26 36 26 24 9 41 45 22 31 38 7 33 41 46 23 23 9 34 39 17 23 32 17 24 33 29 2 38 13 22 10 20 19 18 49 39 11 3 18 9 34 14 14 31 36 16 33 11 15 10 26 30 33 15 37 21 45 16 30 42 33 25 31 37 9 23 12 41 29 9 5 31 18 11 44 28 13 22 15 23 19 20 16 11 47 77 58 47 50 65 67 43 27 32 53 62 35 9 20 46 64 39 19 26 49 72 51 39 42 59
47 5 43 11 17 17 34 36 22 15 24 10 0 35 28 34 42 35 30 16 32 36 16 22 45 8 40 31 36 29 19 4 25 44 14 29 40 8 14 42 20 9 29 22 15 2 15 19 9 40 44 3 7 12 9 25 21 23 22 41 25 40 2 7 13 35 28 40 6 28 12 36 10 22 48 37 29 22 28 3 16 3 34 34 11 7 40 25 11 50 19 15 15 25 19 10 14 13 9 38 68 49 39 46 64 59 35 18 31 55 56 30 4 25 52 61 38 25 35 57 72 54 46 51 68
67 37 76 46 47 19 40 68 30 49 57 44 35 0 10 60 75 69 63 51 26 4 38 28 79 38 74 21 25 52 26 38 11 77 43 63 75 28 26 76 22 43 13 55 22 36 40 49 27 6 62 33 41 36 43 26 56 56 28 73 59 75 34 29 47 66 53 75 30 10 23 10 37 30 81 68 63 17 14 35 22 33 7 66 45 42 66 60 44 83 21 40 24 58 43 28 37 44 34 6 35 24 37 60 86 25 3 29 56 83 32 19 35 59 85 48 41 50 69 91 67 62 68 83 102
66 31 67 39 38 12 30 63 21 43 52 37 28 10 0 57 67 62 55 44 17 10 29 19 70 33 66 12 17 49 25 31 7 68 34 55 67 21 17 70 13 36 3 49 18 29 31 40 20 14 61 27 35 27 35 16 48 50 18 64 53 67 27 22 39 61 43 67 23 2 16 9 28 21 73 59 54 8 4 29 19 26 14 57 37 35 63 53 36 75 12 37 20 52 34 20 28 35 30 11 41 23 29 51 76 35 8 20 46 73 41 23 29 51 76 55 43 47 63 84 73 64 66 78 96
16 30 53 27 42 47 67 15 55 27 18 26 34 60 57 0 46 28 39 28 65 63 48 56 47 27 41 64 69 10 35 34 52 52 42 37 36 40 47 32 53 28 59 19 40 35 46 43 40 66 17 34 28 44 34 58 31 18 56 50 22 39 35 37 34 10 54 41 38 56 43 65 42 56 50 51 41 53 58 32 39 35 56 46 34 31 7 30 36 52 51 21 38 18 49 43 46 41 29 65 94 80 73 75 86 79 61 52 56 70 67 45 31 37 57 60 34 11 24 49 61 35 13 25 50
61 42 9 33 30 57 55 34 51 29 30 36 42 75 67 46 0 19 13 27 63 76 40 53 4 42 6 65 68 50 58 39 66 7 34 13 12 48 51 19 56 36 67 31 56 41 38 28 49 80 63 44 37 41 33 57 22 31 53 8 26 9 42 48 29 38 31 6 46 67 53 74 39 51 7 13 13 60 66 42 57 44 75 11 32 35 47 19 32 9 56 46 56 30 36 48 41 33 46 77 107 84 63 48 47 100 74 50 30 27 97 70 44 17 12 98 72 47 24 20 104 80 58 41 39
43 33 27 24 31 51 59 15 51 20 14 26 35 69 62 28 19 0 17 19 63 70 40 53 20 32 14 64 68 33 47 32 59 25 33 14 9 42 47 8 53 27 63 16 48 34 38 30 43 74 44 37 28 39 28 56 16 16 53 25 11 12 36 41 25 19 38 14 40 62 47 70 37 52 23 27 20 56 62 34 48 37 67 23 27 28 28 12 28 25 52 33 47 14 38 43 40 32 36 72 103 82 66 59 64 92 69 49 39 45 85 59 35 18 30 83 57 30 5 25 87 62 39 25 34
55 30 15 22 18 45 45 30 40 18 22 24 30 63 55 39 13 17 0 16 52 64 29 42 16 31 12 54 57 41 46 27 53 15 22 3 15 36 39 21 44 24 55 22 44 29 26 17 37 68 55 32 26 29 21 46 11 22 42 13 18 13 30 36 17 33 23 12 34 55 41 63 28 40 19 12 3 48 54 30 45 32 63 7 20 23 41 9 20 21 44 36 44 22 25 36 29 21 35 65 95 72 53 43 48 88 62 39 23 32 85 58 32 5 23 87 62 37 21 30 94 71 52 41 46
44 15 30 6 15 33 42 25 33 3 12 9 16 51 44 28 27 19 16 0 45 52 23 34 30 15 24 45 50 28 31 14 41 30 16 14 24 24 29 26 34 9 44 10 30 16 20 15 25 56 43 18 11 21 10 38 6 12 34 28 11 24 17 23 7 25 26 25 22 44 28 52 19 33 33 26 17 37 43 16 31 19 49 21 8 10 32 9 10 35 34 20 30 13 22 25 22 15 20 54 84 64 49 48 59 75 50 30 28 45 70 44 17 12 38 72 46 24 20 41 80 57 41 39 53
76 36 61 42 35 20 15 68 13 45 55 41 32 26 17 65 63 63 52 45 0 24 24 11 66 39 64 6 6 59 38 33 23 62 31 53 66 26 18 70 13 40 14 53 29 32 27 36 26 27 73 32 39 25 36 8 48 54 11 59 55 65 31 29 39 67 35 64 28 19 24 18 27 13 69 53 51 15 14 34 31 31 31 53 37 37 71 52 36 70 16 45 32 56 28 23 24 32 38 23 47 21 12 36 62 48 23 15 37 63 57 39 35 48 70 72 58 55 65 82 89 78 76 83 97
69 38 76 47 47 20 38 70 29 51 59 45 36 4 10 63 76 70 64 52 24 0 38 27 79 40 75 19 22 54 29 39 12 77 43 64 76 29 26 78 22 44 11 57 24 37 40 49 28 5 65 34 43 36 44 24 56 57 27 73 60 76 35 30 48 68 52 75 31 9 24 7 37 29 82 68 63 17 12 36 24 34 11 66 45 43 69 61 45 84 21 42 26 59 43 28 37 44 36 3 33 21 35 59 84 26 2 29 55 82 34 23 36 60 85 51 44 52 70 92 70 65 71 85 104
61 20 39 22 11 20 20 47 11 23 34 22 16 38 29 48 40 40 29 23 24 38 0 13 44 22 40 25 29 43 31 14 29 40 8 30 43 15 13 47 16 20 27 32 24 14 3 13 17 42 59 17 20 4 14 17 25 33 14 37 33 42 15 17 16 47 16 41 15 29 18 35 6 12 46 31 27 21 26 18 26 16 39 30 15 17 53 29 13 48 18 30 26 35 6 13 2 9 24 39 68 44 27 31 52 63 36 10 19 45 65 40 19 25 48 73 52 39 42 59 86 69 60 61 74
68 27 51 32 24 15 15 58 3 34 45 31 22 28 19 56 53 53 42 34 11 27 13 0 56 29 53 13 16 50 31 23 21 53 20 43 56 17 10 60 7 30 17 43 22 22 16 26 18 32 65 23 29 14 25 4 37 44 1 49 45 55 21 20 28 57 26 54 19 19 16 24 16 3 59 43 40 13 16 24 25 21 32 43 27 27 61 42 25 60 10 36 26 45 18 14 14 22 29 28 55 31 18 33 58 53 26 5 29 55 58 36 25 38 61 70 53 46 54 72 85 72 67 73 86
62 44 10 36 33 60 58 34 54 32 32 38 45 79 70 47 4 20 16 30 66 79 44 56 0 45 7 68 72 52 61 42 69 8 37 16 12 52 54 19 59 38 70 33 59 44 41 31 52 83 64 47 40 44 36 60 25 33 57 10 28 9 45 51 32 39 34 7 50 70 56 78 43 55 4 16 17 63 69 45 60 47 78 15 35 38 48 21 35 6 59 49 59 32 39 51 44 36 49 80 110 87 66 51 48 103 77 53 33 28 100 73 46 20 10 101 74 48 25 17 106 81 58 41 37
40 3 45 10 22 22 41 31 29 13 20 7 8 38 33 27 42 32 31 15 39 40 22 29 45 0 39 37 43 21 17 9 28 45 20 29 38 14 21 39 26 7 34 17 16 9 22 23 14 43 37 7 6 19 12 32 21 18 29 42 21 39 9 11 15 29 33 40 11 32 17 41 17 29 48 39 31 27 33 6 17 9 35 36 13 9 33 24 15 50 25 8 16 20 25 16 21 19 5 42 72 54 46 53 70 61 38 25 36 58 55 29 5 26 53 58 33 18 31 55 67 48 38 46 65
56 39 14 30 30 55 56 28 51 26 25 33 40 74 66 41 6 14 12 24 64 75 40 53 7 39 0 65 69 45 55 37 64 12 34 11 7 47 50 14 55 33 66 26 54 39 38 28 48 79 58 42 35 40 32 57 19 27 53 13 22 3 41 46 28 32 33 1 45 66 51 74 39 52 10 17 14 59 65 40 55 42 73 14 30 33 41 16 30 12 55 43 54 25 37 47 40 32 43 76 106 84 64 52 52 98 73 50 32 33 94 67 41 16 17 94 68 42 18 19 99 75 52 36 36
74 35 63 42 36 18 20 67 15 45 55 41 31 21 12 64 65 64 54 45 6 19 25 13 68 37 65 0 6 57 34 33 18 65 32 54 67 24 17 71 12 39 9 53 26 31 28 38 24 22 70 31 38 26 36 9 49 54 12 61 55 67 30 27 39 66 38 66 27 14 21 13 27 14 71 55 52 12 9 33 27 30 26 55 38 37 70 53 36 73 13 43 29 55 30 22 25 33 36 18 43 19 17 41 67 43 18 16 40 67 52 34 33 50 73 67 54 53 65 83 84 75 74 82 98
80 40 66 47 40 23 19 72 18 49 60 46 36 25 17 69 68 68 57 50 6 22 29 16 72 43 69 6 0 62 40 37 24 67 36 58 71 30 23 75 17 44 14 57 31 36 32 41 30 25 76 36 43 30 41 13 53 59 16 64 60 70 35 32 44 71 40 69 32 19 27 16 32 18 74 58 56 18 14 38 33 35 30 58 42 42 75 57 40 75 19 49 35 60 33 27 29 37 41 21 42 16 14 40 66 45 22 20 42 68 56 40 39 53 75 71 60 59 69 87 89 80 80 87 102
19 24 55 24 40 40 62 23 49 26 21 23 29 52 49 10 50 33 41 28 59 54 43 50 52 21 45 57 62 0 26 30 43 55 39 39 41 33 41 39 46 24 51 20 32 30 42 41 33 57 16 28 24 40 31 52 32 19 49 53 24 44 30 31 32 18 52 46 32 48 36 57 38 50 55 52 43 46 51 27 31 29 47 47 31 27 16 32 34 57 44 14 29 20 45 36 42 38 22 56 85 72 67 73 86 69 52 46 54 72 58 35 25 38 61 52 25 5 29 56 55 31 18 34 58
41 17 61 26 35 18 45 43 32 29 34 23 19 26 25 35 58 47 46 31 38 29 31 31 61 17 55 34 40 26 0 22 19 61 32 45 54 16 22 54 25 23 27 32 10 20 32 37 15 32 37 16 21 27 27 32 37 32 31 58 36 55 19 15 30 40 45 56 16 24 16 32 27 32 64 54 47 23 27 17 7 17 22 51 28 24 41 40 29 66 23 15 6 34 36 19 29 31 12 31 60 47 48 61 82 46 27 29 48 73 39 13 16 42 69 43 22 24 46 71 56 41 42 57 79
48 7 40 10 14 19 33 35 22 13 23 9 4 38 31 34 39 32 27 14 33 39 14 23 42 9 37 33 37 30 22 0 28 41 11 26 37 11 16 40 21 7 31 20 18 3 13 16 11 43 45 6 7 10 6 26 18 22 22 37 23 37 4 10 10 35 25 37 8 30 15 39 9 22 45 33 26 24 30 5 19 6 37 30 7 5 40 23 8 47 21 17 19 23 17 11 12 11 12 40 71 51 39 44 61 62 37 19 28 51 59 33 7 22 49 64 41 26 33 54 75 56 46 50 66
60 27 66 36 38 10 35 59 23 39 48 34 25 11 7 52 66 59 53 41 23 12 29 21 69 28 64 18 24 43 19 28 0 67 33 53 65 18 17 66 15 33 10 45 13 26 31 40 17 16 55 23 31 27 33 20 45 46 21 63 49 65 24 19 37 56 44 65 20 6 13 14 27 23 72 58 53 9 10 25 13 23 11 56 35 32 58 50 34 73 12 31 15 48 34 18 28 34 25 14 44 29 34 54 78 35 10 21 47 74 37 17 25 49 75 50 37 41 59 81 67 58 60 73 92
67 44 3 36 30 58 53 40 51 33 35 39 44 77 68 52 7 25 15 30 62 77 40 53 8 45 12 65 67 55 61 41 67 0 34 17 19 50 52 25 56 39 67 35 58 43 38 28 51 81 68 46 40 41 35 56 25 36 53 4 31 15 44 50 31 44 29 12 48 68 54 75 40 51 8 10 15 61 66 45 59 46 76 11 34 38 53 23 33 9 57 50 59 35 36 49 41 33 49 78 107 83 61 44 41 101 75 50 27 21 99 73 46 19 9 102 76 51 30 24 109 85 63 47 44
57 17 33 16 5 24 27 40 18 17 28 17 14 43 34 42 34 33 22 16 31 43 8 20 37 20 34 32 36 39 32 11 33 34 0 23 36 17 18 40 22 16 33 26 26 12 5 7 18 47 55 16 16 7 9 24 18 27 20 31 27 35 13 18 10 41 14 34 16 34 21 41 6 19 40 26 21 27 32 16 28 15 43 24 9 12 47 22 7 42 23 27 28 28 7 16 7 2 22 44 74 51 34 34 51 68 41 17 17 42 68 42 18 18 42 74 52 35 35 52 86 67 55 55 67
53 29 17 20 19 44 47 27 41 17 19 23 29 63 55 37 13 14 3 14 53 64 30 43 16 29 11 54 58 39 45 26 53 17 23 0 14 36 39 19 44 23 55 19 43 28 27 18 37 68 53 32 25 29 21 46 9 20 43 15 16 13 30 35 17 30 25 12 34 55 40 63 28 41 19 15 6 48 54 30 44 31 62 10 19 23 39 7 20 21 45 34 44 20 27 36 30 22 34 65 95 73 55 45 51 87 62 39 25 34 84 57 31 5 24 86 60 35 18 30 92 69 49 39 45
51 39 20 30 32 56 60 23 54 26 22 32 40 75 67 36 12 9 15 24 66 76 43 56 12 38 7 67 71 41 54 37 65 19 36 14 0 48 52 7 57 33 67 23 54 39 40 31 48 80 53 42 34 42 33 59 20 23 56 19 19 4 41 46 29 27 38 7 45 67 52 75 41 54 15 23 18 60 66 40 54 42 73 19 31 33 36 15 32 17 57 41 53 22 40 48 43 35 43 77 108 86 68 57 58 98 74 52 37 39 93 66 41 19 22 92 65 39 13 17 95 70 47 29 32
51 11 49 19 21 9 30 44 17 23 32 17 8 28 21 40 48 42 36 24 26 29 15 17 52 14 47 24 30 33 16 11 18 50 17 36 48 0 8 50 13 16 21 29 9 9 16 24 2 33 48 7 15 12 16 19 28 31 17 47 33 47 7 3 20 42 30 47 3 20 5 29 12 18 55 42 36 14 20 9 11 6 27 40 17 15 46 33 17 56 12 20 11 32 20 4 14 18 12 30 61 41 34 46 66 52 27 14 33 59 51 25 10 32 58 58 38 30 42 64 72 56 51 59 76
59 18 50 25 22 8 24 50 10 28 38 24 14 26 17 47 51 47 39 29 18 26 13 10 54 21 50 17 23 41 22 16 17 52 18 39 52 8 0 55 6 22 16 36 14 14 15 24 9 30 55 14 21 11 20 11 32 37 9 48 38 51 13 11 23 49 28 51 10 17 7 24 12 10 57 43 38 10 15 16 16 13 27 41 21 20 53 37 20 59 6 27 17 38 18 5 12 19 20 27 57 35 27 40 63 51 24 7 31 58 53 29 17 35 60 63 44 37 48 68 77 63 58 65 81
46 40 27 31 37 58 65 18 58 28 21 33 42 76 70 32 19 8 21 26 70 78 47 60 19 39 14 71 75 39 54 40 66 25 40 19 7 50 55 0 60 34 70 23 55 42 44 36 50 82 49 44 36 46 35 63 23 23 60 26 18 11 43 48 32 23 43 14 47 69 54 78 44 58 21 30 24 63 69 42 55 44 74 26 34 36 31 18 35 23 60 40 54 21 45 51 47 39 43 80 110 89 73 64 65 99 76 56 43 46 92 67 42 23 28 90 63 36 10 18 92 66 42 23 27
64 24 55 31 27 9 21 56 9 34 44 29 20 22 13 53 56 53 44 34 13 22 16 7 59 26 55 12 17 46 25 21 15 56 22 44 57 13 6 60 0 28 12 41 16 20 19 29 13 26 60 20 27 16 25 7 38 42 7 52 44 56 19 16 29 55 31 56 15 13 11 19 17 9 62 47 43 6 11 21 19 18 25 46 27 26 59 42 26 63 3 32 20 44 22 11 16 23 25 23 52 30 23 40 64 47 20 7 34 61 52 29 22 40 64 63 47 43 54 73 79 66 63 71 87
42 7 38 4 17 25 40 29 29 7 16 2 9 43 36 28 36 27 24 9 40 44 20 30 38 7 33 39 44 24 23 7 33 39 16 23 33 16 22 34 28 0 37 14 21 9 19 18 17 48 40 10 2 17 7 33 14 15 29 36 17 33 10 15 9 28 28 34 14 36 20 44 15 29 42 33 24 30 36 8 22 11 41 29 8 4 33 18 10 44 27 13 21 17 22 18 19 14 11 46 76 57 46 49 64 66 42 26 31 52 62 35 9 20 46 64 39 20 27 50 73 52 40 44 60
68 32 66 40 38 13 28 64 19 43 52 38 29 13 3 59 67 63 55 44 14 11 27 17 70 34 66 9 14 51 27 31 10 67 33 55 67 21 16 70 12 37 0 50 19 29 30 40 21 15 63 27 35 26 35 14 48 51 16 63 53 67 27 23 39 62 42 66 23 5 17 8 28 19 73 58 54 7 2 29 21 27 17 57 37 35 65 53 36 74 11 38 22 53 33 20 27 34 31 12 41 21 26 48 74 37 10 18 45 71 44 26 30 50 75 58 46 48 63 84 76 67 68 79 96
35 19 36 11 25 38 52 16 41 9 3 13 22 55 49 19 31 16 22 10 53 57 32 43 33 17 26 53 57 20 32 20 45 35 26 19 23 29 36 23 41 14 50 0 33 22 30 25 30 60 34 23 15 29 18 46 13 2 42 33 5 25 23 27 17 15 36 27 27 49 33 57 27 42 36 33 23 43 49 21 33 24 52 28 17 16 22 13 20 38 40 18 32 3 32 31 31 24 21 58 89 70 58 57 68 77 55 38 37 53 70 44 21 19 42 69 42 17 14 40 74 50 32 30 48
49 15 57 24 30 9 36 47 23 28 36 22 15 22 18 40 56 48 44 30 29 24 24 22 59 16 54 26 31 32 10 18 13 58 26 43 54 9 14 55 16 21 19 33 0 16 25 32 8 27 45 12 20 20 23 23 35 34 22 54 37 54 14 9 27 44 39 54 10 17 7 26 20 23 62 50 43 14 19 14 3 12 20 47 25 21 46 39 25 64 14 19 4 36 29 11 22 26 13 26 56 40 39 53 75 45 22 20 42 67 43 17 13 39 66 50 31 29 47 71 64 51 49 61 81
48 6 42 11 16 17 33 37 21 15 24 10 2 36 29 35 41 34 29 16 32 37 14 22 44 9 39 31 36 30 20 3 26 43 12 28 39 9 14 42 20 9 29 22 16 0 14 18 9 41 45 4 8 10 8 24 20 23 21 39 25 39 2 8 12 36 26 39 6 28 13 37 9 21 47 35 28 22 28 4 17 4 35 33 10 7 40 25 10 49 19 17 17 25 17 10 13 12 10 38 69 49 38 45 63 60 35 18 29 53 57 31 6 24 51 63 40 26 35 56 74 56 47 52 68
60 19 36 20 8 22 22 44 14 21 32 20 15 40 31 46 38 38 26 20 27 40 3 16 41 22 38 28 32 42 32 13 31 38 5 27 40 16 15 44 19 19 30 30 25 14 0 10 17 44 58 17 18 5 12 20 22 31 16 34 31 39 14 18 14 45 14 38 16 31 19 38 5 15 43 28 25 24 29 17 27 16 41 27 13 15 51 26 11 45 20 30 27 32 4 14 4 6 23 41 70 47 29 32 51 65 39 13 17 43 66 41 19 22 46 74 52 38 39 56 86 69 58 59 71
58 21 27 18 3 31 30 39 24 17 27 19 19 49 40 43 28 30 17 15 36 49 13 26 31 23 28 38 41 41 37 16 40 28 7 18 31 24 24 36 29 18 40 25 32 18 10 0 25 54 57 22 19 14 12 30 15 27 26 24 25 30 19 24 10 40 11 28 22 41 27 47 13 24 34 19 15 33 39 21 34 21 50 18 11 15 47 19 9 35 29 31 33 27 9 22 13 6 27 51 80 56 37 33 47 74 48 23 13 36 74 48 22 13 36 80 56 37 32 46 90 70 56 53 62
51 11 50 20 22 9 31 44 18 23 32 18 9 27 20 40 49 43 37 25 26 28 17 18 52 14 48 24 30 33 15 11 17 51 18 37 48 2 9 50 13 17 21 30 8 9 17 25 0 32 47 7 15 13 17 19 29 31 17 48 33 48 8 3 21 43 31 48 4 20 4 28 13 18 55 43 37 14 20 9 10 7 26 41 18 15 46 33 18 57 12 19 10 33 21 4 15 19 12 30 60 41 35 47 68 51 26 14 34 60 50 24 10 33 59 57 37 30 43 65 70 55 50 59 77
71 42 80 51 52 24 42 73 34 55 63 49 40 6 14 66 80 74 68 56 27 5 42 32 83 43 79 22 25 57 32 43 16 81 47 68 80 33 30 82 26 48 15 60 27 41 44 54 32 0 66 38 46 40 48 29 60 61 31 78 64 80 39 34 52 71 57 79 35 14 28 10 41 34 86 72 67 21 17 40 27 38 11 71 50 47 72 65 49 88 25 45 29 63 47 32 41 48 40 5 29 21 38 63 88 22 6 33 60 86 31 24 40 64 89 49 45 55 74 97 69 66 73 88 108
6 40 69 40 56 53 77 31 64 41 34 39 44 62 61 17 63 44 55 43 73 65 59 65 64 37 58 70 76 16 37 45 55 68 55 53 53 48 55 49 60 40 63 34 45 45 58 57 47 66 0 43 40 55 47 66 47 33 64 67 38 56 45 45 48 26 68 58 46 60 50 69 53 65 67 67 57 59 63 42 43 44 56 62 47 43 18 47 49 69 58 29 42 34 61 51 57 54 36 67 93 83 82 88 102 75 63 61 70 86 60 43 40 53 74 48 26 20 40 65 45 19 10 36 63
46 5 46 13 20 15 35 37 22 17 26 11 3 33 27 34 44 37 32 18 32 34 17 23 47 7 42 31 36 28 16 6 23 46 16 32 42 7 14 44 20 10 27 23 12 4 17 22 7 38 43 0 9 13 12 25 23 24 22 43 26 42 3 5 15 36 30 43 5 26 11 35 12 23 50 39 32 21 27 3 13 2 31 36 13 9 40 27 14 52 18 14 13 26 21 9 15 16 7 36 67 48 40 48 67 57 33 19 33 57 54 27 3 28 54 59 36 24 36 59 70 52 45 52 70
42 5 40 5 17 24 39 30 28 9 17 3 7 41 35 28 37 28 26 11 39 43 20 29 40 6 35 38 43 24 21 7 31 40 16 25 34 15 21 36 27 2 35 15 20 8 18 19 15 46 40 9 0 16 8 32 16 16 28 37 18 35 9 13 10 29 29 35 12 34 19 43 15 28 43 34 26 29 35 7 21 9 39 31 9 4 33 20 11 45 26 13 20 18 22 17 18 15 10 44 75 56 45 49 65 64 41 25 32 53 60 33 7 21 48 63 38 20 28 51 72 52 40 45 62
58 16 40 19 12 18 23 44 13 21 32 18 12 36 27 44 41 39 29 21 25 36 4 14 44 19 40 26 30 40 27 10 27 41 7 29 42 12 11 46 16 17 26 29 20 10 5 14 13 40 55 13 16 0 12 18 23 31 14 38 31 41 11 13 14 44 19 41 12 27 15 34 2 13 47 32 28 20 25 14 23 12 37 31 13 14 49 28 11 48 16 27 23 32 9 10 3 8 20 37 67 44 30 35 55 61 35 10 22 48 62 36 16 25 49 70 48 36 40 58 82 65 56 59 73
49 11 35 8 10 24 34 33 24 10 20 9 9 43 35 34 33 28 21 10 36 44 14 25 36 12 32 36 41 31 27 6 33 35 9 21 33 16 20 35 25 7 35 18 23 8 12 12 17 48 47 12 8 12 0 29 13 20 25 32 20 32 10 15 4 33 22 32 14 35 20 43 10 24 39 28 21 28 34 10 25 11 42 25 2 4 39 18 3 41 25 20 24 21 15 16 13 8 16 45 76 54 41 42 58 67 42 21 24 47 65 38 12 17 43 69 45 27 29 49 79 59 47 48 62
70 29 55 35 28 15 15 61 6 37 48 34 25 26 16 58 57 56 46 38 8 24 17 4 60 32 57 9 13 52 32 26 20 56 24 46 59 19 11 63 7 33 14 46 23 24 20 30 19 29 66 25 32 18 29 0 41 47 4 53 48 58 24 22 32 60 30 57 21 17 17 20 20 6 63 47 44 11 13 27 25 24 30 46 30 30 64 45 28 64 10 38 26 48 21 16 17 25 31 25 52 27 16 35 60 50 23 8 32 59 56 35 28 42 64 69 53 48 57 75 85 73 69 76 90
47 20 25 12 15 37 43 25 35 8 14 14 21 56 48 31 22 16 11 6 48 56 25 37 25 21 19 49 53 32 37 18 45 25 18 9 20 28 32 23 38 14 48 13 35 20 22 15 29 60 47 23 16 23 13 41 0 14 37 23 11 20 22 27 10 27 24 20 26 48 33 56 22 36 28 21 12 41 47 21 36 23 54 16 12 14 34 5 13 30 38 26 35 14 23 29 24 16 25 58 88 67 51 46 56 79 55 33 26 41 75 49 22 7 33 77 52 28 18 37 85 62 44 38 50
33 20 37 13 26 39 53 14 43 11 2 14 23 56 50 18 31 16 22 12 54 57 33 44 33 18 27 54 59 19 32 22 46 36 27 20 23 31 37 23 42 15 51 2 34 23 31 27 31 61 33 24 16 31 20 47 14 0 44 34 6 25 24 28 18 14 37 27 28 50 34 58 29 43 36 34 24 44 50 22 34 25 53 29 19 18 21 14 21 38 41 18 33 2 33 32 32 26 22 59 90 71 60 59 69 78 56 40 39 54 70 45 22 20 42 69 42 16 14 40 73 49 30 29 47
67 26 52 32 24 14 15 57 3 34 45 31 22 28 18 56 53 53 42 34 11 27 14 1 57 29 53 12 16 49 31 22 21 53 20 43 56 17 9 60 7 29 16 42 22 21 16 26 17 31 64 22 28 14 25 4 37 44 0 49 44 55 21 19 28 57 26 54 18 19 16 23 16 3 59 44 40 12 15 24 24 21 31 43 26 27 61 42 25 61 9 36 25 45 18 14 14 22 28 27 55 31 18 34 58 52 25 4 29 56 57 35 25 38 61 69 52 46 54 72 85 71 67 72 86
66 41 3 33 26 54 49 39 47 30 33 36 41 73 64 50 8 25 13 28 59 73 37 49 10 42 13 61 64 53 58 37 63 4 31 15 19 47 48 26 52 36 63 33 54 39 34 24 48 78 67 43 37 38 32 53 23 34 49 0 29 16 41 46 28 43 25 13 45 64 51 71 37 47 11 7 12 57 62 42 56 43 73 7 30 35 52 21 30 12 53 48 55 33 32 46 37 30 46 74 104 79 57 41 40 98 72 46 24 21 96 70 43 17 12 99 74 49 29 27 106 83 62 48 47
37 22 32 14 25 41 53 15 43 11 4 16 25 59 53 22 26 11 18 11 55 60 33 45 28 21 22 55 60 24 36 23 49 31 27 16 19 33 38 18 44 17 53 5 37 25 31 25 33 64 38 26 18 31 20 48 11 6 44 29 0 20 26 31 18 16 35 22 30 52 37 61 29 44 31 30 20 46 52 24 38 27 56 25 19 19 24 9 21 33 43 23 36 4 32 34 32 25 25 62 93 73 60 57 65 81 58 41 36 49 75 49 25 16 37 74 47 21 10 35 78 54 34 29 44
54 39 17 30 31 56 58 26 53 26 24 33 40 75 67 39 9 12 13 24 65 76 42 55 9 39 3 67 70 44 55 37 65 15 35 13 4 47 51 11 56 33 67 25 54 39 39 30 48 80 56 42 35 41 32 58 20 25 55 16 20 0 41 46 29 30 35 3 45 67 52 75 40 53 12 20 16 60 66 40 55 42 73 16 31 34 39 15 31 14 56 42 54 24 38 48 42 34 43 77 107 85 66 55 55 98 74 51 35 35 94 67 41 17 19 93 67 41 16 18 98 73 50 33 34
48 6 44 13 17 16 33 38 20 16 26 11 2 34 27 35 42 36 30 17 31 35 15 21 45 9 41 30 35 30 19 4 24 44 13 30 41 7 13 43 19 10 27 23 14 2 14 19 8 39 45 3 9 11 10 24 22 24 21 41 26 41 0 6 14 37 27 41 5 27 11 35 9 21 48 37 30 21 27 4 15 2 33 34 11 8 41 26 12 50 18 17 15 26 18 8 13 13 10 37 67 48 38 45 64 58 33 17 30 55 56 29 5 26 52 61 39 26 36 58 73 55 47 53 70
49 9 49 18 22 11 33 42 20 21 30 15 7 29 22 37 48 41 36 23 29 30 17 20 51 11 46 27 32 31 15 10 19 50 18 35 46 3 11 48 16 15 23 27 9 8 18 24 3 34 45 5 13 13 15 22 27 28 19 46 31 46 6 0 19 40 31 46 2 22 7 31 13 20 54 42 35 17 23 7 10 4 27 39 17 13 43 31 17 56 14 17 10 30 22 6 15 18 9 32 62 44 37 48 68 53 28 16 34 59 51 24 7 31 58 57 36 27 41 63 70 53 48 57 74
49 14 31 8 9 28 36 31 27 8 19 10 13 47 39 34 29 25 17 7 39 48 16 28 32 15 28 39 44 32 30 10 37 31 10 17 29 20 23 32 29 9 39 17 27 12 14 10 21 52 48 15 10 14 4 32 10 18 28 28 18 29 14 19 0 32 20 28 18 39 24 47 12 27 35 25 17 32 38 14 28 15 46 21 3 7 38 14 4 37 28 22 28 19 15 20 15 8 19 49 79 58 43 42 56 71 46 24 23 43 68 42 15 13 39 72 48 28 26 46 82 61 47 46 59
24 32 45 26 40 50 67 5 56 24 14 26 35 66 61 10 38 19 33 25 67 68 47 57 39 29 32 66 71 18 40 35 56 44 41 30 27 42 49 23 55 28 62 15 44 36 45 40 43 71 26 36 29 44 33 60 27 14 57 43 16 30 37 40 32 0 50 33 40 60 46 69 42 56 42 44 35 56 62 34 44 37 62 39 32 31 9 24 35 44 53 26 42 13 47 45 46 39 32 70 100 83 73 72 80 86 66 53 52 63 75 52 33 32 48 69 43 18 15 40 70 44 20 17 41
69 31 27 28 12 35 24 49 24 27 37 30 28 53 43 54 31 38 23 26 35 52 16 26 34 33 33 38 40 52 45 25 44 29 14 25 38 30 28 43 31 28 42 36 39 26 14 11 31 57 68 30 29 19 22 30 24 37 26 25 35 35 27 31 20 50 0 33 29 44 33 49 19 24 36 19 20 36 41 30 41 29 54 20 21 26 58 28 19 37 33 41 41 38 11 28 17 15 36 53 81 55 33 22 37 78 51 24 4 30 80 55 31 21 36 88 65 48 41 51 100 80 67 62 68
57 40 14 31 30 56 56 29 52 27 26 33 40 75 67 41 6 14 12 25 64 75 41 54 7 40 1 66 69 46 56 37 65 12 34 12 7 47 51 14 56 34 66 27 54 39 38 28 48 79 58 43 35 41 32 57 20 27 54 13 22 3 41 46 28 33 33 0 45 67 52 74 39 52 10 17 14 60 65 41 55 42 73 14 30 34 42 16 31 12 56 43 54 26 37 47 41 33 44 77 107 84 65 52 52 99 74 50 33 32 94 68 42 16 16 95 68 43 19 18 100 75 52 36 36
50 9 48 17 20 12 32 42 19 20 29 15 6 30 23 38 46 40 34 22 28 31 15 19 50 11 45 27 32 32 16 8 20 48 16 34 45 3 10 47 15 14 23 27 10 6 16 22 4 35 46 5 12 12 14 21 26 28 18 45 30 45 5 2 18 40 29 45 0 23 7 31 11 19 53 41 34 17 23 7 12 4 29 38 15 12 44 30 16 54 14 18 12 30 20 5 14 16 10 33 63 44 36 46 66 54 29 15 33 58 52 26 7 30 56 59 37 28 40 62 71 55 49 56 74
65 30 67 39 38 11 32 63 21 42 51 37 28 10 2 56 67 62 55 44 19 9 29 19 70 32 66 14 19 48 24 30 6 68 34 55 67 20 17 69 13 36 5 49 17 28 31 41 20 14 60 26 34 27 35 17 48 50 19 64 52 67 27 22 39 60 44 67 23 0 16 9 28 21 73 59 54 8 5 28 18 26 13 58 37 34 62 52 36 75 12 36 19 51 34 20 28 35 29 11 41 24 30 52 77 34 8 20 47 73 40 22 28 51 76 54 42 46 62 84 71 63 65 77 96
53 15 53 23 25 5 30 48 17 27 36 21 12 23 16 43 53 47 41 28 24 24 18 16 56 17 51 21 27 36 16 15 13 54 21 40 52 5 7 54 11 20 17 33 7 13 19 27 4 28 50 11 19 15 20 17 33 34 16 51 37 52 11 7 24 46 33 52 7 16 0 25 15 17 59 46 40 11 17 13 9 10 23 44 22 19 49 37 21 61 9 22 10 36 23 5 16 21 15 26 57 38 33 47 69 48 23 13 36 62 48 22 13 36 62 56 37 33 47 69 70 56 53 63 80
73 39 74 47 45 20 33 72 26 51 60 45 36 10 9 65 74 70 63 52 18 7 35 24 78 41 74 13 16 57 32 39 14 75 41 63 75 29 24 78 19 44 8 57 26 37 38 47 28 10 69 35 43 34 43 20 56 58 23 71 61 75 35 31 47 69 49 74 31 9 25 0 36 26 80 66 62 15 9 37 27 34 17 65 45 43 71 60 44 82 19 45 28 60 40 28 35 42 38 6 33 15 29 54 80 30 7 26 52 78 40 28 37 58 83 57 49 55 71 92 76 70 74 86 104
56 14 39 17 11 18 25 42 15 19 30 16 10 37 28 42 39 37 28 19 27 37 6 16 43 17 39 27 32 38 27 9 27 40 6 28 41 12 12 44 17 15 28 27 20 9 5 13 13 41 53 12 15 2 10 20 22 29 16 37 29 40 9 13 12 42 19 39 11 28 15 36 0 15 45 32 26 21 27 12 22 11 37 30 11 12 47 26 9 47 17 25 22 30 9 10 4 7 19 38 68 46 31 36 56 62 36 12 22 48 62 36 14 23 48 69 47 34 38 57 82 64 54 57 71
68 26 49 31 23 16 14 57 1 33 44 30 22 30 21 56 51 52 40 33 13 29 12 3 55 29 52 14 18 50 32 22 23 51 19 41 54 18 10 58 9 29 19 42 23 21 15 24 18 34 65 23 28 13 24 6 36 43 3 47 44 53 21 20 27 56 24 52 19 21 17 26 15 0 57 41 39 14 18 24 26 21 33 41 25 26 61 40 24 59 12 36 27 45 16 15 12 20 29 30 57 33 18 32 56 55 28 4 27 53 60 38 25 36 59 72 54 46 53 70 87 73 67 72 85
65 48 10 39 36 63 60 37 57 35 35 42 48 81 73 50 7 23 19 33 69 82 46 59 4 48 10 71 74 55 64 45 72 8 40 19 15 55 57 21 62 42 73 36 62 47 43 34 55 86 67 50 43 47 39 63 28 36 59 11 31 12 48 54 35 42 36 10 53 73 59 80 45 57 0 18 19 66 72 48 63 50 81 17 38 41 50 25 38 3 62 52 62 35 42 54 46 39 52 83 113 89 68 52 47 106 80 56 34 27 103 76 49 23 7 104 77 52 27 17 109 84 61 43 37
67 38 9 31 21 49 43 41 41 28 33 33 37 68 59 51 13 27 12 26 53 68 31 43 16 39 17 55 58 52 54 33 58 10 26 15 23 42 43 30 47 33 58 33 50 35 28 19 43 72 67 39 34 32 28 47 21 34 44 7 30 20 37 42 25 44 19 17 41 59 46 66 32 41 18 0 10 52 57 38 52 39 68 5 27 31 53 21 26 19 48 45 52 33 26 41 32 25 43 69 98 73 51 35 37 93 66 41 17 20 92 66 39 15 18 97 72 48 32 33 105 82 63 51 52
57 30 15 22 17 44 43 32 38 19 24 25 29 63 54 41 13 20 3 17 51 63 27 40 17 31 14 52 56 43 47 26 53 15 21 6 18 36 38 24 43 24 54 23 43 28 25 15 37 67 57 32 26 28 21 44 12 24 40 12 20 16 30 35 17 35 20 14 34 54 40 62 26 39 19 10 0 47 53 30 45 32 62 5 19 23 44 11 19 21 43 36 44 24 23 35 28 20 35 64 94 71 51 40 46 87 61 37 20 30 85 58 32 5 23 88 63 39 23 32 96 73 54 44 49
63 25 60 33 31 6 26 58 14 36 46 31 22 17 8 53 60 56 48 37 15 17 21 13 63 27 59 12 18 46 23 24 9 61 27 48 60 14 10 63 6 30 7 43 14 22 24 33 14 21 59 21 29 20 28 11 41 44 12 57 46 60 21 17 32 56 36 60 17 8 11 15 21 14 66 52 47 0 7 23 16 20 19 50 30 28 59 46 29 68 4 32 18 46 27 13 21 28 25 18 48 28 26 45 70 42 15 13 39 66 46 25 23 44 69 58 43 42 56 77 75 64 63 73 90
68 31 65 39 37 12 27 64 18 42 52 37 28 14 4 58 66 62 54 43 14 12 26 16 69 33 65 9 14 51 27 30 10 66 32 54 66 20 15 69 11 36 2 49 19 28 29 39 20 17 63 27 35 25 34 13 47 50 15 62 52 66 27 23 38 62 41 65 23 5 17 9 27 18 72 57 53 7 0 29 21 26 18 56 36 34 64 52 35 73 10 38 22 52 32 19 26 33 31 13 42 22 25 47 73 38 11 17 44 70 44 26 29 49 74 59 46 48 62 83 76 67 68 79 96
45 3 44 11 19 17 36 35 24 15 23 9 3 35 29 32 42 34 30 16 34 36 18 24 45 6 40 33 38 27 17 5 25 45 16 30 40 9 16 42 21 8 29 21 14 4 17 21 9 40 42 3 7 14 10 27 21 22 24 42 24 40 4 7 14 34 30 41 7 28 13 37 12 24 48 38 30 23 29 0 15 4 33 35 12 7 38 25 13 50 20 13 14 24 21 11 16 15 7 38 69 50 41 48 66 59 35 20 33 56 55 28 2 26 53 60 36 23 34 57 70 52 44 50 68
48 16 59 25 32 11 39 46 25 29 36 23 16 22 19 39 57 48 45 31 31 24 26 25 60 17 55 27 33 31 7 19 13 59 28 44 54 11 16 55 19 22 21 33 3 17 27 34 10 27 43 13 21 23 25 25 36 34 24 56 38 55 15 10 28 44 41 55 12 18 9 27 22 26 63 52 45 16 21 15 0 14 19 49 26 22 45 40 27 65 16 19 2 36 31 14 24 28 13 26 56 41 41 56 77 44 23 22 44 69 41 15 14 41 67 48 29 28 47 71 62 48 48 61 81
47 6 45 14 19 15 34 38 21 17 26 12 3 33 26 35 44 37 32 19 31 34 16 21 47 9 42 30 35 29 17 6 23 46 15 31 42 6 13 44 18 11 27 24 12 4 16 21 7 38 44 2 9 12 11 24 23 25 21 43 27 42 2 4 15 37 29 42 4 26 10 34 11 21 50 39 32 20 26 4 14 0 31 36 13 9 41 27 13 52 17 16 13 27 20 8 14 15 9 36 66 47 38 46 66 57 32 17 32 56 54 28 5 27 54 60 37 26 37 59 71 54 46 53 70
61 35 76 44 47 20 44 65 33 48 54 41 34 7 14 56 75 67 63 49 31 11 39 32 78 35 73 26 30 47 22 37 11 76 43 62 73 27 27 74 25 41 17 52 20 35 41 50 26 11 56 31 39 37 42 30 54 53 31 73 56 73 33 27 46 62 54 73 29 13 23 17 37 33 81 68 62 19 18 33 19 31 0 66 44 40 62 58 44 83 23 36 20 55 45 28 38 44 31 13 39 31 43 64 89 26 10 31 58 84 27 13 33 58 84 42 34 45 66 90 60 55 62 79 99
62 34 10 27 20 47 44 36 41 24 28 29 34 66 57 46 11 23 7 21 53 66 30 43 15 36 14 55 58 47 51 30 56 11 24 10 19 40 41 26 46 29 57 28 47 33 27 18 41 71 62 36 31 31 25 46 16 29 43 7 25 16 34 39 21 39 20 14 38 58 44 65 30 41 17 5 5 50 56 35 49 36 66 0 23 28 48 16 23 18 46 41 49 29 26 39 30 23 40 68 97 73 52 39 42 91 65 40 19 25 89 63 36 10 19 93 67 44 27 31 100 78 58 47 49
49 12 33 8 9 26 35 32 25 9 20 9 11 45 37 34 32 27 20 8 37 45 15 27 35 13 30 38 42 31 28 7 35 34 9 19 31 17 21 34 27 8 37 17 25 10 13 11 18 50 47 13 9 13 2 30 12 19 26 30 19 31 11 17 3 32 21 30 15 37 22 45 11 25 38 27 19 30 36 12 26 13 44 23 0 5 39 16 3 40 26 21 26 20 15 18 14 8 17 47 77 56 41 42 57 69 44 23 24 45 66 40 13 15 42 70 46 27 28 48 80 60 47 47 61
45 7 37 6 14 23 37 31 26 9 19 5 7 42 35 31 35 28 23 10 37 43 17 27 38 9 33 37 42 27 24 5 32 38 12 23 33 15 20 36 26 4 35 16 21 7 15 15 15 47 43 9 4 14 4 30 14 18 27 35 19 34 8 13 7 31 26 34 12 34 19 43 12 26 41 31 23 28 34 7 22 9 40 28 5 0 36 19 7 43 25 16 21 19 18 16 16 11 12 44 75 55 43 46 62 65 41 23 28 50 62 35 9 19 46 66 41 23 29 50 75 55 43 46 62
16 35 54 31 47 53 72 14 61 31 21 31 40 66 63 7 47 28 41 32 71 69 53 61 48 33 41 70 75 16 41 40 58 53 47 39 36 46 53 31 59 33 65 22 46 40 51 47 46 72 18 40 33 49 39 64 34 21 61 52 24 39 41 43 38 9 58 42 44 62 49 71 47 61 50 53 44 59 64 38 45 41 62 48 39 36 0 33 41 52 57 27 44 21 53 48 51 46 35 71 100 86 78 79 89 85 67 57 59 72 72 51 37 40 57 64 39 17 24 47 63 36 11 20 46
46 24 24 15 19 41 48 22 40 11 13 18 25 60 53 30 19 12 9 9 52 61 29 42 21 24 16 53 57 32 40 23 50 23 22 7 15 33 37 18 42 18 53 13 39 25 26 19 33 65 47 27 20 28 18 45 5 14 42 21 9 15 26 31 14 24 28 16 30 52 37 60 26 40 25 21 11 46 52 25 40 27 58 16 16 19 33 0 17 27 42 28 39 13 27 33 29 21 28 62 93 72 55 49 57 84 59 38 28 40 79 52 26 8 30 80 54 29 14 32 86 62 43 35 45
51 13 33 10 7 25 33 34 23 11 22 11 11 44 36 36 32 28 20 10 36 45 13 25 35 15 30 36 40 34 29 8 34 33 7 20 32 17 20 35 26 10 36 20 25 10 11 9 18 49 49 14 11 11 3 28 13 21 25 30 21 31 12 17 4 35 19 31 16 36 21 44 9 24 38 26 19 29 35 13 27 13 44 23 3 7 41 17 0 40 26 23 26 22 13 17 12 5 19 46 76 55 39 40 55 69 43 21 21 44 67 40 14 15 41 72 48 29 30 48 82 62 49 49 62
67 50 11 41 37 64 61 39 58 37 37 44 50 83 75 52 9 25 21 35 70 84 48 60 6 50 12 73 75 57 66 47 73 9 42 21 17 56 59 23 63 44 74 38 64 49 45 35 57 88 69 52 45 48 41 64 30 38 61 12 33 14 50 56 37 44 37 12 54 75 61 82 47 59 3 19 21 68 73 50 65 52 83 18 40 43 52 27 40 0 64 54 64 37 43 56 48 41 54 85 115 91 69 52 46 108 82 57 36 26 105 78 52 25 6 106 80 54 29 16 111 86 63 44 37
61 22 56 30 27 6 24 55 11 33 43 28 19 21 12 51 56 52 44 34 16 21 18 10 59 25 55 13 19 44 23 21 12 57 23 45 57 12 6 60 3 27 11 40 14 19 20 29 12 25 58 18 26 16 25 10 38 41 9 53 43 56 18 14 28 53 33 56 14 12 9 19 17 12 62 48 43 4 10 20 16 17 23 46 26 25 57 42 26 64 0 30 17 43 23 10 17 24 23 22 51 31 26 43 67 46 19 9 36 62 49 26 21 40 65 60 44 41 53 73 76 64 61 70 86
32 11 50 15 29 26 49 29 36 18 20 13 15 40 37 21 46 33 36 20 45 42 30 36 49 8 43 43 49 14 15 17 31 50 27 34 41 20 27 40 32 13 38 18 19 17 30 31 19 45 29 14 13 27 20 38 26 18 36 48 23 42 17 17 22 26 41 43 18 36 22 45 25 36 52 45 36 32 38 13 19 16 36 41 21 16 27 28 23 54 30 0 17 20 33 23 29 27 8 45 74 59 53 61 77 61 41 32 44 65 53 27 12 32 57 52 27 11 31 57 60 40 31 43 64
46 15 58 24 31 12 40 45 26 28 35 22 15 24 20 38 56 47 44 30 32 26 26 26 59 16 54 29 35 29 6 19 15 59 28 44 53 11 17 54 20 21 22 32 4 17 27 33 10 29 42 13 20 23 24 26 35 33 25 55 36 54 15 10 28 42 41 54 12 19 10 28 22 27 62 52 44 18 22 14 2 13 20 49 26 21 44 39 26 64 17 17 0 35 31 14 25 28 12 28 58 43 42 56 77 45 24 23 44 69 41 15 13 40 67 47 28 27 46 70 61 47 46 59 80
34 22 36 14 27 41 54 13 44 12 1 15 25 58 52 18 30 14 22 13 56 59 35 45 32 20 25 55 60 20 34 23 48 35 28 20 22 32 38 21 44 17 53 3 36 25 32 27 33 63 34 26 18 32 21 48 14 2 45 33 4 24 26 30 19 13 38 26 30 51 36 60 30 45 35 33 24 46 52 24 36 27 55 29 20 19 21 13 22 37 43 20 35 0 34 34 33 27 24 61 92 73 61 59 69 80 57 41 39 53 72 46 24 20 41 70 44 17 12 38 75 50 30 28 45
63 23 34 22 8 25 21 46 16 23 34 23 19 43 34 49 36 38 25 22 28 43 6 18 39 25 37 30 33 45 36 17 34 36 7 27 40 20 18 45 22 22 33 32 29 17 4 9 21 47 61 21 22 9 15 21 23 33 18 32 32 38 18 22 15 47 11 37 20 34 23 40 9 16 42 26 23 27 32 21 31 20 45 26 15 18 53 27 13 43 23 33 31 34 0 18 7 8 27 44 72 48 29 28 47 68 41 15 14 40 70 45 23 22 43 78 56 41 40 55 90 72 61 61 71
54 13 48 21 20 9 27 46 14 24 33 19 10 28 20 43 48 43 36 25 23 28 13 14 51 16 47 22 27 36 19 11 18 49 16 36 48 4 5 51 11 18 20 31 11 10 14 22 4 32 51 9 17 10 16 16 29 32 14 46 34 48 8 6 20 45 28 47 5 20 5 28 10 15 54 41 35 13 19 11 14 8 28 39 18 16 48 33 17 56 10 23 14 34 18 0 11 17 15 30 60 40 31 43 64 52 27 11 31 57 53 27 12 32 57 61 41 33 44 65 74 59 54 61 77
60 18 39 20 11 19 22 46 12 22 33 20 14 37 28 46 41 40 29 22 24 37 2 14 44 21 40 25 29 42 29 12 28 41 7 30 43 14 12 47 16 19 27 31 22 13 4 13 15 41 57 15 18 3 13 17 24 32 14 37 32 42 13 15 15 46 17 41 14 28 16 35 4 12 46 32 28 21 26 16 24 14 38 30 14 16 51 29 12 48 17 29 25 33 7 11 0 9 22 38 67 44 28 33 53 62 35 10 20 47 63 38 18 25 49 72 51 38 41 59 84 67 58 60 73
56 16 32 15 4 25 28 39 20 15 26 16 13 44 35 41 33 32 21 15 32 44 9 22 36 19 32 33 37 38 31 11 34 33 2 22 35 18 19 39 23 14 34 24 26 12 6 6 19 48 54 16 15 8 8 25 16 26 22 30 25 34 13 18 8 39 15 33 16 35 21 42 7 20 39 25 20 28 33 15 28 15 44 23 8 11 46 21 5 41 24 27 28 27 8 17 9 0 22 45 75 52 35 35 51 68 42 18 18 42 68 42 17 17 42 74 51 34 34 51 85 66 54 53 65
40 6 49 14 25 19 42 34 29 18 24 11 9 34 30 29 46 36 35 20 38 36 24 29 49 5 43 36 41 22 12 12 25 49 22 34 43 12 20 43 25 11 31 21 13 10 23 27 12 40 36 7 10 20 16 31 25 22 28 46 25 43 10 9 19 32 36 44 10 29 15 38 19 29 52 43 35 25 31 7 13 9 31 40 17 12 35 28 19 54 23 8 12 24 27 15 22 22 0 38 68 52 46 54 73 57 35 25 39 62 51 24 5 30 57 54 30 18 35 60 64 46 39 49 69
72 40 77 49 49 22 38 72 30 52 61 47 38 6 11 65 77 72 65 54 23 3 39 28 80 42 76 18 21 56 31 40 14 78 44 65 77 30 27 80 23 46 12 58 26 38 41 51 30 5 67 36 44 37 45 25 58 59 27 74 62 77 37 32 49 70 53 77 33 11 26 6 38 30 83 69 64 18 13 38 26 36 13 68 47 44 71 62 46 85 22 45 28 61 44 30 38 45 38 0 31 18 34 59 84 25 4 29 56 83 35 25 38 61 86 53 46 54 72 94 72 67 73 87 106
99 71 106 79 78 52 61 102 57 83 91 77 68 35 41 94 107 103 95 84 47 33 68 55 110 72 106 43 42 85 60 71 44 107 74 95 108 61 57 110 52 76 41 89 56 69 70 80 60 29 93 67 75 67 76 52 88 90 55 104 93 107 67 62 79 100 81 107 63 41 57 33 68 57 113 98 94 48 42 69 56 66 39 97 77 75 100 93 76 115 51 74 58 92 72 60 67 75 68 31 0 27 54 81 107 22 35 58 83 109 43 51 69 91 115 64 70 83 102 124 86 89 100 117 136
88 52 81 60 55 33 34 85 33 63 73 58 49 24 23 80 84 82 72 64 21 21 44 31 87 54 84 19 16 72 47 51 29 83 51 73 86 41 35 89 30 57 21 70 40 49 47 56 41 21 83 48 56 44 54 27 67 71 31 79 73 85 48 44 58 83 55 84 44 24 38 15 46 33 89 73 71 28 22 50 41 47 31 73 56 55 86 72 55 91 31 59 43 73 48 40 44 52 52 18 27 0 27 54 81 35 22 34 58 83 51 43 50 68 91 70 64 69 83 102 89 85 89 100 116
85 43 59 48 36 31 9 73 18 50 60 47 39 37 29 73 63 66 53 49 12 35 27 18 66 46 64 17 14 67 48 39 34 61 34 55 68 34 27 73 23 46 26 58 39 38 29 37 35 38 82 40 45 30 41 16 51 60 18 57 60 66 38 37 43 73 33 65 36 30 33 29 31 18 68 51 51 26 25 41 41 38 43 52 41 43 78 55 39 69 26 53 42 61 29 31 28 35 46 34 54 27 0 27 54 58 34 21 34 58 69 50 42 50 68 83 69 63 68 82 100 89 84 88 99
90 50 42 49 33 47 21 70 32 49 59 50 46 60 51 75 48 59 43 48 36 59 31 33 51 53 52 41 40 73 61 44 54 44 34 45 57 46 40 64 40 49 48 57 53 45 32 33 47 63 88 48 49 35 42 35 46 59 34 41 57 55 45 48 42 72 22 52 46 52 47 54 36 32 52 35 40 45 47 48 56 46 64 39 42 46 79 49 40 52 43 61 56 59 28 43 33 35 54 59 81 54 27 0 27 83 58 34 21 34 91 68 50 42 50 102 83 68 63 68 117 100 88 83 87
102 67 38 63 48 70 48 77 56 61 69 65 64 86 76 86 47 64 48 59 62 84 52 58 48 70 52 67 66 86 82 61 78 41 51 51 58 66 63 65 64 64 74 68 75 63 51 47 68 88 102 67 65 55 58 60 56 69 58 40 65 55 64 68 56 80 37 52 66 77 69 80 56 56 47 37 46 70 73 66 77 66 89 42 57 62 89 57 55 46 67 77 77 69 47 64 53 51 73 84 107 81 54 27 0 109 83 58 34 21 115 91 68 50 42 124 102 82 68 62 136 116 99 87 83
81 60 100 69 72 44 62 89 55 73 79 67 59 25 35 79 100 92 88 75 48 26 63 53 103 61 98 43 45 69 46 62 35 101 68 87 98 52 51 99 47 66 37 77 45 60 65 74 51 22 75 57 64 61 67 50 79 78 52 98 81 98 58 53 71 86 78 99 54 34 48 30 62 55 106 93 87 42 38 59 44 57 26 91 69 65 85 84 69 108 46 61 45 80 68 52 62 68 57 25 22 35 58 83 109 0 27 54 81 107 22 35 58 83 109 43 51 69 91 115 64 70 83 102 124
68 37 74 45 46 18 37 68 28 49 57 43 35 3 8 61 74 69 62 50 23 2 36 26 77 38 73 18 22 52 27 37 10 75 41 62 74 27 24 76 20 42 10 55 22 35 39 48 26 6 63 33 41 35 42 23 55 56 25 72 58 74 33 28 46 66 51 74 29 8 23 7 36 28 80 66 61 15 11 35 23 32 10 65 44 41 67 59 43 82 19 41 24 57 41 27 35 42 35 4 35 22 34 58 83 27 0 27 54 81 35 22 34 58 83 51 43 50 68 91 70 64 69 83 102
64 23 48 28 21 13 17 53 4 30 41 27 18 29 20 52 50 49 39 30 15 29 10 5 53 25 50 16 20 46 29 19 21 50 17 39 52 14 7 56 7 26 18 38 20 18 13 23 14 33 61 19 25 10 21 8 33 40 4 46 41 51 17 16 24 53 24 50 15 20 13 26 12 4 56 41 37 13 17 20 22 17 31 40 23 23 57 38 21 57 9 32 23 41 15 11 10 18 25 29 58 34 21 34 58 54 27 0 27 54 58 34 21 34 58 69 50 42 50 68 83 69 63 68 82
71 34 25 30 15 38 26 50 27 29 39 32 31 56 46 56 30 39 23 28 37 55 19 29 33 36 32 40 42 54 48 28 47 27 17 25 37 33 31 43 34 31 45 37 42 29 17 13 34 60 70 33 32 22 24 32 26 39 29 24 36 35 30 34 23 52 4 33 33 47 36 52 22 27 34 17 20 39 44 33 44 32 58 19 24 28 59 28 21 36 36 44 44 39 14 31 20 18 39 56 83 58 34 21 34 81 54 27 0 27 83 58 34 21 34 91 68 50 42 50 102 83 68 63 68
86 57 19 50 38 65 50 60 53 48 53 53 55 83 73 70 27 45 32 45 63 82 45 55 28 58 33 67 68 72 73 51 74 21 42 34 39 59 58 46 61 52 71 53 67 53 43 36 60 86 86 57 53 48 47 59 41 54 56 21 49 35 55 59 43 63 30 32 58 73 62 78 48 53 27 20 30 66 70 56 69 56 84 25 45 50 72 40 44 26 62 65 69 53 40 57 47 42 62 83 109 83 58 34 21 107 81 54 27 0 109 83 58 34 21 115 91 68 50 42 124 102 82 68 62
65 56 99 64 72 45 71 79 60 68 72 62 56 32 41 67 97 85 85 70 57 34 65 58 100 55 94 52 56 58 39 59 37 99 68 84 93 51 53 92 52 62 44 70 43 57 66 74 50 31 60 54 60 62 65 56 75 70 57 96 75 94 56 51 68 75 80 94 52 40 48 40 62 60 103 92 85 46 44 55 41 54 27 89 66 62 72 79 67 105 49 53 41 72 70 53 63 68 51 35 43 51 69 91 115 22 35 58 83 109 0 27 54 81 107 22 35 58 83 109 43 51 69 91 115
49 29 72 38 46 22 50 55 37 42 46 35 30 19 23 45 70 59 58 44 39 23 40 36 73 29 67 34 40 35 13 33 17 73 42 57 66 25 29 67 29 35 26 44 17 31 41 48 24 24 43 27 33 36 38 35 49 45 35 70 49 67 29 24 42 52 55 68 26 22 22 28 36 38 76 66 58 25 26 28 15 28 13 63 40 35 51 52 40 78 26 27 15 46 45 27 38 42 24 25 51 43 50 68 91 35 22 34 58 83 27 0 27 54 81 35 22 34 58 83 51 43 50 68 91
43 3 46 12 21 18 38 35 25 16 23 9 4 35 29 31 44 35 32 17 35 36 19 25 46 5 41 33 39 25 16 7 25 46 18 31 41 10 17 42 22 9 30 21 13 6 19 22 10 40 40 3 7 16 12 28 22 22 25 43 25 41 5 7 15 33 31 42 7 28 13 37 14 25 49 39 32 23 29 2 14 5 33 36 13 9 37 26 14 52 21 12 13 24 23 12 18 17 5 38 69 50 42 50 68 58 34 21 34 58 54 27 0 27 54 58 34 21 34 58 69 50 42 50 68
53 25 19 17 14 40 42 29 36 14 20 20 25 59 51 37 17 18 5 12 48 60 25 38 20 26 16 50 53 38 42 22 49 19 18 5 19 32 35 23 40 20 50 19 39 24 22 13 33 64 53 28 21 25 17 42 7 20 38 17 16 17 26 31 13 32 21 16 30 51 36 58 23 36 23 15 5 44 49 26 41 27 58 10 15 19 40 8 15 25 40 32 40 20 22 32 25 17 30 61 91 68 50 42 50 83 58 34 21 34 81 54 27 0 27 83 58 34 21 34 91 68 50 42 50
72 52 10 44 38 66 60 44 58 40 41 46 52 85 76 57 12 30 23 38 70 85 48 61 10 53 17 73 75 61 69 49 75 9 42 24 22 58 60 28 64 46 75 42 66 51 46 36 59 89 74 54 48 49 43 64 33 42 61 12 37 19 52 58 39 48 36 16 56 76 62 83 48 59 7 18 23 69 74 53 67 54 84 19 42 46 57 30 41 6 65 57 67 41 43 57 49 42 57 86 115 91 68 50 42 109 83 58 34 21 107 81 54 27 0 109 83 58 34 21 115 91 68 50 42
54 59 102 66 78 56 84 74 71 70 70 64 61 48 55 60 98 83 87 72 72 51 73 70 101 58 94 67 71 52 43 64 50 102 74 86 92 58 63 90 63 64 58 69 50 63 74 80 57 49 48 59 63 70 69 69 77 69 69 99 74 93 61 57 72 69 88 95 59 54 56 57 69 72 104 97 88 58 59 60 48 60 42 93 70 66 64 80 72 106 60 52 47 70 78 61 72 74 54 53 64 70 83 102 124 43 51 69 91 115 22 35 58 83 109 0 27 54 81 107 22 35 58 83 109
31 35 76 41 54 39 67 48 54 44 44 39 38 41 43 34 72 57 62 46 58 44 52 53 74 33 68 54 60 25 22 41 37 76 52 60 65 38 44 63 47 39 46 42 31 40 52 56 37 45 26 36 38 48 45 53 52 42 52 74 47 67 39 36 48 43 65 68 37 42 37 49 47 54 77 72 63 43 46 36 29 37 34 67 46 41 39 54 48 80 44 27 28 44 56 41 51 51 30 46 70 64 69 83 102 51 43 50 68 91 35 22 34 58 83 27 0 27 54 81 35 22 34 58 83
23 20 52 20 36 37 58 22 46 21 17 19 25 50 47 11 47 30 37 24 55 52 39 46 48 18 42 53 59 5 24 26 41 51 35 35 39 30 37 36 43 20 48 17 29 26 38 37 30 55 20 24 20 36 27 48 28 16 46 49 21 41 26 27 28 18 48 43 28 46 33 55 34 46 52 48 39 42 48 23 28 26 45 44 27 23 17 29 29 54 41 11 27 17 41 33 38 34 18 54 83 69 63 68 82 69 50 42 50 68 58 34 21 34 58 54 27 0 27 54 58 34 21 34 58
38 32 31 24 33 51 61 11 52 21 12 26 35 69 63 24 24 5 21 20 65 70 42 54 25 31 18 65 69 29 46 33 59 30 35 18 13 42 48 10 54 27 63 14 47 35 39 32 43 74 40 36 28 40 29 57 18 14 54 29 10 16 36 41 26 15 41 19 40 62 47 71 38 53 27 32 23 56 62 34 47 37 66 27 28 29 24 14 30 29 53 31 46 12 40 44 41 34 35 72 102 83 68 63 68 91 68 50 42 50 83 58 34 21 34 81 54 27 0 27 83 58 34 21 34
62 56 26 47 48 73 74 35 70 43 38 49 57 91 84 49 20 25 30 41 82 92 59 72 17 55 19 83 87 56 71 54 81 24 52 30 17 64 68 18 73 50 84 40 71 56 56 46 65 97 65 59 51 58 49 75 37 40 72 27 35 18 58 63 46 40 51 18 62 84 69 92 57 70 17 33 32 77 83 57 71 59 90 31 48 50 47 32 48 16 73 57 70 38 55 65 59 51 60 94 124 102 82 68 62 115 91 68 50 42 109 83 58 34 21 107 81 54 27 0 109 83 58 34 21
49 69 109 75 88 71 100 75 86 77 75 72 72 67 73 61 104 87 94 80 89 70 86 85 106 67 99 84 89 55 56 75 67 109 86 92 95 72 77 92 79 73 76 74 64 74 86 90 70 69 45 70 72 82 79 85 85 73 85 106 78 98 73 70 82 70 100 100 71 71 70 76 82 87 109 105 96 75 76 70 62 71 60 100 80 75 63 86 82 111 76 60 61 75 90 74 84 85 64 72 86 89 100 117 136 64 70 83 102 124 43 51 69 91 115 22 35 58 83 109 0 27 54 81 107
23 50 86 53 69 59 86 49 72 55 51 51 54 62 64 35 80 62 71 57 78 65 69 72 81 48 75 75 80 31 41 56 58 85 67 69 70 56 63 66 66 52 67 50 51 56 69 70 55 66 19 52 52 65 59 73 62 49 71 83 54 73 55 53 61 44 80 75 55 63 56 70 64 73 84 82 73 64 67 52 48 54 55 78 60 55 36 62 62 86 64 40 47 50 72 59 67 66 46 67 89 85 89 100 116 70 64 69 83 102 51 43 50 68 91 35 22 34 58 83 27 0 27 54 81
5 41 65 39 55 57 79 25 67 40 31 39 46 68 66 13 58 39 52 41 76 71 60 67 58 38 52 74 80 18 42 46 60 63 55 49 47 51 58 42 63 40 68 32 49 47 58 56 50 73 10 45 40 56 47 69 44 30 67 62 34 50 47 48 47 20 67 52 49 65 53 74 54 67 61 63 54 63 68 44 48 46 62 58 47 43 11 43 49 63 61 31 46 30 61 54 58 54 39 73 100 89 84 88 99 83 69 63 68 82 69 50 42 50 68 58 34 21 34 58 54 27 0 27 54
32 48 49 41 53 67 81 15 71 39 28 42 51 83 78 25 41 25 41 39 83 85 61 73 41 46 36 82 87 34 57 50 73 47 55 39 29 59 65 23 71 44 79 30 61 52 59 53 59 88 36 52 45 59 48 76 38 29 72 48 29 33 53 57 46 17 62 36 56 77 63 86 57 72 43 51 44 73 79 50 61 53 79 47 47 46 20 35 49 44 70 43 59 28 61 61 60 53 49 87 117 100 88 83 87 102 83 68 63 68 91 68 50 42 50 83 58 34 21 34 81 54 27 0 27
59 66 46 57 63 85 91 37 85 54 46 59 68 102 96 50 39 34 46 53 97 104 74 86 37 65 36 98 102 58 79 66 92 44 67 45 32 76 81 27 87 60 96 48 81 68 71 62 77 108 63 70 62 73 62 90 50 47 86 47 44 34 70 74 59 41 68 36 74 96 80 104 71 85 37 52 49 90 96 68 81 70 99 49 61 62 46 45 62 37 86 64 80 45 71 77 73 65 69 106 136 116 99 87 83 124 102 82 68 62 115 91 68 50 42 109 83 58 34 21 107 81 54 27 0
