0 18 4 9 21 14 34 24 44 35 18 26 9 19 38 4 9 27 19 30 30 32 36 10 29 39 10 43 39 18 36 35 29 33 13 33 13 9 12 3 29 24 31 52 26 3 25 21 11 29 8 15 4 35 32 18 41 14 29 38 40 35 6 17 29 6 20 18 22 27 26 10 40 9 20 37 47 45 8 12 31 26 14 34 36 16 13 11 31 51 37 24 24 48 47 49 42 19 32 26 69 47 35 40 59 61 35 15 25 50 60 34 10 23 49 66 44 30 36 56 78 60 50 54 69
18 0 14 10 24 27 27 26 34 26 34 36 21 12 29 16 25 41 16 46 17 20 24 27 46 55 9 35 22 5 52 49 46 22 22 32 22 12 6 15 28 27 16 42 39 17 8 25 7 23 11 3 17 48 47 5 29 31 20 29 54 43 13 12 18 13 36 34 19 41 9 13 25 26 37 52 41 37 12 6 47 43 19 21 28 24 24 14 20 40 28 26 7 38 39 63 33 24 45 14 84 64 51 50 61 74 50 32 30 47 69 43 17 14 39 71 45 22 19 41 78 55 39 38 52
4 14 0 6 20 16 33 23 42 33 22 27 10 16 36 3 12 30 17 34 27 29 32 13 33 42 6 41 35 14 39 37 33 30 13 32 13 7 8 2 27 23 28 50 28 5 22 20 7 27 4 11 5 37 34 14 38 18 27 36 42 36 3 14 27 3 23 22 20 30 23 8 37 12 24 40 46 43 5 8 34 30 14 31 34 16 14 9 28 48 34 23 20 46 45 51 40 18 34 23 72 51 38 42 60 63 38 18 26 50 61 35 9 21 47 66 43 27 33 53 77 58 47 51 66
9 10 6 0 23 21 28 26 37 28 25 32 15 16 31 8 16 32 18 36 25 24 31 18 37 47 6 36 30 12 44 43 36 25 17 34 18 9 5 6 29 26 23 45 30 8 17 24 3 27 6 7 8 42 39 12 33 22 22 31 47 40 7 14 22 7 27 25 21 32 19 10 34 17 28 45 41 38 7 5 39 35 12 26 29 20 19 12 27 47 34 26 16 41 41 56 35 22 39 22 77 56 41 42 57 68 43 22 24 46 66 39 13 16 42 70 46 27 28 48 80 60 46 47 61
21 24 20 23 0 15 49 4 57 49 37 16 14 12 52 19 27 46 9 47 22 43 24 26 39 41 18 58 42 19 39 34 43 45 10 12 11 15 21 22 8 4 38 65 45 23 29 3 22 13 18 23 24 31 31 20 52 30 42 52 36 21 17 13 41 17 36 36 8 47 29 13 31 23 31 38 63 60 16 21 35 32 34 44 51 8 13 12 21 35 21 3 27 61 62 46 56 4 28 19 68 54 51 61 79 55 35 31 46 68 47 21 12 36 62 48 23 16 37 63 57 39 35 49 70
14 27 16 21 15 0 48 17 58 49 24 13 7 21 51 13 16 33 20 34 34 45 37 14 25 29 19 57 49 25 26 23 28 46 7 25 6 15 22 17 22 15 42 66 33 17 35 13 22 28 17 25 17 22 20 25 54 16 43 52 27 22 15 21 42 15 22 23 20 34 35 15 43 11 17 26 61 59 16 22 22 18 28 47 50 8 3 14 33 50 35 17 33 61 61 37 56 11 19 30 58 41 37 50 72 48 24 17 38 64 46 20 11 36 63 53 34 29 45 68 67 52 50 60 79
34 27 33 28 49 48 0 52 12 3 41 59 42 39 5 35 37 43 42 49 40 11 47 41 58 71 32 9 25 32 68 68 54 9 44 59 45 36 29 32 54 53 19 19 40 32 25 50 28 49 33 26 32 68 65 31 10 43 8 5 73 68 34 38 11 34 45 42 45 42 26 37 45 41 51 70 14 11 34 29 63 58 22 12 2 47 46 38 44 62 53 52 26 14 13 82 9 49 66 39 100 76 54 39 40 94 68 43 21 22 93 66 40 14 15 96 71 47 29 29 104 81 61 48 48
24 26 23 26 4 17 52 0 60 52 39 15 16 15 54 21 30 48 12 49 24 46 25 28 41 41 21 61 45 22 39 33 45 47 13 10 13 18 24 25 6 3 41 68 48 26 32 4 25 14 21 26 27 30 31 22 55 32 45 55 35 19 20 15 44 20 38 38 9 49 32 17 32 26 33 38 66 62 19 24 35 33 37 47 54 10 15 15 22 34 21 1 30 64 65 45 59 6 27 21 68 55 53 64 82 53 35 33 49 71 44 19 15 39 65 45 20 16 39 65 54 37 35 50 72
44 34 42 37 57 58 12 60 0 10 52 68 52 45 7 45 48 54 49 61 44 14 50 51 69 81 41 9 23 38 78 79 65 13 53 65 54 44 37 42 61 60 21 9 51 43 29 58 37 54 42 34 42 79 75 38 5 54 16 8 84 76 43 45 17 43 56 53 52 53 30 45 46 52 62 81 12 8 43 37 74 69 33 13 11 56 55 47 47 63 57 59 31 5 10 92 5 57 76 44 111 87 66 49 44 105 79 54 32 24 102 75 49 22 6 104 78 52 29 19 109 85 62 45 39
35 26 33 28 49 49 3 52 10 0 43 60 43 38 3 36 39 45 41 52 39 9 45 42 60 72 32 10 22 31 69 69 56 6 45 58 45 36 29 33 54 53 17 18 42 33 23 50 28 48 33 26 33 69 66 31 7 44 7 4 74 68 35 37 10 35 47 44 44 44 25 37 43 43 52 71 15 11 35 29 64 60 24 9 3 48 46 39 42 60 52 51 25 13 13 83 7 49 66 38 102 78 57 42 42 95 70 44 23 24 94 67 40 14 14 96 71 46 26 27 103 80 59 45 45
18 34 22 25 37 24 41 39 52 43 0 35 23 37 45 21 10 10 37 12 48 43 54 11 18 32 28 48 53 35 29 33 13 43 27 48 26 27 29 20 44 38 45 60 10 18 41 35 27 47 26 31 17 35 30 35 49 8 39 45 39 43 24 35 41 24 5 2 39 11 43 28 58 14 13 33 51 50 26 29 25 21 20 45 42 29 24 29 49 68 55 39 40 54 52 45 49 33 33 44 61 36 17 28 52 59 32 7 23 50 64 41 27 34 56 75 57 47 52 68 90 75 68 71 83
26 36 27 32 16 13 59 15 68 60 35 0 18 27 62 25 28 44 24 43 37 55 39 25 31 28 28 68 57 32 26 20 37 56 15 20 15 25 32 28 19 13 51 76 44 29 43 13 32 28 27 35 29 16 18 33 64 27 53 63 21 9 26 27 52 26 32 34 23 45 43 24 46 23 25 24 73 70 26 32 23 22 40 56 61 13 14 22 36 48 34 15 41 72 72 31 67 13 13 34 54 42 46 62 84 40 22 28 51 76 34 8 20 47 73 41 24 30 52 77 56 45 48 64 85
9 21 10 15 14 7 42 16 52 43 23 18 0 16 45 7 14 33 15 34 29 38 33 13 29 35 12 51 43 19 32 29 31 40 4 25 4 9 15 11 21 15 36 60 32 12 29 13 16 25 11 19 12 28 26 19 48 17 36 46 33 26 9 15 36 9 23 23 17 33 29 9 39 10 20 32 56 53 9 16 27 23 23 40 44 7 4 8 29 47 33 16 27 55 55 43 50 11 25 25 64 45 38 48 68 54 30 17 34 59 52 25 5 30 57 57 35 26 39 62 69 53 47 55 73
19 12 16 16 12 21 39 15 45 38 37 27 16 0 41 16 27 45 4 48 13 32 17 27 44 50 11 47 31 8 47 43 46 33 15 20 16 10 12 18 16 16 26 53 44 20 18 14 14 12 12 13 21 41 40 8 41 31 32 41 46 33 13 2 30 13 37 37 7 46 17 9 23 25 35 47 53 49 11 12 42 39 27 33 40 15 19 9 13 32 19 14 15 50 51 56 45 14 38 9 78 61 53 57 72 66 44 32 39 59 59 33 12 26 51 59 33 12 26 51 66 44 32 39 59
38 29 36 31 52 51 5 54 7 3 45 62 45 41 0 39 42 47 44 54 41 10 47 45 62 75 35 8 23 33 72 72 58 8 47 61 48 38 32 36 56 55 18 15 44 36 25 53 31 50 36 29 36 72 69 33 5 47 10 2 77 70 37 40 12 37 49 46 47 46 27 40 44 45 55 74 13 9 37 32 67 62 26 10 4 50 49 41 44 61 54 54 27 10 11 86 5 51 69 40 104 80 59 43 42 98 72 47 25 23 96 70 43 16 12 99 73 48 27 25 105 82 61 46 44
4 16 3 8 19 13 35 21 45 36 21 25 7 16 39 0 11 30 16 33 28 32 33 12 31 39 8 44 37 16 36 35 31 33 10 30 11 7 10 4 26 21 30 53 29 5 24 18 10 26 5 14 6 34 32 16 41 16 30 39 40 33 4 15 29 4 22 21 19 30 25 7 37 11 22 37 49 46 5 10 31 27 17 34 37 14 11 8 29 48 34 21 22 48 48 49 43 16 31 24 69 49 38 43 61 60 35 17 28 52 59 32 7 23 50 64 41 27 35 56 75 57 48 52 68
9 25 12 16 27 16 37 30 48 39 10 28 14 27 42 11 0 19 27 22 38 37 44 4 22 34 18 45 45 26 31 32 21 38 17 39 17 17 19 11 35 29 38 56 19 8 33 26 18 37 16 22 8 33 28 26 45 7 34 42 37 37 14 25 35 14 11 10 29 20 34 18 48 6 14 33 50 48 16 20 26 21 16 39 39 20 16 19 40 59 45 30 32 51 49 45 46 24 30 34 63 41 27 35 56 58 32 7 24 50 60 35 17 28 52 69 48 37 44 62 82 66 58 62 76
27 41 30 32 46 33 43 48 54 45 10 44 33 45 47 30 19 0 46 7 56 47 62 20 22 37 36 48 58 43 35 39 14 46 36 57 35 36 36 28 53 47 50 61 4 26 48 45 35 56 34 38 25 42 37 43 52 17 42 47 46 52 33 44 45 33 12 10 48 2 49 37 66 23 21 38 51 51 34 37 31 28 25 49 44 39 34 38 58 77 64 48 47 55 52 50 50 43 41 53 63 37 12 20 46 64 38 16 23 47 72 50 36 39 57 84 66 56 58 71 99 85 77 78 88
19 16 17 18 9 20 42 12 49 41 37 24 15 4 44 16 27 46 0 48 15 35 18 27 43 48 12 50 34 11 45 41 46 36 13 18 14 11 14 19 13 13 29 56 45 21 21 11 16 10 13 16 22 39 38 11 44 31 35 44 44 30 14 4 33 14 37 37 4 46 20 10 24 25 35 45 56 52 12 14 41 37 29 36 43 13 17 9 14 32 18 11 19 53 54 54 48 11 35 11 76 60 53 59 74 63 42 32 41 62 56 30 11 28 54 56 30 11 28 54 63 42 32 41 62
30 46 34 36 47 34 49 49 61 52 12 43 34 48 54 33 22 7 48 0 60 53 65 22 17 32 39 55 64 47 30 36 9 53 37 58 37 39 40 32 55 48 56 67 10 30 52 46 39 58 37 43 29 39 33 47 58 18 48 54 42 51 36 47 51 36 12 12 51 9 54 39 70 25 19 34 58 57 38 41 27 25 30 55 51 40 35 40 61 80 66 50 52 62 59 45 57 44 38 56 57 30 6 25 51 59 34 17 29 54 68 48 38 45 63 82 66 59 63 77 98 85 80 83 94
30 17 27 25 22 34 40 24 44 39 48 37 29 13 41 28 38 56 15 60 0 31 7 39 57 62 21 48 24 14 59 55 58 33 27 25 28 22 21 29 22 26 23 51 54 31 16 25 22 12 23 20 31 53 52 14 40 43 33 42 57 42 25 14 30 25 49 48 15 56 15 22 10 37 48 59 53 49 23 20 55 51 36 31 41 27 31 21 4 23 14 23 15 48 51 68 44 25 49 5 90 74 65 66 77 76 56 44 46 62 67 43 24 28 50 63 36 10 18 45 66 42 23 27 49
32 20 29 24 43 45 11 46 14 9 43 55 38 32 10 32 37 47 35 53 31 0 37 40 58 70 27 17 15 24 67 66 56 3 40 51 41 31 24 29 47 46 9 22 44 30 16 44 23 40 28 20 30 66 63 24 10 43 5 11 71 62 30 31 3 30 46 44 38 46 17 32 35 40 50 68 23 19 30 24 62 57 23 3 11 42 42 33 34 52 44 45 17 19 21 80 14 43 63 30 100 77 58 47 50 92 67 43 27 32 88 62 35 9 20 90 64 39 19 26 96 72 51 38 42
36 24 32 31 24 37 47 25 50 45 54 39 33 17 47 33 44 62 18 65 7 37 0 44 61 65 27 54 29 20 62 57 63 39 31 23 32 27 27 34 21 27 29 57 60 37 23 26 28 11 29 26 37 54 55 20 46 48 40 48 59 42 30 19 36 30 54 54 17 62 21 26 8 42 52 61 60 55 28 26 58 55 42 37 48 30 35 26 5 16 9 24 21 54 57 69 50 27 51 10 92 77 70 73 84 77 59 49 53 68 66 43 28 35 56 60 33 9 23 49 61 36 16 26 50
10 27 13 18 26 14 41 28 51 42 11 25 13 27 45 12 4 20 27 22 39 40 44 0 20 31 19 48 48 27 28 28 20 40 16 37 15 18 21 12 33 27 40 59 20 10 34 25 20 36 17 24 10 29 25 27 48 5 37 45 34 34 15 26 37 15 11 11 29 21 36 18 49 3 11 30 53 51 17 21 23 18 19 42 42 19 14 19 40 58 44 29 33 54 53 42 49 23 27 35 61 38 26 37 59 55 28 6 27 53 57 32 16 31 55 66 46 37 45 65 80 65 58 64 78
29 46 33 37 39 25 58 41 69 60 18 31 29 44 62 31 22 22 43 17 57 58 61 20 0 16 38 65 67 46 13 20 8 59 31 49 30 36 40 32 46 39 59 76 24 30 54 37 39 52 36 44 30 23 18 46 66 16 55 62 26 37 34 43 56 34 13 17 45 23 55 36 67 21 10 18 69 67 35 41 11 9 36 61 59 32 27 36 57 74 60 41 53 71 69 29 66 36 23 53 43 19 17 41 67 43 18 16 40 67 52 34 33 50 73 67 54 53 65 83 84 75 74 82 98
39 55 42 47 41 29 71 41 81 72 32 28 35 50 75 39 34 37 48 32 62 70 65 31 16 0 46 78 76 53 4 10 23 70 35 48 34 43 49 41 46 39 69 89 39 40 62 39 48 54 44 52 40 14 11 53 78 28 67 75 13 31 42 49 67 42 28 31 48 38 63 43 71 30 20 5 82 81 43 49 8 13 49 72 72 35 32 42 61 75 61 42 61 84 82 14 79 38 16 58 31 15 31 56 82 28 7 28 55 81 39 28 39 61 85 56 50 56 73 94 76 71 75 88 107
10 9 6 6 18 19 32 21 41 32 28 28 12 11 35 8 18 36 12 39 21 27 27 19 38 46 0 41 31 8 43 41 38 28 14 29 14 4 4 8 24 21 24 49 34 10 17 19 4 22 3 7 11 40 38 9 36 23 26 35 45 36 5 9 25 5 29 28 16 36 18 5 31 18 29 44 46 43 4 4 38 34 17 29 34 16 16 7 23 42 29 21 15 44 45 55 39 17 37 17 76 56 44 47 62 66 42 24 29 51 62 35 9 19 46 65 41 22 28 50 74 54 42 45 61
43 35 41 36 58 57 9 61 9 10 48 68 51 47 8 44 45 48 50 55 48 17 54 48 65 78 41 0 29 40 75 76 60 15 53 67 53 44 38 41 63 61 25 13 45 41 32 59 37 57 41 35 40 77 73 40 10 51 16 7 82 76 43 46 19 43 52 49 53 47 34 45 51 50 58 78 6 3 43 38 71 66 30 17 8 56 54 47 51 68 61 60 34 8 5 90 5 57 74 47 108 83 60 42 36 103 76 50 26 16 102 75 49 22 9 105 80 55 34 28 112 89 68 52 48
39 22 35 30 42 49 25 45 23 22 53 57 43 31 23 37 45 58 34 64 24 15 29 48 67 76 31 29 0 25 73 71 66 17 43 48 44 34 28 36 44 46 9 29 56 38 14 45 28 36 33 24 38 70 68 24 19 51 20 24 75 63 35 30 16 35 56 54 36 58 14 35 24 47 58 74 34 30 34 28 68 64 34 13 25 44 46 35 28 41 37 44 16 27 32 85 25 44 67 26 106 85 69 61 64 95 72 52 40 45 89 63 38 20 28 87 60 33 7 21 90 64 40 24 31
18 5 14 12 19 25 32 22 38 31 35 32 19 8 33 16 26 43 11 47 14 24 20 27 46 53 8 40 25 0 50 47 46 26 19 28 20 10 8 16 23 23 19 46 41 18 11 21 9 18 11 7 19 46 44 1 34 31 25 34 51 39 13 7 22 13 37 36 14 43 11 11 23 25 37 51 46 42 11 7 45 41 23 26 33 20 22 11 16 36 24 21 9 42 44 61 38 20 43 10 82 63 52 53 66 71 48 32 34 52 65 39 14 18 44 66 40 17 21 45 73 51 35 37 54
36 52 39 44 39 26 68 39 78 69 29 26 32 47 72 36 31 35 45 30 59 67 62 28 13 4 43 75 73 50 0 9 21 67 32 46 31 40 46 38 44 37 66 86 37 37 59 36 45 52 41 49 37 13 9 50 75 25 64 72 14 30 39 46 64 39 25 28 45 36 60 40 69 27 17 5 79 78 40 46 5 10 46 69 69 32 29 39 59 73 59 40 58 81 79 16 76 35 14 55 34 16 29 54 80 30 6 25 52 78 40 27 36 58 82 56 48 54 70 91 75 69 73 86 104
35 49 37 43 34 23 68 33 79 69 33 20 29 43 72 35 32 39 41 36 55 66 57 28 20 10 41 76 71 47 9 0 27 67 29 39 28 38 44 37 38 31 65 86 41 37 57 31 44 46 39 48 37 5 4 48 75 27 64 72 7 22 37 43 64 37 29 32 41 41 58 37 64 27 20 5 81 79 38 44 9 12 47 68 70 28 26 36 54 67 53 34 55 82 80 14 76 30 7 51 36 24 36 59 84 27 3 28 54 81 33 19 33 57 83 49 40 49 67 90 67 62 67 81 101
29 46 33 36 43 28 54 45 65 56 13 37 31 46 58 31 21 14 46 9 58 56 63 20 8 23 38 60 66 46 21 27 0 56 33 53 33 37 40 31 50 43 58 72 17 29 53 41 39 55 36 43 29 31 25 46 62 15 52 58 34 44 34 45 53 34 10 13 47 16 54 37 68 22 13 25 63 63 36 40 19 16 33 58 55 35 30 38 59 77 63 45 52 67 64 37 62 39 30 54 49 23 10 33 60 51 26 15 35 61 60 41 35 47 68 74 60 56 64 81 91 80 77 83 96
33 22 30 25 45 46 9 47 13 6 43 56 40 33 8 33 38 46 36 53 33 3 39 40 59 70 28 15 17 26 67 67 56 0 41 53 42 32 25 30 49 48 11 21 43 31 18 46 25 42 30 22 31 67 64 26 9 43 5 9 72 64 31 33 4 31 47 44 40 45 19 33 37 41 51 69 21 16 31 25 63 58 23 4 9 44 43 35 36 54 46 47 20 17 19 81 12 45 64 32 100 77 58 46 48 93 67 44 26 30 90 63 37 10 18 92 66 41 21 25 98 74 53 40 43
13 22 13 17 10 7 44 13 53 45 27 15 4 15 47 10 17 36 13 37 27 40 31 16 31 35 14 53 43 19 32 29 33 41 0 22 2 10 17 14 18 12 37 61 35 15 29 9 17 22 12 20 16 27 26 19 49 20 38 48 33 24 11 14 38 11 26 26 14 37 29 9 37 13 22 32 58 55 11 17 28 25 26 42 46 4 4 8 27 44 30 13 27 57 57 42 52 7 24 23 64 47 41 52 71 53 30 21 37 62 49 23 5 32 59 54 32 23 39 63 66 49 44 54 73
33 32 32 34 12 25 59 10 65 58 48 20 25 20 61 30 39 57 18 58 25 51 23 37 49 48 29 67 48 28 46 39 53 53 22 0 23 26 31 33 5 11 45 73 57 35 37 13 32 13 29 33 36 35 38 28 61 41 52 61 39 20 29 21 50 29 47 47 14 58 36 25 31 35 41 44 73 69 28 31 42 41 45 52 60 19 24 23 22 29 17 9 35 69 71 49 65 15 33 23 72 61 62 73 91 55 41 42 57 79 43 22 23 45 71 39 13 16 42 69 46 28 29 49 73
13 22 13 18 11 6 45 13 54 45 26 15 4 16 48 11 17 35 14 37 28 41 32 15 30 34 14 53 44 20 31 28 33 42 2 23 0 11 17 14 18 12 38 62 35 15 30 10 18 23 13 21 16 27 25 20 50 19 39 49 32 23 11 15 38 11 25 26 15 36 30 10 38 13 21 31 58 56 11 18 27 23 26 42 46 4 3 9 28 45 31 14 28 58 58 41 52 8 23 24 63 46 40 51 71 52 29 20 37 62 49 22 6 32 59 54 32 24 40 63 66 50 45 55 74
9 12 7 9 15 15 36 18 44 36 27 25 9 10 38 7 17 36 11 39 22 31 27 18 36 43 4 44 34 10 40 38 37 32 10 26 11 0 7 9 21 18 28 52 35 11 20 15 8 21 4 11 11 37 35 11 40 22 29 39 42 33 4 8 28 4 28 27 13 36 21 2 32 16 27 41 49 46 2 7 36 32 20 32 37 12 13 4 23 42 28 17 18 48 48 51 43 14 33 18 73 54 44 49 65 62 39 23 32 54 58 32 5 23 49 62 37 21 30 53 71 52 41 47 64
12 6 8 5 21 22 29 24 37 29 29 32 15 12 32 10 19 36 14 40 21 24 27 21 40 49 4 38 28 8 46 44 40 25 17 31 17 7 0 9 26 24 21 45 34 11 14 22 2 23 5 4 12 43 41 8 33 25 22 32 48 39 7 11 21 7 30 29 18 36 15 9 30 20 31 47 43 39 7 1 41 37 16 25 30 19 19 10 23 43 30 23 13 41 42 58 36 20 40 17 79 58 45 46 61 69 45 26 28 48 65 39 12 16 43 68 43 23 25 47 77 56 42 43 58
3 15 2 6 22 17 32 25 42 33 20 28 11 18 36 4 11 28 19 32 29 29 34 12 32 41 8 41 36 16 38 37 31 30 14 33 14 9 9 0 29 24 29 50 27 3 23 22 8 29 6 13 3 37 34 16 38 16 27 36 42 37 5 16 27 5 22 20 22 28 24 10 38 12 23 40 45 43 7 10 33 29 13 31 34 17 14 11 30 50 36 25 22 45 45 51 40 20 34 25 71 50 37 40 58 63 38 17 24 48 62 35 10 21 47 67 44 29 34 54 79 60 49 52 67
29 28 27 29 8 22 54 6 61 54 44 19 21 16 56 26 35 53 13 55 22 47 21 33 46 46 24 63 44 23 44 38 50 49 18 5 18 21 26 29 0 8 41 69 53 31 33 9 28 10 24 28 31 34 36 24 57 37 47 57 39 21 24 17 45 24 43 43 10 54 32 20 29 31 38 42 68 64 23 26 40 38 41 48 56 15 20 18 20 30 16 5 31 65 67 49 60 11 32 19 72 60 58 68 86 56 40 38 52 74 45 22 19 41 67 43 17 13 39 65 51 32 30 47 70
24 27 23 26 4 15 53 3 60 53 38 13 15 16 55 21 29 47 13 48 26 46 27 27 39 39 21 61 46 23 37 31 43 48 12 11 12 18 24 24 8 0 42 68 47 26 33 3 25 16 21 27 27 28 29 23 56 30 46 56 33 17 20 17 44 20 36 37 11 48 33 17 34 24 31 36 67 63 19 24 33 31 37 48 54 9 14 15 24 37 23 3 31 64 65 43 59 5 25 22 66 53 51 63 82 51 33 31 48 71 43 17 14 40 66 44 21 18 41 67 55 38 37 52 74
31 16 28 23 38 42 19 41 21 17 45 51 36 26 18 30 38 50 29 56 23 9 29 40 59 69 24 25 9 19 66 65 58 11 37 45 38 28 21 29 41 42 0 28 48 30 9 40 21 34 26 17 30 64 62 19 17 44 13 19 69 58 28 26 9 28 48 46 32 50 10 28 26 40 51 67 31 26 27 21 61 57 26 9 20 39 40 30 27 44 36 40 11 26 29 78 22 39 60 23 99 78 61 53 58 90 65 44 33 40 84 58 32 12 27 84 57 31 10 26 89 64 43 31 39
52 42 50 45 65 66 19 68 9 18 60 76 60 53 15 53 56 61 56 67 51 22 57 59 76 89 49 13 29 46 86 86 72 21 61 73 62 52 45 50 69 68 28 0 57 50 37 66 45 62 50 42 50 87 83 46 13 61 24 15 92 84 51 53 25 51 64 60 59 59 38 53 52 60 69 88 13 11 51 45 81 77 41 21 18 64 63 55 54 69 64 67 39 6 10 100 11 65 84 51 119 95 72 54 44 113 87 61 38 24 110 83 57 30 5 112 85 59 35 18 117 92 69 49 39
26 39 28 30 45 33 40 48 51 42 10 44 32 44 44 29 19 4 45 10 54 44 60 20 24 39 34 45 56 41 37 41 17 43 35 57 35 35 34 27 53 47 48 57 0 24 45 44 33 54 32 36 24 44 38 41 49 17 39 44 48 53 31 42 42 31 13 11 47 3 47 35 64 23 22 40 48 47 33 35 33 29 22 46 41 38 33 37 56 76 62 48 45 52 49 52 47 42 42 51 66 40 15 18 44 66 40 17 20 44 73 50 35 36 53 85 66 55 56 68 99 84 75 76 85
3 17 5 8 23 17 32 26 43 33 18 29 12 20 36 5 8 26 21 30 31 30 37 10 30 40 10 41 38 18 37 37 29 31 15 35 15 11 11 3 31 26 30 50 24 0 25 23 10 31 8 15 1 37 33 18 39 14 27 36 42 37 7 19 28 7 19 18 24 26 26 12 41 10 21 39 45 43 9 12 32 28 12 32 34 18 15 13 32 52 39 26 24 46 45 50 40 21 34 27 70 48 34 38 57 63 37 15 23 48 62 36 12 21 47 68 46 31 36 55 80 62 52 54 68
25 8 22 17 29 35 25 32 29 23 41 43 29 18 25 24 33 48 21 52 16 16 23 34 54 62 17 32 14 11 59 57 53 18 29 37 30 20 14 23 33 33 9 37 45 25 0 31 15 25 19 11 25 56 54 11 25 38 17 26 61 50 21 17 14 21 43 41 23 47 2 21 22 34 45 60 38 34 20 14 55 50 24 16 26 31 32 22 19 38 29 31 3 33 36 71 29 31 53 15 92 72 58 54 62 82 58 39 33 46 76 50 24 13 35 75 49 24 12 34 81 57 37 31 45
21 25 20 24 3 13 50 4 58 50 35 13 13 14 53 18 26 45 11 46 25 44 26 25 37 39 19 59 45 21 36 31 41 46 9 13 10 15 22 22 9 3 40 66 44 23 31 0 23 16 18 25 24 28 29 21 54 28 44 53 33 19 18 15 42 18 34 35 10 45 31 14 34 22 29 35 64 61 17 22 33 30 34 46 52 7 12 12 23 37 23 4 29 62 63 43 57 3 25 21 66 52 50 61 79 52 33 29 46 69 45 19 12 37 64 47 23 18 39 65 57 40 37 51 73
11 7 7 3 22 22 28 25 37 28 27 32 16 14 31 10 18 35 16 39 22 23 28 20 39 48 4 37 28 9 45 44 39 25 17 32 18 8 2 8 28 25 21 45 33 10 15 23 0 25 5 5 11 43 41 9 33 24 22 32 48 40 7 12 21 7 29 28 19 35 16 9 31 19 30 46 42 39 7 2 41 36 14 25 30 20 19 11 24 44 32 24 14 41 41 58 35 21 40 19 78 58 44 45 59 69 44 25 26 47 66 39 12 15 42 69 44 24 26 47 78 57 44 44 59
29 23 27 27 13 28 49 14 54 48 47 28 25 12 50 26 37 56 10 58 12 40 11 36 52 54 22 57 36 18 52 46 55 42 22 13 23 21 23 29 10 16 34 62 54 31 25 16 25 0 23 24 32 43 44 18 50 41 42 51 48 31 24 13 39 24 47 46 8 56 24 20 19 34 43 51 62 58 22 23 48 45 39 41 50 20 25 18 10 23 9 13 23 58 61 58 54 17 40 11 81 67 62 69 83 66 48 41 51 69 55 32 21 36 60 51 25 3 30 56 56 33 23 37 60
8 11 4 6 18 17 33 21 42 33 26 27 11 12 36 5 16 34 13 37 23 28 29 17 36 44 3 41 33 11 41 39 36 30 12 29 13 4 5 6 24 21 26 50 32 8 19 18 5 23 0 9 9 38 36 11 38 21 27 36 43 35 3 11 26 3 27 26 16 34 20 5 33 15 27 42 47 43 2 6 36 32 17 30 34 15 14 7 24 44 31 21 17 45 46 53 40 17 35 19 74 54 42 46 62 64 40 22 28 51 61 34 8 20 47 65 41 23 30 52 75 55 44 47 63
15 3 11 7 23 25 26 26 34 26 31 35 19 13 29 14 22 38 16 43 20 20 26 24 44 52 7 35 24 7 49 48 43 22 20 33 21 11 4 13 28 27 17 42 36 15 11 25 5 24 9 0 15 47 45 7 30 28 20 29 52 43 11 12 18 11 33 32 19 38 12 12 28 23 35 50 40 37 10 4 45 40 17 22 28 23 23 13 22 42 30 26 10 38 39 61 33 23 44 17 82 62 48 47 60 73 48 29 28 46 69 42 15 13 39 71 45 23 22 43 79 57 41 40 55
4 17 5 8 24 17 32 27 42 33 17 29 12 21 36 6 8 25 22 29 31 30 37 10 30 40 11 40 38 19 37 37 29 31 16 36 16 11 12 3 31 27 30 50 24 1 25 24 11 32 9 15 0 37 34 19 38 14 27 36 42 38 8 19 28 8 19 18 24 25 26 12 41 11 21 39 45 42 10 12 32 28 12 32 33 19 16 14 33 52 39 27 24 45 44 51 40 22 34 28 70 48 34 38 56 63 37 15 22 47 63 37 13 21 47 69 47 32 36 55 81 62 52 55 68
35 48 37 42 31 22 68 30 79 69 35 16 28 41 72 34 33 42 39 39 53 66 54 29 23 14 40 77 70 46 13 5 31 67 27 35 27 37 43 37 34 28 64 87 44 37 56 28 43 43 38 47 37 0 6 46 75 29 63 72 6 18 36 41 63 36 31 34 38 44 56 36 62 28 22 10 81 79 37 43 13 15 48 68 70 26 25 35 51 63 50 31 54 82 81 16 76 28 4 49 38 28 40 62 86 27 7 29 56 82 30 15 32 57 83 44 36 46 66 89 63 57 64 79 99
32 47 34 39 31 20 65 31 75 66 30 18 26 40 69 32 28 37 38 33 52 63 55 25 18 11 38 73 68 44 9 4 25 64 26 38 25 35 41 34 36 29 62 83 38 33 54 29 41 44 36 45 34 6 0 45 72 24 60 69 10 22 34 40 61 34 26 29 38 38 55 34 62 24 17 7 77 75 35 41 7 10 44 65 66 26 23 33 52 65 51 32 52 78 77 17 73 28 6 49 39 24 34 56 81 30 4 24 51 78 35 19 31 54 80 50 40 46 64 87 68 61 65 79 98
18 5 14 12 20 25 31 22 38 31 35 33 19 8 33 16 26 43 11 47 14 24 20 27 46 53 9 40 24 1 50 48 46 26 19 28 20 11 8 16 24 23 19 46 41 18 11 21 9 18 11 7 19 46 45 0 33 31 24 34 51 40 13 7 22 13 37 36 14 43 11 11 23 26 37 51 45 41 11 7 46 42 22 25 33 21 22 12 16 36 24 22 8 42 44 61 37 21 43 11 83 64 52 53 66 72 49 32 34 52 66 40 15 18 43 66 41 17 20 44 73 51 36 37 54
41 29 38 33 52 54 10 55 5 7 49 64 48 41 5 41 45 52 44 58 40 10 46 48 66 78 36 10 19 34 75 75 62 9 49 61 50 40 33 38 57 56 17 13 49 39 25 54 33 50 38 30 38 75 72 33 0 51 12 6 80 72 39 40 12 39 53 50 47 51 26 41 42 48 58 77 15 11 39 33 70 66 30 9 9 52 51 43 43 59 53 55 27 9 13 89 6 53 72 40 108 84 63 48 46 101 75 51 30 26 98 71 45 18 11 99 73 48 25 20 105 81 59 42 39
14 31 18 22 30 16 43 32 54 44 8 27 17 31 47 16 7 17 31 18 43 43 48 5 16 28 23 51 51 31 25 27 15 43 20 41 19 22 25 16 37 30 44 61 17 14 38 28 24 41 21 28 14 29 24 31 51 0 39 47 33 36 19 30 41 19 7 7 33 18 40 22 53 7 8 28 54 53 21 25 21 16 21 45 44 22 17 23 44 63 49 32 37 56 55 40 51 26 27 39 58 35 22 35 58 54 27 1 28 54 57 34 21 34 58 68 49 42 49 68 82 68 62 68 82
29 20 27 22 42 43 8 45 16 7 39 53 36 32 10 30 34 42 35 48 33 5 40 37 55 67 26 16 20 25 64 64 52 5 38 52 39 29 22 27 47 46 13 24 39 27 17 44 22 42 27 20 27 63 60 24 12 39 0 10 69 61 28 31 4 28 42 40 38 41 19 30 38 37 47 66 21 18 28 22 59 54 19 8 9 41 40 32 36 55 46 45 19 19 20 77 14 42 60 32 97 73 53 42 46 90 64 40 22 29 87 60 34 7 21 90 64 40 23 30 97 74 54 43 47
38 29 36 31 52 52 5 55 8 4 45 63 46 41 2 39 42 47 44 54 42 11 48 45 62 75 35 7 24 34 72 72 58 9 48 61 49 39 32 36 57 56 19 15 44 36 26 53 32 51 36 29 36 72 69 34 6 47 10 0 78 71 38 41 13 38 49 46 48 46 28 40 45 46 55 74 12 8 38 32 67 63 26 11 4 51 50 42 45 62 55 55 28 10 10 86 4 52 70 41 105 80 59 43 41 99 72 47 25 22 97 70 43 17 11 99 74 49 28 26 106 83 62 47 45
40 54 42 47 36 27 73 35 84 74 39 21 33 46 77 40 37 46 44 42 57 71 59 34 26 13 45 82 75 51 14 7 34 72 33 39 32 42 48 42 39 33 69 92 48 42 61 33 48 48 43 52 42 6 10 51 80 33 69 78 0 20 41 46 69 41 35 38 43 47 62 41 66 33 26 9 86 84 42 48 15 19 52 73 75 31 30 40 56 67 54 36 59 87 86 11 81 33 9 54 34 27 42 65 90 21 8 34 60 87 27 18 37 62 88 44 39 50 71 94 63 60 68 84 104
35 43 36 40 21 22 68 19 76 68 43 9 26 33 70 33 37 52 30 51 42 62 42 34 37 31 36 76 63 39 30 22 44 64 24 20 23 33 39 37 21 17 58 84 53 37 50 19 40 31 35 43 38 18 22 40 72 36 61 71 20 0 34 33 60 34 41 42 28 53 50 31 50 32 32 27 81 78 34 39 28 28 49 64 69 21 23 30 40 48 36 20 48 80 80 30 75 20 16 39 52 45 53 71 93 36 24 37 60 85 26 3 28 55 81 32 19 34 58 83 48 40 49 68 90
6 13 3 7 17 15 34 20 43 35 24 26 9 13 37 4 14 33 14 36 25 30 30 15 34 42 5 43 35 13 39 37 34 31 11 29 11 4 7 5 24 20 28 51 31 7 21 18 7 24 3 11 8 36 34 13 39 19 28 38 41 34 0 12 28 0 25 24 17 33 22 5 34 13 25 40 48 45 2 8 34 30 17 32 36 14 12 7 26 45 32 20 20 47 47 51 42 16 33 21 72 52 40 45 62 62 38 20 29 52 59 33 6 22 48 64 40 24 32 54 74 55 45 49 65
17 12 14 14 13 21 38 15 45 37 35 27 15 2 40 15 25 44 4 47 14 31 19 26 43 49 9 46 30 7 46 43 45 33 14 21 15 8 11 16 17 17 26 53 42 19 17 15 12 13 11 12 19 41 40 7 40 30 31 41 46 33 12 0 29 12 36 35 8 44 17 8 24 24 34 46 52 48 10 10 42 38 26 32 39 15 18 8 15 34 21 15 15 49 50 56 44 14 37 10 78 60 52 56 71 66 44 31 38 58 59 33 11 25 50 60 34 13 26 51 67 46 34 40 59
29 18 27 22 41 42 11 44 17 10 41 52 36 30 12 29 35 45 33 51 30 3 36 37 56 67 25 19 16 22 64 64 53 4 38 50 38 28 21 27 45 44 9 25 42 28 14 42 21 39 26 18 28 63 61 22 12 41 4 13 69 60 28 29 0 28 44 41 36 44 16 29 34 38 48 66 24 20 27 21 59 55 21 5 12 40 40 31 33 51 43 43 16 21 22 78 16 41 60 29 97 75 56 46 50 89 64 41 25 32 86 59 33 7 22 88 62 37 19 28 94 71 50 39 44
6 13 3 7 17 15 34 20 43 35 24 26 9 13 37 4 14 33 14 36 25 30 30 15 34 42 5 43 35 13 39 37 34 31 11 29 11 4 7 5 24 20 28 51 31 7 21 18 7 24 3 11 8 36 34 13 39 19 28 38 41 34 0 12 28 0 25 24 17 33 22 5 34 13 25 40 48 45 2 8 34 30 17 32 36 14 12 7 26 45 32 20 20 47 47 51 42 16 33 21 72 52 40 45 62 62 38 20 29 52 59 33 6 22 48 64 40 24 32 54 74 55 45 49 65
20 36 23 27 36 22 45 38 56 47 5 32 23 37 49 22 11 12 37 12 49 46 54 11 13 28 29 52 56 37 25 29 10 47 26 47 25 28 30 22 43 36 48 64 13 19 43 34 29 47 27 33 19 31 26 37 53 7 42 49 35 41 25 36 44 25 0 4 39 13 45 28 59 13 9 28 56 54 27 31 21 17 24 49 46 28 23 29 50 69 55 38 42 58 56 41 53 32 30 45 56 32 16 31 56 54 28 6 28 54 60 38 27 38 60 72 55 48 54 71 88 74 69 73 86
18 34 22 25 36 23 42 38 53 44 2 34 23 37 46 21 10 10 37 12 48 44 54 11 17 31 28 49 54 36 28 32 13 44 26 47 26 27 29 20 43 37 46 60 11 18 41 35 28 46 26 32 18 34 29 36 50 7 40 46 38 42 24 35 41 24 4 0 39 11 43 28 58 13 12 32 52 51 26 29 24 20 21 46 43 29 24 29 49 68 54 39 41 55 53 44 50 33 32 44 60 35 17 29 53 57 31 6 24 51 63 40 26 35 57 74 56 47 52 69 89 75 68 72 84
22 19 20 21 8 20 45 9 52 44 39 23 17 7 47 19 29 48 4 51 15 38 17 29 45 48 16 53 36 14 45 41 47 40 14 14 15 13 18 22 10 11 32 59 47 24 23 10 19 8 16 19 24 38 38 14 47 33 38 48 43 28 17 8 36 17 39 39 0 49 23 13 24 26 36 45 59 55 15 17 41 38 33 39 46 13 18 11 14 30 16 9 21 56 57 53 51 11 35 12 76 60 55 62 78 62 42 34 44 65 53 28 13 32 57 53 27 9 30 56 60 39 30 42 63
27 41 30 32 47 34 42 49 53 44 11 45 33 46 46 30 20 2 46 9 56 46 62 21 23 38 36 47 58 43 36 41 16 45 37 58 36 36 36 28 54 48 50 59 3 26 47 45 35 56 34 38 25 44 38 43 51 18 41 46 47 53 33 44 44 33 13 11 49 0 49 37 66 24 22 40 50 49 35 37 33 29 24 48 43 39 34 38 58 77 64 49 47 54 51 52 49 43 42 53 65 38 13 19 44 66 40 17 22 46 73 51 36 38 55 85 67 56 58 70 100 85 77 78 87
26 9 23 19 29 35 26 32 30 25 43 43 29 17 27 25 34 49 20 54 15 17 21 36 55 63 18 34 14 11 60 58 54 19 29 36 30 21 15 24 32 33 10 38 47 26 2 31 16 24 20 12 26 56 55 11 26 40 19 28 62 50 22 17 16 22 45 43 23 49 0 21 20 35 46 61 39 35 21 15 55 51 26 17 27 31 33 22 18 36 28 31 3 35 37 71 30 31 53 14 93 73 59 56 64 82 59 40 35 48 76 49 25 15 36 75 48 22 10 34 80 56 36 29 44
10 13 8 10 13 15 37 17 45 37 28 24 9 9 40 7 18 37 10 39 22 32 26 18 36 43 5 45 35 11 40 37 37 33 9 25 10 2 9 10 20 17 28 53 35 12 21 14 9 20 5 12 12 36 34 11 41 22 30 40 41 31 5 8 29 5 28 28 13 37 21 0 31 16 27 40 51 47 3 9 35 31 21 33 38 11 12 2 22 41 27 16 19 49 50 51 44 13 33 17 72 53 44 50 66 62 38 23 33 55 57 31 4 24 51 61 36 20 31 54 70 51 41 47 64
40 25 37 34 31 43 45 32 46 43 58 46 39 23 44 37 48 66 24 70 10 35 8 49 67 71 31 51 24 23 69 64 68 37 37 31 38 32 30 38 29 34 26 52 64 41 22 34 31 19 33 28 41 62 62 23 42 53 38 45 66 50 34 24 34 34 59 58 24 66 20 31 0 47 58 68 57 52 33 30 64 61 44 35 46 37 41 31 11 18 16 31 21 50 54 77 47 34 58 14 99 83 74 74 83 85 66 54 54 66 73 51 34 35 52 67 41 17 18 43 67 41 17 18 43
9 26 12 17 23 11 41 26 52 43 14 23 10 25 45 11 6 23 25 25 37 40 42 3 21 30 18 50 47 25 27 27 22 41 13 35 13 16 20 12 31 24 40 60 23 10 34 22 19 34 15 23 11 28 24 26 48 7 37 46 33 32 13 24 38 13 13 13 26 24 35 16 47 0 12 29 54 52 15 20 22 18 20 42 43 16 11 17 38 56 42 26 32 55 54 41 50 20 25 33 60 39 29 40 62 54 27 8 29 55 55 30 14 31 56 63 44 35 44 65 77 62 56 62 78
20 37 24 28 31 17 51 33 62 52 13 25 20 35 55 22 14 21 35 19 48 50 52 11 10 20 29 58 58 37 17 20 13 51 22 41 21 27 31 23 38 31 51 69 22 21 45 29 30 43 27 35 21 22 17 37 58 8 47 55 26 32 25 34 48 25 9 12 36 22 46 27 58 12 0 20 62 61 26 32 13 9 29 53 52 24 18 27 48 65 51 33 44 64 62 33 59 27 21 44 50 28 21 40 65 46 19 8 35 62 51 30 24 42 66 64 48 45 56 75 80 68 65 73 89
37 52 40 45 38 26 70 38 81 71 33 24 32 47 74 37 33 38 45 34 59 68 61 30 18 5 44 78 74 51 5 5 25 69 32 44 31 41 47 40 42 36 67 88 40 39 60 35 46 51 42 50 39 10 7 51 77 28 66 74 9 27 40 46 66 40 28 32 45 40 61 40 68 29 20 0 82 80 41 47 8 12 48 71 71 32 29 40 58 71 58 38 59 83 82 13 78 34 12 55 32 19 34 58 83 26 3 28 55 81 36 24 37 60 85 52 45 53 71 93 72 66 72 85 104
47 41 46 41 63 61 14 66 12 15 51 73 56 53 13 49 50 51 56 58 53 23 60 53 69 82 46 6 34 46 79 81 63 21 58 73 58 49 43 45 68 67 31 13 48 45 38 64 42 62 47 40 45 81 77 45 15 54 21 12 86 81 48 52 24 48 56 52 59 50 39 51 57 54 62 82 0 5 48 43 75 70 34 23 13 61 59 52 57 74 66 66 40 9 3 94 10 63 78 53 111 86 62 42 33 107 81 54 29 12 107 80 54 28 9 110 85 61 40 30 118 94 73 57 50
45 37 43 38 60 59 11 62 8 11 50 70 53 49 9 46 48 51 52 57 49 19 55 51 67 81 43 3 30 42 78 79 63 16 55 69 56 46 39 43 64 63 26 11 47 43 34 61 39 58 43 37 42 79 75 41 11 53 18 8 84 78 45 48 20 45 54 51 55 49 35 47 52 52 61 80 5 0 45 40 73 68 32 18 10 58 57 49 52 69 62 62 35 6 3 92 5 59 76 48 110 85 62 43 37 105 79 53 28 16 104 77 51 24 7 107 81 57 35 26 114 90 69 52 47
8 12 5 7 16 16 34 19 43 35 26 26 9 11 37 5 16 34 12 38 23 30 28 17 35 43 4 43 34 11 40 38 36 31 11 28 11 2 7 7 23 19 27 51 33 9 20 17 7 22 2 10 10 37 35 11 39 21 28 38 42 34 2 10 27 2 27 26 15 35 21 3 33 15 26 41 48 45 0 7 35 31 18 32 36 13 13 5 24 43 30 19 18 47 47 52 42 15 34 19 73 53 42 47 64 63 39 22 30 53 59 33 6 22 48 63 39 22 30 53 73 54 43 47 64
12 6 8 5 21 22 29 24 37 29 29 32 16 12 32 10 20 37 14 41 20 24 26 21 41 49 4 38 28 7 46 44 40 25 17 31 18 7 1 10 26 24 21 45 35 12 14 22 2 23 6 4 12 43 41 7 33 25 22 32 48 39 8 10 21 8 31 29 17 37 15 9 30 20 32 47 43 40 7 0 41 37 16 25 31 19 19 10 22 42 30 23 12 41 42 58 36 20 40 17 79 59 46 47 61 69 45 26 28 48 65 39 12 16 43 68 43 23 25 46 77 56 42 43 58
31 47 34 39 35 22 63 35 74 64 25 23 27 42 67 31 26 31 41 27 55 62 58 23 11 8 38 71 68 45 5 9 19 63 28 42 27 36 41 33 40 33 61 81 33 32 55 33 41 48 36 45 32 13 7 46 70 21 59 67 15 28 34 42 59 34 21 24 41 33 55 35 64 22 13 8 75 73 35 41 0 5 41 64 64 28 24 35 54 69 55 36 53 76 75 20 71 31 13 51 38 20 28 51 76 34 8 21 47 74 42 25 32 53 78 57 46 50 65 86 75 67 69 81 99
26 43 30 35 32 18 58 33 69 60 21 22 23 39 62 27 21 28 37 25 51 57 55 18 9 13 34 66 64 41 10 12 16 58 25 41 23 32 37 29 38 31 57 77 29 28 50 30 36 45 32 40 28 15 10 42 66 16 54 63 19 28 30 38 55 30 17 20 38 29 51 31 61 18 9 12 70 68 31 37 5 0 37 60 60 25 21 31 51 67 53 34 49 72 70 25 66 28 14 47 43 23 26 47 72 38 11 16 43 70 44 26 28 49 73 58 46 47 61 82 76 66 67 77 95
14 19 14 12 34 28 22 37 33 24 20 40 23 27 26 17 16 25 29 30 36 23 42 19 36 49 17 30 34 23 46 47 33 23 26 45 26 20 16 13 41 37 26 41 22 12 24 34 14 39 17 17 12 48 44 22 30 21 19 26 52 49 17 26 21 17 24 21 33 24 26 21 44 20 29 48 34 32 18 16 41 37 0 25 24 30 27 23 38 58 46 37 24 36 34 60 30 32 45 32 79 55 36 31 46 73 47 21 12 36 74 48 23 15 37 80 57 38 34 48 91 71 57 55 64
34 21 31 26 44 47 12 47 13 9 45 56 40 33 10 34 39 49 36 55 31 3 37 42 61 72 29 17 13 26 69 68 58 4 42 52 42 32 25 31 48 48 9 21 46 32 16 46 25 41 30 22 32 68 65 25 9 45 8 11 73 64 32 32 5 32 49 46 39 48 17 33 35 42 53 71 23 18 32 25 64 60 25 0 12 44 44 35 35 52 45 47 18 18 21 82 13 45 65 31 102 79 60 49 51 94 69 45 29 32 90 63 37 12 19 91 65 39 18 23 97 72 51 37 40
36 28 34 29 51 50 2 54 11 3 42 61 44 40 4 37 39 44 43 51 41 11 48 42 59 72 34 8 25 33 69 70 55 9 46 60 46 37 30 34 56 54 20 18 41 34 26 52 30 50 34 28 33 70 66 33 9 44 9 4 75 69 36 39 12 36 46 43 46 43 27 38 46 43 52 71 13 10 36 31 64 60 24 12 0 49 47 40 45 63 54 53 27 13 12 83 7 50 67 40 102 77 55 40 39 96 70 44 22 21 95 68 41 15 14 98 73 48 29 29 105 82 62 48 48
16 24 16 20 8 8 47 10 56 48 29 13 7 15 50 14 20 39 13 40 27 42 30 19 32 35 16 56 44 20 32 28 35 44 4 19 4 12 19 17 15 9 39 64 38 18 31 7 20 20 15 23 19 26 26 21 52 22 41 51 31 21 14 15 40 14 28 29 13 39 31 11 37 16 24 32 61 58 13 19 28 25 30 44 49 0 6 10 27 42 28 10 29 60 60 41 54 4 23 23 63 47 44 55 74 51 30 23 41 65 47 20 8 34 61 51 29 22 40 64 63 46 42 54 74
13 24 14 19 13 3 46 15 55 46 24 14 4 19 49 11 16 34 17 35 31 42 35 14 27 32 16 54 46 22 29 26 30 43 4 24 3 13 19 14 20 14 40 63 33 15 32 12 19 25 14 23 16 25 23 22 51 17 40 50 30 23 12 18 40 12 23 24 18 34 33 12 41 11 18 29 59 57 13 19 24 21 27 44 47 6 0 11 31 47 33 16 30 59 59 39 53 10 21 27 61 43 38 50 71 50 27 18 37 62 48 21 8 34 60 54 33 27 42 65 67 51 47 57 76
11 14 9 12 12 14 38 15 47 39 29 22 8 9 41 8 19 38 9 40 21 33 26 19 36 42 7 47 35 11 39 36 38 35 8 23 9 4 10 11 18 15 30 55 37 13 22 12 11 18 7 13 14 35 33 12 43 23 32 42 40 30 7 8 31 7 29 29 11 38 22 2 31 17 27 40 52 49 5 10 35 31 23 35 40 10 11 0 22 40 26 14 20 51 51 50 45 11 32 17 71 53 45 51 68 60 37 24 35 57 56 29 4 26 52 59 34 19 31 55 68 49 40 47 65
31 20 28 27 21 33 44 22 47 42 49 36 29 13 44 29 40 58 14 61 4 34 5 40 57 61 23 51 28 16 59 54 59 36 27 22 28 23 23 30 20 24 27 54 56 32 19 23 24 10 24 22 33 51 52 16 43 44 36 45 56 40 26 15 33 26 50 49 14 58 18 22 11 38 48 58 57 52 24 22 54 51 38 35 45 27 31 22 0 21 10 21 18 52 55 66 48 24 48 6 89 73 66 68 80 75 56 45 49 65 64 41 24 31 53 60 33 7 21 48 63 38 20 28 51
51 40 48 47 35 50 62 34 63 60 68 48 47 32 61 48 59 77 32 80 23 52 16 58 74 75 42 68 41 36 73 67 77 54 44 29 45 42 43 50 30 37 44 69 76 52 38 37 44 23 44 42 52 63 65 36 59 63 55 62 67 48 45 34 51 45 69 68 30 77 36 41 18 56 65 71 74 69 43 42 69 67 58 52 63 42 47 40 21 0 15 34 37 68 72 77 64 39 61 26 100 89 84 88 100 83 69 63 69 83 68 50 42 51 69 57 34 22 35 59 53 26 1 28 55
37 28 34 34 21 35 53 21 57 52 55 34 33 19 54 34 45 64 18 66 14 44 9 44 60 61 29 61 37 24 59 53 63 46 30 17 31 28 30 36 16 23 36 64 62 39 29 23 32 9 31 30 39 50 51 24 53 49 46 55 54 36 32 21 43 32 55 54 16 64 28 27 16 42 51 58 66 62 30 30 55 53 46 45 54 28 33 26 10 15 0 20 27 61 64 65 57 25 47 15 87 75 70 76 89 71 55 49 57 74 59 38 28 41 63 52 26 8 30 57 53 28 15 33 58
24 26 23 26 3 17 52 1 59 51 39 15 16 14 54 21 30 48 11 50 23 45 24 29 41 42 21 60 44 21 40 34 45 47 13 9 14 17 23 25 5 3 40 67 48 26 31 4 24 13 21 26 27 31 32 22 55 32 45 55 36 20 20 15 43 20 38 39 9 49 31 16 31 26 33 38 66 62 19 23 36 34 37 47 53 10 16 14 21 34 20 0 29 63 64 46 58 6 28 20 69 55 53 64 82 54 36 33 48 71 45 20 15 38 65 45 21 15 39 65 55 37 34 49 71
24 7 20 16 27 33 26 30 31 25 40 41 27 15 27 22 32 47 19 52 15 17 21 33 53 61 15 34 16 9 58 55 52 20 27 35 28 18 13 22 31 31 11 39 45 24 3 29 14 23 17 10 24 54 52 8 27 37 19 28 59 48 20 15 16 20 42 41 21 47 3 19 21 32 44 59 40 35 18 12 53 49 24 18 27 29 30 20 18 37 27 29 0 35 38 69 31 29 51 13 90 71 57 54 63 80 56 38 34 48 74 47 23 14 37 73 47 22 13 36 79 55 36 32 46
48 38 46 41 61 61 14 64 5 13 54 72 55 50 10 48 51 55 53 62 48 19 54 54 71 84 44 8 27 42 81 82 67 17 57 69 58 48 41 45 65 64 26 6 52 46 33 62 41 58 45 38 45 82 78 42 9 56 19 10 87 80 47 49 21 47 58 55 56 54 35 49 50 55 64 83 9 6 47 41 76 72 36 18 13 60 59 51 52 68 61 63 35 0 6 95 6 61 79 48 114 90 67 49 42 108 82 56 33 21 106 79 52 26 2 108 82 56 33 21 114 89 67 49 41
47 39 45 41 62 61 13 65 10 13 52 72 55 51 11 48 49 52 54 59 51 21 57 53 69 82 45 5 32 44 79 80 64 19 57 71 58 48 42 45 67 65 29 10 49 45 36 63 41 61 46 39 44 81 77 44 13 55 20 10 86 80 47 50 22 47 56 53 57 51 37 50 54 54 62 82 3 3 47 42 75 70 34 21 12 60 59 51 55 72 64 64 38 6 0 94 8 62 78 51 112 87 63 44 36 107 80 54 30 15 106 79 53 26 7 109 84 59 37 27 116 92 71 54 47
49 63 51 56 46 37 82 45 92 83 45 31 43 56 86 49 45 50 54 45 68 80 69 42 29 14 55 90 85 61 16 14 37 81 42 49 41 51 58 51 49 43 78 100 52 50 71 43 58 58 53 61 51 16 17 61 89 40 77 86 11 30 51 56 78 51 41 44 53 52 71 51 77 41 33 13 94 92 52 58 20 25 60 82 83 41 39 50 66 77 65 46 69 95 94 0 90 43 19 64 23 23 44 69 95 14 14 40 67 94 28 28 47 71 97 48 48 61 81 104 69 68 78 94 114
42 33 40 35 56 56 9 59 5 7 49 67 50 45 5 43 46 50 48 57 44 14 50 49 66 79 39 5 25 38 76 76 62 12 52 65 52 43 36 40 60 59 22 11 47 40 29 57 35 54 40 33 40 76 73 37 6 51 14 4 81 75 42 44 16 42 53 50 51 49 30 44 47 50 59 78 10 5 42 36 71 66 30 13 7 54 53 45 48 64 57 58 31 6 8 90 0 56 73 44 108 84 62 45 41 102 76 51 28 21 100 74 47 20 7 103 77 52 30 23 109 85 64 47 43
19 24 18 22 4 11 49 6 57 49 33 13 11 14 51 16 24 43 11 44 25 43 27 23 36 38 17 57 44 20 35 30 39 45 7 15 8 14 20 20 11 5 39 65 42 21 31 3 21 17 17 23 22 28 28 21 53 26 42 52 33 20 16 14 41 16 32 33 11 43 31 13 34 20 27 34 63 59 15 20 31 28 32 45 50 4 10 11 24 39 25 6 29 61 62 43 56 0 25 22 65 50 48 58 77 52 32 27 44 67 46 19 10 36 62 49 25 19 39 64 59 42 39 52 73
32 45 34 39 28 19 66 27 76 66 33 13 25 38 69 31 30 41 35 38 49 63 51 27 23 16 37 74 67 43 14 7 30 64 24 33 23 33 40 34 32 25 60 84 42 34 53 25 40 40 35 44 34 4 6 43 72 27 60 70 9 16 33 37 60 33 30 32 35 42 53 33 58 25 21 12 78 76 34 40 13 14 45 65 67 23 21 32 48 61 47 28 51 79 78 19 73 25 0 46 41 30 39 60 85 30 9 27 53 80 31 13 29 54 80 44 34 43 62 86 62 55 61 76 96
26 14 23 22 19 30 39 21 44 38 44 34 25 9 40 24 34 53 11 56 5 30 10 35 53 58 17 47 26 10 55 51 54 32 23 23 24 18 17 25 19 22 23 51 51 27 15 21 19 11 19 17 28 49 49 11 40 39 32 41 54 39 21 10 29 21 45 44 12 53 14 17 14 33 44 55 53 48 19 17 51 47 32 31 40 23 27 17 6 26 15 20 13 48 51 64 44 22 46 0 86 70 61 63 75 73 52 40 44 60 64 39 20 27 50 62 35 9 20 46 66 42 25 31 52
69 84 72 77 68 58 100 68 111 102 61 54 64 78 104 69 63 63 76 57 90 100 92 61 43 31 76 108 106 82 34 36 49 100 64 72 63 73 79 71 72 66 99 119 66 70 92 66 78 81 74 82 70 38 39 83 108 58 97 105 34 52 72 78 97 72 56 60 76 65 93 72 99 60 50 32 111 110 73 79 38 43 79 102 102 63 61 71 89 100 87 69 90 114 112 23 108 65 41 86 0 27 54 81 107 22 35 58 83 109 43 51 69 91 115 64 70 83 102 124 86 89 100 117 136
47 64 51 56 54 41 76 55 87 78 36 42 45 61 80 49 41 37 60 30 74 77 77 38 19 15 56 83 85 63 16 24 23 77 47 61 46 54 58 50 60 53 78 95 40 48 72 52 58 67 54 62 48 28 24 64 84 35 73 80 27 45 52 60 75 52 32 35 60 38 73 53 83 39 28 19 86 85 53 59 20 23 55 79 77 47 43 53 73 89 75 55 71 90 87 23 84 50 30 70 27 0 27 54 81 35 22 34 58 83 51 43 50 68 91 70 64 69 83 102 89 85 89 100 116
35 51 38 41 51 37 54 53 66 57 17 46 38 53 59 38 27 12 53 6 65 58 70 26 17 31 44 60 69 52 29 36 10 58 41 62 40 44 45 37 58 51 61 72 15 34 58 50 44 62 42 48 34 40 34 52 63 22 53 59 42 53 40 52 56 40 16 17 55 13 59 44 74 29 21 34 62 62 42 46 28 26 36 60 55 44 38 45 66 84 70 53 57 67 63 44 62 48 39 61 54 27 0 27 54 58 34 21 34 58 69 50 42 50 68 83 69 63 68 82 100 89 84 88 99
40 50 42 42 61 50 39 64 49 42 28 62 48 57 43 43 35 20 59 25 66 47 73 37 41 56 47 42 61 53 54 59 33 46 52 73 51 49 46 40 68 63 53 54 18 38 54 61 45 69 46 47 38 62 56 53 48 35 42 43 65 71 45 56 46 45 31 29 62 19 56 50 74 40 40 58 42 43 47 47 51 47 31 49 40 55 50 51 68 88 76 64 54 49 44 69 45 58 60 63 81 54 27 0 27 83 58 34 21 34 91 68 50 42 50 102 83 68 63 68 117 100 88 83 87
59 61 60 57 79 72 40 82 44 42 52 84 68 72 42 61 56 46 74 51 77 50 84 59 67 82 62 36 64 66 80 84 60 48 71 91 71 65 61 58 86 82 58 44 44 57 62 79 59 83 62 60 56 86 81 66 46 58 46 41 90 93 62 71 50 62 56 53 78 44 64 66 83 62 65 83 33 37 64 61 76 72 46 51 39 74 71 68 80 100 89 82 63 42 36 95 41 77 85 75 107 81 54 27 0 109 83 58 34 21 115 91 68 50 42 124 102 82 68 62 136 116 99 87 83
61 74 63 68 55 48 94 53 105 95 59 40 54 66 98 60 58 64 63 59 76 92 77 55 43 28 66 103 95 71 30 27 51 93 53 55 52 62 69 63 56 51 90 113 66 63 82 52 69 66 64 73 63 27 30 72 101 54 90 99 21 36 62 66 89 62 54 57 62 66 82 62 85 54 46 26 107 105 63 69 34 38 73 94 96 51 50 60 75 83 71 54 80 108 107 14 102 52 30 73 22 35 58 83 109 0 27 54 81 107 22 35 58 83 109 43 51 69 91 115 64 70 83 102 124
35 50 38 43 35 24 68 35 79 70 32 22 30 44 72 35 32 38 42 34 56 67 59 28 18 7 42 76 72 48 6 3 26 67 30 41 29 39 45 38 40 33 65 87 40 37 58 33 44 48 40 48 37 7 4 49 75 27 64 72 8 24 38 44 64 38 28 31 42 40 59 38 66 27 19 3 81 79 39 45 8 11 47 69 70 30 27 37 56 69 55 36 56 82 80 14 76 32 9 52 35 22 34 58 83 27 0 27 54 81 35 22 34 58 83 51 43 50 68 91 70 64 69 83 102
15 32 18 22 31 17 43 33 54 44 7 28 17 32 47 17 7 16 32 17 44 43 49 6 16 28 24 50 52 32 25 28 15 44 21 42 20 23 26 17 38 31 44 61 17 15 39 29 25 41 22 29 15 29 24 32 51 1 40 47 34 37 20 31 41 20 6 6 34 17 40 23 54 8 8 28 54 53 22 26 21 16 21 45 44 23 18 24 45 63 49 33 38 56 54 40 51 27 27 40 58 34 21 34 58 54 27 0 27 54 58 34 21 34 58 69 50 42 50 68 83 69 63 68 82
25 30 26 24 46 38 21 49 32 23 23 51 34 39 25 28 24 23 41 29 46 27 53 27 40 55 29 26 40 34 52 54 35 26 37 57 37 32 28 24 52 48 33 38 20 23 33 46 26 51 28 28 22 56 51 34 30 28 22 25 60 60 29 38 25 29 28 24 44 22 35 33 54 29 35 55 29 28 30 28 47 43 12 29 22 41 37 35 49 69 57 48 34 33 30 67 28 44 53 44 83 58 34 21 34 81 54 27 0 27 83 58 34 21 34 91 68 50 42 50 102 83 68 63 68
50 47 50 46 68 64 22 71 24 24 50 76 59 59 23 52 50 47 62 54 62 32 68 53 67 81 51 16 45 52 78 81 61 30 62 79 62 54 48 48 74 71 40 24 44 48 46 69 47 69 51 46 47 82 78 52 26 54 29 22 87 85 52 58 32 52 54 51 65 46 48 55 66 55 62 81 12 16 53 48 74 70 36 32 21 65 62 57 65 83 74 71 48 21 15 94 21 67 80 60 109 83 58 34 21 107 81 54 27 0 109 83 58 34 21 115 91 68 50 42 124 102 82 68 62
60 69 61 66 47 46 93 44 102 94 64 34 52 59 96 59 60 72 56 68 67 88 66 57 52 39 62 102 89 65 40 33 60 90 49 43 49 58 65 62 45 43 84 110 73 62 76 45 66 55 61 69 63 30 35 66 98 57 87 97 27 26 59 59 86 59 60 63 53 73 76 57 73 55 51 36 107 104 59 65 42 44 74 90 95 47 48 56 64 68 59 45 74 106 106 28 100 46 31 64 43 51 69 91 115 22 35 58 83 109 0 27 54 81 107 22 35 58 83 109 43 51 69 91 115
34 43 35 39 21 20 66 19 75 67 41 8 25 33 70 32 35 50 30 48 43 62 43 32 34 28 35 75 63 39 27 19 41 63 23 22 22 32 39 35 22 17 58 83 50 36 50 19 39 32 34 42 37 15 19 40 71 34 60 70 18 3 33 33 59 33 38 40 28 51 49 31 51 30 30 24 80 77 33 39 25 26 48 63 68 20 21 29 41 50 38 20 47 79 79 28 74 19 13 39 51 43 50 68 91 35 22 34 58 83 27 0 27 54 81 35 22 34 58 83 51 43 50 68 91
10 17 9 13 12 11 40 15 49 40 27 20 5 12 43 7 17 36 11 38 24 35 28 16 33 39 9 49 38 14 36 33 35 37 5 23 6 5 12 10 19 14 32 57 35 12 24 12 12 21 8 15 13 32 31 15 45 21 34 43 37 28 6 11 33 6 27 26 13 36 25 4 34 14 24 37 54 51 6 12 32 28 23 37 41 8 8 4 24 42 28 15 23 52 53 47 47 10 29 20 69 50 42 50 68 58 34 21 34 58 54 27 0 27 54 58 34 21 34 58 69 50 42 50 68
23 14 21 16 36 36 14 39 22 14 34 47 30 26 16 23 28 39 28 45 28 9 35 31 50 61 19 22 20 18 58 57 47 10 32 45 32 23 16 21 41 40 12 30 36 21 13 37 15 36 20 13 21 57 54 18 18 34 7 17 62 55 22 25 7 22 38 35 32 38 15 24 35 31 42 60 28 24 22 16 53 49 15 12 15 34 34 26 31 51 41 38 14 26 26 71 20 36 54 27 91 68 50 42 50 83 58 34 21 34 81 54 27 0 27 83 58 34 21 34 91 68 50 42 50
49 39 47 42 62 63 15 65 6 14 56 73 57 51 12 50 52 57 54 63 50 20 56 55 73 85 46 9 28 44 82 83 68 18 59 71 59 49 43 47 67 66 27 5 53 47 35 64 42 60 47 39 47 83 80 43 11 58 21 11 88 81 48 50 22 48 60 57 57 55 36 51 52 56 66 85 9 7 48 43 78 73 37 19 14 61 60 52 53 69 63 65 37 2 7 97 7 62 80 50 115 91 68 50 42 109 83 58 34 21 107 81 54 27 0 109 83 58 34 21 115 91 68 50 42
66 71 66 70 48 53 96 45 104 96 75 41 57 59 99 64 69 84 56 82 63 90 60 66 67 56 65 105 87 66 56 49 74 92 54 39 54 62 68 67 43 44 84 112 85 68 75 47 69 51 65 71 69 44 50 66 99 68 90 99 44 32 64 60 88 64 72 74 53 85 75 61 67 63 64 52 110 107 63 68 57 58 80 91 98 51 54 59 60 57 52 45 73 108 109 48 103 49 44 62 64 70 83 102 124 43 51 69 91 115 22 35 58 83 109 0 27 54 81 107 22 35 58 83 109
44 45 43 46 23 34 71 20 78 71 57 24 35 33 73 41 48 66 30 66 36 64 33 46 54 50 41 80 60 40 48 40 60 66 32 13 32 37 43 44 17 21 57 85 66 46 49 23 44 25 41 45 47 36 40 41 73 49 64 74 39 19 40 34 62 40 55 56 27 67 48 36 41 44 48 45 85 81 39 43 46 46 57 65 73 29 33 34 33 34 26 21 47 82 84 48 77 25 34 35 70 64 69 83 102 51 43 50 68 91 35 22 34 58 83 27 0 27 54 81 35 22 34 58 83
30 22 27 27 16 29 47 16 52 46 47 30 26 12 48 27 37 56 11 59 10 39 9 37 53 56 22 55 33 17 54 49 56 41 23 16 24 21 23 29 13 18 31 59 55 31 24 18 24 3 23 23 32 46 46 17 48 42 40 49 50 34 24 13 37 24 48 47 9 56 22 20 17 35 45 53 61 57 22 23 50 47 38 39 48 22 27 19 7 22 8 15 22 56 59 61 52 19 43 9 83 69 63 68 82 69 50 42 50 68 58 34 21 34 58 54 27 0 27 54 58 34 21 34 58
36 19 33 28 37 45 29 39 29 26 52 52 39 26 27 35 44 58 28 63 18 19 23 45 65 73 28 34 7 21 70 67 64 21 39 42 40 30 25 34 39 41 10 35 56 36 12 39 26 30 30 22 36 66 64 20 25 49 23 28 71 58 32 26 19 32 54 52 30 58 10 31 18 44 56 71 40 35 30 25 65 61 34 18 29 40 42 31 21 35 30 39 13 33 37 81 30 39 62 20 102 83 68 63 68 91 68 50 42 50 83 58 34 21 34 81 54 27 0 27 83 58 34 21 34
56 41 53 48 63 68 29 65 19 27 68 77 62 51 25 56 62 71 54 77 45 26 49 65 83 94 50 28 21 45 91 90 81 25 63 69 63 53 47 54 65 67 26 18 68 55 34 65 47 56 52 43 55 89 87 44 20 68 30 26 94 83 54 51 28 54 71 69 56 70 34 54 43 65 75 93 30 26 53 46 86 82 48 23 29 64 65 55 48 59 57 65 36 21 27 104 23 64 86 46 124 102 82 68 62 115 91 68 50 42 109 83 58 34 21 107 81 54 27 0 109 83 58 34 21
78 78 77 80 57 67 104 54 109 103 90 56 69 66 105 75 82 99 63 98 66 96 61 80 84 76 74 112 90 73 75 67 91 98 66 46 66 71 77 79 51 55 89 117 99 80 81 57 78 56 75 79 81 63 68 73 105 82 97 106 63 48 74 67 94 74 88 89 60 100 80 70 67 77 80 72 118 114 73 77 75 76 91 97 105 63 67 68 63 53 53 55 79 114 116 69 109 59 62 66 86 89 100 117 136 64 70 83 102 124 43 51 69 91 115 22 35 58 83 109 0 27 54 81 107
60 55 58 60 39 52 81 37 85 80 75 45 53 44 82 57 66 85 42 85 42 72 36 65 75 71 54 89 64 51 69 62 80 74 49 28 50 52 56 60 32 38 64 92 84 62 57 40 57 33 55 57 62 57 61 51 81 68 74 83 60 40 55 46 71 55 74 75 39 85 56 51 41 62 68 66 94 90 54 56 67 66 71 72 82 46 51 49 38 26 28 37 55 89 92 68 85 42 55 42 89 85 89 100 116 70 64 69 83 102 51 43 50 68 91 35 22 34 58 83 27 0 27 54 81
50 39 47 46 35 50 61 35 62 59 68 48 47 32 61 48 58 77 32 80 23 51 16 58 74 75 42 68 40 35 73 67 77 53 44 29 45 41 42 49 30 37 43 69 75 52 37 37 44 23 44 41 52 64 65 36 59 62 54 62 68 49 45 34 50 45 69 68 30 77 36 41 17 56 65 72 73 69 43 42 69 67 57 51 62 42 47 40 20 1 15 34 36 67 71 78 64 39 61 25 100 89 84 88 99 83 69 63 68 82 69 50 42 50 68 58 34 21 34 58 54 27 0 27 54
54 38 51 47 49 60 48 50 45 45 71 64 55 39 46 52 62 78 41 83 27 38 26 64 82 88 45 52 24 37 86 81 83 40 54 49 55 47 43 52 47 52 31 49 76 54 31 51 44 37 47 40 55 79 79 37 42 68 43 47 84 68 49 40 39 49 73 72 42 78 29 47 18 62 73 85 57 52 47 43 81 77 55 37 48 54 57 47 28 28 33 49 32 49 54 94 47 52 76 31 117 100 88 83 87 102 83 68 63 68 91 68 50 42 50 83 58 34 21 34 81 54 27 0 27
69 52 66 61 70 79 48 72 39 45 83 85 73 59 44 68 76 88 62 94 49 42 50 78 98 107 61 48 31 54 104 101 96 43 73 73 74 64 58 67 70 74 39 39 85 68 45 73 59 60 63 55 68 99 98 54 39 82 47 45 104 90 65 59 44 65 86 84 63 87 44 64 43 78 89 104 50 47 64 58 99 95 64 40 48 74 76 65 51 55 58 71 46 41 47 114 43 73 96 52 136 116 99 87 83 124 102 82 68 62 115 91 68 50 42 109 83 58 34 21 107 81 54 27 0
