0 10 41 45 26 44 38 20 55 24 23 9 49 51 36 23 31 17 49 19 32 5 46 13 47 19 20 17 17 47 21 19 26 26 42 22 43 3 17 35 32 21 22 22 42 17 40 23 29 18 42 11 4 17 25 8 44 33 40 26 18 9 48 5 32 22 29 18 46 34 26 48 34 13 36 44 24 24 14 15 27 18 22 34 45 43 20 23 18 35 33 20 13 21 41 55 19 24 25 15 81 58 40 35 48 75 49 24 15 36 74 48 22 11 35 79 55 35 30 44 89 69 54 50 60
10 0 33 40 29 53 33 27 49 32 26 12 45 46 35 14 31 10 39 10 34 8 37 5 40 13 11 27 14 41 14 12 36 17 36 17 33 9 27 31 40 15 13 23 33 9 33 28 21 9 34 5 7 9 28 15 38 42 30 35 19 16 42 5 22 26 28 9 36 27 28 38 25 3 27 39 15 21 10 14 26 10 26 26 39 34 11 13 18 30 41 10 10 24 32 48 18 18 32 7 76 55 41 42 57 68 43 22 24 46 65 39 12 16 43 70 46 27 29 49 80 60 47 48 62
41 33 0 15 61 85 14 60 17 64 58 45 19 17 29 27 30 37 22 30 65 36 19 29 8 40 33 57 44 13 39 22 66 31 8 43 25 41 57 16 72 41 20 32 17 35 8 61 36 33 3 37 37 25 60 47 10 73 25 66 50 48 14 37 14 58 27 34 18 8 59 26 21 31 19 18 26 48 39 29 54 24 59 7 8 26 34 24 49 14 73 28 28 34 15 16 48 43 64 27 46 32 37 56 80 35 12 23 48 75 36 14 24 49 75 47 34 38 57 81 64 54 57 71 91
45 40 15 0 69 88 8 65 14 68 66 51 5 7 20 39 24 47 36 40 74 41 34 35 10 50 43 59 53 5 49 29 68 43 8 53 40 46 60 11 77 51 30 30 32 45 9 67 49 43 18 45 42 33 68 53 6 76 40 69 58 54 5 43 27 65 21 44 33 16 67 41 35 38 34 5 38 58 48 31 64 31 66 18 9 41 44 35 58 11 76 39 33 31 29 16 57 53 70 35 37 18 27 51 77 33 8 22 49 75 42 27 34 55 79 58 48 52 67 88 76 69 72 83 101
26 29 61 69 0 32 62 12 77 18 4 18 73 75 61 36 56 25 62 32 8 30 60 34 68 22 30 26 18 70 25 40 28 35 65 22 54 24 22 59 20 23 41 47 56 27 62 7 33 30 62 25 28 37 2 18 66 26 50 24 12 17 71 27 49 4 55 28 60 55 6 58 47 31 50 68 37 18 22 40 14 38 6 54 67 53 29 38 12 59 25 34 37 46 56 76 14 24 13 35 105 83 65 54 56 96 71 49 34 37 91 64 38 15 22 90 64 38 13 20 95 70 47 32 35
44 53 85 88 32 0 81 26 99 21 33 42 92 94 74 64 69 53 91 59 35 49 88 57 90 52 58 30 48 90 55 63 22 64 86 53 83 44 28 78 14 53 66 60 84 55 83 28 64 57 86 50 48 61 34 38 87 12 80 19 42 38 91 49 75 33 69 56 88 78 38 88 75 55 78 86 65 49 50 57 46 61 31 78 89 83 58 65 42 78 12 61 57 59 83 99 44 54 23 59 123 98 74 53 39 119 92 66 41 20 118 91 64 38 12 120 94 69 45 27 126 102 79 59 47
38 33 14 8 62 81 0 58 20 61 59 44 12 14 16 33 18 40 35 34 67 33 33 28 14 44 37 52 46 11 43 22 60 37 9 47 37 39 53 4 69 45 23 23 30 39 7 60 43 36 17 38 35 26 61 46 9 69 36 62 51 46 11 35 23 58 15 37 32 11 60 39 31 31 30 7 32 52 42 24 57 25 58 13 12 38 38 29 51 4 69 33 25 25 27 21 50 47 62 28 44 23 24 45 71 40 13 15 41 68 46 27 28 48 72 60 47 47 61 81 77 67 67 77 94
20 27 60 65 12 26 58 0 75 7 11 16 69 71 55 38 49 27 65 33 19 25 62 32 66 26 32 14 22 67 29 38 16 39 62 28 57 19 11 55 13 28 40 40 58 29 59 6 38 31 61 25 24 35 13 13 64 17 54 13 17 12 68 24 49 10 48 30 62 53 17 62 50 30 52 63 39 25 24 35 23 36 8 53 65 57 32 39 17 55 16 35 33 39 58 75 19 29 5 33 101 78 57 43 45 94 69 44 24 26 92 65 39 12 16 94 68 44 24 26 101 77 57 43 44
55 49 17 14 77 99 20 75 0 78 74 60 14 9 34 44 37 53 31 47 81 51 30 44 9 57 49 70 60 10 55 38 79 47 14 59 38 56 71 23 87 57 36 42 30 52 16 76 52 49 17 53 52 41 76 62 12 87 39 80 66 63 10 52 30 74 35 50 29 22 75 38 37 46 34 18 42 64 56 42 70 39 75 23 11 39 50 40 66 22 87 45 43 44 28 3 65 59 79 43 30 23 40 64 90 20 7 34 61 87 29 22 40 64 90 47 43 54 74 97 67 64 72 87 107
24 32 64 68 18 21 61 7 78 0 17 21 72 74 56 43 50 33 70 39 24 28 68 36 70 33 38 12 28 70 35 42 10 45 65 34 63 23 9 58 9 34 45 41 64 35 63 12 45 37 65 30 27 40 19 18 67 10 60 6 23 17 71 28 54 17 50 36 68 57 23 68 55 35 58 66 45 32 30 37 30 41 14 57 68 63 38 44 24 58 10 40 36 40 63 78 26 36 7 38 104 79 57 41 39 98 72 46 23 20 97 70 44 17 12 100 75 50 30 28 107 84 63 49 47
23 26 58 66 4 33 59 11 74 17 0 15 70 71 58 33 53 23 60 29 10 27 58 31 65 20 27 23 16 67 23 37 26 33 62 21 52 21 20 56 21 21 38 44 54 24 59 6 32 27 59 22 25 34 3 15 63 26 48 23 10 14 68 24 46 1 51 26 58 52 6 56 45 28 48 65 35 17 20 37 14 35 4 52 64 51 27 36 10 56 25 31 34 43 54 74 12 22 12 32 102 80 62 52 55 93 68 46 31 36 88 62 36 12 22 88 62 36 14 23 93 69 47 33 38
9 12 45 51 18 42 44 16 60 21 15 0 56 57 44 22 39 13 49 18 24 13 47 17 51 13 17 19 10 53 16 23 27 24 47 16 42 6 18 42 29 15 25 30 43 14 45 16 25 16 46 9 10 20 17 5 49 31 39 25 10 5 54 9 34 15 37 15 47 38 18 47 34 15 37 50 24 16 10 23 19 21 15 38 50 42 17 23 10 41 31 19 19 30 42 60 11 18 20 18 87 65 48 42 52 79 54 31 22 38 76 50 23 5 31 79 54 31 22 37 87 65 48 42 52
49 45 19 5 73 92 12 69 14 72 70 56 0 5 21 44 26 51 39 45 78 45 37 40 13 55 48 62 57 8 54 33 71 47 12 58 44 51 64 15 80 56 34 33 36 50 13 71 53 47 21 49 46 37 72 57 10 80 44 73 63 58 6 47 31 70 24 48 37 21 72 45 40 43 38 6 42 63 53 35 68 36 70 22 12 45 49 40 62 15 80 43 37 34 34 16 62 58 74 39 33 13 27 53 79 31 10 26 52 78 43 30 39 59 83 60 51 56 72 93 79 73 76 88 105
51 46 17 7 75 94 14 71 9 74 71 57 5 0 26 43 30 52 36 45 79 47 34 41 10 55 48 65 58 5 54 35 74 47 11 58 41 52 66 17 83 56 35 36 33 50 13 73 53 48 19 50 48 38 73 59 9 83 42 75 64 60 4 48 30 71 28 49 34 20 73 42 38 44 36 10 42 63 54 37 69 37 72 22 10 43 49 39 63 17 82 43 39 38 31 11 63 58 76 40 31 16 32 57 83 27 6 29 55 82 38 27 39 61 86 55 48 55 72 94 74 69 74 88 106
36 35 29 20 61 74 16 55 34 56 58 44 21 26 0 41 6 44 50 40 67 32 47 31 29 48 43 45 49 25 48 27 53 45 24 52 50 38 47 14 64 49 31 15 44 43 22 58 51 42 32 40 34 31 61 44 24 63 49 55 53 45 24 35 34 58 7 42 46 25 61 53 43 35 43 16 40 55 45 22 60 29 57 26 27 51 44 37 53 16 63 39 26 16 41 35 53 52 59 32 51 25 8 32 58 52 27 15 34 59 61 42 35 46 67 76 61 56 64 80 92 81 77 82 95
23 14 27 39 36 64 33 38 44 43 33 22 44 43 41 0 38 11 27 5 39 21 25 14 35 14 6 40 18 38 12 15 48 5 33 16 21 22 39 32 51 14 11 32 21 10 31 37 11 7 27 14 20 11 34 26 35 53 17 47 24 27 40 18 14 33 34 8 25 23 32 25 12 11 15 40 2 21 14 24 27 12 35 22 35 21 7 5 24 31 53 4 19 33 21 43 22 16 42 11 73 55 48 54 70 61 39 27 37 59 55 29 6 26 53 57 33 16 30 55 66 47 37 45 64
31 31 30 24 56 69 18 49 37 50 53 39 26 30 6 38 0 40 49 36 62 27 47 27 31 44 39 40 44 28 44 24 48 42 26 47 49 33 42 15 59 45 28 10 43 39 24 53 48 38 33 36 29 28 55 39 26 57 47 50 48 40 28 30 33 53 4 38 46 25 56 52 41 31 41 20 37 51 40 17 56 26 52 26 29 50 40 34 48 17 57 35 22 11 41 38 48 48 53 28 56 30 11 28 54 56 31 12 28 54 64 43 32 41 61 77 60 53 59 74 93 80 74 78 90
17 10 37 47 25 53 40 27 53 33 23 13 51 52 44 11 40 0 38 7 29 17 36 14 44 4 5 31 7 47 5 19 39 12 41 8 31 14 30 38 40 6 18 33 32 2 39 26 13 5 37 6 15 14 24 17 43 43 27 38 14 17 48 13 24 23 37 4 36 32 22 35 23 10 26 46 13 12 4 24 18 16 24 31 44 30 5 14 13 37 42 9 19 33 32 52 12 9 31 13 82 62 50 50 64 71 48 30 31 50 66 40 14 17 42 67 42 19 21 44 75 53 38 39 55
49 39 22 36 62 91 35 65 31 70 60 49 39 36 50 27 49 38 0 32 64 46 3 37 27 40 33 66 44 32 37 33 75 27 28 40 9 48 65 37 77 39 28 49 7 36 29 64 30 34 19 41 45 32 60 53 30 80 13 74 51 53 34 44 19 60 46 35 4 26 58 7 16 37 13 39 26 45 41 43 51 33 61 24 28 11 34 27 50 35 79 30 40 50 9 29 49 39 69 34 59 52 58 73 94 42 31 40 61 85 30 10 28 53 80 31 13 29 54 80 44 34 42 62 86
19 10 30 40 32 59 34 33 47 39 29 18 45 45 40 5 36 7 32 0 35 17 29 11 38 11 3 35 14 40 9 14 44 8 35 13 25 17 34 33 46 11 11 30 26 6 33 33 12 3 31 9 16 9 31 22 37 49 21 43 21 22 42 14 17 29 33 4 29 25 29 30 17 8 19 41 6 18 10 21 24 11 31 24 37 25 4 7 20 32 48 2 16 31 25 46 19 14 37 9 75 57 46 51 66 64 41 26 33 54 60 33 7 22 49 62 37 18 28 51 71 50 39 44 61
32 34 65 74 8 35 67 19 81 24 10 24 78 79 67 39 62 29 64 35 0 36 62 39 72 25 33 33 22 74 27 45 34 37 69 24 55 30 29 65 25 26 45 53 59 30 67 14 34 33 65 29 34 41 8 25 71 31 52 30 16 24 76 33 52 11 61 32 62 60 7 59 49 36 52 73 40 19 26 46 13 43 13 59 71 55 32 42 16 64 30 37 43 53 59 80 17 25 18 40 109 88 71 61 62 99 76 55 41 43 93 67 42 22 25 91 64 38 11 17 94 68 44 25 28
5 8 36 41 30 49 33 25 51 28 27 13 45 47 32 21 27 17 46 17 36 0 43 9 42 20 19 21 19 42 21 14 30 25 38 23 41 7 21 31 37 22 18 18 39 17 35 27 29 17 38 11 3 14 29 13 39 37 37 30 22 14 43 5 28 27 25 17 43 29 30 45 32 10 33 39 22 26 15 11 30 14 26 29 41 41 19 20 21 30 37 18 9 18 37 51 22 25 29 12 77 54 36 34 50 70 44 20 16 40 70 44 19 15 39 76 53 35 33 49 87 67 54 53 64
46 37 19 34 60 88 33 62 30 68 58 47 37 34 47 25 47 36 3 29 62 43 0 34 25 38 31 63 42 30 35 30 72 25 26 38 9 45 63 34 75 37 25 46 5 34 27 61 28 32 17 38 43 30 58 51 28 78 11 71 49 51 32 41 16 58 43 33 1 23 56 8 13 34 11 37 24 43 39 40 49 30 59 21 26 10 31 24 48 32 77 28 37 48 7 28 46 38 66 32 59 50 55 70 91 42 29 37 58 82 31 8 25 51 78 34 15 28 52 78 47 36 42 61 85
13 5 29 35 34 57 28 32 44 36 31 17 40 41 31 14 27 14 37 11 39 9 34 0 35 18 13 30 19 36 18 7 39 18 31 21 32 13 30 26 44 19 10 20 30 13 29 33 23 12 30 10 9 5 33 19 33 45 29 39 24 20 37 9 19 31 24 12 34 22 33 36 23 4 25 34 14 25 14 11 30 5 31 22 34 33 14 12 23 25 45 11 6 20 29 44 23 22 36 3 71 50 37 40 58 63 38 17 24 48 62 35 10 21 47 67 44 29 34 54 79 60 49 52 67
47 40 8 10 68 90 14 66 9 70 65 51 13 10 29 35 31 44 27 38 72 42 25 35 0 48 40 62 51 6 46 29 71 38 6 50 31 47 63 17 78 48 27 35 24 43 8 67 44 40 9 44 43 32 67 54 5 79 32 72 57 54 8 43 22 65 28 41 24 13 66 32 29 37 27 15 34 55 47 34 61 31 66 14 2 33 41 32 57 15 79 36 34 37 21 9 56 50 71 34 38 26 36 58 83 29 5 26 53 79 33 18 31 55 81 48 39 46 65 88 66 60 65 79 99
19 13 40 50 22 52 44 26 57 33 20 13 55 55 48 14 44 4 40 11 25 20 38 18 48 0 8 32 5 51 3 23 39 13 45 4 32 16 30 42 39 3 21 36 34 6 43 24 13 8 41 9 17 18 21 17 47 42 28 37 11 17 52 16 28 20 41 7 38 36 19 37 25 14 28 50 16 8 5 27 14 20 22 34 47 32 7 17 11 41 42 13 23 36 34 56 9 6 30 17 85 66 54 53 65 75 51 34 33 50 69 42 17 16 41 69 43 19 17 41 75 53 36 35 51
20 11 33 43 30 58 37 32 49 38 27 17 48 48 43 6 39 5 33 3 33 19 31 13 40 8 0 35 12 43 7 16 43 7 38 10 26 18 34 36 45 8 14 32 27 4 36 31 11 2 33 9 17 12 28 21 40 48 22 42 18 21 45 15 20 27 36 2 31 28 27 30 18 10 21 43 8 16 9 24 21 14 29 27 40 26 2 9 18 34 47 5 18 33 27 48 17 11 36 11 78 59 49 52 67 67 44 29 34 54 61 35 10 21 47 63 37 17 25 49 71 50 37 41 59
17 27 57 59 26 30 52 14 70 12 23 19 62 65 45 40 40 31 66 35 33 21 63 30 62 32 35 0 29 61 35 35 10 42 57 35 60 19 4 49 20 34 39 31 59 32 55 20 44 34 58 27 21 34 26 15 58 18 56 11 26 16 62 22 48 23 40 33 63 50 29 64 51 30 53 56 41 34 28 28 34 34 20 50 60 60 35 40 26 49 18 36 29 30 58 71 28 37 17 32 94 69 46 30 33 90 64 37 12 19 91 65 39 17 22 96 72 50 36 39 106 84 66 56 58
17 14 44 53 18 48 46 22 60 28 16 10 57 58 49 18 44 7 44 14 22 19 42 19 51 5 12 29 0 53 8 24 35 18 48 7 36 14 26 44 34 7 24 36 39 9 46 20 17 12 44 9 17 20 17 14 50 38 33 33 7 14 55 15 31 16 42 11 42 38 15 41 29 15 32 52 20 8 5 28 12 22 18 37 50 36 11 20 6 43 37 16 23 36 38 59 5 9 25 19 88 68 54 51 61 78 54 35 31 46 73 46 21 12 37 73 47 23 15 38 80 56 38 35 49
47 41 13 5 70 90 11 67 10 70 67 53 8 5 25 38 28 47 32 40 74 42 30 36 6 51 43 61 53 0 49 30 70 42 6 53 37 48 63 14 79 51 30 33 29 45 8 68 48 43 15 46 44 34 69 54 4 79 37 72 59 55 2 44 26 67 25 44 29 15 68 38 33 39 31 9 37 58 49 34 64 32 67 17 5 38 44 35 59 13 78 39 34 35 27 11 58 53 71 35 36 20 32 55 81 30 3 25 52 78 37 23 34 56 81 53 44 50 67 89 72 65 69 83 101
21 14 39 49 25 55 43 29 55 35 23 16 54 54 48 12 44 5 37 9 27 21 35 18 46 3 7 35 8 49 0 22 42 11 44 4 29 18 33 41 42 2 20 37 32 5 42 27 10 7 39 10 19 18 24 20 46 45 26 40 14 20 51 17 26 23 41 6 35 34 21 34 23 14 25 49 14 10 7 28 16 19 25 33 46 29 5 15 13 40 44 11 23 37 32 54 12 5 33 17 84 65 54 55 67 73 50 34 35 53 66 40 16 19 44 66 40 16 19 44 73 50 34 35 53
19 12 22 29 40 63 22 38 38 42 37 23 33 35 27 15 24 19 33 14 45 14 30 7 29 23 16 35 24 30 22 0 44 19 25 26 29 19 35 20 50 24 6 19 26 17 22 39 25 15 24 16 15 5 39 25 27 51 27 44 30 26 31 15 15 37 20 16 30 16 39 33 21 10 22 28 14 30 20 11 36 3 37 16 28 30 18 11 29 19 51 12 7 20 24 37 29 26 42 6 65 44 34 42 62 57 31 13 28 53 56 30 9 27 53 63 42 30 39 60 76 59 51 57 72
26 36 66 68 28 22 60 16 79 10 26 27 71 74 53 48 48 39 75 44 34 30 72 39 71 39 43 10 35 70 42 44 0 50 66 42 68 27 10 57 14 41 48 39 68 40 64 21 51 42 67 35 30 43 29 23 67 10 65 5 31 23 71 31 57 26 48 41 72 59 32 73 60 38 62 65 50 40 36 37 39 43 23 59 69 68 43 48 32 58 11 45 38 38 67 80 33 43 16 41 103 77 53 34 29 99 73 46 20 11 100 74 48 23 17 105 80 57 39 36 114 91 72 59 56
26 17 31 43 35 64 37 39 47 45 33 24 47 47 45 5 42 12 27 8 37 25 25 18 38 13 7 42 18 42 11 19 50 0 36 14 19 24 41 37 51 12 15 37 22 11 35 37 7 9 30 16 23 15 34 28 38 55 16 49 24 28 43 22 17 33 39 9 25 27 31 24 13 15 15 44 6 19 15 28 25 17 35 26 38 19 7 9 23 35 54 8 23 38 22 45 22 13 42 16 76 60 52 58 74 63 42 31 40 61 56 30 11 28 54 56 30 11 28 54 64 43 32 41 61
42 36 8 8 65 86 9 62 14 65 62 47 12 11 24 33 26 41 28 35 69 38 26 31 6 45 38 57 48 6 44 25 66 36 0 47 32 43 58 12 74 45 24 30 24 40 3 63 42 37 10 40 39 28 63 49 3 74 32 67 54 50 8 39 20 61 23 38 25 10 62 33 28 34 26 11 31 53 43 29 58 27 62 11 4 33 39 29 53 10 74 33 30 32 22 14 52 48 66 30 41 25 32 53 78 33 7 21 48 75 38 20 28 51 77 52 40 45 62 84 70 61 64 77 96
22 17 43 53 22 53 47 28 59 34 21 16 58 58 52 16 47 8 40 13 24 23 38 21 50 4 10 35 7 53 4 26 42 14 47 0 32 20 33 45 40 3 24 40 35 9 45 25 11 11 43 13 21 21 21 20 49 44 28 39 12 20 54 19 29 21 45 10 39 38 18 36 26 17 29 53 17 6 9 31 12 23 23 37 50 31 9 19 11 44 43 15 26 40 35 58 9 2 31 20 88 69 57 57 68 76 54 37 37 52 69 43 20 19 42 68 42 16 15 41 74 50 32 32 49
43 33 25 40 54 83 37 57 38 63 52 42 44 41 50 21 49 31 9 25 55 41 9 32 31 32 26 60 36 37 29 29 68 19 32 32 0 42 59 38 70 31 24 47 8 29 32 56 21 27 23 34 40 28 52 46 34 73 4 67 43 47 38 38 17 52 45 28 9 26 50 5 9 31 8 42 19 37 34 40 42 29 54 25 32 2 26 21 42 36 72 24 36 48 11 36 41 31 61 29 66 56 58 71 90 50 36 39 56 79 39 16 22 46 72 37 13 20 45 72 47 31 34 53 77
3 9 41 46 24 44 39 19 56 23 21 6 51 52 38 22 33 14 48 17 30 7 45 13 47 16 18 19 14 48 18 19 27 24 43 20 42 0 18 37 32 18 22 24 41 15 41 21 27 16 42 9 5 17 23 7 45 33 38 27 16 8 49 5 31 20 31 16 45 34 24 46 33 12 35 45 23 21 12 17 24 18 20 34 46 42 18 22 16 36 33 18 14 24 40 56 16 21 24 15 83 60 42 38 50 75 50 26 18 37 74 47 21 9 34 78 54 33 27 43 88 67 51 47 58
17 27 57 60 22 28 53 11 71 9 20 18 64 66 47 39 42 30 65 34 29 21 63 30 63 30 34 4 26 63 33 35 10 41 58 33 59 18 0 50 17 32 39 33 59 31 55 16 42 33 59 26 21 34 23 14 59 17 55 10 23 14 63 22 48 20 42 32 62 50 26 64 51 29 53 58 40 32 27 30 31 34 17 50 61 59 34 39 24 50 16 36 29 32 58 71 25 35 13 32 96 71 49 33 36 91 65 38 15 20 91 64 38 15 20 96 71 48 33 35 104 82 64 53 54
35 31 16 11 59 78 4 55 23 58 56 42 15 17 14 32 15 38 37 33 65 31 34 26 17 42 36 49 44 14 41 20 57 37 12 45 38 37 50 0 66 43 22 20 31 37 9 57 43 35 19 36 32 25 58 43 12 66 37 59 49 44 14 33 23 56 12 36 33 12 58 40 32 29 31 9 31 50 40 21 55 23 56 14 15 39 37 28 49 2 66 31 23 21 29 24 48 46 60 26 47 24 22 42 67 43 16 12 38 65 49 29 27 45 69 62 48 47 59 79 79 68 67 76 92
32 40 72 77 20 14 69 13 87 9 21 29 80 83 64 51 59 40 77 46 25 37 75 44 78 39 45 20 34 79 42 50 14 51 74 40 70 32 17 66 0 40 53 50 71 42 71 16 51 44 73 37 36 48 22 26 75 7 66 10 29 25 80 36 62 20 58 43 75 65 26 75 62 43 65 74 52 37 37 46 34 49 18 65 77 70 45 52 29 66 6 48 45 48 71 87 31 42 9 46 112 88 65 47 40 107 80 55 31 20 105 78 51 25 3 107 81 56 33 22 113 89 67 49 43
21 15 41 51 23 53 45 28 57 34 21 15 56 56 49 14 45 6 39 11 26 22 37 19 48 3 8 34 7 51 2 24 41 12 45 3 31 18 32 43 40 0 22 38 34 7 43 26 11 9 41 11 19 19 22 19 47 44 27 39 12 19 52 18 27 21 43 8 37 36 20 35 24 15 27 51 15 8 7 29 14 21 23 35 47 31 7 17 12 42 43 13 24 38 34 56 10 4 31 18 86 67 55 55 67 74 52 35 35 52 68 42 18 18 42 68 41 17 17 42 74 51 33 34 51
22 13 20 30 41 66 23 40 36 45 38 25 34 35 31 11 28 18 28 11 45 18 25 10 27 21 14 39 24 30 20 6 48 15 24 24 24 22 39 22 53 22 0 24 21 16 22 41 21 14 21 17 18 5 40 28 26 54 21 48 30 28 31 18 10 38 25 15 25 15 39 28 15 11 16 30 10 29 20 16 35 5 39 14 27 25 15 7 30 21 54 10 12 25 20 36 29 25 45 7 65 46 38 47 67 55 31 17 33 58 53 26 5 29 55 58 36 26 38 61 70 54 47 55 72
22 23 32 30 47 60 23 40 42 41 44 30 33 36 15 32 10 33 49 30 53 18 46 20 35 36 32 31 36 33 37 19 39 37 30 40 47 24 33 20 50 38 24 0 42 32 28 43 42 31 35 28 20 22 46 29 31 48 44 41 39 30 34 22 31 43 9 31 45 26 47 50 38 23 39 27 32 43 32 9 47 20 43 27 33 48 33 29 39 21 48 29 15 2 40 43 39 41 44 22 64 39 19 25 48 62 36 10 20 46 67 44 27 32 52 78 59 48 50 65 92 77 68 70 81
42 33 17 32 56 84 30 58 30 64 54 43 36 33 44 21 43 32 7 26 59 39 5 30 24 34 27 59 39 29 32 26 68 22 24 35 8 41 59 31 71 34 21 42 0 30 24 58 26 28 15 34 38 25 55 47 26 74 10 67 45 47 30 37 12 54 40 29 4 20 53 10 10 30 7 35 20 40 35 36 46 26 55 18 24 10 28 20 44 29 73 24 33 44 3 28 43 34 62 27 59 49 52 66 87 43 28 33 54 78 35 9 21 47 74 38 18 26 49 75 51 38 42 59 82
17 9 35 45 27 55 39 29 52 35 24 14 50 50 43 10 39 2 36 6 30 17 34 13 43 6 4 32 9 45 5 17 40 11 40 9 29 15 31 37 42 7 16 32 30 0 38 28 13 3 36 6 15 13 25 18 42 45 25 39 15 18 47 13 23 24 36 2 34 30 24 34 21 9 24 45 11 14 5 23 19 15 26 29 42 29 4 12 15 36 44 7 18 32 30 51 14 10 33 12 80 61 49 51 64 70 46 29 32 51 64 38 12 18 44 66 40 19 23 46 74 52 38 40 56
40 33 8 9 62 83 7 59 16 63 59 45 13 13 22 31 24 39 29 33 67 35 27 29 8 43 36 55 46 8 42 22 64 35 3 45 32 41 55 9 71 43 22 28 24 38 0 61 41 35 11 38 36 26 61 47 5 72 32 65 51 48 9 36 19 59 21 36 26 8 60 33 27 31 26 11 30 51 41 27 56 24 59 9 6 33 37 27 51 8 71 31 27 29 22 17 50 46 64 28 43 26 30 51 76 36 10 19 45 72 40 21 26 49 74 54 41 44 60 82 71 62 63 75 93
23 28 61 67 7 28 60 6 76 12 6 16 71 73 58 37 53 26 64 33 14 27 61 33 67 24 31 20 20 68 27 39 21 37 63 25 56 21 16 57 16 26 41 43 58 28 61 0 36 30 61 24 26 36 8 15 65 20 52 18 14 14 70 25 49 5 51 29 61 54 11 60 49 31 51 66 38 22 23 37 19 37 3 54 66 56 30 39 14 57 19 34 35 43 57 76 16 27 7 34 103 80 61 49 50 95 70 46 29 31 92 65 38 13 17 93 66 41 19 22 98 74 52 38 39
29 21 36 49 33 64 43 38 52 45 32 25 53 53 51 11 48 13 30 12 34 29 28 23 44 13 11 44 17 48 10 25 51 7 42 11 21 27 42 43 51 11 21 42 26 13 41 36 0 12 36 19 27 21 32 29 44 55 18 50 23 29 49 25 23 32 45 12 29 33 29 26 17 20 20 50 12 16 16 33 21 23 34 32 44 21 10 15 22 41 54 13 28 43 26 51 20 10 42 21 82 66 58 62 76 68 48 37 44 62 59 34 16 29 53 57 31 7 24 51 63 40 27 35 57
18 9 33 43 30 57 36 31 49 37 27 16 47 48 42 7 38 5 34 3 33 17 32 12 40 8 2 34 12 43 7 15 42 9 37 11 27 16 33 35 44 9 14 31 28 3 35 30 12 0 33 8 15 11 28 20 39 47 23 41 18 20 44 14 20 27 35 2 31 28 27 31 19 8 21 43 9 16 8 22 22 13 28 26 39 27 3 9 18 33 46 5 17 32 27 48 16 12 35 10 78 59 48 51 65 67 43 27 32 53 62 35 10 20 46 64 38 18 25 49 72 51 38 42 59
42 34 3 18 62 86 17 61 17 65 59 46 21 19 32 27 33 37 19 31 65 38 17 30 9 41 33 58 44 15 39 24 67 30 10 43 23 42 59 19 73 41 21 35 15 36 11 61 36 33 0 38 38 26 60 48 12 75 23 68 50 49 16 38 14 59 30 34 16 10 59 24 20 32 18 21 26 48 40 31 54 25 60 9 10 24 34 24 50 17 74 29 30 36 13 16 49 42 65 28 47 34 40 59 82 34 14 25 50 77 33 11 24 50 76 44 31 37 57 81 61 52 56 71 91
11 5 37 45 25 50 38 25 53 30 22 9 49 50 40 14 36 6 41 9 29 11 38 10 44 9 9 27 9 46 10 16 35 16 40 13 34 9 26 36 37 11 17 28 34 6 38 24 19 8 38 0 9 13 24 13 42 40 30 34 14 13 47 7 25 22 33 7 38 31 23 39 26 7 28 44 15 16 5 19 21 14 23 30 43 34 9 15 14 35 39 11 15 28 34 52 13 14 29 11 81 60 46 45 58 71 47 27 26 45 68 41 15 13 40 71 46 25 24 44 79 58 44 43 57
4 7 37 42 28 48 35 24 52 27 25 10 46 48 34 20 29 15 45 16 34 3 43 9 43 17 17 21 17 44 19 15 30 23 39 21 40 5 21 32 36 19 18 20 38 15 36 26 27 15 38 9 0 14 27 11 40 37 36 30 19 12 45 2 28 24 27 15 42 30 28 44 31 9 33 41 21 24 13 13 27 14 24 30 42 40 17 19 19 32 36 17 10 20 37 52 19 23 28 12 78 56 38 36 51 71 45 22 18 40 70 44 18 13 38 76 52 33 30 47 86 66 52 50 62
17 9 25 33 37 61 26 35 41 40 34 20 37 38 31 11 28 14 32 9 41 14 30 5 32 18 12 34 20 34 18 5 43 15 28 21 28 17 34 25 48 19 5 22 25 13 26 36 21 11 26 13 14 0 36 23 30 50 25 43 26 24 35 13 15 34 25 12 29 19 35 32 19 6 20 33 11 26 16 14 31 2 34 18 31 28 13 8 26 23 49 8 9 23 24 40 25 22 40 3 69 48 38 44 63 60 35 17 29 53 57 31 6 24 51 63 40 26 35 57 74 56 47 52 68
25 28 60 68 2 34 61 13 76 19 3 17 72 73 61 34 55 24 60 31 8 29 58 33 67 21 28 26 17 69 24 39 29 34 63 21 52 23 23 58 22 22 40 46 55 25 61 8 32 28 60 24 27 36 0 18 65 27 49 25 11 17 70 26 47 4 54 27 58 54 4 57 46 30 48 67 36 16 21 39 12 37 6 53 66 52 28 37 11 58 26 32 36 46 55 75 12 22 14 34 104 82 64 55 57 94 70 48 34 38 89 63 37 15 23 89 62 36 12 21 93 68 46 31 35
8 15 47 53 18 38 46 13 62 18 15 5 57 59 44 26 39 17 53 22 25 13 51 19 54 17 21 15 14 54 20 25 23 28 49 20 46 7 14 43 26 19 28 29 47 18 47 15 29 20 48 13 11 23 18 0 51 28 43 21 13 2 55 11 37 15 37 19 50 41 19 51 38 18 40 51 28 20 14 23 22 24 14 40 52 46 21 27 13 43 27 23 21 29 46 62 14 22 18 21 89 66 47 39 48 82 56 32 19 33 80 53 26 3 28 83 58 35 24 37 91 69 52 45 52
44 38 10 6 66 87 9 64 12 67 63 49 10 9 24 35 26 43 30 37 71 39 28 33 5 47 40 58 50 4 46 27 67 38 3 49 34 45 59 12 75 47 26 31 26 42 5 65 44 39 12 42 40 30 65 51 0 76 34 69 56 52 5 41 22 63 23 40 27 12 64 35 30 36 28 10 33 55 45 31 60 29 64 13 4 35 41 31 55 11 75 35 31 33 24 13 54 50 68 32 39 23 31 54 79 32 6 22 49 76 38 21 30 53 78 53 42 47 64 86 71 63 66 79 98
33 42 73 76 26 12 69 17 87 10 26 31 80 83 63 53 57 43 80 49 31 37 78 45 79 42 48 18 38 79 45 51 10 55 74 44 73 33 17 66 7 44 54 48 74 45 72 20 55 47 75 40 37 50 27 28 76 0 69 8 33 27 80 37 64 25 57 46 77 66 31 78 65 44 68 74 55 41 40 46 39 50 23 66 77 73 48 54 33 66 2 50 46 47 73 88 35 46 14 48 112 87 63 43 34 107 81 55 30 14 107 80 53 27 8 110 85 60 38 28 117 94 72 55 49
40 30 25 40 50 80 36 54 39 60 48 39 44 42 49 17 47 27 13 21 52 37 11 29 32 28 22 56 33 37 26 27 65 16 32 28 4 38 55 37 66 27 21 44 10 25 32 52 18 23 23 30 36 25 49 43 34 69 0 64 39 43 39 35 15 48 44 24 12 26 46 9 7 27 7 42 16 33 30 37 39 26 50 24 32 4 22 18 38 35 69 20 33 46 11 37 37 27 58 26 68 57 57 68 86 53 36 37 53 75 42 18 19 43 69 41 16 17 42 68 50 33 33 50 74
26 35 66 69 24 19 62 13 80 6 23 25 73 75 55 47 50 38 74 43 30 30 71 39 72 37 42 11 33 72 40 44 5 49 67 39 67 27 10 59 10 39 48 41 67 39 65 18 50 41 68 34 30 43 25 21 69 8 64 0 29 21 72 31 57 22 50 40 71 59 29 72 59 38 61 67 49 37 34 38 36 43 20 59 70 67 42 48 29 59 8 44 38 40 66 80 31 41 12 41 104 79 56 37 33 100 74 47 22 14 100 73 47 22 13 104 79 55 36 32 112 89 69 55 52
18 19 50 58 12 42 51 17 66 23 10 10 63 64 53 24 48 14 51 21 16 22 49 24 57 11 18 26 7 59 14 30 31 24 54 12 43 16 23 49 29 12 30 39 45 15 51 14 23 18 50 14 19 26 11 13 56 33 39 29 0 12 60 18 37 10 46 17 49 44 9 47 36 21 39 58 26 9 11 31 9 28 12 43 56 42 18 27 1 49 32 22 28 39 45 65 3 13 20 24 94 73 57 51 59 84 60 40 31 42 79 53 27 10 31 79 53 28 12 31 85 61 41 33 43
9 16 48 54 17 38 46 12 63 17 14 5 58 60 45 27 40 17 53 22 24 14 51 20 54 17 21 16 14 55 20 26 23 28 50 20 47 8 14 44 25 19 28 30 47 18 48 14 29 20 49 13 12 24 17 2 52 27 43 21 12 0 56 12 37 14 38 19 51 41 18 51 38 18 41 52 28 19 14 24 21 24 13 41 53 47 21 27 12 43 27 23 22 30 46 63 13 22 17 21 90 67 48 40 48 82 57 33 19 33 80 54 27 2 28 83 58 35 23 36 91 69 51 44 51
48 42 14 5 71 91 11 68 10 71 68 54 6 4 24 40 28 48 34 42 76 43 32 37 8 52 45 62 55 2 51 31 71 43 8 54 38 49 63 14 80 52 31 34 30 47 9 70 49 44 16 47 45 35 70 55 5 80 39 72 60 56 0 45 27 68 25 45 31 17 69 39 35 40 33 9 38 59 50 34 65 33 68 18 7 40 46 36 60 14 79 40 35 35 28 11 59 55 72 37 34 19 31 55 81 29 4 26 52 79 38 25 35 57 82 54 46 52 69 91 73 67 71 84 102
5 5 37 43 27 49 35 24 52 28 24 9 47 48 35 18 30 13 44 14 33 5 41 9 43 16 15 22 15 44 17 15 31 22 39 19 38 5 22 33 36 18 18 22 37 13 36 25 25 14 38 7 2 13 26 11 41 37 35 31 18 12 45 0 27 24 29 13 41 30 27 43 30 8 32 41 20 22 11 14 26 13 24 30 42 39 15 18 18 32 37 15 11 22 36 52 18 21 28 11 79 56 40 38 53 71 46 22 19 41 70 43 17 13 39 74 50 31 29 46 84 64 50 49 61
32 22 14 27 49 75 23 49 30 54 46 34 31 30 34 14 33 24 19 17 52 28 16 19 22 28 20 48 31 26 26 15 57 17 20 29 17 31 48 23 62 27 10 31 12 23 19 49 23 20 14 25 28 15 47 37 22 64 15 57 37 37 27 27 0 46 29 21 16 12 46 20 9 20 9 28 13 35 27 24 41 15 47 10 21 18 21 11 37 21 63 16 21 32 10 29 36 29 53 17 59 44 42 55 76 48 26 22 42 67 43 17 11 38 64 49 28 26 44 68 62 47 45 58 78
22 26 58 65 4 33 58 10 74 17 1 15 70 71 58 33 53 23 60 29 11 27 58 31 65 20 27 23 16 67 23 37 26 33 61 21 52 20 20 56 20 21 38 43 54 24 59 5 32 27 59 22 24 34 4 15 63 25 48 22 10 14 68 24 46 0 51 26 58 52 7 56 45 28 48 64 35 17 20 37 14 35 3 51 64 51 27 35 10 55 24 31 34 43 54 73 12 22 12 32 102 79 61 51 54 93 68 46 31 36 88 62 35 12 22 88 62 36 14 23 94 69 47 34 38
29 28 27 21 55 69 15 48 35 50 51 37 24 28 7 34 4 37 46 33 61 25 43 24 28 41 36 40 42 25 41 20 48 39 23 45 45 31 42 12 58 43 25 9 40 36 21 51 45 35 30 33 27 25 54 37 23 57 44 50 46 38 25 29 29 51 0 36 42 21 54 48 38 28 38 18 34 49 38 15 53 23 51 23 26 47 37 31 46 14 57 32 19 11 37 36 46 46 53 25 55 30 14 31 56 54 28 8 29 55 61 39 29 40 61 73 57 50 57 73 89 76 71 76 89
18 9 34 44 28 56 37 30 50 36 26 15 48 49 42 8 38 4 35 4 32 17 33 12 41 7 2 33 11 44 6 16 41 9 38 10 28 16 32 36 43 8 15 31 29 2 36 29 12 2 34 7 15 12 27 19 40 46 24 40 17 19 45 13 21 26 36 0 33 29 25 32 20 8 22 44 10 15 7 23 21 14 27 28 40 28 3 10 17 34 45 6 17 32 28 49 15 11 34 11 79 60 48 51 65 68 45 28 32 52 63 36 11 19 45 65 39 18 24 48 73 51 38 41 58
46 36 18 33 60 88 32 62 29 68 58 47 37 34 46 25 46 36 4 29 62 43 1 34 24 38 31 63 42 29 35 30 72 25 25 39 9 45 62 33 75 37 25 45 4 34 26 61 29 31 16 38 42 29 58 50 27 77 12 71 49 51 31 41 16 58 42 33 0 22 56 9 13 34 11 36 23 44 39 40 50 30 59 20 25 11 31 24 48 31 77 28 36 47 6 27 47 38 66 31 58 49 54 70 91 41 28 36 57 82 31 8 25 51 77 34 16 28 53 79 47 37 43 62 85
34 27 8 16 55 78 11 53 22 57 52 38 21 20 25 23 25 32 26 25 60 29 23 22 13 36 28 50 38 15 34 16 59 27 10 38 26 34 50 12 65 36 15 26 20 30 8 54 33 28 10 31 30 19 54 41 12 66 26 59 44 41 17 30 12 52 21 29 22 0 53 29 21 25 19 17 22 43 34 22 49 18 53 2 12 28 29 20 44 10 66 24 21 27 17 22 43 38 58 21 50 33 33 50 73 42 16 16 41 68 43 19 19 42 68 53 37 37 52 75 69 57 57 68 86
26 28 59 67 6 38 60 17 75 23 6 18 72 73 61 32 56 22 58 29 7 30 56 33 66 19 27 29 15 68 21 39 32 31 62 18 50 24 26 58 26 20 39 47 53 24 60 11 29 27 59 23 28 35 4 19 64 31 46 29 9 18 69 27 46 7 54 25 56 53 0 54 43 29 46 67 34 13 20 40 9 36 10 52 65 49 26 35 10 57 30 31 36 47 53 74 11 19 18 33 103 82 65 57 61 93 69 48 37 42 87 61 36 16 27 86 59 33 8 23 90 65 42 27 35
48 38 26 41 58 88 39 62 38 68 56 47 45 42 53 25 52 35 7 30 59 45 8 36 32 37 30 64 41 38 34 33 73 24 33 36 5 46 64 40 75 35 28 50 10 34 33 60 26 31 24 39 44 32 57 51 35 78 9 72 47 51 39 43 20 56 48 32 9 29 54 0 14 35 12 44 24 41 38 44 47 33 58 27 33 5 31 25 47 38 77 28 40 52 12 35 45 35 66 34 66 57 61 75 94 48 36 42 60 83 35 16 26 51 77 33 9 23 49 76 43 29 36 56 80
34 25 21 35 47 75 31 50 37 55 45 34 40 38 43 12 41 23 16 17 49 32 13 23 29 25 18 51 29 33 23 21 60 13 28 26 9 33 51 32 62 24 15 38 10 21 27 49 17 19 20 26 31 19 46 38 30 65 7 59 36 38 35 30 9 45 38 20 13 21 43 14 0 22 3 37 11 31 26 31 37 20 46 19 29 10 19 12 35 30 64 16 27 40 10 35 34 25 54 20 66 52 51 62 81 52 33 31 47 70 44 18 13 38 65 46 22 18 40 66 56 39 37 51 73
13 3 31 38 31 55 31 30 46 35 28 15 43 44 35 11 31 10 37 8 36 10 34 4 37 14 10 30 15 39 14 10 38 15 34 17 31 12 29 29 43 15 11 23 30 9 31 31 20 8 32 7 9 6 30 18 36 44 27 38 21 18 40 8 20 28 28 8 34 25 29 35 22 0 24 38 12 21 11 15 27 7 29 24 36 31 10 11 20 28 44 8 9 24 29 46 20 18 34 4 74 53 41 43 60 65 40 21 26 49 63 36 10 19 45 67 43 26 30 51 77 57 46 48 63
36 27 19 34 50 78 30 52 34 58 48 37 38 36 43 15 41 26 13 19 52 33 11 25 27 28 21 53 32 31 25 22 62 15 26 29 8 35 53 31 65 27 16 39 7 24 26 51 20 21 18 28 33 20 48 40 28 68 7 61 39 41 33 32 9 48 38 22 11 19 46 12 3 24 0 36 13 34 29 32 40 21 49 18 27 9 21 14 38 29 67 18 28 40 7 32 36 28 56 22 64 51 50 63 82 49 31 31 49 72 41 15 15 41 67 43 21 20 43 69 54 39 39 54 76
44 39 18 5 68 86 7 63 18 66 65 50 6 10 16 40 20 46 39 41 73 39 37 34 15 50 43 56 52 9 49 28 65 44 11 53 42 45 58 9 74 51 30 27 35 45 11 66 50 43 21 44 41 33 67 51 10 74 42 67 58 52 9 41 28 64 18 44 36 17 67 44 37 38 36 0 38 58 48 29 64 31 64 19 13 44 45 35 57 10 74 39 31 28 32 20 57 54 68 34 38 16 23 47 73 37 12 20 46 72 46 31 34 53 77 62 51 53 67 87 80 72 73 84 100
24 15 26 38 37 65 32 39 42 45 35 24 42 42 40 2 37 13 26 6 40 22 24 14 34 16 8 41 20 37 14 14 50 6 31 17 19 23 40 31 52 15 10 32 20 11 30 38 12 9 26 15 21 11 36 28 33 55 16 49 26 28 38 20 13 35 34 10 23 22 34 24 11 12 13 38 0 23 16 24 29 12 36 21 33 20 9 4 25 30 54 5 19 33 19 41 24 17 43 12 71 54 47 54 71 60 37 26 38 60 54 27 5 28 54 56 31 17 32 57 65 46 37 46 66
24 21 48 58 18 49 52 25 64 32 17 16 63 63 55 21 51 12 45 18 19 26 43 25 55 8 16 34 8 58 10 30 40 19 53 6 37 21 32 50 37 8 29 43 40 14 51 22 16 16 48 16 24 26 16 20 55 41 33 37 9 19 59 22 35 17 49 15 44 43 13 41 31 21 34 58 23 0 11 35 7 28 19 42 55 36 15 24 9 49 40 20 30 43 40 63 7 6 28 25 93 74 61 58 67 82 59 42 38 50 74 49 25 18 38 73 46 20 10 35 77 53 33 28 44
14 10 39 48 22 50 42 24 56 30 20 10 53 54 45 14 40 4 41 10 26 15 39 14 47 5 9 28 5 49 7 20 36 15 43 9 34 12 27 40 37 7 20 32 35 5 41 23 16 8 40 5 13 16 21 14 45 40 30 34 11 14 50 11 27 20 38 7 39 34 20 38 26 11 29 48 16 11 0 24 16 17 21 33 46 34 8 16 10 39 39 12 19 32 35 55 10 10 28 14 84 64 50 49 61 74 50 31 29 47 69 43 17 13 39 71 45 22 20 42 78 56 40 39 53
15 14 29 31 40 57 24 35 42 37 37 23 35 37 22 24 17 24 43 21 46 11 40 11 34 27 24 28 28 34 28 11 37 28 29 31 40 17 30 21 46 29 16 9 36 23 27 37 33 22 31 19 13 14 39 23 31 46 37 38 31 24 34 14 24 37 15 23 40 22 40 44 31 15 32 29 24 35 24 0 39 12 36 23 33 40 24 21 31 21 45 21 6 10 34 43 31 32 39 13 67 43 27 31 52 62 36 10 19 46 64 39 19 25 49 73 52 39 42 59 86 69 60 62 74
27 26 54 64 14 46 57 23 70 30 14 19 68 69 60 27 56 18 51 24 13 30 49 30 61 14 21 34 12 64 16 36 39 25 58 12 42 24 31 55 34 14 35 47 46 19 56 19 21 22 54 21 27 31 12 22 60 39 39 36 9 21 65 26 41 14 53 21 50 49 9 47 37 27 40 64 29 7 16 39 0 33 17 48 61 42 20 30 9 54 38 26 35 47 46 69 9 12 25 30 99 79 65 60 67 88 65 47 40 49 80 55 31 19 35 78 51 25 4 30 82 56 34 24 38
18 10 24 31 38 61 25 36 39 41 35 21 36 37 29 12 26 16 33 11 43 14 30 5 31 20 14 34 22 32 19 3 43 17 27 23 29 18 34 23 49 21 5 20 26 15 24 37 23 13 25 14 14 2 37 24 29 50 26 43 28 24 33 13 15 35 23 14 30 18 36 33 20 7 21 31 12 28 17 12 33 0 36 17 29 29 15 9 27 22 50 10 8 21 24 39 26 24 41 4 67 47 36 43 62 59 33 15 28 53 57 31 8 25 51 63 41 28 37 58 75 57 49 54 70
22 26 59 66 6 31 58 8 75 14 4 15 70 72 57 35 52 24 61 31 13 26 59 31 66 22 29 20 18 67 25 37 23 35 62 23 54 20 17 56 18 23 39 43 55 26 59 3 34 28 60 23 24 34 6 14 64 23 50 20 12 13 68 24 47 3 51 27 59 53 10 58 46 29 49 64 36 19 21 36 17 36 0 52 65 53 28 37 12 55 22 32 34 42 55 74 14 24 9 32 102 79 60 49 52 93 68 45 29 33 90 63 37 11 20 90 64 39 17 23 96 72 50 36 39
34 26 7 18 54 78 13 53 23 57 52 38 22 22 26 22 26 31 24 24 59 29 21 22 14 34 27 50 37 17 33 16 59 26 11 37 25 34 50 14 65 35 14 27 18 29 9 54 32 26 9 30 30 18 53 40 13 66 24 59 43 41 18 30 10 51 23 28 20 2 52 27 19 24 18 19 21 42 33 23 48 17 52 0 13 26 28 18 43 12 66 22 21 28 15 22 42 37 57 20 52 35 34 51 74 42 17 17 42 68 42 18 17 42 68 52 35 35 51 74 67 55 55 66 85
45 39 8 9 67 89 12 65 11 68 64 50 12 10 27 35 29 44 28 37 71 41 26 34 2 47 40 60 50 5 46 28 69 38 4 50 32 46 61 15 77 47 27 33 24 42 6 66 44 39 10 43 42 31 66 52 4 77 32 70 56 53 7 42 21 64 26 40 25 12 65 33 29 36 27 13 33 55 46 33 61 29 65 13 0 33 41 31 56 13 77 35 33 35 22 11 55 50 69 33 39 25 34 56 81 30 5 25 51 78 35 19 30 54 80 50 40 46 64 87 68 61 65 79 98
43 34 26 41 53 83 38 57 39 63 51 42 45 43 51 21 50 30 11 25 55 41 10 33 33 32 26 60 36 38 29 30 68 19 33 31 2 42 59 39 70 31 25 48 10 29 33 56 21 27 24 34 40 28 52 46 35 73 4 67 42 47 40 39 18 51 47 28 11 28 49 5 10 31 9 44 20 36 34 40 42 29 53 26 33 0 26 21 42 37 72 24 36 49 12 37 40 30 61 30 68 58 59 71 90 51 37 40 56 79 40 18 23 46 72 38 12 19 45 71 46 30 33 52 76
20 11 34 44 29 58 38 32 50 38 27 17 49 49 44 7 40 5 34 4 32 19 31 14 41 7 2 35 11 44 5 18 43 7 39 9 26 18 34 37 45 7 15 33 28 4 37 30 10 3 34 9 17 13 28 21 41 48 22 42 18 21 46 15 21 27 37 3 31 29 26 31 19 10 21 45 9 15 8 24 20 15 28 28 41 26 0 10 17 35 47 6 19 34 28 49 16 10 36 12 79 60 50 53 67 68 45 30 34 54 62 36 11 21 47 63 37 16 24 48 71 49 36 40 58
23 13 24 35 38 65 29 39 40 44 36 23 40 39 37 5 34 14 27 7 42 20 24 12 32 17 9 40 20 35 15 11 48 9 29 19 21 22 39 28 52 17 7 29 20 12 27 39 15 9 24 15 19 8 37 27 31 54 18 48 27 27 36 18 11 35 31 10 24 20 35 25 12 11 14 35 4 24 16 21 30 9 37 18 31 21 10 0 26 27 53 5 16 30 19 39 25 19 43 9 69 51 44 51 69 58 35 23 36 59 54 27 2 28 54 57 33 20 34 58 67 49 41 49 67
18 18 49 58 12 42 51 17 66 24 10 10 62 63 53 24 48 13 50 20 16 21 48 23 57 11 18 26 6 59 13 29 32 23 53 11 42 16 24 49 29 12 30 39 44 15 51 14 22 18 50 14 19 26 11 13 55 33 38 29 1 12 60 18 37 10 46 17 48 44 10 47 35 20 38 57 25 9 10 31 9 27 12 43 56 42 17 26 0 48 32 22 27 39 44 65 2 13 20 24 94 73 57 51 59 84 60 39 31 42 79 52 26 10 31 79 53 27 12 32 85 61 41 33 44
35 30 14 11 59 78 4 55 22 58 56 41 15 17 16 31 17 37 35 32 64 30 32 25 15 41 34 49 43 13 40 19 58 35 10 44 36 36 50 2 66 42 21 21 29 36 8 57 41 33 17 35 32 23 58 43 11 66 35 59 49 43 14 32 21 55 14 34 31 10 57 38 30 28 29 10 30 49 39 21 54 22 55 12 13 37 35 27 48 0 66 30 22 22 27 23 48 45 59 25 47 26 24 44 68 42 16 12 39 65 48 27 25 45 69 61 46 45 58 78 77 66 65 75 91
33 41 73 76 25 12 69 16 87 10 25 31 80 82 63 53 57 42 79 48 30 37 77 45 79 42 47 18 37 78 44 51 11 54 74 43 72 33 16 66 6 43 54 48 73 44 71 19 54 46 74 39 36 49 26 27 75 2 69 8 32 27 79 37 63 24 57 45 77 66 30 77 64 44 67 74 54 40 39 45 38 50 22 66 77 72 47 53 32 66 0 49 45 47 72 87 34 45 13 47 112 87 63 44 35 107 80 54 29 15 106 79 53 27 7 109 84 59 37 27 116 93 71 54 48
20 10 28 39 34 61 33 35 45 40 31 19 43 43 39 4 35 9 30 2 37 18 28 11 36 13 5 36 16 39 11 12 45 8 33 15 24 18 36 31 48 13 10 29 24 7 31 34 13 5 29 11 17 8 32 23 35 50 20 44 22 23 40 15 16 31 32 6 28 24 31 28 16 8 18 39 5 20 12 21 26 10 32 22 35 24 6 5 22 30 49 0 16 30 23 44 21 15 39 8 73 55 45 51 67 63 39 25 33 55 58 31 5 23 50 61 36 19 29 53 70 50 40 45 63
13 10 28 33 37 57 25 33 43 36 34 19 37 39 26 19 22 19 40 16 43 9 37 6 34 23 18 29 23 34 23 7 38 23 30 26 36 14 29 23 45 24 12 15 33 18 27 35 28 17 30 15 10 9 36 21 31 46 33 38 28 22 35 11 21 34 19 17 36 21 36 40 27 9 28 31 19 30 19 6 35 8 34 21 33 36 19 16 27 22 45 16 0 15 31 43 27 27 38 8 69 46 32 36 55 62 36 13 22 47 63 37 14 23 48 70 48 34 38 56 82 64 54 57 70
21 24 34 31 46 59 25 39 44 40 43 30 34 38 16 33 11 33 50 31 53 18 48 20 37 36 33 30 36 35 37 20 38 38 32 40 48 24 32 21 48 38 25 2 44 32 29 43 43 32 36 28 20 23 46 29 33 47 46 40 39 30 35 22 32 43 11 32 47 27 47 52 40 24 40 28 33 43 32 10 47 21 42 28 35 49 34 30 39 22 47 30 15 0 42 45 39 41 43 22 66 40 19 23 47 64 37 12 18 44 69 45 28 32 51 80 60 49 50 64 94 78 69 70 81
41 32 15 29 56 83 27 58 28 63 54 42 34 31 41 21 41 32 9 25 59 37 7 29 21 34 27 58 38 27 32 24 67 22 22 35 11 40 58 29 71 34 20 40 3 30 22 57 26 27 13 34 37 24 55 46 24 73 11 66 45 46 28 36 10 54 37 28 6 17 53 12 10 29 7 32 19 40 35 34 46 24 55 15 22 12 28 19 44 27 72 23 31 42 0 26 43 35 62 26 57 46 49 64 85 42 26 31 52 77 35 9 20 46 73 39 20 27 50 75 53 40 44 60 83
55 48 16 16 76 99 21 75 3 78 74 60 16 11 35 43 38 52 29 46 80 51 28 44 9 56 48 71 59 11 54 37 80 45 14 58 36 56 71 24 87 56 36 43 28 51 17 76 51 48 16 52 52 40 75 62 13 88 37 80 65 63 11 52 29 73 36 49 27 22 74 35 35 46 32 20 41 63 55 43 69 39 74 22 11 37 49 39 65 23 87 44 43 45 26 0 64 58 79 42 32 26 42 66 91 20 8 35 61 88 27 20 39 64 90 44 40 52 72 96 64 61 69 86 106
19 18 48 57 14 44 50 19 65 26 12 11 62 63 53 22 48 12 49 19 17 22 46 23 56 9 17 28 5 58 12 29 33 22 52 9 41 16 25 48 31 10 29 39 43 14 50 16 20 16 49 13 19 25 12 14 54 35 37 31 3 13 59 18 36 12 46 15 47 43 11 45 34 20 36 57 24 7 10 31 9 26 14 42 55 40 16 25 2 48 34 21 27 39 43 64 0 11 22 23 93 72 57 52 61 83 59 39 32 44 77 51 25 12 33 77 51 25 12 33 83 59 39 32 44
24 18 43 53 24 54 47 29 59 36 22 18 58 58 52 16 48 9 39 14 25 25 38 22 50 6 11 37 9 53 5 26 43 13 48 2 31 21 35 46 42 4 25 41 34 10 46 27 10 12 42 14 23 22 22 22 50 46 27 41 13 22 55 21 29 22 46 11 38 38 19 35 25 18 28 54 17 6 10 32 12 24 24 37 50 30 10 19 13 45 45 15 27 41 35 58 11 0 33 21 88 70 58 58 69 76 54 38 38 54 68 43 20 21 43 67 41 15 16 41 72 49 31 31 49
25 32 64 70 13 23 62 5 79 7 12 20 74 76 59 42 53 31 69 37 18 29 66 36 71 30 36 17 25 71 33 42 16 42 66 31 61 24 13 60 9 31 45 44 62 33 64 7 42 35 65 29 28 40 14 18 68 14 58 12 20 17 72 28 53 12 53 34 66 58 18 66 54 34 56 68 43 28 28 39 25 41 9 57 69 61 36 43 20 59 13 39 38 43 62 79 22 33 0 38 106 82 61 46 45 99 73 48 28 25 96 70 43 16 12 98 72 47 25 23 104 80 59 43 42
15 7 27 35 35 59 28 33 43 38 32 18 39 40 32 11 28 13 34 9 40 12 32 3 34 17 11 32 19 35 17 6 41 16 30 20 29 15 32 26 46 18 7 22 27 12 28 34 21 10 28 11 12 3 34 21 32 48 26 41 24 21 37 11 17 32 25 11 31 21 33 34 20 4 22 34 12 25 14 13 30 4 32 20 33 30 12 9 24 25 47 8 8 22 26 42 23 21 38 0 70 50 38 43 61 62 37 18 27 51 60 33 8 22 49 65 42 27 34 55 76 57 47 51 67
81 76 46 37 105 123 44 101 30 104 102 87 33 31 51 73 56 82 59 75 109 77 59 71 38 85 78 94 88 36 84 65 103 76 41 88 66 83 96 47 112 86 65 64 59 80 43 103 82 78 47 81 78 69 104 89 39 112 68 104 94 90 34 79 59 102 55 79 58 50 103 66 66 74 64 38 71 93 84 67 99 67 102 52 39 68 79 69 94 47 112 73 69 66 57 32 93 88 106 70 0 27 54 81 107 22 35 58 83 109 43 51 69 91 115 64 70 83 102 124 86 89 100 117 136
58 55 32 18 83 98 23 78 23 79 80 65 13 16 25 55 30 62 52 57 88 54 50 50 26 66 59 69 68 20 65 44 77 60 25 69 56 60 71 24 88 67 46 39 49 61 26 80 66 59 34 60 56 48 82 66 23 87 57 79 73 67 19 56 44 79 30 60 49 33 82 57 52 53 51 16 54 74 64 43 79 47 79 35 25 58 60 51 73 26 87 55 46 40 46 26 72 70 82 50 27 0 27 54 81 35 22 34 58 83 51 43 50 68 91 70 64 69 83 102 89 85 89 100 116
40 41 37 27 65 74 24 57 40 57 62 48 27 32 8 48 11 50 58 46 71 36 55 37 36 54 49 46 54 32 54 34 53 52 32 57 58 42 49 22 65 55 38 19 52 49 30 61 58 48 40 46 38 38 64 47 31 63 57 56 57 48 31 40 42 61 14 48 54 33 65 61 51 41 50 23 47 61 50 27 65 36 60 34 34 59 50 44 57 24 63 45 32 19 49 42 57 58 61 38 54 27 0 27 54 58 34 21 34 58 69 50 42 50 68 83 69 63 68 82 100 89 84 88 99
35 42 56 51 54 53 45 43 64 41 52 42 53 57 32 54 28 50 73 51 61 34 70 40 58 53 52 30 51 55 55 42 34 58 53 57 71 38 33 42 47 55 47 25 66 51 51 49 62 51 59 45 36 44 55 39 54 43 68 37 51 40 55 38 55 51 31 51 70 50 57 75 62 43 63 47 54 58 49 31 60 43 49 51 56 71 53 51 51 44 44 51 36 23 64 66 52 58 46 43 81 54 27 0 27 83 58 34 21 34 91 68 50 42 50 102 83 68 63 68 117 100 88 83 87
48 57 80 77 56 39 71 45 90 39 55 52 79 83 58 70 54 64 94 66 62 50 91 58 83 65 67 33 61 81 67 62 29 74 78 68 90 50 36 67 40 67 67 48 87 64 76 50 76 65 82 58 51 63 57 48 79 34 86 33 59 48 81 53 76 54 56 65 91 73 61 94 81 60 82 73 71 67 61 52 67 62 52 74 81 90 67 69 59 68 35 67 55 47 85 91 61 69 45 61 107 81 54 27 0 109 83 58 34 21 115 91 68 50 42 124 102 82 68 62 136 116 99 87 83
75 68 35 33 96 119 40 94 20 98 93 79 31 27 52 61 56 71 42 64 99 70 42 63 29 75 67 90 78 30 73 57 99 63 33 76 50 75 91 43 107 74 55 62 43 70 36 95 68 67 34 71 71 60 94 82 32 107 53 100 84 82 29 71 48 93 54 68 41 42 93 48 52 65 49 37 60 82 74 62 88 59 93 42 30 51 68 58 84 42 107 63 62 64 42 20 83 76 99 62 22 35 58 83 109 0 27 54 81 107 22 35 58 83 109 43 51 69 91 115 64 70 83 102 124
49 43 12 8 71 92 13 69 7 72 68 54 10 6 27 39 31 48 31 41 76 44 29 38 5 51 44 64 54 3 50 31 73 42 7 54 36 50 65 16 80 52 31 36 28 46 10 70 48 43 14 47 45 35 70 56 6 81 36 74 60 57 4 46 26 68 28 45 28 16 69 36 33 40 31 12 37 59 50 36 65 33 68 17 5 37 45 35 60 16 80 39 36 37 26 8 59 54 73 37 35 22 34 58 83 27 0 27 54 81 35 22 34 58 83 51 43 50 68 91 70 64 69 83 102
24 22 23 22 49 66 15 44 34 46 46 31 26 29 15 27 12 30 40 26 55 20 37 17 26 34 29 37 35 25 34 13 46 31 21 37 39 26 38 12 55 35 17 10 33 29 19 46 37 27 25 27 22 17 48 32 22 55 37 47 40 33 26 22 22 46 8 28 36 16 48 42 31 21 31 20 26 42 31 10 47 15 45 17 25 40 30 23 39 12 54 25 13 12 31 35 39 38 48 18 58 34 21 34 58 54 27 0 27 54 58 34 21 34 58 69 50 42 50 68 83 69 63 68 82
15 24 48 49 34 41 41 24 61 23 31 22 52 55 34 37 28 31 61 33 41 16 58 24 53 33 34 12 31 52 35 28 20 40 48 37 56 18 15 38 31 35 33 20 54 32 45 29 44 32 50 26 18 29 34 19 49 30 53 22 31 19 52 19 42 31 29 32 57 41 37 60 47 26 49 46 38 38 29 19 40 28 29 42 51 56 34 36 31 39 29 33 22 18 52 61 32 38 28 27 83 58 34 21 34 81 54 27 0 27 83 58 34 21 34 91 68 50 42 50 102 83 68 63 68
36 46 75 75 37 20 68 26 87 20 36 38 78 82 59 59 54 50 85 54 43 40 82 48 79 50 54 19 46 78 53 53 11 61 75 52 79 37 20 65 20 52 58 46 78 51 72 31 62 53 77 45 40 53 38 33 76 14 75 14 42 33 79 41 67 36 55 52 82 68 42 83 70 49 72 72 60 50 47 46 49 53 33 68 78 79 54 59 42 65 15 55 47 44 77 88 44 54 25 51 109 83 58 34 21 107 81 54 27 0 109 83 58 34 21 115 91 68 50 42 124 102 82 68 62
74 65 36 42 91 118 46 92 29 97 88 76 43 38 61 55 64 66 30 60 93 70 31 62 33 69 61 91 73 37 66 56 100 56 38 69 39 74 91 49 105 68 53 67 35 64 40 92 59 62 33 68 70 57 89 80 38 107 42 100 79 80 38 70 43 88 61 63 31 43 87 35 44 63 41 46 54 74 69 64 80 57 90 42 35 40 62 54 79 48 106 58 63 69 35 27 77 68 96 60 43 51 69 91 115 22 35 58 83 109 0 27 54 81 107 22 35 58 83 109 43 51 69 91 115
48 39 14 27 64 91 27 65 22 70 62 50 30 27 42 29 43 40 10 33 67 44 8 35 18 42 35 65 46 23 40 30 74 30 20 43 16 47 64 29 78 42 26 44 9 38 21 65 34 35 11 41 44 31 63 53 21 80 18 73 53 54 25 43 17 62 39 36 8 19 61 16 18 36 15 31 27 49 43 39 55 31 63 18 19 18 36 27 52 27 79 31 37 45 9 20 51 43 70 33 51 43 50 68 91 35 22 34 58 83 27 0 27 54 81 35 22 34 58 83 51 43 50 68 91
22 12 24 34 38 64 28 39 40 44 36 23 39 39 35 6 32 14 28 7 42 19 25 10 31 17 10 39 21 34 16 9 48 11 28 20 22 21 38 27 51 18 5 27 21 12 26 38 16 10 24 15 18 6 37 26 30 53 19 47 27 27 35 17 11 35 29 11 25 19 36 26 13 10 15 34 5 25 17 19 31 8 37 17 30 23 11 2 26 25 53 5 14 28 20 39 25 20 43 8 69 50 42 50 68 58 34 21 34 58 54 27 0 27 54 58 34 21 34 58 69 50 42 50 68
11 16 49 55 15 38 48 12 64 17 12 5 59 61 46 26 41 17 53 22 22 15 51 21 55 16 21 17 12 56 19 27 23 28 51 19 46 9 15 45 25 18 29 32 47 18 49 13 29 20 50 13 13 24 15 3 53 27 43 22 10 2 57 13 38 12 40 19 51 42 16 51 38 19 41 53 28 18 13 25 19 25 11 42 54 46 21 28 10 45 27 23 23 32 46 64 12 21 16 22 91 68 50 42 50 83 58 34 21 34 81 54 27 0 27 83 58 34 21 34 91 68 50 42 50
35 43 75 79 22 12 72 16 90 12 22 31 83 86 67 53 61 42 80 49 25 39 78 47 81 41 47 22 37 81 44 53 17 54 77 42 72 34 20 69 3 42 55 52 74 44 74 17 53 46 76 40 38 51 23 28 78 8 69 13 31 28 82 39 64 22 61 45 77 68 27 77 65 45 67 77 54 38 39 49 35 51 20 68 80 72 47 54 31 69 7 50 48 51 73 90 33 43 12 49 115 91 68 50 42 109 83 58 34 21 107 81 54 27 0 109 83 58 34 21 115 91 68 50 42
79 70 47 58 90 120 60 94 47 100 88 79 60 55 76 57 77 67 31 62 91 76 34 67 48 69 63 96 73 53 66 63 105 56 52 68 37 78 96 62 107 68 58 78 38 66 54 93 57 64 44 71 76 63 89 83 53 110 41 104 79 83 54 74 49 88 73 65 34 53 86 33 46 67 43 62 56 73 71 73 78 63 90 52 50 38 63 57 79 61 109 61 70 80 39 44 77 67 98 65 64 70 83 102 124 43 51 69 91 115 22 35 58 83 109 0 27 54 81 107 22 35 58 83 109
55 46 34 48 64 94 47 68 43 75 62 54 51 48 61 33 60 42 13 37 64 53 15 44 39 43 37 72 47 44 40 42 80 30 40 42 13 54 71 48 81 41 36 59 18 40 41 66 31 38 31 46 52 40 62 58 42 85 16 79 53 58 46 50 28 62 57 39 16 37 59 9 22 43 21 51 31 46 45 52 51 41 64 35 40 12 37 33 53 46 84 36 48 60 20 40 51 41 72 42 70 64 69 83 102 51 43 50 68 91 35 22 34 58 83 27 0 27 54 81 35 22 34 58 83
35 27 38 52 38 69 47 44 54 50 36 31 56 55 56 16 53 19 29 18 38 35 28 29 46 19 17 50 23 50 16 30 57 11 45 16 20 33 48 47 56 17 26 48 26 19 44 41 7 18 37 25 33 26 36 35 47 60 17 55 28 35 52 31 26 36 50 18 28 37 33 23 18 26 20 53 17 20 22 39 25 28 39 35 46 19 16 20 27 45 59 19 34 49 27 52 25 15 47 27 83 69 63 68 82 69 50 42 50 68 58 34 21 34 58 54 27 0 27 54 58 34 21 34 58
30 29 57 67 13 45 61 24 74 30 14 22 72 72 64 30 59 21 54 28 11 33 52 34 65 17 25 36 15 67 19 39 39 28 62 15 45 27 33 59 33 17 38 50 49 23 60 19 24 25 57 24 30 35 12 24 64 38 42 36 12 23 69 29 44 14 57 24 53 52 8 49 40 30 43 67 32 10 20 42 4 37 17 51 64 45 24 34 12 58 37 29 38 50 50 72 12 16 25 34 102 83 68 63 68 91 68 50 42 50 83 58 34 21 34 81 54 27 0 27 83 58 34 21 34
44 49 81 88 20 27 81 26 97 28 23 37 93 94 80 55 74 44 80 51 17 49 78 54 88 41 49 39 38 89 44 60 36 54 84 41 72 43 35 79 22 42 61 65 75 46 82 22 51 49 81 44 47 57 21 37 86 28 68 32 31 36 91 46 68 23 73 48 79 75 23 76 66 51 69 87 57 35 42 59 30 58 23 74 87 71 48 58 32 78 27 53 56 64 75 96 33 41 23 55 124 102 82 68 62 115 91 68 50 42 109 83 58 34 21 107 81 54 27 0 109 83 58 34 21
89 80 64 76 95 126 77 101 67 107 93 87 79 74 92 66 93 75 44 71 94 87 47 79 66 75 71 106 80 72 73 76 114 64 70 74 47 88 104 79 113 74 70 92 51 74 71 98 63 72 61 79 86 74 93 91 71 117 50 112 85 91 73 84 62 94 89 73 47 69 90 43 56 77 54 80 65 77 78 86 82 75 96 67 68 46 71 67 85 77 116 70 82 94 53 64 83 72 104 76 86 89 100 117 136 64 70 83 102 124 43 51 69 91 115 22 35 58 83 109 0 27 54 81 107
69 60 54 69 70 102 67 77 64 84 69 65 73 69 81 47 80 53 34 50 68 67 36 60 60 53 50 84 56 65 50 59 91 43 61 50 31 67 82 68 89 51 54 77 38 52 62 74 40 51 52 58 66 56 68 69 63 94 33 89 61 69 67 64 47 69 76 51 37 57 65 29 39 57 39 72 46 53 56 69 56 57 72 55 61 30 49 49 61 66 93 50 64 78 40 61 59 49 80 57 89 85 89 100 116 70 64 69 83 102 51 43 50 68 91 35 22 34 58 83 27 0 27 54 81
54 47 57 72 47 79 67 57 72 63 47 48 76 74 77 37 74 38 42 39 44 54 42 49 65 36 37 66 38 69 34 51 72 32 64 32 34 51 64 67 67 33 47 68 42 38 63 52 27 38 56 44 52 47 46 52 66 72 33 69 41 51 71 50 45 47 71 38 43 57 42 36 37 46 39 73 37 33 40 60 34 49 50 55 65 33 36 41 41 65 71 40 54 69 44 69 39 31 59 47 100 89 84 88 99 83 69 63 68 82 69 50 42 50 68 58 34 21 34 58 54 27 0 27 54
50 48 71 83 32 59 77 43 87 49 33 42 88 88 82 45 78 39 62 44 25 53 61 52 79 35 41 56 35 83 35 57 59 41 77 32 53 47 53 76 49 34 55 70 59 40 75 38 35 42 71 43 50 52 31 45 79 55 50 55 33 44 84 49 58 34 76 41 62 68 27 56 51 48 54 84 46 28 39 62 24 54 36 66 79 52 40 49 33 75 54 45 57 70 60 86 32 31 43 51 117 100 88 83 87 102 83 68 63 68 91 68 50 42 50 83 58 34 21 34 81 54 27 0 27
60 62 91 101 35 47 94 44 107 47 38 52 105 106 95 64 90 55 86 61 28 64 85 67 99 51 59 58 49 101 53 72 56 61 96 49 77 58 54 92 43 51 72 81 82 56 93 39 57 59 91 57 62 68 35 52 98 49 74 52 43 51 102 61 78 38 89 58 85 86 35 80 73 63 76 100 66 44 53 74 38 70 39 85 98 76 58 67 44 91 48 63 70 81 83 106 44 49 42 67 136 116 99 87 83 124 102 82 68 62 115 91 68 50 42 109 83 58 34 21 107 81 54 27 0
