0 44 36 23 36 38 30 40 9 25 16 46 43 7 13 19 34 30 43 41 14 38 11 28 39 12 30 9 15 30 25 41 30 43 25 43 41 32 31 25 20 42 15 14 10 27 9 21 37 27 5 41 11 9 32 35 13 33 12 32 48 32 41 7 4 18 36 36 36 29 20 34 13 31 32 34 21 21 17 27 17 41 25 42 11 38 34 15 26 27 18 50 17 42 15 44 20 8 24 19 78 59 47 49 64 68 44 27 31 51 63 37 11 18 45 65 40 20 25 48 74 53 39 42 58
44 0 10 21 76 78 70 79 52 68 33 35 5 49 44 43 72 27 3 51 42 76 46 35 39 39 54 45 37 69 30 12 27 6 38 41 4 14 71 64 63 3 51 53 37 59 36 52 8 30 41 6 34 36 34 74 50 71 55 75 6 31 3 47 42 44 73 25 15 32 33 35 46 29 32 12 48 24 45 67 35 10 26 10 36 31 28 30 66 65 62 9 59 73 37 78 46 40 20 27 35 24 37 60 85 26 4 29 55 82 32 19 34 58 84 48 40 49 68 91 66 61 67 82 102
36 10 0 13 67 69 61 70 44 60 27 29 12 41 35 38 63 19 10 43 35 66 37 26 38 30 50 36 28 60 21 9 18 8 29 34 6 5 62 55 55 7 45 44 28 50 28 43 7 27 32 5 26 28 26 65 41 62 47 67 15 23 7 40 34 39 64 18 8 24 24 27 37 20 30 3 43 15 36 59 25 7 17 8 28 24 20 22 57 56 54 18 52 68 28 69 36 31 13 21 43 26 32 52 77 35 9 20 46 73 39 20 26 49 75 52 40 43 60 82 70 61 63 75 94
23 21 13 0 56 58 49 59 31 47 15 32 21 28 24 27 52 17 21 40 23 56 25 21 33 19 40 24 17 49 16 20 16 21 23 34 18 10 50 44 42 20 32 32 16 40 15 33 15 20 20 18 13 15 24 54 29 51 34 54 26 21 19 27 21 27 53 20 15 20 15 25 26 19 25 12 32 3 26 47 16 19 11 20 16 25 21 9 46 45 41 28 39 57 18 59 27 19 4 10 56 38 35 49 71 46 22 16 39 64 45 20 13 38 64 54 35 32 47 70 68 54 52 63 81
36 76 67 56 0 2 7 4 33 17 52 63 77 36 33 52 7 54 76 46 48 6 31 47 74 37 57 32 40 8 49 70 54 74 43 56 73 63 6 12 28 74 41 24 40 21 41 26 70 63 38 72 46 42 51 3 27 6 30 25 81 52 74 38 40 51 9 59 65 49 45 52 31 54 67 65 51 54 33 10 43 70 52 71 46 58 56 48 11 12 23 83 31 59 40 16 33 38 58 54 108 84 63 47 44 101 76 51 30 25 99 72 46 19 9 101 75 49 27 21 107 82 60 44 40
38 78 69 58 2 0 9 3 35 18 53 65 79 37 35 53 8 55 78 47 49 7 33 49 75 39 58 34 42 10 50 72 56 76 44 57 75 64 8 14 29 76 42 26 42 23 43 28 72 64 40 74 48 43 52 5 29 8 31 26 83 54 76 39 41 52 10 60 66 51 47 53 33 55 69 67 53 55 34 12 44 72 54 73 48 60 58 50 13 13 25 85 32 60 41 16 35 39 60 56 110 86 65 49 45 103 77 53 31 24 100 74 47 21 8 102 76 51 27 20 108 84 61 44 40
30 70 61 49 7 9 0 10 28 14 46 57 70 30 26 46 5 47 70 41 42 8 25 41 68 31 52 26 34 2 42 64 48 67 36 50 66 56 2 6 24 67 36 18 33 16 35 20 64 57 31 65 40 35 44 5 21 4 25 25 75 46 67 32 33 45 9 52 58 43 38 46 24 47 61 59 46 47 26 5 36 64 46 65 40 52 50 41 5 5 19 77 26 57 33 18 26 31 52 48 102 78 57 44 44 95 69 44 24 26 92 66 39 12 15 95 69 44 24 26 102 78 57 43 44
40 79 70 59 4 3 10 0 37 21 55 64 80 39 36 55 8 56 79 46 51 5 34 49 77 40 60 35 43 11 51 72 56 76 44 57 76 65 9 15 32 77 45 27 43 23 44 28 73 66 41 75 50 45 52 5 30 8 34 28 84 54 77 41 43 54 9 61 67 51 47 53 34 56 71 68 55 57 35 14 45 73 55 73 50 60 58 51 14 14 27 86 34 63 42 14 35 41 61 58 110 86 64 47 42 104 78 53 30 22 102 75 49 22 6 104 78 53 30 22 110 86 64 47 42
9 52 44 31 33 35 28 37 0 19 21 54 51 4 20 19 32 39 51 48 15 36 17 36 41 20 26 15 23 28 34 50 38 51 33 51 49 40 29 23 12 50 9 16 19 29 18 25 45 31 13 49 18 17 40 33 16 31 4 24 56 40 49 5 10 18 35 44 45 37 28 42 19 40 35 43 19 29 23 24 26 49 34 50 17 47 43 23 23 26 12 57 8 36 23 44 26 16 32 25 86 67 55 55 66 75 52 35 35 52 68 42 18 18 42 68 42 17 17 41 74 51 34 33 50
25 68 60 47 17 18 14 21 19 0 40 63 68 22 28 37 19 50 68 50 34 21 25 45 59 31 41 25 34 15 44 64 50 67 40 57 65 56 15 13 12 66 26 18 32 25 32 26 62 50 28 65 36 32 49 17 21 17 15 12 73 50 66 24 28 36 23 55 59 47 40 50 26 50 54 58 36 45 29 10 37 64 46 65 35 56 53 39 11 16 8 74 15 43 34 31 31 29 49 43 102 80 63 54 58 92 68 47 34 40 87 61 35 14 25 86 60 34 11 23 91 66 44 30 36
16 33 27 15 52 53 46 55 21 40 0 46 31 18 25 12 49 30 31 49 9 53 24 31 25 21 25 22 21 45 27 34 29 34 31 46 30 25 47 40 32 32 19 29 17 41 14 34 26 12 15 31 8 13 35 50 27 48 25 44 36 33 30 16 13 13 52 34 30 31 23 37 26 32 17 26 17 14 28 42 22 32 23 34 6 38 34 12 41 42 32 37 28 42 21 59 30 17 14 6 68 52 48 58 76 55 34 27 43 66 48 22 9 34 60 50 26 17 37 62 60 43 38 50 70
46 35 29 32 63 65 57 64 54 63 46 0 39 52 36 58 57 17 36 22 53 60 39 19 65 35 70 40 31 56 21 23 17 29 23 9 32 26 58 53 63 32 59 45 36 42 38 38 35 52 42 30 41 39 14 60 42 57 56 73 39 15 34 52 46 57 56 13 21 17 26 13 38 15 56 27 62 33 34 57 29 25 23 25 44 8 13 35 56 52 59 43 61 86 32 58 32 39 35 42 52 25 3 29 56 55 32 20 35 59 66 48 40 49 68 81 66 61 67 82 98 86 82 87 99
43 5 12 21 77 79 70 80 51 68 31 39 0 48 45 41 73 30 3 54 40 76 46 37 34 40 51 45 38 70 32 16 29 11 40 44 7 16 71 65 62 7 50 53 37 60 36 53 7 27 40 9 33 36 37 75 50 72 54 74 6 34 5 46 41 42 74 29 18 35 34 38 46 31 28 14 46 24 46 68 36 14 27 14 34 34 31 30 66 66 61 7 58 70 38 79 47 40 19 26 37 29 41 63 88 25 8 31 57 84 28 15 33 59 85 43 36 46 67 91 62 57 64 80 100
7 49 41 28 36 37 30 39 4 22 18 52 48 0 19 17 34 36 48 47 12 38 16 34 38 18 25 14 21 30 31 47 36 48 31 49 46 38 31 25 15 47 9 17 16 30 15 25 42 28 11 46 16 15 39 35 16 33 7 27 53 38 46 3 8 16 37 42 42 35 26 40 18 38 33 40 18 26 22 26 24 46 31 47 14 44 40 20 25 28 15 54 11 37 21 45 25 14 29 22 83 65 53 54 67 72 49 33 35 53 65 39 15 19 44 66 40 16 20 44 72 50 34 36 53
13 44 35 24 33 35 26 36 20 28 25 36 45 19 0 31 29 23 44 29 26 32 4 18 49 5 42 5 8 26 17 38 23 42 14 32 41 30 27 21 28 42 27 10 9 17 11 10 38 36 11 40 18 12 22 31 7 28 20 38 49 23 42 20 15 31 30 28 33 20 13 24 2 23 41 33 34 22 4 24 10 38 20 39 19 29 26 17 23 22 24 51 26 55 7 36 7 8 27 25 76 54 37 37 52 69 43 20 19 42 68 42 17 15 41 74 50 32 32 49 84 65 52 51 63
19 43 38 27 52 53 46 55 19 37 12 58 41 17 31 0 51 41 42 58 6 54 30 42 23 28 13 28 30 46 38 46 41 45 40 57 41 36 47 42 27 43 12 33 25 46 22 39 36 16 21 42 17 21 46 51 31 49 22 38 46 44 41 15 16 2 54 46 42 42 33 48 32 43 18 38 5 26 35 42 32 44 35 45 14 50 45 23 42 44 30 46 23 31 30 62 38 24 26 18 78 64 60 67 82 63 45 39 49 69 53 29 18 36 60 50 23 6 32 58 56 34 26 40 63
34 72 63 52 7 8 5 8 32 19 49 57 73 34 29 51 0 48 72 39 46 4 27 42 72 33 57 29 36 5 44 65 49 69 37 50 69 58 5 10 29 69 41 21 36 15 38 21 66 61 35 68 43 38 45 4 23 2 29 29 77 47 70 36 37 50 4 53 60 44 40 46 27 48 65 61 51 50 28 10 38 65 47 66 44 52 51 44 10 7 24 79 31 62 35 13 28 34 54 51 103 79 57 41 40 97 71 46 23 21 96 69 42 16 13 99 73 49 29 27 106 83 62 48 47
30 27 19 17 54 55 47 56 39 50 30 17 30 36 23 41 48 0 28 25 36 52 26 8 50 20 54 26 16 46 6 18 1 23 12 18 24 14 48 43 48 24 43 32 20 34 22 28 24 36 26 22 25 22 8 51 29 48 41 59 32 5 25 36 30 41 49 6 13 6 11 9 25 3 41 16 45 16 22 46 14 19 7 19 28 9 5 19 45 42 45 36 46 70 17 53 21 23 20 26 55 31 19 35 59 52 25 4 29 56 57 35 24 37 60 69 51 45 53 71 84 71 66 71 86
43 3 10 21 76 78 70 79 51 68 31 36 3 48 44 42 72 28 0 52 40 76 46 35 36 39 53 44 37 69 31 14 28 8 39 42 5 15 71 64 62 5 50 52 37 59 36 52 7 28 40 7 33 36 36 74 50 71 54 74 6 32 3 46 41 42 73 27 17 34 33 36 46 30 30 12 46 23 45 67 35 12 26 12 35 32 29 29 66 65 61 8 58 71 37 78 46 39 19 26 37 27 39 62 86 26 6 30 56 83 30 17 33 58 84 45 38 47 67 90 64 59 65 80 101
41 51 43 40 46 47 41 46 48 50 49 22 54 47 29 58 39 25 52 0 52 42 31 19 72 30 70 33 29 40 24 40 26 46 19 14 48 39 41 38 54 48 55 34 34 26 36 25 49 58 38 46 42 37 17 43 32 40 48 61 56 21 50 48 43 58 38 26 36 20 26 17 29 23 63 41 61 39 25 42 27 42 29 42 45 22 24 38 41 36 49 60 53 83 28 37 22 35 43 46 74 47 21 10 35 75 49 25 17 37 82 59 41 37 49 93 73 60 57 66 107 91 80 78 84
14 42 35 23 48 49 42 51 15 34 9 53 40 12 26 6 46 36 40 52 0 50 24 37 27 23 18 22 24 42 33 43 36 43 35 52 39 33 43 37 25 41 11 27 19 40 17 34 34 17 15 40 12 16 41 47 26 45 19 37 45 39 39 10 11 6 49 41 38 37 28 43 26 38 21 35 10 22 29 38 26 41 30 42 9 45 41 18 37 39 26 45 21 34 25 57 32 18 23 15 76 61 55 61 77 63 43 34 44 64 54 29 13 31 56 54 28 9 29 55 61 40 30 41 62
38 76 66 56 6 7 8 5 36 21 53 60 76 38 32 54 4 52 76 42 50 0 31 45 76 37 60 33 39 8 47 69 52 73 40 53 72 62 7 13 32 73 44 25 40 18 42 25 70 64 39 71 47 42 48 4 27 5 33 30 81 50 73 40 41 53 4 57 63 47 44 49 31 52 69 64 54 54 31 13 41 69 51 70 48 55 54 48 13 11 27 83 34 64 39 11 31 38 58 55 107 82 60 43 39 101 75 49 26 19 99 73 46 20 9 102 77 52 31 26 109 86 65 49 46
11 46 37 25 31 33 25 34 17 25 24 39 46 16 4 30 27 26 46 31 24 31 0 21 48 7 40 3 10 24 20 40 26 44 17 35 42 32 26 19 25 43 25 7 10 17 11 10 40 35 10 42 17 12 25 29 4 26 17 35 51 26 43 17 14 29 29 31 35 23 15 27 2 26 41 35 32 23 7 22 13 40 22 41 19 32 29 18 21 20 21 53 23 52 10 36 10 8 28 25 78 56 40 39 53 71 45 22 20 42 69 43 16 13 39 74 50 30 29 47 84 63 50 48 61
28 35 26 21 47 49 41 49 36 45 31 19 37 34 18 42 42 8 35 19 37 45 21 0 54 17 54 22 14 40 6 25 9 30 5 16 31 21 42 36 45 32 42 27 19 27 21 21 31 40 24 30 25 22 5 45 24 41 38 55 40 6 33 34 29 42 42 12 20 3 9 7 20 7 45 24 46 20 16 40 11 26 11 27 28 12 10 20 39 36 41 43 43 70 14 45 15 21 25 28 62 38 20 29 52 59 33 7 22 48 64 40 25 32 54 74 55 45 49 65 89 73 66 69 81
39 39 38 33 74 75 68 77 41 59 25 65 34 38 49 23 72 50 36 72 27 76 48 54 0 45 25 46 45 68 49 47 49 43 54 67 38 39 69 63 49 39 34 53 41 65 38 58 33 14 39 40 32 37 57 73 51 71 44 60 39 54 37 36 36 24 75 53 45 53 46 58 50 52 9 39 25 34 52 64 45 44 44 45 30 58 53 35 63 65 52 37 45 41 45 83 55 41 30 26 68 62 67 81 101 50 41 49 67 89 34 20 33 57 82 28 2 27 53 80 36 23 35 58 83
12 39 30 19 37 39 31 40 20 31 21 35 40 18 5 28 33 20 39 30 23 37 7 17 45 0 40 6 4 30 15 34 20 37 14 32 36 26 32 26 29 37 26 14 4 22 7 14 34 31 8 35 13 8 21 35 11 32 21 40 44 21 37 18 13 28 35 26 29 18 10 23 7 21 37 29 31 17 8 29 7 34 16 35 16 28 24 12 27 26 26 46 27 54 4 41 10 5 22 20 72 50 36 39 56 65 39 17 23 47 64 37 12 19 45 69 46 30 34 53 80 62 51 52 66
30 54 50 40 57 58 52 60 26 41 25 70 51 25 42 13 57 54 53 70 18 60 40 54 25 40 0 38 42 52 50 58 53 57 53 69 53 49 53 48 30 54 17 41 37 55 35 49 48 25 32 54 30 33 59 57 41 55 28 38 57 57 52 24 27 13 60 58 54 55 46 60 42 56 25 50 9 39 46 48 44 56 48 57 27 63 58 35 48 51 34 56 27 19 42 69 49 36 38 30 88 76 72 78 92 72 56 51 60 77 58 38 31 43 65 51 25 10 33 59 51 26 13 34 59
9 45 36 24 32 34 26 35 15 25 22 40 45 14 5 28 29 26 44 33 22 33 3 22 46 6 38 0 10 25 20 40 26 43 18 36 41 31 27 21 24 42 23 9 8 19 10 12 38 33 7 41 16 10 26 31 6 28 16 34 50 26 42 15 12 27 31 31 34 23 15 28 4 26 39 34 30 22 8 23 12 39 22 40 17 33 29 16 22 22 20 51 22 50 9 38 11 6 26 23 78 56 41 41 55 70 44 22 22 44 67 41 14 14 41 72 48 28 28 47 82 61 48 48 61
15 37 28 17 40 42 34 43 23 34 21 31 38 21 8 30 36 16 37 29 24 39 10 14 45 4 42 10 0 33 11 31 16 34 11 29 33 23 35 28 33 34 29 17 6 24 8 16 31 31 11 32 14 9 18 38 14 35 25 43 42 18 34 21 16 30 37 22 25 15 6 20 10 18 37 26 33 15 9 32 3 31 13 32 17 24 20 11 30 29 29 44 30 56 1 43 11 8 20 20 69 47 33 38 56 62 36 13 23 48 62 36 13 23 48 69 47 32 37 56 81 63 53 56 70
30 69 60 49 8 10 2 11 28 15 45 56 70 30 26 46 5 46 69 40 42 8 24 40 68 30 52 25 33 0 41 63 47 67 35 49 66 55 2 5 25 67 36 17 33 15 34 19 63 56 31 65 39 35 43 6 20 4 25 26 74 45 66 32 33 45 9 52 57 42 37 45 24 46 61 58 46 46 25 5 35 63 45 64 40 51 49 41 5 4 19 76 27 57 32 17 26 30 51 47 101 77 56 43 44 94 68 43 23 26 92 65 39 12 16 94 69 44 25 27 101 78 57 44 45
25 30 21 16 49 50 42 51 34 44 27 21 32 31 17 38 44 6 31 24 33 47 20 6 49 15 50 20 11 41 0 22 6 27 8 20 27 17 43 37 43 28 39 27 16 30 17 23 26 35 21 26 21 18 9 46 24 43 36 54 36 7 28 31 25 38 44 11 17 5 6 11 19 7 40 19 42 15 17 41 8 23 6 23 24 14 10 16 39 37 40 39 41 66 12 48 16 18 19 23 60 37 23 34 57 56 29 3 25 52 59 35 20 32 56 69 50 41 48 66 83 68 62 67 80
41 12 9 20 70 72 64 72 50 64 34 23 16 47 38 46 65 18 14 40 43 69 40 25 47 34 58 40 31 63 22 0 17 7 29 29 10 10 65 59 61 10 52 47 33 51 33 45 14 36 38 8 33 33 24 68 44 65 53 73 17 21 12 46 40 46 66 15 6 23 26 24 40 19 39 9 51 22 38 62 28 3 19 3 35 19 17 27 61 59 59 21 58 76 31 70 38 36 21 29 39 18 25 49 75 35 10 20 46 73 44 28 33 53 77 59 48 51 66 86 77 69 71 82 99
30 27 18 16 54 56 48 56 38 50 29 17 29 36 23 41 49 1 28 26 36 52 26 9 49 20 53 26 16 47 6 17 0 22 12 18 24 14 48 43 48 24 43 32 20 35 21 28 24 36 26 22 24 22 9 52 29 48 40 59 32 5 25 36 30 41 49 6 12 6 11 10 25 3 41 16 45 16 22 46 14 18 6 19 27 10 5 18 45 43 45 35 46 70 17 53 22 23 19 25 55 31 20 35 59 51 25 4 30 56 56 34 24 38 61 68 51 44 53 71 83 70 65 71 86
43 6 8 21 74 76 67 76 51 67 34 29 11 48 42 45 69 23 8 46 43 73 44 30 43 37 57 43 34 67 27 7 22 0 34 35 5 12 68 62 62 4 52 51 36 56 35 49 10 33 40 4 33 35 30 72 48 69 54 75 11 26 6 47 41 46 70 21 11 28 30 30 43 24 36 9 50 23 42 65 32 5 22 5 36 25 23 29 64 63 61 14 59 75 35 75 42 38 20 28 36 20 32 55 81 30 3 25 52 78 37 23 34 56 81 53 44 50 67 89 72 65 69 83 101
25 38 29 23 43 44 36 44 33 40 31 23 40 31 14 40 37 12 39 19 35 40 17 5 54 14 53 18 11 35 8 29 12 34 0 19 35 24 37 32 41 35 39 22 16 23 19 17 34 40 21 33 24 20 9 40 20 37 34 51 43 10 36 31 26 40 37 17 24 7 8 11 16 12 45 27 44 21 12 36 9 30 13 31 27 16 14 20 34 31 37 46 39 67 11 41 10 18 26 28 67 42 24 28 49 63 36 10 18 45 66 42 23 27 49 76 55 43 45 61 89 73 63 65 76
43 41 34 34 56 57 50 57 51 57 46 9 44 49 32 57 50 18 42 14 52 53 35 16 67 32 69 36 29 49 20 29 18 35 19 0 38 30 51 47 59 38 57 40 34 35 36 32 40 54 39 36 40 37 12 53 37 50 52 68 46 14 40 49 44 57 49 16 26 15 24 10 33 16 58 32 61 34 29 51 26 31 24 31 43 11 15 35 49 45 55 49 57 85 29 50 27 36 37 43 61 34 8 21 47 63 38 19 27 50 72 51 39 44 61 85 69 60 63 76 101 88 81 83 93
41 4 6 18 73 75 66 76 49 65 30 32 7 46 41 41 69 24 5 48 39 72 42 31 38 36 53 41 33 66 27 10 24 5 35 38 0 11 67 61 60 2 49 49 34 56 33 48 6 29 38 3 31 33 31 71 46 68 52 72 9 28 2 44 39 42 70 23 12 29 29 32 42 26 31 9 46 20 42 64 31 8 22 8 33 28 25 27 63 62 59 12 56 71 34 75 42 37 17 25 38 25 35 57 82 29 4 26 52 79 34 18 31 55 81 49 40 47 65 88 67 61 65 79 99
32 14 5 10 63 64 56 65 40 56 25 26 16 38 30 36 58 14 15 39 33 62 32 21 39 26 49 31 23 55 17 10 14 12 24 30 11 0 57 51 51 12 42 39 24 45 24 38 11 27 28 10 23 24 22 61 36 57 43 63 20 18 12 37 31 37 59 15 6 19 19 23 32 16 31 3 41 12 31 54 21 9 12 10 26 20 16 18 53 52 50 23 48 66 23 64 32 27 11 19 47 28 29 48 72 40 13 15 42 68 43 22 23 45 70 56 41 41 56 78 72 61 61 72 90
31 71 62 50 6 8 2 9 29 15 47 58 71 31 27 47 5 48 71 41 43 7 26 42 69 32 53 27 35 2 43 65 48 68 37 51 67 57 0 7 25 68 37 19 34 16 36 21 65 58 33 66 41 36 45 4 22 3 26 25 76 47 68 33 34 46 8 53 59 44 39 46 26 48 63 60 47 48 27 6 37 65 47 66 41 53 51 42 6 6 20 78 27 58 34 17 27 32 53 49 103 79 58 44 44 96 70 45 25 25 94 67 40 13 14 96 70 45 25 25 102 79 58 44 44
25 64 55 44 12 14 6 15 23 13 40 53 65 25 21 42 10 43 64 38 37 13 19 36 63 26 48 21 28 5 37 59 43 62 32 47 61 51 7 0 22 62 32 12 28 13 29 16 58 52 26 60 35 30 40 11 15 8 21 25 69 42 62 27 28 41 13 48 53 38 33 41 19 43 56 54 42 42 21 4 31 59 40 59 35 48 45 36 3 4 16 71 23 54 28 21 22 26 46 43 97 73 53 42 46 90 64 40 22 29 87 60 34 7 21 90 64 40 23 30 97 74 54 43 47
20 63 55 42 28 29 24 32 12 12 32 63 62 15 28 27 29 48 62 54 25 32 25 45 49 29 30 24 33 25 43 61 48 62 41 59 60 51 25 22 0 61 15 21 29 32 28 29 56 41 24 60 30 28 49 28 22 27 9 13 67 49 60 16 22 26 33 54 55 46 38 51 26 50 45 54 25 40 30 20 35 60 44 61 28 56 52 34 20 25 6 68 4 33 32 41 33 26 43 36 97 78 64 60 67 86 63 45 39 50 79 53 29 19 36 77 50 23 6 31 80 55 33 24 39
42 3 7 20 74 76 67 77 50 66 32 32 7 47 42 43 69 24 5 48 41 73 43 32 39 37 54 42 34 67 28 10 24 4 35 38 2 12 68 62 61 0 50 50 35 56 34 49 7 30 39 3 32 34 32 72 47 69 53 73 9 28 3 46 40 43 70 23 12 30 30 32 43 26 33 9 47 22 42 65 32 7 23 8 34 28 25 28 64 63 60 12 58 72 35 75 43 38 19 26 37 23 35 57 82 28 3 26 53 79 35 20 32 56 82 50 41 48 66 89 68 62 67 81 100
15 51 45 32 41 42 36 45 9 26 19 59 50 9 27 12 41 43 50 55 11 44 25 42 34 26 17 23 29 36 39 52 43 52 39 57 49 42 37 32 15 50 0 25 24 38 22 33 44 27 18 49 20 21 46 41 25 39 12 27 55 45 49 8 14 11 44 48 47 42 34 48 27 45 30 44 11 31 31 32 31 50 37 51 17 52 47 25 32 35 18 55 12 28 29 52 34 22 32 25 86 70 61 63 75 73 52 40 44 60 64 39 20 27 50 62 35 9 20 46 66 42 25 31 52
14 53 44 32 24 26 18 27 16 18 29 45 53 17 10 33 21 32 52 34 27 25 7 27 53 14 41 9 17 17 27 47 32 51 22 40 49 39 19 12 21 50 25 0 16 14 18 9 47 41 15 49 23 18 31 22 4 20 15 29 58 32 50 18 17 32 23 38 42 29 22 33 8 33 46 42 34 30 11 15 20 47 29 48 24 38 35 24 14 14 16 60 20 51 16 30 13 14 34 31 85 63 45 40 51 78 52 29 20 37 75 49 22 6 32 79 54 32 24 40 88 66 49 44 54
10 37 28 16 40 42 33 43 19 32 17 36 37 16 9 25 36 20 37 34 19 40 10 19 41 4 37 8 6 33 16 33 20 36 16 34 34 24 34 28 29 35 24 16 0 26 3 18 31 27 6 33 9 4 23 38 13 35 21 40 42 22 35 16 10 24 38 26 28 19 11 25 10 22 33 27 28 14 12 31 8 32 16 33 12 29 25 9 30 29 26 44 26 51 6 45 14 3 19 16 71 50 38 42 60 62 37 17 26 50 60 34 8 22 48 65 42 27 34 54 76 58 48 51 67
27 59 50 40 21 23 16 23 29 25 41 42 60 30 17 46 15 34 59 26 40 18 17 27 65 22 55 19 24 15 30 51 35 56 23 35 56 45 16 13 32 56 38 14 26 0 28 8 54 52 26 54 34 29 30 18 15 15 28 37 64 32 57 32 30 45 15 39 46 29 27 31 16 34 57 48 47 38 15 17 25 52 34 53 36 38 36 33 16 11 26 67 32 64 23 20 14 24 43 42 89 64 42 30 38 84 58 32 9 25 85 59 33 13 27 90 66 45 34 41 100 79 62 54 59
9 36 28 15 41 43 35 44 18 32 14 38 36 15 11 22 38 22 36 36 17 42 11 21 38 7 35 10 8 34 17 33 21 35 19 36 33 24 36 29 28 34 22 18 3 28 0 20 30 25 5 33 7 2 25 40 15 37 20 40 41 24 34 15 9 22 40 27 28 21 12 27 12 23 30 26 26 13 14 32 10 32 16 33 9 30 26 7 31 31 26 43 25 49 8 46 17 4 17 14 70 50 39 45 63 61 36 19 29 52 58 32 6 23 50 63 40 25 33 55 74 55 46 50 67
21 52 43 33 26 28 20 28 25 26 34 38 53 25 10 39 21 28 52 25 34 25 10 21 58 14 49 12 16 19 23 45 28 49 17 32 48 38 21 16 29 49 33 9 18 8 20 0 46 45 19 47 27 21 25 24 9 21 24 37 57 27 49 26 23 39 22 33 39 23 20 26 9 28 50 41 41 31 7 19 18 45 27 46 28 32 30 26 18 15 24 59 29 60 15 27 7 17 35 34 82 59 38 31 44 77 51 25 11 33 77 51 26 12 33 83 59 40 33 45 93 73 58 53 61
37 8 7 15 70 72 64 73 45 62 26 35 7 42 38 36 66 24 7 49 34 70 40 31 33 34 48 38 31 63 26 14 24 10 34 40 6 11 65 58 56 7 44 47 31 54 30 46 0 24 34 7 27 30 32 68 44 65 48 68 12 28 5 40 35 37 67 24 14 29 28 33 40 26 26 8 41 17 39 61 29 11 21 12 29 30 26 23 60 59 55 13 52 66 32 73 41 33 13 20 42 30 38 58 82 32 9 25 51 78 33 14 27 52 78 46 35 42 61 84 64 56 60 75 95
27 30 27 20 63 64 57 66 31 50 12 52 27 28 36 16 61 36 28 58 17 64 35 40 14 31 25 33 31 56 35 36 36 33 40 54 29 27 58 52 41 30 27 41 27 52 25 45 24 0 27 30 19 24 43 62 38 59 35 53 32 40 28 26 24 17 63 40 33 39 32 45 37 38 6 27 20 20 39 53 32 33 30 34 17 45 40 21 52 54 42 31 37 43 32 70 41 28 17 12 64 53 54 67 87 48 32 35 53 77 38 14 20 45 71 39 16 21 46 72 50 35 37 55 78
5 41 32 20 38 40 31 41 13 28 15 42 40 11 11 21 35 26 40 38 15 39 10 24 39 8 32 7 11 31 21 38 26 40 21 39 38 28 33 26 24 39 18 15 6 26 5 19 34 27 0 37 9 5 28 36 12 34 16 35 45 28 38 11 5 20 37 31 32 25 16 30 11 27 32 31 24 18 14 28 13 37 21 38 10 34 30 11 27 28 22 47 21 46 11 44 17 4 21 17 75 55 43 46 62 65 41 23 29 51 62 35 8 20 46 65 41 23 29 51 75 55 43 46 62
41 6 5 18 72 74 65 75 49 65 31 30 9 46 40 42 68 22 7 46 40 71 42 30 40 35 54 41 32 65 26 8 22 4 33 36 3 10 66 60 60 3 49 49 33 54 33 47 7 30 37 0 31 33 29 70 46 67 52 72 11 26 4 44 39 43 68 21 10 28 28 30 41 24 33 7 47 20 40 63 30 5 21 6 33 26 23 26 62 61 58 14 56 72 33 73 41 36 17 25 38 23 33 55 80 31 4 24 51 77 37 21 31 54 80 51 42 47 65 87 70 63 66 80 99
11 34 26 13 46 48 40 50 18 36 8 41 33 16 18 17 43 25 33 42 12 47 17 25 32 13 30 16 14 39 21 33 24 33 24 40 31 23 41 35 30 32 20 23 9 34 7 27 27 19 9 31 0 6 29 45 21 42 22 42 38 27 31 14 9 17 45 30 28 25 17 31 19 26 24 25 21 12 21 37 15 31 19 32 4 33 29 6 36 36 29 39 26 46 14 53 23 10 14 9 68 50 43 51 69 57 34 22 35 59 53 26 2 28 55 57 33 21 35 58 67 49 42 50 68
9 36 28 15 42 43 35 45 17 32 13 39 36 15 12 21 38 22 36 37 16 42 12 22 37 8 33 10 9 35 18 33 22 35 20 37 33 24 36 30 28 34 21 18 4 29 2 21 30 24 5 33 6 0 26 40 16 37 20 40 41 25 34 14 8 21 40 28 28 22 13 28 13 24 30 26 25 13 15 32 11 33 17 34 8 31 27 7 31 31 26 42 25 48 9 47 18 5 17 14 70 51 40 46 64 61 36 20 30 53 58 31 5 23 50 62 39 24 33 55 73 54 45 50 66
32 34 26 24 51 52 44 52 40 49 35 14 37 39 22 46 45 8 36 17 41 48 25 5 57 21 59 26 18 43 9 24 9 30 9 12 31 22 45 40 49 32 46 31 23 30 25 25 32 43 28 29 29 26 0 48 28 45 42 59 40 4 33 39 33 46 45 10 20 4 13 2 24 6 48 24 50 23 20 44 16 25 13 26 32 8 7 24 42 39 46 43 47 74 18 47 19 25 27 32 60 35 15 27 51 59 32 9 24 50 65 42 28 36 57 76 58 49 54 69 91 77 70 73 85
35 74 65 54 3 5 5 5 33 17 50 60 75 35 31 51 4 51 74 43 47 4 29 45 73 35 57 31 38 6 46 68 52 72 40 53 71 61 4 11 28 72 41 22 38 18 40 24 68 62 36 70 45 40 48 0 25 4 29 27 79 50 72 37 38 50 7 56 62 47 43 49 29 51 66 63 51 52 30 9 40 68 50 69 45 55 54 46 10 9 23 81 30 60 38 15 30 36 56 53 106 82 60 45 42 99 74 48 27 23 97 71 44 17 10 100 74 49 27 24 106 82 61 45 43
13 50 41 29 27 29 21 30 16 21 27 42 50 16 7 31 23 29 50 32 26 27 4 24 51 11 41 6 14 20 24 44 29 48 20 37 46 36 22 15 22 47 25 4 13 15 15 9 44 38 12 46 21 16 28 25 0 22 16 32 55 29 47 18 16 31 25 35 39 26 19 30 5 30 44 39 33 27 9 18 17 44 26 45 22 36 33 21 17 17 18 57 21 52 13 32 11 11 32 29 82 60 43 39 52 75 49 26 19 39 73 46 20 9 35 77 52 31 26 43 86 65 50 46 57
33 71 62 51 6 8 4 8 31 17 48 57 72 33 28 49 2 48 71 40 45 5 26 41 71 32 55 28 35 4 43 65 48 69 37 50 68 57 3 8 27 69 39 20 35 15 37 21 65 59 34 67 42 37 45 4 22 0 28 28 76 47 69 35 36 48 6 53 59 44 39 46 26 48 64 60 49 49 27 8 37 65 47 66 43 52 51 43 8 6 22 78 30 60 35 15 27 33 54 50 103 79 57 42 41 96 70 45 24 23 95 68 41 15 13 97 72 47 27 27 104 81 60 46 46
12 55 47 34 30 31 25 34 4 15 25 56 54 7 20 22 29 41 54 48 19 33 17 38 44 21 28 16 25 25 36 53 40 54 34 52 52 43 26 21 9 53 12 15 21 28 20 24 48 35 16 52 22 20 42 29 16 28 0 21 59 42 52 9 14 21 33 46 47 39 30 44 19 42 39 46 22 32 23 21 28 52 36 53 20 48 45 26 20 24 8 60 6 36 25 41 26 18 35 29 89 70 57 55 65 78 55 37 34 49 72 46 21 16 38 72 45 20 14 38 77 54 35 32 47
32 75 67 54 25 26 25 28 24 12 44 73 74 27 38 38 29 59 74 61 37 30 35 55 60 40 38 34 43 26 54 73 59 75 51 68 72 63 25 25 13 73 27 29 40 37 40 37 68 53 35 72 42 40 59 27 32 28 21 0 79 60 72 29 34 37 33 65 67 57 49 61 36 60 56 66 36 52 40 22 46 72 55 73 40 66 63 46 22 27 15 80 17 36 43 41 42 37 55 49 109 90 74 66 68 98 75 56 46 49 90 65 41 25 32 87 61 34 8 21 89 63 38 19 27
48 6 15 26 81 83 75 84 56 73 36 39 6 53 49 46 77 32 6 56 45 81 51 40 39 44 57 50 42 74 36 17 32 11 43 46 9 20 76 69 67 9 55 58 42 64 41 57 12 32 45 11 38 41 40 79 55 76 59 79 0 36 8 51 46 47 78 31 20 38 38 40 51 34 33 17 51 28 50 72 40 15 31 15 40 36 33 34 71 70 66 4 63 75 42 83 51 45 24 31 32 26 42 65 91 21 8 34 61 87 27 20 38 63 89 45 40 52 72 95 64 61 69 85 106
32 31 23 21 52 54 46 54 40 50 33 15 34 38 23 44 47 5 32 21 39 50 26 6 54 21 57 26 18 45 7 21 5 26 10 14 28 18 47 42 49 28 45 32 22 32 24 27 28 40 28 26 27 25 4 50 29 47 42 60 36 0 29 38 32 44 47 7 16 4 12 5 25 3 45 21 48 20 21 45 15 22 10 22 31 7 4 22 44 41 46 40 47 72 18 50 20 25 24 29 57 33 16 30 55 55 29 6 26 53 61 39 27 37 59 73 55 48 54 70 88 74 69 73 86
41 3 7 19 74 76 67 77 49 66 30 34 5 46 42 41 70 25 3 50 39 73 43 33 37 37 52 42 34 66 28 12 25 6 36 40 2 12 68 62 60 3 49 50 35 57 34 49 5 28 38 4 31 34 33 72 47 69 52 72 8 29 0 45 39 42 71 24 14 31 30 33 43 27 30 10 46 21 42 65 32 9 23 10 33 30 26 27 64 63 59 11 57 70 35 76 43 37 18 25 38 26 37 59 84 28 5 27 53 80 33 17 31 56 82 48 39 46 65 88 66 60 65 79 99
7 47 40 27 38 39 32 41 5 24 16 52 46 3 20 15 36 36 46 48 10 40 17 34 36 18 24 15 21 32 31 46 36 47 31 49 44 37 33 27 16 46 8 18 16 32 15 26 40 26 11 44 14 14 39 37 18 35 9 29 51 38 45 0 7 14 39 41 41 35 26 41 19 37 30 39 16 25 23 28 24 45 31 46 12 44 40 19 27 30 17 52 13 36 21 47 26 14 28 21 82 64 53 55 69 70 48 33 36 55 63 37 14 21 46 63 37 14 21 46 70 48 33 36 55
4 42 34 21 40 41 33 43 10 28 13 46 41 8 15 16 37 30 41 43 11 41 14 29 36 13 27 12 16 33 25 40 30 41 26 44 39 31 34 28 22 40 14 17 10 30 9 23 35 24 5 39 9 8 33 38 16 36 14 34 46 32 39 7 0 16 40 35 35 29 20 35 16 31 29 33 19 19 19 30 18 39 24 40 7 38 34 13 29 30 21 47 18 41 16 47 22 9 22 16 76 58 47 51 67 65 42 27 33 54 60 34 8 22 48 62 37 18 27 50 71 50 38 43 60
18 44 39 27 51 52 45 54 18 36 13 57 42 16 31 2 50 41 42 58 6 53 29 42 24 28 13 27 30 45 38 46 41 46 40 57 42 37 46 41 26 43 11 32 24 45 22 39 37 17 20 43 17 21 46 50 31 48 21 37 47 44 42 14 16 0 53 46 42 42 33 48 31 43 19 38 5 26 34 41 31 45 35 46 14 50 45 23 41 43 29 47 22 30 30 61 37 24 26 18 78 64 59 66 82 64 45 39 49 68 54 30 18 35 59 51 24 5 30 57 57 35 25 39 62
36 73 64 53 9 10 9 9 35 23 52 56 74 37 30 54 4 49 73 38 49 4 29 42 75 35 60 31 37 9 44 66 49 70 37 49 70 59 8 13 33 70 44 23 38 15 40 22 67 63 37 68 45 40 45 7 25 6 33 33 78 47 71 39 40 53 0 53 60 44 41 45 28 48 68 62 54 51 29 13 39 66 48 67 46 52 51 46 13 10 28 80 35 65 36 9 28 36 56 53 103 79 56 39 36 98 72 46 22 17 98 71 44 19 13 101 76 52 33 30 109 86 65 51 49
36 25 18 20 59 60 52 61 44 55 34 13 29 42 28 46 53 6 27 26 41 57 31 12 53 26 58 31 22 52 11 15 6 21 17 16 23 15 53 48 54 23 48 38 26 39 27 33 24 40 31 21 30 28 10 56 35 53 46 65 31 7 24 41 35 46 53 0 11 10 16 10 30 6 44 16 50 20 27 51 19 16 12 16 33 6 3 24 50 48 51 34 52 75 22 57 27 29 23 30 51 26 15 35 61 49 23 9 33 59 56 36 29 43 65 70 54 50 59 77 86 74 71 77 91
36 15 8 15 65 66 58 67 45 59 30 21 18 42 33 42 60 13 17 36 38 63 35 20 45 29 54 34 25 57 17 6 12 11 24 26 12 6 59 53 55 12 47 42 28 46 28 39 14 33 32 10 28 28 20 62 39 59 47 67 20 16 14 41 35 42 60 11 0 18 20 20 34 14 37 6 47 17 33 56 23 6 13 7 31 16 13 22 55 53 53 24 52 72 26 65 33 30 17 25 44 23 24 46 71 40 13 15 41 68 46 27 28 47 72 60 46 47 60 81 77 67 67 77 94
29 32 24 20 49 51 43 51 37 47 31 17 35 35 20 42 44 6 34 20 37 47 23 3 53 18 55 23 15 42 5 23 6 28 7 15 29 19 44 38 46 30 42 29 19 29 21 23 29 39 25 28 25 22 4 47 26 44 39 57 38 4 31 35 29 42 44 10 18 0 9 6 21 5 44 22 46 19 18 42 12 24 10 25 29 10 7 20 41 38 43 41 44 70 15 48 17 22 23 28 60 36 19 30 54 57 31 5 24 51 62 39 25 34 56 73 55 45 51 67 88 73 66 70 83
20 33 24 15 45 47 38 47 28 40 23 26 34 26 13 33 40 11 33 26 28 44 15 9 46 10 46 15 6 37 6 26 11 30 8 24 29 19 39 33 38 30 34 22 11 27 12 20 28 32 16 28 17 13 13 43 19 39 30 49 38 12 30 26 20 33 41 16 20 9 0 15 15 12 38 21 37 13 13 37 3 26 8 27 20 19 15 12 35 34 35 41 36 61 6 46 13 13 18 21 64 41 28 36 57 58 32 8 24 50 60 35 16 28 52 68 48 37 43 61 81 65 57 61 75
34 35 27 25 52 53 46 53 42 50 37 13 38 40 24 48 46 9 36 17 43 49 27 7 58 23 60 28 20 45 11 24 10 30 11 10 32 23 46 41 51 32 48 33 25 31 27 26 33 45 30 30 31 28 2 49 30 46 44 61 40 5 33 41 35 48 45 10 20 6 15 0 26 7 50 25 52 25 22 45 17 26 15 26 34 7 8 26 44 41 47 44 49 76 20 48 20 27 29 33 60 34 14 26 51 59 33 10 24 50 66 43 30 37 57 77 60 51 55 70 93 79 72 75 86
13 46 37 26 31 33 24 34 19 26 26 38 46 18 2 32 27 25 46 29 26 31 2 20 50 7 42 4 10 24 19 40 25 43 16 33 42 32 26 19 26 43 27 8 10 16 12 9 40 37 11 41 19 13 24 29 5 26 19 36 51 25 43 19 16 31 28 30 34 21 15 26 0 25 42 35 34 23 5 23 12 40 22 41 20 31 28 18 21 20 22 53 25 54 9 35 8 9 28 26 78 55 39 37 52 71 45 21 18 41 70 43 18 14 39 75 51 32 30 47 85 65 52 50 62
31 29 20 19 54 55 47 56 40 50 32 15 31 38 23 43 48 3 30 23 38 52 26 7 52 21 56 26 18 46 7 19 3 24 12 16 26 16 48 43 50 26 45 33 22 34 23 28 26 38 27 24 26 24 6 51 30 48 42 60 34 3 27 37 31 43 48 6 14 5 12 7 25 0 43 18 47 19 22 46 15 20 9 20 30 8 3 21 45 42 46 37 47 72 18 52 21 24 22 28 56 31 17 33 57 53 27 5 28 55 59 37 26 38 60 71 54 47 54 71 86 73 68 73 86
32 32 30 25 67 69 61 71 35 54 17 56 28 33 41 18 65 41 30 63 21 69 41 45 9 37 25 39 37 61 40 39 41 36 45 58 31 31 63 56 45 33 30 46 33 57 30 50 26 6 32 33 24 30 48 66 44 64 39 56 33 45 30 30 29 19 68 44 37 44 38 50 42 43 0 31 22 25 44 58 37 37 35 37 22 50 45 26 57 59 46 32 41 43 37 75 47 34 22 18 64 55 59 73 92 47 35 40 59 82 35 14 25 50 76 34 11 23 49 76 44 31 37 57 81
34 12 3 12 65 67 59 68 43 58 26 27 14 40 33 38 61 16 12 41 35 64 35 24 39 29 50 34 26 58 19 9 16 9 27 32 9 3 60 54 54 9 44 42 27 48 26 41 8 27 31 7 25 26 24 63 39 60 46 66 17 21 10 39 33 38 62 16 6 22 21 25 35 18 31 0 42 14 34 57 23 7 14 8 27 22 18 20 55 54 52 20 50 68 26 67 34 30 12 21 44 27 30 50 75 37 11 18 44 71 41 21 25 48 73 54 41 43 59 81 71 61 63 74 92
21 48 43 32 51 53 46 55 19 36 17 62 46 18 34 5 51 45 46 61 10 54 32 46 25 31 9 30 33 46 42 51 45 50 44 61 46 41 47 42 25 47 11 34 28 47 26 41 41 20 24 47 21 25 50 51 33 49 22 36 51 48 46 16 19 5 54 50 47 46 37 52 34 47 22 42 0 31 37 42 35 49 39 50 18 54 49 27 42 45 28 50 22 26 33 62 40 27 31 22 82 69 64 70 84 67 50 43 51 70 56 33 22 36 60 52 25 3 29 56 56 33 21 36 59
21 24 15 3 54 55 47 57 29 45 14 33 24 26 22 26 50 16 23 39 22 54 23 20 34 17 39 22 15 46 15 22 16 23 21 34 20 12 48 42 40 22 31 30 14 38 13 31 17 20 18 20 12 13 23 52 27 49 32 52 28 20 21 25 19 26 51 20 17 19 13 25 23 19 25 14 31 0 24 45 14 20 10 21 14 25 20 7 43 43 39 30 37 56 16 57 25 17 6 10 58 39 35 48 70 48 24 15 37 62 47 22 12 35 62 55 36 31 45 68 69 55 51 61 79
17 45 36 26 33 34 26 35 23 29 28 34 46 22 4 35 28 22 45 25 29 31 7 16 52 8 46 8 9 25 17 38 22 42 12 29 42 31 27 21 30 42 31 11 12 15 14 7 39 39 14 40 21 15 20 30 9 27 23 40 50 21 42 23 19 34 29 27 33 18 13 22 5 22 44 34 37 24 0 25 11 38 20 39 23 28 25 19 23 21 26 52 29 58 9 34 4 11 29 28 76 53 35 33 49 70 44 19 15 39 70 44 20 16 40 77 54 36 34 50 88 68 56 54 65
27 67 59 47 10 12 5 14 24 10 42 57 68 26 24 42 10 46 67 42 38 13 22 40 64 29 48 23 32 5 41 62 46 65 36 51 64 54 6 4 20 65 32 15 31 17 32 19 61 53 28 63 37 32 44 9 18 8 21 22 72 45 65 28 30 41 13 51 56 42 37 45 23 46 58 57 42 45 25 0 34 62 44 63 37 51 49 39 2 7 15 74 22 53 31 22 26 28 49 45 100 77 57 46 48 92 67 43 26 30 89 63 36 10 19 91 65 40 20 26 97 74 53 40 43
17 35 25 16 43 44 36 45 26 37 22 29 36 24 10 32 38 14 35 27 26 41 13 11 45 7 44 12 3 35 8 28 14 32 9 26 31 21 37 31 35 32 31 20 8 25 10 18 29 32 13 30 15 11 16 40 17 37 28 46 40 15 32 24 18 31 39 19 23 12 3 17 12 15 37 23 35 14 11 34 0 28 10 29 18 21 18 11 33 31 32 42 33 59 4 44 12 10 19 20 66 44 30 36 56 60 34 10 23 49 61 35 14 25 50 68 47 34 40 59 81 64 55 59 73
41 10 7 19 70 72 64 73 49 64 32 25 14 46 38 44 65 19 12 42 41 69 40 26 44 34 56 39 31 63 23 3 18 5 30 31 8 9 65 59 60 7 50 47 32 52 32 45 11 33 37 5 31 33 25 68 44 65 52 72 15 22 9 45 39 45 66 16 6 24 26 26 40 20 37 7 49 20 38 62 28 0 19 2 34 21 19 26 61 59 58 19 57 74 31 71 38 35 19 27 39 20 28 51 76 34 8 21 47 74 41 25 31 53 78 56 46 49 65 86 74 67 69 81 98
25 26 17 11 52 54 46 55 34 46 23 23 27 31 20 35 47 7 26 29 30 51 22 11 44 16 48 22 13 45 6 19 6 22 13 24 22 12 47 40 44 23 37 29 16 34 16 27 21 30 21 21 19 17 13 50 26 47 36 55 31 10 23 31 24 35 48 12 13 10 8 15 22 9 35 14 39 10 20 44 10 19 0 19 22 16 11 13 42 41 41 34 41 64 13 53 21 19 14 19 57 35 25 39 62 51 24 5 30 57 54 30 18 35 59 64 46 39 49 68 79 64 60 66 82
42 10 8 20 71 73 65 73 50 65 34 25 14 47 39 45 66 19 12 42 42 70 41 27 45 35 57 40 32 64 23 3 19 5 31 31 8 10 66 59 61 8 51 48 33 53 33 46 12 34 38 6 32 34 26 69 45 66 53 73 15 22 10 46 40 46 67 16 7 25 27 26 41 20 37 8 50 21 39 63 29 2 19 0 35 21 19 27 61 60 59 19 58 75 32 71 39 36 20 28 38 19 28 51 77 33 7 21 48 75 41 26 32 54 78 57 47 50 66 87 75 67 70 82 99
11 36 28 16 46 48 40 50 17 35 6 44 34 14 19 14 44 28 35 45 9 48 19 28 30 16 27 17 17 40 24 35 27 36 27 43 33 26 41 35 28 34 17 24 12 36 9 28 29 17 10 33 4 8 32 45 22 43 20 40 40 31 33 12 7 14 46 33 31 29 20 34 20 30 22 27 18 14 23 37 18 34 22 35 0 37 32 10 36 37 28 40 24 43 17 54 26 12 16 9 70 53 46 54 71 59 36 25 38 60 53 27 4 28 55 56 31 18 33 57 65 47 38 47 67
38 31 24 25 58 60 52 60 47 56 38 8 34 44 29 50 52 9 32 22 45 55 32 12 58 28 63 33 24 51 14 19 10 25 16 11 28 20 53 48 56 28 52 38 29 38 30 32 30 45 34 26 33 31 8 55 36 52 48 66 36 7 30 44 38 50 52 6 16 10 19 7 31 8 50 22 54 25 28 51 21 21 16 21 37 0 5 28 50 47 53 39 54 79 24 55 26 31 28 34 53 28 10 30 56 54 28 12 31 56 62 42 33 43 64 75 60 54 60 77 92 79 75 79 92
34 28 20 21 56 58 50 58 43 53 34 13 31 40 26 45 51 5 29 24 41 54 29 10 53 24 58 29 20 49 10 17 5 23 14 15 25 16 51 45 52 25 47 35 25 36 26 30 26 40 30 23 29 27 7 54 33 51 45 63 33 4 26 40 34 45 51 3 13 7 15 8 28 3 45 18 49 20 25 49 18 19 11 19 32 5 0 23 48 45 49 36 50 74 21 54 24 27 23 29 53 29 15 33 58 52 26 8 30 57 59 37 28 41 63 71 55 49 57 74 87 74 70 76 89
15 30 22 9 48 50 41 51 23 39 12 35 30 20 17 23 44 19 29 38 18 48 18 20 35 12 35 16 11 41 16 27 18 29 20 35 27 18 42 36 34 28 25 24 9 33 7 26 23 21 11 26 6 7 24 46 21 43 26 46 34 22 27 19 13 23 46 24 22 20 12 26 18 21 26 20 27 7 19 39 11 26 13 27 10 28 23 0 37 37 33 36 31 52 11 52 21 11 11 9 64 45 37 47 67 54 30 16 33 58 52 26 6 30 56 58 36 27 39 62 70 54 47 55 73
26 66 57 46 11 13 5 14 23 11 41 56 66 25 23 42 10 45 66 41 37 13 21 39 63 27 48 22 30 5 39 61 45 64 34 49 63 53 6 3 20 64 32 14 30 16 31 18 60 52 27 62 36 31 42 10 17 8 20 22 71 44 64 27 29 41 13 50 55 41 35 44 21 45 57 55 42 43 23 2 33 61 42 61 36 50 48 37 0 6 15 73 22 53 30 22 24 27 48 44 99 76 56 45 48 91 66 42 24 30 88 62 35 8 20 90 64 40 21 27 97 73 53 41 44
27 65 56 45 12 13 5 14 26 16 42 52 66 28 22 44 7 42 65 36 39 11 20 36 65 26 51 22 29 4 37 59 43 63 31 45 62 52 6 4 25 63 35 14 29 11 31 15 59 54 28 61 36 31 39 9 17 6 24 27 70 41 63 30 30 43 10 48 53 38 34 41 20 42 59 54 45 43 21 7 31 59 41 60 37 47 45 37 6 0 19 72 26 58 29 18 22 27 48 44 97 73 52 40 43 90 65 40 20 26 89 62 35 9 19 92 67 43 26 31 100 77 57 46 48
18 62 54 41 23 25 19 27 12 8 32 59 61 15 24 30 24 45 61 49 26 27 21 41 52 26 34 20 29 19 40 59 45 61 37 55 59 50 20 16 6 60 18 16 26 26 26 24 55 42 22 58 29 26 46 23 18 22 8 15 66 46 59 17 21 29 28 51 53 43 35 47 22 46 46 52 28 39 26 15 32 58 41 59 28 53 49 33 15 19 0 67 8 39 29 36 28 23 42 36 96 76 60 55 62 86 62 42 34 44 80 53 28 13 32 79 53 26 9 30 84 60 39 29 41
50 9 18 28 83 85 77 86 57 74 37 43 7 54 51 46 79 36 8 60 45 83 53 43 37 46 56 51 44 76 39 21 35 14 46 49 12 23 78 71 68 12 55 60 44 67 43 59 13 31 47 14 39 42 43 81 57 78 60 80 4 40 11 52 47 47 80 34 24 41 41 44 53 37 32 20 50 30 52 74 42 19 34 19 40 39 36 36 73 72 67 0 64 74 44 86 53 46 26 32 33 29 46 69 94 19 12 37 64 90 23 18 40 65 91 41 38 52 73 97 61 59 68 85 106
17 59 52 39 31 32 26 34 8 15 28 61 58 11 26 23 31 46 58 53 21 34 23 43 45 27 27 22 30 27 41 58 46 59 39 57 56 48 27 23 4 58 12 20 26 32 25 29 52 37 21 56 26 25 47 30 21 30 6 17 63 47 57 13 18 22 35 52 52 44 36 49 25 47 41 50 22 37 29 22 33 57 41 58 24 54 50 31 22 26 8 64 0 32 30 43 31 23 40 33 94 75 62 59 68 82 60 43 39 51 75 49 26 19 39 73 46 20 9 35 77 52 32 26 43
42 73 68 57 59 60 57 63 36 43 42 86 70 37 55 31 62 70 71 83 34 64 52 70 41 54 19 50 56 57 66 76 70 75 67 85 71 66 58 54 33 72 28 51 51 64 49 60 66 43 46 72 46 48 74 60 52 60 36 36 75 72 70 36 41 30 65 75 72 70 61 76 54 72 43 68 26 56 58 53 59 74 64 75 43 79 74 52 53 58 39 74 32 0 56 74 61 49 56 48 106 94 88 90 100 90 75 67 70 82 75 56 46 51 67 64 41 26 33 55 59 32 7 23 49
15 37 28 18 40 41 33 42 23 34 21 32 38 21 7 30 35 17 37 28 25 39 10 14 45 4 42 9 1 32 12 31 17 35 11 29 34 23 34 28 32 35 29 16 6 23 8 15 32 32 11 33 14 9 18 38 13 35 25 43 42 18 35 21 16 30 36 22 26 15 6 20 9 18 37 26 33 16 9 31 4 31 13 32 17 24 21 11 30 29 29 44 30 56 0 42 10 8 21 20 69 47 33 37 56 62 36 14 22 47 62 36 13 22 47 69 47 33 37 56 81 63 53 56 69
44 78 69 59 16 16 18 14 44 31 59 58 79 45 36 62 13 53 78 37 57 11 36 45 83 41 69 38 43 17 48 70 53 75 41 50 75 64 17 21 41 75 52 30 45 20 46 27 73 70 44 73 53 47 47 15 32 15 41 41 83 50 76 47 47 61 9 57 65 48 46 48 35 52 75 67 62 57 34 22 44 71 53 71 54 55 54 52 22 18 36 86 43 74 42 0 33 43 62 60 107 82 57 36 29 103 77 50 24 9 104 78 52 27 14 109 84 60 41 35 117 94 74 60 55
20 46 36 27 33 35 26 35 26 31 30 32 47 25 7 38 28 21 46 22 32 31 10 15 55 10 49 11 11 26 16 38 22 42 10 27 42 32 27 22 33 43 34 13 14 14 17 7 41 41 17 41 23 18 19 30 11 27 26 42 51 20 43 26 22 37 28 27 33 17 13 20 8 21 47 34 40 25 4 26 12 38 21 39 26 26 24 21 24 22 28 53 31 61 10 33 0 14 30 30 76 52 33 30 46 71 44 19 13 38 72 46 22 18 40 79 56 39 37 51 90 71 59 57 67
8 40 31 19 38 39 31 41 16 29 17 39 40 14 8 24 34 23 39 35 18 38 8 21 41 5 36 6 8 30 18 36 23 38 18 36 37 27 32 26 26 38 22 14 3 24 4 17 33 28 4 36 10 5 25 36 11 33 18 37 45 25 37 14 9 24 36 29 30 22 13 27 9 24 34 30 27 17 11 28 10 35 19 36 12 31 27 11 27 27 23 46 23 49 8 43 14 0 21 18 73 53 40 43 60 65 40 20 26 49 62 36 9 19 46 67 43 26 31 52 77 58 46 49 64
24 20 13 4 58 60 52 61 32 49 14 35 19 29 27 26 54 20 19 43 23 58 28 25 30 22 38 26 20 51 19 21 19 20 26 37 17 11 53 46 43 19 32 34 19 43 17 35 13 17 21 17 14 17 27 56 32 54 35 55 24 24 18 28 22 26 56 23 17 23 18 29 28 22 22 12 31 6 29 49 19 19 14 20 16 28 23 11 48 48 42 26 40 56 21 62 30 21 0 9 55 39 38 53 75 44 21 19 42 67 42 17 14 40 66 50 32 31 48 72 65 52 51 63 82
19 27 21 10 54 56 48 58 25 43 6 42 26 22 25 18 51 26 26 46 15 55 25 28 26 20 30 23 20 47 23 29 25 28 28 43 25 19 49 43 36 26 25 31 16 42 14 34 20 12 17 25 9 14 32 53 29 50 29 49 31 29 25 21 16 18 53 30 25 28 21 33 26 28 18 21 22 10 28 45 20 27 19 28 9 34 29 9 44 44 36 32 33 48 20 60 30 18 9 0 62 47 44 56 76 50 29 24 42 66 45 18 9 36 63 49 28 23 41 66 61 46 43 55 75
78 35 43 56 108 110 102 110 86 102 68 52 37 83 76 78 103 55 37 74 76 107 78 62 68 72 88 78 69 101 60 39 55 36 67 61 38 47 103 97 97 37 86 85 71 89 70 82 42 64 75 38 68 70 60 106 82 103 89 109 32 57 38 82 76 78 103 51 44 60 64 60 78 56 64 44 82 58 76 100 66 39 57 38 70 53 53 64 99 97 96 33 94 106 69 107 76 73 55 62 0 27 54 81 107 22 35 58 83 109 43 51 69 91 115 64 70 83 102 124 86 89 100 117 136
59 24 26 38 84 86 78 86 67 80 52 25 29 65 54 64 79 31 27 47 61 82 56 38 62 50 76 56 47 77 37 18 31 20 42 34 25 28 79 73 78 23 70 63 50 64 50 59 30 53 55 23 50 51 35 82 60 79 70 90 26 33 26 64 58 64 79 26 23 36 41 34 55 31 55 27 69 39 53 77 44 20 35 19 53 28 29 45 76 73 76 29 75 94 47 82 52 53 39 47 27 0 27 54 81 35 22 34 58 83 51 43 50 68 91 70 64 69 83 102 89 85 89 100 116
47 37 32 35 63 65 57 64 55 63 48 3 41 53 37 60 57 19 39 21 55 60 40 20 67 36 72 41 33 56 23 25 20 32 24 8 35 29 58 53 64 35 61 45 38 42 39 38 38 54 43 33 43 40 15 60 43 57 57 74 42 16 37 53 47 59 56 15 24 19 28 14 39 17 59 30 64 35 35 57 30 28 25 28 46 10 15 37 56 52 60 46 62 88 33 57 33 40 38 44 54 27 0 27 54 58 34 21 34 58 69 50 42 50 68 83 69 63 68 82 100 89 84 88 99
49 60 52 49 47 49 44 47 55 54 58 29 63 54 37 67 41 35 62 10 61 43 39 29 81 39 78 41 38 43 34 49 35 55 28 21 57 48 44 42 60 57 63 40 42 30 45 31 58 67 46 55 51 46 27 45 39 42 55 66 65 30 59 55 51 66 39 35 46 30 36 26 37 33 73 50 70 48 33 46 36 51 39 51 54 30 33 47 45 40 55 69 59 90 37 36 30 43 53 56 81 54 27 0 27 83 58 34 21 34 91 68 50 42 50 102 83 68 63 68 117 100 88 83 87
64 85 77 71 44 45 44 42 66 58 76 56 88 67 52 82 40 59 86 35 77 39 53 52 101 56 92 55 56 44 57 75 59 81 49 47 82 72 44 46 67 82 75 51 60 38 63 44 82 87 62 80 69 64 51 42 52 41 65 68 91 55 84 69 67 82 36 61 71 54 57 51 52 57 92 75 84 70 49 48 56 76 62 77 71 56 58 67 48 43 62 94 68 100 56 29 46 60 75 76 107 81 54 27 0 109 83 58 34 21 115 91 68 50 42 124 102 82 68 62 136 116 99 87 83
68 26 35 46 101 103 95 104 75 92 55 55 25 72 69 63 97 52 26 75 63 101 71 59 50 65 72 70 62 94 56 35 51 30 63 63 29 40 96 90 86 28 73 78 62 84 61 77 32 48 65 31 57 61 59 99 75 96 78 98 21 55 28 70 65 64 98 49 40 57 58 59 71 53 47 37 67 48 70 92 60 34 51 33 59 54 52 54 91 90 86 19 82 90 62 103 71 65 44 50 22 35 58 83 109 0 27 54 81 107 22 35 58 83 109 43 51 69 91 115 64 70 83 102 124
44 4 9 22 76 77 69 78 52 68 34 32 8 49 43 45 71 25 6 49 43 75 45 33 41 39 56 44 36 68 29 10 25 3 36 38 4 13 70 64 63 3 52 52 37 58 36 51 9 32 41 4 34 36 32 74 49 70 55 75 8 29 5 48 42 45 72 23 13 31 32 33 45 27 35 11 50 24 44 67 34 8 24 7 36 28 26 30 66 65 62 12 60 75 36 77 44 40 21 29 35 22 34 58 83 27 0 27 54 81 35 22 34 58 83 51 43 50 68 91 70 64 69 83 102
27 29 20 16 51 53 44 53 35 47 27 20 31 33 20 39 46 4 30 25 34 49 22 7 49 17 51 22 13 43 3 20 4 25 10 19 26 15 45 40 45 26 40 29 17 32 19 25 25 35 23 24 22 20 9 48 26 45 37 56 34 6 27 33 27 39 46 9 15 5 8 10 21 5 40 18 43 15 19 43 10 21 5 21 25 12 8 16 42 40 42 37 43 67 14 50 19 20 19 24 58 34 21 34 58 54 27 0 27 54 58 34 21 34 58 69 50 42 50 68 83 69 63 68 82
31 55 46 39 30 31 24 30 35 34 43 35 57 35 19 49 23 29 56 17 44 26 20 22 67 23 60 22 23 23 25 46 30 52 18 27 52 42 25 22 39 53 44 20 26 9 29 11 51 53 29 51 35 30 24 27 19 24 34 46 61 26 53 36 33 49 22 33 41 24 24 24 18 28 59 44 51 37 15 26 23 47 30 48 38 31 30 33 24 20 34 64 39 70 22 24 13 26 42 42 83 58 34 21 34 81 54 27 0 27 83 58 34 21 34 91 68 50 42 50 102 83 68 63 68
51 82 73 64 25 24 26 22 52 40 66 59 84 53 42 69 21 56 83 37 64 19 42 48 89 47 77 44 48 26 52 73 56 78 45 50 79 68 25 29 50 79 60 37 50 25 52 33 78 77 51 77 59 53 50 23 39 23 49 49 87 53 80 55 54 68 17 59 68 51 50 50 41 55 82 71 70 62 39 30 49 74 57 75 60 56 57 58 30 26 44 90 51 82 47 9 38 49 67 66 109 83 58 34 21 107 81 54 27 0 109 83 58 34 21 115 91 68 50 42 124 102 82 68 62
63 32 39 45 99 100 92 102 68 87 48 66 28 65 68 53 96 57 30 82 54 99 69 64 34 64 58 67 62 92 59 44 56 37 66 72 34 43 94 87 79 35 64 75 60 85 58 77 33 38 62 37 53 58 65 97 73 95 72 90 27 61 33 63 60 54 98 56 46 62 60 66 70 59 35 41 56 47 70 89 61 41 54 41 53 62 59 52 88 89 80 23 75 75 62 104 72 62 42 45 43 51 69 91 115 22 35 58 83 109 0 27 54 81 107 22 35 58 83 109 43 51 69 91 115
37 19 20 20 72 74 66 75 42 61 22 48 15 39 42 29 69 35 17 59 29 73 43 40 20 37 38 41 36 65 35 28 34 23 42 51 18 22 67 60 53 20 39 49 34 59 32 51 14 14 35 21 26 31 42 71 46 68 46 65 20 39 17 37 34 30 71 36 27 39 35 43 43 37 14 21 33 22 44 63 35 25 30 26 27 42 37 26 62 62 53 18 49 56 36 78 46 36 17 18 51 43 50 68 91 35 22 34 58 83 27 0 27 54 81 35 22 34 58 83 51 43 50 68 91
11 34 26 13 46 47 39 49 18 35 9 40 33 15 17 18 42 24 33 41 13 46 16 25 33 12 31 14 13 39 20 33 24 34 23 39 31 23 40 34 29 32 20 22 8 33 6 26 27 20 8 31 2 5 28 44 20 41 21 41 38 27 31 14 8 18 44 29 28 25 16 30 18 26 25 25 22 12 20 36 14 31 18 32 4 33 28 6 35 35 28 40 26 46 13 52 22 9 14 9 69 50 42 50 68 58 34 21 34 58 54 27 0 27 54 58 34 21 34 58 69 50 42 50 68
18 58 49 38 19 21 12 22 18 14 34 49 59 19 15 36 16 37 58 37 31 20 13 32 57 19 43 14 23 12 32 53 38 56 27 44 55 45 13 7 19 56 27 6 22 13 23 12 52 45 20 54 28 23 36 17 9 15 16 25 63 37 56 21 22 35 19 43 47 34 28 37 14 38 50 48 36 35 16 10 25 53 35 54 28 43 41 30 8 9 13 65 19 51 22 27 18 19 40 36 91 68 50 42 50 83 58 34 21 34 81 54 27 0 27 83 58 34 21 34 91 68 50 42 50
45 84 75 64 9 8 15 6 42 25 60 68 85 44 41 60 13 60 84 49 56 9 39 54 82 45 65 41 48 16 56 77 61 81 49 61 81 70 14 21 36 82 50 32 48 27 50 33 78 71 46 80 55 50 57 10 35 13 38 32 89 59 82 46 48 59 13 65 72 56 52 57 39 60 76 73 60 62 40 19 50 78 59 78 55 64 63 56 20 19 32 91 39 67 47 14 40 46 66 63 115 91 68 50 42 109 83 58 34 21 107 81 54 27 0 109 83 58 34 21 115 91 68 50 42
65 48 52 54 101 102 95 104 68 86 50 81 43 66 74 50 99 69 45 93 54 102 74 74 28 69 51 72 69 94 69 59 68 53 76 85 49 56 96 90 77 50 62 79 65 90 63 83 46 39 65 51 57 62 76 100 77 97 72 87 45 73 48 63 62 51 101 70 60 73 68 77 75 71 34 54 52 55 77 91 68 56 64 57 56 75 71 58 90 92 79 41 73 64 69 109 79 67 50 49 64 70 83 102 124 43 51 69 91 115 22 35 58 83 109 0 27 54 81 107 22 35 58 83 109
40 40 40 35 75 76 69 78 42 60 26 66 36 40 50 23 73 51 38 73 28 77 50 55 2 46 25 48 47 69 50 48 51 44 55 69 40 41 70 64 50 41 35 54 42 66 40 59 35 16 41 42 33 39 58 74 52 72 45 61 40 55 39 37 37 24 76 54 46 55 48 60 51 54 11 41 25 36 54 65 47 46 46 47 31 60 55 36 64 67 53 38 46 41 47 84 56 43 32 28 70 64 69 83 102 51 43 50 68 91 35 22 34 58 83 27 0 27 54 81 35 22 34 58 83
20 49 43 32 49 51 44 53 17 34 17 61 46 16 32 6 49 45 47 60 9 52 30 45 27 30 10 28 32 44 41 51 44 50 43 60 47 41 45 40 23 48 9 32 27 45 25 40 42 21 23 47 21 24 49 49 31 47 20 34 52 48 46 14 18 5 52 50 47 45 37 51 32 47 23 43 3 31 36 40 34 49 39 50 18 54 49 27 40 43 26 52 20 26 33 60 39 26 31 23 83 69 63 68 82 69 50 42 50 68 58 34 21 34 58 54 27 0 27 54 58 34 21 34 58
25 68 60 47 27 27 24 30 17 11 37 67 67 20 32 32 29 53 67 57 29 31 29 49 53 34 33 28 37 25 48 66 53 67 45 63 65 56 25 23 6 66 20 24 34 34 33 33 61 46 29 65 35 33 54 27 26 27 14 8 72 54 65 21 27 30 33 59 60 51 43 55 30 54 49 59 29 45 34 20 40 65 49 66 33 60 57 39 21 26 9 73 9 33 37 41 37 31 48 41 102 83 68 63 68 91 68 50 42 50 83 58 34 21 34 81 54 27 0 27 83 58 34 21 34
48 91 82 70 21 20 26 22 41 23 62 82 91 44 49 58 27 71 90 66 55 26 47 65 80 53 59 47 56 27 66 86 71 89 61 76 88 78 25 30 31 89 46 40 54 41 55 45 84 72 51 87 58 55 69 24 43 27 38 21 95 70 88 46 50 57 30 77 81 67 61 70 47 71 76 81 56 68 50 26 59 86 68 87 57 77 74 62 27 31 30 97 35 55 56 35 51 52 72 66 124 102 82 68 62 115 91 68 50 42 109 83 58 34 21 107 81 54 27 0 109 83 58 34 21
74 66 70 68 107 108 102 110 74 91 60 98 62 72 84 56 106 84 64 107 61 109 84 89 36 80 51 82 81 101 83 77 83 72 89 101 67 72 102 97 80 68 66 88 76 100 74 93 64 50 75 70 67 73 91 106 86 104 77 89 64 88 66 70 71 57 109 86 77 88 81 93 85 86 44 71 56 69 88 97 81 74 79 75 65 92 87 70 97 100 84 61 77 59 81 117 90 77 65 61 86 89 100 117 136 64 70 83 102 124 43 51 69 91 115 22 35 58 83 109 0 27 54 81 107
53 61 61 54 82 84 78 86 51 66 43 86 57 50 65 34 83 71 59 91 40 86 63 73 23 62 26 61 63 78 68 69 70 65 73 88 61 61 79 74 55 62 42 66 58 79 55 73 56 35 55 63 49 54 77 82 65 81 54 63 61 74 60 48 50 35 86 74 67 73 65 79 65 73 31 61 33 55 68 74 64 67 64 67 47 79 74 54 73 77 60 59 52 32 63 94 71 58 52 46 89 85 89 100 116 70 64 69 83 102 51 43 50 68 91 35 22 34 58 83 27 0 27 54 81
39 67 63 52 60 61 57 64 34 44 38 82 64 34 52 26 62 66 65 80 30 65 50 66 35 51 13 48 53 57 62 71 65 69 63 81 65 61 58 54 33 67 25 49 48 62 46 58 60 37 43 66 42 45 70 61 50 60 35 38 69 69 65 33 38 25 65 71 67 66 57 72 52 68 37 63 21 51 56 53 55 69 60 70 38 75 70 47 53 57 39 68 32 7 53 74 59 46 51 43 100 89 84 88 99 83 69 63 68 82 69 50 42 50 68 58 34 21 34 58 54 27 0 27 54
42 82 75 63 44 44 43 47 33 30 50 87 80 36 51 40 48 71 80 78 41 49 48 69 58 52 34 48 56 44 67 82 71 83 65 83 79 72 44 43 24 81 31 44 51 54 50 53 75 55 46 80 50 50 73 45 46 46 32 19 85 73 79 36 43 39 51 77 77 70 61 75 50 73 57 74 36 61 54 40 59 81 66 82 47 79 76 55 41 46 29 85 26 23 56 60 57 49 63 55 117 100 88 83 87 102 83 68 63 68 91 68 50 42 50 83 58 34 21 34 81 54 27 0 27
58 102 94 81 40 40 44 42 50 36 70 99 100 53 63 63 47 86 101 84 62 46 61 81 83 66 59 61 70 45 80 99 86 101 76 93 99 90 44 47 39 100 52 54 67 59 67 61 95 78 62 99 68 66 85 43 57 46 47 27 106 86 99 55 60 62 49 91 94 83 75 86 62 86 81 92 59 79 65 43 73 98 82 99 67 92 89 73 44 48 41 106 43 49 69 55 67 64 82 75 136 116 99 87 83 124 102 82 68 62 115 91 68 50 42 109 83 58 34 21 107 81 54 27 0
