0 84 33 46 20 82 56 29 67 48 36 40 28 47 34 60 91 93 16 53 22 49 102 38 74 22 80 38 82 12 32 93 35 82 75 74 33 81 44 25 52 70 69 75 73 42 83 66 42 53 9 64 18 68 29 75 35 47 66 43 69 32 37 95 42 61 90 60 17 8 10 49 97 37 56 40 56 43 78 15 42 90 40 90 75 47 41 62 40 21 48 67 79 71 67 50 88 65 50 53 36 36 52 75 99 18 18 42 68 94 17 17 41 68 94 34 34 51 74 98 54 54 66 84 107
84 0 56 39 77 3 29 56 24 46 49 49 67 38 66 60 18 14 75 31 71 48 20 64 12 70 21 49 22 83 58 18 53 8 12 18 52 7 41 64 39 15 18 10 13 52 15 19 43 47 85 28 74 17 70 10 50 60 21 48 17 58 55 16 46 53 12 26 74 77 86 41 16 60 33 47 30 47 14 80 44 21 49 13 10 40 44 26 45 70 38 24 17 14 19 35 12 20 35 50 108 85 64 50 49 100 75 51 32 29 96 70 43 17 13 97 71 45 22 19 103 78 56 39 37
33 56 0 19 22 53 32 17 35 36 10 7 34 25 13 32 60 62 21 27 16 40 72 41 45 15 48 8 50 28 28 62 27 55 48 43 8 54 20 10 19 43 44 46 43 10 51 37 23 20 31 44 19 42 38 46 9 20 36 10 42 3 31 64 11 31 59 35 19 26 32 34 67 36 24 9 26 10 48 25 13 58 28 60 47 29 15 39 21 15 19 46 47 42 37 22 57 37 27 22 53 32 27 43 67 46 20 9 35 62 49 26 19 39 64 60 43 39 52 72 75 62 60 68 85
46 39 19 0 40 36 13 19 23 24 11 15 34 9 32 40 46 47 37 8 34 27 56 36 28 32 36 11 39 45 25 48 21 37 30 29 14 36 5 27 14 25 26 29 27 21 38 20 11 24 46 26 37 24 38 30 12 32 20 16 24 21 25 49 11 36 44 16 36 39 48 20 51 31 14 11 11 13 33 42 7 46 19 45 29 14 6 21 10 32 4 27 34 26 21 5 43 19 9 27 71 51 39 44 61 62 37 19 28 51 59 33 7 22 49 64 41 26 33 54 75 56 46 50 66
20 77 22 40 0 75 52 29 57 51 29 29 38 44 16 42 81 84 6 48 7 53 93 48 66 8 69 29 71 9 38 83 39 77 69 64 26 76 39 14 40 64 65 68 65 28 73 58 41 38 13 63 5 63 40 68 29 30 57 31 64 20 42 85 32 44 81 55 6 14 13 50 88 45 46 31 47 32 69 6 34 79 42 81 69 47 35 59 38 8 40 65 69 64 59 43 79 58 46 37 31 18 34 58 84 26 4 29 55 82 36 25 38 60 86 53 46 54 72 94 72 67 73 86 105
82 3 53 36 75 0 27 54 22 45 47 47 65 36 64 58 18 15 73 29 69 46 22 62 9 67 20 46 21 80 56 18 51 8 10 16 50 7 39 62 37 13 16 8 11 50 15 17 41 45 82 26 72 14 68 7 48 58 19 46 15 56 53 17 43 51 13 23 71 75 84 40 17 58 30 45 28 44 12 78 42 21 47 14 8 38 42 25 43 68 35 23 16 12 17 32 13 17 33 48 105 82 62 49 49 98 72 48 30 29 94 68 41 15 15 95 69 44 21 21 101 77 55 39 39
56 29 32 13 52 27 0 27 23 20 23 27 39 10 44 49 41 40 49 5 46 23 48 37 20 44 33 24 36 56 29 42 25 26 19 25 26 26 13 39 22 14 14 21 20 32 33 13 14 33 57 14 48 13 42 22 24 43 16 28 13 34 27 42 23 44 37 4 47 49 59 15 44 33 18 23 13 25 28 54 19 41 21 38 20 12 17 8 16 44 14 15 30 19 15 11 36 11 7 37 83 63 50 50 62 73 49 30 30 48 68 41 15 15 41 69 43 21 20 43 77 55 39 39 54
29 56 17 19 29 54 27 0 42 23 12 20 18 18 28 48 65 66 24 25 24 25 74 24 46 22 55 15 57 31 12 66 11 53 46 48 11 53 15 18 28 41 41 47 45 26 56 38 14 34 31 36 24 40 22 48 11 36 39 24 40 18 15 67 20 46 62 31 23 23 33 22 69 20 31 18 29 21 51 29 16 64 14 63 46 19 14 33 12 21 22 39 53 44 39 23 61 37 21 37 59 44 44 57 78 46 25 24 45 69 41 15 13 40 67 47 27 26 45 70 60 46 45 58 79
67 24 35 23 57 22 23 42 0 42 32 29 57 29 44 36 25 28 56 20 51 45 37 58 14 50 14 30 16 63 48 27 44 27 23 8 35 26 28 45 17 19 24 16 13 30 16 12 33 23 66 32 54 19 60 16 33 36 8 27 20 38 47 29 26 30 25 21 54 60 67 37 32 53 12 28 14 26 13 60 26 23 41 25 20 33 28 27 33 50 20 30 12 12 11 19 23 14 26 27 86 62 40 30 40 81 55 29 9 28 82 55 30 12 30 87 63 43 33 42 97 76 61 54 60
48 46 36 24 51 45 20 23 42 0 27 35 23 16 49 63 60 59 46 23 46 4 66 18 39 44 53 30 56 52 16 61 13 41 35 45 29 41 20 39 37 32 29 40 39 42 52 33 14 47 52 20 46 31 25 40 28 54 36 38 31 38 12 61 33 59 56 23 45 43 53 6 61 15 36 32 31 35 48 51 27 61 9 57 37 10 24 21 16 43 28 24 50 39 35 26 55 31 18 50 80 66 61 67 82 65 47 40 49 68 55 31 19 35 59 52 25 4 29 56 57 35 24 37 60
36 49 10 11 29 47 23 12 32 27 0 9 30 16 23 38 55 57 27 19 23 31 66 34 38 22 45 4 47 34 22 58 20 48 41 38 4 47 11 16 17 35 36 40 37 16 47 30 14 23 36 35 26 34 33 40 2 27 30 13 35 12 24 59 9 35 54 27 25 29 37 25 61 30 21 6 20 10 43 32 6 55 20 55 40 20 6 31 12 22 12 37 43 36 31 15 52 30 18 26 60 41 34 46 67 51 26 14 34 59 50 25 10 32 59 58 38 30 43 65 71 56 51 59 76
40 49 7 15 29 47 27 20 29 35 9 0 38 22 18 29 53 56 28 22 23 39 65 43 38 22 41 6 43 35 30 55 28 49 42 36 10 48 17 17 12 37 39 40 37 7 44 30 22 15 38 40 26 36 41 40 10 19 29 4 37 10 33 57 4 27 52 30 26 32 39 32 60 38 18 4 19 3 41 32 9 51 28 53 41 27 12 35 20 22 13 41 40 35 31 16 50 31 23 17 59 37 26 38 60 53 27 5 28 55 56 31 17 33 57 65 46 38 47 66 79 64 59 65 80
28 67 34 34 38 65 39 18 57 23 30 38 0 30 44 65 78 78 33 38 36 24 86 10 58 34 70 33 72 36 10 80 14 63 56 62 28 62 30 32 46 52 50 59 58 43 70 51 25 52 35 42 34 51 4 60 29 53 53 42 51 34 12 80 38 64 75 42 32 26 36 27 82 10 47 35 44 39 65 36 33 79 18 76 57 27 30 42 25 33 38 46 67 57 52 38 74 49 33 54 63 56 60 75 95 46 35 42 61 85 33 14 28 53 79 31 9 26 52 78 42 30 38 59 83
47 38 25 9 44 36 10 18 29 16 16 22 30 0 38 49 49 49 41 9 38 19 57 30 29 37 41 18 43 48 20 51 16 35 28 33 19 35 6 31 22 24 23 30 28 29 41 22 5 32 49 20 40 22 33 31 17 40 24 25 23 27 19 51 19 45 46 13 39 41 50 11 52 25 21 19 16 21 36 46 14 49 13 47 29 6 11 16 7 36 13 22 38 27 23 11 45 20 4 36 75 57 47 52 68 64 41 27 34 56 59 32 7 23 50 61 36 17 28 52 69 49 38 43 62
34 66 13 32 16 64 44 28 44 49 23 18 44 38 0 27 67 71 18 39 12 52 81 52 55 13 55 21 57 24 39 70 39 66 60 51 21 65 33 12 28 54 56 56 53 14 59 47 36 23 28 57 16 53 47 57 22 14 46 18 54 12 43 72 21 29 68 47 17 27 28 47 75 47 34 21 36 20 56 21 26 65 41 68 58 42 28 52 34 14 31 58 55 52 48 34 66 48 39 22 43 20 19 42 68 41 16 16 41 67 50 32 32 49 73 65 52 52 64 83 82 73 72 81 97
60 60 32 40 42 58 49 48 36 63 38 29 65 49 27 0 54 60 45 45 38 66 69 71 50 39 43 34 44 50 59 57 57 63 58 43 38 62 44 37 28 53 57 52 49 23 48 46 49 17 54 62 43 53 69 52 38 13 42 25 54 32 61 60 30 7 57 51 43 53 54 59 64 67 32 32 38 29 47 47 36 51 57 57 55 54 40 57 48 40 37 62 45 47 45 39 55 47 48 13 63 36 9 19 45 66 42 24 29 50 76 56 44 47 62 90 74 65 67 78 106 93 86 87 96
91 18 60 46 81 18 41 65 25 60 55 53 78 49 67 54 0 7 80 41 75 62 16 77 21 74 13 54 11 88 69 3 65 25 28 18 59 25 50 69 41 29 33 21 22 53 9 28 54 46 90 43 79 29 82 20 57 58 26 51 30 62 67 6 50 48 7 38 78 84 91 55 11 73 36 52 36 50 14 85 50 5 61 6 24 52 51 41 55 74 44 40 13 22 27 42 6 30 46 48 110 85 61 41 33 105 79 53 27 12 105 79 52 26 10 109 84 59 39 30 117 93 72 56 51
93 14 62 47 84 15 40 66 28 59 57 56 78 49 71 60 7 0 83 41 78 61 10 77 21 77 18 56 17 90 69 5 65 21 25 20 61 21 51 71 44 27 31 20 21 57 12 28 54 50 92 41 81 28 81 19 58 63 28 54 29 65 67 3 52 53 4 37 81 86 94 54 5 72 38 54 38 53 15 87 52 11 61 3 22 52 53 39 55 77 46 37 16 22 27 43 6 30 46 53 113 89 66 47 39 108 82 56 32 18 106 80 53 26 3 109 83 58 35 24 115 91 69 51 44
16 75 21 37 6 73 49 24 56 46 27 28 33 41 18 45 80 83 0 45 7 49 92 42 64 7 68 27 70 8 32 82 34 74 67 63 23 73 36 12 40 62 62 66 63 29 72 56 37 39 11 60 3 60 35 66 26 32 56 30 61 19 37 84 31 47 79 52 2 9 12 46 87 39 45 29 45 31 68 5 32 79 37 80 66 43 32 56 35 6 38 62 68 62 57 41 78 56 43 39 35 24 37 60 85 26 3 29 55 82 32 19 34 58 84 48 41 49 68 91 67 62 67 82 102
53 31 27 8 48 29 5 25 20 23 19 22 38 9 39 45 41 41 45 0 42 26 50 38 21 40 32 19 35 53 29 42 24 29 22 24 22 29 10 35 17 17 18 22 20 27 32 13 13 28 54 19 44 16 41 23 20 38 15 23 16 29 28 43 19 40 38 8 44 46 55 18 45 33 14 19 9 20 28 50 14 41 21 39 22 13 14 13 14 40 10 19 29 19 15 7 37 12 6 32 79 58 45 46 60 69 45 25 27 47 66 39 12 15 42 69 44 24 25 46 78 57 43 44 58
22 71 16 34 7 69 46 24 51 46 23 23 36 38 12 38 75 78 7 42 0 49 87 45 60 2 63 23 65 14 34 77 34 70 63 58 20 69 33 8 34 58 59 61 59 22 66 52 35 32 17 57 5 57 38 62 22 25 51 25 57 13 38 79 26 40 74 49 6 15 18 45 82 41 40 24 41 25 63 11 28 73 37 75 62 41 29 53 33 3 34 59 62 57 53 37 72 52 40 32 38 21 30 53 79 32 5 23 49 76 39 23 32 54 79 54 44 49 66 87 72 65 68 81 99
49 48 40 27 53 46 23 25 45 4 31 39 24 19 52 66 62 61 49 26 49 0 67 18 42 47 56 33 58 54 18 63 15 43 37 48 32 42 23 42 40 34 31 42 41 45 55 36 18 50 54 21 49 33 25 42 31 57 39 42 33 41 13 63 36 63 58 25 48 45 55 9 63 15 39 35 34 38 50 53 30 63 12 59 39 13 27 22 19 46 31 25 52 41 37 30 57 34 21 54 82 69 64 70 85 67 50 43 52 71 56 33 22 37 60 51 25 3 30 56 55 32 21 36 60
102 20 72 56 93 22 48 74 37 66 66 65 86 57 81 69 16 10 92 50 87 67 0 83 29 86 27 65 26 100 77 13 72 25 31 30 70 25 59 81 54 34 37 28 30 67 22 37 62 59 102 47 91 35 89 27 67 72 37 63 36 74 75 10 62 63 13 44 90 95 103 61 6 79 48 64 47 62 25 97 61 19 68 13 29 59 62 46 63 86 55 43 26 31 36 52 15 38 54 62 123 98 75 56 44 117 91 66 42 24 115 88 62 35 8 116 90 64 40 21 122 97 73 53 40
38 64 41 36 48 62 37 24 58 18 34 43 10 30 52 71 77 77 42 38 45 18 83 0 57 43 70 38 72 46 13 79 16 59 53 62 34 59 32 40 49 50 47 57 56 49 69 50 26 57 45 38 43 49 10 58 34 60 53 47 48 41 11 78 42 69 74 40 42 36 46 23 79 5 49 40 45 44 65 46 37 78 18 74 55 26 33 38 26 42 40 42 67 56 52 40 73 48 33 60 73 65 67 79 97 55 44 48 63 85 41 24 30 52 77 34 8 20 47 73 40 22 29 51 76
74 12 45 28 66 9 20 46 14 39 38 38 58 29 55 50 21 21 64 21 60 42 29 57 0 59 17 38 19 72 49 22 45 14 10 10 42 12 31 53 28 9 13 2 2 41 14 9 34 36 74 24 63 9 61 2 39 49 10 37 10 47 47 22 35 44 17 17 63 67 75 34 24 53 22 36 19 35 9 69 33 23 41 18 6 32 33 20 35 59 27 21 13 3 8 24 16 10 26 40 97 73 54 43 47 89 64 40 23 30 87 60 33 7 21 89 63 39 21 29 96 73 53 42 46
22 70 15 32 8 67 44 22 50 44 22 22 34 37 13 39 74 77 7 40 2 47 86 43 59 0 62 22 64 14 32 76 32 69 62 57 19 68 32 6 33 56 57 60 57 22 65 51 33 32 17 56 5 55 36 61 21 26 50 24 56 12 36 78 25 40 73 48 6 14 18 43 81 39 39 23 40 24 62 11 27 72 35 74 61 39 27 52 31 2 33 58 62 56 51 36 72 51 39 32 39 23 31 54 79 32 6 22 49 76 38 21 30 53 78 53 42 47 64 86 71 63 66 79 98
80 21 48 36 69 20 33 55 14 53 45 41 70 41 55 43 13 18 68 32 63 56 27 70 17 62 0 43 3 76 60 16 56 27 26 9 48 26 40 57 29 25 30 18 17 41 7 21 45 33 78 40 67 25 73 17 46 46 18 39 26 50 59 18 38 36 15 31 67 73 80 48 22 65 25 41 26 38 9 73 39 11 53 15 22 45 41 36 46 63 33 37 5 16 19 32 13 23 38 36 97 72 49 30 31 94 67 41 15 16 95 68 43 20 20 100 76 53 38 38 109 87 69 58 58
38 49 8 11 29 46 24 15 30 30 4 6 33 18 21 34 54 56 27 19 23 33 65 38 38 22 43 0 45 35 25 56 23 48 41 37 6 47 12 16 15 35 37 39 36 12 45 30 17 20 37 36 26 34 36 39 4 24 29 10 35 10 27 57 6 32 53 27 26 30 38 27 60 33 19 3 19 7 41 32 5 53 23 53 40 22 8 32 15 22 11 38 42 35 30 14 51 30 19 23 60 40 31 43 64 52 27 11 31 57 53 27 12 32 57 61 41 33 44 65 74 59 54 61 77
82 22 50 39 71 21 36 57 16 56 47 43 72 43 57 44 11 17 70 35 65 58 26 72 19 64 3 45 0 78 62 14 58 28 28 11 50 27 43 59 31 27 31 19 18 43 7 23 47 35 81 42 69 27 75 19 48 47 20 41 28 52 62 17 41 37 15 33 69 75 82 50 21 67 27 43 29 41 10 75 42 9 55 15 24 47 43 38 48 65 36 39 7 18 21 34 13 25 40 37 99 74 50 31 29 96 69 43 17 13 97 71 45 22 20 102 78 56 39 38 112 90 71 59 58
12 83 28 45 9 80 56 31 63 52 34 35 36 48 24 50 88 90 8 53 14 54 100 46 72 14 76 35 78 0 37 90 40 81 74 71 31 81 43 19 47 69 69 73 71 36 79 64 44 46 4 66 10 68 37 74 33 38 63 38 68 26 42 92 38 53 87 60 10 10 4 52 94 43 52 37 53 38 75 4 39 86 43 87 74 49 40 63 41 14 46 69 75 69 65 48 85 64 50 45 29 24 42 66 92 18 9 36 63 89 28 23 41 66 92 46 43 55 75 98 66 64 72 88 109
32 58 28 25 38 56 29 12 48 16 22 30 10 20 39 59 69 69 32 29 34 18 77 13 49 32 60 25 62 37 0 70 5 54 47 53 21 53 20 28 37 43 41 50 48 37 61 41 16 44 37 34 33 42 13 50 21 47 43 34 42 29 5 71 30 57 66 33 32 28 38 18 72 9 38 27 35 31 56 36 25 69 9 66 48 18 21 33 15 31 29 38 58 47 43 29 65 40 24 47 66 54 55 67 86 50 34 35 52 75 40 16 18 43 69 41 17 19 43 69 51 35 36 53 76
93 18 62 48 83 18 42 66 27 61 58 55 80 51 70 57 3 5 82 42 77 63 13 79 22 76 16 56 14 90 70 0 66 25 28 20 61 24 52 71 43 30 33 22 23 56 11 30 55 48 92 44 81 30 83 21 59 61 28 53 31 64 69 4 52 50 6 39 81 86 93 56 9 74 38 54 38 52 15 87 52 7 62 5 25 54 53 41 56 77 46 40 15 24 28 44 7 31 47 51 112 87 64 43 34 108 81 55 30 14 107 81 54 28 8 111 85 60 39 28 118 94 72 56 49
35 53 27 21 39 51 25 11 44 13 20 28 14 16 39 57 65 65 34 24 34 15 72 16 45 32 56 23 58 40 5 66 0 50 43 48 20 49 17 28 34 38 37 45 44 35 56 37 12 42 40 30 34 37 17 46 19 46 39 32 37 28 5 66 27 54 62 28 33 31 41 14 68 11 34 25 31 29 52 38 22 65 5 62 44 14 18 28 11 32 25 33 53 43 38 25 60 36 19 45 68 55 53 64 82 53 35 33 49 71 44 19 15 39 65 45 20 16 39 65 54 37 35 50 72
82 8 55 37 77 8 26 53 27 41 48 49 63 35 66 63 25 21 74 29 70 43 25 59 14 69 27 48 28 81 54 25 50 0 8 22 51 2 39 63 40 13 13 12 15 53 22 20 40 49 83 22 73 14 66 12 49 62 22 49 14 58 51 23 46 57 19 23 73 75 84 37 22 56 34 47 30 47 19 79 43 28 45 20 9 36 42 22 42 69 37 18 23 16 19 34 19 19 32 53 107 85 67 55 56 98 74 51 35 36 93 67 41 18 20 93 66 40 15 18 97 72 49 32 33
75 12 48 30 69 10 19 46 23 35 41 42 56 28 60 58 28 25 67 22 63 37 31 53 10 62 26 41 28 74 47 28 43 8 0 19 44 7 32 56 34 6 7 9 11 46 22 13 33 43 76 17 66 7 59 9 42 56 17 42 6 50 44 27 39 52 22 15 65 68 77 30 27 49 28 40 24 40 18 72 36 30 38 23 4 29 35 15 35 62 30 13 22 12 14 27 22 12 25 47 100 78 61 52 56 91 67 45 31 38 86 60 34 12 24 86 60 34 12 25 91 67 45 32 39
74 18 43 29 64 16 25 48 8 45 38 36 62 33 51 43 18 20 63 24 58 48 30 62 10 57 9 37 11 71 53 20 48 22 19 0 42 21 33 52 24 17 22 11 9 37 9 13 37 31 73 32 62 17 65 11 39 44 10 34 18 45 52 21 33 36 17 23 62 67 74 40 25 57 19 35 19 33 5 68 33 17 45 17 15 37 34 28 38 57 27 29 5 9 11 25 15 15 30 34 94 69 48 34 38 88 62 36 14 23 88 62 35 12 22 93 68 45 31 36 101 79 61 51 54
33 52 8 14 26 50 26 11 35 29 4 10 28 19 21 38 59 61 23 22 20 32 70 34 42 19 48 6 50 31 21 61 20 51 44 42 0 50 14 13 20 39 39 43 40 16 50 34 16 25 33 38 23 37 32 43 3 27 33 14 38 9 24 62 11 36 57 30 22 26 34 27 65 29 24 8 23 12 46 28 9 58 21 58 43 22 9 34 14 18 16 40 46 39 34 18 56 33 21 27 57 39 34 47 69 48 23 14 36 62 48 22 12 36 62 56 37 32 46 68 70 55 52 62 80
81 7 54 36 76 7 26 53 26 41 47 48 62 35 65 62 25 21 73 29 69 42 25 59 12 68 26 47 27 81 53 24 49 2 7 21 50 0 38 62 39 12 13 11 14 52 21 19 39 48 82 22 72 13 65 11 48 61 21 48 13 57 51 23 45 56 19 22 72 74 84 36 22 55 33 46 29 46 18 78 42 28 45 19 8 36 42 21 41 68 36 18 22 15 18 33 19 18 32 52 106 84 66 54 55 97 73 50 34 36 93 66 40 17 19 92 66 40 15 18 97 72 49 33 34
44 41 20 5 39 39 13 15 28 20 11 17 30 6 33 44 50 51 36 10 33 23 59 32 31 32 40 12 43 43 20 52 17 39 32 33 14 38 0 26 18 27 27 32 30 23 41 23 6 28 45 25 35 25 33 33 11 35 24 19 26 22 21 52 14 40 48 17 35 37 46 16 54 27 18 13 15 16 37 41 8 50 15 48 32 11 5 20 6 31 9 27 38 29 24 9 46 22 8 31 70 51 42 48 66 60 36 21 32 55 56 29 3 25 52 60 37 22 33 56 71 52 43 49 66
25 64 10 27 14 62 39 18 45 39 16 17 32 31 12 37 69 71 12 35 8 42 81 40 53 6 57 16 59 19 28 71 28 63 56 52 13 62 26 0 28 51 52 55 52 18 60 45 28 28 22 50 11 50 35 55 15 24 44 19 50 7 32 73 19 38 68 42 10 17 23 38 76 36 33 18 34 19 56 16 21 67 31 69 55 34 22 46 26 6 27 52 56 51 46 30 66 45 33 29 45 27 30 51 75 37 11 18 44 71 41 20 25 47 73 54 40 42 58 80 71 61 62 74 92
52 39 19 14 40 37 22 28 17 37 17 12 46 22 28 28 41 44 40 17 34 40 54 49 28 33 29 15 31 47 37 43 34 40 34 24 20 39 18 28 0 28 31 29 26 14 33 21 24 11 50 35 38 27 49 30 18 23 18 10 29 21 38 45 10 23 41 24 38 44 51 33 49 44 7 12 11 10 29 44 13 40 32 41 31 28 16 30 23 34 10 35 29 25 21 12 39 22 21 15 70 46 29 31 50 65 38 12 17 43 67 41 20 23 46 75 53 39 40 56 87 69 59 60 72
70 15 43 25 64 13 14 41 19 32 35 37 52 24 54 53 29 27 62 17 58 34 34 50 9 56 25 35 27 69 43 30 38 13 6 17 39 12 27 51 28 0 5 8 9 41 22 8 28 38 71 16 61 2 55 9 36 50 12 37 2 45 41 29 33 47 24 11 60 63 72 27 30 46 23 34 18 35 17 66 30 30 34 25 6 25 30 12 30 56 24 13 21 9 9 21 24 7 20 42 95 73 56 49 55 86 61 39 28 38 82 55 29 7 27 83 56 31 15 30 89 65 45 35 44
69 18 44 26 65 16 14 41 24 29 36 39 50 23 56 57 33 31 62 18 59 31 37 47 13 57 30 37 31 69 41 33 37 13 7 22 39 13 27 52 31 5 0 13 14 44 26 13 27 42 71 11 62 6 53 13 37 54 17 39 4 47 38 33 35 51 28 10 61 63 72 24 33 43 26 36 21 37 22 67 32 35 33 29 9 23 31 9 29 57 26 8 25 14 14 23 27 11 20 46 96 75 59 53 60 86 62 42 33 43 80 54 29 12 30 80 54 28 10 30 85 61 40 31 41
75 10 46 29 68 8 21 47 16 40 40 40 59 30 56 52 21 20 66 22 61 42 28 57 2 60 18 39 19 73 50 22 45 12 9 11 43 11 32 55 29 8 13 0 4 43 14 10 35 38 75 23 65 9 62 1 41 51 12 39 10 48 48 22 36 45 17 18 64 68 76 35 23 53 23 38 21 37 10 71 34 23 41 17 5 32 35 20 36 60 28 20 13 5 9 25 16 11 27 42 98 75 56 44 48 91 65 41 24 30 88 61 34 8 20 90 64 39 20 28 96 73 53 41 44
73 13 43 27 65 11 20 45 13 39 37 37 58 28 53 49 22 21 63 20 59 41 30 56 2 57 17 36 18 71 48 23 44 15 11 9 40 14 30 52 26 9 14 4 0 40 14 7 33 35 73 24 62 9 61 4 38 48 8 36 10 46 46 23 33 42 18 17 61 65 74 34 25 52 20 35 18 34 9 68 32 23 40 19 7 31 32 20 34 58 25 21 12 2 7 23 17 9 25 38 95 72 52 42 47 88 62 38 21 30 86 59 32 5 22 88 63 39 22 31 95 72 53 43 47
42 52 10 21 28 50 32 26 30 42 16 7 43 29 14 23 53 57 29 27 22 45 67 49 41 22 41 12 43 36 37 56 35 53 46 37 16 52 23 18 14 41 44 43 40 0 45 34 28 11 39 46 27 40 47 43 16 12 32 5 41 11 39 58 10 21 54 35 27 35 40 39 61 45 20 11 23 8 42 33 16 52 35 54 44 34 19 40 26 23 18 46 41 38 34 21 52 35 29 12 57 33 19 33 57 54 27 3 28 54 58 35 23 36 59 70 52 44 52 70 85 71 65 70 84
83 15 51 38 73 15 33 56 16 52 47 44 70 41 59 48 9 12 72 32 66 55 22 69 14 65 7 45 7 79 61 11 56 22 22 9 50 21 41 60 33 22 26 14 14 45 0 20 45 38 82 37 70 22 73 13 48 51 18 42 23 54 59 13 41 42 9 30 70 75 83 47 17 65 27 43 28 42 5 76 42 9 53 10 18 44 43 33 46 66 35 34 4 14 18 33 7 22 38 41 102 77 54 37 35 97 71 44 20 17 97 70 44 18 15 101 76 52 34 32 109 86 66 53 51
66 19 37 20 58 17 13 38 12 33 30 30 51 22 47 46 28 28 56 13 52 36 37 50 9 51 21 30 23 64 41 30 37 20 13 13 34 19 23 45 21 8 13 10 7 34 20 0 26 31 66 21 55 8 54 10 31 43 5 30 9 39 40 30 27 40 25 11 55 59 67 28 32 46 15 28 12 28 15 61 25 29 34 26 11 25 25 16 27 51 19 19 17 6 2 16 24 3 18 34 89 66 48 41 50 81 56 32 21 35 79 52 25 3 29 82 56 33 22 36 90 67 50 43 51
42 43 23 11 41 41 14 14 33 14 14 22 25 5 36 49 54 54 37 13 35 18 62 26 34 33 45 17 47 44 16 55 12 40 33 37 16 39 6 28 24 28 27 35 33 28 45 26 0 33 45 23 37 27 29 35 15 40 28 25 27 25 15 56 19 46 51 18 36 36 46 11 57 21 24 18 20 21 41 42 13 54 9 51 34 7 10 20 3 33 15 26 42 32 27 14 49 25 9 37 71 54 47 54 71 60 37 26 38 60 54 27 5 28 54 56 31 17 32 57 65 46 37 46 66
53 47 20 24 38 45 33 34 23 47 23 15 52 32 23 17 46 50 39 28 32 50 59 57 36 32 33 20 35 46 44 48 42 49 43 31 25 48 28 28 11 38 42 38 35 11 38 31 33 0 49 46 37 37 56 38 24 13 27 11 39 22 46 51 15 13 47 35 37 45 50 43 54 52 16 18 21 14 36 42 21 43 41 47 41 38 24 41 32 33 20 46 34 34 30 23 45 32 31 4 65 40 18 24 47 63 37 11 19 45 69 45 29 32 52 79 60 49 51 65 94 78 70 71 81
9 85 31 46 13 82 57 31 66 52 36 38 35 49 28 54 90 92 11 54 17 54 102 45 74 17 78 37 81 4 37 92 40 83 76 73 33 82 45 22 50 71 71 75 73 39 82 66 45 49 0 67 12 69 36 76 35 42 65 41 70 29 42 94 41 56 89 61 12 9 2 53 97 43 55 39 55 41 78 7 41 89 44 90 75 50 41 64 42 17 48 70 78 71 66 50 87 65 51 49 29 27 46 70 95 16 12 39 66 92 24 22 43 68 94 43 41 55 76 100 63 62 72 89 110
64 28 44 26 63 26 14 36 32 20 35 40 42 20 57 62 43 41 60 19 57 21 47 38 24 56 40 36 42 66 34 44 30 22 17 32 38 22 25 50 35 16 11 23 24 46 37 21 23 46 67 0 59 15 45 24 36 57 25 41 14 46 31 43 37 57 39 12 58 59 69 16 43 35 31 36 25 38 32 64 32 45 26 39 20 18 29 6 26 55 28 4 36 24 22 25 38 18 18 50 94 75 63 61 70 82 60 44 41 53 74 49 26 21 40 72 45 18 10 36 75 51 30 25 43
18 74 19 37 5 72 48 24 54 46 26 26 34 40 16 43 79 81 3 44 5 49 91 43 63 5 67 26 69 10 33 81 34 73 66 62 23 72 35 11 38 61 62 65 62 27 70 55 37 37 12 59 0 60 36 65 25 30 54 29 60 17 38 83 29 45 78 52 2 11 13 46 86 40 43 28 44 29 66 6 31 77 38 79 65 43 31 55 34 5 37 62 66 61 56 40 76 55 43 37 35 22 35 58 83 27 1 27 54 80 34 21 34 57 83 50 42 49 68 90 69 63 68 82 101
68 17 42 24 63 14 13 40 19 31 34 36 51 22 53 53 29 28 60 16 57 33 35 49 9 55 25 34 27 68 42 30 37 14 7 17 37 13 25 50 27 2 6 9 9 40 22 8 27 37 69 15 60 0 54 10 35 49 12 36 2 44 40 30 32 47 25 10 59 62 71 26 31 45 22 33 17 33 18 65 29 31 33 26 7 24 29 12 29 55 23 13 21 9 8 20 24 6 19 41 94 72 55 48 55 85 60 38 27 39 80 54 28 7 28 82 55 31 15 31 88 64 45 36 45
29 70 38 38 40 68 42 22 60 25 33 41 4 33 47 69 82 81 35 41 38 25 89 10 61 36 73 36 75 37 13 83 17 66 59 65 32 65 33 35 49 55 53 62 61 47 73 54 29 56 36 45 36 54 0 63 32 57 56 45 54 38 15 83 41 67 78 45 35 28 37 29 85 11 51 39 47 43 69 38 37 82 21 79 60 30 34 44 28 35 41 49 70 60 55 42 77 52 36 58 64 58 64 78 98 46 37 45 65 88 31 16 31 56 82 28 6 28 54 81 39 27 38 60 85
75 10 46 30 68 7 22 48 16 40 40 40 60 31 57 52 20 19 66 23 62 42 27 58 2 61 17 39 19 74 50 21 46 12 9 11 43 11 33 55 30 9 13 1 4 43 13 10 35 38 76 24 65 10 63 0 41 51 12 39 11 49 48 21 37 45 16 18 65 68 77 35 22 54 24 38 21 37 9 71 35 22 42 17 5 33 35 21 37 61 28 21 13 5 10 26 15 11 27 42 98 75 56 44 47 91 65 41 24 30 88 62 35 8 20 90 64 40 21 27 97 74 53 41 44
35 50 9 12 29 48 24 11 33 28 2 10 29 17 22 38 57 58 26 20 22 31 67 34 39 21 46 4 48 33 21 59 19 49 42 39 3 48 11 15 18 36 37 41 38 16 48 31 15 24 35 36 25 35 32 41 0 27 31 13 36 11 24 60 9 36 55 27 24 28 36 25 62 29 22 7 21 11 44 31 7 56 20 56 41 21 7 31 12 21 13 38 44 37 32 16 53 31 19 26 59 40 34 47 68 50 25 14 35 60 49 24 10 33 60 57 37 30 44 66 70 55 51 60 77
47 60 20 32 30 58 43 36 36 54 27 19 53 40 14 13 58 63 32 38 25 57 72 60 49 26 46 24 47 38 47 61 46 62 56 44 27 61 35 24 23 50 54 51 48 12 51 43 40 13 42 57 30 49 57 51 27 0 40 16 51 20 50 63 21 15 60 46 31 40 42 50 67 56 28 23 33 19 48 35 27 55 46 60 53 45 31 51 38 27 29 57 47 46 43 32 57 44 40 11 53 27 8 29 55 55 30 14 31 56 64 44 35 45 65 77 62 56 62 78 94 82 77 81 94
66 21 36 20 57 19 16 39 8 36 30 29 53 24 46 42 26 28 56 15 51 39 37 53 10 50 18 29 20 63 43 28 39 22 17 10 33 21 24 44 18 12 17 12 8 32 18 5 28 27 65 25 54 12 56 12 31 40 0 28 13 38 42 29 26 36 25 15 54 58 66 31 32 48 12 27 11 26 13 60 25 26 36 25 14 27 26 20 29 50 18 23 15 7 4 16 23 7 20 31 87 64 45 37 46 81 55 30 16 33 79 53 26 6 29 83 59 37 26 39 92 70 54 47 55
43 48 10 16 31 46 28 24 27 38 13 4 42 25 18 25 51 54 30 23 25 42 63 47 37 24 39 10 41 38 34 53 32 49 42 34 14 48 19 19 10 37 39 39 36 5 42 30 25 11 41 41 29 36 45 39 13 16 28 0 37 12 36 55 6 23 51 31 29 36 42 35 58 42 16 7 19 4 39 35 12 49 32 51 40 30 15 36 23 25 14 42 38 34 30 17 49 31 25 13 60 37 23 34 57 56 29 3 25 52 59 35 20 32 55 69 50 41 48 66 83 68 61 66 80
69 17 42 24 64 15 13 40 20 31 35 37 51 23 54 54 30 29 61 16 57 33 36 48 10 56 26 35 28 68 42 31 37 14 6 18 38 13 26 50 29 2 4 10 10 41 23 9 27 39 70 14 60 2 54 11 36 51 13 37 0 45 39 31 33 48 26 10 60 62 71 26 31 44 23 34 18 34 19 66 30 32 33 26 7 24 29 11 29 56 24 11 22 10 10 21 25 7 19 42 94 73 56 50 56 85 61 39 29 40 81 54 28 8 29 81 55 30 14 31 87 64 43 34 44
32 58 3 21 20 56 34 18 38 38 12 10 34 27 12 32 62 65 19 29 13 41 74 41 47 12 50 10 52 26 29 64 28 58 50 45 9 57 22 7 21 45 47 48 46 11 54 39 25 22 29 46 17 44 38 49 11 20 38 12 45 0 32 66 13 32 61 37 17 24 30 36 69 37 27 11 28 12 50 23 15 60 30 62 49 31 17 41 23 13 21 48 50 44 40 24 60 39 29 23 50 30 27 44 68 44 18 11 37 64 47 25 21 41 66 59 43 40 54 75 75 63 61 70 87
37 55 31 25 42 53 27 15 47 12 24 33 12 19 43 61 67 67 37 28 38 13 75 11 47 36 59 27 62 42 5 69 5 51 44 52 24 51 21 32 38 41 38 48 46 39 59 40 15 46 42 31 38 40 15 48 24 50 42 36 39 32 0 69 32 59 64 31 36 33 43 15 70 7 38 29 34 33 55 41 26 68 7 65 46 16 23 30 15 35 29 34 57 46 41 29 63 38 22 49 70 58 58 68 86 55 38 37 52 74 44 21 19 42 67 42 17 15 40 66 51 32 31 48 72
95 16 64 49 85 17 42 67 29 61 59 57 80 51 72 60 6 3 84 43 79 63 10 78 22 78 18 57 17 92 71 4 66 23 27 21 62 23 52 73 45 29 33 22 23 58 13 30 56 51 94 43 83 30 83 21 60 63 29 55 31 66 69 0 54 53 5 39 82 87 95 56 5 74 40 56 40 54 17 89 53 11 63 5 24 54 54 41 57 78 47 39 17 24 29 45 7 31 48 53 114 90 66 47 37 109 83 57 32 17 108 81 55 28 5 111 85 60 37 25 117 93 71 53 46
42 46 11 11 32 43 23 20 26 33 9 4 38 19 21 30 50 52 31 19 26 36 62 42 35 25 38 6 41 38 30 52 27 46 39 33 11 45 14 19 10 33 35 36 33 10 41 27 19 15 41 37 29 32 41 37 9 21 26 6 33 13 32 54 0 28 49 26 29 35 42 30 57 37 14 3 16 2 38 35 7 49 27 50 37 24 10 31 18 25 10 38 37 32 27 13 47 27 20 18 62 40 28 38 59 56 30 8 26 53 57 32 15 29 54 66 46 35 43 63 79 63 56 61 76
61 53 31 36 44 51 44 46 30 59 35 27 64 45 29 7 48 53 47 40 40 63 63 69 44 40 36 32 37 53 57 50 54 57 52 36 36 56 40 38 23 47 51 45 42 21 42 40 46 13 56 57 45 47 67 45 36 15 36 23 48 32 59 53 28 0 50 46 45 54 57 55 58 64 27 30 32 26 41 50 33 44 54 50 49 50 37 52 45 41 32 57 38 41 39 34 48 41 44 10 67 41 14 14 41 70 44 23 22 44 78 56 41 41 56 90 72 61 61 71 105 90 82 81 89
90 12 59 44 81 13 37 62 25 56 54 52 75 46 68 57 7 4 79 38 74 58 13 74 17 73 15 53 15 87 66 6 62 19 22 17 57 19 48 68 41 24 28 17 18 54 9 25 51 47 89 39 78 25 78 16 55 60 25 51 26 61 64 5 49 50 0 34 78 83 90 51 8 69 35 51 35 50 12 84 49 11 58 1 19 49 50 36 52 74 42 35 13 19 24 40 3 27 43 50 110 86 63 45 39 105 78 53 29 18 103 77 50 23 6 106 80 55 33 24 113 89 67 50 45
60 26 35 16 55 23 4 31 21 23 27 30 42 13 47 51 38 37 52 8 49 25 44 40 17 48 31 27 33 60 33 39 28 23 15 23 30 22 17 42 24 11 10 18 17 35 30 11 18 35 61 12 52 10 45 18 27 46 15 31 10 37 31 39 26 46 34 0 51 53 63 18 40 36 19 27 14 28 25 57 22 39 24 35 16 15 21 7 20 48 17 12 28 16 12 14 33 9 10 39 86 66 52 50 61 76 52 33 29 46 71 45 19 12 37 73 47 23 17 39 79 57 40 37 51
17 74 19 36 6 71 47 23 54 45 25 26 32 39 17 43 78 81 2 44 6 48 90 42 63 6 67 26 69 10 32 81 33 73 65 62 22 72 35 10 38 60 61 64 61 27 70 55 36 37 12 58 2 59 35 65 24 31 54 29 60 17 36 82 29 45 78 51 0 10 13 45 85 39 43 27 44 29 66 7 30 77 37 78 65 42 31 54 33 5 37 61 66 60 55 39 76 55 42 37 36 24 36 59 84 27 3 27 54 80 33 19 33 57 83 49 40 48 67 90 68 62 67 81 101
8 77 26 39 14 75 49 23 60 43 29 32 26 41 27 53 84 86 9 46 15 45 95 36 67 14 73 30 75 10 28 86 31 75 68 67 26 74 37 17 44 63 63 68 65 35 75 59 36 45 9 59 11 62 28 68 28 40 58 36 62 24 33 87 35 54 83 53 10 0 11 44 90 34 49 33 48 35 71 10 34 83 35 83 68 42 34 56 34 13 41 62 71 64 59 43 81 58 43 45 38 32 45 67 92 24 12 34 60 87 24 13 35 61 87 39 33 46 68 92 58 54 63 80 101
10 86 32 48 13 84 59 33 67 53 37 39 36 50 28 54 91 94 12 55 18 55 103 46 75 18 80 38 82 4 38 93 41 84 77 74 34 84 46 23 51 72 72 76 74 40 83 67 46 50 2 69 13 71 37 77 36 42 66 42 71 30 43 95 42 57 90 63 13 11 0 54 98 44 56 40 56 42 79 8 42 90 45 91 77 52 42 65 44 18 49 71 79 73 68 52 89 67 53 49 28 27 46 70 96 15 13 40 67 93 24 23 44 69 95 43 43 56 78 101 64 63 73 90 111
49 41 34 20 50 40 15 22 37 6 25 32 27 11 47 59 55 54 46 18 45 9 61 23 34 43 48 27 50 52 18 56 14 37 30 40 27 36 16 38 33 27 24 35 34 39 47 28 11 43 53 16 46 26 29 35 25 50 31 35 26 36 15 56 30 55 51 18 45 44 54 0 56 19 31 28 26 32 42 51 24 56 10 52 32 6 20 16 13 43 23 20 45 33 29 22 50 26 13 46 81 65 58 62 77 67 47 37 44 63 58 33 16 29 54 56 30 7 26 52 62 40 27 37 58
97 16 67 51 88 17 44 69 32 61 61 60 82 52 75 64 11 5 87 45 82 63 6 79 24 81 22 60 21 94 72 9 68 22 27 25 65 22 54 76 49 30 33 23 25 61 17 32 57 54 97 43 86 31 85 22 62 67 32 58 31 69 70 5 57 58 8 40 85 90 98 56 0 75 43 58 42 57 20 92 56 15 64 8 25 55 57 41 59 81 50 39 21 26 31 47 10 33 49 57 118 93 70 51 42 112 86 60 37 21 110 83 57 30 3 112 86 60 36 21 118 93 70 51 41
37 60 36 31 45 58 33 20 53 15 30 38 10 25 47 67 73 72 39 33 41 15 79 5 53 39 65 33 67 43 9 74 11 56 49 57 29 55 27 36 44 46 43 53 52 45 65 46 21 52 43 35 40 45 11 54 29 56 48 42 44 37 7 74 37 64 69 36 39 34 44 19 75 0 44 35 40 39 60 43 32 74 13 70 51 21 29 35 21 38 35 38 62 51 47 35 68 44 28 55 71 62 63 74 92 55 41 43 58 80 42 21 25 47 72 38 11 17 44 70 45 27 29 50 74
56 33 24 14 46 30 18 31 12 36 21 18 47 21 34 32 36 38 45 14 40 39 48 49 22 39 25 19 27 52 38 38 34 34 28 19 24 33 18 33 7 23 26 23 20 20 27 15 24 16 55 31 43 22 51 24 22 28 12 16 23 27 38 40 14 27 35 19 43 49 56 31 43 44 0 17 6 15 24 49 16 35 32 36 25 26 18 25 24 39 10 31 24 19 15 10 33 16 19 20 76 52 34 32 48 70 44 18 15 39 71 45 20 17 40 77 54 37 35 50 88 69 56 55 66
40 47 9 11 31 45 23 18 28 32 6 4 35 19 21 32 52 54 29 19 24 35 64 40 36 23 41 3 43 37 27 54 25 47 40 35 8 46 13 18 12 34 36 38 35 11 43 28 18 18 39 36 28 33 39 38 7 23 27 7 34 11 29 56 3 30 51 27 27 33 40 28 58 35 17 0 17 4 39 34 5 51 25 51 38 23 9 31 16 23 10 38 40 33 29 13 49 28 19 20 61 40 30 40 62 54 28 9 29 55 55 30 13 30 56 63 43 34 43 64 77 61 55 61 77
56 30 26 11 47 28 13 29 14 31 20 19 44 16 36 38 36 38 45 9 41 34 47 45 19 40 26 19 29 53 35 38 31 30 24 19 23 29 15 34 11 18 21 21 18 23 28 12 20 21 55 25 44 17 47 21 21 33 11 19 18 28 34 40 16 32 35 14 44 48 56 26 42 40 6 17 0 17 23 50 14 36 28 35 22 21 16 20 20 40 8 25 24 17 12 6 33 12 14 25 78 55 39 37 52 71 45 21 19 41 69 43 17 14 39 74 50 32 30 47 84 64 51 50 62
43 47 10 13 32 44 25 21 26 35 10 3 39 21 20 29 50 53 31 20 25 38 62 44 35 24 38 7 41 38 31 52 29 47 40 33 12 46 16 19 10 35 37 37 34 8 42 28 21 14 41 38 29 33 43 37 11 19 26 4 34 12 33 54 2 26 50 28 29 35 42 32 57 39 15 4 17 0 38 35 9 49 28 50 38 26 12 33 20 25 11 39 38 33 28 14 48 28 22 16 62 39 27 36 58 56 29 6 26 52 58 33 16 30 54 67 47 37 45 64 81 65 58 63 77
78 14 48 33 69 12 28 51 13 48 43 41 65 36 56 47 14 15 68 28 63 50 25 65 9 62 9 41 10 75 56 15 52 19 18 5 46 18 37 56 29 17 22 10 9 42 5 15 41 36 78 32 66 18 69 9 44 48 13 39 19 50 55 17 38 41 12 25 66 71 79 42 20 60 24 39 23 38 0 72 37 14 48 13 14 39 38 29 42 62 31 29 4 10 14 29 10 17 33 39 99 74 52 37 39 93 67 41 19 21 92 66 39 14 17 96 71 47 30 31 104 81 62 50 50
15 80 25 42 6 78 54 29 60 51 32 32 36 46 21 47 85 87 5 50 11 53 97 46 69 11 73 32 75 4 36 87 38 79 72 68 28 78 41 16 44 66 67 71 68 33 76 61 42 42 7 64 6 65 38 71 31 35 60 35 66 23 41 89 35 50 84 57 7 10 8 51 92 43 49 34 50 35 72 0 37 83 42 84 71 48 37 61 39 11 43 67 72 66 62 46 82 61 48 42 30 22 39 63 89 22 6 33 60 86 30 23 39 63 89 48 43 54 73 96 68 64 72 87 107
42 44 13 7 34 42 19 16 26 27 6 9 33 14 26 36 50 52 32 14 28 30 61 37 33 27 39 5 42 39 25 52 22 43 36 33 9 42 8 21 13 30 32 34 32 16 42 25 13 21 41 32 31 29 37 35 7 27 25 12 30 15 26 53 7 33 49 22 30 34 42 24 56 32 16 5 14 9 37 37 0 49 21 49 35 18 4 27 12 27 7 33 38 31 26 10 47 25 14 24 65 45 34 43 63 57 31 14 29 54 56 30 8 27 53 62 41 29 39 60 75 58 50 56 72
90 21 58 46 79 21 41 64 23 61 55 51 79 49 65 51 5 11 79 41 73 63 19 78 23 72 11 53 9 86 69 7 65 28 30 17 58 28 50 67 40 30 35 23 23 52 9 29 54 43 89 45 77 31 82 22 56 55 26 49 32 60 68 11 49 44 11 39 77 83 90 56 15 74 35 51 36 49 14 83 49 0 62 10 26 53 51 42 55 73 43 42 12 23 27 41 10 31 46 45 107 82 58 37 29 104 77 51 25 9 105 78 52 27 14 109 84 61 42 34 118 95 75 60 55
40 49 28 19 42 47 21 14 41 9 20 28 18 13 41 57 61 61 37 21 37 12 68 18 41 35 53 23 55 43 9 62 5 45 38 45 21 45 15 31 32 34 33 41 40 35 53 34 9 41 44 26 38 33 21 42 20 46 36 32 33 30 7 63 27 54 58 24 37 35 45 10 64 13 32 25 28 28 48 42 21 62 0 58 40 10 17 24 10 35 23 29 50 39 35 23 57 32 16 44 72 57 54 63 80 58 39 33 46 68 49 24 13 35 61 49 23 12 35 61 57 38 32 46 68
90 13 60 45 81 14 38 63 25 57 55 53 76 47 68 57 6 3 80 39 75 59 13 74 18 74 15 53 15 87 66 5 62 20 23 17 58 19 48 69 41 25 29 17 19 54 10 26 51 47 90 39 79 26 79 17 56 60 25 51 26 62 65 5 50 50 1 35 78 83 91 52 8 70 36 51 35 50 13 84 49 10 58 0 20 49 50 37 53 74 43 36 13 20 25 41 3 27 43 50 111 86 63 45 38 105 79 53 29 18 104 77 50 24 6 107 81 56 34 25 113 89 68 51 45
75 10 47 29 69 8 20 46 20 37 40 41 57 29 58 55 24 22 66 22 62 39 29 55 6 61 22 40 24 74 48 25 44 9 4 15 43 8 32 55 31 6 9 5 7 44 18 11 34 41 75 20 65 7 60 5 41 53 14 40 7 49 46 24 37 49 19 16 65 68 77 32 25 51 25 38 22 38 14 71 35 26 40 20 0 31 35 17 35 61 29 16 18 8 11 26 19 11 26 44 99 77 58 48 52 91 66 43 28 34 87 60 34 9 22 88 62 36 16 26 94 70 49 36 41
47 40 29 14 47 38 12 19 33 10 20 27 27 6 42 54 52 52 43 13 41 13 59 26 32 39 45 22 47 49 18 54 14 36 29 37 22 36 11 34 28 25 23 32 31 34 44 25 7 38 50 18 43 24 30 33 21 45 27 30 24 31 16 54 24 50 49 15 42 42 52 6 55 21 26 23 21 26 39 48 18 53 10 49 31 0 15 15 9 39 18 21 41 30 26 17 48 23 8 41 77 60 52 57 73 65 43 32 39 60 58 32 11 26 52 58 32 12 27 52 65 44 32 40 60
41 44 15 6 35 42 17 14 28 24 6 12 30 11 28 40 51 53 32 14 29 27 62 33 33 27 41 8 43 40 21 53 18 42 35 34 9 42 5 22 16 30 31 35 32 19 43 25 10 24 41 29 31 29 34 35 7 31 26 15 29 17 23 54 10 37 50 21 31 34 42 20 57 29 18 9 16 12 38 37 4 51 17 50 35 15 0 25 8 27 8 31 39 31 26 10 48 25 12 28 66 47 38 46 65 57 32 17 32 56 54 28 5 27 54 60 38 26 37 59 72 54 47 54 71
62 26 39 21 59 25 8 33 27 21 31 35 42 16 52 57 41 39 56 13 53 22 46 38 20 52 36 32 38 63 33 41 28 22 15 28 34 21 20 46 30 12 9 20 20 40 33 16 20 41 64 6 55 12 44 21 31 51 20 36 11 41 30 41 31 52 36 7 54 56 65 16 41 35 25 31 20 33 29 61 27 42 24 37 17 15 25 0 22 51 22 7 32 20 17 19 35 13 13 45 90 71 58 56 65 79 56 38 35 50 72 46 22 16 39 72 45 20 13 38 77 53 34 31 47
40 45 21 10 38 43 16 12 33 16 12 20 25 7 34 48 55 55 35 14 33 19 63 26 35 31 46 15 48 41 15 56 11 42 35 38 14 41 6 26 23 30 29 36 34 26 46 27 3 32 42 26 34 29 28 37 12 38 29 23 29 23 15 57 18 45 52 20 33 34 44 13 59 21 24 16 20 20 42 39 12 55 10 53 35 9 8 22 0 31 14 28 43 33 29 14 51 26 10 35 69 52 45 53 71 57 35 24 38 61 52 25 4 29 56 55 31 19 34 59 65 47 39 49 68
21 70 15 32 8 68 44 21 50 43 22 22 33 36 14 40 74 77 6 40 3 46 86 42 59 2 63 22 65 14 31 77 32 69 62 57 18 68 31 6 34 56 57 60 58 23 66 51 33 33 17 55 5 55 35 61 21 27 50 25 56 13 35 78 25 41 74 48 5 13 18 43 81 38 39 23 40 25 62 11 27 73 35 74 61 39 27 51 31 0 33 58 62 56 52 36 72 51 39 33 39 24 32 54 79 32 5 23 49 76 37 20 30 53 78 52 41 46 64 86 70 62 66 79 97
48 38 19 4 40 35 14 22 20 28 12 13 38 13 31 37 44 46 38 10 34 31 55 40 27 33 33 11 36 46 29 46 25 37 30 27 16 36 9 27 10 24 26 28 25 18 35 19 15 20 48 28 37 23 41 28 13 29 18 14 24 21 29 47 10 32 42 17 37 41 49 23 50 35 10 10 8 11 31 43 7 43 23 43 29 18 8 22 14 33 0 29 32 24 19 4 41 19 12 24 71 50 36 40 58 63 38 16 24 48 62 36 11 21 47 68 45 29 34 54 79 60 50 53 67
67 24 46 27 65 23 15 39 30 24 37 41 46 22 58 62 40 37 62 19 59 25 43 42 21 58 37 38 39 69 38 40 33 18 13 29 40 18 27 52 35 13 8 20 21 46 34 19 26 46 70 4 62 13 49 21 38 57 23 42 11 48 34 39 38 57 35 12 61 62 71 20 39 38 31 38 25 39 29 67 33 42 29 36 16 21 31 7 28 58 29 0 33 21 20 25 35 17 20 50 96 77 63 60 67 85 62 44 39 50 77 52 28 19 37 75 49 22 7 33 79 54 33 25 40
79 17 47 34 69 16 30 53 12 50 43 40 67 38 55 45 13 16 68 29 62 52 26 67 13 62 5 42 7 75 58 15 53 23 22 5 46 22 38 56 29 21 25 13 12 41 4 17 42 34 78 36 66 21 70 13 44 47 15 38 22 50 57 17 37 38 13 28 66 71 79 45 21 62 24 40 24 38 4 72 38 12 50 13 18 41 39 32 43 62 32 33 0 12 16 30 11 19 35 37 98 73 50 34 35 93 67 41 16 19 93 67 40 16 18 98 73 50 33 35 106 84 65 53 54
71 14 42 26 64 12 19 44 12 39 36 35 57 27 52 47 22 22 62 19 57 41 31 56 3 56 16 35 18 69 47 24 43 16 12 9 39 15 29 51 25 9 14 5 2 38 14 6 32 34 71 24 61 9 60 5 37 46 7 34 10 44 46 24 32 41 19 16 60 64 73 33 26 51 19 33 17 33 10 66 31 23 39 20 8 30 31 20 33 56 24 21 12 0 5 22 18 8 24 37 94 71 51 41 46 87 61 37 20 30 84 58 31 5 23 87 62 38 23 32 95 72 53 43 49
67 19 37 21 59 17 15 39 11 35 31 31 52 23 48 45 27 27 57 15 53 37 36 52 8 51 19 30 21 65 43 28 38 19 14 11 34 18 24 46 21 9 14 9 7 34 18 2 27 30 66 22 56 8 55 10 32 43 4 30 10 40 41 29 27 39 24 12 55 59 68 29 31 47 15 29 12 28 14 62 26 27 35 25 11 26 26 17 29 52 19 20 16 5 0 17 23 4 20 34 89 67 48 40 49 82 56 33 19 34 80 53 26 2 28 83 58 35 23 36 91 69 51 44 52
50 35 22 5 43 32 11 23 19 26 15 16 38 11 34 39 42 43 41 7 37 30 52 40 24 36 32 14 34 48 29 44 25 34 27 25 18 33 9 30 12 21 23 25 23 21 33 16 14 23 50 25 40 20 42 26 16 32 16 17 21 24 29 45 13 34 40 14 39 43 52 22 47 35 10 13 6 14 29 46 10 41 23 41 26 17 10 19 14 36 4 25 30 22 17 0 38 16 10 26 74 53 39 41 58 66 40 20 24 47 64 37 11 18 44 69 45 28 31 51 79 60 48 50 64
88 12 57 43 79 13 36 61 23 55 52 50 74 45 66 55 6 6 78 37 72 57 15 73 16 72 13 51 13 85 65 7 60 19 22 15 56 19 46 66 39 24 27 16 17 52 7 24 49 45 87 38 76 24 77 15 53 57 23 49 25 60 63 7 47 48 3 33 76 81 89 50 10 68 33 49 33 48 10 82 47 10 57 3 19 48 48 35 51 72 41 35 11 18 23 38 0 25 41 48 108 84 61 43 38 103 77 51 27 18 102 75 48 22 8 105 79 54 33 26 112 88 67 51 46
65 20 37 19 58 17 11 37 14 31 30 31 49 20 48 47 30 30 56 12 52 34 38 48 10 51 23 30 25 64 40 31 36 19 12 15 33 18 22 45 22 7 11 11 9 35 22 3 25 32 65 18 55 6 52 11 31 44 7 31 7 39 38 31 27 41 27 9 55 58 67 26 33 44 16 28 12 28 17 61 25 31 32 27 11 23 25 13 26 51 19 17 19 8 4 16 25 0 17 36 89 67 50 44 53 81 56 33 23 38 78 51 24 4 30 80 54 31 20 36 88 65 47 41 50
50 35 27 9 46 33 7 21 26 18 18 23 33 4 39 48 46 46 43 6 40 21 54 33 26 39 38 19 40 50 24 47 19 32 25 30 21 32 8 33 21 20 20 27 25 29 38 18 9 31 51 18 43 19 36 27 19 40 20 25 19 29 22 48 20 44 43 10 42 43 53 13 49 28 19 19 14 22 33 48 14 46 16 43 26 8 12 13 10 39 12 20 35 24 20 10 41 17 0 35 77 58 47 50 65 67 43 27 32 53 62 35 9 20 46 64 39 19 26 49 72 51 39 42 59
53 50 22 27 37 48 37 37 27 50 26 17 54 36 22 13 48 53 39 32 32 54 62 60 40 32 36 23 37 45 47 51 45 53 47 34 27 52 31 29 15 42 46 42 38 12 41 34 37 4 49 50 37 41 58 42 26 11 31 13 42 23 49 53 18 10 50 39 37 45 49 46 57 55 20 20 25 16 39 42 24 45 44 50 44 41 28 45 35 33 24 50 37 37 34 26 48 36 35 0 63 37 14 22 47 63 37 13 21 47 69 47 32 36 55 81 63 52 55 68 96 81 73 75 85
36 108 53 71 31 105 83 59 86 80 60 59 63 75 43 63 110 113 35 79 38 82 123 73 97 39 97 60 99 29 66 112 68 107 100 94 57 106 70 45 70 95 96 98 95 57 102 89 71 65 29 94 35 94 64 98 59 53 87 60 94 50 70 114 62 67 110 86 36 38 28 81 118 71 76 61 78 62 99 30 65 107 72 111 99 77 66 90 69 39 71 96 98 94 89 74 108 89 77 63 0 27 54 81 107 22 35 58 83 109 43 51 69 91 115 64 70 83 102 124 86 89 100 117 136
36 85 32 51 18 82 63 44 62 66 41 37 56 57 20 36 85 89 24 58 21 69 98 65 73 23 72 40 74 24 54 87 55 85 78 69 39 84 51 27 46 73 75 75 72 33 77 66 54 40 27 75 22 72 58 75 40 27 64 37 73 30 58 90 40 41 86 66 24 32 27 65 93 62 52 40 55 39 74 22 45 82 57 86 77 60 47 71 52 24 50 77 73 71 67 53 84 67 58 37 27 0 27 54 81 35 22 34 58 83 51 43 50 68 91 70 64 69 83 102 89 85 89 100 116
52 64 27 39 34 62 50 44 40 61 34 26 60 47 19 9 61 66 37 45 30 64 75 67 54 31 49 31 50 42 55 64 53 67 61 48 34 66 42 30 29 56 59 56 52 19 54 48 47 18 46 63 35 55 64 56 34 8 45 23 56 27 58 66 28 14 63 52 36 45 46 58 70 63 34 30 39 27 52 39 34 58 54 63 58 52 38 58 45 32 36 63 50 51 48 39 61 50 47 14 54 27 0 27 54 58 34 21 34 58 69 50 42 50 68 83 69 63 68 82 100 89 84 88 99
75 50 43 44 58 49 50 57 30 67 46 38 75 52 42 19 41 47 60 46 53 70 56 79 43 54 30 43 31 66 67 43 64 55 52 34 47 54 48 51 31 49 53 44 42 33 37 41 54 24 70 61 58 48 78 44 47 29 37 34 50 44 68 47 38 14 45 50 59 67 70 62 51 74 32 40 37 36 37 63 43 37 63 45 48 57 46 56 53 54 40 60 34 41 40 41 43 44 50 22 81 54 27 0 27 83 58 34 21 34 91 68 50 42 50 102 83 68 63 68 117 100 88 83 87
99 49 67 61 84 49 62 78 40 82 67 60 95 68 68 45 33 39 85 60 79 85 44 97 47 79 31 64 29 92 86 34 82 56 56 38 69 55 66 75 50 55 60 48 47 57 35 50 71 47 95 70 83 55 98 47 68 55 46 57 56 68 86 37 59 41 39 61 84 92 96 77 42 92 48 62 52 58 39 89 63 29 80 38 52 73 65 65 71 79 58 67 35 46 49 58 38 53 65 47 107 81 54 27 0 109 83 58 34 21 115 91 68 50 42 124 102 82 68 62 136 116 99 87 83
18 100 46 62 26 98 73 46 81 65 51 53 46 64 41 66 105 108 26 69 32 67 117 55 89 32 94 52 96 18 50 108 53 98 91 88 48 97 60 37 65 86 86 91 88 54 97 81 60 63 16 82 27 85 46 91 50 55 81 56 85 44 55 109 56 70 105 76 27 24 15 67 112 55 70 54 71 56 93 22 57 104 58 105 91 65 57 79 57 32 63 85 93 87 82 66 103 81 67 63 22 35 58 83 109 0 27 54 81 107 22 35 58 83 109 43 51 69 91 115 64 70 83 102 124
18 75 20 37 4 72 49 25 55 47 26 27 35 41 16 42 79 82 3 45 5 50 91 44 64 6 67 27 69 9 34 81 35 74 67 62 23 73 36 11 38 61 62 65 62 27 71 56 37 37 12 60 1 60 37 65 25 30 55 29 61 18 38 83 30 44 78 52 3 12 13 47 86 41 44 28 45 29 67 6 31 77 39 79 66 43 32 56 35 5 38 62 67 61 56 40 77 56 43 37 35 22 34 58 83 27 0 27 54 81 35 22 34 58 83 51 43 50 68 91 70 64 69 83 102
42 51 9 19 29 48 30 24 29 40 14 5 42 27 16 24 53 56 29 25 23 43 66 48 40 22 41 11 43 36 35 55 33 51 45 36 14 50 21 18 12 39 42 41 38 3 44 32 26 11 39 44 27 38 45 41 14 14 30 3 39 11 37 57 8 23 53 33 27 34 40 37 60 43 18 9 21 6 41 33 14 51 33 53 43 32 17 38 24 23 16 44 41 37 33 20 51 33 27 13 58 34 21 34 58 54 27 0 27 54 58 34 21 34 58 69 50 42 50 68 83 69 63 68 82
68 32 35 28 55 30 30 45 9 49 34 28 61 34 41 29 27 32 55 27 49 52 42 63 23 49 15 31 17 63 52 30 49 35 31 14 36 34 32 44 17 28 33 24 21 28 20 21 38 19 66 41 54 27 65 24 35 31 16 25 29 37 52 32 26 22 29 29 54 60 67 44 37 58 15 29 19 26 19 60 29 25 46 29 28 39 32 35 38 49 24 39 16 20 19 24 27 23 32 21 83 58 34 21 34 81 54 27 0 27 83 58 34 21 34 91 68 50 42 50 102 83 68 63 68
94 29 62 51 82 29 48 69 28 68 59 55 85 56 67 50 12 18 82 47 76 71 24 85 30 76 16 57 13 89 75 14 71 36 38 23 62 36 55 71 43 38 43 30 30 54 17 35 60 45 92 53 80 39 88 30 60 56 33 52 40 64 74 17 53 44 18 46 80 87 93 63 21 80 39 55 41 52 21 86 54 9 68 18 34 60 56 50 61 76 48 50 19 30 34 47 18 38 53 47 109 83 58 34 21 107 81 54 27 0 109 83 58 34 21 115 91 68 50 42 124 102 82 68 62
17 96 49 59 36 94 68 41 82 55 50 56 33 59 50 76 105 106 32 66 39 56 115 41 87 38 95 53 97 28 40 107 44 93 86 88 48 93 56 41 67 82 80 88 86 58 97 79 54 69 24 74 34 80 31 88 49 64 79 59 81 47 44 108 57 78 103 71 33 24 24 58 110 42 71 55 69 58 92 30 56 105 49 104 87 58 54 72 52 37 62 77 93 84 80 64 102 78 62 69 43 51 69 91 115 22 35 58 83 109 0 27 54 81 107 22 35 58 83 109 43 51 69 91 115
17 70 26 33 25 68 41 15 55 31 25 31 14 32 32 56 79 80 19 39 23 33 88 24 60 21 68 27 71 23 16 81 19 67 60 62 22 66 29 20 41 55 54 61 59 35 70 52 27 45 22 49 21 54 16 62 24 44 53 35 54 25 21 81 32 56 77 45 19 13 23 33 83 21 45 30 43 33 66 23 30 78 24 77 60 32 28 46 25 20 36 52 67 58 53 37 75 51 35 47 51 43 50 68 91 35 22 34 58 83 27 0 27 54 81 35 22 34 58 83 51 43 50 68 91
41 43 19 7 38 41 15 13 30 19 10 17 28 7 32 44 52 53 34 12 32 22 62 30 33 30 43 12 45 41 18 54 15 41 34 35 12 40 3 25 20 29 29 34 32 23 44 25 5 29 43 26 34 28 31 35 10 35 26 20 28 21 19 55 15 41 50 19 33 35 44 16 57 25 20 13 17 16 39 39 8 52 13 50 34 11 5 22 4 30 11 28 40 31 26 11 48 24 9 32 69 50 42 50 68 58 34 21 34 58 54 27 0 27 54 58 34 21 34 58 69 50 42 50 68
68 17 39 22 60 15 15 40 12 35 32 33 53 23 49 47 26 26 58 15 54 37 35 52 7 53 20 32 22 66 43 28 39 18 12 12 36 17 25 47 23 7 12 8 5 36 18 3 28 32 68 21 57 7 56 8 33 45 6 32 8 41 42 28 29 41 23 12 57 61 69 29 30 47 17 30 14 30 14 63 27 27 35 24 9 26 27 16 29 53 21 19 16 5 2 18 22 4 20 36 91 68 50 42 50 83 58 34 21 34 81 54 27 0 27 83 58 34 21 34 91 68 50 42 50
94 13 64 49 86 15 41 67 30 59 59 57 79 50 73 62 10 3 84 42 79 60 8 77 21 78 20 57 20 92 69 8 65 20 24 22 62 19 52 73 46 27 30 20 22 59 15 29 54 52 94 40 83 28 82 20 60 65 29 55 29 66 67 5 54 56 6 37 83 87 95 54 3 72 40 56 39 54 17 89 53 14 61 6 22 52 54 39 56 78 47 37 18 23 28 44 8 30 46 55 115 91 68 50 42 109 83 58 34 21 107 81 54 27 0 109 83 58 34 21 115 91 68 50 42
34 97 60 64 53 95 69 47 87 52 58 65 31 61 65 90 109 109 48 69 54 51 116 34 89 53 100 61 102 46 41 111 45 93 86 93 56 92 60 54 75 83 80 90 88 70 101 82 56 79 43 72 50 82 28 90 57 77 83 69 81 59 42 111 66 90 106 73 49 39 43 56 112 38 77 63 74 67 96 48 62 109 49 107 88 58 60 72 55 52 68 75 98 87 83 69 105 80 64 81 64 70 83 102 124 43 51 69 91 115 22 35 58 83 109 0 27 54 81 107 22 35 58 83 109
34 71 43 41 46 69 43 27 63 25 38 46 9 36 52 74 84 83 41 44 44 25 90 8 63 42 76 41 78 43 17 85 20 66 60 68 37 66 37 40 53 56 54 64 63 52 76 56 31 60 41 45 42 55 6 64 37 62 59 50 55 43 17 85 46 72 80 47 40 33 43 30 86 11 54 43 50 47 71 43 41 84 23 81 62 32 38 45 31 41 45 49 73 62 58 45 79 54 39 63 70 64 69 83 102 51 43 50 68 91 35 22 34 58 83 27 0 27 54 81 35 22 34 58 83
51 45 39 26 54 44 21 26 43 4 30 38 26 17 52 65 59 58 49 24 49 3 64 20 39 47 53 33 56 55 19 60 16 40 34 45 32 40 22 42 39 31 28 39 39 44 52 33 17 49 55 18 49 31 28 40 30 56 37 41 30 40 15 60 35 61 55 23 48 46 56 7 60 17 37 34 32 37 47 54 29 61 12 56 36 12 26 20 19 46 29 22 50 38 35 28 54 31 19 52 83 69 63 68 82 69 50 42 50 68 58 34 21 34 58 54 27 0 27 54 58 34 21 34 58
74 22 52 33 72 21 20 45 33 29 43 47 52 28 64 67 39 35 68 25 66 30 40 47 21 64 38 44 39 75 43 39 39 15 12 31 46 15 33 58 40 15 10 20 22 52 34 22 32 51 76 10 68 15 54 21 44 62 26 48 14 54 40 37 43 61 33 17 67 68 78 26 36 44 35 43 30 45 30 73 39 42 35 34 16 27 37 13 34 64 34 7 33 23 23 31 33 20 26 55 102 83 68 63 68 91 68 50 42 50 83 58 34 21 34 81 54 27 0 27 83 58 34 21 34
98 19 72 54 94 21 43 70 42 56 65 66 78 52 83 78 30 24 91 46 87 56 21 73 29 86 38 65 38 98 69 28 65 18 25 36 68 18 56 80 56 30 30 28 31 70 32 36 57 65 100 36 90 31 81 27 66 78 39 66 31 75 66 25 63 71 24 39 90 92 101 52 21 70 50 64 47 64 31 96 60 34 61 25 26 52 59 38 59 86 54 33 35 32 36 51 26 36 49 68 124 102 82 68 62 115 91 68 50 42 109 83 58 34 21 107 81 54 27 0 109 83 58 34 21
54 103 75 75 72 101 77 60 97 57 71 79 42 69 82 106 117 115 67 78 72 55 122 40 96 71 109 74 112 66 51 118 54 97 91 101 70 97 71 71 87 89 85 96 95 85 109 90 65 94 63 75 69 88 39 97 70 94 92 83 87 75 51 117 79 105 113 79 68 58 64 62 118 45 88 77 84 81 104 68 75 118 57 113 94 65 72 77 65 70 79 79 106 95 91 79 112 88 72 96 86 89 100 117 136 64 70 83 102 124 43 51 69 91 115 22 35 58 83 109 0 27 54 81 107
54 78 62 56 67 77 55 46 76 35 56 64 30 49 73 93 93 91 62 57 65 32 97 22 73 63 87 59 90 64 35 94 37 72 67 79 55 72 52 61 69 65 61 73 72 71 86 67 46 78 62 51 63 64 27 74 55 82 70 68 64 63 32 93 63 90 89 57 62 54 63 40 93 27 69 61 64 65 81 64 58 95 38 89 70 44 54 53 47 62 60 54 84 72 69 60 88 65 51 81 89 85 89 100 116 70 64 69 83 102 51 43 50 68 91 35 22 34 58 83 27 0 27 54 81
66 56 60 46 73 55 39 45 61 24 51 59 38 38 72 86 72 69 67 43 68 21 73 29 53 66 69 54 71 72 36 72 35 49 45 61 52 49 43 62 59 45 40 53 53 65 66 50 37 70 72 30 68 45 38 53 51 77 54 61 43 61 31 71 56 82 67 40 67 63 73 27 70 29 56 55 51 58 62 72 50 75 32 68 49 32 47 34 39 66 50 33 65 53 51 48 67 47 39 73 100 89 84 88 99 83 69 63 68 82 69 50 42 50 68 58 34 21 34 58 54 27 0 27 54
84 39 68 50 86 39 39 58 54 37 59 65 59 43 81 87 56 51 82 44 81 36 53 51 42 79 58 61 59 88 53 56 50 32 32 51 62 33 49 74 60 35 31 41 43 70 53 43 46 71 89 25 82 36 60 41 60 81 47 66 34 70 48 53 61 81 50 37 81 80 90 37 51 50 55 61 50 63 50 87 56 60 46 51 36 40 54 31 49 79 53 25 53 43 44 50 51 41 42 75 117 100 88 83 87 102 83 68 63 68 91 68 50 42 50 83 58 34 21 34 81 54 27 0 27
107 37 85 66 105 39 54 79 60 60 76 80 83 62 97 96 51 44 102 58 99 60 40 76 46 98 58 77 58 109 76 49 72 33 39 54 80 34 66 92 72 44 41 44 47 84 51 51 66 81 110 43 101 45 85 44 77 94 55 80 44 87 72 46 76 89 45 51 101 101 111 58 41 74 66 77 62 77 50 107 72 55 68 45 41 60 71 47 68 97 67 40 54 49 52 64 46 50 59 85 136 116 99 87 83 124 102 82 68 62 115 91 68 50 42 109 83 58 34 21 107 81 54 27 0
