0 60 8 51 61 41 25 27 23 58 12 48 19 27 29 19 33 23 21 34 48 21 33 31 53 28 17 44 12 53 25 17 38 41 34 14 10 31 21 17 58 24 47 32 17 38 55 37 37 41 33 50 12 9 37 43 22 35 18 39 10 24 25 17 28 33 32 13 19 43 45 18 11 35 53 33 27 22 14 47 20 22 32 36 36 16 13 41 23 45 54 46 38 35 35 35 58 15 30 22 88 64 43 32 41 83 57 31 12 28 83 56 31 10 27 88 64 42 31 40 97 76 59 52 57
60 0 56 31 4 50 66 44 41 68 53 46 49 37 47 47 55 38 59 53 36 68 61 68 64 68 71 21 50 66 42 55 47 34 53 57 53 31 45 51 53 39 56 67 55 48 19 29 68 27 31 11 63 52 24 48 66 49 55 28 51 47 42 47 46 28 60 48 53 62 36 44 55 56 63 58 67 39 54 51 45 60 52 30 58 56 49 25 38 37 55 58 62 66 31 46 37 52 70 40 93 83 81 87 101 76 63 60 69 85 60 43 40 52 72 49 26 20 39 64 46 20 9 35 62
8 56 0 51 56 43 20 28 22 62 5 49 21 26 31 20 26 19 26 37 48 18 37 37 57 34 24 39 12 57 26 10 40 40 38 7 3 28 21 10 60 22 50 38 10 40 49 35 42 39 31 46 9 5 33 45 17 37 22 38 8 25 26 18 30 29 26 9 22 47 45 16 4 39 56 37 33 18 17 49 20 16 35 35 40 10 12 39 19 45 57 49 42 40 34 37 58 8 36 21 93 69 50 39 46 86 60 36 19 30 84 57 31 5 24 87 62 39 24 33 95 73 54 45 50
51 31 51 0 34 22 67 26 29 38 50 16 33 26 26 33 63 34 40 28 6 68 36 45 34 46 55 37 40 37 27 55 21 11 28 55 49 26 31 51 22 29 27 44 55 21 44 17 42 14 21 28 59 46 32 20 66 25 38 14 43 29 27 35 26 30 66 43 36 34 8 36 52 31 33 34 45 36 39 22 32 62 29 17 32 55 40 16 35 10 25 29 36 41 18 22 9 51 48 31 64 53 56 69 89 47 33 37 55 79 37 13 22 47 73 37 14 22 47 73 48 34 37 56 79
61 4 56 34 0 52 64 46 42 71 52 49 50 38 49 48 52 38 60 55 39 67 63 70 67 70 72 19 51 69 44 54 50 37 56 56 53 31 46 50 56 39 59 69 54 50 16 31 70 29 32 11 62 52 24 50 65 51 56 31 51 48 44 48 48 28 58 48 54 65 39 44 55 58 66 60 68 39 54 54 46 59 54 32 60 55 50 27 38 40 58 61 64 68 32 49 41 52 72 41 97 86 83 88 101 79 66 62 69 85 64 47 41 52 71 53 30 21 37 62 49 23 5 32 59
41 50 43 22 52 0 62 16 24 22 44 9 22 24 13 23 63 33 22 8 17 60 15 24 17 26 39 48 31 18 19 50 4 16 8 49 42 29 23 48 18 27 8 22 50 3 58 24 21 24 25 43 51 38 40 4 60 6 23 23 36 18 19 25 14 36 65 37 22 13 15 30 46 10 16 13 25 35 27 7 24 58 10 23 10 50 31 27 35 14 15 9 14 19 23 7 24 46 27 27 53 35 34 50 72 44 19 16 40 66 44 19 16 40 66 53 36 34 50 73 68 55 54 65 84
25 66 20 67 64 62 0 47 40 82 19 68 41 43 50 39 16 34 45 56 66 6 56 55 76 52 39 46 32 76 44 13 59 58 57 14 20 43 40 17 79 39 69 56 13 60 54 51 61 54 47 56 13 24 42 64 4 56 42 54 27 44 44 37 49 41 12 26 41 67 63 33 17 58 76 56 52 32 36 68 38 6 54 51 59 13 31 54 33 63 76 69 62 59 50 56 75 17 54 38 112 88 67 51 46 105 79 55 33 26 102 75 49 22 7 103 77 51 27 18 109 84 61 43 38
27 44 28 26 46 16 47 0 9 38 28 22 8 10 5 8 47 18 16 13 22 45 18 25 32 24 30 36 16 33 4 34 13 15 14 34 27 17 7 32 32 11 24 24 34 14 48 16 26 19 15 35 36 23 28 18 45 11 12 17 20 4 4 10 3 23 49 22 11 25 19 14 30 16 31 16 23 20 14 22 9 42 11 15 17 35 16 20 20 19 30 24 22 24 14 10 32 31 27 11 68 49 38 45 63 59 35 18 30 54 57 30 5 25 51 62 39 26 35 57 73 55 46 52 68
23 41 22 29 42 24 40 9 0 46 22 29 9 4 13 6 39 10 20 21 27 40 26 31 40 30 31 30 12 41 5 27 21 18 22 27 21 11 5 25 39 4 32 30 27 21 41 14 33 18 11 31 31 17 22 25 38 19 15 17 15 9 5 7 11 17 42 15 13 33 24 7 24 24 39 24 28 12 13 30 5 35 19 14 25 28 11 19 11 23 38 32 29 31 13 18 36 24 32 3 76 57 45 47 62 67 42 25 29 50 63 36 9 19 45 66 41 22 27 49 75 54 42 44 60
58 68 62 38 71 22 82 38 46 0 64 23 42 46 33 44 84 55 38 26 33 79 27 32 6 35 51 69 51 6 41 70 26 37 25 69 62 51 44 68 18 48 15 30 70 25 79 45 25 45 47 63 70 58 62 23 79 27 41 44 56 39 41 46 35 58 86 58 41 16 33 51 65 24 7 26 35 57 46 18 45 78 28 44 23 70 51 47 57 32 14 14 21 26 45 29 34 67 35 48 31 16 32 56 82 27 6 28 54 81 38 27 38 60 85 55 48 55 72 94 74 69 74 87 106
12 53 5 50 52 44 19 28 22 64 0 50 23 25 32 21 22 17 29 39 48 18 40 41 58 37 28 35 14 59 26 7 41 40 39 6 3 26 22 6 60 21 51 41 7 41 45 34 45 37 29 43 11 7 29 45 17 38 25 36 9 26 26 19 31 26 23 7 24 49 45 15 3 41 58 39 37 15 19 50 20 14 36 33 42 7 13 37 16 45 58 51 45 43 32 38 57 3 40 20 95 72 53 44 50 87 62 38 23 33 84 57 31 4 24 86 60 36 20 30 93 70 50 40 46
48 46 49 16 49 9 68 22 29 23 50 0 29 27 19 29 67 37 31 17 10 67 24 33 18 35 47 47 37 21 24 55 10 15 17 55 48 31 28 53 11 30 11 31 55 10 57 24 29 23 26 41 58 44 41 6 66 14 31 22 42 25 24 31 20 37 70 43 30 19 11 35 52 18 17 22 33 39 34 6 30 63 18 23 19 56 37 25 38 9 11 13 22 27 23 13 16 52 36 31 51 38 41 58 81 39 18 25 48 74 36 10 20 46 73 44 28 33 53 77 60 49 51 66 86
19 49 21 33 50 22 41 8 9 42 23 29 0 12 10 3 43 16 11 17 30 39 19 23 36 21 23 38 9 37 8 29 20 23 17 27 21 20 4 27 39 12 29 22 29 20 50 21 25 25 19 40 29 17 30 24 38 16 7 23 14 5 8 4 9 25 44 17 5 28 27 11 24 19 36 18 20 18 7 29 5 36 14 20 20 29 10 26 18 26 36 29 23 23 20 17 39 25 24 10 73 51 37 39 56 65 40 18 22 46 64 38 12 19 45 70 46 30 33 52 81 61 50 52 65
27 37 26 26 38 24 43 10 4 46 25 27 12 0 14 10 40 10 23 22 24 42 27 33 40 32 35 27 15 41 7 30 21 15 22 30 24 8 9 27 38 4 32 33 30 21 39 11 34 14 7 28 34 21 19 24 41 19 18 13 18 11 7 11 12 14 43 18 17 33 21 11 27 25 39 26 31 13 17 29 9 37 20 10 26 30 15 15 12 21 36 32 31 33 9 17 33 26 35 6 76 57 47 51 66 65 42 26 33 54 60 34 8 22 48 62 37 18 27 51 71 50 38 43 61
29 47 31 26 49 13 50 5 13 33 32 19 10 14 0 11 51 22 14 8 22 48 14 22 28 22 30 41 19 28 8 38 10 16 9 37 30 21 11 36 29 16 20 20 38 10 52 19 21 21 18 39 39 26 33 14 48 7 12 19 24 6 8 13 2 28 53 25 11 20 19 19 34 11 27 12 20 25 16 19 13 46 6 18 13 38 19 23 24 18 27 20 17 19 17 7 31 34 24 16 64 44 34 43 63 56 30 14 30 55 55 28 8 28 54 61 40 29 40 61 74 57 50 57 73
19 47 20 33 48 23 39 8 6 44 21 29 3 10 11 0 41 14 14 18 30 38 21 26 38 24 25 35 9 39 6 27 21 22 19 26 20 17 2 25 40 9 31 25 27 21 47 20 28 23 17 37 29 16 27 25 37 18 9 21 13 6 6 3 10 22 42 15 8 30 26 8 23 21 38 20 23 15 8 30 2 35 16 18 22 27 9 24 15 26 37 31 26 26 18 17 39 23 26 8 75 53 40 41 57 66 41 20 24 47 64 38 12 17 44 69 45 28 30 50 79 60 47 49 63
33 55 26 63 52 63 16 47 39 84 22 67 43 40 51 41 0 30 50 58 63 21 61 62 78 59 49 34 34 79 44 16 60 54 59 20 24 38 41 17 77 37 70 62 16 60 40 46 66 49 42 46 24 28 33 63 19 57 46 49 30 46 44 39 49 33 6 27 45 70 60 33 22 61 78 60 58 28 41 69 39 13 56 46 62 17 34 48 29 60 76 71 66 65 45 56 71 19 61 36 115 93 75 63 62 105 81 59 43 41 99 73 47 26 22 97 70 43 17 11 99 74 49 28 25
23 38 19 34 38 33 34 18 10 55 17 37 16 10 22 14 30 0 27 30 33 34 34 39 49 37 35 23 13 50 15 21 30 25 31 22 16 10 13 18 48 7 41 38 21 30 35 18 41 21 13 28 27 15 16 34 33 28 22 20 13 18 15 13 21 11 33 11 20 42 30 7 19 33 48 33 36 3 18 39 12 28 28 18 34 22 12 21 2 30 46 42 38 39 17 27 42 17 39 7 85 66 53 51 63 75 51 33 32 48 69 43 18 15 40 70 44 20 18 41 77 54 37 36 51
21 59 26 40 60 22 45 16 20 38 29 31 11 23 14 14 50 27 0 15 35 42 12 13 32 10 17 49 17 32 17 35 21 29 15 33 27 30 15 34 39 23 27 13 35 21 60 31 16 34 29 50 33 23 41 25 42 17 5 32 21 13 17 14 14 36 51 25 7 22 32 21 30 15 32 12 9 28 10 28 16 42 13 30 15 35 18 35 29 31 35 26 17 15 29 19 44 32 13 21 68 44 26 30 51 63 37 10 18 45 66 41 20 25 48 74 53 40 43 59 87 70 61 62 74
34 53 37 28 55 8 56 13 21 26 39 17 17 22 8 18 58 30 15 0 23 54 9 17 20 19 31 48 25 21 16 45 8 20 1 43 37 29 18 43 25 24 13 16 45 8 59 25 15 27 25 45 45 33 40 11 54 4 16 25 30 13 16 20 10 35 60 32 16 12 21 26 40 4 20 6 17 32 21 14 20 52 3 24 5 45 26 29 32 19 21 13 10 13 24 7 31 41 20 23 57 36 29 42 65 50 24 9 33 59 51 27 15 35 60 61 42 36 47 68 75 61 57 64 81
48 36 48 6 39 17 66 22 27 33 48 10 30 24 22 30 63 33 35 23 0 66 31 40 28 41 51 40 37 31 24 53 16 9 23 53 47 26 28 50 18 28 21 38 53 16 48 17 37 15 21 32 57 44 34 14 65 19 34 15 41 26 24 32 22 31 66 41 32 28 4 34 50 25 27 28 40 35 36 16 30 61 23 17 26 54 37 17 35 4 20 23 30 35 18 17 10 50 43 29 59 48 50 64 85 45 28 31 51 76 37 11 18 45 71 40 20 25 48 73 53 39 42 58 80
21 68 18 68 67 60 6 45 40 79 18 67 39 42 48 38 21 34 42 54 66 0 54 52 74 48 34 49 30 73 43 14 58 57 55 13 19 44 39 18 77 39 67 53 14 58 58 51 57 55 47 58 10 23 45 62 3 55 39 54 26 43 43 36 47 42 18 25 39 64 63 33 16 56 73 54 48 33 34 67 37 10 52 51 57 13 30 54 34 62 75 67 59 56 50 55 75 17 50 38 109 85 63 46 41 103 77 52 29 21 102 75 48 22 6 104 78 53 31 23 110 86 65 48 43
33 61 37 36 63 15 56 18 26 27 40 24 19 27 14 21 61 34 12 9 31 54 0 9 21 11 26 54 27 21 21 46 16 28 8 44 38 35 22 44 30 29 17 8 46 16 65 33 8 35 32 53 44 34 46 19 53 13 15 33 31 17 21 23 16 41 62 34 16 11 29 29 41 6 21 3 10 36 21 20 23 53 9 31 6 46 27 36 36 27 26 16 6 6 31 15 39 42 13 28 56 33 21 35 59 52 26 2 29 55 57 34 22 36 59 68 50 43 51 70 83 69 64 70 84
31 68 37 45 70 24 55 25 31 32 41 33 23 33 22 26 62 39 13 17 40 52 9 0 27 4 21 60 29 26 27 47 25 36 17 44 38 41 26 46 38 34 25 2 47 24 72 40 7 42 39 60 43 35 52 27 52 21 17 40 33 23 27 26 23 47 62 36 19 17 38 33 41 15 27 12 4 40 22 28 28 53 17 39 14 46 30 44 40 36 34 23 13 7 38 24 48 43 4 33 59 34 14 27 52 58 32 9 25 51 65 42 29 37 57 76 59 50 55 70 92 78 71 74 86
53 64 57 34 67 17 76 32 40 6 58 18 36 40 28 38 78 49 32 20 28 74 21 27 0 31 46 64 45 4 35 65 20 31 20 63 57 46 38 62 16 43 9 25 65 20 74 40 21 40 42 58 64 52 57 17 73 21 35 38 50 33 35 40 29 52 80 52 35 11 29 46 60 18 1 21 30 51 40 13 40 72 23 38 18 65 46 42 51 27 11 8 16 21 39 23 31 61 31 43 37 20 30 53 78 32 5 23 49 76 39 24 32 55 79 55 45 50 66 88 73 66 69 82 100
28 68 34 46 70 26 52 24 30 35 37 35 21 32 22 24 59 37 10 19 41 48 11 4 31 0 17 59 26 29 26 43 26 37 19 41 35 40 25 42 41 32 28 6 43 26 70 40 11 42 38 59 40 32 51 29 49 22 15 41 30 22 26 24 23 46 59 34 17 21 39 31 38 17 31 14 2 38 20 31 26 49 18 38 17 43 27 44 38 37 37 26 16 10 38 25 49 40 3 31 63 38 17 24 48 62 35 11 21 47 68 45 29 34 54 79 60 50 52 67 93 78 70 72 83
17 71 24 55 72 39 39 30 31 51 28 47 23 35 30 25 49 35 17 31 51 34 26 21 46 17 0 57 22 45 30 33 38 45 31 30 26 41 27 33 55 33 43 22 33 37 69 44 27 48 42 61 27 24 50 41 35 33 18 46 23 27 30 24 30 45 48 28 20 36 48 28 27 30 46 27 17 35 18 44 27 37 29 43 31 32 23 49 36 47 51 41 31 26 43 35 60 31 18 31 79 53 29 17 34 78 51 25 6 31 82 57 35 26 39 90 69 52 46 55 103 84 71 67 73
44 21 39 37 19 48 46 36 30 69 35 47 38 27 41 35 34 23 49 48 40 49 54 60 64 59 57 0 36 66 33 35 45 33 49 38 36 20 34 32 57 27 55 59 35 45 12 25 61 25 23 13 44 36 9 47 46 45 44 26 35 38 33 35 39 14 39 31 42 59 38 30 37 51 63 52 57 23 41 52 33 40 46 26 53 36 35 23 22 39 58 57 57 59 25 42 45 34 61 28 98 83 74 74 84 84 65 53 54 67 72 49 33 35 52 66 40 15 19 44 66 40 16 19 44
12 50 12 40 51 31 32 16 12 51 14 37 9 15 19 9 34 13 17 25 37 30 27 29 45 26 22 36 0 46 14 20 29 29 26 18 12 20 10 18 48 12 38 29 20 29 48 25 33 29 22 40 21 8 28 33 29 25 12 28 5 13 14 6 18 23 36 8 11 36 34 7 15 27 45 26 25 14 7 37 8 27 23 25 29 20 1 29 14 34 45 38 32 31 24 25 47 16 29 11 82 59 42 39 52 74 49 25 19 39 72 46 19 10 36 76 52 31 27 43 86 65 50 47 58
53 66 57 37 69 18 76 33 41 6 59 21 37 41 28 39 79 50 32 21 31 73 21 26 4 29 45 66 46 0 36 65 22 34 20 63 57 47 38 63 19 44 11 24 65 21 76 42 19 42 43 61 64 53 58 20 73 22 35 40 50 34 36 40 30 54 80 53 35 10 31 46 60 19 4 20 29 52 40 16 40 72 23 40 18 65 46 44 52 29 14 9 15 20 41 24 34 61 29 44 37 18 27 51 77 33 8 22 49 75 42 27 34 55 79 58 48 52 67 88 76 69 72 83 101
25 42 26 27 44 19 44 4 5 41 26 24 8 7 8 6 44 15 17 16 24 43 21 27 35 26 30 33 14 36 0 32 16 16 17 31 25 14 5 29 35 8 27 26 32 17 45 15 28 18 13 33 34 21 25 20 42 14 13 16 18 5 0 8 7 20 46 19 11 28 21 12 28 19 34 19 25 17 13 25 6 39 14 13 21 32 14 19 16 20 33 27 25 26 13 13 33 28 29 8 71 52 41 46 63 62 38 20 29 52 59 32 6 22 49 63 39 24 32 54 74 55 44 49 65
17 55 10 55 54 50 13 34 27 70 7 55 29 30 38 27 16 21 35 45 53 14 46 47 65 43 33 35 20 65 32 0 47 45 46 4 9 30 28 4 66 26 57 47 0 47 45 38 51 42 34 45 10 13 31 51 12 44 31 41 15 32 32 25 37 28 16 13 30 56 50 21 6 47 64 46 43 19 26 56 26 8 43 38 48 2 20 41 20 50 64 57 51 50 37 44 62 4 45 25 101 78 59 48 50 93 68 44 28 32 89 63 36 11 19 91 64 39 18 24 97 72 51 38 41
38 47 40 21 50 4 59 13 21 26 41 10 20 21 10 21 60 30 21 8 16 58 16 25 20 26 38 45 29 22 16 47 0 14 8 46 40 26 20 45 20 24 12 23 47 1 55 21 22 22 22 41 49 36 37 5 57 5 21 20 33 16 16 23 11 33 62 35 20 15 14 27 43 10 19 13 25 32 25 9 22 55 9 19 12 48 29 24 32 12 17 13 15 20 20 4 24 43 28 24 56 38 35 50 72 46 22 16 39 65 45 20 13 38 64 53 35 31 47 70 68 54 52 62 81
41 34 40 11 37 16 58 15 18 37 40 15 23 15 16 22 54 25 29 20 9 57 28 36 31 37 45 33 29 34 16 45 14 0 20 45 39 18 20 42 25 19 23 35 45 14 43 9 35 9 13 28 49 35 27 15 56 16 27 8 33 19 16 24 16 24 58 33 25 29 6 25 42 23 31 25 35 27 29 19 21 52 20 9 24 45 29 11 26 7 25 25 28 33 10 13 18 41 39 20 65 51 48 59 78 52 32 28 44 68 45 19 11 36 63 48 25 19 40 65 59 42 39 52 73
34 53 38 28 56 8 57 14 22 25 39 17 17 22 9 19 59 31 15 1 23 55 8 17 20 19 31 49 26 20 17 46 8 20 0 44 38 29 19 43 25 25 13 16 46 8 59 26 15 27 26 46 46 33 41 11 54 5 17 25 31 14 17 21 11 36 61 33 16 11 21 27 41 3 19 6 17 33 21 14 21 53 4 24 5 46 27 29 33 19 21 12 9 13 24 8 31 42 20 24 56 35 28 42 65 49 23 9 33 59 51 26 16 35 61 61 42 36 48 69 75 61 57 65 81
14 57 7 55 56 49 14 34 27 69 6 55 27 30 37 26 20 22 33 43 53 13 44 44 63 41 30 38 18 63 31 4 46 45 44 0 7 31 27 7 65 26 56 44 4 46 48 39 49 42 35 47 7 11 33 51 12 43 29 41 14 31 31 24 36 30 19 13 29 54 50 20 4 45 63 44 40 20 24 55 25 10 41 39 46 3 18 42 21 50 63 56 49 47 38 43 63 5 43 25 99 76 56 44 47 92 66 42 24 29 89 63 36 9 19 91 66 41 22 27 98 74 54 41 44
10 53 3 49 53 42 20 27 21 62 3 48 21 24 30 20 24 16 27 37 47 19 38 38 57 35 26 36 12 57 25 9 40 39 38 7 0 26 21 8 59 20 50 39 9 40 46 33 43 37 29 43 11 5 30 44 18 37 23 36 7 25 25 18 29 26 25 7 22 48 44 14 4 39 56 37 35 15 17 49 19 16 35 33 40 9 12 36 16 44 56 49 43 41 32 36 56 5 38 19 93 70 51 42 48 86 60 36 21 33 83 56 29 3 25 85 60 36 21 32 93 70 51 42 48
31 31 28 26 31 29 43 17 11 51 26 31 20 8 21 17 38 10 30 29 26 44 35 41 46 40 41 20 20 47 14 30 26 18 29 31 26 0 16 27 42 9 37 40 30 27 31 9 42 12 5 21 36 24 12 29 42 26 26 12 22 18 14 17 20 7 41 20 24 40 23 14 28 32 45 33 39 12 24 34 15 37 27 9 33 31 20 11 10 24 41 38 38 40 8 24 34 27 42 10 81 64 55 58 71 69 47 34 39 57 62 36 14 24 49 61 35 12 23 48 68 45 31 36 56
21 45 21 31 46 23 40 7 5 44 22 28 4 9 11 2 41 13 15 18 28 39 22 26 38 25 27 34 10 38 5 28 20 20 19 27 21 16 0 25 39 8 30 26 28 20 46 18 28 22 15 36 30 17 26 24 38 17 10 20 14 5 5 4 9 21 43 15 9 30 25 8 24 21 37 20 24 15 9 29 2 36 16 17 22 28 10 22 15 25 37 30 26 27 16 17 38 24 27 7 74 53 40 43 59 66 41 20 25 48 63 37 10 18 45 68 44 26 30 51 78 58 46 48 63
17 51 10 51 50 48 17 32 25 68 6 53 27 27 36 25 17 18 34 43 50 18 44 46 62 42 33 32 18 63 29 4 45 42 43 7 8 27 25 0 63 23 55 46 4 45 42 35 50 38 31 41 13 11 28 49 16 42 29 37 14 30 29 23 34 25 18 11 29 54 47 18 7 45 62 44 42 16 24 54 24 11 40 35 46 5 17 38 17 47 61 55 49 48 34 41 59 3 45 22 99 77 58 49 53 90 66 43 28 35 86 60 33 9 23 87 61 36 16 26 93 69 48 36 41
58 53 60 22 56 18 79 32 39 18 60 11 39 38 29 40 77 48 39 25 18 77 30 38 16 41 55 57 48 19 35 66 20 25 25 65 59 42 39 63 0 41 14 37 66 20 65 34 33 33 37 49 68 55 51 15 76 23 40 32 52 35 35 42 31 48 80 53 39 22 20 46 62 25 15 28 40 50 44 11 41 74 27 33 25 66 48 35 49 19 5 16 26 32 34 23 17 62 42 42 42 33 44 65 89 28 12 31 57 83 27 10 31 57 83 40 31 42 64 88 58 52 59 76 97
24 39 22 29 39 27 39 11 4 48 21 30 12 4 16 9 37 7 23 24 28 39 29 34 43 32 33 27 12 44 8 26 24 19 25 26 20 9 8 23 41 0 34 33 26 24 38 14 36 17 10 29 30 17 19 27 37 22 18 16 15 12 8 9 14 14 40 14 16 35 25 7 23 27 42 27 31 9 16 32 7 34 22 13 28 27 12 18 9 25 40 35 32 34 12 20 37 22 35 2 79 59 48 49 64 69 45 28 31 51 64 37 11 18 44 66 41 20 24 47 74 53 39 41 58
47 56 50 27 59 8 69 24 32 15 51 11 29 32 20 31 70 41 27 13 21 67 17 25 9 28 43 55 38 11 27 57 12 23 13 56 50 37 30 55 14 34 0 23 57 11 65 31 20 31 33 50 58 45 48 9 67 14 29 30 43 25 27 33 21 44 72 45 29 9 21 38 53 13 8 16 27 43 34 5 32 65 16 30 13 58 38 34 43 19 9 3 13 19 30 15 25 54 29 34 45 28 32 52 76 37 11 19 45 71 40 19 24 47 73 52 39 41 58 80 69 59 61 73 92
32 67 38 44 69 22 56 24 30 30 41 31 22 33 20 25 62 38 13 16 38 53 8 2 25 6 22 59 29 24 26 47 23 35 16 44 39 40 26 46 37 33 23 0 47 23 71 39 5 41 38 59 44 35 51 26 53 20 17 39 33 22 26 26 22 46 63 37 19 16 36 32 41 13 26 10 6 40 22 27 27 53 16 37 12 47 30 43 40 34 32 21 11 5 37 22 46 44 6 32 58 33 15 29 53 57 30 8 26 52 63 41 28 37 58 75 57 49 55 71 90 76 70 74 86
17 55 10 55 54 50 13 34 27 70 7 55 29 30 38 27 16 21 35 45 53 14 46 47 65 43 33 35 20 65 32 0 47 45 46 4 9 30 28 4 66 26 57 47 0 47 45 38 51 42 34 45 10 13 31 51 12 44 31 41 15 32 32 25 37 28 16 13 30 56 50 21 6 47 64 46 43 19 26 56 26 8 43 38 48 2 20 41 20 50 64 57 51 50 37 44 62 4 45 25 101 78 59 48 50 93 68 44 28 32 89 63 36 11 19 91 64 39 18 24 97 72 51 38 41
38 48 40 21 50 3 60 14 21 25 41 10 20 21 10 21 60 30 21 8 16 58 16 24 20 26 37 45 29 21 17 47 1 14 8 46 40 27 20 45 20 24 11 23 47 0 55 21 21 22 23 41 49 36 38 5 57 4 21 20 33 16 17 23 11 33 62 35 20 15 14 28 43 10 19 13 25 33 25 9 22 55 9 20 11 48 29 24 32 12 17 12 15 20 20 4 24 44 27 24 56 38 35 49 71 46 22 16 39 64 45 20 13 38 64 54 35 32 47 70 68 54 52 63 81
55 19 49 44 16 58 54 48 41 79 45 57 50 39 52 47 40 35 60 59 48 58 65 72 74 70 69 12 48 76 45 45 55 43 59 48 46 31 46 42 65 38 65 71 45 55 0 35 73 34 34 17 54 47 20 57 55 56 56 36 47 49 45 47 50 25 46 43 54 70 46 42 47 62 73 63 69 34 53 61 45 49 57 36 64 46 47 32 34 48 67 67 68 71 36 53 52 44 73 40 107 93 85 86 94 91 74 65 66 77 77 57 44 46 61 68 43 24 27 49 64 37 11 17 44
37 29 35 17 31 24 51 16 14 45 34 24 21 11 19 20 46 18 31 25 17 51 33 40 40 40 44 25 25 42 15 38 21 9 26 39 33 9 18 35 34 14 31 39 38 21 35 0 40 4 5 21 43 30 18 23 50 22 27 3 28 19 15 21 18 15 50 27 25 35 14 20 36 28 39 30 38 20 27 27 19 45 24 2 30 39 25 5 19 15 34 33 34 38 2 19 25 35 42 15 74 59 53 60 76 61 41 32 43 64 53 27 11 31 57 53 27 11 31 57 61 41 32 43 64
37 68 42 42 70 21 61 26 33 25 45 29 25 34 21 28 66 41 16 15 37 57 8 7 21 11 27 61 33 19 28 51 22 35 15 49 43 42 28 50 33 36 20 5 51 21 73 40 0 42 39 60 48 39 53 24 58 19 21 40 37 24 28 29 23 48 67 40 22 12 35 36 46 12 21 10 10 43 26 24 30 58 16 38 11 51 33 43 43 33 28 18 8 2 38 22 44 48 10 35 53 28 14 33 58 52 26 9 31 57 59 38 29 41 63 72 56 50 58 75 88 75 71 76 90
41 27 39 14 29 24 54 19 18 45 37 23 25 14 21 23 49 21 34 27 15 55 35 42 40 42 48 25 29 42 18 42 22 9 27 42 37 12 22 38 33 17 31 41 42 22 34 4 42 0 8 19 47 34 19 23 53 23 30 2 32 22 18 25 20 17 53 31 29 37 13 24 40 30 39 32 41 23 30 27 22 49 26 5 32 42 29 3 22 14 33 33 36 40 6 20 22 38 45 19 73 59 55 63 80 59 40 34 46 68 50 25 14 35 60 49 24 11 33 60 57 37 30 44 66
33 31 31 21 32 25 47 15 11 47 29 26 19 7 18 17 42 13 29 25 21 47 32 39 42 38 42 23 22 43 13 34 22 13 26 35 29 5 15 31 37 10 33 38 34 23 34 5 39 8 0 21 39 26 15 25 46 22 25 7 24 17 13 18 17 11 46 23 23 36 18 16 32 29 41 30 37 15 24 30 15 41 24 5 30 35 21 8 14 19 37 34 35 37 4 20 29 30 41 12 77 60 52 58 73 64 43 31 40 60 57 31 11 27 53 57 31 12 27 53 65 44 32 40 61
50 11 46 28 11 43 56 35 31 63 43 41 40 28 39 37 46 28 50 45 32 58 53 60 58 59 61 13 40 61 33 45 41 28 46 47 43 21 36 41 49 29 50 59 45 41 17 21 60 19 21 0 53 42 14 42 56 42 46 21 41 38 33 38 38 18 51 38 44 55 31 34 45 49 58 50 58 29 44 46 35 50 44 22 50 46 39 17 28 32 51 52 55 58 22 39 35 42 62 31 91 78 73 78 91 74 58 52 59 75 61 41 31 42 63 54 28 10 30 56 54 29 12 30 56
12 63 9 59 62 51 13 36 31 70 11 58 29 34 39 29 24 27 33 45 57 10 44 43 64 40 27 44 21 64 34 10 49 49 46 7 11 36 30 13 68 30 58 44 10 49 54 43 48 47 39 53 0 14 39 53 10 45 30 46 17 34 34 27 38 36 22 17 30 55 54 24 8 46 64 44 39 25 25 58 28 12 43 43 47 9 21 47 26 54 65 57 50 47 42 45 66 11 41 29 100 76 55 40 41 94 68 43 21 23 93 66 39 13 16 96 70 46 28 29 103 80 60 47 48
9 52 5 46 52 38 24 23 17 58 7 44 17 21 26 16 28 15 23 33 44 23 34 35 52 32 24 36 8 53 21 13 36 35 33 11 5 24 17 11 55 17 45 35 13 36 47 30 39 34 26 42 14 0 29 40 22 33 19 33 3 21 21 14 25 25 29 5 18 43 40 11 8 35 52 33 31 14 13 45 15 20 30 30 36 13 8 34 15 40 52 45 39 37 29 32 53 9 34 16 89 66 48 40 49 81 56 32 20 34 79 52 26 3 29 82 57 34 23 36 90 68 51 44 52
37 24 33 32 24 40 42 28 22 62 29 41 30 19 33 27 33 16 41 40 34 45 46 52 57 51 50 9 28 58 25 31 37 27 41 33 30 12 26 28 51 19 48 51 31 38 20 18 53 19 15 14 39 29 0 40 43 37 36 20 28 30 25 27 31 6 38 25 34 51 31 22 31 43 56 44 49 16 33 45 25 37 38 19 45 32 27 17 15 33 51 49 49 51 18 35 40 29 53 20 92 75 66 67 77 78 58 45 47 61 68 44 25 28 49 64 38 11 17 44 67 42 22 26 48
43 48 45 20 50 4 64 18 25 23 45 6 24 24 14 25 63 34 25 11 14 62 19 27 17 29 41 47 33 20 20 51 5 15 11 51 44 29 24 49 15 27 9 26 51 5 57 23 24 23 25 42 53 40 40 0 62 9 25 21 37 20 20 27 16 36 66 39 25 15 13 31 47 13 17 16 28 36 29 6 26 59 13 22 14 52 33 25 35 11 13 11 17 22 22 8 21 48 31 28 53 37 37 53 75 42 19 19 43 69 41 16 17 42 68 50 33 33 50 74 65 53 53 65 84
22 66 17 66 65 60 4 45 38 79 17 66 38 41 48 37 19 33 42 54 65 3 53 52 73 49 35 46 29 73 42 12 57 56 54 12 18 42 38 16 76 37 67 53 12 57 55 50 58 53 46 56 10 22 43 62 0 54 39 53 25 42 42 35 46 40 15 24 39 64 61 31 15 55 73 54 48 31 34 66 36 7 52 50 56 12 29 53 32 61 74 66 59 56 49 54 74 16 51 36 109 85 64 47 43 103 77 52 30 23 100 74 47 20 7 102 76 51 28 21 108 84 62 45 41
35 49 37 25 51 6 56 11 19 27 38 14 16 19 7 18 57 28 17 4 19 55 13 21 21 22 33 45 25 22 14 44 5 16 5 43 37 26 17 42 23 22 14 20 44 4 56 22 19 23 22 42 45 33 37 9 54 0 17 21 30 12 14 20 8 33 59 32 17 15 17 25 40 8 21 10 21 30 21 13 19 52 5 20 9 45 26 25 30 15 20 14 13 17 20 3 28 41 24 22 58 39 33 46 67 49 24 13 35 61 49 24 12 34 60 58 38 32 45 67 71 57 53 62 79
18 55 22 38 56 23 42 12 15 41 25 31 7 18 12 9 46 22 5 16 34 39 15 17 35 15 18 44 12 35 13 31 21 27 17 29 23 26 10 29 40 18 29 17 31 21 56 27 21 30 25 46 30 19 36 25 39 17 0 29 16 9 13 10 12 31 47 20 2 25 31 16 26 17 35 15 14 23 6 29 11 38 14 26 18 31 13 32 24 30 37 28 21 19 25 18 43 28 18 16 71 48 31 33 52 65 39 14 18 44 66 40 17 21 45 73 51 36 38 55 85 67 56 57 69
39 28 38 14 31 23 54 17 17 44 36 22 23 13 19 21 49 20 32 25 15 54 33 40 38 41 46 26 28 40 16 41 20 8 25 41 36 12 20 37 32 16 30 39 41 20 36 3 40 2 7 21 46 33 20 21 53 21 29 0 31 20 16 23 18 17 53 29 27 35 12 23 39 28 38 30 39 22 29 26 21 48 24 4 30 41 27 4 21 13 32 32 34 38 4 18 23 37 43 18 72 58 53 61 78 59 39 32 45 66 50 25 12 34 59 50 25 12 33 59 59 39 32 45 66
10 51 8 43 51 36 27 20 15 56 9 42 14 18 24 13 30 13 21 30 41 26 31 33 50 30 23 35 5 50 18 15 33 33 31 14 7 22 14 14 52 15 43 33 15 33 47 28 37 32 24 41 17 3 28 37 25 30 16 31 0 18 18 11 22 24 31 5 16 41 38 8 11 32 49 31 29 13 11 42 12 23 28 27 33 15 5 32 14 38 50 43 36 35 27 30 50 12 32 13 86 64 46 40 50 79 53 30 19 36 76 50 23 5 31 80 55 33 24 39 88 67 50 44 54
24 47 25 29 48 18 44 4 9 39 26 25 5 11 6 6 46 18 13 13 26 43 17 23 33 22 27 38 13 34 5 32 16 19 14 31 25 18 5 30 35 12 25 22 32 16 49 19 24 22 17 38 34 21 30 20 42 12 9 20 18 0 5 8 5 24 48 20 8 25 23 13 28 16 33 16 21 20 11 25 7 40 11 17 17 33 14 23 19 22 32 26 21 22 17 12 35 29 24 11 70 49 37 42 60 61 36 16 26 51 60 33 9 23 49 65 43 28 35 55 77 58 49 53 68
25 42 26 27 44 19 44 4 5 41 26 24 8 7 8 6 44 15 17 16 24 43 21 27 35 26 30 33 14 36 0 32 16 16 17 31 25 14 5 29 35 8 27 26 32 17 45 15 28 18 13 33 34 21 25 20 42 14 13 16 18 5 0 8 7 20 46 19 11 28 21 12 28 19 34 19 25 17 13 25 6 39 14 13 21 32 14 19 16 20 33 27 25 26 13 13 33 28 29 8 71 52 41 46 63 62 38 20 29 52 59 32 6 22 49 63 39 24 32 54 74 55 44 49 65
17 47 18 35 48 25 37 10 7 46 19 31 4 11 13 3 39 13 14 20 32 36 23 26 40 24 24 35 6 40 8 25 23 24 21 24 18 17 4 23 42 9 33 26 25 23 47 21 29 25 18 38 27 14 27 27 35 20 10 23 11 8 8 0 12 22 41 13 8 31 28 7 21 22 40 22 23 14 7 32 3 33 18 20 24 25 6 25 15 28 39 33 27 27 19 19 41 21 27 8 76 55 40 41 56 68 43 21 22 45 66 40 14 15 42 71 47 28 29 48 81 61 48 48 62
28 46 30 26 48 14 49 3 11 35 31 20 9 12 2 10 49 21 14 10 22 47 16 23 29 23 30 39 18 30 7 37 11 16 11 36 29 20 9 34 31 14 21 22 37 11 50 18 23 20 17 38 38 25 31 16 46 8 12 18 22 5 7 12 0 26 52 24 11 22 19 17 32 13 29 14 21 23 15 20 11 44 8 16 15 37 18 22 22 18 28 22 19 21 16 8 31 33 25 14 66 46 36 44 63 57 32 15 30 55 55 29 7 27 53 62 40 28 38 59 74 56 49 55 71
33 28 29 30 28 36 41 23 17 58 26 37 25 14 28 22 33 11 36 35 31 42 41 47 52 46 45 14 23 54 20 28 33 24 36 30 26 7 21 25 48 14 44 46 28 33 25 15 48 17 11 18 36 25 6 36 40 33 31 17 24 24 20 22 26 0 37 21 29 47 29 17 28 39 52 39 44 11 28 41 20 35 34 15 40 29 23 15 10 30 48 45 44 46 15 30 39 26 48 15 88 71 61 62 73 75 54 40 42 58 67 41 21 24 47 64 38 11 17 44 69 45 27 30 50
32 60 26 66 58 65 12 49 42 86 23 70 44 43 53 42 6 33 51 60 66 18 62 62 80 59 48 39 36 80 46 16 62 58 61 19 25 41 43 18 80 40 72 63 16 62 46 50 67 53 46 51 22 29 38 66 15 59 47 53 31 48 46 41 52 37 0 28 46 71 63 35 22 62 80 61 58 31 41 71 41 11 58 50 64 17 35 52 32 63 79 73 67 65 49 59 75 20 61 39 117 94 75 61 58 108 83 60 42 37 102 76 50 26 18 101 74 48 21 8 104 79 54 33 27
13 48 9 43 48 37 26 22 15 58 7 43 17 18 25 15 27 11 25 32 41 25 34 36 52 34 28 31 8 53 19 13 35 33 33 13 7 20 15 11 53 14 45 37 13 35 43 27 40 31 23 38 17 5 25 39 24 32 20 29 5 20 19 13 24 21 28 0 19 44 38 8 10 35 52 34 33 10 15 44 13 21 30 27 36 14 8 30 11 38 51 45 39 39 26 31 50 9 36 13 89 67 50 44 53 80 55 33 23 38 77 50 24 5 31 79 54 30 20 36 87 64 46 40 50
19 53 22 36 54 22 41 11 13 41 24 30 5 17 11 8 45 20 7 16 32 39 16 19 35 17 20 42 11 35 11 30 20 25 16 29 22 24 9 29 39 16 29 19 30 20 54 25 22 29 23 44 30 18 34 25 39 17 2 27 16 8 11 8 11 29 46 19 0 26 29 14 25 17 35 16 16 22 6 29 9 38 13 24 18 30 12 30 22 28 36 28 21 20 24 17 42 27 20 15 71 49 33 35 53 65 39 15 20 45 65 39 16 20 45 72 50 34 36 54 84 65 54 56 68
43 62 47 34 65 13 67 25 33 16 49 19 28 33 20 30 70 42 22 12 28 64 11 17 11 21 36 59 36 10 28 56 15 29 11 54 48 40 30 54 22 35 9 16 56 15 70 35 12 37 36 55 55 43 51 15 64 15 25 35 41 25 28 31 22 47 71 44 26 0 28 37 51 9 11 11 20 44 31 14 31 63 14 34 8 56 37 39 44 26 17 7 6 11 34 17 34 52 21 35 46 24 23 44 69 42 15 13 39 66 48 28 26 46 70 61 47 46 59 79 78 67 66 76 92
45 36 45 8 39 15 63 19 24 33 45 11 27 21 19 26 60 30 32 21 4 63 29 38 29 39 48 38 34 31 21 50 14 6 21 50 44 23 25 47 20 25 21 36 50 14 46 14 35 13 18 31 54 40 31 13 61 17 31 12 38 23 21 28 19 29 63 38 29 28 0 30 47 24 28 26 37 32 33 16 26 58 21 14 25 51 34 15 31 2 21 23 28 34 15 14 13 46 41 26 61 48 48 62 82 47 28 29 48 72 40 14 15 42 68 43 22 23 45 70 55 41 41 56 78
18 44 16 36 44 30 33 14 7 51 15 35 11 11 19 8 33 7 21 26 34 33 29 33 46 31 28 30 7 46 12 21 27 25 27 20 14 14 8 18 46 7 38 32 21 28 42 20 36 24 16 34 24 11 22 31 31 25 16 23 8 13 12 7 17 17 35 8 14 37 30 0 17 29 45 28 29 8 12 36 7 28 24 20 30 21 6 24 8 30 44 38 34 34 19 24 43 17 33 6 82 61 46 45 58 73 48 28 25 44 70 43 16 12 38 72 47 25 23 43 81 59 44 42 55
11 55 4 52 55 46 17 30 24 65 3 52 24 27 34 23 22 19 30 40 50 16 41 41 60 38 27 37 15 60 28 6 43 42 41 4 4 28 24 7 62 23 53 41 6 43 47 36 46 40 32 45 8 8 31 47 15 40 26 39 11 28 28 21 32 28 22 10 25 51 47 17 0 42 59 40 37 18 20 52 22 13 38 36 43 6 15 39 19 47 60 53 46 44 35 40 60 4 40 22 96 73 54 43 47 89 63 39 22 30 86 59 33 6 22 88 63 38 21 30 96 72 53 42 46
35 56 39 31 58 10 58 16 24 24 41 18 19 25 11 21 61 33 15 4 25 56 6 15 18 17 30 51 27 19 19 47 10 23 3 45 39 32 21 45 25 27 13 13 47 10 62 28 12 30 29 49 46 35 43 13 55 8 17 28 32 16 19 22 13 39 62 35 17 9 24 29 42 0 18 4 16 35 22 15 22 54 6 27 2 47 28 32 35 22 21 12 6 10 27 10 33 43 18 26 55 33 26 41 64 49 22 7 33 59 52 28 19 37 61 62 45 39 50 70 77 64 60 67 83
53 63 56 33 66 16 76 31 39 7 58 17 36 39 27 38 78 48 32 20 27 73 21 27 1 31 46 63 45 4 34 64 19 31 19 63 56 45 37 62 15 42 8 26 64 19 73 39 21 39 41 58 64 52 56 17 73 21 35 38 49 33 34 40 29 52 80 52 35 11 28 45 59 18 0 20 30 51 40 12 39 72 22 38 17 64 45 41 50 26 10 7 16 21 38 22 30 60 31 42 38 21 30 53 79 32 5 23 49 76 39 23 32 54 79 54 44 49 66 87 72 65 68 81 99
33 58 37 34 60 13 56 16 24 26 39 22 18 26 12 20 60 33 12 6 28 54 3 12 21 14 27 52 26 20 19 46 13 25 6 44 37 33 20 44 28 27 16 10 46 13 63 30 10 32 30 50 44 33 44 16 54 10 15 30 31 16 19 22 14 39 61 34 16 11 26 28 40 4 20 0 12 35 20 18 22 53 7 29 4 45 27 34 35 25 24 14 6 8 29 13 36 42 15 26 56 34 23 37 61 51 25 4 30 56 55 31 20 35 60 66 47 41 50 69 80 66 62 68 83
27 67 33 45 68 25 52 23 28 35 37 33 20 31 20 23 58 36 9 17 40 48 10 4 30 2 17 57 25 29 25 43 25 35 17 40 35 39 24 42 40 31 27 6 43 25 69 38 10 41 37 58 39 31 49 28 48 21 14 39 29 21 25 23 21 44 58 33 16 20 37 29 37 16 30 12 0 37 19 30 25 49 17 37 15 42 26 42 37 36 36 25 15 10 37 24 48 40 4 30 63 38 18 25 49 61 35 9 21 47 66 43 28 33 54 77 59 48 51 66 92 77 69 71 82
22 39 18 36 39 35 32 20 12 57 15 39 18 13 25 15 28 3 28 32 35 33 36 40 51 38 35 23 14 52 17 19 32 27 33 20 15 12 15 16 50 9 43 40 19 33 34 20 43 23 15 29 25 14 16 36 31 30 23 22 13 20 17 14 23 11 31 10 22 44 32 8 18 35 51 35 37 0 19 41 13 26 30 20 36 20 13 22 2 33 49 44 40 41 19 29 44 16 41 9 88 68 54 52 62 77 54 35 32 47 72 45 20 14 38 72 46 21 16 38 78 55 37 34 49
14 54 17 39 54 27 36 14 13 46 19 34 7 17 16 8 41 18 10 21 36 34 21 22 40 20 18 41 7 40 13 26 25 29 21 24 17 24 9 24 44 16 34 22 26 25 53 27 26 30 24 44 25 13 33 29 34 21 6 29 11 11 13 7 15 28 41 15 6 31 33 12 20 22 40 20 19 19 0 34 9 33 18 26 23 26 8 31 20 32 41 33 26 25 25 22 45 22 22 14 76 53 36 34 50 70 44 19 17 40 70 43 18 16 40 76 52 35 33 49 86 67 54 53 64
47 51 49 22 54 7 68 22 30 18 50 6 29 29 19 30 69 39 28 14 16 67 20 28 13 31 44 52 37 16 25 56 9 19 14 55 49 34 29 54 11 32 5 27 56 9 61 27 24 27 30 46 58 45 45 6 66 13 29 26 42 25 25 32 20 41 71 44 29 14 16 36 52 15 12 18 30 41 34 0 31 64 16 26 15 57 38 30 40 14 8 8 17 23 27 13 21 52 32 33 48 33 36 55 78 37 14 21 46 72 38 15 22 47 73 49 34 37 55 79 65 55 57 70 89
20 45 20 32 46 24 38 9 5 45 20 30 5 9 13 2 39 12 16 20 30 37 23 28 40 26 27 33 8 40 6 26 22 21 21 25 19 15 2 24 41 7 32 27 26 22 45 19 30 22 15 35 28 15 25 26 36 19 11 21 12 7 6 3 11 20 41 13 9 31 26 7 22 22 39 22 25 13 9 31 0 34 18 18 24 26 8 23 13 26 38 32 28 28 17 18 39 22 28 6 76 55 41 43 58 67 42 22 25 47 65 38 12 17 43 69 45 26 28 49 79 58 46 47 61
22 60 16 62 59 58 6 42 35 78 14 63 36 37 46 35 13 28 42 52 61 10 53 53 72 49 37 40 27 72 39 8 55 52 53 10 16 37 36 11 74 34 65 53 8 55 49 45 58 49 41 50 12 20 37 59 7 52 38 48 23 40 39 33 44 35 11 21 38 63 58 28 13 54 72 53 49 26 33 64 34 0 50 45 55 8 27 48 27 58 72 65 58 56 44 52 70 12 51 33 108 85 65 51 49 101 75 51 32 30 97 70 44 18 13 98 71 46 22 18 103 78 56 39 37
32 52 35 29 54 10 54 11 19 28 36 18 14 20 6 16 56 28 13 3 23 52 9 17 23 18 29 46 23 23 14 43 9 20 4 41 35 27 16 40 27 22 16 16 43 9 57 24 16 26 24 44 43 30 38 13 52 5 14 24 28 11 14 18 8 34 58 30 13 14 21 24 38 6 22 7 17 30 18 16 18 50 0 23 7 43 24 28 30 20 23 15 11 14 23 7 32 39 20 21 59 38 29 41 63 52 26 9 31 57 53 28 14 32 58 62 42 35 45 66 76 61 55 62 78
36 30 35 17 32 23 51 15 14 44 33 23 20 10 18 18 46 18 30 24 17 51 31 39 38 38 43 26 25 40 13 38 19 9 24 39 33 9 17 35 33 13 30 37 38 20 36 2 38 5 5 22 43 30 19 22 50 20 26 4 27 17 13 20 16 15 50 27 24 34 14 20 36 27 38 29 37 20 26 26 18 45 23 0 29 39 24 6 19 15 33 31 33 36 2 18 25 34 41 15 73 57 51 59 75 60 39 31 42 63 53 27 10 31 57 53 28 13 31 57 62 42 33 44 65
36 58 40 32 60 10 59 17 25 23 42 19 20 26 13 22 62 34 15 5 26 57 6 14 18 17 31 53 29 18 21 48 12 24 5 46 40 33 22 46 25 28 13 12 48 11 64 30 11 32 30 50 47 36 45 14 56 9 18 30 33 17 21 24 15 40 64 36 18 8 25 30 43 2 17 4 15 36 23 15 24 55 7 29 0 48 29 34 36 23 21 11 5 9 29 12 34 44 18 28 54 32 24 40 64 48 22 7 33 60 52 29 20 38 62 63 46 41 52 71 78 65 61 69 85
16 56 10 55 55 50 13 35 28 70 7 56 29 30 38 27 17 22 35 45 54 13 46 46 65 43 32 36 20 65 32 2 48 45 46 3 9 31 28 5 66 27 58 47 2 48 46 39 51 42 35 46 9 13 32 52 12 45 31 41 15 33 32 25 37 29 17 14 30 56 51 21 6 47 64 45 42 20 26 57 26 8 43 39 48 0 20 42 21 51 64 57 51 49 38 44 63 5 45 26 101 78 59 47 49 93 68 44 27 31 90 63 37 11 18 91 65 40 19 24 97 73 52 39 41
13 49 12 40 50 31 31 16 11 51 13 37 10 15 19 9 34 12 18 26 37 30 27 30 46 27 23 35 1 46 14 20 29 29 27 18 12 20 10 17 48 12 38 30 20 29 47 25 33 29 21 39 21 8 27 33 29 26 13 27 5 14 14 6 18 23 35 8 12 37 34 6 15 28 45 27 26 13 8 38 8 27 24 24 29 20 0 29 13 33 45 38 32 31 23 25 46 16 29 10 82 60 43 40 52 74 49 26 20 40 72 46 19 9 36 76 52 31 26 43 85 64 49 46 57
41 25 39 16 27 27 54 20 19 47 37 25 26 15 23 24 48 21 35 29 17 54 36 44 42 44 49 23 29 44 19 41 24 11 29 42 36 11 22 38 35 18 34 43 41 24 32 5 43 3 8 17 47 34 17 25 53 25 32 4 32 23 19 25 22 15 52 30 30 39 15 24 39 32 41 34 42 22 31 30 23 48 28 6 34 42 29 0 21 16 35 35 38 42 7 22 24 38 46 19 76 61 57 64 80 61 42 36 47 68 52 27 15 34 60 50 24 8 32 58 57 36 28 42 64
23 38 19 35 38 35 33 20 11 57 16 38 18 12 24 15 29 2 29 32 35 34 36 40 51 38 36 22 14 52 16 20 32 26 33 21 16 10 15 17 49 9 43 40 20 32 34 19 43 22 14 28 26 15 15 35 32 30 24 21 14 19 16 15 22 10 32 11 22 44 31 8 19 35 50 35 37 2 20 40 13 27 30 19 36 21 13 21 0 32 48 43 40 41 18 29 43 17 41 9 87 67 54 53 63 77 53 35 32 48 71 44 19 15 39 71 45 20 16 39 77 54 37 34 49
45 37 45 10 40 14 63 19 23 32 45 9 26 21 18 26 60 30 31 19 4 62 27 36 27 37 47 39 34 29 20 50 12 7 19 50 44 24 25 47 19 25 19 34 50 12 48 15 33 14 19 32 54 40 33 11 61 15 30 13 38 22 20 28 18 30 63 38 28 26 2 30 47 22 26 25 36 33 32 14 26 58 20 15 23 51 33 16 32 0 19 21 27 32 16 13 14 46 39 26 60 46 47 60 81 46 27 28 47 72 40 13 15 41 68 44 23 24 46 71 57 42 43 58 79
54 55 57 25 58 15 76 30 38 14 58 11 36 36 27 37 76 46 35 21 20 75 26 34 11 37 51 58 45 14 33 64 17 25 21 63 56 41 37 61 5 40 9 32 64 17 67 34 28 33 37 51 65 52 51 13 74 20 37 32 50 32 33 39 28 48 79 51 36 17 21 44 60 21 10 24 36 49 41 8 38 72 23 33 21 64 45 35 48 19 0 11 22 28 34 21 21 60 37 40 41 30 39 60 84 30 9 27 53 80 31 14 29 54 80 45 35 43 63 86 63 56 61 76 96
46 58 49 29 61 9 69 24 32 14 51 13 29 32 20 31 71 42 26 13 23 67 16 23 8 26 41 57 38 9 27 57 13 25 12 56 49 38 30 55 16 35 3 21 57 12 67 33 18 33 34 52 57 45 49 11 66 14 28 32 43 26 27 33 22 45 73 45 28 7 23 38 53 12 7 14 25 44 33 8 32 65 15 31 11 57 38 35 43 21 11 0 11 17 32 15 28 54 27 35 45 26 29 50 74 38 11 17 44 70 42 22 25 47 73 55 41 43 59 80 72 62 63 74 92
38 62 42 36 64 14 62 22 29 21 45 22 23 31 17 26 66 38 17 10 30 59 6 13 16 16 31 57 32 15 25 51 15 28 9 49 43 38 26 49 26 32 13 11 51 15 68 34 8 36 35 55 50 39 49 17 59 13 21 34 36 21 25 27 19 44 67 39 21 6 28 34 46 6 16 6 15 40 26 17 28 58 11 33 5 51 32 38 40 27 22 11 0 7 33 16 37 48 16 32 51 28 21 39 63 47 21 8 34 61 53 31 24 41 65 65 49 45 56 75 81 69 66 73 88
35 66 40 41 68 19 59 24 31 26 43 27 23 33 19 26 65 39 15 13 35 56 6 7 21 10 26 59 31 20 26 50 20 33 13 47 41 40 27 48 32 34 19 5 50 20 71 38 2 40 37 58 47 37 51 22 56 17 19 38 35 22 26 27 21 46 65 39 20 11 34 34 44 10 21 8 10 41 25 23 28 56 14 36 9 49 31 42 41 32 28 17 7 0 36 20 42 46 10 33 54 30 16 33 58 52 26 7 30 56 59 37 27 40 62 71 54 48 56 73 87 74 69 74 88
35 31 34 18 32 23 50 14 13 45 32 23 20 9 17 18 45 17 29 24 18 50 31 38 39 38 43 25 24 41 13 37 20 10 24 38 32 8 16 34 34 12 30 37 37 20 36 2 38 6 4 22 42 29 18 22 49 20 25 4 27 17 13 19 16 15 49 26 24 34 15 19 35 27 38 29 37 19 25 27 17 44 23 2 29 38 23 7 18 16 34 32 33 36 0 18 26 33 40 14 74 58 51 58 75 61 40 30 41 62 54 28 10 30 56 54 29 12 31 56 63 42 33 43 64
35 46 37 22 49 7 56 10 18 29 38 13 17 17 7 17 56 27 19 7 17 55 15 24 23 25 35 42 25 24 13 44 4 13 8 43 36 24 17 41 23 20 15 22 44 4 53 19 22 20 20 39 45 32 35 8 54 3 18 18 30 12 13 19 8 30 59 31 17 17 14 24 40 10 22 13 24 29 22 13 18 52 7 18 12 44 25 22 29 13 21 15 16 20 18 0 26 40 27 20 59 41 36 48 69 50 25 15 36 62 48 22 10 34 61 56 36 30 44 66 69 54 50 60 78
58 37 58 9 41 24 75 32 36 34 57 16 39 33 31 39 71 42 44 31 10 75 39 48 31 49 60 45 47 34 33 62 24 18 31 63 56 34 38 59 17 37 25 46 62 24 52 25 44 22 29 35 66 53 40 21 74 28 43 23 50 35 33 41 31 39 75 50 42 34 13 43 60 33 30 36 48 44 45 21 39 70 32 25 34 63 46 24 43 14 21 28 37 42 26 26 0 59 51 38 57 50 56 73 94 40 29 39 61 85 28 8 28 54 81 31 14 30 55 82 45 35 44 64 87
15 52 8 51 52 46 17 31 24 67 3 52 25 26 34 23 19 17 32 41 50 17 42 43 61 40 31 34 16 61 28 4 43 41 42 5 5 27 24 3 62 22 54 44 4 44 44 35 48 38 30 42 11 9 29 48 16 41 28 37 12 29 28 21 33 26 20 9 27 52 46 17 4 43 60 42 40 16 22 52 22 12 39 34 44 5 16 38 17 46 60 54 48 46 33 40 59 0 43 21 97 75 56 46 51 89 64 41 26 34 86 59 32 7 23 87 61 36 18 28 93 70 49 38 43
30 70 36 48 72 27 54 27 32 35 40 36 24 35 24 26 61 39 13 20 43 50 13 4 31 3 18 61 29 29 29 45 28 39 20 43 38 42 27 45 42 35 29 6 45 27 73 42 10 45 41 62 41 34 53 31 51 24 18 43 32 24 29 27 25 48 61 36 20 21 41 33 40 18 31 15 4 41 22 32 28 51 20 41 18 45 29 46 41 39 37 27 16 10 40 27 51 43 0 34 62 36 14 23 48 62 35 12 22 48 68 46 31 36 55 80 62 52 55 69 95 80 73 74 85
22 40 21 31 41 27 38 11 3 48 20 31 10 6 16 8 36 7 21 23 29 38 28 33 43 31 31 28 11 44 8 25 24 20 24 25 19 10 7 22 42 2 34 32 25 24 40 15 35 19 12 31 29 16 20 28 36 22 16 18 13 11 8 8 14 15 39 13 15 35 26 6 22 26 42 26 30 9 14 33 6 33 21 15 28 26 10 19 9 26 40 35 32 33 14 20 38 21 34 0 79 59 46 48 62 69 45 27 29 49 65 38 12 17 43 67 42 21 24 47 76 55 41 42 58
88 93 93 64 97 53 112 68 76 31 95 51 73 76 64 75 115 85 68 57 59 109 56 59 37 63 79 98 82 37 71 101 56 65 56 99 93 81 74 99 42 79 45 58 101 56 107 74 53 73 77 91 100 89 92 53 109 58 71 72 86 70 71 76 66 88 117 89 71 46 61 82 96 55 38 56 63 88 76 48 76 108 59 73 54 101 82 76 87 60 41 45 51 54 74 59 57 97 62 79 0 27 54 81 107 22 35 58 83 109 43 51 69 91 115 64 70 83 102 124 86 89 100 117 136
64 83 69 53 86 35 88 49 57 16 72 38 51 57 44 53 93 66 44 36 48 85 33 34 20 38 53 83 59 18 52 78 38 51 35 76 70 64 53 77 33 59 28 33 78 38 93 59 28 59 60 78 76 66 75 37 85 39 48 58 64 49 52 55 46 71 94 67 49 24 48 61 73 33 21 34 38 68 53 33 55 85 38 57 32 78 60 61 67 46 30 26 28 30 58 41 50 75 36 59 27 0 27 54 81 35 22 34 58 83 51 43 50 68 91 70 64 69 83 102 89 85 89 100 116
43 81 50 56 83 34 67 38 45 32 53 41 37 47 34 40 75 53 26 29 50 63 21 14 30 17 29 74 42 27 41 59 35 48 28 56 51 55 40 58 44 48 32 15 59 35 85 53 14 55 52 73 55 48 66 37 64 33 31 53 46 37 41 40 36 61 75 50 33 23 48 46 54 26 30 23 18 54 36 36 41 65 29 51 24 59 43 57 54 47 39 29 21 16 51 36 56 56 14 46 54 27 0 27 54 58 34 21 34 58 69 50 42 50 68 83 69 63 68 82 100 89 84 88 99
32 87 39 69 88 50 51 45 47 56 44 58 39 51 43 41 63 51 30 42 64 46 35 27 53 24 17 74 39 51 46 48 50 59 42 44 42 58 43 49 65 49 52 29 48 49 86 60 33 63 58 78 40 40 67 53 47 46 33 61 40 42 46 41 44 62 61 44 35 44 62 45 43 41 53 37 25 52 34 55 43 51 41 59 40 47 40 64 53 60 60 50 39 33 58 48 73 46 23 48 81 54 27 0 27 83 58 34 21 34 91 68 50 42 50 102 83 68 63 68 117 100 88 83 87
41 101 46 89 101 72 46 63 62 82 50 81 56 66 63 57 62 63 51 65 85 41 59 52 78 48 34 84 52 77 63 50 72 78 65 47 48 71 59 53 89 64 76 53 50 71 94 76 58 80 73 91 41 49 77 75 43 67 52 78 50 60 63 56 63 73 58 53 53 69 82 58 47 64 79 61 49 62 50 78 58 49 63 75 64 49 52 80 63 81 84 74 63 58 75 69 94 51 48 62 107 81 54 27 0 109 83 58 34 21 115 91 68 50 42 124 102 82 68 62 136 116 99 87 83
83 76 86 47 79 44 105 59 67 27 87 39 65 65 56 66 105 75 63 50 45 103 52 58 32 62 78 84 74 33 62 93 46 52 49 92 86 69 66 90 28 69 37 57 93 46 91 61 52 59 64 74 94 81 78 42 103 49 65 59 79 61 62 68 57 75 108 80 65 42 47 73 89 49 32 51 61 77 70 37 67 101 52 60 48 93 74 61 77 46 30 38 47 52 61 50 40 89 62 69 22 35 58 83 109 0 27 54 81 107 22 35 58 83 109 43 51 69 91 115 64 70 83 102 124
57 63 60 33 66 19 79 35 42 6 62 18 40 42 30 41 81 51 37 24 28 77 26 32 5 35 51 65 49 8 38 68 22 32 23 66 60 47 41 66 12 45 11 30 68 22 74 41 26 40 43 58 68 56 58 19 77 24 39 39 53 36 38 43 32 54 83 55 39 15 28 48 63 22 5 25 35 54 44 14 42 75 26 39 22 68 49 42 53 27 9 11 21 26 40 25 29 64 35 45 35 22 34 58 83 27 0 27 54 81 35 22 34 58 83 51 43 50 68 91 70 64 69 83 102
31 60 36 37 62 16 55 18 25 28 38 25 18 26 14 20 59 33 10 9 31 52 2 9 23 11 25 53 25 22 20 44 16 28 9 42 36 34 20 43 31 28 19 8 44 16 65 32 9 34 31 52 43 32 45 19 52 13 14 32 30 16 20 21 15 40 60 33 15 13 29 28 39 7 23 4 9 35 19 21 22 51 9 31 7 44 26 36 35 28 27 17 8 7 30 15 39 41 12 27 58 34 21 34 58 54 27 0 27 54 58 34 21 34 58 69 50 42 50 68 83 69 63 68 82
12 69 19 55 69 40 33 30 29 54 23 48 22 33 30 24 43 32 18 33 51 29 29 25 49 21 6 54 19 49 29 28 39 44 33 24 21 39 25 28 57 31 45 26 28 39 66 43 31 46 40 59 21 20 47 43 30 35 18 45 19 26 29 22 30 42 42 23 20 39 48 25 22 33 49 30 21 32 17 46 25 32 31 42 33 27 20 47 32 47 53 44 34 30 41 36 61 26 22 29 83 58 34 21 34 81 54 27 0 27 83 58 34 21 34 91 68 50 42 50 102 83 68 63 68
28 85 30 79 85 66 26 54 50 81 33 74 46 54 55 47 41 48 45 59 76 21 55 51 76 47 31 67 39 75 52 32 65 68 59 29 33 57 48 35 83 51 71 52 32 64 77 64 57 68 60 75 23 34 61 69 23 61 44 66 36 51 52 45 55 58 37 38 45 66 72 44 30 59 76 56 47 47 40 72 47 30 57 63 60 31 40 68 48 72 80 70 61 56 62 62 85 34 48 49 109 83 58 34 21 107 81 54 27 0 109 83 58 34 21 115 91 68 50 42 124 102 82 68 62
83 60 84 37 64 44 102 57 63 38 84 36 64 60 55 64 99 69 66 51 37 102 57 65 39 68 82 72 72 42 59 89 45 45 51 89 83 62 63 86 27 64 40 63 89 45 77 53 59 50 57 61 93 79 68 41 100 49 66 50 76 60 59 66 55 67 102 77 65 48 40 70 86 52 39 55 66 72 70 38 65 97 53 53 52 90 72 52 71 40 31 42 53 59 54 48 28 86 68 65 43 51 69 91 115 22 35 58 83 109 0 27 54 81 107 22 35 58 83 109 43 51 69 91 115
56 43 57 13 47 19 75 30 36 27 57 10 38 34 28 38 73 43 41 27 11 75 34 42 24 45 57 49 46 27 32 63 20 19 26 63 56 36 37 60 10 37 19 41 63 20 57 27 38 25 31 41 66 52 44 16 74 24 40 25 50 33 32 40 29 41 76 50 39 28 14 43 59 28 23 31 43 45 43 15 38 70 28 27 29 63 46 27 44 13 14 22 31 37 28 22 8 59 46 38 51 43 50 68 91 35 22 34 58 83 27 0 27 54 81 35 22 34 58 83 51 43 50 68 91
31 40 31 22 41 16 49 5 9 38 31 20 12 8 8 12 47 18 20 15 18 48 22 29 32 29 35 33 19 34 6 36 13 11 16 36 29 14 10 33 31 11 24 28 36 13 44 11 29 14 11 31 39 26 25 17 47 12 17 12 23 9 6 14 7 21 50 24 16 26 15 16 33 19 32 20 28 20 18 22 12 44 14 10 20 37 19 15 19 15 29 25 24 27 10 10 28 32 31 12 69 50 42 50 68 58 34 21 34 58 54 27 0 27 54 58 34 21 34 58 69 50 42 50 68
10 52 5 47 52 40 22 25 19 60 4 46 19 22 28 17 26 15 25 35 45 22 36 37 55 34 26 35 10 55 22 11 38 36 35 9 3 24 18 9 57 18 47 37 11 38 46 31 41 35 27 42 13 3 28 42 20 34 21 34 5 23 22 15 27 24 26 5 20 46 42 12 6 37 54 35 33 14 16 47 17 18 32 31 38 11 9 34 15 41 54 47 41 40 30 34 54 7 36 17 91 68 50 42 50 83 58 34 21 34 81 54 27 0 27 83 58 34 21 34 91 68 50 42 50
27 72 24 73 71 66 7 51 45 85 24 73 45 48 54 44 22 40 48 60 71 6 59 57 79 54 39 52 36 79 49 19 64 63 61 19 25 49 45 23 83 44 73 58 19 64 61 57 63 60 53 63 16 29 49 68 7 60 45 59 31 49 49 42 53 47 18 31 45 70 68 38 22 61 79 60 54 38 40 73 43 13 58 57 62 18 36 60 39 68 80 73 65 62 56 61 81 23 55 43 115 91 68 50 42 109 83 58 34 21 107 81 54 27 0 109 83 58 34 21 115 91 68 50 42
88 49 87 37 53 53 103 62 66 55 86 44 70 62 61 69 97 70 74 61 40 104 68 76 55 79 90 66 76 58 63 91 53 48 61 91 85 61 68 87 40 66 52 75 91 54 68 53 72 49 57 54 96 82 64 50 102 58 73 50 80 65 63 71 62 64 101 79 72 61 43 72 88 62 54 66 77 72 76 49 69 98 62 53 63 91 76 50 71 44 45 55 65 71 54 56 31 87 80 67 64 70 83 102 124 43 51 69 91 115 22 35 58 83 109 0 27 54 81 107 22 35 58 83 109
64 26 62 14 30 36 77 39 41 48 60 28 46 37 40 45 70 44 53 42 20 78 50 59 45 60 69 40 52 48 39 64 35 25 42 66 60 35 44 61 31 41 39 57 64 35 43 27 56 24 31 28 70 57 38 33 76 38 51 25 55 43 39 47 40 38 74 54 50 47 22 47 63 45 44 47 59 46 52 34 45 71 42 28 46 65 52 24 45 23 35 41 49 54 29 36 14 61 62 42 70 64 69 83 102 51 43 50 68 91 35 22 34 58 83 27 0 27 54 81 35 22 34 58 83
42 20 39 22 21 34 51 26 22 55 36 33 30 18 29 28 43 20 40 36 25 53 43 50 50 50 52 15 31 52 24 39 31 19 36 41 36 12 26 36 42 20 41 49 39 32 24 11 50 11 12 10 46 34 11 33 51 32 36 12 33 28 24 28 28 11 48 30 34 46 23 25 38 39 49 41 48 21 35 37 26 46 35 13 41 40 31 8 20 24 43 43 45 48 12 30 30 36 52 21 83 69 63 68 82 69 50 42 50 68 58 34 21 34 58 54 27 0 27 54 58 34 21 34 58
31 39 24 47 37 50 27 35 27 72 20 53 33 27 40 30 17 18 43 47 48 31 51 55 66 52 46 19 27 67 32 18 47 40 48 22 21 23 30 16 64 24 58 55 18 47 27 31 58 33 27 30 28 23 17 50 28 45 38 33 24 35 32 29 38 17 21 20 36 59 45 23 21 50 66 50 51 16 33 55 28 22 45 31 52 19 26 32 16 46 63 59 56 56 31 44 55 18 55 24 102 83 68 63 68 91 68 50 42 50 83 58 34 21 34 81 54 27 0 27 83 58 34 21 34
40 64 33 73 62 73 18 57 49 94 30 77 52 51 61 50 11 41 59 68 73 23 70 70 88 67 55 44 43 88 54 24 70 65 69 27 32 48 51 26 88 47 80 71 24 70 49 57 75 60 53 56 29 36 44 74 21 67 55 59 39 55 54 48 59 44 8 36 54 79 70 43 30 70 87 69 66 38 49 79 49 18 66 57 71 24 43 58 39 71 86 80 75 73 56 66 82 28 69 47 124 102 82 68 62 115 91 68 50 42 109 83 58 34 21 107 81 54 27 0 109 83 58 34 21
97 46 95 48 49 68 109 73 75 74 93 60 81 71 74 79 99 77 87 75 53 110 83 92 73 93 103 66 86 76 74 97 68 59 75 98 93 68 78 93 58 74 69 90 97 68 64 61 88 57 65 54 103 90 67 65 108 71 85 59 88 77 74 81 74 69 104 87 84 78 55 81 96 77 72 80 92 78 86 65 79 103 76 62 78 97 85 57 77 57 63 72 81 87 63 69 45 93 95 76 86 89 100 117 136 64 70 83 102 124 43 51 69 91 115 22 35 58 83 109 0 27 54 81 107
76 20 73 34 23 55 84 55 54 69 70 49 61 50 57 60 74 54 70 61 39 86 69 78 66 78 84 40 65 69 55 72 54 42 61 74 70 45 58 69 52 53 59 76 72 54 37 41 75 37 44 29 80 68 42 53 84 57 67 39 67 58 55 61 56 45 79 64 65 67 41 59 72 64 65 66 77 55 67 55 58 78 61 42 65 73 64 36 54 42 56 62 69 74 42 54 35 70 80 55 89 85 89 100 116 70 64 69 83 102 51 43 50 68 91 35 22 34 58 83 27 0 27 54 81
59 9 54 37 5 54 61 46 42 74 50 51 50 38 50 47 49 37 61 57 42 65 64 71 69 70 71 16 50 72 44 51 52 39 57 54 51 31 46 48 59 39 61 70 51 52 11 32 71 30 32 12 60 51 22 53 62 53 56 32 50 49 44 48 49 27 54 46 54 66 41 44 53 60 68 62 69 37 54 57 46 56 55 33 61 52 49 28 37 43 61 63 66 69 33 50 44 49 73 41 100 89 84 88 99 83 69 63 68 82 69 50 42 50 68 58 34 21 34 58 54 27 0 27 54
52 35 45 56 32 65 43 52 44 87 40 66 52 43 57 49 28 36 62 64 58 48 70 74 82 72 67 19 47 83 49 38 62 52 65 41 42 36 48 36 76 41 73 74 38 63 17 43 76 44 40 30 47 44 26 65 45 62 57 45 44 53 49 48 55 30 33 40 56 76 56 42 42 67 81 68 71 34 53 70 47 39 62 44 69 39 46 42 34 58 76 74 73 74 43 60 64 38 74 42 117 100 88 83 87 102 83 68 63 68 91 68 50 42 50 83 58 34 21 34 81 54 27 0 27
57 62 50 79 59 84 38 68 60 106 46 86 65 61 73 63 25 51 74 81 80 43 84 86 100 83 73 44 58 101 65 41 81 73 81 44 48 56 63 41 97 58 92 86 41 81 44 64 90 66 61 56 48 52 48 84 41 79 69 66 54 68 65 62 71 50 27 50 68 92 78 55 46 83 99 83 82 49 64 89 61 37 78 65 85 41 57 64 49 79 96 92 88 88 64 78 87 43 85 58 136 116 99 87 83 124 102 82 68 62 115 91 68 50 42 109 83 58 34 21 107 81 54 27 0
