0 14 22 24 13 23 56 8 35 50 32 31 53 42 33 24 51 32 45 38 21 37 37 21 26 24 38 14 55 18 51 35 32 44 24 22 36 24 23 17 35 43 41 25 39 45 30 49 45 19 21 18 29 26 14 20 54 7 30 52 33 22 45 40 47 27 23 31 47 46 31 34 34 29 33 51 30 19 38 14 50 21 39 47 21 25 46 28 26 20 34 42 49 42 49 23 32 51 50 55 88 71 63 65 77 74 54 42 45 61 65 40 22 28 50 62 35 8 20 46 65 41 24 29 51
14 0 11 25 1 17 51 15 22 50 23 18 57 31 22 18 47 19 45 33 30 24 34 13 27 22 34 15 42 15 52 38 19 31 20 14 24 13 10 9 22 30 45 15 41 44 36 36 37 14 12 15 16 23 4 10 50 14 21 53 23 9 47 29 52 24 16 18 47 33 39 21 33 25 20 38 28 18 24 9 49 13 28 34 13 17 33 16 35 16 20 30 51 43 50 16 33 38 50 58 90 70 56 54 64 79 56 37 34 48 73 46 22 15 38 72 46 21 13 37 78 54 36 32 47
22 11 0 24 11 13 43 21 19 45 13 16 56 31 12 13 40 10 42 26 34 20 29 20 26 18 27 17 36 13 49 37 17 26 15 8 23 16 5 7 16 22 44 6 39 40 37 30 28 11 6 14 11 20 13 4 42 20 11 49 14 9 44 29 50 19 11 9 43 29 42 17 28 20 17 35 24 27 17 11 44 7 27 29 8 9 30 15 38 24 15 29 48 39 46 10 31 31 46 56 86 64 48 44 55 77 52 30 24 41 74 47 20 7 34 76 51 28 21 39 84 62 45 41 52
24 25 24 0 26 12 33 17 42 27 22 39 33 54 27 13 28 31 21 18 18 43 14 38 3 7 16 11 58 12 28 13 41 49 10 17 46 37 28 18 39 44 21 20 16 21 15 52 28 14 18 11 35 6 28 21 32 18 22 28 24 31 22 52 27 9 14 29 23 52 20 40 11 11 40 58 7 41 39 17 26 18 51 53 17 17 54 38 18 40 38 53 26 19 26 15 9 52 26 33 65 47 41 51 70 54 31 20 37 61 50 24 4 31 57 55 33 23 38 62 67 50 44 53 72
13 1 11 26 0 18 51 15 22 50 23 18 58 31 22 19 47 19 46 33 30 24 35 13 28 22 34 15 42 15 53 38 20 32 20 14 24 13 11 9 22 30 45 15 41 44 36 37 37 14 12 15 16 24 3 10 50 13 21 53 24 9 47 29 52 24 16 19 47 34 39 22 33 26 20 39 28 17 25 10 50 13 28 34 13 17 34 16 35 15 21 30 51 43 50 16 33 38 51 58 90 70 57 55 64 79 56 38 34 49 73 47 22 15 38 72 46 20 13 37 78 54 35 32 47
23 17 13 12 18 0 35 17 31 33 12 28 44 44 16 3 30 19 29 16 25 32 17 30 14 6 17 10 47 5 36 24 30 37 3 6 36 27 17 9 28 33 32 9 26 27 26 41 23 4 7 5 24 7 21 11 33 17 11 37 14 21 32 42 38 7 3 17 30 41 31 29 16 8 29 47 11 35 27 10 32 7 40 42 6 6 43 28 28 33 27 42 35 26 34 4 18 41 34 43 73 53 41 44 61 64 40 21 27 50 62 35 8 20 46 66 42 25 30 52 76 56 45 48 64
56 51 43 33 51 35 0 49 57 17 31 56 39 70 36 33 6 43 23 19 49 56 20 62 33 32 18 42 63 38 24 32 57 58 33 38 63 58 47 43 52 50 35 38 27 19 41 57 19 38 40 39 51 31 54 42 2 49 33 23 32 51 26 69 35 29 36 41 19 62 47 54 23 27 56 68 27 68 48 44 15 39 67 62 39 35 66 57 47 66 52 68 27 22 22 36 28 55 20 35 50 24 9 32 58 52 27 14 34 59 61 42 35 46 67 75 60 56 63 80 92 80 77 82 95
8 15 21 17 15 17 49 0 37 43 27 32 46 46 30 19 43 30 37 31 15 38 29 26 18 17 31 8 56 12 43 27 34 45 18 18 39 27 23 14 35 43 33 21 32 37 23 50 39 14 17 12 30 18 17 18 47 2 26 44 29 23 38 43 40 20 17 28 39 48 25 35 27 23 34 53 22 26 37 10 43 17 42 48 17 20 48 30 20 26 34 45 42 34 41 18 25 51 42 47 80 63 56 60 74 67 46 35 42 61 59 33 14 27 52 58 32 9 25 51 64 42 29 37 58
35 22 19 42 22 31 57 37 0 61 27 5 75 14 22 31 55 15 59 42 51 3 46 19 45 36 43 34 21 31 66 55 4 10 33 26 7 13 15 25 5 13 63 23 57 57 55 16 39 29 25 32 8 38 22 22 56 35 26 66 26 14 62 12 68 37 29 17 60 12 59 4 46 37 3 17 42 28 11 28 61 25 11 12 26 27 12 8 55 24 5 12 66 57 63 28 49 19 63 74 103 79 59 47 48 95 70 46 27 29 92 65 39 12 16 94 68 42 21 24 100 76 54 40 41
50 50 45 27 50 33 17 43 61 0 35 59 23 75 41 32 12 47 8 20 39 61 16 62 25 28 18 37 72 35 8 19 61 64 31 38 67 60 49 42 57 58 20 39 14 6 29 66 28 36 40 35 54 27 53 42 15 44 36 7 37 53 10 73 19 26 35 45 4 69 34 58 17 25 60 75 22 66 54 41 2 39 71 69 38 36 72 60 35 65 57 73 10 9 6 36 19 64 4 19 42 21 25 47 72 38 11 17 44 70 45 27 29 50 74 59 47 48 63 83 77 67 68 79 96
32 23 13 22 23 12 31 27 27 35 0 25 51 40 6 10 28 13 34 15 37 27 21 32 24 15 17 21 38 16 41 32 27 30 12 11 33 28 17 16 23 24 40 8 33 31 36 32 15 14 12 16 20 16 26 13 30 27 2 40 3 21 37 38 45 14 10 10 34 34 42 24 21 13 25 40 18 39 20 19 34 11 37 35 12 8 37 26 39 37 22 38 41 31 37 10 25 32 37 49 76 53 35 33 49 70 44 19 15 40 70 44 19 16 40 76 53 36 34 49 87 68 55 54 65
31 18 16 39 18 28 56 32 5 59 25 0 71 16 20 28 53 14 57 40 47 7 44 15 41 33 41 30 25 28 64 52 2 15 30 23 8 9 11 21 7 16 59 20 54 54 52 20 38 26 21 28 5 35 18 18 55 31 24 64 24 10 59 14 65 34 26 16 57 16 56 5 43 35 3 21 39 24 12 25 58 22 13 17 23 24 16 4 51 20 6 14 63 54 61 25 46 23 61 71 100 78 59 48 51 92 67 44 28 33 88 62 35 10 20 89 63 38 17 25 95 71 50 37 41
53 57 56 33 58 44 39 46 75 23 51 71 0 87 57 44 34 62 18 38 35 75 31 70 31 39 36 43 89 44 15 20 73 80 42 49 79 69 60 51 71 74 13 52 19 23 24 82 48 46 50 44 67 37 60 53 37 47 51 16 53 63 15 84 7 38 46 59 21 84 25 72 30 38 73 90 34 71 70 49 24 50 83 84 49 49 86 71 29 71 70 85 13 21 17 47 26 82 19 6 37 32 47 69 94 22 13 36 62 89 23 14 37 63 89 38 34 48 70 94 58 55 64 81 103
42 31 31 54 31 44 70 46 14 75 40 16 87 0 35 44 68 28 72 55 61 15 59 22 57 49 57 45 23 43 79 67 15 17 46 38 8 19 27 36 19 23 75 36 69 70 67 21 52 41 37 44 21 51 30 34 70 44 39 79 39 24 75 3 81 50 41 30 73 13 70 17 59 50 16 13 54 29 23 39 74 38 4 14 38 40 9 17 66 26 19 3 79 70 76 40 61 25 76 87 116 93 73 58 53 108 83 59 40 33 103 77 51 25 13 103 76 50 24 11 107 82 58 37 30
33 22 12 27 22 16 36 30 22 41 6 20 57 35 0 14 34 7 40 21 41 21 27 30 29 20 23 24 33 19 46 38 22 24 17 13 28 24 14 17 17 18 45 9 38 37 41 26 18 17 13 20 16 21 24 13 35 29 6 46 5 18 43 33 51 19 14 5 40 28 47 18 27 19 20 34 24 37 14 20 40 13 32 29 14 11 32 22 43 34 17 33 46 37 43 13 31 26 43 55 82 58 39 33 45 76 50 25 13 34 76 50 24 11 34 81 58 38 31 44 92 71 56 52 61
24 18 13 13 19 3 33 19 31 32 10 28 44 44 14 0 29 18 29 15 28 31 17 30 15 6 16 12 46 7 36 25 29 36 3 6 36 28 17 10 27 31 33 8 26 27 27 39 21 6 8 7 23 8 22 11 32 19 9 36 12 21 32 41 38 7 3 16 30 40 33 28 16 8 29 46 11 36 26 11 32 7 40 41 6 5 42 28 30 34 26 42 36 27 33 4 18 39 34 44 73 52 39 42 59 65 40 19 25 48 63 36 10 19 45 68 44 27 31 52 78 59 47 50 64
51 47 40 28 47 30 6 43 55 12 28 53 34 68 34 29 0 40 17 14 43 54 15 59 27 27 14 37 62 34 20 26 54 56 28 34 61 55 44 39 50 49 29 34 21 13 35 57 18 34 36 34 48 25 50 38 4 44 30 19 29 48 21 66 30 24 31 38 14 61 41 51 17 22 53 67 22 64 46 39 11 35 65 61 35 31 64 54 41 62 50 66 22 17 17 32 22 55 15 31 50 25 15 35 61 49 23 10 34 60 56 36 30 44 66 70 55 50 59 77 86 74 71 78 92
32 19 10 31 19 19 43 30 15 47 13 14 62 28 7 18 40 0 46 27 43 15 32 24 33 24 29 25 28 21 52 43 15 19 21 14 21 19 9 16 10 14 50 11 44 43 45 22 25 19 14 22 9 26 21 12 42 29 11 52 11 13 48 27 56 24 17 3 46 23 50 12 32 24 14 29 28 33 9 20 46 14 25 23 15 14 25 16 46 29 10 26 52 43 49 16 36 22 49 61 88 65 46 37 46 82 56 31 16 32 80 54 27 6 28 84 60 37 26 38 93 71 54 47 54
45 45 42 21 46 29 23 37 59 8 34 57 18 72 40 29 17 46 0 20 31 60 14 58 19 24 18 32 72 31 7 12 58 64 27 35 64 56 46 38 56 57 12 37 6 5 21 65 30 32 36 31 52 23 48 39 21 38 35 8 36 49 4 70 14 23 32 43 4 68 26 57 14 23 58 74 19 61 53 37 9 35 69 68 35 33 71 57 27 60 55 70 7 3 5 33 13 65 6 16 45 28 31 51 76 37 11 19 45 71 40 19 24 48 73 53 39 42 58 80 69 60 61 73 92
38 33 26 18 33 16 19 31 42 20 15 40 38 55 21 15 14 27 20 0 35 42 7 45 18 14 3 24 52 20 26 22 41 45 15 20 47 41 30 25 37 38 29 21 20 17 29 46 12 20 22 21 35 13 36 25 17 32 17 26 17 34 24 53 32 11 18 25 19 49 35 39 9 9 40 55 11 50 34 26 19 21 52 49 21 17 52 41 34 48 37 53 27 18 23 18 15 45 22 36 61 39 25 35 57 56 30 5 25 52 59 34 18 30 54 68 49 39 46 64 82 67 60 64 78
21 30 34 18 30 25 49 15 51 39 37 47 35 61 41 28 43 43 31 35 0 53 30 40 17 23 33 18 70 23 37 20 49 59 25 29 54 42 37 27 50 56 24 33 26 33 11 63 45 25 29 22 44 23 31 31 47 17 36 38 39 38 31 58 30 25 28 41 35 62 11 50 27 28 49 67 24 39 50 23 39 29 57 63 29 31 63 45 6 40 48 60 34 30 36 28 22 64 37 37 71 58 57 68 86 55 39 37 52 74 45 21 19 41 67 43 17 14 39 66 51 33 31 48 71
37 24 20 43 24 32 56 38 3 61 27 7 75 15 21 31 54 15 60 42 53 0 46 21 45 37 43 36 19 33 66 56 6 8 34 27 9 15 16 26 5 11 63 24 57 57 57 13 38 30 26 33 9 39 24 23 55 37 25 66 25 16 62 14 69 38 29 17 60 10 61 4 46 38 5 15 42 30 9 30 61 26 12 10 27 27 11 11 57 27 5 12 66 57 63 28 49 16 63 74 102 79 58 45 45 96 70 45 26 26 93 66 40 13 15 95 69 44 24 25 102 78 57 43 43
37 34 29 14 35 17 20 29 46 16 21 44 31 59 27 17 15 32 14 7 30 46 0 47 13 13 5 23 58 20 21 16 45 50 15 22 52 44 33 26 42 44 22 24 13 11 23 52 19 21 24 21 39 12 38 27 18 30 22 20 23 37 17 57 25 11 19 30 14 54 29 43 3 10 44 60 8 51 40 26 15 23 56 55 23 20 57 44 28 49 42 57 20 11 17 20 9 51 17 29 57 36 28 42 64 50 24 8 32 58 52 27 16 34 60 61 43 36 47 68 76 61 57 64 81
21 13 20 38 13 30 62 26 19 62 32 15 70 22 30 30 59 24 58 45 40 21 47 0 40 34 46 27 39 27 65 50 16 29 32 25 17 7 16 21 21 31 57 25 54 57 48 34 47 26 23 27 17 36 10 21 61 24 30 65 32 12 60 20 64 36 28 25 59 29 50 20 45 37 17 33 40 9 26 22 62 24 19 30 24 28 27 11 46 6 20 22 64 55 62 27 46 37 63 71 102 82 67 61 66 91 68 49 40 47 84 58 34 19 32 82 55 28 3 26 85 60 37 23 35
26 27 26 3 28 14 33 18 45 25 24 41 31 57 29 15 27 33 19 18 17 45 13 40 0 9 17 13 60 14 26 11 43 51 12 19 49 39 30 21 42 46 19 22 14 19 13 54 29 16 20 13 37 8 30 23 31 19 23 27 26 33 20 54 25 10 17 31 22 54 19 42 10 12 42 60 8 43 41 19 25 20 53 55 19 19 56 40 17 42 41 55 24 17 24 18 7 54 25 31 63 46 41 52 72 52 29 21 38 63 48 22 6 33 60 53 31 24 40 64 65 49 44 55 74
24 22 18 7 22 6 32 17 36 28 15 33 39 49 20 6 27 24 24 14 23 37 13 34 9 0 14 10 52 8 31 19 35 42 4 11 41 32 22 14 33 37 27 14 21 23 22 45 23 8 12 8 29 2 25 15 30 18 15 32 17 26 27 47 33 3 8 22 26 46 27 34 11 6 34 52 7 38 32 13 28 12 45 46 11 11 48 33 24 37 32 47 30 22 29 9 13 45 29 38 69 49 39 45 64 59 35 18 30 54 57 30 5 25 51 62 39 25 35 57 73 55 46 52 68
38 34 27 16 34 17 18 31 43 18 17 41 36 57 23 16 14 29 18 3 33 43 5 46 17 14 0 24 54 21 24 20 43 47 15 21 49 42 31 25 39 40 26 22 18 14 28 48 14 21 23 21 36 13 37 26 17 31 18 24 19 35 21 55 30 11 18 27 17 51 34 40 8 9 42 57 10 51 36 26 18 22 53 51 22 19 54 42 32 49 39 55 25 16 21 19 14 47 20 34 60 37 26 37 59 54 28 5 27 54 57 32 17 32 56 66 47 38 46 66 80 65 59 65 79
14 15 17 11 15 10 42 8 34 37 21 30 43 45 24 12 37 25 32 24 18 36 23 27 13 10 24 0 52 5 39 24 32 42 10 12 37 27 20 10 32 38 31 15 27 31 22 46 32 8 12 5 27 12 17 13 40 8 20 39 23 21 33 43 37 13 11 23 34 45 26 32 21 16 32 50 16 30 33 6 37 12 41 45 11 14 46 29 22 29 31 44 37 29 37 11 20 47 37 44 76 58 49 53 69 64 42 28 35 56 59 32 8 24 50 60 35 16 27 52 69 48 36 42 61
55 42 36 58 42 47 63 56 21 72 38 25 89 23 33 46 62 28 72 52 70 19 58 39 60 52 54 52 0 48 78 70 24 11 48 42 23 33 33 43 21 15 77 39 70 68 72 7 45 46 41 49 27 53 42 39 63 55 38 78 36 34 75 24 83 51 44 30 71 11 77 21 59 51 23 11 55 47 20 47 71 42 23 10 42 41 14 29 73 44 22 21 78 69 75 43 63 8 74 87 112 87 62 42 31 108 81 55 29 11 108 81 55 29 11 112 86 62 41 31 119 96 75 58 52
18 15 13 12 15 5 38 12 31 35 16 28 44 43 19 7 34 21 31 20 23 33 20 27 14 8 21 5 48 0 38 25 30 38 6 7 35 26 17 7 29 34 32 11 27 30 25 42 27 3 8 1 24 9 18 10 37 12 15 39 18 19 33 41 38 10 6 19 33 42 29 29 18 12 29 47 14 31 29 6 35 7 40 42 7 9 43 27 25 30 28 42 37 28 36 7 19 43 36 44 75 56 45 48 64 65 41 24 31 52 61 34 8 20 47 64 39 21 28 50 73 53 41 45 61
51 52 49 28 53 36 24 43 66 8 41 64 15 79 46 36 20 52 7 26 37 66 21 65 26 31 24 39 78 38 0 17 65 70 34 42 71 63 53 45 62 64 15 44 12 10 26 72 35 39 43 38 59 30 55 46 23 45 42 2 42 56 6 77 12 30 39 50 7 74 30 63 21 29 64 80 26 68 60 44 10 42 76 75 42 40 77 64 32 67 62 77 3 10 4 40 20 71 5 11 38 23 32 55 80 31 4 24 50 77 37 21 31 54 80 52 42 48 65 87 70 63 67 80 99
35 38 37 13 38 24 32 27 55 19 32 52 20 67 38 25 26 43 12 22 20 56 16 50 11 19 20 24 70 25 17 0 53 61 22 30 59 50 41 31 52 56 8 33 6 14 10 64 34 26 31 24 48 18 41 34 30 29 33 18 35 43 12 65 14 19 27 41 16 65 15 53 14 20 53 71 15 52 51 29 20 30 63 65 30 29 67 51 16 52 51 66 15 11 16 28 8 63 18 21 53 39 41 57 79 41 20 23 46 71 38 12 17 43 70 46 29 31 50 74 61 49 50 64 84
32 19 17 41 20 30 57 34 4 61 27 2 73 15 22 29 54 15 58 41 49 6 45 16 43 35 43 32 24 30 65 53 0 13 32 24 7 10 13 23 7 16 61 22 55 56 53 19 39 28 23 30 7 37 19 20 56 32 25 65 26 11 61 13 67 36 27 17 59 15 57 5 45 36 2 19 40 25 12 26 60 24 11 15 24 25 15 5 53 21 6 13 65 55 62 26 47 22 62 73 102 79 60 48 50 94 69 45 28 32 90 63 37 11 19 91 65 39 18 23 97 73 51 37 40
44 31 26 49 32 37 58 45 10 64 30 15 80 17 24 36 56 19 64 45 59 8 50 29 51 42 47 42 11 38 70 61 13 0 39 32 14 23 23 33 10 8 68 29 62 60 62 6 39 36 31 39 16 44 31 29 57 44 29 70 28 23 66 17 74 42 35 21 63 5 67 10 50 42 12 11 47 37 11 36 64 32 16 5 32 32 10 18 63 34 11 14 70 61 67 34 54 10 66 79 105 81 59 42 39 100 74 48 25 19 98 72 45 19 10 101 76 51 31 27 109 85 64 49 46
24 20 15 10 20 3 33 18 33 31 12 30 42 46 17 3 28 21 27 15 25 34 15 32 12 4 15 10 48 6 34 22 32 39 0 8 38 30 19 11 30 34 30 11 24 25 25 42 22 6 10 7 26 5 23 13 31 18 12 34 15 23 29 44 36 5 5 19 28 43 30 31 14 6 31 49 9 37 29 12 30 9 42 43 8 7 45 30 27 35 29 44 33 24 31 6 16 42 32 41 71 51 39 44 61 62 38 19 27 51 60 33 8 21 48 65 41 26 32 54 76 57 46 50 66
22 14 8 17 14 6 38 18 26 38 11 23 49 38 13 6 34 14 35 20 29 27 22 25 19 11 21 12 42 7 42 30 24 32 8 0 30 22 12 6 23 28 37 4 31 33 31 36 24 5 2 8 18 13 17 5 37 17 9 42 12 15 37 36 43 12 4 13 36 36 36 24 21 13 24 42 17 31 22 8 37 1 35 36 1 4 38 23 32 29 22 37 41 32 39 3 23 36 39 49 79 58 43 43 58 70 45 24 25 46 67 40 13 14 41 70 46 26 26 46 80 59 45 45 59
36 24 23 46 24 36 63 39 7 67 33 8 79 8 28 36 61 21 64 47 54 9 52 17 49 41 49 37 23 35 71 59 7 14 38 30 0 12 19 29 12 19 67 28 61 62 59 19 45 33 29 36 13 43 23 26 62 37 31 71 32 17 67 6 73 42 33 23 65 13 62 10 51 42 8 16 46 25 17 32 66 30 5 13 30 32 11 9 58 22 12 7 71 62 68 32 53 23 68 79 108 85 66 53 52 100 75 51 33 32 96 69 43 18 16 96 69 43 19 17 101 76 53 36 35
24 13 16 37 13 27 58 27 13 60 28 9 69 19 24 28 55 19 56 41 42 15 44 7 39 32 42 27 33 26 63 50 10 23 30 22 12 0 12 19 15 24 57 21 53 54 48 28 42 24 21 26 11 34 11 18 57 26 26 63 28 8 58 17 63 34 25 20 57 23 51 14 43 35 11 28 38 16 20 21 59 22 16 24 22 24 22 5 47 12 14 18 62 53 60 24 44 31 61 70 100 79 63 55 59 91 66 46 34 41 85 59 33 14 27 84 58 32 9 25 89 64 42 29 37
23 10 5 28 11 17 47 23 15 49 17 11 60 27 14 17 44 9 46 30 37 16 33 16 30 22 31 20 33 17 53 41 13 23 19 12 19 12 0 11 13 20 48 10 43 44 41 27 31 15 11 18 7 24 12 8 46 22 15 53 17 5 48 25 54 24 15 9 47 25 45 13 33 24 13 31 28 24 15 14 48 11 23 26 12 14 27 11 41 21 12 25 52 43 50 14 35 29 50 60 90 68 51 45 54 81 56 34 25 39 78 51 24 5 30 79 54 30 18 35 87 64 45 39 49
17 9 7 18 9 9 43 14 25 42 16 21 51 36 17 10 39 16 38 25 27 26 26 21 21 14 25 10 43 7 45 31 23 33 11 6 29 19 11 0 23 29 39 8 34 36 31 37 29 6 4 8 18 16 12 4 41 13 14 45 17 13 40 34 45 16 8 15 39 36 35 23 25 17 23 41 20 26 24 4 41 5 33 36 5 9 37 20 31 24 22 35 44 35 42 7 26 38 42 51 82 62 49 48 61 72 48 29 29 48 68 41 15 14 41 69 44 22 22 44 77 56 40 40 55
35 22 16 39 22 28 52 35 5 57 23 7 71 19 17 27 50 10 56 37 50 5 42 21 42 33 39 32 21 29 62 52 7 10 30 23 12 15 13 23 0 10 59 20 53 53 53 15 34 27 22 29 6 35 22 19 51 34 21 62 21 14 58 17 65 34 26 13 56 13 57 2 42 33 5 19 38 30 6 27 56 22 16 14 23 23 15 11 53 27 2 16 62 53 59 25 45 17 59 70 98 75 54 42 45 92 66 41 22 27 89 63 36 9 19 92 66 42 24 28 99 76 56 44 46
43 30 22 44 30 33 50 43 13 58 24 16 74 23 18 31 49 14 57 38 56 11 44 31 46 37 40 38 15 34 64 56 16 8 34 28 19 24 20 29 10 0 63 24 56 54 58 9 32 32 27 35 15 39 31 26 50 42 23 64 22 22 61 23 68 37 30 16 57 13 63 11 44 36 14 18 41 40 6 33 57 28 22 13 28 27 17 20 59 36 11 21 64 55 61 29 49 9 60 73 99 74 51 35 36 94 67 41 17 19 93 67 41 16 17 98 73 50 33 33 106 84 65 53 53
41 45 44 21 45 32 35 33 63 20 40 59 13 75 45 33 29 50 12 29 24 63 22 57 19 27 26 31 77 32 15 8 61 68 30 37 67 57 48 39 59 63 0 40 9 16 13 71 40 34 38 32 55 25 48 41 33 35 40 16 42 51 10 72 7 27 34 48 16 72 16 60 20 27 61 78 22 59 58 36 21 38 71 73 37 37 74 58 18 59 58 73 12 13 15 35 15 71 17 14 48 37 43 62 85 34 16 28 53 79 31 7 25 51 77 41 28 36 57 82 58 49 54 70 91
25 15 6 20 15 9 38 21 23 39 8 20 52 36 9 8 34 11 37 21 33 24 24 25 22 14 22 15 39 11 44 33 22 29 11 4 28 21 10 8 20 24 40 0 34 34 34 32 23 8 4 11 16 16 18 5 37 20 7 44 10 14 39 34 46 14 6 9 37 33 39 21 23 15 21 38 19 32 19 12 39 4 33 33 5 4 35 21 36 29 19 34 43 34 41 5 26 33 41 51 80 59 43 41 54 72 47 25 21 42 70 43 17 11 38 74 49 29 26 44 83 62 48 46 58
39 41 39 16 41 26 27 32 57 14 33 54 19 69 38 26 21 44 6 20 26 57 13 54 14 21 18 27 70 27 12 6 55 62 24 31 61 53 43 34 53 56 9 34 0 9 16 64 31 29 33 27 49 19 44 36 25 33 33 13 35 46 7 67 13 20 28 41 10 66 21 54 12 20 55 72 16 56 51 32 14 32 66 66 32 31 68 53 22 56 52 68 10 5 11 30 9 63 12 18 49 34 36 54 77 39 15 20 45 71 39 15 20 45 71 49 34 36 54 77 65 54 56 68 88
45 44 40 21 44 27 19 37 57 6 31 54 23 70 37 27 13 43 5 17 33 57 11 57 19 23 14 31 68 30 10 14 56 60 25 33 62 54 44 36 53 54 16 34 9 0 24 62 26 31 34 30 50 21 47 37 17 38 32 10 33 47 8 68 18 21 30 41 4 65 29 54 12 20 55 71 17 60 50 35 6 33 66 65 33 31 68 55 30 59 52 68 11 4 7 30 13 61 7 20 47 27 27 47 71 40 14 14 41 68 44 23 24 45 70 57 42 42 57 78 73 63 63 73 91
30 36 37 15 36 26 41 23 55 29 36 52 24 67 41 27 35 45 21 29 11 57 23 48 13 22 28 22 72 25 26 10 53 62 25 31 59 48 41 31 53 58 13 34 16 24 0 66 41 27 32 24 48 21 38 34 39 24 36 27 39 43 20 64 19 23 28 43 25 66 7 53 21 25 53 72 20 48 53 28 29 31 63 66 31 32 67 50 7 48 52 65 23 20 25 30 15 66 27 26 60 48 50 64 84 45 28 31 51 75 37 11 18 44 71 41 20 24 47 73 53 40 42 58 80
49 36 30 52 37 41 57 50 16 66 32 20 82 21 26 39 57 22 65 46 63 13 52 34 54 45 48 46 7 42 72 64 19 6 42 36 19 28 27 37 15 9 71 32 64 62 66 0 39 40 35 43 21 47 37 33 57 48 31 71 30 28 68 22 76 45 38 24 65 8 71 16 52 44 18 12 49 43 14 41 65 35 21 8 36 35 13 24 67 39 16 19 72 63 69 37 57 4 68 81 106 81 58 39 33 102 75 49 24 14 101 75 49 23 12 105 80 56 37 31 113 90 70 55 51
45 37 28 28 37 23 19 39 39 28 15 38 48 52 18 21 18 25 30 12 45 38 19 47 29 23 14 32 45 27 35 34 39 39 22 24 45 42 31 29 34 32 40 23 31 26 41 39 0 26 25 28 33 23 40 27 18 39 17 35 15 35 34 51 43 20 23 23 29 44 47 36 21 18 38 50 21 54 30 31 27 24 49 44 25 21 48 40 45 51 34 50 36 28 32 23 27 37 31 46 68 42 21 24 46 65 39 12 16 43 70 46 27 29 49 80 60 47 48 62 93 77 67 68 78
19 14 11 14 14 4 38 14 29 36 14 26 46 41 17 6 34 19 32 20 25 30 21 26 16 8 21 8 46 3 39 26 28 36 6 5 33 24 15 6 27 32 34 8 29 31 27 40 26 0 5 4 22 10 17 8 37 14 13 40 16 18 34 39 40 10 4 17 34 40 31 27 19 12 27 45 14 31 27 6 36 5 38 40 4 7 41 25 28 29 26 40 38 30 37 4 21 40 37 46 77 57 44 47 62 67 43 24 28 50 63 36 10 18 45 66 42 22 27 49 75 55 42 45 60
21 12 6 18 12 7 40 17 25 40 12 21 50 37 13 8 36 14 36 22 29 26 24 23 20 12 23 12 41 8 43 31 23 31 10 2 29 21 11 4 22 27 38 4 33 34 32 35 25 5 0 8 17 14 15 4 38 16 10 43 13 14 38 35 44 14 5 12 37 35 36 22 23 15 23 41 18 29 22 8 39 2 33 35 2 5 36 21 32 27 21 35 42 33 40 4 25 36 41 50 80 59 45 44 58 71 47 26 25 45 68 41 15 13 40 71 46 25 24 45 80 59 44 43 57
18 15 14 11 15 5 39 12 32 35 16 28 44 44 20 7 34 22 31 21 22 33 21 27 13 8 21 5 49 1 38 24 30 39 7 8 36 26 18 8 29 35 32 11 27 30 24 43 28 4 8 0 25 9 18 11 37 12 15 38 18 20 33 41 38 10 6 20 33 42 28 30 19 12 30 48 14 31 29 6 35 8 40 43 7 10 44 27 25 30 28 42 37 28 35 7 19 43 36 44 75 56 45 49 65 65 41 25 31 53 60 34 8 21 47 63 39 20 28 51 72 52 40 44 61
29 16 11 35 16 24 51 30 8 54 20 5 67 21 16 23 48 9 52 35 44 9 39 17 37 29 36 27 27 24 59 48 7 16 26 18 13 11 7 18 6 15 55 16 49 50 48 21 33 22 17 25 0 31 17 14 50 28 19 59 19 8 55 19 61 30 21 11 53 18 52 6 38 30 6 24 34 26 10 21 54 18 17 19 18 19 20 7 48 22 5 19 58 49 56 20 41 23 56 67 96 73 54 45 50 88 62 39 24 33 84 58 31 5 23 86 61 36 19 30 93 70 50 40 45
26 23 20 6 24 7 31 18 38 27 16 35 37 51 21 8 25 26 23 13 23 39 12 36 8 2 13 12 53 9 30 18 37 44 5 13 43 34 24 16 35 39 25 16 19 21 21 47 23 10 14 9 31 0 27 17 29 19 16 30 18 27 25 48 31 3 10 23 24 48 26 36 10 5 36 54 5 40 34 15 26 13 47 48 13 12 50 35 24 38 34 49 29 20 27 11 11 47 27 36 67 47 38 45 64 58 33 17 31 55 55 29 5 26 53 61 38 26 36 58 72 55 47 53 70
14 4 13 28 3 21 54 17 22 53 26 18 60 30 24 22 50 21 48 36 31 24 38 10 30 25 37 17 42 18 55 41 19 31 23 17 23 11 12 12 22 31 48 18 44 47 38 37 40 17 15 18 17 27 0 13 53 15 24 56 26 9 50 27 54 27 19 21 50 33 41 22 36 28 20 38 31 15 25 12 52 16 26 34 16 20 33 15 36 13 21 29 54 46 53 19 36 39 53 61 93 73 60 57 65 81 58 41 36 49 75 49 25 16 37 74 47 21 10 35 78 54 34 29 44
20 10 4 21 10 11 42 18 22 42 13 18 53 34 13 11 38 12 39 25 31 23 27 21 23 15 26 13 39 10 46 34 20 29 13 5 26 18 8 4 19 26 41 5 36 37 34 33 27 8 4 11 14 17 13 0 41 17 11 46 14 11 42 32 47 17 8 11 40 32 39 20 26 18 20 38 21 27 20 8 42 4 30 33 5 8 34 18 35 24 18 32 45 36 43 7 28 34 44 53 83 62 47 45 57 74 50 29 25 44 71 44 17 11 37 73 48 26 22 42 81 59 44 41 54
54 50 42 32 50 33 2 47 56 15 30 55 37 70 35 32 4 42 21 17 47 55 18 61 31 30 17 40 63 37 23 30 56 57 31 37 62 57 46 41 51 50 33 37 25 17 39 57 18 37 38 37 50 29 53 41 0 48 32 22 31 50 24 68 34 27 34 40 17 62 45 53 21 25 55 67 25 67 47 42 14 37 66 62 37 34 65 56 45 65 51 67 25 20 20 35 26 55 18 33 50 25 11 33 59 51 25 13 34 60 59 40 33 45 67 73 58 54 62 79 90 78 75 81 94
7 14 20 18 13 17 49 2 35 44 27 31 47 44 29 19 44 29 38 32 17 37 30 24 19 18 31 8 55 12 45 29 32 44 18 17 37 26 22 13 34 42 35 20 33 38 24 48 39 14 16 12 28 19 15 17 48 0 26 45 29 22 39 42 42 21 17 28 41 46 27 34 28 23 33 51 23 24 36 9 44 17 41 47 16 20 46 29 22 24 33 43 43 36 43 18 26 50 44 49 81 65 56 60 74 69 48 36 41 60 60 35 15 26 51 59 33 9 23 49 65 43 29 36 56
30 21 11 22 21 11 33 26 26 36 2 24 51 39 6 9 30 11 35 17 36 25 22 30 23 15 18 20 38 15 42 33 25 29 12 9 31 26 15 14 21 23 40 7 33 32 36 31 17 13 10 15 19 16 24 11 32 26 0 41 4 19 38 37 45 14 9 9 35 33 41 23 21 13 24 39 18 37 19 17 36 9 36 34 10 6 36 25 38 35 21 37 41 32 38 9 26 31 38 50 78 55 37 35 50 71 45 21 16 40 71 44 19 14 39 76 53 34 32 48 87 67 54 52 63
52 53 49 28 53 37 23 44 66 7 40 64 16 79 46 36 19 52 8 26 38 66 20 65 27 32 24 39 78 39 2 18 65 70 34 42 71 63 53 45 62 64 16 44 13 10 27 71 35 40 43 38 59 30 56 46 22 45 41 0 42 57 7 77 14 30 39 50 7 74 31 63 21 30 64 80 26 69 60 44 8 43 76 75 42 40 77 64 33 67 62 77 5 11 4 40 20 70 4 12 37 21 31 54 79 31 4 23 50 77 38 23 32 54 80 53 43 49 66 88 72 65 68 81 99
33 23 14 24 24 14 32 29 26 37 3 24 53 39 5 12 29 11 36 17 39 25 23 32 26 17 19 23 36 18 42 35 26 28 15 12 32 28 17 17 21 22 42 10 35 33 39 30 15 16 13 18 19 18 26 14 31 29 4 42 0 21 39 37 47 16 12 9 36 33 44 23 23 15 24 39 20 40 18 20 36 13 36 33 13 9 36 26 41 37 21 37 42 33 39 12 28 29 39 51 78 54 35 32 47 72 46 21 13 37 73 46 22 15 38 79 56 37 34 48 90 70 57 54 64
22 9 9 31 9 21 51 23 14 53 21 10 63 24 18 21 48 13 49 34 38 16 37 12 33 26 35 21 34 19 56 43 11 23 23 15 17 8 5 13 14 22 51 14 46 47 43 28 35 18 14 20 8 27 9 11 50 22 19 57 21 0 52 22 57 27 18 14 50 25 46 13 36 28 12 30 31 20 17 15 52 15 21 26 15 17 25 8 42 17 12 23 56 47 54 17 38 30 54 63 94 72 56 50 57 84 60 39 29 40 79 53 27 8 30 80 54 29 14 32 86 63 43 34 44
45 47 44 22 47 32 26 38 62 10 37 59 15 75 43 32 21 48 4 24 31 62 17 60 20 27 21 33 75 33 6 12 61 66 29 37 67 58 48 40 58 61 10 39 7 8 20 68 34 34 38 33 55 25 50 42 24 39 38 7 39 52 0 72 10 25 34 46 7 71 25 59 17 25 60 77 21 63 56 38 11 38 71 71 37 36 73 59 26 62 57 73 4 6 6 35 14 68 8 13 43 28 34 55 79 34 9 22 48 75 37 17 26 50 76 49 37 42 60 83 67 58 61 74 94
40 29 29 52 29 42 69 43 12 73 38 14 84 3 33 41 66 27 70 53 58 14 57 20 54 47 55 43 24 41 77 65 13 17 44 36 6 17 25 34 17 23 72 34 67 68 64 22 51 39 35 41 19 48 27 32 68 42 37 77 37 22 72 0 78 48 39 29 71 14 67 16 56 48 14 15 52 27 22 37 72 35 2 15 36 37 10 14 63 23 17 4 76 67 74 38 59 25 74 84 114 91 71 57 54 105 80 57 39 34 101 74 48 23 15 100 74 47 22 12 104 79 55 35 30
47 52 50 27 52 38 35 40 68 19 45 65 7 81 51 38 30 56 14 32 30 69 25 64 25 33 30 37 83 38 12 14 67 74 36 43 73 63 54 45 65 68 7 46 13 18 19 76 43 40 44 38 61 31 54 47 34 42 45 14 47 57 10 78 0 32 40 53 17 78 21 66 25 33 66 84 28 66 64 43 20 44 77 78 43 42 80 65 24 65 64 79 9 15 14 41 20 76 16 8 41 33 44 64 89 28 12 31 57 83 27 11 31 57 83 40 32 43 64 88 58 53 60 76 97
27 24 19 9 24 7 29 20 37 26 14 34 38 50 19 7 24 24 23 11 25 38 11 36 10 3 11 13 51 10 30 19 36 42 5 12 42 34 24 16 34 37 27 14 20 21 23 45 20 10 14 10 30 3 27 17 27 21 14 30 16 27 25 48 32 0 9 22 24 46 29 34 10 3 35 52 5 41 32 16 26 13 46 47 13 11 48 34 26 39 33 48 29 20 27 10 12 45 27 37 67 47 36 43 62 59 33 15 28 53 57 31 8 25 51 63 41 28 37 58 75 57 49 54 70
23 16 11 14 16 3 36 17 29 35 10 26 46 41 14 3 31 17 32 18 28 29 19 28 17 8 18 11 44 6 39 27 27 35 5 4 33 25 15 8 26 30 34 6 28 30 28 38 23 4 5 6 21 10 19 8 34 17 9 39 12 18 34 39 40 9 0 15 33 38 33 26 18 10 27 44 14 33 25 9 34 4 38 39 4 4 40 26 30 31 25 40 38 29 36 2 20 38 36 46 76 55 41 43 59 67 42 22 25 47 64 38 11 17 44 68 44 26 29 49 78 58 46 47 62
31 18 9 29 19 17 41 28 17 45 10 16 59 30 5 16 38 3 43 25 41 17 30 25 31 22 27 23 30 19 50 41 17 21 19 13 23 20 9 15 13 16 48 9 41 41 43 24 23 17 12 20 11 23 21 11 40 28 9 50 9 14 46 29 53 22 15 0 44 25 48 14 30 22 15 31 26 33 11 19 44 12 27 25 13 12 28 17 44 30 12 28 50 41 47 14 34 24 47 59 86 63 44 37 47 80 54 29 16 33 78 52 25 7 30 82 58 36 27 40 91 70 53 47 56
47 47 43 23 47 30 19 39 60 4 34 57 21 73 40 30 14 46 4 19 35 60 14 59 22 26 17 34 71 33 7 16 59 63 28 36 65 57 47 39 56 57 16 37 10 4 25 65 29 34 37 33 53 24 50 40 17 41 35 7 36 50 7 71 17 24 33 44 0 68 30 57 15 23 58 74 20 63 53 38 5 36 69 68 36 34 71 58 31 62 55 71 8 5 4 34 15 64 4 18 44 25 28 49 74 38 11 17 44 70 43 23 26 48 73 56 43 45 60 81 73 64 65 76 93
46 33 29 52 34 41 62 48 12 69 34 16 84 13 28 40 61 23 68 49 62 10 54 29 54 46 51 45 11 42 74 65 15 5 43 36 13 23 25 36 13 13 72 33 66 65 66 8 44 40 35 42 18 48 33 32 62 46 33 74 33 25 71 14 78 46 38 25 68 0 70 13 54 46 14 7 51 37 15 39 68 35 13 1 36 36 5 19 66 34 14 11 74 65 71 37 58 12 71 83 110 86 63 46 41 104 78 52 29 20 102 75 49 22 6 104 79 53 31 23 111 87 65 48 43
31 39 42 20 39 31 47 25 59 34 42 56 25 70 47 33 41 50 26 35 11 61 29 50 19 27 34 26 77 29 30 15 57 67 30 36 62 51 45 35 57 63 16 39 21 29 7 71 47 31 36 28 52 26 41 39 45 27 41 31 44 46 25 67 21 29 33 48 30 70 0 58 27 30 57 76 26 49 57 32 35 36 66 71 35 37 71 54 5 50 56 69 27 26 30 34 21 71 32 28 62 52 56 70 90 45 31 37 56 80 35 11 23 49 75 35 14 24 49 75 47 34 39 58 81
34 21 17 40 22 29 54 35 4 58 24 5 72 17 18 28 51 12 57 39 50 4 43 20 42 34 40 32 21 29 63 53 5 10 31 24 10 14 13 23 2 11 60 21 54 54 53 16 36 27 22 30 6 36 22 20 53 34 23 63 23 13 59 16 66 34 26 14 57 13 58 0 43 34 3 19 39 29 8 27 58 23 14 14 23 24 15 9 54 25 2 15 63 54 60 25 46 18 60 71 100 76 56 44 46 92 67 43 24 28 90 63 36 10 18 92 66 41 22 27 99 75 55 42 44
34 33 28 11 33 16 23 27 46 17 21 43 30 59 27 16 17 32 14 9 27 46 3 45 10 11 8 21 59 18 21 14 45 50 14 21 51 43 33 25 42 44 20 23 12 12 21 52 21 19 23 19 38 10 36 26 21 28 21 21 23 36 17 56 25 10 18 30 15 54 27 43 0 9 44 60 5 49 40 24 17 22 55 55 22 20 57 43 26 48 41 57 21 11 18 19 7 52 18 29 58 38 31 44 66 50 24 11 33 59 51 25 13 34 60 59 40 33 46 67 73 59 54 62 79
29 25 20 11 26 8 27 23 37 25 13 35 38 50 19 8 22 24 23 9 28 38 10 37 12 6 9 16 51 12 29 20 36 42 6 13 42 35 24 17 33 36 27 15 20 20 25 44 18 12 15 12 30 5 28 18 25 23 13 30 15 28 25 48 33 3 10 22 23 46 30 34 9 0 35 52 5 42 32 17 25 14 47 46 14 11 48 35 28 40 33 48 29 20 27 11 13 44 27 37 66 45 34 41 60 59 33 13 27 52 58 32 10 25 51 65 43 30 38 59 77 60 51 56 71
33 20 17 40 20 29 56 34 3 60 25 3 73 16 20 29 53 14 58 40 49 5 44 17 42 34 42 32 23 29 64 53 2 12 31 24 8 11 13 23 5 14 61 21 55 55 53 18 38 27 23 30 6 36 20 20 55 33 24 64 24 12 60 14 66 35 27 15 58 14 57 3 44 35 0 19 40 26 10 26 59 23 12 14 24 25 14 7 53 23 5 13 64 55 61 26 47 20 61 72 101 78 58 47 49 93 68 44 27 31 90 63 37 10 18 91 65 40 20 25 98 74 53 39 42
51 38 35 58 39 47 68 53 17 75 40 21 90 13 34 46 67 29 74 55 67 15 60 33 60 52 57 50 11 47 80 71 19 11 49 42 16 28 31 41 19 18 78 38 72 71 72 12 50 45 41 48 24 54 38 38 67 51 39 80 39 30 77 15 84 52 44 31 74 7 76 19 60 52 19 0 57 40 21 45 74 41 15 6 42 42 6 24 72 37 20 12 80 71 77 43 64 15 77 89 116 91 69 50 42 110 84 58 35 21 108 81 55 28 1 110 84 58 35 21 116 91 69 50 41
30 28 24 7 28 11 27 22 42 22 18 39 34 54 24 11 22 28 19 11 24 42 8 40 8 7 10 16 55 14 26 15 40 47 9 17 46 38 28 20 38 41 22 19 16 17 20 49 21 14 18 14 34 5 31 21 25 23 18 26 20 31 21 52 28 5 14 26 20 51 26 39 5 5 40 57 0 44 36 19 22 17 51 51 17 15 53 39 24 43 37 53 25 16 23 14 8 49 23 33 63 43 34 44 65 54 29 14 31 57 53 27 8 30 56 60 39 29 41 62 73 56 50 57 74
19 18 27 41 17 35 68 26 28 66 39 24 71 29 37 36 64 33 61 50 39 30 51 9 43 38 51 30 47 31 68 52 25 37 37 31 25 16 24 26 30 40 59 32 56 60 48 43 54 31 29 31 26 40 15 27 67 24 37 69 40 20 63 27 66 41 33 33 63 37 49 29 49 42 26 40 44 0 35 26 66 30 26 38 30 34 35 20 45 4 29 29 66 59 66 33 49 46 66 73 105 87 74 69 75 92 71 55 48 56 83 59 37 28 40 79 52 26 7 30 80 54 29 15 32
38 24 17 39 25 27 48 37 11 54 20 12 70 23 14 26 46 9 53 34 50 9 40 26 41 32 36 33 20 29 60 51 12 11 29 22 17 20 15 24 6 6 58 19 51 50 53 14 30 27 22 29 10 34 25 20 47 36 19 60 18 17 56 22 64 32 25 11 53 15 57 8 40 32 10 21 36 35 0 28 53 22 21 15 23 22 19 15 54 31 7 21 60 50 57 24 44 15 56 68 95 71 50 37 41 89 63 38 17 25 88 62 35 10 20 92 67 44 28 33 100 78 59 48 51
14 9 11 17 10 10 44 10 28 41 19 25 49 39 20 11 39 20 37 26 23 30 26 22 19 13 26 6 47 6 44 29 26 36 12 8 32 21 14 4 27 33 36 12 32 35 28 41 31 6 8 6 21 15 12 8 42 9 17 44 20 15 38 37 43 16 9 19 38 39 32 27 24 17 26 45 19 26 28 0 41 8 35 40 8 12 40 23 27 24 25 38 42 34 41 9 24 42 42 49 81 62 50 51 65 70 47 30 32 51 65 38 13 18 44 66 40 18 22 46 73 52 37 39 56
50 49 44 26 50 32 15 43 61 2 34 58 24 74 40 32 11 46 9 19 39 61 15 62 25 28 18 37 71 35 10 20 60 64 30 37 66 59 48 41 56 57 21 39 14 6 29 65 27 36 39 35 54 26 52 42 14 44 36 8 36 52 11 72 20 26 34 44 5 68 35 58 17 25 59 74 22 66 53 41 0 38 70 68 38 35 71 59 36 64 56 72 12 9 7 35 19 63 5 20 42 21 24 46 71 39 12 16 43 69 46 28 29 49 73 60 47 48 62 83 78 68 69 79 96
21 13 7 18 13 7 39 17 25 39 11 22 50 38 13 7 35 14 35 21 29 26 23 24 20 12 22 12 42 7 42 30 24 32 9 1 30 22 11 5 22 28 38 4 32 33 31 35 24 5 2 8 18 13 16 4 37 17 9 43 13 15 38 35 44 13 4 12 36 35 36 23 22 14 23 41 17 30 22 8 38 0 34 36 1 4 37 22 32 28 21 36 42 33 39 3 24 36 40 49 79 58 44 44 58 71 46 25 25 45 67 41 14 14 40 71 46 26 25 46 80 59 45 44 58
39 28 27 51 28 40 67 42 11 71 37 13 83 4 32 40 65 25 69 52 57 12 56 19 53 45 53 41 23 40 76 63 11 16 42 35 5 16 23 33 16 22 71 33 66 66 63 21 49 38 33 40 17 47 26 30 66 41 36 76 36 21 71 2 77 46 38 27 69 13 66 14 55 47 12 15 51 26 21 35 70 34 0 14 34 36 10 13 62 23 16 4 75 66 73 37 58 25 73 83 112 90 70 56 53 104 79 56 37 33 100 73 47 22 15 99 73 46 21 13 103 78 55 36 32
47 34 29 53 34 42 62 48 12 69 35 17 84 14 29 41 61 23 68 49 63 10 55 30 55 46 51 45 10 42 75 65 15 5 43 36 13 24 26 36 14 13 73 33 66 65 66 8 44 40 35 43 19 48 34 33 62 47 34 75 33 26 71 15 78 47 39 25 68 1 71 14 55 46 14 6 51 38 15 40 68 36 14 0 36 36 6 20 67 34 15 12 75 65 72 38 58 12 71 83 110 86 63 46 40 104 78 53 30 20 103 76 49 23 5 105 79 54 32 23 112 88 66 49 44
21 13 8 17 13 6 39 17 26 38 12 23 49 38 14 6 35 15 35 21 29 27 23 24 19 11 22 11 42 7 42 30 24 32 8 1 30 22 12 5 23 28 37 5 32 33 31 36 25 4 2 7 18 13 16 5 37 16 10 42 13 15 37 36 43 13 4 13 36 36 35 23 22 14 24 42 17 30 23 8 38 1 34 36 0 5 37 22 32 28 22 36 41 32 39 3 24 37 39 49 79 58 44 44 58 70 45 25 25 46 67 40 13 14 41 70 45 25 25 46 79 58 44 44 58
25 17 9 17 17 6 35 20 27 36 8 24 49 40 11 5 31 14 33 17 31 27 20 28 19 11 19 14 41 9 40 29 25 32 7 4 32 24 14 9 23 27 37 4 31 31 32 35 21 7 5 10 19 12 20 8 34 20 6 40 9 17 36 37 42 11 4 12 34 36 37 24 20 11 25 42 15 34 22 12 35 4 36 36 5 0 38 24 33 32 22 38 40 30 37 3 23 35 37 48 77 55 40 40 55 69 44 22 22 44 67 40 14 15 41 71 47 29 29 48 81 61 48 48 61
46 33 30 54 34 43 66 48 12 72 37 16 86 9 32 42 64 25 71 52 63 11 57 27 56 48 54 46 14 43 77 67 15 10 45 38 11 22 27 37 15 17 74 35 68 68 67 13 48 41 36 44 20 50 33 34 65 46 36 77 36 25 73 10 80 48 40 28 71 5 71 15 57 48 14 6 53 35 19 40 71 37 10 6 37 38 0 18 67 32 16 7 77 68 74 39 60 17 74 85 113 89 67 51 45 106 81 56 34 25 104 77 50 24 5 105 79 53 29 18 111 86 63 45 38
28 16 15 38 16 28 57 30 8 60 26 4 71 17 22 28 54 16 57 41 45 11 44 11 40 33 42 29 29 27 64 51 5 18 30 23 9 5 11 20 11 20 58 21 53 55 50 24 40 25 21 27 7 35 15 18 56 29 25 64 26 8 59 14 65 34 26 17 58 19 54 9 43 35 7 24 39 20 15 23 59 22 13 20 22 24 18 0 50 17 9 15 63 54 61 25 45 26 61 71 101 79 61 51 55 92 67 45 31 37 87 61 34 11 23 87 61 35 14 24 93 68 47 33 39
26 35 38 18 35 28 47 20 55 35 39 51 29 66 43 30 41 46 27 34 6 57 28 46 17 24 32 22 73 25 32 16 53 63 27 32 58 47 41 31 53 59 18 36 22 30 7 67 45 28 32 25 48 24 36 35 45 22 38 33 41 42 26 63 24 26 30 44 31 66 5 54 26 28 53 72 24 45 54 27 36 32 62 67 32 33 67 50 0 45 52 65 29 27 31 31 20 68 33 32 65 54 55 68 87 49 34 36 54 77 39 15 20 45 71 39 15 20 45 71 49 34 36 54 77
20 16 24 40 15 33 66 26 24 65 37 20 71 26 34 34 62 29 60 48 40 27 49 6 42 37 49 29 44 30 67 52 21 34 35 29 22 12 21 24 27 36 59 29 56 59 48 39 51 29 27 30 22 38 13 24 65 24 35 67 37 17 62 23 65 39 31 30 62 34 50 25 48 40 23 37 43 4 31 24 64 28 23 34 28 32 32 17 45 0 26 26 66 57 65 31 48 42 65 72 104 85 71 66 71 92 70 52 45 52 84 59 36 24 37 80 54 27 4 28 82 56 32 18 33
34 20 15 38 21 27 52 34 5 57 22 6 70 19 17 26 50 10 55 37 48 5 42 20 41 32 39 31 22 28 62 51 6 11 29 22 12 14 12 22 2 11 58 19 52 52 52 16 34 26 21 28 5 34 21 18 51 33 21 62 21 12 57 17 64 33 25 12 55 14 56 2 41 33 5 20 37 29 7 25 56 21 16 15 22 22 16 9 52 26 0 17 61 52 59 24 44 18 58 70 98 74 54 43 46 91 65 41 23 29 88 61 35 8 20 91 65 41 22 28 98 74 54 42 46
42 30 29 53 30 42 68 45 12 73 38 14 85 3 33 42 66 26 70 53 60 12 57 22 55 47 55 44 21 42 77 66 13 14 44 37 7 18 25 35 16 21 73 34 68 68 65 19 50 40 35 42 19 49 29 32 67 43 37 77 37 23 73 4 79 48 40 28 71 11 69 15 57 48 13 12 53 29 21 38 72 36 4 12 36 38 7 15 65 26 17 0 77 68 74 39 59 23 74 85 114 91 70 55 51 106 81 57 37 31 102 75 49 23 11 102 76 49 24 13 107 81 58 39 33
49 51 48 26 51 35 27 42 66 10 41 63 13 79 46 36 22 52 7 27 34 66 20 64 24 30 25 37 78 37 3 15 65 70 33 41 71 62 52 44 62 64 12 43 10 11 23 72 36 38 42 37 58 29 54 45 25 43 41 5 42 56 4 76 9 29 38 50 8 74 27 63 21 29 64 80 25 66 60 42 12 42 75 75 41 40 77 63 29 66 61 77 0 10 5 39 18 71 7 10 39 25 35 57 81 30 5 25 51 78 35 18 30 54 80 49 39 46 64 87 67 60 64 78 98
42 43 39 19 43 26 22 34 57 9 31 54 21 70 37 27 17 43 3 18 30 57 11 55 17 22 16 29 69 28 10 11 55 61 24 32 62 53 43 35 53 55 13 34 5 4 20 63 28 30 33 28 49 20 46 36 20 36 32 11 33 47 6 67 15 20 29 41 5 65 26 54 11 20 55 71 16 59 50 34 9 33 66 65 32 30 68 54 27 57 52 68 10 0 8 30 10 62 8 19 47 30 31 50 74 40 14 16 42 69 42 20 22 45 70 54 39 40 56 78 70 59 60 71 89
49 50 46 26 50 34 22 41 63 6 37 61 17 76 43 33 17 49 5 23 36 63 17 62 24 29 21 37 75 36 4 16 62 67 31 39 68 60 50 42 59 61 15 41 11 7 25 69 32 37 40 35 56 27 53 43 20 43 38 4 39 54 6 74 14 27 36 47 4 71 30 60 18 27 61 77 23 66 57 41 7 39 73 72 39 37 74 61 31 65 59 74 5 8 0 37 17 68 3 14 40 23 30 52 77 34 7 21 47 74 40 22 29 51 77 54 42 46 63 85 72 63 66 78 96
23 16 10 15 16 4 36 18 28 36 10 25 47 40 13 4 32 16 33 18 28 28 20 27 18 9 19 11 43 7 40 28 26 34 6 3 32 24 14 7 25 29 35 5 30 30 30 37 23 4 4 7 20 11 19 7 35 18 9 40 12 17 35 38 41 10 2 14 34 37 34 25 19 11 26 43 14 33 24 9 35 3 37 38 3 3 39 25 31 31 24 39 39 30 37 0 21 37 37 47 77 56 42 43 58 68 43 22 25 46 65 39 12 16 43 69 45 26 28 48 79 59 46 47 61
32 33 31 9 33 18 28 25 49 19 25 46 26 61 31 18 22 36 13 15 22 49 9 46 7 13 14 20 63 19 20 8 47 54 16 23 53 44 35 26 45 49 15 26 9 13 15 57 27 21 25 19 41 11 36 28 26 26 26 20 28 38 14 59 20 12 20 34 15 58 21 46 7 13 47 64 8 49 44 24 19 24 58 58 24 23 60 45 20 48 44 59 18 10 17 21 0 56 18 26 57 39 36 50 72 47 23 17 39 64 46 20 12 37 63 53 34 30 46 69 67 53 51 61 80
51 38 31 52 38 41 55 51 19 64 32 23 82 25 26 39 55 22 65 45 64 16 51 37 54 45 47 47 8 43 71 63 22 10 42 36 23 31 29 38 17 9 71 33 63 61 66 4 37 40 36 43 23 47 39 34 55 50 31 70 29 30 68 25 76 45 38 24 64 12 71 18 52 44 20 15 49 46 15 42 63 36 25 12 37 35 17 26 68 42 18 23 71 62 68 37 56 0 67 80 105 79 55 35 30 101 74 48 22 11 101 75 49 24 15 106 81 58 39 35 115 92 72 58 55
50 50 46 26 51 34 20 42 63 4 37 61 19 76 43 34 15 49 6 22 37 63 17 63 25 29 20 37 74 36 5 18 62 66 32 39 68 61 50 42 59 60 17 41 12 7 27 68 31 37 41 36 56 27 53 44 18 44 38 4 39 54 8 74 16 27 36 47 4 71 32 60 18 27 61 77 23 66 56 42 5 40 73 71 39 37 74 61 33 65 58 74 7 8 3 37 18 67 0 16 40 22 28 50 76 35 8 20 46 73 41 24 30 51 76 56 44 48 63 85 74 65 67 79 97
55 58 56 33 58 43 35 47 74 19 49 71 6 87 55 44 31 61 16 36 37 74 29 71 31 38 34 44 87 44 11 21 73 79 41 49 79 70 60 51 70 73 14 51 18 20 26 81 46 46 50 44 67 36 61 53 33 49 50 12 51 63 13 84 8 37 46 59 18 83 28 71 29 37 72 89 33 73 68 49 20 49 83 83 49 48 85 71 32 72 70 85 10 19 14 47 26 80 16 0 34 27 43 66 91 22 9 34 60 87 27 18 37 62 88 43 38 50 71 94 63 59 67 83 104
88 90 86 65 90 73 50 80 103 42 76 100 37 116 82 73 50 88 45 61 71 102 57 102 63 69 60 76 112 75 38 53 102 105 71 79 108 100 90 82 98 99 48 80 49 47 60 106 68 77 80 75 96 67 93 83 50 81 78 37 78 94 43 114 41 67 76 86 44 110 62 100 58 66 101 116 63 105 95 81 42 79 112 110 79 77 113 101 65 104 98 114 39 47 40 77 57 105 40 34 0 27 54 81 107 22 35 58 83 109 43 51 69 91 115 64 70 83 102 124 86 89 100 117 136
71 70 64 47 70 53 24 63 79 21 53 78 32 93 58 52 25 65 28 39 58 79 36 82 46 49 37 58 87 56 23 39 79 81 51 58 85 79 68 62 75 74 37 59 34 27 48 81 42 57 59 56 73 47 73 62 25 65 55 21 54 72 28 91 33 47 55 63 25 86 52 76 38 45 78 91 43 87 71 62 21 58 90 86 58 55 89 79 54 85 74 91 25 30 23 56 39 79 22 27 27 0 27 54 81 35 22 34 58 83 51 43 50 68 91 70 64 69 83 102 89 85 89 100 116
63 56 48 41 57 41 9 56 59 25 35 59 47 73 39 39 15 46 31 25 57 58 28 67 41 39 26 49 62 45 32 41 60 59 39 43 66 63 51 49 54 51 43 43 36 27 50 58 21 44 45 45 54 38 60 47 11 56 37 31 35 56 34 71 44 36 41 44 28 63 56 56 31 34 58 69 34 74 50 50 24 44 70 63 44 40 67 61 55 71 54 70 35 31 30 42 36 55 28 43 54 27 0 27 54 58 34 21 34 58 69 50 42 50 68 83 69 63 68 82 100 89 84 88 99
65 54 44 51 55 44 32 60 47 47 33 48 69 58 33 42 35 37 51 35 68 45 42 61 52 45 37 53 42 48 55 57 48 42 44 43 53 55 45 48 42 35 62 41 54 47 64 39 24 47 44 49 45 45 57 45 33 60 35 54 32 50 55 57 64 43 43 37 49 46 70 44 44 41 47 50 44 69 37 51 46 44 56 46 44 40 51 51 68 66 43 55 57 50 52 43 50 35 50 66 81 54 27 0 27 83 58 34 21 34 91 68 50 42 50 102 83 68 63 68 117 100 88 83 87
77 64 55 70 64 61 58 74 48 72 49 51 94 53 45 59 61 46 76 57 86 45 64 66 72 64 59 69 31 64 80 79 50 39 61 58 52 59 54 61 45 36 85 54 77 71 84 33 46 62 58 65 50 64 65 57 59 74 50 79 47 57 79 54 89 62 59 47 74 41 90 46 66 60 49 42 65 75 41 65 71 58 53 40 58 55 45 55 87 71 46 51 81 74 77 58 72 30 76 91 107 81 54 27 0 109 83 58 34 21 115 91 68 50 42 124 102 82 68 62 136 116 99 87 83
74 79 77 54 79 64 52 67 95 38 70 92 22 108 76 65 49 82 37 56 55 96 50 91 52 59 54 64 108 65 31 41 94 100 62 70 100 91 81 72 92 94 34 72 39 40 45 102 65 67 71 65 88 58 81 74 51 69 71 31 72 84 34 105 28 59 67 80 38 104 45 92 50 59 93 110 54 92 89 70 39 71 104 104 70 69 106 92 49 92 91 106 30 40 34 68 47 101 35 22 22 35 58 83 109 0 27 54 81 107 22 35 58 83 109 43 51 69 91 115 64 70 83 102 124
54 56 52 31 56 40 27 46 70 11 44 67 13 83 50 40 23 56 11 30 39 70 24 68 29 35 28 42 81 41 4 20 69 74 38 45 75 66 56 48 66 67 16 47 15 14 28 75 39 43 47 41 62 33 58 50 25 48 45 4 46 60 9 80 12 33 42 54 11 78 31 67 24 33 68 84 29 71 63 47 12 46 79 78 45 44 81 67 34 70 65 81 5 14 7 43 23 74 8 9 35 22 34 58 83 27 0 27 54 81 35 22 34 58 83 51 43 50 68 91 70 64 69 83 102
42 37 30 20 38 21 14 35 46 17 19 44 36 59 25 19 10 31 19 5 37 45 8 49 21 18 5 28 55 24 24 23 45 48 19 24 51 46 34 29 41 41 28 25 20 14 31 49 12 24 26 25 39 17 41 29 13 36 21 23 21 39 22 57 31 15 22 29 17 52 37 43 11 13 44 58 14 55 38 30 16 25 56 53 25 22 56 45 36 52 41 57 25 16 21 22 17 48 20 34 58 34 21 34 58 54 27 0 27 54 58 34 21 34 58 69 50 42 50 68 83 69 63 68 82
45 34 24 37 34 27 34 42 27 44 15 28 62 40 13 25 34 16 45 25 52 26 32 40 38 30 27 35 29 31 50 46 28 25 27 25 33 34 25 29 22 17 53 21 45 41 51 24 16 28 25 31 24 31 36 25 34 41 16 50 13 29 48 39 57 28 25 16 44 29 56 24 33 27 27 35 31 48 17 32 43 25 37 30 25 22 34 31 54 45 23 37 51 42 47 25 39 22 46 60 83 58 34 21 34 81 54 27 0 27 83 58 34 21 34 91 68 50 42 50 102 83 68 63 68
61 48 41 61 49 50 59 61 29 70 40 33 89 33 34 48 60 32 71 52 74 26 58 47 63 54 54 56 11 52 77 71 32 19 51 46 32 41 39 48 27 19 79 42 71 68 75 14 43 50 45 53 33 55 49 44 60 60 40 77 37 40 75 34 83 53 47 33 70 20 80 28 59 52 31 21 57 56 25 51 69 45 33 20 46 44 25 37 77 52 29 31 78 69 74 46 64 11 73 87 109 83 58 34 21 107 81 54 27 0 109 83 58 34 21 115 91 68 50 42 124 102 82 68 62
65 73 74 50 73 62 61 59 92 45 70 88 23 103 76 63 56 80 40 59 45 93 52 84 48 57 57 59 108 61 37 38 90 98 60 67 96 85 78 68 89 93 31 70 39 44 37 101 70 63 68 60 84 55 75 71 59 60 71 38 73 79 37 101 27 57 64 78 43 102 35 90 51 58 90 108 53 83 88 65 46 67 100 103 67 67 104 87 39 84 88 102 35 42 40 65 46 101 41 27 43 51 69 91 115 22 35 58 83 109 0 27 54 81 107 22 35 58 83 109 43 51 69 91 115
40 46 47 24 47 35 42 33 65 27 44 62 14 77 50 36 36 54 19 34 21 66 27 58 22 30 32 32 81 34 21 12 63 72 33 40 69 59 51 41 63 67 7 43 15 23 11 75 46 36 41 34 58 29 49 44 40 35 44 23 46 53 17 74 11 31 38 52 23 75 11 63 25 32 63 81 27 59 62 38 28 41 73 76 40 40 77 61 15 59 61 75 18 20 22 39 20 75 24 18 51 43 50 68 91 35 22 34 58 83 27 0 27 54 81 35 22 34 58 83 51 43 50 68 91
22 22 20 4 22 8 35 14 39 29 19 35 37 51 24 10 30 27 24 18 19 40 16 34 6 5 17 8 55 8 31 17 37 45 8 13 43 33 24 15 36 41 25 17 20 24 18 49 27 10 15 8 31 5 25 17 33 15 19 32 22 27 26 48 31 8 11 25 26 49 23 36 13 10 37 55 8 37 35 13 29 14 47 49 13 14 50 34 20 36 35 49 30 22 29 12 12 49 30 37 69 50 42 50 68 58 34 21 34 58 54 27 0 27 54 58 34 21 34 58 69 50 42 50 68
28 15 7 31 15 20 46 27 12 50 16 10 63 25 11 19 44 6 48 30 41 13 34 19 33 25 32 24 29 20 54 43 11 19 21 14 18 14 5 14 9 16 51 11 45 45 44 23 29 18 13 21 5 26 16 11 45 26 14 54 15 8 50 23 57 25 17 7 48 22 49 10 34 25 10 28 30 28 10 18 49 14 22 23 14 15 24 11 45 24 8 23 54 45 51 16 37 24 51 62 91 68 50 42 50 83 58 34 21 34 81 54 27 0 27 83 58 34 21 34 91 68 50 42 50
50 38 34 57 38 46 67 52 16 74 40 20 89 13 34 45 66 28 73 54 67 15 60 32 60 51 56 50 11 47 80 70 19 10 48 41 16 27 30 41 19 17 77 38 71 70 71 12 49 45 40 47 23 53 37 37 67 51 39 80 38 30 76 15 83 51 44 30 73 6 75 18 60 51 18 1 56 40 20 44 73 40 15 5 41 41 5 23 71 37 20 11 80 70 77 43 63 15 76 88 115 91 68 50 42 109 83 58 34 21 107 81 54 27 0 109 83 58 34 21 115 91 68 50 42
62 72 76 55 72 66 75 58 94 59 76 89 38 103 81 68 70 84 53 68 43 95 61 82 53 62 66 60 112 64 52 46 91 101 65 70 96 84 79 69 92 98 41 74 49 57 41 105 80 66 71 63 86 61 74 73 73 59 76 53 79 80 49 100 40 63 68 82 56 104 35 92 59 65 91 110 60 79 92 66 60 71 99 105 70 71 105 87 39 80 91 102 49 54 54 69 53 106 56 43 64 70 83 102 124 43 51 69 91 115 22 35 58 83 109 0 27 54 81 107 22 35 58 83 109
35 46 51 33 46 42 60 32 68 47 53 63 34 76 58 44 55 60 39 49 17 69 43 55 31 39 47 35 86 39 42 29 65 76 41 46 69 58 54 44 66 73 28 49 34 42 20 80 60 42 46 39 61 38 47 48 58 33 53 43 56 54 37 74 32 41 44 58 43 79 14 66 40 43 65 84 39 52 67 40 47 46 73 79 45 47 79 61 15 54 65 76 39 39 42 45 34 81 44 38 70 64 69 83 102 51 43 50 68 91 35 22 34 58 83 27 0 27 54 81 35 22 34 58 83
8 21 28 23 20 25 56 9 42 48 36 38 48 50 38 27 50 37 42 39 14 44 36 28 24 25 38 16 62 21 48 31 39 51 26 26 43 32 30 22 42 50 36 29 36 42 24 56 47 22 25 20 36 26 21 26 54 9 34 49 37 29 42 47 43 28 26 36 45 53 24 41 33 30 40 58 29 26 44 18 48 26 46 54 25 29 53 35 20 27 41 49 46 40 46 26 30 58 48 50 83 69 63 68 82 69 50 42 50 68 58 34 21 34 58 54 27 0 27 54 58 34 21 34 58
20 13 21 38 13 30 63 25 21 63 34 17 70 24 31 31 59 26 58 46 39 24 47 3 40 35 46 27 41 28 65 50 18 31 32 26 19 9 18 22 24 33 57 26 54 57 47 37 48 27 24 28 19 36 10 22 62 23 32 66 34 14 60 22 64 37 29 27 60 31 49 22 46 38 20 35 41 7 28 22 62 25 21 32 25 29 29 14 45 4 22 24 64 56 63 28 46 39 63 71 102 83 68 63 68 91 68 50 42 50 83 58 34 21 34 81 54 27 0 27 83 58 34 21 34
46 37 39 62 37 52 80 51 24 83 49 25 94 11 44 52 77 38 80 64 66 25 68 26 64 57 66 52 31 50 87 74 23 27 54 46 17 25 35 44 28 33 82 44 77 78 73 31 62 49 45 51 30 58 35 42 79 49 48 88 48 32 83 12 88 58 49 40 81 23 75 27 67 59 25 21 62 30 33 46 83 46 13 23 46 48 18 24 71 28 28 13 87 78 85 48 69 35 85 94 124 102 82 68 62 115 91 68 50 42 109 83 58 34 21 107 81 54 27 0 109 83 58 34 21
65 78 84 67 78 76 92 64 100 77 87 95 58 107 92 78 86 93 69 82 51 102 76 85 65 73 80 69 119 73 70 61 97 109 76 80 101 89 87 77 99 106 58 83 65 73 53 113 93 75 80 72 93 72 78 81 90 65 87 72 90 86 67 104 58 75 78 91 73 111 47 99 73 77 98 116 73 80 100 73 78 80 103 112 79 81 111 93 49 82 98 107 67 70 72 79 67 115 74 63 86 89 100 117 136 64 70 83 102 124 43 51 69 91 115 22 35 58 83 109 0 27 54 81 107
41 54 62 50 54 56 80 42 76 67 68 71 55 82 71 59 74 71 60 67 33 78 61 60 49 55 65 48 96 53 63 49 73 85 57 59 76 64 64 56 76 84 49 62 54 63 40 90 77 55 59 52 70 55 54 59 78 43 67 65 70 63 58 79 53 57 58 70 64 87 34 75 59 60 74 91 56 54 78 52 68 59 78 88 58 61 86 68 34 56 74 81 60 59 63 59 53 92 65 59 89 85 89 100 116 70 64 69 83 102 51 43 50 68 91 35 22 34 58 83 27 0 27 54 81
24 36 45 44 35 45 77 29 54 68 55 50 64 58 56 47 71 54 61 60 31 57 57 37 44 46 59 36 75 41 67 50 51 64 46 45 53 42 45 40 56 65 54 48 56 63 42 70 67 42 44 40 50 47 34 44 75 29 54 68 57 43 61 55 60 49 46 53 65 65 39 55 54 51 53 69 50 29 59 37 69 45 55 66 44 48 63 47 36 32 54 58 64 60 66 46 51 72 67 67 100 89 84 88 99 83 69 63 68 82 69 50 42 50 68 58 34 21 34 58 54 27 0 27 54
29 32 41 53 32 48 82 37 40 79 54 37 81 37 52 50 78 47 73 64 48 43 64 23 55 52 65 42 58 45 80 64 37 49 50 45 36 29 39 40 44 53 70 46 68 73 58 55 68 45 43 44 40 53 29 41 81 36 52 81 54 34 74 35 76 54 47 47 76 48 58 42 62 56 39 50 57 15 48 39 79 44 36 49 44 48 45 33 54 18 42 39 78 71 78 47 61 58 79 83 117 100 88 83 87 102 83 68 63 68 91 68 50 42 50 83 58 34 21 34 81 54 27 0 27
51 47 52 72 47 64 95 58 41 96 65 41 103 30 61 64 92 54 92 78 71 43 81 35 74 68 79 61 52 61 99 84 40 46 66 59 35 37 49 55 46 53 91 58 88 91 80 51 78 60 57 61 45 70 44 54 94 56 63 99 64 44 94 30 97 70 62 56 93 43 81 44 79 71 42 41 74 32 51 56 96 58 32 44 58 61 38 39 77 33 46 33 98 89 96 61 80 55 97 104 136 116 99 87 83 124 102 82 68 62 115 91 68 50 42 109 83 58 34 21 107 81 54 27 0
