0 24 12 29 17 9 34 32 3 38 52 24 16 24 22 21 15 21 6 8 21 27 32 13 21 45 30 31 22 19 22 38 25 35 44 14 23 48 18 28 5 23 24 33 34 51 22 31 39 30 14 7 6 34 20 35 13 31 26 37 51 21 17 20 28 26 19 35 29 7 28 8 15 14 25 10 31 29 38 22 16 27 20 41 28 39 18 37 14 30 17 20 15 19 31 51 24 33 38 21 84 63 48 45 57 75 50 29 26 43 71 44 18 10 37 74 48 26 21 41 81 60 43 41 54
24 0 28 13 21 33 39 39 24 41 52 45 36 33 44 34 34 13 23 29 35 50 27 29 35 47 12 45 25 40 26 48 3 34 47 24 27 38 41 50 20 46 32 46 53 44 42 35 51 7 33 27 20 20 24 56 15 39 8 36 47 41 39 30 51 34 39 20 46 31 52 24 26 33 44 15 26 39 42 26 26 44 10 37 44 61 25 27 35 54 24 43 31 18 50 46 44 37 48 18 83 68 62 67 81 68 50 41 49 67 58 34 20 33 57 55 28 2 27 53 59 36 22 34 57
12 28 0 27 11 15 23 21 15 27 42 31 26 13 30 9 25 19 8 6 32 32 24 1 32 34 29 19 14 28 13 27 30 25 33 6 34 41 22 34 14 28 13 21 43 43 31 20 28 32 25 19 12 30 12 42 13 20 27 28 41 31 14 9 33 14 28 31 19 10 32 6 5 5 34 17 24 17 27 13 7 17 28 32 18 45 29 31 24 34 8 26 4 15 40 42 33 22 26 17 73 51 37 39 56 65 40 18 23 46 64 38 12 19 45 69 46 30 33 52 80 61 50 51 65
29 13 27 0 16 37 30 30 29 30 40 52 43 27 51 30 41 9 25 30 45 55 16 27 44 35 3 39 18 47 19 40 16 23 36 22 39 25 46 56 25 51 25 40 61 31 49 26 43 11 41 34 24 7 18 63 17 31 6 24 34 49 40 25 56 26 46 8 41 33 56 24 23 32 52 21 14 32 31 19 22 40 22 24 39 67 35 14 42 58 20 49 28 13 58 33 52 28 39 12 70 57 55 65 83 56 38 35 49 71 46 21 16 39 64 45 20 14 38 64 54 35 32 47 70
17 21 11 16 0 24 21 19 19 23 37 40 33 13 38 14 32 9 12 15 37 42 15 11 37 30 18 25 6 36 7 28 23 19 30 6 36 31 32 43 16 38 12 26 51 35 39 16 30 23 31 24 13 19 4 51 8 19 18 21 35 38 25 10 43 14 35 20 26 19 42 11 8 16 41 15 14 19 24 7 6 24 24 24 24 55 31 21 31 44 4 36 12 4 48 34 41 19 28 6 69 50 42 49 67 58 35 21 34 57 55 28 1 26 53 59 35 22 34 57 69 51 43 50 68
9 33 15 37 24 0 37 35 10 41 56 17 12 27 15 22 12 29 13 10 20 19 38 16 20 48 38 30 28 14 27 39 33 40 47 19 26 54 10 20 13 15 27 32 28 57 16 35 39 38 12 9 14 41 26 28 20 33 35 42 56 17 12 23 20 29 13 42 27 6 20 13 19 14 20 18 37 31 41 27 20 26 28 46 27 32 22 44 10 22 22 13 17 26 25 56 18 36 38 28 87 64 46 39 49 80 54 30 19 35 78 51 24 5 30 81 56 34 24 38 90 68 51 45 54
34 39 23 30 21 37 0 3 36 5 19 53 49 11 51 16 48 27 29 28 54 52 16 22 55 11 32 16 15 50 14 11 41 9 10 21 55 26 43 55 34 49 11 15 65 24 53 5 15 39 48 41 32 28 17 63 28 5 34 11 21 53 32 14 54 9 50 29 20 32 51 27 20 24 56 35 17 9 4 15 19 19 44 15 18 66 50 23 46 53 19 47 21 22 62 22 55 2 11 21 51 30 27 45 68 44 18 11 37 64 47 25 20 41 66 59 42 40 53 74 74 62 61 70 87
32 39 21 30 19 35 3 0 34 7 22 50 46 8 49 13 45 26 27 26 52 49 16 20 53 14 32 13 14 48 13 10 41 11 13 19 53 28 41 53 33 47 9 13 62 27 51 5 14 39 45 39 30 29 16 61 27 3 34 13 24 51 29 12 51 7 47 29 18 30 49 25 18 21 54 33 18 6 7 13 17 17 43 17 16 63 48 24 44 51 17 45 18 22 59 24 52 4 10 21 53 32 26 42 66 47 20 9 35 61 50 27 19 39 64 61 44 39 52 72 76 63 60 68 85
3 24 15 29 19 10 36 34 0 40 54 23 15 27 22 23 13 21 8 11 19 27 33 15 19 47 30 33 24 18 24 41 24 37 46 16 20 49 18 27 4 23 26 35 33 53 21 33 42 30 13 6 6 34 22 35 13 33 26 39 53 20 19 23 28 28 18 36 32 9 28 10 17 17 23 10 33 31 40 24 18 30 19 42 31 39 15 38 14 31 19 20 18 20 30 53 23 35 40 22 86 65 50 48 58 77 52 32 27 44 72 46 19 10 36 74 48 25 19 39 81 59 42 38 51
38 41 27 30 23 41 5 7 40 0 15 57 52 14 55 20 51 28 32 32 58 56 15 26 58 7 33 19 17 54 17 13 43 8 7 25 58 23 48 59 38 53 14 19 69 21 57 7 17 40 51 45 35 27 20 67 31 10 35 8 17 57 36 18 58 13 54 28 24 36 56 30 23 28 60 38 17 13 2 17 22 24 46 11 22 70 53 21 50 58 22 51 25 24 66 18 59 5 13 23 47 28 29 48 72 40 13 15 42 68 43 22 23 45 70 56 41 41 56 78 72 61 61 72 90
52 52 42 40 37 56 19 22 54 15 0 72 67 29 70 35 66 41 47 46 73 70 26 41 73 8 42 31 31 69 31 22 55 19 10 39 72 23 62 74 52 68 29 30 83 16 72 22 25 50 66 59 49 36 34 82 45 24 46 17 10 72 50 33 72 28 69 36 36 51 70 45 38 43 75 51 27 27 15 31 37 36 59 17 35 84 67 28 65 72 36 66 39 38 81 11 73 20 23 36 32 19 34 58 83 26 3 28 55 81 36 24 37 60 85 52 45 53 71 93 72 66 72 85 104
24 45 31 52 40 17 53 50 23 57 72 0 10 43 2 38 12 44 29 26 16 8 54 32 17 64 53 44 44 6 44 53 45 56 63 35 28 71 10 5 27 6 44 46 12 73 5 51 52 52 13 19 29 57 42 12 36 49 49 59 72 7 23 40 7 45 7 58 40 22 11 30 35 29 8 32 54 46 57 44 37 39 38 62 40 16 26 60 10 12 38 7 33 42 10 72 5 52 53 44 102 78 57 42 42 96 70 45 24 23 94 67 41 14 14 97 71 47 27 26 104 80 60 46 45
16 36 26 43 33 12 49 46 15 52 67 10 0 39 10 34 2 36 22 21 9 17 48 27 10 59 44 42 38 4 38 51 35 50 58 29 19 64 12 15 19 13 39 44 19 67 7 46 51 42 3 10 21 49 36 21 28 45 40 53 66 6 22 35 17 40 4 50 39 17 19 23 30 26 9 23 47 42 52 38 31 37 28 56 39 26 16 52 3 21 32 11 28 35 15 66 9 48 50 37 98 76 57 47 51 90 65 42 27 33 87 60 34 8 22 88 62 37 18 27 94 70 50 38 42
24 33 13 27 13 27 11 8 27 14 29 43 39 0 41 6 38 21 19 18 45 42 17 12 45 21 29 13 10 40 8 16 35 15 20 12 46 32 34 46 25 39 3 13 55 32 43 9 18 35 38 31 22 27 10 54 20 7 30 17 30 43 22 5 44 2 40 28 15 22 42 17 10 14 46 26 18 6 14 9 10 14 37 21 13 56 41 25 36 44 10 38 11 17 52 30 45 10 15 16 60 39 29 40 62 54 27 8 29 55 55 29 14 31 56 63 43 34 44 64 77 61 55 62 77
22 44 30 51 38 15 51 49 22 55 70 2 10 41 0 36 11 43 27 25 16 8 53 30 17 62 51 42 43 6 42 52 44 54 61 34 28 69 9 6 26 5 42 44 14 72 6 49 51 51 12 18 27 56 41 13 35 47 48 57 70 7 21 38 8 43 6 57 38 20 10 28 34 28 8 31 52 44 55 42 35 37 37 61 39 17 25 58 9 12 37 5 31 41 12 71 6 51 51 43 101 77 56 41 42 94 68 43 22 24 92 66 39 13 15 95 70 45 26 28 103 79 59 46 46
21 34 9 30 14 22 16 13 23 20 35 38 34 6 36 0 33 23 16 13 40 36 22 8 41 27 32 11 13 35 12 18 36 21 26 10 43 38 28 40 22 34 8 13 49 38 38 14 19 37 33 27 20 31 13 48 20 12 31 23 36 38 17 5 38 8 35 32 12 17 36 14 8 9 41 25 22 9 20 12 9 10 36 27 10 50 38 30 31 38 11 32 6 18 47 36 40 16 17 19 65 43 29 36 56 59 33 9 23 49 60 35 15 26 51 68 47 35 41 60 81 64 56 60 74
15 34 25 41 32 12 48 45 13 51 66 12 2 38 11 33 0 34 20 20 8 19 46 26 9 58 42 41 37 6 36 50 33 49 58 28 18 62 13 16 17 14 38 43 20 66 8 45 50 40 2 9 19 47 34 23 26 44 38 52 65 8 22 34 18 39 6 48 39 16 21 22 28 25 11 21 45 42 52 36 30 37 26 55 38 28 15 51 4 22 31 12 27 33 17 65 11 47 49 35 98 75 57 48 52 89 64 41 27 35 85 59 32 8 23 86 60 35 16 27 92 69 48 36 42
21 13 19 9 9 29 27 26 21 28 41 44 36 21 43 23 34 0 17 22 38 47 16 19 38 34 10 33 12 39 14 36 15 22 35 14 34 30 38 48 18 43 19 34 54 35 42 22 38 15 34 26 16 13 11 56 9 27 9 24 36 41 32 18 48 21 39 15 35 25 48 16 16 24 44 14 14 27 29 13 15 33 19 25 33 60 30 18 35 50 13 41 21 5 51 36 44 25 35 6 72 56 50 58 75 59 38 29 41 63 52 26 9 31 57 53 28 14 33 58 62 43 35 45 66
6 23 8 25 12 13 29 27 8 32 47 29 22 19 27 16 20 17 0 7 26 31 26 8 27 39 26 27 17 25 17 34 24 29 39 8 27 43 22 32 7 27 19 29 40 46 27 25 35 28 20 13 4 29 14 40 9 26 23 32 45 27 17 15 32 20 24 30 26 9 32 2 9 11 30 10 26 24 33 16 10 24 21 35 25 44 22 32 20 34 11 25 11 14 36 45 29 28 33 16 79 58 44 45 59 69 45 25 26 47 66 39 12 15 42 69 44 24 26 47 78 57 43 44 59
8 29 6 30 15 10 28 26 11 32 46 26 21 18 25 13 20 22 7 0 27 27 29 6 28 39 31 23 19 23 18 31 30 30 38 10 31 45 18 29 12 23 18 25 38 48 26 25 31 34 20 15 10 34 17 37 15 24 29 33 46 26 11 14 28 19 23 35 21 5 28 6 10 6 29 16 28 22 32 18 11 19 27 36 20 41 26 35 19 30 13 21 8 18 35 47 28 27 30 20 78 56 40 39 54 70 45 22 20 42 69 42 16 14 40 73 49 30 29 47 83 63 49 49 61
21 35 32 45 37 20 54 52 19 58 73 16 9 45 16 40 8 38 26 27 0 24 51 33 2 65 45 49 42 11 43 58 34 55 64 34 13 67 20 20 22 20 44 51 19 71 11 51 58 42 8 14 24 51 40 24 31 51 41 58 71 9 30 40 23 46 11 52 46 24 26 28 35 33 10 25 51 49 58 42 36 45 26 61 46 29 12 55 11 27 37 19 35 38 16 71 12 53 57 40 104 83 65 55 57 95 71 49 35 39 90 63 38 16 23 89 63 36 12 21 93 69 46 30 35
27 50 32 55 42 19 52 49 27 56 70 8 17 42 8 36 19 47 31 27 24 0 55 32 25 62 56 41 45 13 44 51 50 56 61 36 35 72 10 6 31 5 43 43 17 74 13 50 49 56 20 24 32 60 43 13 39 47 53 59 72 15 21 39 3 44 14 61 36 23 3 32 36 29 15 36 55 44 56 44 38 36 44 62 37 14 33 62 16 4 39 7 33 44 16 72 13 51 50 46 100 75 52 35 34 95 69 43 18 17 95 69 42 18 16 99 75 51 34 33 108 85 66 53 53
32 27 24 16 15 38 16 16 33 15 26 54 48 17 53 22 46 16 26 29 51 55 0 24 51 20 18 28 11 50 12 26 30 8 21 20 49 17 46 58 30 52 15 28 65 20 53 12 30 26 46 38 28 13 13 66 21 18 21 9 21 53 37 18 57 16 50 14 32 33 56 25 20 28 56 28 2 20 17 11 18 30 34 10 29 69 44 8 46 58 17 50 24 14 62 21 55 14 26 12 57 42 42 57 78 44 23 23 45 70 40 14 14 41 68 47 28 28 47 72 61 47 47 61 81
13 29 1 27 11 16 22 20 15 26 41 32 27 12 30 8 26 19 8 6 33 32 24 0 33 33 29 19 14 29 13 26 30 25 32 5 35 40 23 35 15 29 12 21 43 42 31 20 27 32 26 20 12 30 12 43 14 19 27 27 41 31 14 8 34 14 28 31 18 11 32 7 4 5 35 17 24 17 26 13 6 16 29 31 17 46 30 30 24 35 8 27 3 15 41 41 33 21 25 16 72 51 37 39 57 65 39 17 23 47 64 37 12 19 45 69 46 30 33 53 80 61 50 52 66
21 35 32 44 37 20 55 53 19 58 73 17 10 45 17 41 9 38 27 28 2 25 51 33 0 65 44 50 43 12 43 58 33 55 65 34 11 67 22 21 22 21 45 52 20 71 12 52 59 41 9 14 24 50 40 25 31 51 40 58 71 11 31 41 24 46 12 51 47 24 27 28 35 33 12 24 50 49 59 42 36 46 26 61 47 30 11 55 13 29 37 20 35 38 17 71 14 54 58 40 105 83 66 56 59 95 71 49 36 40 89 63 38 17 24 88 62 35 11 21 92 67 44 29 34
45 47 34 35 30 48 11 14 47 7 8 64 59 21 62 27 58 34 39 39 65 62 20 33 65 0 38 24 24 61 24 16 49 13 3 31 65 22 54 66 45 60 21 23 76 18 64 14 19 45 58 52 42 32 26 74 38 16 40 12 13 64 42 25 64 20 61 32 29 43 62 37 30 35 67 44 22 19 7 24 29 29 53 13 27 76 60 25 57 64 29 58 32 31 73 14 66 12 16 29 40 22 29 52 77 34 7 21 47 74 40 23 30 52 77 54 43 47 63 85 72 64 67 79 97
30 12 29 3 18 38 32 32 30 33 42 53 44 29 51 32 42 10 26 31 45 56 18 29 44 38 0 41 20 47 21 42 14 25 38 24 38 27 47 57 26 52 27 42 62 33 50 28 45 8 41 34 24 8 20 64 18 33 5 26 36 49 42 27 57 29 47 9 43 34 57 26 25 33 52 21 17 34 34 21 24 42 21 26 41 68 35 15 43 59 22 49 30 14 58 35 52 30 42 14 72 60 57 67 84 57 40 37 51 72 47 23 18 39 65 45 19 12 37 64 53 33 30 46 69
31 45 19 39 25 30 16 13 33 19 31 44 42 13 42 11 41 33 27 23 49 41 28 19 50 24 41 0 22 43 20 11 47 24 22 21 53 41 34 45 33 39 15 3 55 39 45 17 9 47 42 37 31 39 22 53 31 11 41 26 36 45 21 15 43 13 42 40 5 26 40 25 19 17 48 36 29 8 18 21 20 6 47 30 4 54 48 36 39 42 21 38 16 28 53 36 46 17 10 28 60 35 18 30 53 57 31 5 24 51 62 39 25 34 56 73 55 46 51 68 88 73 67 70 83
22 25 14 18 6 28 15 14 24 17 31 44 38 10 43 13 37 12 17 19 42 45 11 14 43 24 20 22 0 41 2 24 27 13 24 10 41 27 36 47 21 42 8 23 55 30 43 11 26 26 36 29 19 19 3 55 14 15 20 16 29 43 27 8 47 10 40 20 24 23 45 15 10 18 46 21 11 15 18 2 8 23 29 19 22 59 37 18 36 48 6 39 14 8 52 29 45 13 23 7 63 45 38 49 69 53 29 18 35 60 50 24 6 31 58 56 35 26 40 63 69 52 47 55 73
19 40 28 47 36 14 50 48 18 54 69 6 4 40 6 35 6 39 25 23 11 13 50 29 12 61 47 43 41 0 40 52 39 53 60 32 22 67 11 11 22 9 41 45 15 70 3 48 51 46 7 14 24 52 38 17 31 46 44 55 69 3 22 37 13 42 1 53 39 19 16 26 32 27 7 27 50 44 54 40 33 38 32 59 39 22 20 55 5 17 35 8 30 38 12 69 5 50 51 40 100 77 57 45 47 93 67 43 25 29 90 63 36 10 18 92 66 41 21 26 98 74 54 40 43
22 26 13 19 7 27 14 13 24 17 31 44 38 8 42 12 36 14 17 18 43 44 12 13 43 24 21 20 2 40 0 22 28 13 23 9 42 28 35 47 22 41 6 21 55 30 43 10 25 27 36 29 19 20 3 55 15 13 22 16 29 43 26 7 46 8 40 21 23 22 45 15 9 17 46 21 11 14 17 1 7 21 30 19 21 58 37 19 36 47 6 39 13 9 52 29 45 13 22 9 63 44 37 47 67 53 29 16 34 59 51 25 7 31 57 57 36 27 40 63 70 54 48 56 74
38 48 27 40 28 39 11 10 41 13 22 53 51 16 52 18 50 36 34 31 58 51 26 26 58 16 42 11 24 52 22 0 50 20 14 27 60 36 43 55 40 49 17 9 65 33 54 15 4 49 50 45 37 38 25 62 35 10 43 21 28 55 31 20 53 15 51 39 15 35 50 32 25 26 58 41 27 10 12 23 25 16 52 24 14 64 55 33 48 52 26 47 24 31 63 29 56 13 1 30 50 26 16 37 62 48 22 9 34 60 55 35 28 43 66 68 53 49 59 77 85 73 70 77 91
25 3 30 16 23 33 41 41 24 43 55 45 35 35 44 36 33 15 24 30 34 50 30 30 33 49 14 47 27 39 28 50 0 36 49 26 26 41 41 49 20 45 34 48 52 47 41 37 53 9 32 26 21 22 26 56 17 41 10 38 49 40 40 32 50 36 39 23 47 31 52 25 28 34 43 15 28 41 44 28 27 45 9 39 46 60 23 29 35 54 26 43 32 20 49 49 43 40 50 21 85 71 64 68 82 71 52 43 49 67 60 37 22 33 56 56 30 3 25 52 60 36 21 32 55
35 34 25 23 19 40 9 11 37 8 19 56 50 15 54 21 49 22 29 30 55 56 8 25 55 13 25 24 13 53 13 20 36 0 14 22 54 18 47 59 34 53 13 24 67 18 55 7 24 33 49 42 31 20 15 67 26 13 28 3 17 55 36 17 58 13 52 20 28 35 56 28 21 28 58 33 9 16 10 13 20 27 40 7 26 70 49 14 48 58 19 51 24 19 64 17 57 8 20 17 51 35 36 53 76 41 17 19 43 70 40 16 18 43 69 50 34 35 52 75 65 54 54 67 86
44 47 33 36 30 47 10 13 46 7 10 63 58 20 61 26 58 35 39 38 64 61 21 32 65 3 38 22 24 60 23 14 49 14 0 31 65 24 53 65 44 59 21 21 74 20 63 14 17 46 58 51 41 33 26 73 38 14 41 13 15 63 41 24 63 19 60 33 27 42 61 37 30 34 66 44 22 17 7 24 29 27 53 14 26 75 60 26 56 63 29 57 31 31 72 16 65 12 14 30 41 22 27 50 75 35 9 19 46 72 42 25 30 51 76 57 45 48 63 84 74 66 68 79 97
14 24 6 22 6 19 21 19 16 25 39 35 29 12 34 10 28 14 8 10 34 36 20 5 34 31 24 21 10 32 9 27 26 22 31 0 35 36 27 38 14 33 11 23 46 39 34 18 28 28 28 21 11 25 7 46 10 19 23 24 38 34 19 8 38 13 31 26 22 14 37 7 2 10 37 15 19 17 25 9 3 20 26 28 20 50 30 26 27 39 4 30 7 10 43 38 36 20 26 11 71 51 39 44 61 62 37 19 28 51 59 33 7 22 49 64 41 26 33 54 75 56 46 50 66
23 27 34 39 36 26 55 53 20 58 72 28 19 46 28 43 18 34 27 31 13 35 49 35 11 65 38 53 41 22 42 60 26 54 65 35 0 63 30 32 21 31 45 55 31 68 23 51 61 34 17 17 24 45 39 36 28 53 34 56 69 22 37 42 35 47 22 46 51 28 37 29 36 36 23 21 48 51 59 42 37 50 18 58 51 41 5 51 21 39 37 30 37 35 28 69 25 54 60 37 104 85 70 64 69 92 70 52 44 51 84 59 36 23 35 81 55 28 2 27 84 58 34 19 33
48 38 41 25 31 54 26 28 49 23 23 71 64 32 69 38 62 30 43 45 67 72 17 40 67 22 27 41 27 67 28 36 41 18 24 36 63 0 63 74 46 68 30 41 82 8 69 25 39 34 62 54 44 19 29 82 37 31 31 16 13 69 53 34 73 30 66 19 45 50 72 42 36 44 72 43 18 34 24 28 35 44 47 12 43 86 59 13 62 74 33 66 40 30 79 12 72 25 36 28 47 41 51 70 93 31 20 36 61 86 24 4 31 57 84 33 24 38 62 87 50 45 54 72 95
18 41 22 46 32 10 43 41 18 48 62 10 12 34 9 28 13 38 22 18 20 10 46 23 22 54 47 34 36 11 35 43 41 47 53 27 30 63 0 12 22 6 34 36 22 65 12 41 43 47 14 16 23 50 34 20 30 39 44 50 63 13 13 31 11 35 11 51 30 14 11 22 27 20 16 27 46 36 47 35 28 29 36 53 30 23 27 52 10 13 30 4 24 35 20 63 13 43 43 37 92 68 47 35 41 87 60 35 15 26 86 59 33 9 23 90 65 43 28 35 99 76 58 49 53
28 50 34 56 43 20 55 53 27 59 74 5 15 46 6 40 16 48 32 29 20 6 58 35 21 66 57 45 47 11 47 55 49 59 65 38 32 74 12 0 31 7 46 47 11 76 9 53 54 56 17 23 33 61 45 9 40 51 53 62 75 11 25 42 4 47 11 62 41 25 8 33 38 32 10 36 57 48 59 47 40 40 42 65 42 12 30 63 15 9 42 9 35 46 10 75 8 55 54 48 104 80 57 41 38 99 72 47 24 19 97 71 44 18 11 101 75 51 31 27 108 84 64 49 47
5 20 14 25 16 13 34 33 4 38 52 27 19 25 26 22 17 18 7 12 22 31 30 15 22 45 26 33 21 22 22 40 20 34 44 14 21 46 22 31 0 27 24 35 37 50 25 31 41 26 17 9 3 31 19 39 10 32 22 36 50 24 21 21 32 26 22 32 32 12 32 8 15 17 27 6 29 30 38 21 16 30 16 39 31 43 16 34 17 35 16 24 17 17 34 50 27 33 39 19 84 64 51 50 62 74 50 31 30 48 69 42 16 14 40 70 44 21 19 42 77 55 39 38 53
23 46 28 51 38 15 49 47 23 53 68 6 13 39 5 34 14 43 27 23 20 5 52 29 21 60 52 39 42 9 41 49 45 53 59 33 31 68 6 7 27 0 40 41 17 70 10 47 48 52 15 20 28 56 40 15 35 45 49 56 69 11 18 36 6 41 10 57 35 19 7 28 33 26 13 32 51 42 53 41 34 34 39 59 36 18 28 58 11 9 36 3 29 41 15 69 10 49 48 43 98 74 52 37 39 93 66 41 18 22 92 65 39 13 18 95 70 47 30 32 103 81 61 49 51
24 32 13 25 12 27 11 9 26 14 29 44 39 3 42 8 38 19 19 18 44 43 15 12 45 21 27 15 8 41 6 17 34 13 21 11 45 30 34 46 24 40 0 16 55 31 43 8 19 33 38 31 22 25 9 54 19 8 28 16 29 43 24 4 45 2 40 26 17 22 43 17 10 15 47 25 15 8 14 7 9 16 35 20 15 57 40 23 36 45 9 38 11 15 52 29 45 10 16 14 61 40 31 42 64 53 27 10 31 57 53 28 12 31 57 61 41 33 43 64 75 59 54 61 77
33 46 21 40 26 32 15 13 35 19 30 46 44 13 44 13 43 34 29 25 51 43 28 21 52 23 42 3 23 45 21 9 48 24 21 23 55 41 36 47 35 41 16 0 57 39 47 17 7 48 44 39 32 40 23 55 32 11 42 25 34 47 23 16 45 14 44 41 7 28 42 27 21 19 51 37 29 8 18 22 21 7 48 29 6 56 50 36 41 43 23 40 18 29 55 35 48 16 8 29 58 33 17 30 55 56 29 6 26 52 61 39 26 36 58 73 55 47 53 70 88 74 68 72 85
34 53 43 61 51 28 65 62 33 69 83 12 19 55 14 49 20 54 40 38 19 17 65 43 20 76 62 55 55 15 55 65 52 67 74 46 31 82 22 11 37 17 55 57 0 85 13 62 64 60 21 28 39 67 53 8 46 60 58 70 84 13 35 51 15 56 16 68 51 33 19 41 47 41 10 41 65 58 69 55 48 51 45 74 52 12 31 70 20 19 50 18 44 53 4 84 11 64 64 55 114 90 68 51 45 108 82 57 35 25 105 78 51 25 5 106 80 54 30 18 112 87 64 45 38
51 44 43 31 35 57 24 27 53 21 16 73 67 32 72 38 66 35 46 48 71 74 20 42 71 18 33 39 30 70 30 33 47 18 20 39 68 8 65 76 50 70 31 39 85 0 72 24 36 41 65 58 47 26 32 84 41 29 37 16 7 72 54 35 75 31 69 25 44 52 74 44 39 45 75 48 21 32 22 30 37 43 53 12 42 87 64 18 65 76 36 68 42 34 82 5 74 24 33 31 40 34 47 68 92 25 14 35 61 87 23 11 34 60 87 37 31 45 67 91 56 52 61 78 100
22 42 31 49 39 16 53 51 21 57 72 5 7 43 6 38 8 42 27 26 11 13 53 31 12 64 50 45 43 3 43 54 41 55 63 34 23 69 12 9 25 10 43 47 13 72 0 51 54 48 9 16 27 55 41 15 34 49 46 58 71 2 24 39 12 45 4 56 42 21 15 28 35 30 4 29 52 46 57 43 36 40 34 61 42 20 21 58 8 17 37 9 33 41 10 72 3 52 54 43 103 80 59 46 47 96 70 46 27 28 93 66 39 13 16 94 68 43 22 24 100 76 55 41 41
31 35 20 26 16 35 5 5 33 7 22 51 46 9 49 14 45 22 25 25 51 50 12 20 52 14 28 17 11 48 10 15 37 7 14 18 51 25 41 53 31 47 8 17 62 24 51 0 18 35 45 38 28 24 13 61 24 7 30 9 22 51 30 12 52 7 47 25 21 30 50 24 17 22 54 31 13 9 8 10 16 20 40 13 19 64 47 19 43 52 15 45 19 18 60 22 52 3 15 17 54 34 31 46 69 46 20 12 37 63 47 23 16 38 64 57 39 36 50 71 72 59 56 66 83
39 51 28 43 30 39 15 14 42 17 25 52 51 18 51 19 50 38 35 31 58 49 30 27 59 19 45 9 26 51 25 4 53 24 17 28 61 39 43 54 41 48 19 7 64 36 54 18 0 52 50 45 38 42 27 61 37 12 46 25 31 54 30 21 51 17 51 43 13 35 48 33 27 26 57 43 31 12 16 25 27 14 54 28 13 63 56 37 48 50 27 46 25 34 62 33 55 16 4 33 52 27 13 33 59 51 25 10 32 58 59 38 31 43 65 72 57 52 60 77 88 76 72 78 92
30 7 32 11 23 38 39 39 30 40 50 52 42 35 51 37 40 15 28 34 42 56 26 32 41 45 8 47 26 46 27 49 9 33 46 28 34 34 47 56 26 52 33 48 60 41 48 35 52 0 40 33 25 16 25 63 20 40 6 34 44 47 44 32 57 35 46 16 49 36 58 28 30 37 50 21 24 41 41 27 29 47 17 34 47 67 31 23 42 60 27 49 34 19 56 43 51 38 49 19 80 67 64 71 87 64 48 43 54 73 53 30 23 39 63 48 21 6 33 60 52 30 22 39 63
14 33 25 41 31 12 48 45 13 51 66 13 3 38 12 33 2 34 20 20 8 20 46 26 9 58 41 42 36 7 36 50 32 49 58 28 17 62 14 17 17 15 38 44 21 65 9 45 50 40 0 8 19 46 34 24 26 44 37 51 65 8 23 34 19 39 7 48 39 16 22 22 28 25 11 21 45 42 52 36 30 37 25 55 39 28 14 50 5 24 31 14 28 33 18 65 11 47 50 35 98 76 58 49 53 89 64 42 28 36 85 58 32 8 24 86 59 34 15 27 92 68 47 35 42
7 27 19 34 24 9 41 39 6 45 59 19 10 31 18 27 9 26 13 15 14 24 38 20 14 52 34 37 29 14 29 45 26 42 51 21 17 54 16 23 9 20 31 39 28 58 16 38 45 33 8 0 11 39 27 31 18 38 30 44 58 16 20 27 25 33 13 40 35 12 26 15 22 20 19 13 38 36 45 29 23 33 20 47 34 35 13 43 9 28 24 17 22 25 25 58 18 40 44 27 91 70 54 48 57 82 57 36 28 41 77 51 24 8 31 78 52 28 15 34 85 62 43 36 47
6 20 12 24 13 14 32 30 6 35 49 29 21 22 27 20 19 16 4 10 24 32 28 12 24 42 24 31 19 24 19 37 21 31 41 11 24 44 23 33 3 28 22 32 39 47 27 28 38 25 19 11 0 29 16 40 8 29 21 34 47 26 20 18 33 23 24 30 30 11 33 6 13 15 29 6 27 28 35 19 13 28 17 37 29 44 19 32 19 35 13 25 15 14 36 47 29 30 36 17 81 61 48 49 62 71 47 29 29 48 66 40 14 15 42 68 43 21 22 45 76 55 40 40 56
34 20 30 7 19 41 28 29 34 27 36 57 49 27 56 31 47 13 29 34 51 60 13 30 50 32 8 39 19 52 20 38 22 20 33 25 45 19 50 61 31 56 25 40 67 26 55 24 42 16 46 39 29 0 19 69 22 30 12 20 29 54 43 26 61 27 52 2 42 37 61 29 26 35 57 27 12 32 29 20 25 41 29 20 40 72 41 8 47 63 23 53 31 16 64 28 57 26 38 14 65 53 54 67 86 49 33 35 52 76 40 15 19 44 70 40 17 20 44 70 51 35 36 53 76
20 24 12 18 4 26 17 16 22 20 34 42 36 10 41 13 34 11 14 17 40 43 13 12 40 26 20 22 3 38 3 25 26 15 26 7 39 29 34 45 19 40 9 23 53 32 41 13 27 25 34 27 16 19 0 53 12 16 20 18 31 41 25 8 45 10 38 20 24 21 44 13 8 16 44 18 12 16 20 3 6 22 28 21 22 57 34 19 34 46 4 37 12 7 50 31 43 15 24 7 65 47 39 48 67 55 31 18 34 58 53 26 4 29 55 58 35 25 37 60 70 52 46 53 71
35 56 42 63 51 28 63 61 35 67 82 12 21 54 13 48 23 56 40 37 24 13 66 43 25 74 64 53 55 17 55 62 56 67 73 46 36 82 20 9 39 15 54 55 8 84 15 61 61 63 24 31 40 69 53 0 47 59 60 70 83 16 32 50 10 55 18 70 48 33 14 41 46 40 14 43 65 56 67 55 48 48 49 73 49 5 35 71 22 13 50 17 43 54 10 83 13 63 62 56 112 87 64 45 38 107 80 55 30 17 105 79 52 26 5 108 82 58 35 25 115 91 69 52 46
13 15 13 17 8 20 28 27 13 31 45 36 28 20 35 20 26 9 9 15 31 39 21 14 31 38 18 31 14 31 15 35 17 26 38 10 28 37 30 40 10 35 19 32 46 41 34 24 37 20 26 18 8 22 12 47 0 27 15 28 42 33 25 16 40 21 31 23 31 17 40 9 12 18 36 7 20 26 32 14 11 29 17 31 30 51 23 25 26 42 10 32 16 8 43 41 36 27 35 10 76 58 48 52 68 65 42 28 34 55 60 33 8 22 49 61 36 17 26 51 70 49 37 42 60
31 39 20 31 19 33 5 3 33 10 24 49 45 7 47 12 44 27 26 24 51 47 18 19 51 16 33 11 15 46 13 10 41 13 14 19 53 31 39 51 32 45 8 11 60 29 49 7 12 40 44 38 29 30 16 59 27 0 34 15 26 49 27 11 49 6 46 31 15 28 47 24 17 20 52 33 19 4 9 14 16 15 43 19 13 61 48 26 42 49 17 43 17 22 58 27 51 6 9 21 54 33 25 40 64 49 22 6 32 59 52 29 19 37 62 63 45 40 51 71 78 65 61 68 84
26 8 27 6 18 35 34 34 26 35 46 49 40 30 48 31 38 9 23 29 41 53 21 27 40 40 5 41 20 44 22 43 10 28 41 23 34 31 44 53 22 49 28 42 58 37 46 30 46 6 37 30 21 12 20 60 15 34 0 29 40 45 40 27 54 29 43 13 43 32 54 23 24 32 48 17 19 35 36 21 23 41 17 30 41 65 31 19 39 56 21 46 29 14 54 39 48 32 43 14 76 62 58 66 82 61 43 37 49 69 51 27 17 36 61 49 23 8 33 59 55 35 27 42 65
37 36 28 24 21 42 11 13 39 8 17 59 53 17 57 23 52 24 32 33 58 59 9 27 58 12 26 26 16 55 16 21 38 3 13 24 56 16 50 62 36 56 16 25 70 16 58 9 25 34 51 44 34 20 18 70 28 15 29 0 14 58 39 20 60 16 55 21 30 37 59 30 24 30 61 35 10 18 10 16 22 29 43 4 28 73 51 14 51 61 21 54 27 21 67 14 60 10 21 19 49 34 37 55 78 38 15 21 46 72 38 14 21 46 72 48 33 36 54 78 64 54 56 69 88
51 47 41 34 35 56 21 24 53 17 10 72 66 30 70 36 65 36 45 46 71 72 21 41 71 13 36 36 29 69 29 28 49 17 15 38 69 13 63 75 50 69 29 34 84 7 71 22 31 44 65 58 47 29 31 83 42 26 40 14 0 71 52 33 73 28 68 29 40 51 71 44 37 43 75 48 22 29 18 29 36 40 55 11 38 86 65 21 64 74 35 67 40 34 81 2 73 21 28 32 37 28 41 64 88 25 8 31 58 84 28 16 34 59 85 43 36 47 68 91 62 57 65 81 101
21 41 31 49 38 17 53 51 20 57 72 7 6 43 7 38 8 41 27 26 9 15 53 31 11 64 49 45 43 3 43 55 40 55 63 34 22 69 13 11 24 11 43 47 13 72 2 51 54 47 8 16 26 54 41 16 33 49 45 58 71 0 25 39 14 45 4 55 42 21 17 28 34 30 4 28 52 47 57 43 36 41 33 61 42 21 20 58 8 18 37 11 33 40 10 71 4 52 54 42 103 80 60 48 48 95 70 46 28 30 92 65 39 13 16 93 67 42 20 23 99 75 54 39 40
17 39 14 40 25 12 32 29 19 36 50 23 22 22 21 17 22 32 17 11 30 21 37 14 31 42 42 21 27 22 26 31 40 36 41 19 37 53 13 25 21 18 24 23 35 54 24 30 30 44 23 20 20 43 25 32 25 27 40 39 52 25 0 20 22 24 22 45 18 10 20 17 18 10 28 26 37 24 36 26 20 16 37 43 18 35 32 44 19 22 22 17 13 28 32 52 26 31 30 30 80 56 36 29 43 75 49 23 10 34 76 50 25 15 36 83 59 41 35 47 93 74 59 56 64
20 30 9 25 10 23 14 12 23 18 33 40 35 5 38 5 34 18 15 14 40 39 18 8 41 25 27 15 8 37 7 20 32 17 24 8 42 34 31 42 21 36 4 16 51 35 39 12 21 32 34 27 18 26 8 50 16 11 27 20 33 39 20 0 41 6 36 27 17 18 40 13 6 11 43 22 18 10 18 7 6 15 33 23 15 53 37 25 32 42 7 34 7 14 48 33 41 14 19 14 64 43 33 41 61 57 31 12 28 53 57 31 10 27 53 64 42 31 40 60 76 60 52 58 73
28 51 33 56 43 20 54 51 28 58 72 7 17 44 8 38 18 48 32 28 23 3 57 34 24 64 57 43 47 13 46 53 50 58 63 38 35 73 11 4 32 6 45 45 15 75 12 52 51 57 19 25 33 61 45 10 40 49 54 60 73 14 22 41 0 46 13 62 38 24 5 33 37 30 14 37 56 46 57 46 39 38 44 64 39 13 32 63 16 5 41 8 34 46 14 74 11 53 52 48 102 77 54 37 35 97 71 45 20 17 97 70 44 18 14 101 75 52 33 31 109 86 66 52 51
26 34 14 26 14 29 9 7 28 13 28 45 40 2 43 8 39 21 20 19 46 44 16 14 46 20 29 13 10 42 8 15 36 13 19 13 47 30 35 47 26 41 2 14 56 31 45 7 17 35 39 33 23 27 10 55 21 6 29 16 28 45 24 6 46 0 41 27 16 24 44 19 11 16 48 27 16 6 13 9 11 15 37 20 14 58 42 24 37 46 11 39 12 17 54 29 46 8 15 16 59 38 29 41 63 52 26 9 31 57 53 28 14 32 58 62 42 35 45 66 76 61 55 62 78
19 39 28 46 35 13 50 47 18 54 69 7 4 40 6 35 6 39 24 23 11 14 50 28 12 61 47 42 40 1 40 51 39 52 60 31 22 66 11 11 22 10 40 44 16 69 4 47 51 46 7 13 24 52 38 18 31 46 43 55 68 4 22 36 13 41 0 53 39 18 16 25 31 27 7 26 49 43 54 40 33 38 32 58 39 22 20 55 5 18 34 8 30 37 13 68 6 49 51 39 100 77 57 45 48 92 67 43 25 30 89 63 36 10 19 91 65 40 21 26 98 74 53 40 43
35 20 31 8 20 42 29 29 36 28 36 58 50 28 57 32 48 15 30 35 52 61 14 31 51 32 9 40 20 53 21 39 23 20 33 26 46 19 51 62 32 57 26 41 68 25 56 25 43 16 48 40 30 2 20 70 23 31 13 21 29 55 45 27 62 27 53 0 43 38 62 30 27 36 58 28 12 33 29 21 26 42 29 20 41 74 42 8 49 64 24 55 32 17 65 28 58 27 39 15 65 54 55 68 87 49 33 36 53 77 39 15 20 45 71 39 16 20 45 71 50 34 36 54 77
29 46 19 41 26 27 20 18 32 24 36 40 39 15 38 12 39 35 26 21 46 36 32 18 47 29 43 5 24 39 23 15 47 28 27 22 51 45 30 41 32 35 17 7 51 44 42 21 13 49 39 35 30 42 24 48 31 15 43 30 40 42 18 17 38 16 39 43 0 24 35 25 20 16 45 35 32 12 23 23 21 2 46 34 3 50 47 39 36 37 22 34 16 30 49 41 43 21 14 30 64 39 19 26 49 62 36 10 19 46 67 43 27 31 52 77 58 47 50 64 92 76 68 69 80
7 31 10 33 19 6 32 30 9 36 51 22 17 22 20 17 16 25 9 5 24 23 33 11 24 43 34 26 23 19 22 35 31 35 42 14 28 50 14 25 12 19 22 28 33 52 21 30 35 36 16 12 11 37 21 33 17 28 32 37 51 21 10 18 24 24 18 38 24 0 24 9 14 9 25 17 33 26 36 22 15 22 27 41 23 36 24 39 14 26 17 17 12 22 30 51 23 31 34 24 82 60 43 39 51 75 49 26 19 39 73 46 20 9 35 77 52 32 27 43 86 65 50 47 57
28 52 32 56 42 20 51 49 28 56 70 11 19 42 10 36 21 48 32 28 26 3 56 32 27 62 57 40 45 16 45 50 52 56 61 37 37 72 11 8 32 7 43 42 19 74 15 50 48 58 22 26 33 61 44 14 40 47 54 59 71 17 20 40 5 44 16 62 35 24 0 32 36 29 18 38 55 44 55 45 38 35 45 62 36 15 35 62 18 3 40 9 33 45 18 72 15 51 49 47 99 74 51 33 32 95 68 42 17 16 95 69 43 19 18 100 76 53 36 35 109 87 68 56 55
8 24 6 24 11 13 27 25 10 30 45 30 23 17 28 14 22 16 2 6 28 32 25 7 28 37 26 25 15 26 15 32 25 28 37 7 29 42 22 33 8 28 17 27 41 44 28 24 33 28 22 15 6 29 13 41 9 24 23 30 44 28 17 13 33 19 25 30 25 9 32 0 8 10 32 11 25 22 31 15 9 23 23 33 23 45 24 31 21 35 9 25 9 13 38 44 31 26 31 15 77 56 43 44 59 68 43 23 26 47 65 38 11 16 43 68 44 25 27 48 78 57 44 46 60
15 26 5 23 8 19 20 18 17 23 38 35 30 10 34 8 28 16 9 10 35 36 20 4 35 30 25 19 10 32 9 25 28 21 30 2 36 36 27 38 15 33 10 21 47 39 35 17 27 30 28 22 13 26 8 46 12 17 24 24 37 34 18 6 37 11 31 27 20 14 36 8 0 9 38 17 20 16 24 9 2 18 28 27 18 50 31 26 27 39 4 30 5 11 44 38 37 19 24 13 70 49 37 42 60 61 36 17 27 51 60 33 8 22 49 65 42 27 34 55 76 58 48 52 67
14 33 5 32 16 14 24 21 17 28 43 29 26 14 28 9 25 24 11 6 33 29 28 5 33 35 33 17 18 27 17 26 34 28 34 10 36 44 20 32 17 26 15 19 41 45 30 22 26 37 25 20 15 35 16 40 18 20 32 30 43 30 10 11 30 16 27 36 16 9 29 10 9 0 33 21 28 17 28 17 10 14 32 34 15 43 32 35 23 31 13 24 4 20 39 44 31 23 25 21 74 51 34 35 52 67 41 17 18 43 67 41 17 18 43 73 51 34 35 52 85 66 54 54 66
25 44 34 52 41 20 56 54 23 60 75 8 9 46 8 41 11 44 30 29 10 15 56 35 12 67 52 48 46 7 46 58 43 58 66 37 23 72 16 10 27 13 47 51 10 75 4 54 57 50 11 19 29 57 44 14 36 52 48 61 75 4 28 43 14 48 7 58 45 25 18 32 38 33 0 31 55 50 60 46 39 44 35 64 45 19 22 61 11 19 40 13 36 43 7 75 3 56 57 45 106 83 63 49 48 99 73 49 30 29 95 69 42 16 14 96 70 45 22 20 102 78 55 39 38
10 15 17 21 15 18 35 33 10 38 51 32 23 26 31 25 21 14 10 16 25 36 28 17 24 44 21 36 21 27 21 41 15 33 44 15 21 43 27 36 6 32 25 37 41 48 29 31 43 21 21 13 6 27 18 43 7 33 17 35 48 28 26 22 37 27 26 28 35 17 38 11 17 21 31 0 27 32 38 21 17 33 12 38 34 48 17 31 22 40 17 29 20 15 38 48 31 33 41 17 83 65 53 54 67 72 49 33 35 53 65 39 15 19 44 66 40 16 20 44 72 50 34 36 53
31 26 24 14 14 37 17 18 33 17 27 54 47 18 52 22 45 14 26 28 51 55 2 24 50 22 17 29 11 50 11 27 28 9 22 19 48 18 46 57 29 51 15 29 65 21 52 13 31 24 45 38 27 12 12 65 20 19 19 10 22 52 37 18 56 16 49 12 32 33 55 25 20 28 55 27 0 21 18 11 18 31 33 12 30 69 43 8 45 58 16 49 24 13 62 22 55 15 27 11 58 44 43 57 78 45 24 24 45 70 41 14 14 40 67 47 27 26 46 71 60 46 46 59 80
29 39 17 32 19 31 9 6 31 13 27 46 42 6 44 9 42 27 24 22 49 44 20 17 49 19 34 8 15 44 14 10 41 16 17 17 51 34 36 48 30 42 8 8 58 32 46 9 12 41 42 36 28 32 16 56 26 4 35 18 29 47 24 10 46 6 43 33 12 26 44 22 16 17 50 32 21 0 12 14 15 11 42 22 10 58 46 28 40 46 16 40 15 22 55 30 48 9 9 22 57 34 24 37 60 52 25 3 29 56 55 32 19 35 59 66 47 40 49 68 80 66 61 67 82
38 42 27 31 24 41 4 7 40 2 15 57 52 14 55 20 52 29 33 32 58 56 17 26 59 7 34 18 18 54 17 12 44 10 7 25 59 24 47 59 38 53 14 18 69 22 57 8 16 41 52 45 35 29 20 67 32 9 36 10 18 57 36 18 57 13 54 29 23 36 55 31 24 28 60 38 18 12 0 18 23 23 47 13 21 70 54 23 50 57 22 51 25 25 66 18 59 5 12 24 47 27 27 47 71 40 14 14 41 68 44 23 24 45 70 57 42 42 57 78 73 63 63 73 91
22 26 13 19 7 27 15 13 24 17 31 44 38 9 42 12 36 13 16 18 42 44 11 13 42 24 21 21 2 40 1 23 28 13 24 9 42 28 35 47 21 41 7 22 55 30 43 10 25 27 36 29 19 20 3 55 14 14 21 16 29 43 26 7 46 9 40 21 23 22 45 15 9 17 46 21 11 14 18 0 7 22 30 19 21 58 37 18 35 47 6 39 13 9 52 29 45 13 22 8 63 44 37 48 68 53 29 17 34 59 51 25 6 31 57 57 36 27 40 62 70 53 47 56 74
16 26 7 22 6 20 19 17 18 22 37 37 31 10 35 9 30 15 10 11 36 38 18 6 36 29 24 20 8 33 7 25 27 20 29 3 37 35 28 40 16 34 9 21 48 37 36 16 27 29 30 23 13 25 6 48 11 16 23 22 36 36 20 6 39 11 33 26 21 15 38 9 2 10 39 17 18 15 23 7 0 19 28 26 19 51 32 25 29 40 3 32 7 10 45 36 38 18 24 11 69 48 37 44 62 60 35 17 28 52 58 32 7 24 50 63 41 27 35 56 75 57 47 52 68
27 44 17 40 24 26 19 17 30 24 36 39 37 14 37 10 37 33 24 19 45 36 30 16 46 29 42 6 23 38 21 16 45 27 27 20 50 44 29 40 30 34 16 7 51 43 40 20 14 47 37 33 28 41 22 48 29 15 41 29 40 41 16 15 38 15 38 42 2 22 35 23 18 14 44 33 31 11 23 22 19 0 45 33 2 49 45 38 35 37 21 33 14 28 48 41 42 20 15 28 65 40 21 27 49 62 35 9 19 46 66 42 25 30 51 76 57 45 48 63 90 74 66 67 79
20 10 28 22 24 28 44 43 19 46 59 38 28 37 37 36 26 19 21 27 26 44 34 29 26 53 21 47 29 32 30 52 9 40 53 26 18 47 36 42 16 39 35 48 45 53 34 40 54 17 25 20 17 29 28 49 17 43 17 43 55 33 37 33 44 37 32 29 46 27 45 23 28 32 35 12 33 42 47 30 28 45 0 44 45 53 15 35 28 48 27 37 31 22 41 54 36 42 51 24 90 74 64 65 76 77 57 44 46 60 68 43 24 27 48 64 37 11 17 44 67 43 23 27 48
41 37 32 24 24 46 15 17 42 11 17 62 56 21 61 27 55 25 35 36 61 62 10 31 61 13 26 30 19 59 19 24 39 7 14 28 58 12 53 65 39 59 20 29 74 12 61 13 28 34 55 47 37 20 21 73 31 19 30 4 11 61 43 23 64 20 58 20 34 41 62 33 27 34 64 38 12 22 13 19 26 33 44 0 32 76 54 13 54 65 25 57 30 23 71 11 63 14 24 21 47 34 40 59 82 35 14 25 50 76 34 11 23 49 76 45 31 37 57 81 61 52 56 70 90
28 44 18 39 24 27 18 16 31 22 35 40 39 13 39 10 38 33 25 20 46 37 29 17 47 27 41 4 22 39 21 14 46 26 26 20 51 43 30 42 31 36 15 6 52 42 42 19 13 47 39 34 29 40 22 49 30 13 41 28 38 42 18 15 39 14 39 41 3 23 36 23 18 15 45 34 30 10 21 21 19 2 45 32 0 51 46 37 36 38 21 34 15 28 50 39 43 19 13 28 63 39 20 28 51 60 34 8 21 47 65 41 25 31 53 75 56 45 49 65 89 74 66 68 80
39 61 45 67 55 32 66 63 39 70 84 16 26 56 17 50 28 60 44 41 29 14 69 46 30 76 68 54 59 22 58 64 60 70 75 50 41 86 23 12 43 18 57 56 12 87 20 64 63 67 28 35 44 72 57 5 51 61 65 73 86 21 35 53 13 58 22 74 50 36 15 45 50 43 19 48 69 58 70 58 51 49 53 76 51 0 40 75 26 13 53 20 46 58 14 86 18 65 64 60 114 89 65 44 34 109 83 57 31 13 109 82 56 29 8 112 87 62 40 29 119 96 74 57 49
18 25 29 35 31 22 50 48 15 53 67 26 16 41 25 38 15 30 22 26 12 33 44 30 11 60 35 48 37 20 37 55 23 49 60 30 5 59 27 30 16 28 40 50 31 64 21 47 56 31 14 13 19 41 34 35 23 48 31 51 65 20 32 37 32 42 20 42 47 24 35 24 31 32 22 17 43 46 54 37 32 45 15 54 46 40 0 47 18 37 32 27 32 31 27 64 23 49 55 33 99 80 65 60 66 88 65 47 40 49 81 55 31 19 34 79 52 25 4 29 82 57 34 24 37
37 27 31 14 21 44 23 24 38 21 28 60 52 25 58 30 51 18 32 35 55 62 8 30 55 25 15 36 18 55 19 33 29 14 26 26 51 13 52 63 34 58 23 36 70 18 58 19 37 23 50 43 32 8 19 71 25 26 19 14 21 58 44 25 63 24 55 8 39 39 62 31 26 35 61 31 8 28 23 18 25 38 35 13 37 75 47 0 51 64 23 56 31 18 67 20 60 21 33 16 57 46 49 64 85 42 26 31 52 77 35 9 20 46 73 39 20 27 50 75 53 40 44 60 83
14 35 24 42 31 10 46 44 14 50 65 10 3 36 9 31 4 35 20 19 11 16 46 24 13 57 43 39 36 5 36 48 35 48 56 27 21 62 10 15 17 11 36 41 20 65 8 43 48 42 5 9 19 47 34 22 26 42 39 51 64 8 19 32 16 37 5 49 36 14 18 21 27 23 11 22 45 40 50 35 29 35 28 54 36 26 18 51 0 20 30 9 26 33 17 64 10 45 47 35 96 73 54 45 49 88 63 39 24 33 85 58 32 6 23 87 61 37 19 29 94 70 50 40 45
30 54 34 58 44 22 53 51 31 58 72 12 21 44 12 38 22 50 34 30 27 4 58 35 29 64 59 42 48 17 47 52 54 58 63 39 39 74 13 9 35 9 45 43 19 76 17 52 50 60 24 28 35 63 46 13 42 49 56 61 74 18 22 42 5 46 18 64 37 26 3 35 39 31 19 40 58 46 57 47 40 37 48 65 38 13 37 64 20 0 42 11 35 48 18 74 16 53 51 49 101 76 52 33 31 97 70 44 18 14 98 71 45 21 17 103 78 55 38 35 111 89 70 57 55
17 24 8 20 4 22 19 17 19 22 36 38 32 10 37 11 31 13 11 13 37 39 17 8 37 29 22 21 6 35 6 26 26 19 29 4 37 33 30 42 16 36 9 23 50 36 37 15 27 27 31 24 13 23 4 50 10 17 21 21 35 37 22 7 41 11 34 24 22 17 40 9 4 13 40 17 16 16 22 6 3 21 27 25 21 53 32 23 30 42 0 34 9 8 47 35 39 18 25 9 68 49 39 46 64 59 34 18 30 54 56 30 5 25 52 61 39 25 35 57 73 55 46 52 69
20 43 26 49 36 13 47 45 20 51 66 7 11 38 5 32 12 41 25 21 19 7 50 27 20 58 49 38 39 8 39 47 43 51 57 30 30 66 4 9 24 3 38 40 18 68 9 45 46 49 14 17 25 53 37 17 32 43 46 54 67 11 17 34 8 39 8 55 34 17 9 25 30 24 13 29 49 40 51 39 32 33 37 57 34 20 27 56 9 11 34 0 27 38 16 67 10 47 47 40 96 72 51 37 40 91 64 39 18 24 89 63 36 11 19 93 68 45 28 32 101 79 59 48 50
15 31 4 28 12 17 21 18 18 25 39 33 28 11 31 6 27 21 11 8 35 33 24 3 35 32 30 16 14 30 13 24 32 24 31 7 37 40 24 35 17 29 11 18 44 42 33 19 25 34 28 22 15 31 12 43 16 17 29 27 40 33 13 7 34 12 30 32 16 12 33 9 5 4 36 20 24 15 25 13 7 14 31 30 15 46 32 31 26 35 9 27 0 16 42 40 35 20 23 17 71 49 34 37 56 64 38 15 22 47 63 37 13 21 46 70 47 32 35 54 81 63 52 54 68
19 18 15 13 4 26 22 22 20 24 38 42 35 17 41 18 33 5 14 18 38 44 14 15 38 31 14 28 8 38 9 31 20 19 31 10 35 30 35 46 17 41 15 29 53 34 41 18 34 19 33 25 14 16 7 54 8 22 14 21 34 40 28 14 46 17 37 17 30 22 45 13 11 20 43 15 13 22 25 9 10 28 22 23 28 58 31 18 33 48 8 38 16 0 50 34 43 21 30 3 69 52 45 53 71 58 35 24 37 60 53 26 4 29 55 56 32 19 34 58 66 47 39 48 67
31 50 40 58 48 25 62 59 30 66 81 10 15 52 12 47 17 51 36 35 16 16 62 41 17 73 58 53 52 12 52 63 49 64 72 43 28 79 20 10 34 15 52 55 4 82 10 60 62 56 18 25 36 64 50 10 43 58 54 67 81 10 32 48 14 54 13 65 49 30 18 38 44 39 7 38 62 55 66 52 45 48 41 71 50 14 27 67 17 18 47 16 42 50 0 81 8 61 62 52 112 88 67 51 46 105 79 54 33 26 102 75 48 22 8 103 77 51 27 18 108 84 61 43 38
51 46 42 33 34 56 22 24 53 18 11 72 66 30 71 36 65 36 45 47 71 72 21 41 71 14 35 36 29 69 29 29 49 17 16 38 69 12 63 75 50 69 29 35 84 5 72 22 33 43 65 58 47 28 31 83 41 27 39 14 2 71 52 33 74 29 68 28 41 51 72 44 38 44 75 48 22 30 18 29 36 41 54 11 39 86 64 20 64 74 35 67 40 34 81 0 74 21 29 32 37 30 43 65 89 24 9 32 58 85 27 14 34 59 86 42 35 46 67 91 61 56 64 80 101
24 44 33 52 41 18 55 52 23 59 73 5 9 45 6 40 11 44 29 28 12 13 55 33 14 66 52 46 45 5 45 56 43 57 65 36 25 72 13 8 27 10 45 48 11 74 3 52 55 51 11 18 29 57 43 13 36 51 48 60 73 4 26 41 11 46 6 58 43 23 15 31 37 31 3 31 55 48 59 45 38 42 36 63 43 18 23 60 10 16 39 10 35 43 8 74 0 54 55 45 105 81 60 46 46 97 72 47 28 27 95 68 41 15 13 96 70 45 23 23 103 78 57 42 41
33 37 22 28 19 36 2 4 35 5 20 52 48 10 51 16 47 25 28 27 53 51 14 21 54 12 30 17 13 50 13 13 40 8 12 20 54 25 43 55 33 49 10 16 64 24 52 3 16 38 47 40 30 26 15 63 27 6 32 10 21 52 31 14 53 8 49 27 21 31 51 26 19 23 56 33 15 9 5 13 18 20 42 14 19 65 49 21 45 53 18 47 20 21 61 21 54 0 13 20 51 32 29 46 69 44 18 12 38 64 47 23 19 40 66 57 41 38 52 73 73 60 59 68 86
38 48 26 39 28 38 11 10 40 13 23 53 50 15 51 17 49 35 33 30 57 50 26 25 58 16 42 10 23 51 22 1 50 20 14 26 60 36 43 54 39 48 16 8 64 33 54 15 4 49 50 44 36 38 24 62 35 9 43 21 28 54 30 19 52 15 51 39 14 34 49 31 24 25 57 41 27 9 12 22 24 15 51 24 13 64 55 33 47 51 25 47 23 30 62 29 55 13 0 30 51 26 17 36 61 49 22 9 33 60 55 35 28 42 65 68 53 48 58 76 85 73 69 76 91
21 18 17 12 6 28 21 21 22 23 36 44 37 16 43 19 35 6 16 20 40 46 12 16 40 29 14 28 7 40 9 30 21 17 30 11 37 28 37 48 19 43 14 29 55 31 43 17 33 19 35 27 17 14 7 56 10 21 14 19 32 42 30 14 48 16 39 15 30 24 47 15 13 21 45 17 11 22 24 8 11 28 24 21 28 60 33 16 35 49 9 40 17 3 52 32 45 20 30 0 67 51 45 54 72 56 33 24 39 62 50 24 5 31 57 54 30 19 36 60 64 46 40 50 70
84 83 73 70 69 87 51 53 86 47 32 102 98 60 101 65 98 72 79 78 104 100 57 72 105 40 72 60 63 100 63 50 85 51 41 71 104 47 92 104 84 98 61 58 114 40 103 54 52 80 98 91 81 65 65 112 76 54 76 49 37 103 80 64 102 59 100 65 64 82 99 77 70 74 106 83 58 57 47 63 69 65 90 47 63 114 99 57 96 101 68 96 71 69 112 37 105 51 51 67 0 27 54 81 107 22 35 58 83 109 43 51 69 91 115 64 70 83 102 124 86 89 100 117 136
63 68 51 57 50 64 30 32 65 28 19 78 76 39 77 43 75 56 58 56 83 75 42 51 83 22 60 35 45 77 44 26 71 35 22 51 85 41 68 80 64 74 40 33 90 34 80 34 27 67 76 70 61 53 47 87 58 33 62 34 28 80 56 43 77 38 77 54 39 60 74 56 49 51 83 65 44 34 27 44 48 40 74 34 39 89 80 46 73 76 49 72 49 52 88 30 81 32 26 51 27 0 27 54 81 35 22 34 58 83 51 43 50 68 91 70 64 69 83 102 89 85 89 100 116
48 62 37 55 42 46 27 26 50 29 34 57 57 29 56 29 57 50 44 40 65 52 42 37 66 29 57 18 38 57 37 16 64 36 27 39 70 51 47 57 51 52 31 17 68 47 59 31 13 64 58 54 48 54 39 64 48 25 58 37 41 60 36 33 54 29 57 55 19 43 51 43 37 34 63 53 43 24 27 37 37 21 64 40 20 65 65 49 54 52 39 51 34 45 67 43 60 29 17 45 54 27 0 27 54 58 34 21 34 58 69 50 42 50 68 83 69 63 68 82 100 89 84 88 99
45 67 39 65 49 39 45 42 48 48 58 42 47 40 41 36 48 58 45 39 55 35 57 39 56 52 67 30 49 45 47 37 68 53 50 44 64 70 35 41 50 37 42 30 51 68 46 46 33 71 49 48 49 67 48 45 52 40 66 55 64 48 29 41 37 41 45 68 26 39 33 44 42 35 49 54 57 37 47 48 44 27 65 59 28 44 60 64 45 33 46 37 37 53 51 65 46 46 36 54 81 54 27 0 27 83 58 34 21 34 91 68 50 42 50 102 83 68 63 68 117 100 88 83 87
57 81 56 83 67 49 68 66 58 72 83 42 51 62 42 56 52 75 59 54 57 34 78 57 59 77 84 53 69 47 67 62 82 76 75 61 69 93 41 38 62 39 64 55 45 92 47 69 59 87 53 57 62 86 67 38 68 64 82 78 88 48 43 61 35 63 48 87 49 51 32 59 60 52 48 67 78 60 71 68 62 49 76 82 51 34 66 85 49 31 64 40 56 71 46 89 46 69 61 72 107 81 54 27 0 109 83 58 34 21 115 91 68 50 42 124 102 82 68 62 136 116 99 87 83
75 68 65 56 58 80 44 47 77 40 26 96 90 54 94 59 89 59 69 70 95 95 44 65 95 34 57 57 53 93 53 48 71 41 35 62 92 31 87 99 74 93 53 56 108 25 96 46 51 64 89 82 71 49 55 107 65 49 61 38 25 95 75 57 97 52 92 49 62 75 95 68 61 67 99 72 45 52 40 53 60 62 77 35 60 109 88 42 88 97 59 91 64 58 105 24 97 44 49 56 22 35 58 83 109 0 27 54 81 107 22 35 58 83 109 43 51 69 91 115 64 70 83 102 124
50 50 40 38 35 54 18 20 52 13 3 70 65 27 68 33 64 38 45 45 71 69 23 39 71 7 40 31 29 67 29 22 52 17 9 37 70 20 60 72 50 66 27 29 82 14 70 20 25 48 64 57 47 33 31 80 42 22 43 15 8 70 49 31 71 26 67 33 36 49 68 43 36 41 73 49 24 25 14 29 35 35 57 14 34 83 65 26 63 70 34 64 38 35 79 9 72 18 22 33 35 22 34 58 83 27 0 27 54 81 35 22 34 58 83 51 43 50 68 91 70 64 69 83 102
29 41 18 35 21 30 11 9 32 15 28 45 42 8 43 9 41 29 25 22 49 43 23 17 49 21 37 5 18 43 16 9 43 19 19 19 52 36 35 47 31 41 10 6 57 35 46 12 10 43 42 36 29 35 18 55 28 6 37 21 31 46 23 12 45 9 43 36 10 26 42 23 17 17 49 33 24 3 14 17 17 9 44 25 8 57 47 31 39 44 18 39 15 24 54 32 47 12 9 24 58 34 21 34 58 54 27 0 27 54 58 34 21 34 58 69 50 42 50 68 83 69 63 68 82
26 49 23 49 34 19 37 35 27 42 55 24 27 29 22 23 27 41 26 20 35 18 45 23 36 47 51 24 35 25 34 34 49 43 46 28 44 61 15 24 30 18 31 26 35 61 27 37 32 54 28 28 29 52 34 30 34 32 49 46 58 28 10 28 20 31 25 53 19 19 17 26 27 18 30 35 45 29 41 34 28 19 46 50 21 31 40 52 24 18 30 18 22 37 33 58 28 38 33 39 83 58 34 21 34 81 54 27 0 27 83 58 34 21 34 91 68 50 42 50 102 83 68 63 68
43 67 46 71 57 35 64 61 44 68 81 23 33 55 24 49 35 63 47 42 39 17 70 47 40 74 72 51 60 29 59 60 67 70 72 51 51 86 26 19 48 22 57 52 25 87 28 63 58 73 36 41 48 76 58 17 55 59 69 72 84 30 34 53 17 57 30 77 46 39 16 47 51 43 29 53 70 56 68 59 52 46 60 76 47 13 49 77 33 14 54 24 47 60 26 85 27 64 60 62 109 83 58 34 21 107 81 54 27 0 109 83 58 34 21 115 91 68 50 42 124 102 82 68 62
71 58 64 46 55 78 47 50 72 43 36 94 87 55 92 60 85 52 66 69 90 95 40 64 89 40 47 62 50 90 51 55 60 40 42 59 84 24 86 97 69 92 53 61 105 23 93 47 59 53 85 77 66 40 53 105 60 52 51 38 28 92 76 57 97 53 89 39 67 73 95 65 60 67 95 65 41 55 44 51 58 66 68 34 65 109 81 35 85 98 56 89 63 53 102 27 95 47 55 50 43 51 69 91 115 22 35 58 83 109 0 27 54 81 107 22 35 58 83 109 43 51 69 91 115
44 34 38 21 28 51 25 27 46 22 24 67 60 29 66 35 59 26 39 42 63 69 14 37 63 23 23 39 24 63 25 35 37 16 25 33 59 4 59 71 42 65 28 39 78 11 66 23 38 30 58 51 40 15 26 79 33 29 27 14 16 65 50 31 70 28 63 15 43 46 69 38 33 41 69 39 14 32 23 25 32 42 43 11 41 82 55 9 58 71 30 63 37 26 75 14 68 23 35 24 51 43 50 68 91 35 22 34 58 83 27 0 27 54 81 35 22 34 58 83 51 43 50 68 91
18 20 12 16 1 24 20 19 19 23 37 41 34 14 39 15 32 9 12 16 38 42 14 12 38 30 18 25 6 36 7 28 22 18 30 7 36 31 33 44 16 39 12 26 51 34 39 16 31 23 32 24 14 19 4 52 8 19 17 21 34 39 25 10 44 14 36 20 27 20 43 11 8 17 42 15 14 19 24 6 7 25 24 23 25 56 31 20 32 45 5 36 13 4 48 34 41 19 28 5 69 50 42 50 68 58 34 21 34 58 54 27 0 27 54 58 34 21 34 58 69 50 42 50 68
10 33 19 39 26 5 41 39 10 45 60 14 8 31 13 26 8 31 15 14 16 18 41 19 17 52 39 34 31 10 31 43 33 43 51 22 23 57 9 18 14 13 31 36 25 60 13 38 43 39 8 8 15 44 29 26 22 37 36 46 59 13 15 27 18 32 10 45 31 9 19 16 22 18 16 19 40 35 45 31 24 30 27 49 31 29 19 46 6 21 25 11 21 29 22 59 15 40 42 31 91 68 50 42 50 83 58 34 21 34 81 54 27 0 27 83 58 34 21 34 91 68 50 42 50
37 57 45 64 53 30 66 64 36 70 85 14 22 56 15 51 23 57 42 40 23 16 68 45 24 77 65 56 58 18 57 66 56 69 76 49 35 84 23 11 40 18 57 58 5 87 16 64 65 63 24 31 42 70 55 5 49 62 61 72 85 16 36 53 14 58 19 71 52 35 18 43 49 43 14 44 67 59 70 57 50 51 48 76 53 8 34 73 23 17 52 19 46 55 8 86 13 66 65 57 115 91 68 50 42 109 83 58 34 21 107 81 54 27 0 109 83 58 34 21 115 91 68 50 42
74 55 69 45 59 81 59 61 74 56 52 97 88 63 95 68 86 53 69 73 89 99 47 69 88 54 45 73 56 92 57 68 56 50 57 64 81 33 90 101 70 95 61 73 106 37 94 57 72 48 86 78 68 40 58 108 61 63 49 48 43 93 83 64 101 62 91 39 77 77 100 68 65 73 96 66 47 66 57 57 63 76 64 45 75 112 79 39 87 103 61 93 70 56 103 42 96 57 68 54 64 70 83 102 124 43 51 69 91 115 22 35 58 83 109 0 27 54 81 107 22 35 58 83 109
48 28 46 20 35 56 42 44 48 41 45 71 62 43 70 47 60 28 44 49 63 75 28 46 62 43 19 55 35 66 36 53 30 34 45 41 55 24 65 75 44 70 41 55 80 31 68 39 57 21 59 52 43 17 35 82 36 45 23 33 36 67 59 42 75 42 65 16 58 52 76 44 42 51 70 40 27 47 42 36 41 57 37 31 56 87 52 20 61 78 39 68 47 32 77 35 70 41 53 30 70 64 69 83 102 51 43 50 68 91 35 22 34 58 83 27 0 27 54 81 35 22 34 58 83
26 2 30 14 22 34 40 39 25 41 53 47 37 34 45 35 35 14 24 30 36 51 28 30 35 47 12 46 26 41 27 49 3 35 48 26 28 38 43 51 21 47 33 47 54 45 43 36 52 6 34 28 21 20 25 58 17 40 8 36 47 42 41 31 52 35 40 20 47 32 53 25 27 34 45 16 26 40 42 27 27 45 11 37 45 62 25 27 37 55 25 45 32 19 51 46 45 38 48 19 83 69 63 68 82 69 50 42 50 68 58 34 21 34 58 54 27 0 27 54 58 34 21 34 58
21 27 33 38 34 24 53 52 19 56 71 27 18 44 26 41 16 33 26 29 12 34 47 33 11 63 37 51 40 21 40 59 25 52 63 33 2 62 28 31 19 30 43 53 30 67 22 50 60 33 15 15 22 44 37 35 26 51 33 54 68 20 35 40 33 45 21 45 50 27 36 27 34 35 22 20 46 49 57 40 35 48 17 57 49 40 4 50 19 38 35 28 35 34 27 67 23 52 58 36 102 83 68 63 68 91 68 50 42 50 83 58 34 21 34 81 54 27 0 27 83 58 34 21 34
41 53 52 64 57 38 74 72 39 78 93 26 27 64 28 60 27 58 47 47 21 33 72 53 21 85 64 68 63 26 63 77 52 75 84 54 27 87 35 27 42 32 64 70 18 91 24 71 77 60 27 34 45 70 60 25 51 71 59 78 91 23 47 60 31 66 26 71 64 43 35 48 55 52 20 44 71 68 78 62 56 63 44 81 65 29 29 75 29 35 57 32 54 58 18 91 23 73 76 60 124 102 82 68 62 115 91 68 50 42 109 83 58 34 21 107 81 54 27 0 109 83 58 34 21
81 59 80 54 69 90 74 76 81 72 72 104 94 77 103 81 92 62 78 83 93 108 61 80 92 72 53 88 69 98 70 85 60 65 74 75 84 50 99 108 77 103 75 88 112 56 100 72 88 52 92 85 76 51 70 115 70 78 55 64 62 99 93 76 109 76 98 50 92 86 109 78 76 85 102 72 60 80 73 70 75 90 67 61 89 119 82 53 94 111 73 101 81 66 108 61 103 73 85 64 86 89 100 117 136 64 70 83 102 124 43 51 69 91 115 22 35 58 83 109 0 27 54 81 107
60 36 61 35 51 68 62 63 59 61 66 80 70 61 79 64 69 43 57 63 69 85 47 61 67 64 33 73 52 74 54 73 36 54 66 56 58 45 76 84 55 81 59 74 87 52 76 59 76 30 68 62 55 35 52 91 49 65 35 54 57 75 74 60 86 61 74 34 76 65 87 57 58 66 78 50 46 66 63 53 57 74 43 52 74 96 57 40 70 89 55 79 63 47 84 56 78 60 73 46 89 85 89 100 116 70 64 69 83 102 51 43 50 68 91 35 22 34 58 83 27 0 27 54 81
43 22 50 32 43 51 61 60 42 61 72 60 50 55 59 56 48 35 43 49 46 66 47 50 44 67 30 67 47 54 48 70 21 54 68 46 34 54 58 64 39 61 54 68 64 61 55 56 72 22 47 43 40 36 46 69 37 61 27 56 65 54 59 52 66 55 53 36 68 50 68 44 48 54 55 34 46 61 63 47 47 66 23 56 66 74 34 44 50 70 46 59 52 39 61 64 57 59 69 40 100 89 84 88 99 83 69 63 68 82 69 50 42 50 68 58 34 21 34 58 54 27 0 27 54
41 34 51 47 50 45 70 68 38 72 85 46 38 62 46 60 36 45 44 49 30 53 61 52 29 79 46 70 55 40 56 77 32 67 79 50 19 72 49 49 38 49 61 72 45 78 41 66 78 39 35 36 40 53 53 52 42 68 42 69 81 39 56 58 52 62 40 54 69 47 56 46 52 54 39 36 59 67 73 56 52 67 27 70 68 57 24 60 40 57 52 48 54 48 43 80 42 68 76 50 117 100 88 83 87 102 83 68 63 68 91 68 50 42 50 83 58 34 21 34 81 54 27 0 27
54 57 65 70 68 54 87 85 51 90 104 45 42 77 46 74 42 66 59 61 35 53 81 66 34 97 69 83 73 43 74 91 55 86 97 66 33 95 53 47 53 51 77 85 38 100 41 83 92 63 42 47 56 76 71 46 60 84 65 88 101 40 64 73 51 78 43 77 80 57 55 60 67 66 38 53 80 82 91 74 68 79 48 90 80 49 37 83 45 55 69 50 68 67 38 101 41 86 91 70 136 116 99 87 83 124 102 82 68 62 115 91 68 50 42 109 83 58 34 21 107 81 54 27 0
