0 41 51 39 79 34 61 50 21 28 42 6 47 33 47 52 23 29 44 20 24 31 41 50 50 33 43 28 33 7 26 26 11 7 22 6 41 36 12 51 28 32 25 64 10 44 36 37 38 20 14 36 54 61 72 19 35 34 23 33 43 15 50 38 45 49 29 16 40 15 28 33 40 35 23 5 40 42 30 12 34 17 14 8 20 24 26 37 19 37 66 34 51 50 6 46 32 11 39 29 56 30 14 30 55 55 28 8 28 54 61 40 29 39 61 74 57 50 56 73 89 76 71 75 88
41 0 87 56 75 26 93 82 46 46 49 44 78 49 35 78 34 31 71 21 23 14 44 74 86 8 73 49 9 45 16 49 41 38 22 35 69 67 37 56 49 50 40 82 46 71 54 73 55 23 44 8 90 85 69 25 64 63 43 9 55 39 75 51 34 75 24 44 66 26 15 10 46 56 43 45 69 51 11 41 8 47 27 36 23 17 29 62 41 55 66 54 77 83 46 71 35 44 50 37 33 31 47 70 95 18 13 38 65 91 22 18 40 66 92 39 37 52 73 97 59 58 68 85 107
51 87 0 42 82 68 15 12 42 46 55 46 17 46 74 28 55 61 25 67 74 74 59 30 2 80 20 42 80 45 75 41 59 51 66 55 25 23 51 58 42 44 50 43 43 26 42 15 43 64 44 84 3 32 76 62 27 27 46 79 48 49 27 48 72 28 66 43 29 65 77 78 56 38 46 47 23 53 77 47 81 41 62 52 70 70 61 31 47 42 71 41 26 10 47 28 59 44 50 55 106 81 56 34 26 103 77 50 24 7 104 78 52 28 17 110 85 62 44 37 118 96 76 62 58
39 56 42 0 45 32 42 32 18 12 13 33 27 8 33 22 24 26 18 41 53 43 18 19 42 51 23 11 52 33 50 13 49 33 38 38 18 20 29 18 11 8 18 28 30 18 3 31 2 37 25 56 44 29 39 35 16 16 17 50 7 25 21 7 32 20 33 23 14 44 52 48 14 5 17 38 20 12 50 28 53 23 40 33 48 43 28 11 21 2 33 5 23 34 40 17 22 29 8 19 84 64 51 50 62 74 50 32 30 48 69 42 17 14 40 70 44 21 19 42 77 55 38 37 53
79 75 82 45 0 52 76 70 60 52 37 75 66 47 40 55 57 53 57 72 84 66 38 52 83 74 63 53 75 75 79 56 88 72 67 76 59 63 67 29 54 49 54 43 73 57 47 74 45 67 66 79 83 54 8 66 59 60 57 72 39 64 55 43 41 55 57 64 55 77 80 70 39 50 56 80 61 37 75 68 76 65 74 71 79 70 57 55 61 47 13 49 56 73 81 54 49 70 41 51 107 96 92 95 105 90 76 71 75 88 74 57 50 56 72 62 40 29 39 60 55 29 8 28 54
34 26 68 32 52 0 72 61 26 23 24 33 56 25 14 53 14 7 48 20 33 15 18 50 68 23 51 27 24 34 27 27 41 28 16 29 46 46 23 30 27 26 18 57 33 48 30 54 30 16 28 29 70 60 46 16 42 41 22 21 30 23 52 26 12 51 6 27 43 27 28 19 20 33 22 37 47 25 23 27 25 30 24 26 28 19 9 39 22 31 42 30 54 62 39 48 10 31 25 13 58 45 46 61 82 44 25 27 48 73 38 11 16 43 70 43 24 26 48 73 57 43 45 60 81
61 93 15 42 76 72 0 12 48 49 55 56 16 48 75 22 60 65 24 74 83 80 60 26 17 87 21 45 87 55 83 45 70 60 72 64 26 27 58 55 45 47 54 33 52 24 43 25 44 71 51 91 13 23 70 69 30 31 51 86 47 56 23 49 74 23 71 50 30 73 85 84 56 40 51 58 25 53 85 55 88 48 70 61 78 78 66 33 53 42 66 42 21 11 58 26 63 53 50 59 116 91 68 48 39 111 84 58 34 18 109 82 56 29 4 112 86 60 37 24 118 94 71 53 44
50 82 12 32 70 61 12 0 36 38 45 44 5 37 65 16 49 54 15 63 72 69 50 19 13 76 10 34 76 43 72 34 59 48 61 53 15 16 47 47 34 36 43 31 41 15 33 14 34 59 40 80 13 21 64 58 19 20 39 74 38 44 16 39 63 16 60 39 19 62 74 73 46 29 40 47 14 43 73 43 77 36 58 49 67 66 55 22 42 32 59 32 14 3 47 17 52 41 40 48 104 80 57 40 37 99 73 47 23 18 98 71 45 19 11 101 76 52 32 28 109 85 65 50 48
21 46 42 18 60 26 48 36 0 9 24 16 33 13 35 34 14 20 26 27 38 33 24 31 42 40 28 7 40 16 37 5 32 16 25 21 24 21 12 31 7 12 9 43 14 27 15 28 17 24 7 44 45 42 53 22 18 18 5 38 22 9 32 17 33 31 24 5 21 28 39 37 22 14 5 21 24 23 37 10 41 6 24 16 33 30 20 18 6 16 47 13 33 38 23 27 19 11 19 15 70 48 34 38 56 63 37 15 22 47 63 37 13 21 47 69 47 32 36 55 81 62 52 55 68
28 46 46 12 52 23 49 38 9 0 15 24 34 5 29 32 13 17 26 30 42 33 16 29 46 40 29 4 41 24 39 6 39 23 27 27 24 24 18 23 5 5 7 39 22 26 9 32 10 25 15 45 48 39 44 24 19 19 6 39 15 15 30 10 27 29 23 13 20 32 41 37 14 11 6 29 25 15 39 17 42 14 28 22 37 32 18 17 11 10 39 8 32 40 31 26 14 19 11 10 73 53 42 46 62 64 39 21 29 51 60 34 7 21 47 64 41 24 30 52 75 55 44 48 64
42 49 55 13 37 24 55 45 24 15 0 39 40 11 21 34 22 20 31 39 52 37 7 30 55 46 36 18 47 39 47 20 52 36 34 40 31 33 31 9 18 13 18 34 36 31 14 43 12 34 30 51 57 39 30 33 28 29 20 44 8 28 33 8 20 32 27 28 26 43 49 42 4 18 20 44 32 2 45 32 47 29 39 35 46 39 24 24 24 14 24 15 35 47 45 29 16 34 6 16 80 63 56 60 74 67 46 35 42 61 59 33 14 27 52 58 32 9 25 51 64 42 29 37 58
6 44 46 33 75 33 56 44 16 24 39 0 42 29 45 47 21 27 38 23 28 33 38 44 45 36 37 23 36 2 30 21 17 6 23 10 35 31 10 47 23 28 21 58 4 39 31 32 33 22 10 39 49 55 68 20 30 29 19 35 38 11 44 33 43 44 28 12 34 19 32 35 36 30 19 6 34 38 33 8 37 11 17 8 24 27 25 32 15 32 62 29 46 45 7 40 30 5 34 26 61 36 18 28 52 58 32 6 23 50 63 40 26 34 55 74 56 46 51 67 89 74 67 70 83
47 78 17 27 66 56 16 5 33 34 40 42 0 33 60 13 45 50 10 59 69 65 45 14 17 72 5 30 72 41 68 30 57 45 57 50 10 12 43 42 30 31 39 28 38 10 28 14 29 56 36 76 18 19 60 54 15 16 35 70 33 41 11 34 59 12 55 35 14 59 70 69 41 25 36 45 10 39 69 40 73 33 55 46 64 62 51 17 38 27 55 27 11 8 45 12 47 38 35 43 101 77 56 41 41 95 69 44 22 23 94 67 40 14 15 97 71 47 28 28 104 81 60 47 47
33 49 46 8 47 25 48 37 13 5 11 29 33 0 28 29 17 19 24 34 46 36 14 26 46 44 28 7 45 29 43 9 44 28 30 32 23 24 23 19 7 2 11 35 26 24 5 33 6 29 20 49 48 36 40 28 19 19 11 42 10 20 27 5 27 27 25 18 19 37 45 40 11 9 11 34 24 10 43 22 46 19 33 27 41 36 21 16 16 7 35 6 29 39 35 23 16 24 6 12 77 58 46 49 64 67 43 26 31 52 62 36 9 19 46 65 40 20 26 49 73 52 40 43 60
47 35 74 33 40 14 75 65 35 29 21 45 60 28 0 55 25 18 51 34 46 27 16 51 74 34 56 33 36 46 40 34 54 41 29 42 50 51 36 25 33 30 27 54 45 51 32 61 32 30 39 39 76 60 34 30 47 47 31 33 29 35 53 27 3 53 20 38 46 40 41 30 19 36 30 50 52 23 35 38 36 40 38 39 42 32 22 43 33 33 32 34 55 67 51 50 17 42 26 21 68 58 59 72 91 51 37 40 57 79 39 18 23 47 73 37 12 19 45 72 46 30 33 53 76
52 78 28 22 55 53 22 16 34 32 34 47 13 29 55 0 44 48 9 61 71 64 40 4 29 72 13 29 72 46 70 30 63 49 58 54 12 18 46 34 29 28 38 16 43 9 24 25 24 56 39 77 29 9 49 55 17 18 35 70 26 42 3 29 53 3 54 38 13 61 72 69 36 22 36 50 14 32 70 43 73 36 58 49 66 63 50 16 39 23 44 24 2 19 51 7 44 42 30 41 104 81 62 51 53 95 70 47 31 34 91 64 38 13 19 91 65 39 16 21 96 72 50 35 37
23 34 55 24 57 14 60 49 14 13 22 21 45 17 25 44 0 8 38 18 30 21 19 41 55 28 40 16 29 21 27 16 32 16 14 19 36 34 11 30 16 17 7 51 20 38 21 41 22 13 14 33 58 52 50 12 31 30 10 26 25 10 42 20 23 42 11 14 32 21 29 25 19 23 10 25 36 22 26 14 29 17 18 15 25 19 7 29 9 23 45 21 44 51 27 38 10 17 20 7 61 42 36 47 68 51 27 15 35 60 50 24 9 33 59 57 36 29 42 65 70 54 50 58 76
29 31 61 26 53 7 65 54 20 17 20 27 50 19 18 48 8 0 42 20 32 18 16 44 61 26 45 20 27 28 28 21 37 23 15 25 40 39 18 28 20 20 11 52 27 42 24 47 24 15 21 32 63 54 46 14 35 35 16 25 25 17 46 20 16 45 7 21 36 25 29 22 17 26 15 32 41 21 25 21 28 23 21 21 27 19 4 33 16 25 42 24 48 56 33 42 5 25 20 7 60 44 42 54 75 49 26 22 41 66 44 18 10 37 63 50 29 25 43 67 63 48 45 57 77
44 71 25 18 57 48 24 15 26 26 31 38 10 24 51 9 38 42 0 53 64 58 36 8 26 65 7 22 65 37 62 23 54 41 51 46 3 9 38 33 22 23 31 23 35 1 19 18 20 49 31 70 27 17 51 48 9 10 28 64 24 35 7 25 50 6 48 30 6 54 65 62 32 16 29 42 6 29 63 35 66 28 50 41 58 56 43 9 32 18 46 19 8 17 43 4 39 34 26 35 96 73 54 44 48 88 63 39 23 31 86 59 32 6 22 88 62 38 20 29 95 71 52 41 46
20 21 67 41 72 20 74 63 27 30 39 23 59 34 34 61 18 20 53 0 13 12 35 58 66 14 55 32 14 24 10 31 23 17 5 14 51 48 17 47 32 34 24 68 25 53 39 52 40 6 24 18 69 68 65 7 45 44 26 13 43 19 58 37 32 58 15 25 48 7 12 13 36 40 26 24 50 39 11 20 15 27 7 15 8 5 16 45 22 40 61 38 60 64 26 54 24 23 38 24 44 25 29 50 74 37 10 17 44 71 42 22 26 48 73 55 42 44 60 81 72 63 64 75 93
24 23 74 53 84 33 83 72 38 42 52 28 69 46 46 71 30 32 64 13 0 20 48 69 73 16 64 44 15 29 7 42 20 24 18 19 61 57 26 60 43 46 36 80 31 64 50 60 52 18 33 16 77 79 78 19 55 54 37 17 55 29 69 50 44 69 27 34 59 10 8 19 48 51 37 28 60 52 13 29 16 36 14 23 6 14 28 56 33 52 73 50 71 73 28 65 37 31 50 37 33 13 26 51 77 33 11 25 51 77 44 31 39 59 82 61 52 57 72 92 80 74 77 88 105
31 14 74 43 66 15 80 69 33 33 37 33 65 36 27 64 21 18 58 12 20 0 32 61 74 9 60 36 10 34 14 36 34 27 10 25 56 54 25 44 36 36 27 70 34 58 41 60 42 11 31 14 77 71 60 13 51 50 30 7 43 26 62 38 25 62 11 32 53 18 15 5 34 43 30 35 56 38 9 29 11 34 18 25 17 8 15 49 28 42 56 41 64 70 36 58 22 32 38 24 43 32 40 60 84 31 11 27 53 79 31 12 27 53 79 44 32 41 61 84 61 54 59 74 94
41 44 59 18 38 18 60 50 24 16 7 38 45 14 16 40 19 16 36 35 48 32 0 36 60 41 41 20 42 38 43 22 50 35 30 38 35 37 29 13 20 16 17 40 36 36 18 47 17 30 30 46 61 45 31 29 32 33 20 39 14 27 38 12 14 38 22 28 31 40 44 36 4 22 20 43 37 8 40 31 42 30 36 33 43 35 20 29 24 18 27 19 40 52 44 35 11 34 11 13 75 60 54 61 78 61 41 33 44 65 53 27 13 32 58 52 26 10 31 57 60 39 31 42 64
50 74 30 19 52 50 26 19 31 29 30 44 14 26 51 4 41 44 8 58 69 61 36 0 31 69 13 26 69 44 67 27 61 46 54 51 11 17 43 30 26 25 35 16 41 8 21 25 20 53 37 73 31 11 46 52 16 17 32 67 23 40 4 25 50 3 51 35 11 59 69 65 32 18 32 48 13 28 67 41 70 34 55 47 63 60 46 14 36 20 41 21 5 21 49 5 41 40 26 37 101 79 61 51 55 92 67 45 31 37 87 61 34 11 23 87 61 35 14 24 93 68 47 33 39
50 86 2 42 83 68 17 13 42 46 55 45 17 46 74 29 55 61 26 66 73 74 60 31 0 79 20 42 79 44 74 41 58 50 65 54 26 23 50 58 42 45 50 44 42 26 42 14 43 64 43 83 4 34 77 62 28 28 46 78 49 48 28 48 72 29 66 43 30 64 77 77 56 38 46 46 23 54 77 46 81 40 61 52 69 70 61 32 47 42 71 41 27 11 46 29 59 43 50 55 105 80 55 33 25 103 76 49 23 6 104 78 52 29 19 110 85 62 45 39 119 96 77 63 59
33 8 80 51 74 23 87 76 40 40 46 36 72 44 34 72 28 26 65 14 16 9 41 69 79 0 67 43 2 37 9 43 33 30 15 27 63 61 30 53 43 44 34 78 38 65 49 66 50 17 37 6 83 79 68 18 57 57 37 2 51 32 70 46 33 69 20 37 60 19 9 5 43 51 37 38 63 47 4 34 2 40 20 29 15 10 23 56 34 50 64 48 72 77 39 66 31 37 46 32 35 26 40 63 88 24 6 31 58 84 29 18 35 60 86 45 39 49 69 92 64 60 67 82 102
43 73 20 23 63 51 21 10 28 29 36 37 5 28 56 13 40 45 7 55 64 60 41 13 20 67 0 25 67 37 64 25 53 41 52 45 6 7 39 39 25 27 34 28 34 7 24 13 24 51 32 71 21 20 57 49 10 11 31 66 29 36 11 29 54 11 51 31 10 54 66 64 37 20 31 41 5 35 65 35 68 28 51 42 59 58 46 13 33 23 52 23 11 12 41 10 42 34 31 39 97 73 52 39 42 90 64 39 19 26 89 62 36 9 19 92 67 43 26 31 100 77 58 46 49
28 49 42 11 53 27 45 34 7 4 18 23 30 7 33 29 16 20 22 32 44 36 20 26 42 43 25 0 44 23 42 3 39 23 29 28 20 20 18 25 1 5 10 37 20 22 8 28 10 28 14 48 44 37 46 26 16 15 7 42 16 15 27 11 31 26 26 12 17 34 44 40 17 8 7 28 21 17 42 17 45 13 30 23 38 35 21 14 11 9 41 7 29 36 30 23 18 18 13 14 75 54 41 43 58 67 42 21 25 47 64 38 11 17 44 68 44 26 29 49 78 58 46 48 62
33 9 80 52 75 24 87 76 40 41 47 36 72 45 36 72 29 27 65 14 15 10 42 69 79 2 67 44 0 37 8 43 32 30 15 27 63 61 30 54 44 45 35 79 38 66 49 66 50 17 37 5 83 80 69 18 58 57 38 4 52 32 70 47 34 70 20 38 60 18 7 6 44 51 37 37 63 48 3 34 2 40 20 28 15 10 24 57 34 51 66 49 72 77 38 66 32 37 47 33 34 25 39 62 87 24 5 31 57 84 30 19 36 60 86 46 40 50 70 93 66 61 68 83 103
7 45 45 33 75 34 55 43 16 24 39 2 41 29 46 46 21 28 37 24 29 34 38 44 44 37 37 23 37 0 31 21 17 7 24 11 35 30 11 46 23 27 22 58 3 38 31 31 32 23 9 40 48 54 68 21 29 28 19 36 38 12 43 33 44 43 29 11 34 20 33 36 36 29 19 6 33 38 34 8 38 11 18 9 25 28 26 31 15 32 63 29 45 44 7 40 30 5 34 26 62 37 18 28 51 60 33 7 22 49 64 41 26 33 54 75 57 46 51 66 90 75 67 70 82
26 16 75 50 79 27 83 72 37 39 47 30 68 43 40 70 27 28 62 10 7 14 43 67 74 9 64 42 8 31 0 40 25 25 14 21 60 57 26 55 41 43 33 77 33 63 48 61 49 14 32 10 78 78 72 16 54 54 35 10 51 28 68 46 38 67 22 33 57 11 3 12 44 49 35 30 60 48 6 29 9 36 14 23 7 9 24 54 31 49 68 47 69 73 31 63 32 32 46 33 34 19 31 55 81 29 4 26 52 79 38 25 35 57 82 54 46 52 69 91 73 67 71 84 102
26 49 41 13 56 27 45 34 5 6 20 21 30 9 34 30 16 21 23 31 42 36 22 27 41 43 25 3 43 21 40 0 37 21 28 26 21 19 17 27 2 8 10 39 18 23 10 27 12 27 12 47 43 38 49 25 15 15 6 41 18 14 28 13 32 27 26 10 18 32 43 40 19 10 6 26 21 19 41 15 44 10 28 21 37 34 21 14 10 11 43 9 30 36 27 23 19 16 15 15 74 53 39 41 57 66 41 19 23 46 64 38 12 18 44 69 46 28 31 51 80 60 48 50 64
11 41 59 49 88 41 70 59 32 39 52 17 57 44 54 63 32 37 54 23 20 34 50 61 58 33 53 39 32 17 25 37 0 17 26 13 52 47 22 61 39 43 35 74 20 55 46 46 48 25 25 34 62 71 81 25 46 45 34 34 53 25 60 48 52 60 35 27 51 16 26 34 50 46 34 13 50 52 30 22 33 28 17 18 18 27 33 48 29 48 76 45 62 60 13 56 41 22 49 38 49 22 7 33 59 52 28 18 37 61 62 44 39 50 70 77 64 60 67 83 94 84 81 86 99
7 38 51 33 72 28 60 48 16 23 36 6 45 28 41 49 16 23 41 17 24 27 35 46 50 30 41 23 30 7 25 21 17 0 17 5 38 34 6 45 23 27 19 59 9 41 31 37 32 16 10 34 54 57 65 14 32 31 18 30 37 9 47 32 39 46 23 12 36 14 27 29 34 30 18 10 37 36 27 7 31 13 11 3 19 21 20 33 13 32 60 29 48 49 11 42 26 8 33 23 57 33 20 34 58 53 26 2 28 55 58 35 23 36 59 69 51 44 52 70 84 70 65 70 84
22 22 66 38 67 16 72 61 25 27 34 23 57 30 29 58 14 15 51 5 18 10 30 54 65 15 52 29 15 24 14 28 26 17 0 16 48 46 16 42 29 31 20 65 25 51 35 51 36 2 22 20 68 65 60 4 43 42 23 14 38 18 55 33 27 55 10 23 45 11 15 13 31 36 22 26 48 35 13 19 16 26 10 15 13 6 11 42 20 36 56 34 57 62 27 51 19 23 33 20 47 30 32 51 75 39 13 18 44 70 41 19 22 45 71 52 38 39 56 78 69 58 59 71 89
6 35 55 38 76 29 64 53 21 27 40 10 50 32 42 54 19 25 46 14 19 25 38 51 54 27 45 28 27 11 21 26 13 5 16 0 43 39 10 48 27 31 22 64 13 46 35 41 37 15 15 30 58 62 69 14 37 36 22 27 41 13 51 36 40 51 23 16 41 10 23 27 37 35 22 11 42 40 24 11 28 18 8 5 15 19 21 38 17 36 64 34 53 54 12 47 28 12 37 26 52 28 18 36 61 49 23 7 32 59 56 34 26 41 64 68 52 47 56 74 84 71 68 74 89
41 69 25 18 59 46 26 15 24 24 31 35 10 23 50 12 36 40 3 51 61 56 35 11 26 63 6 20 63 35 60 21 52 38 48 43 0 7 35 33 20 21 29 26 32 4 18 16 19 47 29 67 27 20 52 45 6 7 26 61 24 32 9 24 49 9 46 27 5 51 62 60 32 15 27 39 3 29 61 32 64 26 47 39 56 54 41 7 29 18 47 17 11 17 40 6 37 31 25 34 94 70 51 41 47 86 61 37 21 31 84 57 31 4 24 87 61 38 22 32 94 71 52 43 49
36 67 23 20 63 46 27 16 21 24 33 31 12 24 51 18 34 39 9 48 57 54 37 17 23 61 7 20 61 30 57 19 47 34 46 39 7 0 32 37 20 22 28 32 27 10 20 11 21 44 25 65 25 26 57 43 5 5 25 59 27 29 15 26 50 15 45 24 9 47 59 58 33 16 25 34 4 32 58 29 62 22 44 35 52 51 40 10 27 20 51 19 16 17 35 12 37 27 28 33 90 66 46 35 43 84 58 33 15 29 83 57 30 8 26 87 63 41 28 37 96 74 57 49 54
12 37 51 29 67 23 58 47 12 18 31 10 43 23 36 46 11 18 38 17 26 25 29 43 50 30 39 18 30 11 26 17 22 6 16 10 35 32 0 39 18 22 13 55 10 38 26 36 27 14 7 34 53 54 60 12 30 29 12 29 32 4 43 27 34 43 19 8 33 16 28 28 28 26 13 15 35 31 27 4 31 11 13 5 21 20 15 30 8 27 55 25 45 48 16 39 20 8 28 17 59 37 26 38 60 53 27 5 28 55 56 31 17 33 57 65 46 38 47 66 80 65 59 65 80
51 56 58 18 29 30 55 47 31 23 9 47 42 19 25 34 30 28 33 47 60 44 13 30 58 53 39 25 54 46 55 27 61 45 42 48 33 37 39 0 25 20 26 31 44 33 19 48 17 42 38 58 59 37 22 41 33 33 28 51 11 36 33 14 24 33 34 36 29 51 57 49 12 22 28 52 36 9 53 40 55 37 47 44 54 47 32 28 33 19 17 21 35 50 53 31 23 42 13 24 87 72 64 67 79 73 54 43 47 64 63 39 22 30 53 59 33 6 22 48 63 39 22 30 53
28 49 42 11 54 27 45 34 7 5 18 23 30 7 33 29 16 20 22 32 43 36 20 26 42 43 25 1 44 23 41 2 39 23 29 27 20 20 18 25 0 6 10 37 20 22 8 28 10 28 14 48 44 37 47 26 15 15 7 42 16 15 27 11 31 26 26 12 17 34 43 40 17 8 7 28 21 17 41 17 45 12 30 22 38 34 21 14 11 10 41 7 29 36 29 23 18 18 13 14 75 54 40 42 58 67 42 21 25 47 64 38 11 17 44 69 45 27 29 50 79 59 47 48 62
32 50 44 8 49 26 47 36 12 5 13 28 31 2 30 28 17 20 23 34 46 36 16 25 45 44 27 5 45 27 43 8 43 27 31 31 21 22 22 20 6 0 11 35 25 23 5 32 6 29 19 49 47 36 42 28 18 17 10 43 11 19 27 6 28 26 26 17 18 37 45 41 12 7 10 33 23 12 43 21 46 17 33 26 41 36 22 14 15 6 36 5 29 38 34 23 17 23 8 13 77 57 45 47 62 67 43 25 29 50 63 36 10 18 45 66 41 22 26 48 75 54 41 44 60
25 40 50 18 54 18 54 43 9 7 18 21 39 11 27 38 7 11 31 24 36 27 17 35 50 34 34 10 35 22 33 10 35 19 20 22 29 28 13 26 10 11 0 45 20 32 15 36 16 19 13 39 52 45 47 18 25 24 5 33 20 11 36 14 25 35 17 12 26 27 35 31 16 17 4 27 30 18 33 14 36 14 23 18 31 26 12 23 7 16 42 14 38 45 28 32 11 17 15 6 67 48 38 46 65 58 33 17 31 55 55 29 5 26 53 61 38 26 36 58 72 54 46 53 70
64 82 43 28 43 57 33 31 43 39 34 58 28 35 54 16 51 52 23 68 80 70 40 16 44 78 28 37 79 58 77 39 74 59 65 64 26 32 55 31 37 35 45 0 55 23 30 40 29 64 50 83 43 11 39 62 30 31 43 76 28 52 18 32 54 18 59 48 25 70 79 74 37 30 44 62 28 33 77 53 79 47 66 59 75 70 55 27 48 29 35 31 18 33 63 20 48 53 32 46 111 91 75 66 68 100 77 58 46 48 92 67 43 26 30 89 63 36 10 19 91 65 40 20 26
10 46 43 30 73 33 52 41 14 22 36 4 38 26 45 43 20 27 35 25 31 34 36 41 42 38 34 20 38 3 33 18 20 9 25 13 32 27 10 44 20 25 20 55 0 35 28 29 30 23 7 42 46 51 66 22 26 25 17 37 35 10 41 31 43 40 29 9 31 22 35 37 34 26 17 8 31 36 35 7 39 8 19 10 27 29 25 28 13 29 60 26 42 42 10 37 29 3 32 25 64 39 21 28 51 61 34 8 20 47 65 41 24 30 52 75 56 44 48 64 89 73 65 67 79
44 71 26 18 57 48 24 15 27 26 31 39 10 24 51 9 38 42 1 53 64 58 36 8 26 65 7 22 66 38 63 23 55 41 51 46 4 10 38 33 22 23 32 23 35 0 19 18 20 49 32 70 27 17 51 48 9 10 28 64 24 35 6 25 50 6 48 30 6 54 65 62 32 16 29 42 6 29 63 35 67 29 50 42 59 56 43 9 32 18 46 19 8 17 43 3 39 34 26 35 96 73 54 44 49 89 63 39 24 32 86 59 32 6 22 88 62 37 20 29 94 71 51 40 45
36 54 42 3 47 30 43 33 15 9 14 31 28 5 32 24 21 24 19 39 50 41 18 21 42 49 24 8 49 31 48 10 46 31 35 35 18 20 26 19 8 5 15 30 28 19 0 30 2 34 22 54 44 31 40 33 15 16 14 47 9 23 22 6 31 22 30 20 14 41 50 45 14 4 14 36 20 12 47 25 50 20 37 30 45 40 26 11 19 2 35 2 25 35 37 19 20 26 8 17 82 61 48 48 61 72 48 29 29 48 67 40 14 15 41 69 43 22 22 44 77 55 40 40 55
37 73 15 31 74 54 25 14 28 32 43 32 14 33 61 25 41 47 18 52 60 60 47 25 14 66 13 28 66 31 61 27 46 37 51 41 16 11 36 48 28 32 36 40 29 18 30 0 31 50 29 69 18 32 67 48 16 15 32 65 37 34 23 36 59 23 52 29 19 50 63 64 43 26 32 34 13 42 63 33 67 26 47 38 55 56 47 20 33 30 62 29 23 14 34 21 46 30 38 41 92 67 44 27 32 89 62 36 10 20 90 64 39 18 25 96 72 51 38 41 106 85 68 58 60
38 55 43 2 45 30 44 34 17 10 12 33 29 6 32 24 22 24 20 40 52 42 17 20 43 50 24 10 50 32 49 12 48 32 36 37 19 21 27 17 10 6 16 29 30 20 2 31 0 35 24 55 45 31 38 34 17 17 15 48 7 24 22 6 30 22 31 22 15 42 51 46 13 6 15 38 21 11 48 26 51 22 38 32 46 41 27 12 20 2 33 4 25 36 39 19 21 28 7 18 83 63 50 50 63 72 49 31 31 49 67 41 15 16 41 68 43 20 21 43 76 54 38 38 54
20 23 64 37 67 16 71 59 24 25 34 22 56 29 30 56 13 15 49 6 18 11 30 53 64 17 51 28 17 23 14 27 25 16 2 15 47 44 14 42 28 29 19 64 23 49 34 50 35 0 21 21 67 64 60 2 41 41 21 15 38 16 54 32 28 54 10 21 44 11 16 14 31 35 21 24 47 34 14 18 18 24 9 14 13 7 11 41 18 35 56 33 56 61 26 50 19 21 33 19 48 30 31 49 73 40 14 16 42 68 42 20 21 44 70 54 39 39 55 77 70 59 59 70 89
14 44 44 25 66 28 51 40 7 15 30 10 36 20 39 39 14 21 31 24 33 31 30 37 43 37 32 14 37 9 32 12 25 10 22 15 29 25 7 38 14 19 13 50 7 32 22 29 24 21 0 41 46 48 59 19 23 22 10 36 29 6 37 24 37 37 24 2 27 23 35 35 28 21 10 15 28 29 34 4 38 4 19 10 28 27 20 24 7 23 54 20 39 41 16 33 22 5 25 18 65 42 27 34 54 60 34 8 22 48 62 37 17 26 50 71 50 38 42 60 84 67 58 61 75
36 8 84 56 79 29 91 80 44 45 51 39 76 49 39 77 33 32 70 18 16 14 46 73 83 6 71 48 5 40 10 47 34 34 20 30 67 65 34 58 48 49 39 83 42 70 54 69 55 21 41 0 87 84 73 23 62 61 42 8 56 36 75 51 38 74 25 42 65 21 8 10 48 56 42 40 67 52 7 37 4 44 23 32 17 14 28 61 39 55 70 53 77 81 41 70 36 41 51 38 30 23 41 65 90 20 8 34 61 88 29 23 40 65 90 47 43 54 74 97 67 64 72 88 108
54 90 3 44 83 70 13 13 45 48 57 49 18 48 76 29 58 63 27 69 77 77 61 31 4 83 21 44 83 48 78 43 62 54 68 58 27 25 53 59 44 47 52 43 46 27 44 18 45 67 46 87 0 32 77 65 29 30 48 82 50 51 28 50 74 28 68 46 31 67 80 81 57 40 49 50 25 55 80 50 84 43 64 55 72 73 64 33 50 44 72 43 27 11 50 29 62 47 51 57 109 83 59 37 26 106 79 53 26 6 107 81 55 30 16 112 87 64 44 36 120 98 77 62 57
61 85 32 29 54 60 23 21 42 39 39 55 19 36 60 9 52 54 17 68 79 71 45 11 34 79 20 37 80 54 78 38 71 57 65 62 20 26 54 37 37 36 45 11 51 17 31 32 31 64 48 84 32 0 49 63 26 27 43 78 32 51 11 35 59 12 61 46 21 69 80 76 41 29 43 59 22 37 78 51 81 45 66 58 74 71 57 24 47 30 45 31 10 23 60 15 51 51 36 48 111 89 71 59 58 102 78 56 39 38 97 71 45 22 19 96 69 43 17 13 99 74 50 31 29
72 69 76 39 8 46 70 64 53 44 30 68 60 40 34 49 50 46 51 65 78 60 31 46 77 68 57 46 69 68 72 49 81 65 60 69 52 57 60 22 47 42 47 39 66 51 40 67 38 60 59 73 77 49 0 60 53 53 49 66 32 57 49 36 35 49 51 57 49 70 73 64 32 43 49 73 55 30 68 61 70 58 67 64 73 64 50 48 54 40 6 42 51 67 74 48 42 63 34 44 102 90 85 88 99 85 70 64 68 82 70 51 43 50 67 59 36 22 34 57 55 28 2 26 53
19 25 62 35 66 16 69 58 22 24 33 20 54 28 30 55 12 14 48 7 19 13 29 52 62 18 49 26 18 21 16 25 25 14 4 14 45 43 12 41 26 28 18 62 22 48 33 48 34 2 19 23 65 63 60 0 40 39 20 17 36 14 53 31 28 52 11 20 43 11 18 16 30 34 20 23 45 33 16 16 19 22 8 12 14 9 10 39 17 34 55 32 55 59 25 48 18 20 32 18 49 31 30 48 72 42 16 14 40 67 44 21 20 43 68 55 39 39 54 75 71 59 59 69 87
35 64 27 16 59 42 30 19 18 19 28 30 15 19 47 17 31 35 9 45 55 51 32 16 28 57 10 16 58 29 54 15 46 32 43 37 6 5 30 33 15 18 25 30 26 9 15 16 17 41 23 62 29 26 53 40 0 2 21 56 22 27 15 21 45 15 41 22 6 45 57 55 29 11 21 34 6 27 55 27 59 20 42 33 50 48 36 5 24 15 47 14 16 21 34 11 33 25 23 29 88 65 46 38 47 81 55 31 17 33 79 53 26 5 29 83 58 36 25 38 92 70 53 46 54
34 63 27 16 60 41 31 20 18 19 29 29 16 19 47 18 30 35 10 44 54 50 33 17 28 57 11 15 57 28 54 15 45 31 42 36 7 5 29 33 15 17 24 31 25 10 16 15 17 41 22 61 30 27 53 39 2 0 20 55 23 26 16 21 45 16 41 21 7 44 56 54 29 12 21 33 7 27 55 26 58 19 41 32 49 47 36 6 23 15 48 14 17 21 33 12 33 24 23 29 87 64 45 37 47 80 54 30 16 33 79 52 26 6 30 83 58 36 26 39 92 70 53 47 55
23 43 46 17 57 22 51 39 5 6 20 19 35 11 31 35 10 16 28 26 37 30 20 32 46 37 31 7 38 19 35 6 34 18 23 22 26 25 12 28 7 10 5 43 17 28 14 32 15 21 10 42 48 43 49 20 21 20 0 36 20 9 33 15 29 33 21 8 23 27 37 34 18 15 1 24 26 20 35 12 39 10 24 17 32 28 16 20 5 15 44 13 35 41 25 29 15 14 16 11 69 48 36 42 60 61 35 16 27 51 59 33 9 23 49 65 42 28 35 56 76 58 49 53 69
33 9 79 50 72 21 86 74 38 39 44 35 70 42 33 70 26 25 64 13 17 7 39 67 78 2 66 42 4 36 10 41 34 30 14 27 61 59 29 51 42 43 33 76 37 64 47 65 48 15 36 8 82 78 66 17 56 55 36 0 49 31 68 44 31 68 18 36 58 18 10 3 41 49 35 37 61 45 4 33 4 39 19 28 16 9 22 55 33 48 63 47 70 76 38 64 29 36 44 31 37 27 40 62 87 25 7 30 57 83 29 16 34 58 84 45 37 47 67 91 63 58 65 80 101
43 55 48 7 39 30 47 38 22 15 8 38 33 10 29 26 25 25 24 43 55 43 14 23 49 51 29 16 52 38 51 18 53 37 38 41 24 27 32 11 16 11 20 28 35 24 9 37 7 38 29 56 50 32 32 36 22 23 20 49 0 29 25 6 28 25 32 27 20 46 53 47 10 12 20 43 26 6 50 32 53 28 42 36 50 43 28 18 25 8 26 11 27 40 45 22 21 33 5 19 85 67 56 57 69 73 51 35 37 54 66 40 17 21 45 65 39 14 18 44 71 48 32 34 52
15 39 49 25 64 23 56 44 9 15 28 11 41 20 35 42 10 17 35 19 29 26 27 40 48 32 36 15 32 12 28 14 25 9 18 13 32 29 4 36 15 19 11 52 10 35 23 34 24 16 6 36 51 51 57 14 27 26 9 31 29 0 40 24 33 40 20 6 30 19 30 30 26 23 10 16 32 28 30 4 33 9 16 8 24 22 15 27 5 24 52 21 42 45 18 36 19 8 25 15 62 40 28 38 59 55 29 7 27 53 57 32 15 30 55 66 46 36 44 63 79 64 57 62 77
50 75 27 21 55 52 23 16 32 30 33 44 11 27 53 3 42 46 7 58 69 62 38 4 28 70 11 27 70 43 68 28 60 47 55 51 9 15 43 33 27 27 36 18 41 6 22 23 22 54 37 75 28 11 49 53 15 16 33 68 25 40 0 27 52 1 52 35 11 59 70 66 34 20 33 48 12 31 68 41 71 34 55 47 64 61 47 14 37 21 44 22 3 18 49 5 42 40 28 39 101 79 60 49 52 93 68 45 29 33 89 62 36 11 20 90 64 38 17 24 95 71 50 36 40
38 51 48 7 43 26 49 39 17 10 8 33 34 5 27 29 20 20 25 37 50 38 12 25 48 46 29 11 47 33 46 13 48 32 33 36 24 26 27 14 11 6 14 32 31 25 6 36 6 32 24 51 50 35 36 31 21 21 15 44 6 24 27 0 25 27 27 22 20 40 48 42 8 10 15 38 26 7 45 26 48 23 37 31 44 38 23 17 20 7 30 8 29 41 40 24 16 28 2 14 80 61 51 53 67 68 46 30 34 54 63 36 12 21 46 63 38 16 23 48 71 49 36 39 57
45 34 72 32 41 12 74 63 33 27 20 43 59 27 3 53 23 16 50 32 44 25 14 50 72 33 54 31 34 44 38 32 52 39 27 40 49 50 34 24 31 28 25 54 43 50 31 59 30 28 37 38 74 59 35 28 45 45 29 31 28 33 52 25 0 51 18 35 45 38 39 29 18 35 28 48 50 22 34 36 35 38 36 37 40 30 19 42 31 32 32 32 54 65 49 49 15 40 24 19 67 56 57 70 89 51 36 38 55 78 40 17 21 45 71 39 14 19 44 71 48 32 34 53 76
49 75 28 20 55 51 23 16 31 29 32 44 12 27 53 3 42 45 6 58 69 62 38 3 29 69 11 26 70 43 67 27 60 46 55 51 9 15 43 33 26 26 35 18 40 6 22 23 22 54 37 74 28 12 49 52 15 16 33 68 25 40 1 27 51 0 51 35 10 59 69 66 34 19 33 48 11 30 67 40 71 34 55 46 63 60 47 13 36 21 44 22 3 18 48 4 42 39 28 38 101 78 60 49 52 92 67 44 29 34 88 62 35 11 21 89 63 38 16 24 95 71 49 36 40
29 24 66 33 57 6 71 60 24 23 27 28 55 25 20 54 11 7 48 15 27 11 22 51 66 20 51 26 20 29 22 26 35 23 10 23 46 45 19 34 26 26 17 59 29 48 30 52 31 10 24 25 68 61 51 11 41 41 21 18 32 20 52 27 18 51 0 24 43 21 23 16 24 33 20 32 46 28 19 23 21 27 18 21 23 13 5 39 19 32 47 30 54 61 34 48 12 27 27 14 54 39 40 56 78 42 20 23 45 71 39 13 17 43 69 47 29 31 50 74 61 49 50 63 83
16 44 43 23 64 27 50 39 5 13 28 12 35 18 38 38 14 21 30 25 34 32 28 35 43 37 31 12 38 11 33 10 27 12 23 16 27 24 8 36 12 17 12 48 9 30 20 29 22 21 2 42 46 46 57 20 22 21 8 36 27 6 35 22 35 35 24 0 25 24 36 35 26 19 9 17 27 27 35 6 39 3 21 12 29 28 20 22 5 21 52 18 37 40 18 31 21 7 23 17 67 44 29 35 55 61 34 10 22 48 62 37 16 25 49 70 49 36 41 59 83 66 57 60 73
40 66 29 14 55 43 30 19 21 20 26 34 14 19 46 13 32 36 6 48 59 53 31 11 30 60 10 17 60 34 57 18 51 36 45 41 5 9 33 29 17 18 26 25 31 6 14 19 15 44 27 65 31 21 49 43 6 7 23 58 20 30 11 20 45 10 43 25 0 49 60 57 27 11 23 38 7 25 58 31 61 24 45 37 54 51 38 4 27 13 43 13 13 21 39 7 34 30 21 30 91 69 51 43 51 83 58 35 22 35 80 54 27 2 28 83 57 33 20 34 90 67 49 41 49
15 26 65 44 77 27 73 62 28 32 43 19 59 37 40 61 21 25 54 7 10 18 40 59 64 19 54 34 18 20 11 32 16 14 11 10 51 47 16 51 34 37 27 70 22 54 41 50 42 11 23 21 67 69 70 11 45 44 27 18 46 19 59 40 38 59 21 24 49 0 13 19 40 41 27 20 50 43 15 19 19 26 4 13 6 11 21 46 23 42 66 40 61 63 21 55 29 21 41 28 43 21 22 45 70 40 14 15 42 68 47 29 30 49 73 61 49 49 62 82 79 69 69 79 95
28 15 77 52 80 28 85 74 39 41 49 32 70 45 41 72 29 29 65 12 8 15 44 69 77 9 66 44 7 33 3 43 26 27 15 23 62 59 28 57 43 45 35 79 35 65 50 63 51 16 35 8 80 80 73 18 57 56 37 10 53 30 70 48 39 69 23 36 60 13 0 12 46 51 37 32 62 50 6 31 8 38 16 25 9 10 26 56 33 51 69 49 72 75 33 66 34 34 48 35 32 18 33 57 83 27 4 28 54 81 37 25 37 59 84 53 46 53 71 93 73 67 72 86 104
33 10 78 48 70 19 84 73 37 37 42 35 69 40 30 69 25 22 62 13 19 5 36 65 77 5 64 40 6 36 12 40 34 29 13 27 60 58 28 49 40 41 31 74 37 62 45 64 46 14 35 10 81 76 64 16 55 54 34 3 47 30 66 42 29 66 16 35 57 19 12 0 38 47 34 37 60 43 6 32 7 38 20 27 17 9 20 53 32 46 60 45 69 74 38 62 27 35 42 29 39 30 41 62 87 27 9 30 56 82 29 14 32 57 83 43 35 45 65 89 62 56 62 78 99
40 46 56 14 39 20 56 46 22 14 4 36 41 11 19 36 19 17 32 36 48 34 4 32 56 43 37 17 44 36 44 19 50 34 31 37 32 33 28 12 17 12 16 37 34 32 14 43 13 31 28 48 57 41 32 30 29 29 18 41 10 26 34 8 18 34 24 26 27 40 46 38 0 18 18 41 33 5 42 29 44 28 36 33 43 36 21 25 22 14 27 15 36 48 43 31 13 32 7 13 77 60 53 59 74 64 43 32 41 61 56 31 12 28 54 56 30 11 28 54 63 42 31 40 61
35 56 38 5 50 33 40 29 14 11 18 30 25 9 36 22 23 26 16 40 51 43 22 18 38 51 20 8 51 29 49 10 46 30 36 35 15 16 26 22 8 7 17 30 26 16 4 26 6 35 21 56 40 29 43 34 11 12 15 49 12 23 20 10 35 19 33 19 11 41 51 47 18 0 15 34 16 16 49 24 52 19 37 30 46 42 28 8 19 4 38 3 22 31 36 16 23 25 12 20 83 62 47 45 58 74 49 28 26 44 70 43 17 11 38 73 47 25 22 42 81 59 43 41 55
23 43 46 17 56 22 51 40 5 6 20 19 36 11 30 36 10 15 29 26 37 30 20 32 46 37 31 7 37 19 35 6 34 18 22 22 27 25 13 28 7 10 4 44 17 29 14 32 15 21 10 42 49 43 49 20 21 21 1 35 20 10 33 15 28 33 20 9 23 27 37 34 18 15 0 24 27 19 35 12 38 11 23 17 32 28 15 20 5 15 44 13 35 42 26 29 14 15 16 10 69 48 37 43 61 60 35 16 27 52 59 32 8 24 50 64 42 28 35 56 76 58 48 53 69
5 45 47 38 80 37 58 47 21 29 44 6 45 34 50 50 25 32 42 24 28 35 43 48 46 38 41 28 37 6 30 26 13 10 26 11 39 34 15 52 28 33 27 62 8 42 36 34 38 24 15 40 50 59 73 23 34 33 24 37 43 16 48 38 48 48 32 17 38 20 32 37 41 34 24 0 37 43 34 13 38 16 18 12 24 29 29 36 20 37 68 34 49 47 2 44 34 10 40 31 60 34 13 26 51 59 33 11 25 50 66 44 31 38 58 78 60 52 56 71 93 79 72 75 87
40 69 23 20 61 47 25 14 24 25 32 34 10 24 52 14 36 41 6 50 60 56 37 13 23 63 5 21 63 33 60 21 50 37 48 42 3 4 35 36 21 23 30 28 31 6 20 13 21 47 28 67 25 22 55 45 6 7 26 61 26 32 12 26 50 11 46 27 7 50 62 60 33 16 27 37 0 31 61 32 64 25 47 38 55 53 42 9 29 19 49 19 13 16 38 9 38 30 27 34 93 69 49 38 44 86 60 36 18 29 85 58 31 6 24 88 63 40 25 34 96 74 55 46 51
42 51 53 12 37 25 53 43 23 15 2 38 39 10 23 32 22 21 29 39 52 38 8 28 54 47 35 17 48 38 48 19 52 36 35 40 29 32 31 9 17 12 18 33 36 29 12 42 11 34 29 52 55 37 30 33 27 27 20 45 6 28 31 7 22 30 28 27 25 43 50 43 5 16 19 43 31 0 46 31 48 29 39 35 47 40 25 23 24 12 25 14 33 46 45 28 16 33 5 16 81 64 55 59 73 68 47 35 40 59 60 35 14 26 51 59 33 10 24 50 66 44 30 37 57
30 11 77 50 75 23 85 73 37 39 45 33 69 43 35 70 26 25 63 11 13 9 40 67 77 4 65 42 3 34 6 41 30 27 13 24 61 58 27 53 41 43 33 77 35 63 47 63 48 14 34 7 80 78 68 16 55 55 35 4 50 30 68 45 34 67 19 35 58 15 6 6 42 49 35 34 61 46 0 31 4 38 17 26 12 8 22 55 32 49 65 47 70 74 35 64 30 34 45 31 35 24 37 59 85 26 3 28 55 81 33 19 34 58 84 48 40 49 68 91 67 62 67 82 101
12 41 47 28 68 27 55 43 10 17 32 8 40 22 38 43 14 21 35 20 29 29 31 41 46 34 35 17 34 8 29 15 22 7 19 11 32 29 4 40 17 21 14 53 7 35 25 33 26 18 4 37 50 51 61 16 27 26 12 33 32 4 41 26 36 40 23 6 31 19 31 32 29 24 12 13 32 31 31 0 35 7 16 7 24 24 19 27 8 26 55 23 42 44 14 37 22 4 28 19 62 39 25 34 56 57 30 5 25 51 59 35 18 30 54 69 49 39 46 64 83 67 60 64 78
34 8 81 53 76 25 88 77 41 42 47 37 73 46 36 73 29 28 66 15 16 11 42 70 81 2 68 45 2 38 9 44 33 31 16 28 64 62 31 55 45 46 36 79 39 67 50 67 51 18 38 4 84 81 70 19 59 58 39 4 53 33 71 48 35 71 21 39 61 19 8 7 44 52 38 38 64 48 4 35 0 41 21 29 15 11 25 58 35 52 66 50 73 78 39 67 32 38 48 34 33 25 40 63 88 23 6 32 59 85 29 19 37 61 87 46 40 51 70 94 65 61 69 84 104
17 47 41 23 65 30 48 36 6 14 29 11 33 19 40 36 17 23 28 27 36 34 30 34 40 40 28 13 40 11 36 10 28 13 26 18 26 22 11 37 12 17 14 47 8 29 20 26 22 24 4 44 43 45 58 22 20 19 10 39 28 9 34 23 38 34 27 3 24 26 38 38 28 19 11 16 25 29 38 7 41 0 23 14 31 30 22 21 8 21 53 18 36 38 17 30 24 7 25 20 69 45 29 32 52 63 37 12 19 45 65 39 18 23 47 73 51 37 40 57 85 68 58 60 72
14 27 62 40 74 24 70 58 24 28 39 17 55 33 38 58 18 21 50 7 14 18 36 55 61 20 51 30 20 18 14 28 17 11 10 8 47 44 13 47 30 33 23 66 19 50 37 47 38 9 19 23 64 66 67 8 42 41 24 19 42 16 55 37 36 55 18 21 45 4 16 20 36 37 23 18 47 39 17 16 21 23 0 10 9 11 18 42 19 38 62 36 57 60 19 51 26 18 37 24 47 25 23 43 68 42 16 12 39 65 48 28 26 45 69 61 47 45 58 78 78 67 66 75 92
8 36 52 33 71 26 61 49 16 22 35 8 46 27 39 49 15 21 41 15 23 25 33 47 52 29 42 23 28 9 23 21 18 3 15 5 39 35 5 44 22 26 18 59 10 42 30 38 32 14 10 32 55 58 64 12 33 32 17 28 36 8 47 31 37 46 21 12 37 13 25 27 33 30 17 12 38 35 26 7 29 14 10 0 18 19 18 34 12 32 59 29 49 50 13 43 24 9 32 21 56 32 21 36 60 51 25 3 30 56 56 33 22 36 60 67 49 43 51 70 82 68 63 70 84
20 23 70 48 79 28 78 67 33 37 46 24 64 41 42 66 25 27 58 8 6 17 43 63 69 15 59 38 15 25 7 37 18 19 13 15 56 52 21 54 38 41 31 75 27 59 45 55 46 13 28 17 72 74 73 14 50 49 32 16 50 24 64 44 40 63 23 29 54 6 9 17 43 46 32 24 55 47 12 24 15 31 9 18 0 11 23 50 28 47 68 44 66 68 25 60 32 26 45 31 38 18 25 49 74 35 10 20 47 73 44 28 33 53 78 60 49 52 66 87 78 70 72 83 100
24 17 70 43 70 19 78 66 30 32 39 27 62 36 32 63 19 19 56 5 14 8 35 60 70 10 58 35 10 28 9 34 27 21 6 19 54 51 20 47 34 36 26 70 29 56 40 56 41 7 27 14 73 71 64 9 48 47 28 9 43 22 61 38 30 60 13 28 51 11 10 9 36 42 28 29 53 40 8 24 11 30 11 19 11 0 16 47 25 42 60 40 63 67 30 57 24 27 38 25 42 26 33 54 79 34 8 22 48 75 37 18 27 51 76 51 39 44 61 83 68 60 63 76 95
26 29 61 28 57 9 66 55 20 18 24 25 51 21 22 50 7 4 43 16 28 15 20 46 61 23 46 21 24 26 24 21 33 20 11 21 41 40 15 32 21 22 12 55 25 43 26 47 27 11 20 28 64 57 50 10 36 36 16 22 28 15 47 23 19 47 5 20 38 21 26 20 21 28 15 29 42 25 22 19 25 22 18 18 23 16 0 35 15 27 46 26 50 57 31 43 9 23 23 10 57 40 38 52 74 46 23 19 41 66 44 18 12 38 65 51 32 29 46 70 65 51 49 61 80
37 62 31 11 55 39 33 22 18 17 24 32 17 16 43 16 29 33 9 45 56 49 29 14 32 56 13 14 57 31 54 14 48 33 42 38 7 10 30 28 14 14 23 27 28 9 11 20 12 41 24 61 33 24 48 39 5 6 20 55 18 27 14 17 42 13 39 22 4 46 56 53 25 8 20 36 9 23 55 27 58 21 42 34 50 47 35 0 23 11 42 10 16 24 37 10 30 27 19 27 88 66 48 42 52 80 55 32 22 37 77 50 24 4 31 80 54 32 21 37 88 65 48 42 52
19 41 47 21 61 22 53 42 6 11 24 15 38 16 33 39 9 16 32 22 33 28 24 36 47 34 33 11 34 15 31 10 29 13 20 17 29 27 8 33 11 15 7 48 13 32 19 33 20 18 7 39 50 47 54 17 24 23 5 33 25 5 37 20 31 36 19 5 27 23 33 32 22 19 5 20 29 24 32 8 35 8 19 12 28 25 15 23 0 20 48 17 39 43 21 33 16 10 21 12 65 44 32 40 60 58 32 11 26 52 58 32 12 27 52 65 44 32 40 60 78 61 53 58 73
37 55 42 2 47 31 42 32 16 10 14 32 27 7 33 23 23 25 18 40 52 42 18 20 42 50 23 9 51 32 49 11 48 32 36 36 18 20 27 19 10 6 16 29 29 18 2 30 2 35 23 55 44 30 40 34 15 15 15 48 8 24 21 7 32 21 32 21 13 42 51 46 14 4 15 37 19 12 49 26 52 21 38 32 47 42 27 11 20 0 34 3 23 34 38 18 22 27 8 18 83 63 50 49 61 73 49 30 29 48 68 42 16 14 40 70 44 21 21 43 77 55 40 39 54
66 66 71 33 13 42 66 59 47 39 24 62 55 35 32 44 45 42 46 61 73 56 27 41 71 64 52 41 66 63 68 43 76 60 56 64 47 51 55 17 41 36 42 35 60 46 35 62 33 56 54 70 72 45 6 55 47 48 44 63 26 52 44 30 32 44 47 52 43 66 69 60 27 38 44 68 49 25 65 55 66 53 62 59 68 60 46 42 48 34 0 37 46 62 69 43 37 58 29 39 98 85 80 83 93 82 66 59 63 77 69 49 38 44 63 60 35 17 29 53 57 31 6 24 51
34 54 41 5 49 30 42 32 13 8 15 29 27 6 34 24 21 24 19 38 50 41 19 21 41 48 23 7 49 29 47 9 45 29 34 34 17 19 25 21 7 5 14 31 26 19 2 29 4 33 20 53 43 31 42 32 14 14 13 47 11 21 22 8 32 22 30 18 13 40 49 45 15 3 13 34 19 14 47 23 50 18 36 29 44 40 26 10 17 3 37 0 24 34 35 18 21 24 10 17 81 60 47 46 60 71 47 27 27 47 67 41 14 14 40 70 45 23 23 44 78 57 42 42 56
51 77 26 23 56 54 21 14 33 32 35 46 11 29 55 2 44 48 8 60 71 64 40 5 27 72 11 29 72 45 69 30 62 48 57 53 11 16 45 35 29 29 38 18 42 8 25 23 25 56 39 77 27 10 51 55 16 17 35 70 27 42 3 29 54 3 54 37 13 61 72 69 36 22 35 49 13 33 70 42 73 36 57 49 66 63 50 16 39 23 46 24 0 17 50 7 44 41 30 41 103 80 61 50 51 95 70 47 30 32 91 65 38 13 18 92 66 40 18 22 97 73 51 37 39
50 83 10 34 73 62 11 3 38 40 47 45 8 39 67 19 51 56 17 64 73 70 52 21 11 77 12 36 77 44 73 36 60 49 62 54 17 17 48 50 36 38 45 33 42 17 35 14 36 61 41 81 11 23 67 59 21 21 41 76 40 45 18 41 65 18 61 40 21 63 75 74 48 31 42 47 16 46 74 44 78 38 60 50 68 67 57 24 43 34 62 34 17 0 47 19 54 42 42 50 105 80 57 39 35 100 74 48 24 16 100 73 47 21 11 103 78 54 34 29 111 88 67 53 49
6 46 47 40 81 39 58 47 23 31 45 7 45 35 51 51 27 33 43 26 28 36 44 49 46 39 41 30 38 7 31 27 13 11 27 12 40 35 16 53 29 34 28 63 10 43 37 34 39 26 16 41 50 60 74 25 34 33 25 38 45 18 49 40 49 48 34 18 39 21 33 38 43 36 26 2 38 45 35 14 39 17 19 13 25 30 31 37 21 38 69 35 50 47 0 45 36 12 41 33 60 34 12 25 50 60 34 12 25 50 67 45 32 39 58 79 62 53 57 71 95 81 74 76 88
46 71 28 17 54 48 26 17 27 26 29 40 12 23 50 7 38 42 4 54 65 58 35 5 29 66 10 23 66 40 63 23 56 42 51 47 6 12 39 31 23 23 32 20 37 3 19 21 19 50 33 70 29 15 48 48 11 12 29 64 22 36 5 24 49 4 48 31 7 55 66 62 31 16 29 44 9 28 64 37 67 30 51 43 60 57 43 10 33 18 43 18 7 19 45 0 38 36 25 35 97 75 56 47 52 89 64 41 26 34 85 58 32 7 23 87 60 35 17 28 93 69 49 37 43
32 35 59 22 49 10 63 52 19 14 16 30 47 16 17 44 10 5 39 24 37 22 11 41 59 31 42 18 32 30 32 19 41 26 19 28 37 37 20 23 18 17 11 48 29 39 20 46 21 19 22 36 62 51 42 18 33 33 15 29 21 19 42 16 15 42 12 21 34 29 34 27 13 23 14 34 38 16 30 22 32 24 26 24 32 24 9 30 16 22 37 21 44 54 36 38 0 26 16 5 65 49 45 56 75 53 31 24 41 65 47 21 8 34 61 51 28 21 39 63 62 45 41 52 72
11 44 44 29 70 31 53 41 11 19 34 5 38 24 42 42 17 25 34 23 31 32 34 40 43 37 34 18 37 5 32 16 22 8 23 12 31 27 8 42 18 23 17 53 3 34 26 30 28 21 5 41 47 51 63 20 25 24 14 36 33 8 40 28 40 39 27 7 30 21 34 35 32 25 15 10 30 33 34 4 38 7 18 9 26 27 23 27 10 27 58 24 41 42 12 36 26 0 30 22 64 40 23 30 52 60 33 7 21 48 63 39 21 29 52 73 53 42 46 63 87 71 63 65 78
39 50 50 8 41 25 50 40 19 11 6 34 35 6 26 30 20 20 26 38 50 38 11 26 50 46 31 13 47 34 46 15 49 33 33 37 25 28 28 13 13 8 15 32 32 26 8 38 7 33 25 51 51 36 34 32 23 23 16 44 5 25 28 2 24 28 27 23 21 41 48 42 7 12 16 40 27 5 45 28 48 25 37 32 45 38 23 19 21 8 29 10 30 42 41 25 16 30 0 14 80 62 52 55 69 68 46 31 36 55 62 35 12 22 48 62 36 14 23 48 69 48 34 38 57
29 37 55 19 51 13 59 48 15 10 16 26 43 12 21 41 7 7 35 24 37 24 13 37 55 32 39 14 33 26 33 15 38 23 20 26 34 33 17 24 14 13 6 46 25 35 17 41 18 19 18 38 57 48 44 18 29 29 11 31 19 15 39 14 19 38 14 17 30 28 35 29 13 20 10 31 34 16 31 19 34 20 24 21 31 25 10 27 12 18 39 17 41 50 33 35 5 22 14 0 66 48 42 51 70 55 32 21 37 60 51 24 4 30 57 55 32 22 37 61 66 49 43 52 71
56 33 106 84 107 58 116 104 70 73 80 61 101 77 68 104 61 60 96 44 33 43 75 101 105 35 97 75 34 62 34 74 49 57 47 52 94 90 59 87 75 77 67 111 64 96 82 92 83 48 65 30 109 111 102 49 88 87 69 37 85 62 101 80 67 101 54 67 91 43 32 39 77 83 69 60 93 81 35 62 33 69 47 56 38 42 57 88 65 83 98 81 103 105 60 97 65 64 80 66 0 27 54 81 107 22 35 58 83 109 43 51 69 91 115 64 70 83 102 124 86 89 100 117 136
30 31 81 64 96 45 91 80 48 53 63 36 77 58 58 81 42 44 73 25 13 32 60 79 80 26 73 54 25 37 19 53 22 33 30 28 70 66 37 72 54 57 48 91 39 73 61 67 63 30 42 23 83 89 90 31 65 64 48 27 67 40 79 61 56 78 39 44 69 21 18 30 60 62 48 34 69 64 24 39 25 45 25 32 18 26 40 66 44 63 85 60 80 80 34 75 49 40 62 48 27 0 27 54 81 35 22 34 58 83 51 43 50 68 91 70 64 69 83 102 89 85 89 100 116
14 47 56 51 92 46 68 57 34 42 56 18 56 46 59 62 36 42 54 29 26 40 54 61 55 40 52 41 39 18 31 39 7 20 32 18 51 46 26 64 40 45 38 75 21 54 48 44 50 31 27 41 59 71 85 30 46 45 36 40 56 28 60 51 57 60 40 29 51 22 33 41 53 47 37 13 49 55 37 25 40 29 23 21 25 33 38 48 32 50 80 47 61 57 12 56 45 23 52 42 54 27 0 27 54 58 34 21 34 58 69 50 42 50 68 83 69 63 68 82 100 89 84 88 99
30 70 34 50 95 61 48 40 38 46 60 28 41 49 72 51 47 54 44 50 51 60 61 51 33 63 39 43 62 28 55 41 33 34 51 36 41 35 38 67 42 47 46 66 28 44 48 27 50 49 34 65 37 59 88 48 38 37 42 62 57 38 49 53 70 49 56 35 43 45 57 62 59 45 43 26 38 59 59 34 63 32 43 36 49 54 52 42 40 49 83 46 50 39 25 47 56 30 55 51 81 54 27 0 27 83 58 34 21 34 91 68 50 42 50 102 83 68 63 68 117 100 88 83 87
55 95 26 62 105 82 39 37 56 62 74 52 41 64 91 53 68 75 48 74 77 84 78 55 25 88 42 58 87 51 81 57 59 58 75 61 47 43 60 79 58 62 65 68 51 49 61 32 63 73 54 90 26 58 99 72 47 47 60 87 69 59 52 67 89 52 78 55 51 70 83 87 74 58 61 51 44 73 85 56 88 52 68 60 74 79 74 52 60 61 93 60 51 35 50 52 75 52 69 70 107 81 54 27 0 109 83 58 34 21 115 91 68 50 42 124 102 82 68 62 136 116 99 87 83
55 18 103 74 90 44 111 99 63 64 67 58 95 67 51 95 51 49 88 37 33 31 61 92 103 24 90 67 24 60 29 66 52 53 39 49 86 84 53 73 67 67 58 100 61 89 72 89 72 40 60 20 106 102 85 42 81 80 61 25 73 55 93 68 51 92 42 61 83 40 27 27 64 74 60 59 86 68 26 57 23 63 42 51 35 34 46 80 58 73 82 71 95 100 60 89 53 60 68 55 22 35 58 83 109 0 27 54 81 107 22 35 58 83 109 43 51 69 91 115 64 70 83 102 124
28 13 77 50 76 25 84 73 37 39 46 32 69 43 37 70 27 26 63 10 11 11 41 67 76 6 64 42 5 33 4 41 28 26 13 23 61 58 27 54 42 43 33 77 34 63 48 62 49 14 34 8 79 78 70 16 55 54 35 7 51 29 68 46 36 67 20 34 58 14 4 9 43 49 35 33 60 47 3 30 6 37 16 25 10 8 23 55 32 49 66 47 70 74 34 64 31 33 46 32 35 22 34 58 83 27 0 27 54 81 35 22 34 58 83 51 43 50 68 91 70 64 69 83 102
8 38 50 32 71 27 58 47 15 21 35 6 44 26 40 47 15 22 39 17 25 27 33 45 49 31 39 21 31 7 26 19 18 2 18 7 37 33 5 43 21 25 17 58 8 39 29 36 31 16 8 34 53 56 64 14 31 30 16 30 35 7 45 30 38 44 23 10 35 15 28 30 32 28 16 11 36 35 28 5 32 12 12 3 20 22 19 32 11 30 59 27 47 48 12 41 24 7 31 21 58 34 21 34 58 54 27 0 27 54 58 34 21 34 58 69 50 42 50 68 83 69 63 68 82
28 65 24 30 75 48 34 23 22 29 42 23 22 31 57 31 35 41 23 44 51 53 44 31 23 58 19 25 57 22 52 23 37 28 44 32 21 15 28 47 25 29 31 46 20 24 29 10 31 42 22 61 26 39 68 40 17 16 27 57 37 27 29 34 55 29 45 22 22 42 54 56 41 26 27 25 18 40 55 25 59 19 39 30 47 48 41 22 26 29 63 27 30 24 25 26 41 21 36 37 83 58 34 21 34 81 54 27 0 27 83 58 34 21 34 91 68 50 42 50 102 83 68 63 68
54 91 7 48 88 73 18 18 47 51 61 50 23 52 79 34 60 66 31 71 77 79 65 37 6 84 26 47 84 49 79 46 61 55 70 59 31 29 55 64 47 50 55 48 47 32 48 20 49 68 48 88 6 38 82 67 33 33 51 83 54 53 33 54 78 34 71 48 35 68 81 82 61 44 52 50 29 59 81 51 85 45 65 56 73 75 66 37 52 48 77 47 32 16 50 34 65 48 55 60 109 83 58 34 21 107 81 54 27 0 109 83 58 34 21 115 91 68 50 42 124 102 82 68 62
61 22 104 69 74 38 109 98 63 60 59 63 94 62 39 91 50 44 86 42 44 31 53 87 104 29 89 64 30 64 38 64 62 58 41 56 84 83 56 63 64 63 55 92 65 86 67 90 67 42 62 29 107 97 70 44 79 79 59 29 66 57 89 63 40 88 39 62 80 47 37 29 56 70 59 66 85 60 33 59 29 65 48 56 44 37 44 77 58 68 69 67 91 100 67 85 47 63 62 51 43 51 69 91 115 22 35 58 83 109 0 27 54 81 107 22 35 58 83 109 43 51 69 91 115
40 18 78 42 57 11 82 71 37 34 33 40 67 36 18 64 24 18 59 22 31 12 27 61 78 18 62 38 19 41 25 38 44 35 19 34 57 57 31 39 38 36 29 67 41 59 40 64 41 20 37 23 81 71 51 21 53 52 33 16 40 32 62 36 17 62 13 37 54 29 25 14 31 43 32 44 58 35 19 35 19 39 28 33 28 18 18 50 32 42 49 41 65 73 45 58 21 39 35 24 51 43 50 68 91 35 22 34 58 83 27 0 27 54 81 35 22 34 58 83 51 43 50 68 91
29 40 52 17 50 16 56 45 13 7 14 26 40 9 23 38 9 10 32 26 39 27 13 34 52 35 36 11 36 26 35 12 39 23 22 26 31 30 17 22 11 10 5 43 24 32 14 39 15 21 17 40 55 45 43 20 26 26 9 34 17 15 36 12 21 35 17 16 27 30 37 32 12 17 8 31 31 14 34 18 37 18 26 22 33 27 12 24 12 16 38 14 38 47 32 32 8 21 12 4 69 50 42 50 68 58 34 21 34 58 54 27 0 27 54 58 34 21 34 58 69 50 42 50 68
39 66 28 14 56 43 29 19 21 21 27 34 14 19 47 13 33 37 6 48 59 53 32 11 29 60 9 17 60 33 57 18 50 36 45 41 4 8 33 30 17 18 26 26 30 6 15 18 16 44 26 65 30 22 50 43 5 6 23 58 21 30 11 21 45 11 43 25 2 49 59 57 28 11 24 38 6 26 58 30 61 23 45 36 53 51 38 4 27 14 44 14 13 21 39 7 34 29 22 30 91 68 50 42 50 83 58 34 21 34 81 54 27 0 27 83 58 34 21 34 91 68 50 42 50
61 92 17 40 72 70 4 11 47 47 52 55 15 46 73 19 59 63 22 73 82 79 58 23 19 86 19 44 86 54 82 44 70 59 71 64 24 26 57 53 44 45 53 30 52 22 41 25 41 70 50 90 16 19 67 68 29 30 49 84 45 55 20 46 71 21 69 49 28 73 84 83 54 38 50 58 24 51 84 54 87 47 69 60 78 76 65 31 52 40 63 40 18 11 58 23 61 52 48 57 115 91 68 50 42 109 83 58 34 21 107 81 54 27 0 109 83 58 34 21 115 91 68 50 42
74 39 110 70 62 43 112 101 69 64 58 74 97 65 37 91 57 50 88 55 61 44 52 87 110 45 92 68 46 75 54 69 77 69 52 68 87 87 65 59 69 66 61 89 75 88 69 96 68 54 71 47 112 96 59 55 83 83 65 45 65 66 90 63 39 89 47 70 83 61 53 43 56 73 64 78 88 59 48 69 46 73 61 67 60 51 51 80 65 70 60 70 92 103 79 87 51 73 62 55 64 70 83 102 124 43 51 69 91 115 22 35 58 83 109 0 27 54 81 107 22 35 58 83 109
57 37 85 44 40 24 86 76 47 41 32 56 71 40 12 65 36 29 62 42 52 32 26 61 85 39 67 44 40 57 46 46 64 51 38 52 61 63 46 33 45 41 38 63 56 62 43 72 43 39 50 43 87 69 36 39 58 58 42 37 39 46 64 38 14 63 29 49 57 49 46 35 30 47 42 60 63 33 40 49 40 51 47 49 49 39 32 54 44 44 35 45 66 78 62 60 28 53 36 32 70 64 69 83 102 51 43 50 68 91 35 22 34 58 83 27 0 27 54 81 35 22 34 58 83
50 52 62 21 29 26 60 52 32 24 9 46 47 20 19 39 29 25 38 44 57 41 10 35 62 49 43 26 50 46 52 28 60 44 39 47 38 41 38 6 27 22 26 36 44 37 22 51 20 39 38 54 64 43 22 39 36 36 28 47 14 36 38 16 19 38 31 36 33 49 53 45 11 25 28 52 40 10 49 39 51 37 45 43 52 44 29 32 32 21 17 23 40 54 53 35 21 42 14 22 83 69 63 68 82 69 50 42 50 68 58 34 21 34 58 54 27 0 27 54 58 34 21 34 58
56 73 44 19 39 48 37 32 36 30 25 51 28 26 45 16 42 43 20 60 72 61 31 14 45 69 26 29 70 51 69 31 67 52 56 56 22 28 47 22 29 26 36 10 48 20 22 38 21 55 42 74 44 17 34 54 25 26 35 67 18 44 17 23 44 16 50 41 20 62 71 65 28 22 35 56 25 24 68 46 70 40 58 51 66 61 46 21 40 21 29 23 18 34 57 17 39 46 23 37 102 83 68 63 68 91 68 50 42 50 83 58 34 21 34 81 54 27 0 27 83 58 34 21 34
73 97 37 42 60 73 24 28 55 52 51 67 28 49 72 21 65 67 29 81 92 84 57 24 39 92 31 49 93 66 91 51 83 70 78 74 32 37 66 48 50 48 58 19 64 29 44 41 43 77 60 97 36 13 57 75 38 39 56 91 44 63 24 48 71 24 74 59 34 82 93 89 54 42 56 71 34 50 91 64 94 57 78 70 87 83 70 37 60 43 53 44 22 29 71 28 63 63 48 61 124 102 82 68 62 115 91 68 50 42 109 83 58 34 21 107 81 54 27 0 109 83 58 34 21
89 59 118 77 55 57 118 109 81 75 64 89 104 73 46 96 70 63 95 72 80 61 60 93 119 64 100 78 66 90 73 80 94 84 69 84 94 96 80 63 79 75 72 91 89 94 77 106 76 70 84 67 120 99 55 71 92 92 76 63 71 79 95 71 48 95 61 83 90 79 73 62 63 81 76 93 96 66 67 83 65 85 78 82 78 68 65 88 78 77 57 78 97 111 95 93 62 87 69 66 86 89 100 117 136 64 70 83 102 124 43 51 69 91 115 22 35 58 83 109 0 27 54 81 107
76 58 96 55 29 43 94 85 62 55 42 74 81 52 30 72 54 48 71 63 74 54 39 68 96 60 77 58 61 75 67 60 84 70 58 71 71 74 65 39 59 54 54 65 73 71 55 85 54 59 67 64 98 74 28 59 70 70 58 58 48 64 71 49 32 71 49 66 67 69 67 56 42 59 58 79 74 44 62 67 61 68 67 68 70 60 51 65 61 55 31 57 73 88 81 69 45 71 48 49 89 85 89 100 116 70 64 69 83 102 51 43 50 68 91 35 22 34 58 83 27 0 27 54 81
71 68 76 38 8 45 71 65 52 44 29 67 60 40 33 50 50 45 52 64 77 59 31 47 77 67 58 46 68 67 71 48 81 65 59 68 52 57 59 22 47 41 46 40 65 51 40 68 38 59 58 72 77 50 2 59 53 53 49 65 32 57 50 36 34 49 50 57 49 69 72 62 31 43 48 72 55 30 67 60 69 58 66 63 72 63 49 48 53 40 6 42 51 67 74 49 41 63 34 43 100 89 84 88 99 83 69 63 68 82 69 50 42 50 68 58 34 21 34 58 54 27 0 27 54
75 85 62 37 28 60 53 50 55 48 37 70 47 43 53 35 58 57 41 75 88 74 42 33 63 82 46 48 83 70 84 50 86 70 71 74 43 49 65 30 48 44 53 20 67 40 40 58 38 70 61 88 62 31 26 69 46 47 53 80 34 62 36 39 53 36 63 60 41 79 86 78 40 41 53 75 46 37 82 64 84 60 75 70 83 76 61 42 58 39 24 42 37 53 76 37 52 65 38 52 117 100 88 83 87 102 83 68 63 68 91 68 50 42 50 83 58 34 21 34 81 54 27 0 27
88 107 58 53 54 81 44 48 68 64 58 83 47 60 76 37 76 77 46 93 105 94 64 39 59 102 49 62 103 82 102 64 99 84 89 89 49 54 80 53 62 60 70 26 79 45 55 60 54 89 75 108 57 29 53 87 54 55 69 101 52 77 40 57 76 40 83 73 49 95 104 99 61 55 69 87 51 57 101 78 104 72 92 84 100 95 80 52 73 54 51 56 39 49 88 43 72 78 57 71 136 116 99 87 83 124 102 82 68 62 115 91 68 50 42 109 83 58 34 21 107 81 54 27 0
