0 65 56 26 27 27 8 61 28 58 10 36 13 49 33 18 22 16 46 38 44 63 19 57 54 23 28 57 21 42 62 53 19 33 74 56 43 67 58 51 59 70 23 53 33 48 46 45 26 53 4 61 32 38 27 7 26 18 68 53 16 29 21 47 60 14 36 16 54 36 49 63 25 34 66 15 36 53 21 27 51 58 22 13 68 8 27 39 66 51 49 58 56 41 37 37 45 40 39 55 46 20 14 38 64 46 21 15 38 64 55 37 34 49 71 70 56 54 64 82 87 77 75 82 97
65 0 47 43 78 46 69 32 37 59 61 35 66 20 43 69 61 51 30 29 44 8 67 8 30 67 44 46 45 52 30 29 65 35 13 11 36 9 10 32 18 6 59 20 39 41 53 40 43 43 65 30 48 33 85 60 42 48 28 62 56 39 65 46 31 68 68 50 26 32 25 7 68 34 3 66 52 49 49 68 25 32 52 62 14 58 49 38 3 67 17 12 17 38 32 41 50 39 94 42 109 85 64 48 45 102 76 52 30 25 99 73 46 19 9 101 75 50 27 20 107 83 60 44 40
56 47 0 35 50 31 54 18 43 12 59 27 48 32 24 47 38 52 22 32 13 53 44 42 18 41 30 2 41 16 20 19 43 32 59 47 19 55 50 17 30 49 35 29 27 11 13 14 34 6 58 20 25 28 60 49 35 49 26 17 41 33 41 10 18 48 33 48 22 32 26 42 41 31 46 47 22 5 36 39 24 17 35 45 60 53 30 20 50 23 43 37 32 19 30 22 12 19 64 6 86 71 65 69 82 72 53 44 50 67 61 38 23 33 56 57 30 4 24 51 60 36 20 31 55
26 43 35 0 36 7 27 37 12 41 25 11 24 24 11 27 20 17 21 14 22 43 25 35 29 26 6 35 6 25 38 28 24 8 53 35 19 46 38 26 34 47 18 28 9 25 29 22 1 31 27 37 14 12 43 19 1 14 43 38 14 4 23 26 35 26 32 14 29 11 24 40 27 10 42 24 20 33 7 28 26 34 10 20 49 20 10 16 44 39 27 34 31 17 12 14 26 17 53 32 67 45 31 37 56 61 34 11 23 49 61 35 14 24 49 69 47 34 39 58 81 64 55 58 72
27 78 50 36 0 32 19 62 45 47 36 43 16 58 36 11 17 39 51 49 41 78 12 70 56 11 34 51 36 35 64 56 13 43 89 70 46 82 73 53 66 82 20 61 39 46 38 45 36 49 30 63 31 45 11 26 37 38 70 40 24 39 14 42 61 14 19 36 59 47 56 74 11 44 77 15 30 46 30 11 57 59 27 19 84 32 29 42 79 35 63 68 64 43 46 39 38 42 17 51 37 28 41 63 88 25 7 31 57 84 29 16 34 59 85 44 37 47 67 91 63 58 65 81 101
27 46 31 7 32 0 26 35 18 35 29 12 22 27 7 23 15 22 21 18 18 48 21 39 28 21 3 31 11 19 37 27 20 12 58 39 17 51 43 25 36 51 13 30 8 22 23 19 7 27 29 36 7 14 40 20 8 19 42 32 12 9 19 22 34 23 25 18 30 15 25 43 22 13 46 21 13 28 6 22 27 32 6 18 54 23 3 13 48 33 33 37 33 15 15 11 21 14 48 29 65 44 34 43 63 56 31 14 30 55 55 29 8 28 54 62 40 29 39 60 74 57 50 56 73
8 69 54 27 19 26 0 61 33 54 18 37 7 51 33 11 17 22 46 41 42 68 13 61 54 17 28 55 24 39 63 53 13 35 78 60 43 71 63 51 61 74 19 55 34 46 43 44 27 51 11 62 30 39 20 10 28 23 68 49 15 31 16 45 60 7 31 21 55 38 50 66 19 36 69 9 33 50 22 21 53 58 21 9 73 14 25 39 70 46 53 61 58 40 39 36 42 40 32 53 41 18 22 45 71 39 13 18 44 70 47 30 32 51 75 62 51 52 65 85 80 71 72 82 98
61 32 18 37 62 35 61 0 41 29 61 26 56 21 29 56 47 52 17 27 21 39 54 29 8 52 34 16 42 29 3 10 52 30 44 34 19 40 37 11 15 33 44 16 29 17 27 18 36 15 63 3 32 25 71 54 37 49 9 34 47 33 51 21 2 57 47 49 10 29 16 26 52 29 30 55 32 21 40 51 14 3 41 52 46 56 36 22 35 40 33 22 18 21 27 25 25 22 77 13 97 79 66 63 71 85 63 47 43 54 77 52 30 23 40 74 47 20 7 34 77 51 29 22 40
28 37 43 12 45 18 33 41 0 50 24 16 32 23 21 35 30 14 24 14 31 36 34 30 33 36 17 43 10 36 41 32 33 12 46 28 25 39 31 31 34 43 29 28 17 33 39 30 12 38 28 40 25 16 51 23 11 12 45 49 22 11 33 35 39 33 43 13 32 12 25 36 37 12 38 32 31 42 16 38 28 38 20 28 41 21 21 23 38 50 21 31 30 25 15 22 36 25 61 39 73 48 28 26 45 69 42 16 12 39 72 46 24 22 43 80 58 43 41 55 92 74 63 62 71
58 59 12 41 47 35 54 29 50 0 63 35 48 42 30 46 38 57 32 41 20 64 43 53 29 40 35 13 46 17 31 30 43 39 70 58 27 66 61 27 41 60 36 39 34 20 12 22 40 16 61 31 28 36 57 52 41 54 36 8 43 39 40 16 29 48 29 53 33 41 36 53 39 39 57 47 23 10 40 37 35 28 38 46 71 56 34 28 61 14 53 48 43 27 38 28 15 26 59 17 82 71 68 76 91 66 51 48 58 77 53 32 27 43 67 46 20 10 35 62 49 25 19 39 64
10 61 59 25 36 29 18 61 24 63 0 36 22 46 35 26 29 10 45 36 46 58 27 53 54 31 29 59 20 46 62 52 27 32 69 51 44 61 53 51 57 66 29 51 34 49 51 47 26 55 8 61 35 37 37 12 25 13 67 58 21 28 29 50 60 23 44 13 54 34 47 60 33 33 61 23 40 56 23 35 50 58 25 20 62 7 30 40 61 57 44 55 54 42 36 38 49 42 49 57 53 27 6 29 55 55 30 16 32 57 64 45 37 46 65 78 63 58 64 79 95 83 78 83 95
36 35 27 11 43 12 37 26 16 35 36 0 33 16 9 35 27 27 10 7 16 37 32 27 19 33 10 27 16 22 27 17 31 5 46 29 9 40 32 16 24 39 24 18 4 17 25 14 11 22 37 26 14 3 51 29 11 24 32 34 23 8 30 20 25 34 34 24 19 6 14 31 33 5 35 33 19 26 16 33 16 23 18 29 44 31 14 8 37 37 22 25 22 9 4 8 21 9 60 23 76 55 41 42 57 68 43 22 24 46 65 39 12 16 43 70 46 27 29 49 80 60 47 48 62
13 66 48 24 16 22 7 56 32 48 22 33 0 48 28 5 11 24 42 38 36 66 6 58 49 11 24 49 22 33 58 48 6 32 76 58 38 69 61 46 57 71 13 51 29 41 37 39 24 45 16 57 24 35 20 11 24 23 63 42 11 28 9 39 55 2 24 21 51 35 46 63 12 33 66 2 26 44 18 14 48 53 16 4 71 17 20 34 68 39 51 58 54 35 35 31 36 35 30 47 44 24 27 48 73 38 11 16 43 70 44 24 27 48 73 57 44 45 60 81 74 65 65 76 94
49 20 32 24 58 27 51 21 23 42 46 16 48 0 23 50 42 36 11 11 25 23 47 13 15 48 25 31 28 33 21 14 46 16 32 16 17 26 19 16 12 24 39 6 19 23 34 21 24 26 49 20 28 13 66 43 24 33 23 44 38 21 45 28 20 49 49 34 12 13 6 16 48 15 20 47 33 32 30 48 8 19 32 44 30 42 29 19 22 48 12 10 8 19 13 21 31 19 75 26 91 68 50 43 51 83 57 34 22 36 80 53 26 2 28 82 57 33 20 34 90 67 49 41 49
33 43 24 11 36 7 33 29 21 30 35 9 28 23 0 29 20 28 15 15 12 45 26 35 22 25 6 25 17 15 30 21 25 11 54 37 11 48 40 18 30 47 17 25 5 15 18 12 11 20 35 29 6 11 45 27 12 25 36 28 19 10 23 16 28 29 26 24 24 14 20 39 26 12 42 27 11 22 13 26 22 26 13 24 52 29 8 7 45 30 31 33 29 8 12 4 16 8 52 22 70 51 41 47 64 60 36 20 31 54 57 31 4 24 51 62 38 23 33 55 72 54 44 50 67
18 69 47 27 11 23 11 56 35 46 26 35 5 50 29 0 10 28 43 40 36 69 3 61 50 7 25 48 26 32 58 49 4 34 79 61 39 72 64 46 58 73 13 53 31 41 35 39 26 45 21 57 25 37 17 15 27 28 64 40 13 30 7 38 55 4 21 26 52 37 48 66 9 35 69 4 26 43 21 11 50 54 18 8 75 21 21 35 70 36 54 60 56 36 37 32 35 35 27 47 42 25 31 52 77 34 8 20 47 73 39 20 27 50 76 53 41 44 61 83 70 61 64 76 95
22 61 38 20 17 15 17 47 30 38 29 27 11 42 20 10 0 27 35 32 27 62 7 53 41 6 17 39 21 23 49 40 6 27 72 54 30 65 57 37 50 66 3 44 23 32 27 30 20 36 25 48 16 29 25 17 21 25 55 32 9 23 4 29 46 11 16 23 43 30 39 58 7 28 61 9 17 34 15 8 41 44 11 9 68 22 13 26 63 30 47 52 48 27 30 23 26 26 33 38 51 34 34 51 74 41 17 17 42 68 42 18 18 42 68 52 35 35 52 75 67 55 55 67 86
16 51 52 17 39 22 22 52 14 57 10 27 24 36 28 28 27 0 36 27 39 48 28 43 45 31 22 52 12 41 53 43 27 23 59 41 35 52 43 42 47 56 27 41 25 42 45 39 18 47 15 52 29 28 42 14 17 4 58 54 18 20 29 43 51 25 42 5 44 25 38 50 33 24 51 25 35 49 17 35 41 49 20 21 53 9 24 32 52 53 34 45 44 34 26 31 42 34 53 49 61 36 15 25 49 60 34 11 23 49 67 44 30 36 56 78 60 51 54 69 93 79 72 74 85
46 30 22 21 51 21 46 17 24 32 45 10 42 11 15 43 35 36 0 11 14 34 41 23 9 40 19 21 26 23 18 8 40 14 42 27 6 36 30 7 16 33 32 11 13 12 24 11 20 17 47 17 20 9 59 39 21 33 23 33 32 17 38 17 15 43 39 33 9 13 6 25 40 13 29 41 23 22 25 40 7 14 26 38 41 40 22 9 32 38 22 19 14 9 10 12 21 10 67 17 85 64 50 48 60 75 51 31 29 46 70 44 18 12 38 72 46 23 19 41 79 57 40 38 52
38 29 32 14 49 18 41 27 14 41 36 7 38 11 15 40 32 27 11 0 22 30 38 21 20 38 16 32 18 28 28 18 37 6 40 22 14 34 26 18 21 34 30 15 11 22 31 19 14 27 39 27 21 6 56 32 14 24 32 41 28 10 36 25 26 39 41 24 18 3 12 26 39 5 29 37 26 31 20 40 15 24 23 34 37 32 20 14 31 44 16 21 18 15 4 14 28 15 65 27 80 58 41 38 51 73 48 24 18 39 72 45 19 11 37 76 52 32 28 45 86 65 51 48 59
44 44 13 22 41 18 42 21 31 20 46 16 36 25 12 36 27 39 14 22 0 48 33 37 16 31 17 14 28 9 23 16 32 20 56 41 9 50 44 13 28 46 24 24 15 5 10 5 22 10 46 23 13 17 51 37 23 36 29 20 29 21 30 5 20 37 27 35 20 21 20 39 31 20 42 35 12 11 24 30 20 19 23 33 55 40 18 9 46 24 35 33 28 8 19 9 7 7 57 11 77 60 52 57 72 65 43 31 39 59 58 32 10 26 52 58 32 12 27 52 65 44 33 41 60
63 8 53 43 78 48 68 39 36 64 58 37 66 23 45 69 62 48 34 30 48 0 67 11 36 68 45 52 44 56 37 35 66 36 11 9 39 4 6 37 24 13 60 25 41 45 57 44 43 48 63 36 50 35 85 59 42 46 35 66 56 40 65 50 38 67 71 48 31 33 29 14 69 35 11 66 55 54 49 69 29 38 52 62 8 56 50 41 7 71 16 17 22 42 34 43 54 42 95 47 108 83 60 42 37 103 76 51 27 17 102 75 48 22 8 105 79 55 34 27 112 88 67 51 47
19 67 44 25 12 21 13 54 34 43 27 32 6 47 26 3 7 28 41 38 33 67 0 59 47 5 23 45 24 29 55 46 2 32 77 59 36 70 62 44 56 71 10 50 29 38 33 36 24 42 22 54 22 35 19 15 25 27 61 37 12 28 4 35 53 6 19 25 49 35 45 63 7 33 66 5 23 40 19 9 47 51 16 7 73 21 19 32 68 34 52 57 54 33 35 29 32 33 28 44 45 28 32 52 76 36 11 19 45 72 39 19 25 48 74 52 39 42 58 81 69 59 61 73 92
57 8 42 35 70 39 61 29 30 53 53 27 58 13 35 61 53 43 23 21 37 11 59 0 25 59 36 41 37 45 27 24 57 27 20 7 29 14 9 26 15 13 51 14 31 34 46 33 35 37 58 26 41 25 77 52 34 41 27 56 48 31 57 40 28 60 61 42 21 24 18 8 60 26 9 58 45 44 41 60 19 27 44 54 19 51 41 31 10 60 10 7 11 31 24 33 43 32 86 37 101 77 57 43 44 94 68 44 24 26 92 65 39 12 16 94 69 44 24 26 101 78 57 44 45
54 30 18 29 56 28 54 8 33 29 54 19 49 15 22 50 41 45 9 20 16 36 47 25 0 46 26 17 34 24 9 2 46 22 42 30 11 38 33 4 13 32 38 12 21 12 24 12 29 13 55 8 26 17 65 47 29 41 15 32 40 26 44 17 7 50 42 42 5 21 10 25 46 22 29 48 27 19 33 45 8 5 34 45 43 49 29 15 33 38 27 20 14 14 19 18 21 15 72 12 91 72 59 56 66 80 57 39 36 50 73 47 23 17 39 72 46 20 12 37 77 53 34 30 46
23 67 41 26 11 21 17 52 36 40 31 33 11 48 25 7 6 31 40 38 31 68 5 59 46 0 23 42 26 26 54 45 5 33 78 60 35 71 63 42 55 71 9 50 29 36 30 35 26 40 26 53 21 35 20 20 27 30 60 33 14 29 3 33 51 10 14 28 48 36 45 63 2 34 67 9 20 37 20 4 47 49 17 11 74 26 19 31 69 30 53 57 54 32 35 29 29 32 28 42 46 32 37 56 79 36 12 22 48 74 36 14 23 48 74 48 34 39 57 80 64 55 58 71 91
28 44 30 6 34 3 28 34 17 35 29 10 24 25 6 25 17 22 19 16 17 45 23 36 26 23 0 31 11 19 35 26 22 10 55 37 16 49 41 23 34 49 15 28 6 21 23 18 5 26 30 34 8 12 42 21 7 19 41 33 14 7 21 21 33 25 27 18 28 13 23 41 24 11 44 23 14 27 7 25 25 31 8 20 52 24 5 12 46 34 30 35 31 13 13 9 21 13 50 28 67 46 35 42 61 58 33 14 28 53 57 31 8 25 52 64 41 29 37 58 76 58 50 55 71
57 46 2 35 51 31 55 16 43 13 59 27 49 31 25 48 39 52 21 32 14 52 45 41 17 42 31 0 41 17 19 18 44 32 58 46 18 54 49 16 28 47 36 28 27 11 14 14 35 5 59 18 26 27 61 50 36 49 24 18 42 33 42 10 16 49 35 48 21 32 25 40 42 31 44 48 23 6 37 41 23 16 36 46 59 54 31 20 49 25 42 35 30 19 30 22 14 19 66 5 88 72 65 68 81 73 54 44 49 66 63 39 24 32 54 58 32 5 23 49 61 37 20 30 53
21 45 41 6 36 11 24 42 10 46 20 16 22 28 17 26 21 12 26 18 28 44 24 37 34 26 11 41 0 30 43 33 23 13 55 36 24 48 39 32 38 50 20 33 14 31 34 28 7 36 22 42 18 17 41 15 6 9 48 43 13 9 23 32 41 24 34 8 34 15 28 43 28 14 45 22 24 38 7 29 31 39 11 18 50 15 14 21 47 44 29 38 35 23 16 19 31 23 52 38 64 41 25 32 54 59 33 7 22 48 62 37 19 28 51 71 51 40 44 62 85 68 60 63 76
42 52 16 25 35 19 39 29 36 17 46 22 33 33 15 32 23 41 23 28 9 56 29 45 24 26 19 17 30 0 31 25 28 25 64 49 17 59 52 21 36 55 20 33 20 13 5 13 24 15 45 30 12 23 45 36 26 38 37 14 27 25 25 8 28 33 19 37 28 27 28 47 25 26 51 32 7 12 24 24 28 27 22 30 63 40 17 15 55 16 43 41 36 15 25 15 4 14 50 17 71 56 52 61 78 57 38 32 45 67 49 24 12 34 60 50 24 13 35 61 58 39 33 46 68
62 30 20 38 64 37 63 3 41 31 62 27 58 21 30 58 49 53 18 28 23 37 55 27 9 54 35 19 43 31 0 10 54 31 41 33 20 38 35 12 13 30 46 15 30 19 30 20 37 17 64 2 34 26 73 56 38 50 7 36 48 34 52 23 4 59 49 50 10 29 16 24 54 30 28 57 35 24 42 53 14 5 42 54 44 57 38 24 33 42 32 21 16 23 27 27 28 23 80 16 99 81 67 63 70 87 65 48 43 52 79 54 31 22 38 76 50 23 5 31 79 54 31 21 37
53 29 19 28 56 27 53 10 32 30 52 17 48 14 21 49 40 43 8 18 16 35 46 24 2 45 26 18 33 25 10 0 45 21 41 29 11 37 32 4 12 31 37 10 20 12 25 12 28 14 54 9 25 16 65 46 28 40 16 33 39 25 44 18 8 49 42 40 4 20 8 24 46 20 28 48 27 20 32 45 6 7 33 45 42 48 28 15 32 38 26 18 13 14 18 18 22 14 72 13 91 71 58 55 64 80 56 38 35 49 73 47 23 15 38 73 46 21 12 37 78 54 35 31 46
19 65 43 24 13 20 13 52 33 43 27 31 6 46 25 4 6 27 40 37 32 66 2 57 46 5 22 44 23 28 54 45 0 31 76 58 35 69 61 43 55 70 9 49 28 37 32 35 23 41 22 53 21 33 20 15 24 26 60 37 11 27 3 35 51 6 18 24 48 34 44 62 7 32 65 5 22 39 18 9 46 50 14 7 72 21 18 31 67 34 51 56 53 32 34 28 31 32 29 43 46 29 32 51 76 37 12 18 44 71 40 19 23 47 72 52 38 41 57 79 69 59 60 72 91
33 35 32 8 43 12 35 30 12 39 32 5 32 16 11 34 27 23 14 6 20 36 32 27 22 33 10 32 13 25 31 21 31 0 46 28 14 39 31 20 26 40 25 20 6 21 28 18 9 27 34 30 16 5 51 27 8 20 35 38 22 5 30 24 29 33 36 20 22 4 16 32 34 2 35 32 22 30 14 34 19 27 17 28 42 28 15 12 37 41 21 26 23 13 4 11 25 13 60 28 75 53 37 38 54 68 42 19 20 44 67 40 15 17 42 72 49 31 32 50 83 63 51 51 64
74 13 59 53 89 58 78 44 46 70 69 46 76 32 54 79 72 59 42 40 56 11 77 20 42 78 55 58 55 64 41 41 76 46 0 19 48 8 16 44 30 12 70 32 50 53 65 52 53 55 74 41 60 44 96 69 53 57 38 74 67 50 76 58 43 78 80 59 38 43 37 18 79 45 14 77 64 61 59 79 37 43 62 72 9 67 60 50 10 79 26 24 29 50 43 52 62 51 105 54 119 94 71 52 41 113 87 61 37 21 111 84 58 31 4 113 87 61 38 22 119 94 71 52 42
56 11 47 35 70 39 60 34 28 58 51 29 58 16 37 61 54 41 27 22 41 9 59 7 30 60 37 46 36 49 33 29 58 28 19 0 32 12 4 31 21 17 52 19 33 38 50 37 35 42 56 32 42 27 77 51 34 39 33 60 48 32 57 44 33 59 63 40 26 25 22 13 61 27 13 58 47 48 41 61 23 33 44 54 15 49 42 34 11 64 8 13 17 34 26 35 47 35 87 42 100 76 53 38 38 95 68 43 20 20 94 67 41 15 16 97 72 49 30 31 105 82 63 50 50
43 36 19 19 46 17 43 19 25 27 44 9 38 17 11 39 30 35 6 14 9 39 36 29 11 35 16 18 24 17 20 11 35 14 48 32 0 42 35 8 21 39 27 17 11 8 18 5 19 13 45 19 15 10 54 36 19 32 26 28 29 16 33 12 18 39 33 32 14 14 12 31 35 14 35 37 17 18 22 35 12 16 23 34 47 38 18 4 38 32 27 25 20 4 12 7 15 4 62 14 80 61 49 51 64 70 46 29 32 51 64 38 12 18 44 66 40 19 23 46 74 52 38 40 56
67 9 55 46 82 51 71 40 39 66 61 40 69 26 48 72 65 52 36 34 50 4 70 14 38 71 49 54 48 59 38 37 69 39 8 12 42 0 9 39 26 11 63 27 44 48 60 46 47 50 67 38 53 38 89 62 46 50 36 69 60 43 69 53 39 71 74 52 33 36 31 15 72 38 11 70 58 57 52 73 32 39 55 65 6 60 53 44 6 73 19 19 24 44 37 46 57 45 98 49 112 87 64 45 38 106 80 54 30 18 105 78 51 25 5 108 82 57 35 25 114 90 68 51 45
58 10 50 38 73 43 63 37 31 61 53 32 61 19 40 64 57 43 30 26 44 6 62 9 33 63 41 49 39 52 35 32 61 31 16 4 35 9 0 34 23 16 55 22 36 42 53 40 38 45 58 35 46 30 80 54 37 41 35 63 51 35 61 47 36 62 66 43 28 28 25 14 64 30 12 61 51 51 44 65 26 35 47 57 12 51 45 37 10 67 11 15 19 37 29 39 50 38 90 44 103 78 56 39 36 98 71 46 22 18 97 70 44 18 13 101 75 51 32 30 108 85 65 51 50
51 32 17 26 53 25 51 11 31 27 51 16 46 16 18 46 37 42 7 18 13 37 44 26 4 42 23 16 32 21 12 4 43 20 44 31 8 39 34 0 15 34 35 13 18 9 21 9 26 11 52 11 22 15 62 44 26 39 18 30 37 23 41 14 10 47 39 39 7 19 10 27 43 19 31 45 24 18 30 42 8 8 30 42 44 46 26 12 35 35 27 21 16 11 17 15 19 11 69 11 88 69 56 55 66 77 54 37 35 51 70 44 20 17 41 70 43 18 15 40 75 52 34 32 49
59 18 30 34 66 36 61 15 34 41 57 24 57 12 30 58 50 47 16 21 28 24 56 15 13 55 34 28 38 36 13 12 55 26 30 21 21 26 23 15 0 20 47 6 28 24 36 24 34 25 60 12 35 22 74 53 34 44 13 45 47 30 53 29 14 58 54 45 9 24 11 12 56 25 16 56 38 32 39 55 9 14 41 53 32 53 37 24 21 50 20 8 5 24 23 27 34 24 82 24 100 78 61 53 58 90 66 45 33 40 85 58 33 12 26 84 58 32 10 26 89 65 43 31 38
70 6 49 47 82 51 74 33 43 60 66 39 71 24 47 73 66 56 33 34 46 13 71 13 32 71 49 47 50 55 30 31 70 40 12 17 39 11 16 34 20 0 63 23 43 43 55 42 48 45 71 30 52 37 90 65 47 54 27 64 61 44 69 48 32 72 72 55 28 36 28 9 72 38 5 71 56 51 53 72 27 32 56 67 17 64 53 42 7 69 23 14 19 42 37 44 52 42 98 43 114 90 69 54 49 106 81 57 36 28 103 76 50 24 9 104 77 51 26 15 108 83 60 41 35
23 59 35 18 20 13 19 44 29 36 29 24 13 39 17 13 3 27 32 30 24 60 10 51 38 9 15 36 20 20 46 37 9 25 70 52 27 63 55 35 47 63 0 42 20 29 24 27 18 33 26 45 13 26 28 18 19 25 52 30 9 21 7 26 43 14 16 23 40 28 37 55 10 26 58 12 14 31 13 10 38 42 9 11 66 23 10 23 61 28 45 49 45 24 27 20 23 24 36 35 54 37 35 51 73 44 20 17 40 66 43 18 15 40 66 52 34 33 49 72 67 54 53 64 83
53 20 29 28 61 30 55 16 28 39 51 18 51 6 25 53 44 41 11 15 24 25 50 14 12 50 28 28 33 33 15 10 49 20 32 19 17 27 22 13 6 23 42 0 22 21 33 20 28 24 54 15 30 16 69 47 28 38 18 42 41 25 48 26 15 52 49 39 7 18 6 15 50 19 19 51 33 30 33 50 5 14 36 47 32 47 32 20 23 47 17 9 4 19 17 22 30 20 77 23 94 72 56 49 55 85 60 39 28 39 80 54 28 7 28 81 55 30 15 31 88 64 44 35 44
33 39 27 9 39 8 34 29 17 34 34 4 29 19 5 31 23 25 13 11 15 41 29 31 21 29 6 27 14 20 30 20 28 6 50 33 11 44 36 18 28 43 20 22 0 17 23 14 8 23 35 29 10 7 47 26 9 22 35 33 20 6 26 19 27 31 31 22 22 9 17 35 29 7 38 29 16 25 12 30 19 26 14 26 47 28 11 8 41 35 26 29 26 9 7 6 20 9 56 24 72 52 39 43 60 64 39 19 26 49 62 35 9 20 46 67 43 27 32 52 77 58 47 50 65
48 41 11 25 46 22 46 17 33 20 49 17 41 23 15 41 32 42 12 22 5 45 38 34 12 36 21 11 31 13 19 12 37 21 53 38 8 48 42 9 24 43 29 21 17 0 13 3 24 6 50 18 17 17 55 41 25 39 25 22 33 23 35 6 16 42 31 38 16 22 17 35 36 21 39 40 16 10 27 35 17 14 27 38 52 44 22 10 43 27 34 30 25 9 19 12 10 8 61 8 82 64 55 58 72 69 48 34 39 58 62 36 14 24 49 61 35 11 22 48 67 45 31 36 56
46 53 13 29 38 23 43 27 39 12 51 25 37 34 18 35 27 45 24 31 10 57 33 46 24 30 23 14 34 5 30 25 32 28 65 50 18 60 53 21 36 55 24 33 23 13 0 14 28 13 49 29 16 26 48 40 30 42 36 10 31 28 29 7 27 37 21 41 28 30 29 48 29 29 51 36 11 8 28 28 29 25 26 35 64 44 22 18 55 14 45 42 37 17 28 17 4 16 52 15 74 60 56 65 81 60 41 36 48 69 50 26 15 36 61 49 23 10 34 60 56 36 29 43 66
45 40 14 22 45 19 44 18 30 22 47 14 39 21 12 39 30 39 11 19 5 44 36 33 12 35 18 14 28 13 20 12 35 18 52 37 5 46 40 9 24 42 27 20 14 3 14 0 22 9 47 19 15 14 54 38 23 36 26 23 30 20 33 7 17 40 31 35 16 19 16 34 35 18 38 38 15 13 25 34 16 15 24 35 51 41 19 7 42 28 32 29 24 6 16 9 11 6 60 10 80 62 52 55 69 68 46 32 37 56 62 36 12 22 48 62 36 14 23 48 69 47 34 38 57
26 43 34 1 36 7 27 36 12 40 26 11 24 24 11 26 20 18 20 14 22 43 24 35 29 26 5 35 7 24 37 28 23 9 53 35 19 47 38 26 34 48 18 28 8 24 28 22 0 30 27 36 13 12 43 19 2 15 43 38 14 4 23 26 35 25 31 14 29 12 24 40 27 10 43 24 19 32 6 27 26 33 10 20 49 21 9 15 44 39 28 34 31 17 12 13 26 17 52 32 67 45 31 37 57 60 34 11 24 49 61 35 13 25 50 68 46 33 39 58 80 63 54 58 72
53 43 6 31 49 27 51 15 38 16 55 22 45 26 20 45 36 47 17 27 10 48 42 37 13 40 26 5 36 15 17 14 41 27 55 42 13 50 45 11 25 45 33 24 23 6 13 9 30 0 55 17 22 22 59 46 31 44 23 20 38 28 39 7 14 46 33 44 18 27 20 37 39 26 41 44 20 7 33 38 19 13 32 42 55 49 27 16 45 26 38 32 27 14 25 17 11 14 64 3 85 69 61 63 76 72 51 40 44 62 63 38 19 28 51 60 33 7 21 48 65 41 25 32 53
4 65 58 27 30 29 11 63 28 61 8 37 16 49 35 21 25 15 47 39 46 63 22 58 55 26 30 59 22 45 64 54 22 34 74 56 45 67 58 52 60 71 26 54 35 50 49 47 27 55 0 63 34 39 30 10 27 17 69 56 18 30 24 49 62 17 40 16 56 37 50 64 28 35 66 18 38 55 23 30 53 60 24 16 67 8 29 41 66 54 49 59 57 42 38 39 47 42 42 57 47 21 11 36 62 48 24 16 38 63 58 40 36 49 71 73 60 57 66 83 90 80 78 84 98
61 30 20 37 63 36 62 3 40 31 61 26 57 20 29 57 48 52 17 27 23 36 54 26 8 53 34 18 42 30 2 9 53 30 41 32 19 38 35 11 12 30 45 15 29 18 29 19 36 17 63 0 33 25 72 55 37 49 7 36 47 33 51 22 3 58 49 49 9 28 15 24 53 29 28 56 34 23 41 52 13 4 41 53 44 56 37 23 32 42 31 20 16 22 26 26 27 22 79 15 98 80 66 62 69 87 64 47 42 52 79 53 30 21 38 76 49 23 5 32 79 54 31 22 38
32 48 25 14 31 7 30 32 25 28 35 14 24 28 6 25 16 29 20 21 13 50 22 41 26 21 8 26 18 12 34 25 21 16 60 42 15 53 46 22 35 52 13 30 10 17 16 15 13 22 34 33 0 16 40 25 14 26 40 25 16 14 19 16 31 25 21 25 28 19 25 44 21 17 47 23 7 22 12 21 26 29 11 21 57 29 6 11 50 26 36 38 34 12 17 8 14 11 47 24 66 48 41 50 69 55 32 20 35 59 52 25 3 29 56 57 34 23 37 60 68 51 44 52 71
38 33 28 12 45 14 39 25 16 36 37 3 35 13 11 37 29 28 9 6 17 35 35 25 17 35 12 27 17 23 26 16 33 5 44 27 10 38 30 15 22 37 26 16 7 17 26 14 12 22 39 25 16 0 53 31 13 24 31 36 25 9 32 21 24 36 36 25 17 5 12 29 35 5 32 35 21 27 18 36 14 22 20 31 41 32 17 9 35 39 21 23 20 10 3 9 23 10 62 23 78 57 42 42 56 70 45 23 23 44 67 41 14 14 40 71 47 28 27 47 81 61 47 47 60
27 85 60 43 11 40 20 71 51 57 37 51 20 66 45 17 25 42 59 56 51 85 19 77 65 20 42 61 41 45 73 65 20 51 96 77 54 89 80 62 74 90 28 69 47 55 48 54 43 59 30 72 40 53 0 29 44 42 79 50 30 46 22 52 71 18 29 40 68 54 64 82 20 52 85 20 40 56 37 21 66 69 34 24 91 34 37 51 87 45 70 76 72 51 54 48 48 51 12 61 27 21 40 65 91 19 9 36 62 89 31 26 43 67 92 49 46 57 77 99 69 67 75 90 110
7 60 49 19 26 20 10 54 23 52 12 29 11 43 27 15 17 14 39 32 37 59 15 52 47 20 21 50 15 36 56 46 15 27 69 51 36 62 54 44 53 65 18 47 26 41 40 38 19 46 10 55 25 31 29 0 19 14 61 47 9 23 17 40 53 12 32 12 48 30 42 58 21 28 60 12 29 46 15 23 45 52 15 9 64 7 20 33 61 46 44 52 50 34 31 30 38 34 40 48 50 26 18 38 63 47 21 9 34 61 54 33 27 43 66 67 51 48 58 76 83 71 68 76 91
26 42 35 1 37 8 28 37 11 41 25 11 24 24 12 27 21 17 21 14 23 42 25 34 29 27 7 36 6 26 38 28 24 8 53 34 19 46 37 26 34 47 19 28 9 25 30 23 2 31 27 37 14 13 44 19 0 14 43 39 14 4 24 27 35 26 33 13 29 11 24 39 28 9 42 25 21 33 7 29 26 34 11 20 48 20 11 16 44 40 27 34 31 17 12 14 27 17 53 32 67 45 30 36 56 61 35 11 22 48 62 36 15 24 49 69 48 35 39 58 82 64 55 58 72
18 48 49 14 38 19 23 49 12 54 13 24 23 33 25 28 25 4 33 24 36 46 27 41 41 30 19 49 9 38 50 40 26 20 57 39 32 50 41 39 44 54 25 38 22 39 42 36 15 44 17 49 26 24 42 14 14 0 54 51 17 17 27 40 48 25 40 3 41 21 35 47 32 20 49 24 32 46 14 33 38 46 18 20 51 11 21 29 49 51 32 42 41 31 23 27 39 31 53 46 63 37 18 26 50 61 34 9 21 48 66 43 27 33 54 77 58 48 51 66 91 76 68 71 82
68 28 26 43 70 42 68 9 45 36 67 32 63 23 36 64 55 58 23 32 29 35 61 27 15 60 41 24 48 37 7 16 60 35 38 33 26 36 35 18 13 27 52 18 35 25 36 26 43 23 69 7 40 31 79 61 43 54 0 42 54 39 58 29 10 64 55 55 14 34 20 22 60 35 26 63 41 29 47 59 17 11 48 60 42 62 43 30 31 48 33 20 17 29 32 33 34 29 86 21 105 86 72 66 70 94 71 53 45 52 85 60 37 24 35 82 55 29 4 26 84 58 34 18 31
53 62 17 38 40 32 49 34 49 8 58 34 42 44 28 40 32 54 33 41 20 66 37 56 32 33 33 18 43 14 36 33 37 38 74 60 28 69 63 30 45 64 30 42 33 22 10 23 38 20 56 36 25 36 50 47 39 51 42 0 38 38 34 17 34 42 21 49 37 40 38 56 32 39 60 41 19 13 37 30 38 33 34 41 74 52 30 28 64 7 55 51 46 27 38 27 14 26 52 21 75 65 64 74 91 58 44 44 58 79 46 25 25 45 70 41 14 14 40 67 46 26 26 46 70
16 56 41 14 24 12 15 47 22 43 21 23 11 38 19 13 9 18 32 28 29 56 12 48 40 14 14 42 13 27 48 39 11 22 67 48 29 60 51 37 47 61 9 41 20 33 31 30 14 38 18 47 16 25 30 9 14 17 54 38 0 18 11 32 46 12 25 15 41 25 36 53 16 23 56 11 20 37 8 17 39 44 7 7 62 14 11 25 58 37 41 48 44 26 25 22 29 26 39 39 54 33 26 42 66 47 21 8 34 61 50 27 19 38 63 61 43 39 51 71 76 63 60 68 84
29 39 33 4 39 9 31 33 11 39 28 8 28 21 10 30 23 20 17 10 21 40 28 31 26 29 7 33 9 25 34 25 27 5 50 32 16 43 35 23 30 44 21 25 6 23 28 20 4 28 30 33 14 9 46 23 4 17 39 38 18 0 26 25 32 29 33 17 26 8 20 36 30 6 39 27 20 31 10 30 23 30 13 24 46 24 12 13 41 39 25 31 28 15 8 12 25 15 56 30 70 48 34 37 55 64 38 15 22 47 63 37 14 21 46 70 47 32 36 54 81 63 53 55 68
21 65 41 23 14 19 16 51 33 40 29 30 9 45 23 7 4 29 38 36 30 65 4 57 44 3 21 42 23 25 52 44 3 30 76 57 33 69 61 41 53 69 7 48 26 35 29 33 23 39 24 51 19 32 22 17 24 27 58 34 11 26 0 32 50 9 16 25 46 34 43 61 5 31 64 8 19 37 18 7 45 48 14 9 72 23 16 30 66 31 50 55 51 30 33 27 29 30 30 41 47 32 34 53 77 38 13 19 45 71 39 17 22 46 72 50 36 38 55 78 67 56 58 70 89
47 46 10 26 42 22 45 21 35 16 50 20 39 28 16 38 29 43 17 25 5 50 35 40 17 33 21 10 32 8 23 18 35 24 58 44 12 53 47 14 29 48 26 26 19 6 7 7 26 7 49 22 16 21 52 40 27 40 29 17 32 25 32 0 20 40 27 39 21 25 22 41 33 24 45 38 13 7 27 32 22 19 26 36 58 44 21 13 48 21 39 35 30 11 23 13 5 11 57 9 78 63 56 61 76 65 45 35 43 63 57 31 14 29 54 56 29 8 27 53 62 41 29 39 60
60 31 18 35 61 34 60 2 39 29 60 25 55 20 28 55 46 51 15 26 20 38 53 28 7 51 33 16 41 28 4 8 51 29 43 33 18 39 36 10 14 32 43 15 27 16 27 17 35 14 62 3 31 24 71 53 35 48 10 34 46 32 50 20 0 56 46 48 9 27 15 25 51 28 29 54 32 21 39 50 12 2 40 51 45 55 35 21 34 40 31 21 17 20 25 24 25 21 77 13 97 78 65 62 70 84 62 46 42 53 76 51 29 21 39 74 47 20 7 34 77 52 30 23 40
14 68 48 26 14 23 7 57 33 48 23 34 2 49 29 4 11 25 43 39 37 67 6 60 50 10 25 49 24 33 59 49 6 33 78 59 39 71 62 47 58 72 14 52 31 42 37 40 25 46 17 58 25 36 18 12 26 25 64 42 12 29 9 40 56 0 24 23 52 36 48 65 12 35 68 2 27 45 20 14 50 54 17 6 73 18 21 35 69 39 52 59 56 36 36 32 37 36 29 48 42 23 28 49 74 36 10 18 45 71 42 24 28 49 74 56 44 46 61 83 74 65 66 77 95
36 68 33 32 19 25 31 47 43 29 44 34 24 49 26 21 16 42 39 41 27 71 19 61 42 14 27 35 34 19 49 42 18 36 80 63 33 74 66 39 54 72 16 49 31 31 21 31 31 33 40 49 21 36 29 32 33 40 55 21 25 33 16 27 46 24 0 38 46 39 44 64 12 37 67 23 17 29 28 11 45 45 23 24 77 38 22 30 70 17 56 58 53 31 38 28 22 30 32 35 54 44 49 66 88 39 24 32 54 79 32 5 23 49 76 37 21 30 53 79 52 41 47 64 86
16 50 48 14 36 18 21 49 13 53 13 24 21 34 24 26 23 5 33 24 35 48 25 42 42 28 18 48 8 37 50 40 24 20 59 40 32 52 43 39 45 55 23 39 22 38 41 35 14 44 16 49 25 25 40 12 13 3 55 49 15 17 25 39 48 23 38 0 41 22 35 48 30 21 50 22 31 45 13 31 38 46 16 18 53 9 20 29 51 49 33 43 42 30 23 27 38 30 51 45 61 36 18 28 52 58 32 7 23 50 64 41 26 34 55 75 56 47 52 67 90 75 68 71 83
54 26 22 29 59 30 55 10 32 33 54 19 51 12 24 52 43 44 9 18 20 31 49 21 5 48 28 21 34 28 10 4 48 22 38 26 14 33 28 7 9 28 40 7 22 16 28 16 29 18 56 9 28 17 68 48 29 41 14 37 41 26 46 21 9 52 46 41 0 20 7 20 49 21 24 50 30 24 34 48 4 8 35 47 38 49 31 17 28 42 23 15 10 17 18 20 26 17 75 17 93 73 58 54 62 83 59 40 33 46 77 51 26 13 34 76 50 24 11 33 82 58 38 31 44
36 32 32 11 47 15 38 29 12 41 34 6 35 13 14 37 30 25 13 3 21 33 35 24 21 36 13 32 15 27 29 20 34 4 43 25 14 36 28 19 24 36 28 18 9 22 30 19 12 27 37 28 19 5 54 30 11 21 34 40 25 8 34 25 27 36 39 22 20 0 14 29 37 3 32 35 24 31 17 37 17 26 20 31 39 30 18 13 33 43 18 23 21 14 3 13 27 15 63 28 78 55 39 37 52 71 45 21 18 41 70 43 18 14 39 75 51 32 30 47 85 65 52 50 62
49 25 26 24 56 25 50 16 25 36 47 14 46 6 20 48 39 38 6 12 20 29 45 18 10 45 23 25 28 28 16 8 44 16 37 22 12 31 25 10 11 28 37 6 17 17 29 16 24 20 50 15 25 12 64 42 24 35 20 38 36 20 43 22 15 48 44 35 7 14 0 20 45 15 23 46 28 26 29 45 3 14 31 42 36 43 27 15 27 43 18 14 9 14 13 17 26 15 72 20 89 68 52 47 57 80 55 34 27 42 76 49 23 8 33 77 51 27 17 36 84 61 43 37 49
63 7 42 40 74 43 66 26 36 53 60 31 63 16 39 66 58 50 25 26 39 14 63 8 25 63 41 40 43 47 24 24 62 32 18 13 31 15 14 27 12 9 55 15 35 35 48 34 40 37 64 24 44 29 82 58 39 47 22 56 53 36 61 41 25 65 64 48 20 29 20 0 64 31 4 63 48 44 46 64 19 25 48 59 20 57 45 34 9 61 17 6 11 34 29 36 45 34 90 36 106 83 63 50 49 98 73 49 31 30 95 68 42 16 15 96 69 44 21 20 101 77 54 38 38
25 68 41 27 11 22 19 52 37 39 33 33 12 48 26 9 7 33 40 39 31 69 7 60 46 2 24 42 28 25 54 46 7 34 79 61 35 72 64 43 56 72 10 50 29 36 29 35 27 39 28 53 21 35 20 21 28 32 60 32 16 30 5 33 51 12 12 30 49 37 45 64 0 35 67 11 20 36 22 2 47 49 18 13 75 27 19 32 70 28 54 58 54 32 36 29 29 32 27 42 46 33 38 57 81 35 13 24 49 75 35 12 24 49 75 46 32 38 57 81 63 53 57 71 91
34 34 31 10 44 13 36 29 12 39 33 5 33 15 12 35 28 24 13 5 20 35 33 26 22 34 11 31 14 26 30 20 32 2 45 27 14 38 30 19 25 38 26 19 7 21 29 18 10 26 35 29 17 5 52 28 9 20 35 39 23 6 31 24 28 35 37 21 21 3 15 31 35 0 34 33 23 30 15 35 18 26 18 29 41 29 16 12 36 41 20 25 22 13 3 12 26 13 61 27 76 54 38 38 53 69 43 20 20 43 68 41 16 15 41 73 49 31 31 49 83 64 51 51 63
66 3 46 42 77 46 69 30 38 57 61 35 66 20 42 69 61 51 29 29 42 11 66 9 29 67 44 44 45 51 28 28 65 35 14 13 35 11 12 31 16 5 58 19 38 39 51 38 43 41 66 28 47 32 85 60 42 49 26 60 56 39 64 45 29 68 67 50 24 32 23 4 67 34 0 66 51 48 48 67 23 29 51 62 17 59 48 37 5 65 18 10 15 37 32 40 48 38 94 40 109 85 65 50 47 102 76 52 32 27 98 72 45 19 11 100 73 48 24 19 105 81 58 41 38
15 66 47 24 15 21 9 55 32 47 23 33 2 47 27 4 9 25 41 37 35 66 5 58 48 9 23 48 22 32 57 48 5 32 77 58 37 70 61 45 56 71 12 51 29 40 36 38 24 44 18 56 23 35 20 12 25 24 63 41 11 27 8 38 54 2 23 22 50 35 46 63 11 33 66 0 25 43 18 13 48 52 16 5 72 18 20 33 68 38 51 57 54 34 35 31 35 34 30 46 44 25 28 49 74 38 11 17 44 70 43 23 26 48 73 56 43 44 60 81 73 63 64 75 93
36 52 22 20 30 13 33 32 31 23 40 19 26 33 11 26 17 35 23 26 12 55 23 45 27 20 14 23 24 7 35 27 22 22 64 47 17 58 51 24 38 56 14 33 16 16 11 15 19 20 38 34 7 21 40 29 21 32 41 19 20 20 19 13 32 27 17 31 30 24 28 48 20 23 51 25 0 18 18 19 29 30 15 24 62 34 11 14 54 20 41 42 37 14 23 12 10 14 46 22 66 50 46 56 75 53 32 25 41 65 48 21 7 34 60 51 28 20 38 63 62 45 40 51 71
53 49 5 33 46 28 50 21 42 10 56 26 44 32 22 43 34 49 22 31 11 54 40 44 19 37 27 6 38 12 24 20 39 30 61 48 18 57 51 18 32 51 31 30 25 10 8 13 32 7 55 23 22 27 56 46 33 46 29 13 37 31 37 7 21 45 29 45 24 31 26 44 36 30 48 43 18 0 33 35 26 20 32 41 62 50 27 19 52 19 44 38 33 18 29 20 8 17 60 9 82 67 62 67 82 67 49 41 49 67 57 33 20 34 58 54 27 2 28 54 58 35 23 36 59
21 49 36 7 30 6 22 40 16 40 23 16 18 30 13 21 15 17 25 20 24 49 19 41 33 20 7 37 7 24 42 32 18 14 59 41 22 52 44 30 39 53 13 33 12 27 28 25 6 33 23 41 12 18 37 15 7 14 47 37 8 10 18 27 39 20 28 13 34 17 29 46 22 15 48 18 18 33 0 22 31 37 5 14 55 17 7 19 50 37 33 40 37 20 17 16 26 20 47 34 61 40 29 39 61 55 28 8 28 54 56 31 14 30 55 64 44 35 44 64 78 62 56 62 77
27 68 39 28 11 22 21 51 38 37 35 33 14 48 26 11 8 35 40 40 30 69 9 60 45 4 25 41 29 24 53 45 9 34 79 61 35 73 65 42 55 72 10 50 30 35 28 34 27 38 30 52 21 36 21 23 29 33 59 30 17 30 7 32 50 14 11 31 48 37 45 64 2 35 67 13 19 35 22 0 47 49 18 15 76 29 20 31 70 27 54 58 54 32 36 29 28 32 27 41 47 35 40 59 82 35 14 25 50 76 34 11 23 49 76 44 31 37 57 81 61 51 55 70 90
51 25 24 26 57 27 53 14 28 35 50 16 48 8 22 50 41 41 7 15 20 29 47 19 8 47 25 23 31 28 14 6 46 19 37 23 12 32 26 8 9 27 38 5 19 17 29 16 26 19 53 13 26 14 66 45 26 38 17 38 39 23 45 22 12 50 45 38 4 17 3 19 47 18 23 48 29 26 31 47 0 11 33 44 37 46 29 16 27 43 20 14 9 15 15 18 26 16 73 19 91 70 55 50 59 81 57 37 30 43 76 50 24 10 33 77 51 26 14 34 83 60 41 34 46
58 32 17 34 59 32 58 3 38 28 58 23 53 19 26 54 44 49 14 24 19 38 51 27 5 49 31 16 39 27 5 7 50 27 43 33 16 39 35 8 14 32 42 14 26 14 25 15 33 13 60 4 29 22 69 52 34 46 11 33 44 30 48 19 2 54 45 46 8 26 14 25 49 26 29 52 30 20 37 49 11 0 38 50 45 53 33 20 34 38 30 21 16 18 24 22 23 19 75 12 95 76 63 61 69 83 61 44 40 52 75 50 27 20 40 73 46 19 9 35 76 52 30 25 42
22 52 35 10 27 6 21 41 20 38 25 18 16 32 13 18 11 20 26 23 23 52 16 44 34 17 8 36 11 22 42 33 14 17 62 44 23 55 47 30 41 56 9 36 14 27 26 24 10 32 24 41 11 20 34 15 11 18 48 34 7 13 14 26 40 17 23 16 35 20 31 48 18 18 51 16 15 32 5 18 33 38 0 12 58 19 5 19 53 34 37 42 39 20 20 16 24 20 43 33 59 39 31 43 65 51 25 10 32 58 52 26 13 33 59 60 41 33 45 66 74 59 54 62 78
13 62 45 20 19 18 9 52 28 46 20 29 4 44 24 8 9 21 38 34 33 62 7 54 45 11 20 46 18 30 54 45 7 28 72 54 34 65 57 42 53 67 11 47 26 38 35 35 20 42 16 53 21 31 24 9 20 20 60 41 7 24 9 36 51 6 24 18 47 31 42 59 13 29 62 5 24 41 14 15 44 50 12 0 68 15 17 30 64 38 47 54 50 32 31 28 33 31 34 44 47 27 26 45 70 42 15 13 39 66 46 25 24 44 69 59 44 43 57 77 75 64 63 73 90
68 14 60 49 84 54 73 46 41 71 62 44 71 30 52 75 68 53 41 37 55 8 73 19 43 74 52 59 50 63 44 42 72 42 9 15 47 6 12 44 32 17 66 32 47 52 64 51 49 55 67 44 57 41 91 64 48 51 42 74 62 46 72 58 45 73 77 53 38 39 36 20 75 41 17 72 62 62 55 76 37 45 58 68 0 61 57 48 12 78 22 24 29 49 40 50 61 49 101 55 113 88 64 43 33 109 82 56 30 12 108 82 55 29 9 112 86 62 41 30 119 96 74 57 50
8 58 53 20 32 23 14 56 21 56 7 31 17 42 29 21 22 9 40 32 40 56 21 51 49 26 24 54 15 40 57 48 21 28 67 49 38 60 51 46 53 64 23 47 28 44 44 41 21 49 8 56 29 32 34 7 20 11 62 52 14 24 23 44 55 18 38 9 49 30 43 57 27 29 59 18 34 50 17 29 46 53 19 15 61 0 24 35 59 51 42 52 50 36 31 33 42 36 45 51 53 27 13 32 58 52 26 10 31 57 60 39 31 42 64 73 57 51 59 76 89 77 72 78 91
27 49 30 10 29 3 25 36 21 34 30 14 20 29 8 21 13 24 22 20 18 50 19 41 29 19 5 31 14 17 38 28 18 15 60 42 18 53 45 26 37 53 10 32 11 22 22 19 9 27 29 37 6 17 37 20 11 21 43 30 11 12 16 21 35 21 22 20 31 18 27 45 19 16 48 20 11 27 7 20 29 33 5 17 57 24 0 14 51 30 35 39 35 15 17 11 19 15 46 29 63 43 35 46 66 54 29 15 32 58 52 26 8 30 56 59 38 28 40 62 72 55 49 57 74
39 38 20 16 42 13 39 22 23 28 40 8 34 19 7 35 26 32 9 14 9 41 32 31 15 31 12 20 21 15 24 15 31 12 50 34 4 44 37 12 24 42 23 20 8 10 18 7 15 16 41 23 11 9 51 33 16 29 30 28 25 13 30 13 21 35 30 29 17 13 15 34 32 12 37 33 14 19 19 31 16 20 19 30 48 35 14 0 41 31 28 28 23 2 11 3 14 2 58 17 76 57 46 49 64 66 42 26 31 52 62 35 9 20 46 64 39 20 27 50 73 52 40 44 60
66 3 50 44 79 48 70 35 38 61 61 37 68 22 45 70 63 52 32 31 46 7 68 10 33 69 46 49 47 55 33 32 67 37 10 11 38 6 10 35 21 7 61 23 41 43 55 42 44 45 66 32 50 35 87 61 44 49 31 64 58 41 66 48 34 69 70 51 28 33 27 9 70 36 5 68 54 52 50 70 27 34 53 64 12 59 51 41 0 69 18 14 19 41 34 43 52 41 96 44 110 86 64 48 43 104 78 53 31 23 102 75 48 21 6 103 77 52 29 21 109 85 63 46 41
51 67 23 39 35 33 46 40 50 14 57 37 39 48 30 36 30 53 38 44 24 71 34 60 38 30 34 25 44 16 42 38 34 41 79 64 32 73 67 35 50 69 28 47 35 27 14 28 39 26 54 42 26 39 45 46 40 51 48 7 37 39 31 21 40 39 17 49 42 43 43 61 28 41 65 38 20 19 37 27 43 38 34 38 78 51 30 31 69 0 58 56 51 30 41 30 17 30 46 27 70 61 63 75 94 52 40 44 60 82 39 20 26 49 75 35 9 20 46 73 43 26 31 52 77
49 17 43 27 63 33 53 33 21 53 44 22 51 12 31 54 47 34 22 16 35 16 52 10 27 53 30 42 29 43 32 26 51 21 26 8 27 19 11 27 20 23 45 17 26 34 45 32 28 38 49 31 36 21 70 44 27 32 33 55 41 25 50 39 31 52 56 33 23 18 18 17 54 20 18 51 41 44 33 54 20 30 37 47 22 42 35 28 18 58 0 14 16 29 19 29 42 29 80 38 93 69 47 34 39 88 61 36 14 25 87 60 34 11 23 91 67 44 30 36 100 78 60 50 54
58 12 37 34 68 37 61 22 31 48 55 25 58 10 33 60 52 45 19 21 33 17 57 7 20 57 35 35 38 41 21 18 56 26 24 13 25 19 15 21 8 14 49 9 29 30 42 29 34 32 59 20 38 23 76 52 34 42 20 51 48 31 55 35 21 59 58 43 15 23 14 6 58 25 10 57 42 38 40 58 14 21 42 54 24 52 39 28 14 56 14 0 6 28 23 30 39 28 85 31 101 78 59 48 50 93 67 44 28 32 89 62 36 10 20 90 64 39 18 25 96 72 51 38 41
56 17 32 31 64 33 58 18 30 43 54 22 54 8 29 56 48 44 14 18 28 22 54 11 14 54 31 30 35 36 16 13 53 23 29 17 20 24 19 16 5 19 45 4 26 25 37 24 31 27 57 16 34 20 72 50 31 41 17 46 44 28 51 30 17 56 53 42 10 21 9 11 54 22 15 54 37 33 37 54 9 16 39 50 29 50 35 23 19 51 16 6 0 23 20 26 34 24 81 26 97 75 58 49 54 89 64 42 29 37 84 58 31 8 25 85 59 34 14 27 91 67 46 35 42
41 38 19 17 43 15 40 21 25 27 42 9 35 19 8 36 27 34 9 15 8 42 33 31 14 32 13 19 23 15 23 14 32 13 50 34 4 44 37 11 24 42 24 19 9 9 17 6 17 14 42 22 12 10 51 34 17 31 29 27 26 15 30 11 20 36 31 30 17 14 14 34 32 13 37 34 14 18 20 32 15 18 20 32 49 36 15 2 41 30 29 28 23 0 12 4 14 1 59 16 77 58 47 50 65 67 43 27 32 53 62 35 9 20 46 64 39 19 26 49 72 51 39 42 59
37 32 30 12 46 15 39 27 15 38 36 4 35 13 12 37 30 26 10 4 19 34 35 24 19 35 13 30 16 25 27 18 34 4 43 26 12 37 29 17 23 37 27 17 7 19 28 16 12 25 38 26 17 3 54 31 12 23 32 38 25 8 33 23 25 36 38 23 18 3 13 29 36 3 32 35 23 29 17 36 15 24 20 31 40 31 17 11 34 41 19 23 20 12 0 11 25 12 62 25 78 56 40 39 54 70 45 22 21 43 69 42 16 13 40 73 49 30 29 47 83 63 49 48 61
37 41 22 14 39 11 36 25 22 28 38 8 31 21 4 32 23 31 12 14 9 43 29 33 18 29 9 22 19 15 27 18 28 11 52 35 7 46 39 15 27 44 20 22 6 12 17 9 13 17 39 26 8 9 48 30 14 27 33 27 22 12 27 13 24 32 28 27 20 13 17 36 29 12 40 31 12 20 16 29 18 22 16 28 50 33 11 3 43 30 29 30 26 4 11 0 14 4 55 19 74 54 44 48 64 63 40 23 31 53 59 33 6 22 48 63 38 21 29 52 72 53 42 46 63
45 50 12 26 38 21 42 25 36 15 49 21 36 31 16 35 26 42 21 28 7 54 32 43 21 29 21 14 31 4 28 22 31 25 62 47 15 57 50 19 34 52 23 30 20 10 4 11 26 11 47 27 14 23 48 38 27 39 34 14 29 25 29 5 25 37 22 38 26 27 26 45 29 26 48 35 10 8 26 28 26 23 24 33 61 42 19 14 52 17 42 39 34 14 25 14 0 13 53 14 75 59 54 62 78 61 41 33 45 66 52 27 13 32 58 52 26 10 32 58 59 39 31 43 64
40 39 19 17 42 14 40 22 25 26 42 9 35 19 8 35 26 34 10 15 7 42 33 32 15 32 13 19 23 14 23 14 32 13 51 35 4 45 38 11 24 42 24 20 9 8 16 6 17 14 42 22 11 10 51 34 17 31 29 26 26 15 30 11 21 36 30 30 17 15 15 34 32 13 38 34 14 17 20 32 16 19 20 31 49 36 15 2 41 30 29 28 24 1 12 4 13 0 58 16 77 58 47 50 66 66 43 27 32 53 61 35 9 21 47 63 38 18 26 50 72 51 39 43 60
39 94 64 53 17 48 32 77 61 59 49 60 30 75 52 27 33 53 67 65 57 95 28 86 72 28 50 66 52 50 80 72 29 60 105 87 62 98 90 69 82 98 36 77 56 61 52 60 52 64 42 79 47 62 12 40 53 53 86 52 39 56 30 57 77 29 32 51 75 63 72 90 27 61 94 30 46 60 47 27 73 75 43 34 101 45 46 58 96 46 80 85 81 59 62 55 53 58 0 66 25 31 52 77 102 8 20 46 73 100 21 27 50 75 101 42 45 61 83 107 63 65 77 95 117
55 42 6 32 51 29 53 13 39 17 57 23 47 26 22 47 38 49 17 27 11 47 44 37 12 42 28 5 38 17 16 13 43 28 54 42 14 49 44 11 24 43 35 23 24 8 15 10 32 3 57 15 24 23 61 48 32 46 21 21 39 30 41 9 13 48 35 45 17 28 20 36 42 27 40 46 22 9 34 41 19 12 33 44 55 51 29 17 44 27 38 31 26 16 25 19 14 16 66 0 87 71 62 64 76 74 54 41 45 61 65 40 21 28 50 62 35 8 20 46 66 42 24 30 51
46 109 86 67 37 65 41 97 73 82 53 76 44 91 70 42 51 61 85 80 77 108 45 101 91 46 67 88 64 71 99 91 46 75 119 100 80 112 103 88 100 114 54 94 72 82 74 80 67 85 47 98 66 78 27 50 67 63 105 75 54 70 47 78 97 42 54 61 93 78 89 106 46 76 109 44 66 82 61 47 91 95 59 47 113 53 63 76 110 70 93 101 97 77 78 74 75 77 25 87 0 27 54 81 107 22 35 58 83 109 43 51 69 91 115 64 70 83 102 124 86 89 100 117 136
20 85 71 45 28 44 18 79 48 71 27 55 24 68 51 25 34 36 64 58 60 83 28 77 72 32 46 72 41 56 81 71 29 53 94 76 61 87 78 69 78 90 37 72 52 64 60 62 45 69 21 80 48 57 21 26 45 37 86 65 33 48 32 63 78 23 44 36 73 55 68 83 33 54 85 25 50 67 40 35 70 76 39 27 88 27 43 57 86 61 69 78 75 58 56 54 59 58 31 71 27 0 27 54 81 35 22 34 58 83 51 43 50 68 91 70 64 69 83 102 89 85 89 100 116
14 64 65 31 41 34 22 66 28 68 6 41 27 50 41 31 34 15 50 41 52 60 32 57 59 37 35 65 25 52 67 58 32 37 71 53 49 64 56 56 61 69 35 56 39 55 56 52 31 61 11 66 41 42 40 18 30 18 72 64 26 34 34 56 65 28 49 18 58 39 52 63 38 38 65 28 46 62 29 40 55 63 31 26 64 13 35 46 64 63 47 59 58 47 40 44 54 47 52 62 54 27 0 27 54 58 34 21 34 58 69 50 42 50 68 83 69 63 68 82 100 89 84 88 99
38 48 69 37 63 43 45 63 26 76 29 42 48 43 47 52 51 25 48 38 57 42 52 43 56 56 42 68 32 61 63 55 51 38 52 38 51 45 39 55 53 54 51 49 43 58 65 55 37 63 36 62 50 42 65 38 36 26 66 74 42 37 53 61 62 49 66 28 54 37 47 50 57 38 50 49 56 67 39 59 50 61 43 45 43 32 46 49 48 75 34 48 49 50 39 48 62 50 77 64 81 54 27 0 27 83 58 34 21 34 91 68 50 42 50 102 83 68 63 68 117 100 88 83 87
64 45 82 56 88 63 71 71 45 91 55 57 73 51 64 77 74 49 60 51 72 37 76 44 66 79 61 81 54 78 70 64 76 54 41 38 64 38 36 66 58 49 73 55 60 72 81 69 57 76 62 69 69 56 91 63 56 50 70 91 66 55 77 76 70 74 88 52 62 52 57 49 81 53 47 74 75 82 61 82 59 69 65 70 33 58 66 64 43 94 39 50 54 65 54 64 78 66 102 76 107 81 54 27 0 109 83 58 34 21 115 91 68 50 42 124 102 82 68 62 136 116 99 87 83
46 102 72 61 25 56 39 85 69 66 55 68 38 83 60 34 41 60 75 73 65 103 36 94 80 36 58 73 59 57 87 80 37 68 113 95 70 106 98 77 90 106 44 85 64 69 60 68 60 72 48 87 55 70 19 47 61 61 94 58 47 64 38 65 84 36 39 58 83 71 80 98 35 69 102 38 53 67 55 35 81 83 51 42 109 52 54 66 104 52 88 93 89 67 70 63 61 66 8 74 22 35 58 83 109 0 27 54 81 107 22 35 58 83 109 43 51 69 91 115 64 70 83 102 124
21 76 53 34 7 31 13 63 42 51 30 43 11 57 36 8 17 34 51 48 43 76 11 68 57 12 33 54 33 38 65 56 12 42 87 68 46 80 71 54 66 81 20 60 39 48 41 46 34 51 24 64 32 45 9 21 35 34 71 44 21 38 13 45 62 10 24 32 59 45 55 73 13 43 76 11 32 49 28 14 57 61 25 15 82 26 29 42 78 40 61 67 64 43 45 40 41 43 20 54 35 22 34 58 83 27 0 27 54 81 35 22 34 58 83 51 43 50 68 91 70 64 69 83 102
15 52 44 11 31 14 18 47 16 48 16 22 16 34 20 20 17 11 31 24 31 51 19 44 39 22 14 44 7 32 48 38 18 19 61 43 29 54 46 37 45 57 17 39 19 34 36 32 11 40 16 47 20 23 36 9 11 9 53 44 8 15 19 35 46 18 32 7 40 21 34 49 24 20 52 17 25 41 8 25 37 44 10 13 56 10 15 26 53 44 36 44 42 27 22 23 33 27 46 41 58 34 21 34 58 54 27 0 27 54 58 34 21 34 58 69 50 42 50 68 83 69 63 68 82
38 30 50 23 57 30 44 43 12 58 32 24 43 22 31 47 42 23 29 18 39 27 45 24 36 48 28 49 22 45 43 35 44 20 37 20 32 30 22 35 33 36 40 28 26 39 48 37 24 44 38 42 35 23 62 34 22 21 45 58 34 22 45 43 42 45 54 23 33 18 27 31 49 20 32 44 41 49 28 50 30 40 32 39 30 31 32 31 31 60 14 28 29 32 21 31 45 32 73 45 83 58 34 21 34 81 54 27 0 27 83 58 34 21 34 91 68 50 42 50 102 83 68 63 68
64 25 67 49 84 55 70 54 39 77 57 46 70 36 54 73 68 49 46 39 59 17 72 26 50 74 53 66 48 67 52 49 71 44 21 20 51 18 18 51 40 28 66 39 49 58 69 56 49 62 63 52 59 44 89 61 48 48 52 79 61 47 71 63 53 71 79 50 46 41 42 30 75 43 27 70 65 67 54 76 43 52 58 66 12 57 58 52 23 82 25 32 37 53 43 53 66 53 100 61 109 83 58 34 21 107 81 54 27 0 109 83 58 34 21 115 91 68 50 42 124 102 82 68 62
55 99 61 61 29 55 47 77 72 53 64 65 44 80 57 39 42 67 70 72 58 102 39 92 73 36 57 63 62 49 79 73 40 67 111 94 64 105 97 70 85 103 43 80 62 62 50 62 61 63 58 79 52 67 31 54 62 66 85 46 50 63 39 57 76 42 32 64 77 70 76 95 35 68 98 43 48 57 56 34 76 75 52 46 108 60 52 62 102 39 87 89 84 62 69 59 52 61 21 65 43 51 69 91 115 22 35 58 83 109 0 27 54 81 107 22 35 58 83 109 43 51 69 91 115
37 73 38 35 16 29 30 52 46 32 45 39 24 53 31 20 18 44 44 45 32 75 19 65 47 14 31 39 37 24 54 47 19 40 84 67 38 78 70 44 58 76 18 54 35 36 26 36 35 38 40 53 25 41 26 33 36 43 60 25 27 37 17 31 51 24 5 41 51 43 49 68 12 41 72 23 21 33 31 11 50 50 26 25 82 39 26 35 75 20 60 62 58 35 42 33 27 35 27 40 51 43 50 68 91 35 22 34 58 83 27 0 27 54 81 35 22 34 58 83 51 43 50 68 91
34 46 23 14 34 8 32 30 24 27 37 12 27 26 4 27 18 30 18 19 10 48 25 39 23 23 8 24 19 12 31 23 23 15 58 41 12 51 44 20 33 50 15 28 9 14 15 12 13 19 36 30 3 14 43 27 15 27 37 25 19 14 22 14 29 28 23 26 26 18 23 42 24 16 45 26 7 20 14 23 24 27 13 24 55 31 8 9 48 26 34 36 31 9 16 6 13 9 50 21 69 50 42 50 68 58 34 21 34 58 54 27 0 27 54 58 34 21 34 58 69 50 42 50 68
49 19 33 24 59 28 51 23 22 43 46 16 48 2 24 50 42 36 12 11 26 22 48 12 17 48 25 32 28 34 22 15 47 17 31 15 18 25 18 17 12 24 40 7 20 24 36 22 25 28 49 21 29 14 67 43 24 33 24 45 38 21 46 29 21 49 49 34 13 14 8 16 49 15 19 48 34 34 30 49 10 20 33 44 29 42 30 20 21 49 11 10 8 20 13 22 32 21 75 28 91 68 50 42 50 83 58 34 21 34 81 54 27 0 27 83 58 34 21 34 91 68 50 42 50
71 9 56 49 85 54 75 40 43 67 65 43 73 28 51 76 68 56 38 37 52 8 74 16 39 74 52 54 51 60 38 38 72 42 4 16 44 5 13 41 26 9 66 28 46 49 61 48 50 51 71 38 56 40 92 66 49 54 35 70 63 46 72 54 39 74 76 55 34 39 33 15 75 41 11 73 60 58 55 76 33 40 59 69 9 64 56 46 6 75 23 20 25 46 40 48 58 47 101 50 115 91 68 50 42 109 83 58 34 21 107 81 54 27 0 109 83 58 34 21 115 91 68 50 42
70 101 57 69 44 62 62 74 80 46 78 70 57 82 62 53 52 78 72 76 58 105 52 94 72 48 64 58 71 50 76 73 52 72 113 97 66 108 101 70 84 104 52 81 67 61 49 62 68 60 73 76 57 71 49 67 69 77 82 41 61 70 50 56 74 56 37 75 76 75 77 96 46 73 100 56 51 54 64 44 77 73 60 59 112 73 59 64 103 35 91 90 85 64 73 63 52 63 42 62 64 70 83 102 124 43 51 69 91 115 22 35 58 83 109 0 27 54 81 107 22 35 58 83 109
56 75 30 47 37 40 51 47 58 20 63 46 44 57 38 41 35 60 46 52 32 79 39 69 46 34 41 32 51 24 50 46 38 49 87 72 40 82 75 43 58 77 34 55 43 35 23 36 46 33 60 49 34 47 46 51 48 58 55 14 43 47 36 29 47 44 21 56 50 51 51 69 32 49 73 43 28 27 44 31 51 46 41 44 86 57 38 39 77 9 67 64 59 39 49 38 26 38 45 35 70 64 69 83 102 51 43 50 68 91 35 22 34 58 83 27 0 27 54 81 35 22 34 58 83
54 50 4 34 47 29 52 20 43 10 58 27 45 33 23 44 35 51 23 32 12 55 42 44 20 39 29 5 40 13 23 21 41 31 61 49 19 57 51 18 32 51 33 30 27 11 10 14 33 7 57 23 23 28 57 48 35 48 29 14 39 32 38 8 20 46 30 47 24 32 27 44 38 31 48 44 20 2 35 37 26 19 33 43 62 51 28 20 52 20 44 39 34 19 30 21 10 18 61 8 83 69 63 68 82 69 50 42 50 68 58 34 21 34 58 54 27 0 27 54 58 34 21 34 58
64 27 24 39 67 39 65 7 41 35 64 29 60 20 33 61 52 54 19 28 27 34 58 24 12 57 37 23 44 35 5 12 57 32 38 30 23 35 32 15 10 26 49 15 32 22 34 23 39 21 66 5 37 27 77 58 39 51 4 40 51 36 55 27 7 61 53 52 11 30 17 21 57 31 24 60 38 28 44 57 14 9 45 57 41 59 40 27 29 46 30 18 14 26 29 29 32 26 83 20 102 83 68 63 68 91 68 50 42 50 83 58 34 21 34 81 54 27 0 27 83 58 34 21 34
82 20 51 58 91 60 85 34 55 62 79 49 81 34 55 83 75 69 41 45 52 27 81 26 37 80 58 49 62 61 31 37 79 50 22 31 46 25 30 40 26 15 72 31 52 48 60 48 58 48 83 32 60 47 99 76 58 66 26 67 71 54 78 53 34 83 79 67 33 47 36 20 81 49 19 81 63 54 64 81 34 35 66 77 30 76 62 50 21 73 36 25 27 49 47 52 58 50 107 46 124 102 82 68 62 115 91 68 50 42 109 83 58 34 21 107 81 54 27 0 109 83 58 34 21
87 107 60 81 63 74 80 77 92 49 95 80 74 90 72 70 67 93 79 86 65 112 69 101 77 64 76 61 85 58 79 78 69 83 119 105 74 114 108 75 89 108 67 88 77 67 56 69 80 65 90 79 68 81 69 83 82 91 84 46 76 81 67 62 77 74 52 90 82 85 84 101 63 83 105 73 62 58 78 61 83 76 74 75 119 89 72 73 109 43 100 96 91 72 83 72 59 72 63 66 86 89 100 117 136 64 70 83 102 124 43 51 69 91 115 22 35 58 83 109 0 27 54 81 107
77 83 36 64 58 57 71 51 74 25 83 60 65 67 54 61 55 79 57 65 44 88 59 78 53 55 58 37 68 39 54 54 59 63 94 82 52 90 85 52 65 83 54 64 58 45 36 47 63 41 80 54 51 61 67 71 64 76 58 26 63 63 56 41 52 65 41 75 58 65 61 77 53 64 81 63 45 35 62 51 60 52 59 64 96 77 55 52 85 26 78 72 67 51 63 53 39 51 65 42 89 85 89 100 116 70 64 69 83 102 51 43 50 68 91 35 22 34 58 83 27 0 27 54 81
75 60 20 55 65 50 72 29 63 19 78 47 65 49 44 64 55 72 40 51 33 67 61 57 34 58 50 20 60 33 31 35 60 51 71 63 38 68 65 34 43 60 53 44 47 31 29 34 54 25 78 31 44 47 75 68 55 68 34 26 60 53 58 29 30 66 47 68 38 52 43 54 57 51 58 64 40 23 56 55 41 30 54 63 74 72 49 40 63 31 60 51 46 39 49 42 31 39 77 24 100 89 84 88 99 83 69 63 68 82 69 50 42 50 68 58 34 21 34 58 54 27 0 27 54
82 44 31 58 81 56 82 22 62 39 83 48 76 41 50 76 67 74 38 48 41 51 73 44 30 71 55 30 63 46 21 31 72 51 52 50 40 51 51 32 31 41 64 35 50 36 43 38 58 32 84 22 52 47 90 76 58 71 18 46 68 55 70 39 23 77 64 71 31 50 37 38 71 51 41 75 51 36 62 70 34 25 62 73 57 78 57 44 46 52 50 38 35 42 48 46 43 43 95 30 117 100 88 83 87 102 83 68 63 68 91 68 50 42 50 83 58 34 21 34 81 54 27 0 27
97 40 55 72 101 73 98 40 71 64 95 62 94 49 67 95 86 85 52 59 60 47 92 45 46 91 71 53 76 68 37 46 91 64 42 50 56 45 50 49 38 35 83 44 65 56 66 57 72 53 98 38 71 60 110 91 72 82 31 70 84 68 89 60 40 95 86 83 44 62 49 38 91 63 38 93 71 59 77 90 46 42 78 90 50 91 74 60 41 77 54 41 42 59 61 63 64 60 117 51 136 116 99 87 83 124 102 82 68 62 115 91 68 50 42 109 83 58 34 21 107 81 54 27 0
