0 54 29 65 62 25 37 4 43 42 36 43 28 33 69 17 11 54 44 6 33 47 62 41 73 68 15 37 45 57 30 46 44 73 39 39 32 17 36 67 32 65 9 32 16 35 40 67 12 37 8 49 33 61 69 41 38 7 37 62 38 38 31 54 70 19 14 43 38 15 57 46 28 17 72 65 12 38 48 52 32 35 42 59 34 47 35 32 30 62 36 47 38 45 39 34 35 56 21 29 97 72 48 31 31 93 67 40 15 16 94 68 42 19 20 99 75 53 37 38 109 87 68 57 57
54 0 44 14 28 41 47 58 49 41 37 29 48 29 17 38 51 34 59 59 36 32 40 16 26 49 52 29 31 50 40 44 12 76 16 29 34 64 65 16 25 21 49 39 61 60 35 21 59 20 50 5 38 21 22 14 49 60 41 16 39 32 27 54 18 36 54 36 56 68 49 34 50 52 24 48 49 33 30 46 35 40 13 47 20 25 37 24 33 19 25 29 29 23 66 27 35 8 56 41 44 19 16 40 66 44 19 16 40 66 53 36 34 50 72 68 55 54 65 83 86 76 75 83 98
29 44 0 51 40 6 9 32 15 14 9 20 5 16 54 20 19 28 19 30 8 22 35 29 54 40 17 17 21 28 4 17 32 46 36 17 10 28 22 51 21 46 21 6 25 17 14 48 25 25 22 39 7 42 51 32 10 33 9 44 11 14 18 25 55 19 19 17 14 39 28 20 7 15 54 37 18 14 24 23 10 7 32 31 32 25 9 22 12 43 19 23 16 25 23 17 11 42 17 4 83 62 48 46 59 74 49 29 27 45 70 43 16 12 38 72 46 24 21 42 80 58 42 41 54
65 14 51 0 22 49 52 69 52 44 43 32 55 36 4 48 61 33 63 70 43 34 36 25 13 45 61 35 33 50 47 46 21 74 29 35 41 74 71 4 34 12 59 46 71 66 39 11 69 29 61 17 44 14 11 25 54 72 45 9 44 37 36 55 5 47 64 39 61 79 49 36 57 61 11 45 59 38 31 47 42 46 23 46 33 27 43 34 41 12 33 31 35 27 72 35 41 10 65 48 33 15 28 53 79 31 8 25 52 78 42 29 37 58 83 58 50 55 71 92 77 71 75 87 104
62 28 40 22 0 40 38 66 36 29 31 20 44 29 23 46 55 14 46 66 32 19 15 26 17 24 54 26 19 30 37 29 24 54 36 25 32 67 58 20 32 11 54 35 63 52 26 13 63 28 56 27 33 8 15 29 39 68 32 14 30 26 32 36 24 44 57 24 46 75 29 20 46 53 18 24 53 27 16 28 32 33 27 25 38 16 31 32 33 10 26 17 26 18 57 28 30 20 56 38 48 36 42 61 84 35 15 27 51 77 32 9 24 50 76 43 29 36 57 81 59 50 54 70 90
25 41 6 49 40 0 14 28 20 17 11 20 8 13 53 15 16 30 25 27 9 23 37 26 53 43 14 15 22 32 6 21 30 52 32 16 9 27 25 50 17 46 17 7 23 21 16 48 23 22 18 36 9 41 50 28 16 29 13 43 14 15 14 30 54 14 17 19 19 36 32 22 10 13 54 40 15 14 25 27 9 10 29 35 28 25 10 18 9 42 17 24 16 24 27 15 11 40 17 4 82 60 44 41 54 74 48 26 21 41 71 44 18 10 37 75 50 29 25 43 84 63 48 45 57
37 47 9 52 38 14 0 40 6 9 11 20 10 20 55 29 27 25 13 38 12 20 30 33 53 33 24 19 20 20 10 11 36 38 42 18 15 34 21 52 26 46 29 10 31 15 14 48 32 30 30 43 10 41 50 36 2 40 7 45 9 15 24 17 56 28 26 14 9 46 20 18 11 22 54 30 26 15 22 16 14 8 36 24 39 25 11 27 17 43 23 22 19 26 20 22 13 44 22 11 83 65 53 54 67 72 49 33 35 53 65 39 15 19 44 66 40 16 20 44 72 50 34 36 53
4 58 32 69 66 28 40 0 45 45 39 47 30 37 73 21 13 57 45 4 36 50 65 44 77 71 16 40 49 59 33 48 48 75 43 42 35 15 36 71 36 69 12 34 15 36 43 71 11 41 11 53 36 65 73 45 40 4 40 65 41 42 35 56 74 23 15 46 39 11 59 49 30 18 76 68 14 41 52 54 35 38 46 62 38 50 38 36 34 66 40 50 41 49 39 38 38 60 21 31 101 76 52 34 31 97 71 44 19 14 98 71 45 21 17 102 78 55 37 35 111 89 69 57 55
43 49 15 52 36 20 6 45 0 9 14 21 16 23 55 34 33 23 11 43 16 19 26 35 52 28 30 22 20 15 15 7 38 33 45 20 19 39 23 52 30 45 34 15 36 18 15 47 37 33 36 45 14 40 50 39 6 46 10 45 11 17 27 11 56 33 32 14 11 51 15 17 17 28 53 26 32 17 22 11 18 11 39 19 42 26 15 31 21 42 26 22 21 27 22 25 16 45 27 17 83 65 56 59 73 70 49 36 40 59 62 37 16 25 49 61 35 10 22 48 67 44 29 35 55
42 41 14 44 29 17 9 45 9 0 8 13 17 16 47 30 32 16 19 43 11 11 22 27 44 26 30 14 11 16 12 5 30 39 38 12 13 41 29 44 23 37 33 11 38 24 7 39 38 25 35 37 9 33 42 31 11 46 5 37 4 9 21 16 48 28 32 6 18 52 16 9 19 28 45 24 31 9 14 11 12 7 31 18 35 17 9 24 16 34 18 14 13 18 29 18 9 37 29 14 75 57 49 54 70 63 41 28 37 58 57 31 7 25 51 59 33 15 28 53 67 47 36 43 62
36 37 9 43 31 11 11 39 14 8 0 11 14 10 46 23 26 20 23 38 4 13 27 23 45 33 25 9 12 23 6 12 26 45 32 9 6 37 29 43 17 37 27 5 33 24 5 40 33 20 28 33 3 33 42 26 13 40 4 36 4 6 14 23 47 21 27 8 19 47 23 12 16 23 46 30 25 5 15 18 5 3 26 25 29 17 2 18 9 34 13 14 9 17 30 12 3 34 25 8 75 55 43 47 63 65 41 23 29 51 61 34 8 20 47 64 40 22 29 51 74 54 42 46 62
43 29 20 32 20 20 20 47 21 13 11 0 24 11 36 28 35 12 31 46 13 5 20 17 34 28 34 7 3 24 17 15 18 49 28 5 12 47 40 32 16 27 35 15 43 34 7 29 43 15 37 25 13 22 31 20 22 48 14 25 12 6 15 26 36 26 37 7 29 56 23 6 27 33 35 26 34 7 6 19 12 14 20 23 26 6 11 16 14 24 9 4 6 6 40 11 10 24 36 18 64 45 38 48 67 54 30 17 34 59 52 25 6 30 57 58 36 26 39 62 70 53 47 55 73
28 48 5 55 44 8 10 30 16 17 14 24 0 20 59 22 17 32 18 28 13 26 38 33 58 42 14 21 25 30 8 20 36 46 40 21 15 25 18 55 25 50 19 10 21 13 18 53 22 29 21 44 12 46 55 36 11 30 13 49 14 19 22 26 60 21 16 21 12 36 30 24 3 13 59 40 17 18 28 25 14 11 36 33 36 30 14 25 16 47 23 28 21 29 19 22 15 46 13 8 87 66 51 48 58 78 54 33 28 43 73 47 21 10 35 75 49 25 18 38 82 59 42 37 50
33 29 16 36 29 13 20 37 23 16 10 11 20 0 40 18 26 22 32 37 8 15 31 14 41 38 26 4 13 31 12 21 17 55 22 7 6 39 37 37 7 33 26 11 35 32 11 35 34 10 27 24 10 29 38 17 22 39 14 31 13 8 5 32 41 16 29 14 28 46 31 15 22 26 41 36 25 8 16 26 7 13 17 31 19 14 9 8 5 30 4 14 5 12 38 2 8 27 29 12 69 47 34 39 57 62 36 14 24 49 61 35 12 23 48 68 45 31 37 56 80 62 52 55 69
69 17 54 4 23 53 55 73 55 47 46 36 59 40 0 52 65 35 66 74 46 37 38 29 12 46 65 38 36 52 51 49 25 76 33 38 45 78 75 4 38 13 63 49 74 69 42 11 73 33 64 21 48 16 10 29 57 75 49 11 47 41 40 58 2 50 68 42 64 83 51 39 61 65 9 46 63 42 34 50 45 49 27 48 36 31 46 38 44 14 36 34 38 30 75 38 44 13 69 52 29 13 31 56 82 28 9 29 55 82 40 30 41 62 86 57 51 58 74 95 77 72 77 90 108
17 38 20 48 46 15 29 21 34 30 23 28 22 18 52 0 14 39 39 22 20 32 48 24 56 55 16 21 30 46 19 34 28 66 24 24 18 28 36 50 15 49 12 20 25 33 26 50 22 20 13 33 21 45 52 24 30 24 26 45 26 24 15 44 53 3 19 30 33 31 45 32 23 18 56 52 12 24 33 40 19 24 26 47 19 31 22 15 16 45 20 32 22 29 39 18 22 39 23 18 81 56 35 27 41 77 50 24 7 32 78 52 28 17 35 85 62 44 37 48 96 76 62 58 65
11 51 19 61 55 16 27 13 33 32 26 35 17 26 65 14 0 45 34 12 24 38 53 36 67 58 4 29 37 47 21 36 40 63 38 31 23 14 26 62 27 59 4 22 11 25 31 61 9 32 4 46 24 55 63 37 28 14 28 56 29 30 25 43 66 15 5 34 28 21 47 37 17 6 67 56 2 30 40 42 24 26 39 50 33 39 26 27 22 56 30 39 30 38 29 28 26 52 11 19 93 69 49 36 42 87 61 36 16 26 86 60 33 9 22 90 65 42 28 34 99 76 58 48 52
54 34 28 33 14 30 25 57 23 16 20 12 32 22 35 39 45 0 33 57 22 8 9 26 30 17 44 19 10 17 26 16 26 42 37 16 23 56 45 32 27 24 46 24 52 39 15 26 52 26 47 32 22 20 28 30 26 59 20 25 18 16 26 23 36 37 46 12 33 66 16 9 34 43 32 16 44 17 7 15 23 21 29 14 37 11 20 28 25 22 21 9 18 14 44 22 20 28 44 27 61 47 46 59 79 48 28 26 46 70 42 15 13 39 66 46 24 23 44 69 58 43 42 56 77
44 59 19 63 46 25 13 45 11 19 23 31 18 32 66 39 34 33 0 43 24 30 36 45 62 36 30 31 30 22 22 18 48 30 54 30 27 36 16 62 38 55 36 22 33 12 25 58 36 42 37 55 22 51 60 48 11 45 19 55 20 27 35 15 67 38 31 25 7 49 22 28 17 28 64 33 34 26 32 20 26 20 48 27 50 36 23 39 29 53 35 33 31 37 13 34 25 55 25 23 93 76 65 65 75 80 59 45 45 59 71 46 26 26 46 67 41 14 14 40 70 45 25 24 45
6 59 30 70 66 27 38 4 43 43 38 46 28 37 74 22 12 57 43 0 35 49 64 45 77 69 14 40 48 58 32 47 49 72 44 42 34 12 33 71 36 69 12 33 12 33 42 71 8 41 10 54 35 65 73 46 38 3 39 66 40 41 35 54 75 24 13 45 37 10 58 49 27 16 77 67 13 41 51 53 35 37 47 61 40 50 37 36 33 66 40 50 41 49 36 38 38 61 18 30 102 77 54 36 34 97 71 45 20 16 97 71 44 19 14 101 76 53 34 32 109 87 67 53 52
33 36 8 43 32 9 12 36 16 11 4 13 13 8 46 20 24 22 24 35 0 15 30 22 46 36 22 9 14 26 5 15 25 48 30 9 3 35 29 43 15 38 24 3 31 24 8 40 31 18 26 32 2 34 43 25 14 37 7 36 7 7 12 26 47 18 25 11 20 44 26 14 15 21 47 33 22 6 17 21 2 5 25 28 27 17 3 16 6 35 12 16 8 17 30 10 3 34 24 6 75 54 42 44 60 66 41 22 26 49 63 36 10 18 45 67 43 25 29 50 77 57 45 47 62
47 32 22 34 19 23 20 50 19 11 13 5 26 15 37 32 38 8 30 49 15 0 16 21 34 24 37 11 2 19 19 13 22 45 32 9 15 49 40 33 20 26 38 17 45 34 8 29 45 20 40 28 15 22 31 25 21 52 14 26 12 9 19 23 37 30 39 6 28 59 19 3 28 36 35 22 37 9 3 15 15 15 24 18 31 7 13 21 17 24 14 4 10 9 40 15 12 27 38 20 64 47 42 52 72 53 30 21 38 62 49 22 6 32 59 53 31 23 39 63 65 48 43 54 73
62 40 35 36 15 37 30 65 26 22 27 20 38 31 38 48 53 9 36 64 30 16 0 34 31 10 51 27 18 16 33 20 33 39 45 24 31 63 49 35 35 26 53 31 59 44 22 27 59 34 55 38 29 23 30 37 31 66 26 28 25 24 34 23 38 46 53 19 37 73 15 16 40 50 33 9 52 24 15 16 30 28 36 11 45 19 28 36 33 24 29 17 26 22 48 30 27 33 51 34 61 51 53 67 87 46 30 34 54 78 36 11 20 46 73 38 17 24 48 74 50 36 40 57 80
41 16 29 25 26 26 33 44 35 27 23 17 33 14 29 24 36 26 45 45 22 21 34 0 33 43 37 14 19 40 25 31 4 65 12 16 19 50 50 27 10 26 34 24 46 45 21 27 44 4 36 11 23 23 29 4 35 47 26 22 25 19 12 42 30 22 40 23 41 55 39 22 35 37 33 41 34 19 20 35 20 26 4 38 12 15 22 9 18 23 11 18 15 12 51 12 21 16 41 26 58 34 22 35 58 54 27 1 28 54 57 34 21 34 58 68 50 42 50 68 83 68 63 68 82
73 26 54 13 17 53 53 77 52 44 45 34 58 41 12 56 67 30 62 77 46 34 31 33 0 38 67 39 34 46 50 45 29 69 40 38 45 80 73 10 41 8 66 49 76 68 41 6 75 36 67 28 47 13 4 34 55 79 47 12 45 40 43 52 11 54 70 39 62 87 45 36 60 66 3 38 65 41 31 44 45 48 32 41 43 29 45 41 45 12 38 31 38 30 73 40 44 19 69 52 31 24 41 64 90 21 7 33 60 87 29 21 39 63 89 46 41 53 72 96 66 62 70 86 106
68 49 40 45 24 43 33 71 28 26 33 28 42 38 46 55 58 17 36 69 36 24 10 43 38 0 56 35 26 14 38 23 42 32 54 32 37 67 50 43 44 34 59 37 63 45 29 36 64 42 61 47 35 31 37 46 33 72 31 37 30 31 42 21 47 53 58 26 38 78 14 23 44 54 40 3 57 31 24 18 37 33 45 10 54 28 34 44 40 33 37 25 34 31 48 38 34 42 55 40 67 59 62 76 95 50 38 43 61 84 37 18 27 51 77 33 8 22 49 75 42 27 34 55 79
15 52 17 61 54 14 24 16 30 30 25 34 14 26 65 16 4 44 30 14 22 37 51 37 67 56 0 29 36 44 19 33 41 59 40 30 22 13 23 62 28 59 7 20 10 21 29 61 9 33 8 47 22 55 63 38 25 16 25 56 27 29 25 40 66 17 3 32 24 23 44 36 14 3 67 53 5 28 39 39 22 23 40 47 35 39 24 28 22 56 30 38 29 38 26 27 25 52 7 17 94 71 51 40 45 87 61 37 20 29 85 58 32 5 23 88 63 39 24 32 96 73 54 44 49
37 29 17 35 26 15 19 40 22 14 9 7 21 4 38 21 29 19 31 40 9 11 27 14 39 35 29 0 10 28 13 18 17 52 24 3 7 42 37 35 10 31 29 11 38 32 8 33 37 11 30 24 10 27 35 18 21 42 13 29 12 5 8 29 39 19 32 11 28 50 27 12 23 28 39 32 28 6 12 23 7 12 18 28 22 11 9 11 7 28 4 11 2 9 38 4 7 26 31 14 67 46 35 42 61 59 33 14 27 52 58 31 9 25 51 64 42 29 37 58 76 58 50 55 70
45 31 21 33 19 22 20 49 20 11 12 3 25 13 36 30 37 10 30 48 14 2 18 19 34 26 36 10 0 21 18 14 20 46 30 7 14 48 40 33 18 26 37 16 44 34 7 29 44 18 38 27 14 22 31 23 21 50 13 26 12 7 17 24 37 28 38 6 29 57 20 4 27 35 35 24 35 8 4 17 14 14 22 20 29 6 12 19 16 24 12 3 9 8 40 13 11 26 37 19 64 46 40 51 70 53 30 20 36 61 50 23 5 31 58 55 33 24 39 62 67 50 45 54 73
57 50 28 50 30 32 20 59 15 16 23 24 30 31 52 46 47 17 22 58 26 19 16 40 46 14 44 28 21 0 27 12 41 26 51 26 28 54 36 48 38 40 48 26 50 31 21 42 52 38 49 47 25 36 44 44 20 60 20 41 20 24 35 8 52 44 46 18 25 66 2 18 31 42 48 12 46 23 21 6 28 22 43 6 49 26 24 38 31 38 32 22 27 28 34 32 25 44 42 29 77 64 61 69 85 61 44 40 52 72 50 27 20 39 64 47 20 8 35 61 52 31 25 42 66
30 40 4 47 37 6 10 33 15 12 6 17 8 12 51 19 21 26 22 32 5 19 33 25 50 38 19 13 18 27 0 16 29 47 33 13 7 31 25 48 18 43 22 2 27 20 11 45 27 22 23 36 4 38 47 28 12 34 7 41 8 11 15 25 52 18 21 14 17 41 27 18 11 18 51 35 20 11 21 22 6 5 29 30 29 22 6 19 8 40 16 20 13 21 26 14 7 39 20 2 79 59 45 45 59 70 46 26 26 46 67 40 13 14 41 70 45 25 25 46 79 58 44 44 58
46 44 17 46 29 21 11 48 7 5 12 15 20 21 49 34 36 16 18 47 15 13 20 31 45 23 33 18 14 12 16 0 33 35 42 16 17 44 30 45 27 38 37 15 40 24 10 40 41 29 38 40 14 34 43 35 11 49 9 38 9 13 25 12 49 33 35 9 18 55 12 11 21 32 46 21 35 13 15 7 17 11 34 14 39 19 13 28 20 36 22 16 17 21 29 22 14 39 32 18 76 59 52 58 74 63 42 31 41 61 56 30 11 28 54 56 30 11 29 54 63 43 32 41 62
44 12 32 21 24 30 36 48 38 30 26 18 36 17 25 28 40 26 48 49 25 22 33 4 29 42 41 17 20 41 29 33 0 66 13 18 22 54 53 23 14 22 38 27 50 48 24 24 48 8 40 8 26 20 26 5 38 51 29 18 28 21 16 44 26 26 44 25 44 59 40 24 39 41 29 41 38 22 21 36 23 29 4 39 14 15 25 13 21 20 14 19 18 13 54 15 23 12 45 29 54 31 21 37 61 50 23 5 31 58 55 32 23 38 62 66 49 44 53 72 82 69 64 71 86
73 76 46 74 54 52 38 75 33 39 45 49 46 55 76 66 63 42 30 72 48 45 39 65 69 32 59 52 46 26 47 35 66 0 76 50 51 65 42 73 61 64 65 47 62 40 45 66 65 63 66 73 46 61 68 69 37 74 42 66 42 47 59 23 77 65 60 42 36 78 27 43 46 57 71 31 63 47 46 30 50 44 68 29 73 51 46 62 53 63 56 48 51 54 39 56 47 70 54 49 99 89 86 92 104 81 68 65 73 88 65 49 44 55 74 53 31 24 40 64 48 21 7 33 60
39 16 36 29 36 32 42 43 45 38 32 28 40 22 33 24 38 37 54 44 30 32 45 12 40 54 40 24 30 51 33 42 13 76 0 26 27 51 56 31 16 34 35 32 48 52 32 34 46 13 36 12 32 31 36 8 44 46 36 29 35 29 19 53 34 23 42 34 49 53 50 34 41 40 39 53 36 29 32 46 28 35 10 50 5 27 31 15 25 31 20 30 25 24 58 21 30 21 45 33 59 33 12 25 51 59 33 11 25 50 66 44 32 38 58 78 61 52 57 71 94 80 73 76 88
39 29 17 35 25 16 18 42 20 12 9 5 21 7 38 24 31 16 30 42 9 9 24 16 38 32 30 3 7 26 13 16 18 50 26 0 8 43 37 35 12 30 31 12 39 32 6 32 39 13 32 25 10 26 35 19 20 44 12 28 10 4 11 27 39 22 33 8 27 51 25 9 23 29 38 30 29 4 10 21 8 11 19 25 24 9 8 13 9 27 6 9 2 9 38 7 7 26 32 14 67 47 37 44 63 58 33 16 30 54 56 29 6 26 52 62 39 27 37 58 73 56 48 54 70
32 34 10 41 32 9 15 35 19 13 6 12 15 6 45 18 23 23 27 34 3 15 31 19 45 37 22 7 14 28 7 17 22 51 27 8 0 35 31 42 12 37 23 6 32 26 9 39 31 16 25 30 5 33 42 22 17 37 10 35 9 7 9 28 46 16 25 12 23 44 28 15 17 22 45 35 22 7 17 23 1 8 23 30 24 17 5 13 3 34 9 16 7 16 33 8 4 32 25 7 74 52 39 41 58 65 40 19 24 47 63 37 11 19 45 68 45 28 31 51 79 59 48 50 64
17 64 28 74 67 27 34 15 39 41 37 47 25 39 78 28 14 56 36 12 35 49 63 50 80 67 13 42 48 54 31 44 54 65 51 43 35 0 24 75 40 72 17 33 4 25 42 74 6 46 16 60 35 68 76 51 34 13 37 69 38 41 38 49 79 29 11 44 31 14 54 48 23 14 80 64 16 41 51 49 35 35 52 58 47 52 36 41 35 69 43 50 42 50 27 40 37 65 13 29 107 83 62 47 45 100 74 49 29 25 97 71 44 17 11 99 73 48 26 22 105 81 59 43 41
36 65 22 71 58 25 21 36 23 29 29 40 18 37 75 36 26 45 16 33 29 40 49 50 73 50 23 37 40 36 25 30 53 42 56 37 31 24 0 71 42 66 30 26 22 6 33 68 25 46 30 61 28 61 70 53 19 34 27 65 29 35 39 30 76 36 22 34 13 37 37 38 16 21 74 48 27 34 42 34 31 26 53 41 52 45 29 42 33 63 40 42 37 45 4 39 31 63 16 25 103 83 68 62 66 92 69 50 41 48 85 59 35 20 32 82 56 29 3 25 85 60 36 22 33
67 16 51 4 20 50 52 71 52 44 43 32 55 37 4 50 62 32 62 71 43 33 35 27 10 43 62 35 33 48 48 45 23 73 31 35 42 75 71 0 36 10 60 46 72 66 39 8 70 30 62 19 44 13 7 27 54 73 45 8 43 37 37 54 5 48 65 38 61 81 47 35 58 62 8 43 60 38 31 46 42 46 25 44 35 27 43 35 41 11 33 30 35 27 72 35 41 11 66 48 32 17 31 56 81 28 5 27 53 80 38 26 37 59 84 55 48 54 71 92 74 69 73 86 104
32 25 21 34 32 17 26 36 30 23 17 16 25 7 38 15 27 27 38 36 15 20 35 10 41 44 28 10 18 38 18 27 14 61 16 12 12 40 42 36 0 34 25 17 37 37 17 35 35 6 27 20 17 30 38 12 28 38 21 30 20 14 4 39 39 13 30 20 34 46 37 21 27 28 41 41 25 15 21 32 13 19 13 37 13 17 16 1 10 30 7 19 11 15 43 6 15 25 32 17 67 44 28 33 53 62 35 10 20 47 64 38 18 25 49 72 51 38 42 59 85 68 59 61 74
65 21 46 12 11 46 46 69 45 37 37 27 50 33 13 49 59 24 55 69 38 26 26 26 8 34 59 31 26 40 43 38 22 64 34 30 37 72 66 10 34 0 58 41 68 60 33 3 67 29 60 22 39 5 5 27 47 71 39 5 38 32 35 46 13 46 62 32 54 79 39 28 53 58 9 34 57 33 24 38 38 40 26 35 36 21 37 34 38 4 30 24 31 22 66 32 36 13 62 44 38 26 36 58 83 29 5 26 53 79 33 18 31 55 81 48 39 46 65 88 66 60 65 79 99
9 49 21 59 54 17 29 12 34 33 27 35 19 26 63 12 4 46 36 12 24 38 53 34 66 59 7 29 37 48 22 37 38 65 35 31 23 17 30 60 25 58 0 23 14 28 31 60 11 31 2 44 25 54 62 35 30 14 29 55 30 30 24 45 64 13 9 34 30 21 48 38 20 9 66 56 3 30 40 43 24 26 37 51 30 39 26 26 22 55 29 39 29 37 33 27 27 50 14 20 92 67 46 33 39 86 60 34 13 25 86 60 33 11 24 91 66 44 31 37 100 78 60 51 55
32 39 6 46 35 7 10 34 15 11 5 15 10 11 49 20 22 24 22 33 3 17 31 24 49 37 20 11 16 26 2 15 27 47 32 12 6 33 26 46 17 41 23 0 29 21 10 43 29 21 24 35 3 37 46 27 12 36 7 39 7 9 14 25 50 18 23 12 18 42 26 16 12 19 49 34 21 9 19 21 5 4 28 28 29 20 4 18 8 38 14 19 11 20 27 13 6 37 21 4 78 57 44 45 60 69 44 24 26 47 65 39 12 16 43 69 44 24 26 47 78 57 44 45 59
16 61 25 71 63 23 31 15 36 38 33 43 21 35 74 25 11 52 33 12 31 45 59 46 76 63 10 38 44 50 27 40 50 62 48 39 32 4 22 72 37 68 14 29 0 23 38 70 4 42 13 56 31 64 72 48 31 13 33 66 35 38 35 46 75 26 7 41 28 17 50 44 20 10 76 60 13 37 48 46 31 31 49 54 44 48 33 37 31 65 39 47 38 47 25 37 34 61 9 26 103 80 59 45 45 96 71 46 26 26 94 67 40 14 14 96 70 45 24 24 102 78 57 42 42
35 60 17 66 52 21 15 36 18 24 24 34 13 32 69 33 25 39 12 33 24 34 44 45 68 45 21 32 34 31 20 24 48 40 52 32 26 25 6 66 37 60 28 21 23 0 28 62 25 41 28 56 23 56 65 48 14 35 21 59 23 29 34 25 70 33 21 29 7 39 32 32 11 19 69 43 25 28 37 28 26 21 48 36 48 39 24 38 28 57 35 37 32 40 7 34 26 58 15 20 98 78 64 59 66 86 64 45 38 48 79 54 30 18 35 78 51 24 5 30 81 57 35 25 39
40 35 14 39 26 16 14 43 15 7 5 7 18 11 42 26 31 15 25 42 8 8 22 21 41 29 29 8 7 21 11 10 24 45 32 6 9 42 33 39 17 33 31 10 38 28 0 35 38 19 33 31 7 29 38 25 15 44 7 32 5 3 15 22 43 24 32 4 22 51 20 7 20 28 41 26 30 3 10 16 8 7 25 21 29 12 6 18 11 30 12 10 7 13 33 12 5 31 30 13 70 52 42 49 66 60 36 22 33 56 56 29 3 25 52 60 36 21 32 56 70 51 42 49 66
67 21 48 11 13 48 48 71 47 39 40 29 53 35 11 50 61 26 58 71 40 29 27 27 6 36 61 33 29 42 45 40 24 66 34 32 39 74 68 8 35 3 60 43 70 62 35 0 69 30 61 23 41 7 3 28 49 73 41 6 40 34 37 48 12 48 64 34 56 81 41 31 55 60 7 36 59 35 26 40 40 42 27 37 37 24 40 35 40 6 32 26 33 24 68 34 38 14 64 46 36 24 36 59 84 27 3 28 54 81 33 19 33 57 83 48 40 48 67 90 67 61 67 81 101
12 59 25 69 63 23 32 11 37 38 33 43 22 34 73 22 9 52 36 8 31 45 59 44 75 64 9 37 44 52 27 41 48 65 46 39 31 6 25 70 35 67 11 29 4 25 38 69 0 41 10 54 31 63 71 46 32 10 34 64 35 37 33 47 74 24 6 41 30 15 52 44 21 10 75 61 11 37 47 47 31 32 47 55 41 47 33 36 30 64 38 46 38 46 29 36 34 60 11 26 102 78 56 42 42 95 69 44 23 23 94 67 40 14 14 96 71 46 27 27 103 80 60 46 46
37 20 25 29 28 22 30 41 33 25 20 15 29 10 33 20 32 26 42 41 18 20 34 4 36 42 33 11 18 38 22 29 8 63 13 13 16 46 46 30 6 29 31 21 42 41 19 30 41 0 32 15 20 25 33 7 32 43 23 25 22 16 8 40 34 18 36 21 38 51 37 21 31 33 36 41 30 16 19 33 16 22 8 37 12 15 19 6 14 26 8 18 12 12 47 8 17 20 37 22 62 38 24 34 56 57 30 4 25 51 60 35 19 30 54 69 50 40 46 64 83 68 61 65 79
8 50 22 61 56 18 30 11 36 35 28 37 21 27 64 13 4 47 37 10 26 40 55 36 67 61 8 30 38 49 23 38 40 66 36 32 25 16 30 62 27 60 2 24 13 28 33 61 10 32 0 45 26 56 64 37 31 12 30 56 31 32 25 46 65 15 8 36 31 20 49 39 21 10 67 58 4 31 42 44 25 28 38 52 32 41 28 27 24 56 30 40 31 39 33 28 28 51 15 21 93 69 47 33 38 88 62 36 14 24 88 61 35 12 23 92 68 45 31 36 101 79 61 51 55
49 5 39 17 27 36 43 53 45 37 33 25 44 24 21 33 46 32 55 54 32 28 38 11 28 47 47 24 27 47 36 40 8 73 12 25 30 60 61 19 20 22 44 35 56 56 31 23 54 15 45 0 34 21 24 9 45 56 36 17 35 28 23 51 22 31 50 32 52 64 46 30 46 47 27 46 44 29 27 43 30 36 8 45 16 22 32 20 28 20 21 26 25 19 62 22 31 9 52 36 48 24 16 37 63 47 21 11 35 62 55 35 30 45 67 68 54 51 60 79 85 74 71 78 93
33 38 7 44 33 9 10 36 14 9 3 13 12 10 48 21 24 22 22 35 2 15 29 23 47 35 22 10 14 25 4 14 26 46 32 10 5 35 28 44 17 39 25 3 31 23 7 41 31 20 26 34 0 35 44 27 12 38 5 37 5 7 14 24 48 20 25 10 19 45 25 14 14 21 47 32 23 7 17 20 4 3 27 27 29 18 2 17 8 36 13 16 10 18 29 12 4 35 23 6 76 56 43 46 61 67 42 23 28 49 63 36 10 18 45 67 42 23 28 49 76 56 43 45 61
61 21 42 14 8 41 41 65 40 33 33 22 46 29 16 45 55 20 51 65 34 22 23 23 13 31 55 27 22 36 38 34 20 61 31 26 33 68 61 13 30 5 54 37 64 56 29 7 63 25 56 21 35 0 10 25 43 67 35 6 33 28 31 42 17 43 58 27 50 75 35 24 48 54 13 31 53 28 19 34 33 36 23 32 33 17 33 30 33 2 26 19 26 18 61 28 32 13 57 39 43 29 36 56 80 33 9 23 49 76 35 16 27 51 77 48 37 42 60 83 66 57 61 75 94
69 22 51 11 15 50 50 73 50 42 42 31 55 38 10 52 63 28 60 73 43 31 30 29 4 37 63 35 31 44 47 43 26 68 36 35 42 76 70 7 38 5 62 46 72 65 38 3 71 33 64 24 44 10 0 30 52 75 44 8 42 37 39 50 10 50 66 37 59 83 43 33 57 63 4 38 62 37 29 42 42 45 29 39 39 26 42 37 42 8 34 29 35 26 70 36 40 15 66 48 34 23 37 61 86 25 3 30 56 83 32 20 36 60 85 48 42 51 70 92 67 63 69 84 103
41 14 32 25 29 28 36 45 39 31 26 20 36 17 29 24 37 30 48 46 25 25 37 4 34 46 38 18 23 44 28 35 5 69 8 19 22 51 53 27 12 27 35 27 48 48 25 28 46 7 37 9 27 25 30 0 38 47 30 23 29 22 15 46 30 23 41 27 45 55 43 26 38 39 33 45 35 23 24 39 23 29 2 42 9 19 26 11 21 24 14 22 19 16 54 15 24 16 43 28 57 33 18 32 56 54 28 4 27 54 59 37 25 36 59 71 53 46 53 70 86 72 67 71 85
38 49 10 54 39 16 2 40 6 11 13 22 11 22 57 30 28 26 11 38 14 21 31 35 55 33 25 21 21 20 12 11 38 37 44 20 17 34 19 54 28 47 30 12 31 14 15 49 32 32 31 45 12 43 52 38 0 41 9 47 11 17 25 16 58 29 26 16 8 46 20 19 11 23 56 31 27 17 24 16 16 10 38 24 40 27 13 29 19 44 25 24 21 28 19 24 15 46 22 13 85 66 55 56 68 73 51 35 36 54 66 40 17 20 44 66 40 15 18 43 72 49 32 34 52
7 60 33 72 68 29 40 4 46 46 40 48 30 39 75 24 14 59 45 3 37 52 66 47 79 72 16 42 50 60 34 49 51 74 46 44 37 13 34 73 38 71 14 36 13 35 44 73 10 43 12 56 38 67 75 47 41 0 41 68 42 43 37 56 76 26 15 47 39 8 60 51 30 18 79 69 15 43 53 55 37 39 49 63 41 52 39 38 35 68 42 52 43 51 38 40 40 63 20 32 104 79 55 37 33 99 73 47 22 14 99 73 47 21 14 104 79 55 36 32 112 89 69 55 52
37 41 9 45 32 13 7 40 10 5 4 14 13 14 49 26 28 20 19 39 7 14 26 26 47 31 25 13 13 20 7 9 29 42 36 12 10 37 27 45 21 39 29 7 33 21 7 41 34 23 30 36 5 35 44 30 9 41 0 38 2 9 18 19 50 24 28 8 16 48 20 12 15 24 48 28 27 8 16 15 9 3 30 23 33 19 5 22 12 36 16 16 12 19 27 16 7 37 25 9 77 58 47 50 66 66 43 27 32 53 61 35 9 21 47 63 38 18 26 50 72 51 39 43 60
62 16 44 9 14 43 45 65 45 37 36 25 49 31 11 45 56 25 55 66 36 26 28 22 12 37 56 29 26 41 41 38 18 66 29 28 35 69 65 8 30 5 55 39 66 59 32 6 64 25 56 17 37 6 8 23 47 68 38 0 37 31 32 47 12 43 59 31 54 76 40 28 51 56 11 37 54 31 24 39 36 39 21 37 31 20 36 30 35 4 27 23 29 20 65 29 34 8 59 42 39 23 31 54 79 32 6 22 49 76 38 21 30 53 78 53 42 47 64 86 71 63 66 79 98
38 39 11 44 30 14 9 41 11 4 4 12 14 13 47 26 29 18 20 40 7 12 25 25 45 30 27 12 12 20 8 9 28 42 35 10 9 38 29 43 20 38 30 7 35 23 5 40 35 22 31 35 5 33 42 29 11 42 2 37 0 7 17 19 48 24 29 7 18 49 20 10 16 25 46 27 28 7 14 15 8 4 29 22 32 17 5 21 12 35 15 14 11 17 29 15 6 36 27 10 75 56 46 50 66 64 41 25 33 54 59 33 7 22 48 62 37 19 28 51 71 51 39 44 62
38 32 14 37 26 15 15 42 17 9 6 6 19 8 41 24 30 16 27 41 7 9 24 19 40 31 29 5 7 24 11 13 21 47 29 4 7 41 35 37 14 32 30 9 38 29 3 34 37 16 32 28 7 28 37 22 17 43 9 31 7 0 12 25 42 22 31 6 24 50 23 8 21 28 40 29 29 1 11 18 7 9 22 24 26 11 6 15 9 29 9 10 4 11 35 9 4 29 30 12 69 50 40 46 64 60 35 19 30 54 57 30 4 25 51 62 38 24 34 56 72 54 45 51 68
31 27 18 36 32 14 24 35 27 21 14 15 22 5 40 15 25 26 35 35 12 19 34 12 43 42 25 8 17 35 15 25 16 59 19 11 9 38 39 37 4 35 24 14 35 34 15 37 33 8 25 23 14 31 39 15 25 37 18 32 17 12 0 36 41 12 28 18 31 44 35 20 24 25 42 40 23 13 20 30 10 16 15 36 16 17 13 4 7 32 6 18 9 15 40 4 12 27 29 14 69 46 31 34 53 63 37 12 20 46 64 38 16 23 47 71 50 35 39 56 84 66 56 58 71
54 54 25 55 36 30 17 56 11 16 23 26 26 32 58 44 43 23 15 54 26 23 23 42 52 21 40 29 24 8 25 12 44 23 53 27 28 49 30 54 39 46 45 25 46 25 22 48 47 40 46 51 24 42 50 46 16 56 19 47 19 25 36 0 58 43 42 20 19 61 9 21 27 38 54 19 43 24 25 9 27 21 46 13 51 30 24 39 31 44 33 26 28 32 28 33 25 49 37 27 83 69 64 69 83 68 50 43 51 69 57 34 22 35 59 53 26 1 28 55 57 34 21 35 58
70 18 55 5 24 54 56 74 56 48 47 36 60 41 2 53 66 36 67 75 47 37 38 30 11 47 66 39 37 52 52 49 26 77 34 39 46 79 76 5 39 13 64 50 75 70 43 12 74 34 65 22 48 17 10 30 58 76 50 12 48 42 41 58 0 51 69 43 65 84 51 39 62 66 9 47 64 42 35 50 46 50 28 48 37 31 47 39 45 15 37 34 39 31 76 39 45 15 70 52 28 14 32 57 83 27 9 30 56 83 39 30 41 63 87 57 51 58 75 96 77 72 77 90 109
19 36 19 47 44 14 28 23 33 28 21 26 21 16 50 3 15 37 38 24 18 30 46 22 54 53 17 19 28 44 18 33 26 65 23 22 16 29 36 48 13 46 13 18 26 33 24 48 24 18 15 31 20 43 50 23 29 26 24 43 24 22 12 43 51 0 20 28 32 33 43 30 22 18 54 50 14 22 31 39 17 22 24 45 18 29 20 13 14 43 18 30 20 27 39 16 20 37 23 17 79 55 34 27 43 75 48 22 9 34 76 50 26 17 37 83 60 42 37 49 94 75 61 58 66
14 54 19 64 57 17 26 15 32 32 27 37 16 29 68 19 5 46 31 13 25 39 53 40 70 58 3 32 38 46 21 35 44 60 42 33 25 11 22 65 30 62 9 23 7 21 32 64 6 36 8 50 25 58 66 41 26 15 28 59 29 31 28 42 69 20 0 35 25 20 46 38 16 4 70 55 7 31 42 41 25 26 42 49 37 41 27 31 25 58 32 41 32 40 25 30 28 55 7 20 97 73 53 41 45 90 64 40 21 28 88 61 34 8 20 90 65 41 24 30 98 75 55 44 47
43 36 17 39 24 19 14 46 14 6 8 7 21 14 42 30 34 12 25 45 11 6 19 23 39 26 32 11 6 18 14 9 25 42 34 8 12 44 34 38 20 32 34 12 41 29 4 34 41 21 36 32 10 27 37 27 16 47 8 31 7 6 18 20 43 28 35 0 23 54 17 4 22 31 40 23 33 6 9 13 12 10 26 18 32 12 9 21 14 29 14 9 10 13 34 14 8 31 33 16 70 52 44 52 70 58 35 23 36 59 54 27 3 28 54 57 33 19 33 57 67 48 40 48 67
38 56 14 61 46 19 9 39 11 18 19 29 12 28 64 33 28 33 7 37 20 28 37 41 62 38 24 28 29 25 17 18 44 36 49 27 23 31 13 61 34 54 30 18 28 7 22 56 30 38 31 52 19 50 59 45 8 39 16 54 18 24 31 19 65 32 25 23 0 44 25 26 11 22 63 36 28 24 31 21 22 16 45 29 46 34 20 35 25 52 31 31 27 35 12 30 21 53 19 17 92 73 61 59 69 80 58 41 39 53 73 47 24 20 41 71 44 18 11 37 75 51 31 27 45
15 68 39 79 75 36 46 11 51 52 47 56 36 46 83 31 21 66 49 10 44 59 73 55 87 78 23 50 57 66 41 55 59 78 53 51 44 14 37 81 46 79 21 42 17 39 51 81 15 51 20 64 45 75 83 55 46 8 48 76 49 50 44 61 84 33 20 54 44 0 66 58 35 24 86 75 22 50 61 61 44 46 57 69 49 60 46 46 43 76 50 59 50 58 41 48 47 70 25 39 111 86 63 42 33 107 81 54 29 13 107 80 54 28 9 110 85 60 39 29 118 94 73 56 50
57 49 28 49 29 32 20 59 15 16 23 23 30 31 51 45 47 16 22 58 26 19 15 39 45 14 44 27 20 2 27 12 40 27 50 25 28 54 37 47 37 39 48 26 50 32 20 41 52 37 49 46 25 35 43 43 20 60 20 40 20 23 35 9 51 43 46 17 25 66 0 17 31 42 46 11 46 23 20 5 27 22 42 5 48 25 24 38 31 37 31 21 26 28 35 31 24 43 42 29 75 63 60 69 85 60 43 39 52 72 49 26 19 39 64 46 20 9 35 62 52 32 27 43 66
46 34 20 36 20 22 18 49 17 9 12 6 24 15 39 32 37 9 28 49 14 3 16 22 36 23 36 12 4 18 18 11 24 43 34 9 15 48 38 35 21 28 38 16 44 32 7 31 44 21 39 30 14 24 33 26 19 51 12 28 10 8 20 21 39 30 38 4 26 58 17 0 26 35 37 21 36 9 5 13 15 13 26 17 32 9 12 22 17 26 15 6 11 11 38 16 12 29 36 19 66 49 44 53 72 55 32 23 38 62 50 23 5 31 58 54 31 21 37 61 65 47 41 51 71
28 50 7 57 46 10 11 30 17 19 16 27 3 22 61 23 17 34 17 27 15 28 40 35 60 44 14 23 27 31 11 21 39 46 41 23 17 23 16 58 27 53 20 12 20 11 20 55 21 31 21 46 14 48 57 38 11 30 15 51 16 21 24 27 62 22 16 22 11 35 31 26 0 12 61 41 17 20 30 27 16 13 38 35 37 32 16 27 18 49 26 30 23 31 17 24 17 49 11 10 89 69 53 49 58 80 56 35 28 43 75 49 23 9 34 76 50 26 16 36 83 60 41 36 48
17 52 15 61 53 13 22 18 28 28 23 33 13 26 65 18 6 43 28 16 21 36 50 37 66 54 3 28 35 42 18 32 41 57 40 29 22 14 21 62 28 58 9 19 10 19 28 60 10 33 10 47 21 54 63 39 23 18 24 56 25 28 25 38 66 18 4 31 22 24 42 35 12 0 66 52 7 27 38 37 22 22 40 45 36 38 23 28 21 55 29 37 28 37 24 27 24 52 6 16 94 71 52 42 48 86 61 37 21 31 84 57 31 4 24 87 61 37 22 32 94 71 52 42 48
72 24 54 11 18 54 54 76 53 45 46 35 59 41 9 56 67 32 64 77 47 35 33 33 3 40 67 39 35 48 51 46 29 71 39 38 45 80 74 8 41 9 66 49 76 69 41 7 75 36 67 27 47 13 4 33 56 79 48 11 46 40 42 54 9 54 70 40 63 86 46 37 61 66 0 40 65 41 32 46 46 48 32 43 42 30 46 41 46 12 38 32 39 30 74 40 44 18 70 52 30 22 39 63 89 22 6 33 60 86 31 23 39 63 89 48 44 54 73 96 68 65 72 87 107
65 48 37 45 24 40 30 68 26 24 30 26 40 36 46 52 56 16 33 67 33 22 9 41 38 3 53 32 24 12 35 21 41 31 53 30 35 64 48 43 41 34 56 34 60 43 26 36 61 41 58 46 32 31 38 45 31 69 28 37 27 29 40 19 47 50 55 23 36 75 11 21 41 52 40 0 55 29 22 15 34 31 44 7 52 26 31 42 37 33 35 23 31 29 46 36 31 41 52 37 68 59 61 74 92 51 38 42 59 81 39 18 25 48 74 36 10 20 46 73 44 28 33 53 77
12 49 18 59 53 15 26 14 32 31 25 34 17 25 63 12 2 44 34 13 22 37 52 34 65 57 5 28 35 46 20 35 38 63 36 29 22 16 27 60 25 57 3 21 13 25 30 59 11 30 4 44 23 53 62 35 27 15 27 54 28 29 23 43 64 14 7 33 28 22 46 36 17 7 65 55 0 28 39 41 22 24 37 49 31 38 24 25 21 54 28 37 28 36 30 26 25 50 12 18 91 68 47 35 42 86 59 34 15 27 85 58 32 8 24 89 64 42 28 36 98 76 58 49 54
38 33 14 38 27 14 15 41 17 9 5 7 18 8 42 24 30 17 26 41 6 9 24 19 41 31 28 6 8 23 11 13 22 47 29 4 7 41 34 38 15 33 30 9 37 28 3 35 37 16 31 29 7 28 37 23 17 43 8 31 7 1 13 24 42 22 31 6 24 50 23 9 20 27 41 29 28 0 11 18 7 8 23 24 27 12 5 16 9 30 9 10 5 12 34 9 4 30 30 12 70 50 40 46 64 60 36 19 30 54 57 31 5 24 51 62 38 24 33 55 73 54 45 50 67
48 30 24 31 16 25 22 52 22 14 15 6 28 16 34 33 40 7 32 51 17 3 15 20 31 24 39 12 4 21 21 15 21 46 32 10 17 51 42 31 21 24 40 19 48 37 10 26 47 19 42 27 17 19 29 24 24 53 16 24 14 11 20 25 35 31 42 9 31 61 20 5 30 38 32 22 39 11 0 17 17 17 23 19 31 6 16 21 19 21 14 2 11 8 42 16 14 25 40 22 62 45 41 53 73 50 28 21 39 64 47 20 8 35 61 52 31 25 42 65 65 49 45 56 75
52 46 23 47 28 27 16 54 11 11 18 19 25 26 50 40 42 15 20 53 21 15 16 35 44 18 39 23 17 6 22 7 36 30 46 21 23 49 34 46 32 38 43 21 46 28 16 40 47 33 44 43 20 34 42 39 16 55 15 39 15 18 30 9 50 39 41 13 21 61 5 13 27 37 46 15 41 18 17 0 22 17 38 9 44 22 19 33 26 36 27 18 22 24 32 27 19 41 37 24 75 61 56 64 80 61 42 35 47 67 52 27 15 34 60 50 24 9 32 58 57 37 29 42 64
32 35 10 42 32 9 14 35 18 12 5 12 14 7 45 19 24 23 26 35 2 15 30 20 45 37 22 7 14 28 6 17 23 50 28 8 1 35 31 42 13 38 24 5 31 26 8 40 31 16 25 30 4 33 42 23 16 37 9 36 8 7 10 27 46 17 25 12 22 44 27 15 16 22 46 34 22 7 17 22 0 7 23 29 25 17 4 14 4 34 10 16 7 16 32 8 4 33 24 7 74 53 40 42 59 65 40 20 25 48 63 37 10 18 45 68 44 27 30 51 78 59 47 49 63
35 40 7 46 33 10 8 38 11 7 3 14 11 13 49 24 26 21 20 37 5 15 28 26 48 33 23 12 14 22 5 11 29 44 35 11 8 35 26 46 19 40 26 4 31 21 7 42 32 22 28 36 3 36 45 29 10 39 3 39 4 9 16 21 50 22 26 10 16 46 22 13 13 22 48 31 24 8 17 17 7 0 29 25 31 19 4 20 10 37 16 17 12 19 27 14 6 37 24 7 77 58 46 48 63 67 43 26 30 51 63 36 10 19 45 65 40 20 26 49 74 53 40 43 59
42 13 32 23 27 29 36 46 39 31 26 20 36 17 27 26 39 29 48 47 25 24 36 4 32 45 40 18 22 43 29 34 4 68 10 19 23 52 53 25 13 26 37 28 49 48 25 27 47 8 38 8 27 23 29 2 38 49 30 21 29 22 15 46 28 24 42 26 45 57 42 26 38 40 32 44 37 23 23 38 23 29 0 41 11 18 26 12 21 23 14 21 18 15 55 15 24 14 44 29 56 32 19 34 58 53 26 4 29 55 58 35 24 37 60 69 52 45 53 71 85 71 66 72 86
59 47 31 46 25 35 24 62 19 18 25 23 33 31 48 47 50 14 27 61 28 18 11 38 41 10 47 28 20 6 30 14 39 29 50 25 30 58 41 44 37 35 51 28 54 36 21 37 55 37 52 45 27 32 39 42 24 63 23 37 22 24 36 13 48 45 49 18 29 69 5 17 35 45 43 7 49 24 19 9 29 25 41 0 48 24 26 38 32 34 31 20 27 26 40 32 26 41 45 31 71 60 59 69 87 56 40 39 53 75 45 22 20 42 68 42 16 14 40 66 50 31 30 48 71
34 20 32 33 38 28 39 38 42 35 29 26 36 19 36 19 33 37 50 40 27 31 45 12 43 54 35 22 29 49 29 39 14 73 5 24 24 47 52 35 13 36 30 29 44 48 29 37 41 12 32 16 29 33 39 9 40 41 33 31 32 26 16 51 37 18 37 32 46 49 48 32 37 36 42 52 31 27 31 44 25 31 11 48 0 26 28 12 22 33 18 29 23 23 54 18 27 24 41 29 64 38 16 24 48 62 36 11 20 46 68 45 30 34 54 79 61 50 53 67 94 79 71 72 83
47 25 25 27 16 25 25 50 26 17 17 6 30 14 31 31 39 11 36 50 17 7 19 15 29 28 39 11 6 26 22 19 15 51 27 9 17 52 45 27 17 21 39 20 48 39 12 24 47 15 41 22 18 17 26 19 27 52 19 20 17 11 17 30 31 29 41 12 34 60 25 9 32 38 30 26 38 12 6 22 17 19 18 24 26 0 17 18 18 18 11 4 10 3 45 13 15 20 41 23 59 40 36 48 70 49 25 16 37 62 48 22 11 35 61 55 35 30 44 67 69 54 50 60 78
35 37 9 43 31 10 11 38 15 9 2 11 14 9 46 22 26 20 23 37 3 13 28 22 45 34 24 9 12 24 6 13 25 46 31 8 5 36 29 43 16 37 26 4 33 24 6 40 33 19 28 32 2 33 42 26 13 39 5 36 5 6 13 24 47 20 27 9 20 46 24 12 16 23 46 31 24 5 16 19 4 4 26 26 28 17 0 17 8 34 12 15 8 16 30 11 2 34 25 7 74 54 43 46 62 65 41 22 28 51 62 35 8 20 46 65 41 23 29 51 75 55 43 47 62
32 24 22 34 32 18 27 36 31 24 18 16 25 8 38 15 27 28 39 36 16 21 36 9 41 44 28 11 19 38 19 28 13 62 15 13 13 41 42 35 1 34 26 18 37 38 18 35 36 6 27 20 17 30 37 11 29 38 22 30 21 15 4 39 39 13 31 21 35 46 38 22 27 28 41 42 25 16 21 33 14 20 12 38 12 18 17 0 11 30 8 20 12 15 44 7 16 25 33 18 67 43 27 32 52 62 35 9 20 46 64 39 19 26 49 72 52 39 43 60 85 69 60 62 74
30 33 12 41 33 9 17 34 21 16 9 14 16 5 44 16 22 25 29 33 6 17 33 18 45 40 22 7 16 31 8 20 21 53 25 9 3 35 33 41 10 38 22 8 31 28 11 40 30 14 24 28 8 33 42 21 19 35 12 35 12 9 7 31 45 14 25 14 25 43 31 17 18 21 46 37 21 9 19 26 4 10 21 32 22 18 8 11 0 34 9 17 8 16 34 7 7 32 25 8 73 51 37 39 56 66 40 18 22 46 65 38 13 18 44 70 47 30 33 52 81 62 50 52 65
62 19 43 12 10 42 43 66 42 34 34 24 47 30 14 45 56 22 53 66 35 24 24 23 12 33 56 28 24 38 40 36 20 63 31 27 34 69 63 11 30 4 55 38 65 57 30 6 64 26 56 20 36 2 8 24 44 68 36 4 35 29 32 44 15 43 58 29 52 76 37 26 49 55 12 33 54 30 21 36 34 37 23 34 33 18 34 30 34 0 27 21 27 19 63 29 33 11 58 41 41 27 34 56 80 32 7 23 50 76 36 18 28 52 78 49 38 44 62 85 67 59 63 76 96
36 25 19 33 26 17 23 40 26 18 13 9 23 4 36 20 30 21 35 40 12 14 29 11 38 37 30 4 12 32 16 22 14 56 20 6 9 43 40 33 7 30 29 14 39 35 12 32 38 8 30 21 13 26 34 14 25 42 16 27 15 9 6 33 37 18 32 14 31 50 31 15 26 29 38 35 28 9 14 27 10 16 14 31 18 11 12 8 9 27 0 13 5 9 41 3 10 24 33 16 65 44 31 39 59 58 32 11 26 51 58 33 12 26 52 66 45 33 40 60 78 62 54 58 73
47 29 23 31 17 24 22 50 22 14 14 4 28 14 34 32 39 9 33 50 16 4 17 18 31 25 38 11 3 22 20 16 19 48 30 9 16 50 42 30 19 24 39 19 47 37 10 26 46 18 40 26 16 19 29 22 24 52 16 23 14 10 18 26 34 30 41 9 31 59 21 6 30 37 32 23 37 10 2 18 16 17 21 20 29 4 15 20 17 21 13 0 10 7 42 14 13 24 39 22 61 44 39 51 71 51 27 19 38 63 48 21 8 34 60 54 33 26 42 65 66 51 46 56 75
38 29 16 35 26 16 19 41 21 13 9 6 21 5 38 22 30 18 31 41 8 10 26 15 38 34 29 2 9 27 13 17 18 51 25 2 7 42 37 35 11 31 29 11 38 32 7 33 38 12 31 25 10 26 35 19 21 43 12 29 11 4 9 28 39 20 32 10 27 50 26 11 23 28 39 31 28 5 11 22 7 12 18 27 23 10 8 12 8 27 5 10 0 9 38 5 6 26 31 14 67 47 36 43 62 59 33 15 28 53 57 31 8 25 51 63 41 28 37 58 75 57 49 54 70
45 23 25 27 18 24 26 49 27 18 17 6 29 12 30 29 38 14 37 49 17 9 22 12 30 31 38 9 8 28 21 21 13 54 24 9 16 50 45 27 15 22 37 20 47 40 13 24 46 12 39 19 18 18 26 16 28 51 19 20 17 11 15 32 31 27 40 13 35 58 28 11 31 37 30 29 36 12 8 24 16 19 15 26 23 3 16 15 16 19 9 7 9 0 46 11 15 19 40 22 59 39 33 46 67 50 25 13 34 60 50 24 12 34 60 58 38 32 45 66 71 57 52 61 78
39 66 23 72 57 27 20 39 22 29 30 40 19 38 75 39 29 44 13 36 30 40 48 51 73 48 26 38 40 34 26 29 54 39 58 38 33 27 4 72 43 66 33 27 25 7 33 68 29 47 33 62 29 61 70 54 19 38 27 65 29 35 40 28 76 39 25 34 12 41 35 38 17 24 74 46 30 34 42 32 32 27 55 40 54 45 30 44 34 63 41 42 38 46 0 40 32 64 19 26 103 84 70 64 70 91 69 51 44 51 83 58 35 23 36 80 54 27 2 28 82 57 33 19 33
34 27 17 35 28 15 22 38 25 18 12 11 22 2 38 18 28 22 34 38 10 15 30 12 40 38 27 4 13 32 14 22 15 56 21 7 8 40 39 35 6 32 27 13 37 34 12 34 36 8 28 22 12 28 36 15 24 40 16 29 15 9 4 33 39 16 30 14 30 48 31 16 24 27 40 36 26 9 16 27 8 14 15 32 18 13 11 7 7 29 3 14 5 11 40 0 9 26 31 14 67 45 32 38 57 60 34 12 24 49 60 34 13 24 50 67 46 33 38 58 80 62 53 57 71
35 35 11 41 30 11 13 38 16 9 3 10 15 8 44 22 26 20 25 38 3 12 27 21 44 34 25 7 11 25 7 14 23 47 30 7 4 37 31 41 15 36 27 6 34 26 5 38 34 17 28 31 4 32 40 24 15 40 7 34 6 4 12 25 45 20 28 8 21 47 24 12 17 24 44 31 25 4 14 19 4 6 24 26 27 15 2 16 7 33 10 13 6 15 32 9 0 32 26 9 73 53 41 45 62 63 39 21 28 51 60 34 7 21 47 65 41 24 31 52 75 55 45 48 64
56 8 42 10 20 40 44 60 45 37 34 24 46 27 13 39 52 28 55 61 34 27 33 16 19 42 52 26 26 44 39 39 12 70 21 26 32 65 63 11 25 13 50 37 61 58 31 14 60 20 51 9 35 13 15 16 46 63 37 8 36 29 27 49 15 37 55 31 53 70 43 29 49 52 18 41 50 30 25 41 33 37 14 41 24 20 34 25 32 11 24 24 26 19 64 26 32 0 56 39 42 21 23 46 71 39 13 16 43 69 46 28 30 49 73 60 48 49 62 83 78 69 69 79 96
21 56 17 65 56 17 22 21 27 29 25 36 13 29 69 23 11 44 25 18 24 38 51 41 69 55 7 31 37 42 20 32 45 54 45 32 25 13 16 66 32 62 14 21 9 15 30 64 11 37 15 52 23 57 66 43 22 20 25 59 27 30 29 37 70 23 7 33 19 25 42 36 11 6 70 52 12 30 40 37 24 24 44 45 41 41 25 33 25 58 33 39 31 40 19 31 26 56 0 18 98 75 57 47 51 89 64 41 26 34 86 59 33 7 23 87 61 36 17 27 93 70 49 37 43
29 41 4 48 38 4 11 31 17 14 8 18 8 12 52 18 19 27 23 30 6 20 34 26 52 40 17 14 19 29 2 18 29 49 33 14 7 29 25 48 17 44 20 4 26 20 13 46 26 22 21 36 6 39 48 28 13 32 9 42 10 12 14 27 52 17 20 16 17 39 29 19 10 16 52 37 18 12 22 24 7 7 29 31 29 23 7 18 8 41 16 22 14 22 26 14 9 39 18 0 80 59 44 43 57 72 47 26 24 44 68 42 15 13 39 72 47 26 25 45 81 60 45 44 57
97 44 83 33 48 82 83 101 83 75 75 64 87 69 29 81 93 61 93 102 75 64 61 58 31 67 94 67 64 77 79 76 54 99 59 67 74 107 103 32 67 38 92 78 103 98 70 36 102 62 93 48 76 43 34 57 85 104 77 39 75 69 69 83 28 79 97 70 92 111 75 66 89 94 30 68 91 70 62 75 74 77 56 71 64 59 74 67 73 41 65 61 67 59 103 67 73 42 98 80 0 27 54 81 107 22 35 58 83 109 43 51 69 91 115 64 70 83 102 124 86 89 100 117 136
72 19 62 15 36 60 65 76 65 57 55 45 66 47 13 56 69 47 76 77 54 47 51 34 24 59 71 46 46 64 59 59 31 89 33 47 52 83 83 17 44 26 67 57 80 78 52 24 78 38 69 24 56 29 23 33 66 79 58 23 56 50 46 69 14 55 73 52 73 86 63 49 69 71 22 59 68 50 45 61 53 58 32 60 38 40 54 43 51 27 44 44 47 39 84 45 53 21 75 59 27 0 27 54 81 35 22 34 58 83 51 43 50 68 91 70 64 69 83 102 89 85 89 100 116
48 16 48 28 42 44 53 52 56 49 43 38 51 34 31 35 49 46 65 54 42 42 53 22 41 62 51 35 40 61 45 52 21 86 12 37 39 62 68 31 28 36 46 44 59 64 42 36 56 24 47 16 43 36 37 18 55 55 47 31 46 40 31 64 32 34 53 44 61 63 60 44 53 52 39 61 47 40 41 56 40 46 19 59 16 36 43 27 37 34 31 39 36 33 70 32 41 23 57 44 54 27 0 27 54 58 34 21 34 58 69 50 42 50 68 83 69 63 68 82 100 89 84 88 99
31 40 46 53 61 41 54 34 59 54 47 48 48 39 56 27 36 59 65 36 44 52 67 35 64 76 40 42 51 69 45 58 37 92 25 44 41 47 62 56 33 58 33 45 45 59 49 59 42 34 33 37 46 56 61 32 56 37 50 54 50 46 34 69 57 27 41 52 59 42 69 53 49 42 63 74 35 46 53 64 42 48 34 69 24 48 46 32 39 56 39 51 43 46 64 38 45 46 47 43 81 54 27 0 27 83 58 34 21 34 91 68 50 42 50 102 83 68 63 68 117 100 88 83 87
31 66 59 79 84 54 67 31 73 70 63 67 58 57 82 41 42 79 75 34 60 72 87 58 90 95 45 61 70 85 59 74 61 104 51 63 58 45 66 81 53 83 39 60 45 66 66 84 42 56 38 63 61 80 86 56 68 33 66 79 66 64 53 83 83 43 45 70 69 33 85 72 58 48 89 92 42 64 73 80 59 63 58 87 48 70 62 52 56 80 59 71 62 67 70 57 62 71 51 57 107 81 54 27 0 109 83 58 34 21 115 91 68 50 42 124 102 82 68 62 136 116 99 87 83
93 44 74 31 35 74 72 97 70 63 65 54 78 62 28 77 87 48 80 97 66 53 46 54 21 50 87 59 53 61 70 63 50 81 59 58 65 100 92 28 62 29 86 69 96 86 60 27 95 57 88 47 67 33 25 54 73 99 66 32 64 60 63 68 27 75 90 58 80 107 60 55 80 86 22 51 86 60 50 61 65 67 53 56 62 49 65 62 66 32 58 51 59 50 91 60 63 39 89 72 22 35 58 83 109 0 27 54 81 107 22 35 58 83 109 43 51 69 91 115 64 70 83 102 124
67 19 49 8 15 48 49 71 49 41 41 30 54 36 9 50 61 28 59 71 41 30 30 27 7 38 61 33 30 44 46 42 23 68 33 33 40 74 69 5 35 5 60 44 71 64 36 3 69 30 62 21 42 9 3 28 51 73 43 6 41 35 37 50 9 48 64 35 58 81 43 32 56 61 6 38 59 36 28 42 40 43 26 40 36 25 41 35 40 7 32 27 33 25 69 34 39 13 64 47 35 22 34 58 83 27 0 27 54 81 35 22 34 58 83 51 43 50 68 91 70 64 69 83 102
40 16 29 25 27 26 33 44 36 28 23 17 33 14 29 24 36 26 45 45 22 21 34 1 33 43 37 14 20 40 26 31 5 65 11 16 19 49 50 27 10 26 34 24 46 45 22 28 44 4 36 11 23 23 30 4 35 47 27 22 25 19 12 43 30 22 40 23 41 54 39 23 35 37 33 42 34 19 21 35 20 26 4 39 11 16 22 9 18 23 11 19 15 13 51 12 21 16 41 26 58 34 21 34 58 54 27 0 27 54 58 34 21 34 58 69 50 42 50 68 83 69 63 68 82
15 40 27 52 51 21 35 19 40 37 29 34 28 24 55 7 16 46 45 20 26 38 54 28 60 61 20 27 36 52 26 41 31 73 25 30 24 29 41 53 20 53 13 26 26 38 33 54 23 25 14 35 28 49 56 27 36 22 32 49 33 30 20 51 56 9 21 36 39 29 52 38 28 21 60 59 15 30 39 47 25 30 29 53 20 37 28 20 22 50 26 38 28 34 44 24 28 43 26 24 83 58 34 21 34 81 54 27 0 27 83 58 34 21 34 91 68 50 42 50 102 83 68 63 68
16 66 45 78 77 41 53 14 59 58 51 59 43 49 82 32 26 70 59 16 49 62 78 54 87 84 29 52 61 72 46 61 58 88 50 54 47 25 48 80 47 79 25 47 26 48 56 81 23 51 24 62 49 76 83 54 54 14 53 76 54 54 46 69 83 34 28 59 53 13 72 62 43 31 86 81 27 54 64 67 48 51 55 75 46 62 51 46 46 76 51 63 53 60 51 49 51 69 34 44 109 83 58 34 21 107 81 54 27 0 109 83 58 34 21 115 91 68 50 42 124 102 82 68 62
94 53 70 42 32 71 65 98 62 57 61 52 73 61 40 78 86 42 71 97 63 49 36 57 29 37 85 58 50 50 67 56 55 65 66 56 63 97 85 38 64 33 86 65 94 79 56 33 94 60 88 55 63 35 32 59 66 99 61 38 59 57 64 57 39 76 88 54 73 107 49 50 75 84 31 39 85 57 47 52 63 63 58 45 68 48 62 64 65 36 58 48 57 50 83 60 60 46 86 68 43 51 69 91 115 22 35 58 83 109 0 27 54 81 107 22 35 58 83 109 43 51 69 91 115
68 36 43 29 9 44 39 71 37 31 34 25 47 35 30 52 60 15 46 71 36 22 11 34 21 18 58 31 23 27 40 30 32 49 44 29 37 71 59 26 38 18 60 39 67 54 29 19 67 35 61 35 36 16 20 37 40 73 35 21 33 30 38 34 30 50 61 27 47 80 26 23 49 57 23 18 58 31 20 27 37 36 35 22 45 22 35 39 38 18 33 21 31 24 58 34 34 28 59 42 51 43 50 68 91 35 22 34 58 83 27 0 27 54 81 35 22 34 58 83 51 43 50 68 91
42 34 16 37 24 18 15 45 16 7 8 6 21 12 41 28 33 13 26 44 10 6 20 21 39 27 32 9 5 20 13 11 23 44 32 6 11 44 35 37 18 31 33 12 40 30 3 33 40 19 35 30 10 27 36 25 17 47 9 30 7 4 16 22 41 26 34 3 24 54 19 5 23 31 39 25 32 5 8 15 10 10 24 20 30 11 8 19 13 28 12 8 8 12 35 13 7 30 33 15 69 50 42 50 68 58 34 21 34 58 54 27 0 27 54 58 34 21 34 58 69 50 42 50 68
19 50 12 58 50 10 19 21 25 25 20 30 10 23 62 17 9 39 26 19 18 32 46 34 63 51 5 25 31 39 14 28 38 55 38 26 19 17 20 59 25 55 11 16 14 18 25 57 14 30 12 45 18 51 60 36 20 21 21 53 22 25 23 35 63 17 8 28 20 28 39 31 9 4 63 48 8 24 35 34 18 19 37 42 34 35 20 26 18 52 26 34 25 34 23 24 21 49 7 13 91 68 50 42 50 83 58 34 21 34 81 54 27 0 27 83 58 34 21 34 91 68 50 42 50
20 72 38 83 76 37 44 17 49 51 47 57 35 48 86 35 22 66 46 14 45 59 73 58 89 77 23 51 58 64 41 54 62 74 58 52 45 11 32 84 49 81 24 43 14 35 52 83 14 54 23 67 45 77 85 59 44 14 47 78 48 51 47 59 87 37 20 54 41 9 64 58 34 24 89 74 24 51 61 60 45 45 60 68 54 61 46 49 44 78 52 60 51 60 36 50 47 73 23 39 115 91 68 50 42 109 83 58 34 21 107 81 54 27 0 109 83 58 34 21 115 91 68 50 42
99 68 72 58 43 75 66 102 61 59 64 58 75 68 57 85 90 46 67 101 67 53 38 68 46 33 88 64 55 47 70 56 66 53 78 62 68 99 82 55 72 48 91 69 96 78 60 48 96 69 92 68 67 48 48 71 66 104 63 53 62 62 71 53 57 83 90 57 71 110 46 54 76 87 48 36 89 62 52 50 68 65 69 42 79 55 65 72 70 49 66 54 63 58 80 67 65 60 87 72 64 70 83 102 124 43 51 69 91 115 22 35 58 83 109 0 27 54 81 107 22 35 58 83 109
75 55 46 50 29 50 40 78 35 33 40 36 49 45 51 62 65 24 41 76 43 31 17 50 41 8 63 42 33 20 45 30 49 31 61 39 45 73 56 48 51 39 66 44 70 51 36 40 71 50 68 54 42 37 42 53 40 79 38 42 37 38 50 26 51 60 65 33 44 85 20 31 50 61 44 10 64 38 31 24 44 40 52 16 61 35 41 52 47 38 45 33 41 38 54 46 41 48 61 47 70 64 69 83 102 51 43 50 68 91 35 22 34 58 83 27 0 27 54 81 35 22 34 58 83
53 54 24 55 36 29 16 55 10 15 22 26 25 31 58 44 42 23 14 53 25 23 24 42 53 22 39 29 24 8 25 11 44 24 52 27 28 48 29 54 38 46 44 24 45 24 21 48 46 40 45 51 23 42 51 46 15 55 18 47 19 24 35 1 58 42 41 19 18 60 9 21 26 37 54 20 42 24 25 9 27 20 45 14 50 30 23 39 30 44 33 26 28 32 27 33 24 49 36 26 83 69 63 68 82 69 50 42 50 68 58 34 21 34 58 54 27 0 27 54 58 34 21 34 58
37 65 21 71 57 25 20 37 22 28 29 39 18 37 74 37 28 44 14 34 29 39 48 50 72 49 24 37 39 35 25 29 53 40 57 37 31 26 3 71 42 65 31 26 24 5 32 67 27 46 31 60 28 60 70 53 18 36 26 64 28 34 39 28 75 37 24 33 11 39 35 37 16 22 73 46 28 33 42 32 30 26 53 40 53 44 29 43 33 62 40 42 37 45 2 38 31 62 17 25 102 83 68 63 68 91 68 50 42 50 83 58 34 21 34 81 54 27 0 27 83 58 34 21 34
38 83 42 92 81 43 44 35 48 53 51 62 38 56 95 48 34 69 40 32 50 63 74 68 96 75 32 58 62 61 46 54 72 64 71 58 51 22 25 92 59 88 37 47 24 30 56 90 27 64 36 79 49 83 92 70 43 32 50 86 51 56 56 55 96 49 30 57 37 29 62 61 36 32 96 73 36 55 65 58 51 49 71 66 67 67 51 60 52 85 60 65 58 66 28 58 52 83 27 45 124 102 82 68 62 115 91 68 50 42 109 83 58 34 21 107 81 54 27 0 109 83 58 34 21
109 86 80 77 59 84 72 111 67 67 74 70 82 80 77 96 99 58 70 109 77 65 50 83 66 42 96 76 67 52 79 63 82 48 94 73 79 105 85 74 85 66 100 78 102 81 70 67 103 83 101 85 76 66 67 86 72 112 72 71 71 72 84 57 77 94 98 67 75 118 52 65 83 94 68 44 98 73 65 57 78 74 85 50 94 69 75 85 81 67 78 66 75 71 82 80 75 78 93 81 86 89 100 117 136 64 70 83 102 124 43 51 69 91 115 22 35 58 83 109 0 27 54 81 107
87 76 58 71 50 63 50 89 44 47 54 53 59 62 72 76 76 43 45 87 57 48 36 68 62 27 73 58 50 31 58 43 69 21 80 56 59 81 60 69 68 60 78 57 78 57 51 61 80 68 79 74 56 57 63 72 49 89 51 63 51 54 66 34 72 75 75 48 51 94 32 47 60 71 65 28 76 54 49 37 59 53 71 31 79 54 55 69 62 59 62 51 57 57 57 62 55 69 70 60 89 85 89 100 116 70 64 69 83 102 51 43 50 68 91 35 22 34 58 83 27 0 27 54 81
68 75 42 75 54 48 34 69 29 36 42 47 42 52 77 62 58 42 25 67 45 43 40 63 70 34 54 50 45 25 44 32 64 7 73 48 48 59 36 73 59 65 60 44 57 35 42 67 60 61 61 71 43 61 69 67 32 69 39 66 39 45 56 21 77 61 55 40 31 73 27 41 41 52 72 33 58 45 45 29 47 40 66 30 71 50 43 60 50 63 54 46 49 52 33 53 45 69 49 45 100 89 84 88 99 83 69 63 68 82 69 50 42 50 68 58 34 21 34 58 54 27 0 27 54
57 83 41 87 70 45 36 57 35 43 46 55 37 55 90 58 48 56 24 53 47 54 57 68 86 55 44 55 54 42 44 41 71 33 76 54 50 43 22 86 61 79 51 45 42 25 49 81 46 65 51 78 45 75 84 71 34 55 43 79 44 51 58 35 90 58 44 48 27 56 43 51 36 42 87 53 49 50 56 42 49 43 72 48 72 60 47 62 52 76 58 56 54 61 19 57 48 79 37 44 117 100 88 83 87 102 83 68 63 68 91 68 50 42 50 83 58 34 21 34 81 54 27 0 27
57 98 54 104 90 57 53 55 55 62 62 73 50 69 108 65 52 77 45 52 62 73 80 82 106 79 49 70 73 66 58 62 86 60 88 70 64 41 33 104 74 99 55 59 42 39 66 101 46 79 55 93 61 94 103 85 52 52 60 98 62 68 71 58 109 66 47 67 45 50 66 71 48 48 107 77 54 67 75 64 63 59 86 71 83 78 62 74 65 96 73 75 70 78 33 71 64 96 43 57 136 116 99 87 83 124 102 82 68 62 115 91 68 50 42 109 83 58 34 21 107 81 54 27 0
