0 16 36 30 38 19 20 30 51 33 23 29 30 38 37 17 17 38 12 37 13 48 24 49 29 33 59 30 44 29 31 45 27 18 23 31 22 26 28 32 24 40 22 41 29 19 24 19 72 32 35 21 42 45 29 23 17 11 48 31 20 45 47 36 31 32 22 31 13 31 23 25 40 50 42 30 29 14 37 20 32 50 20 20 30 27 23 40 30 22 49 36 21 36 30 16 31 19 67 26 72 47 25 22 43 70 43 16 12 38 73 49 28 26 44 82 61 47 45 58 95 78 67 66 75
16 0 30 15 43 7 12 16 36 38 8 32 15 37 36 23 16 30 10 23 24 38 22 37 18 20 44 22 37 18 24 30 16 25 30 17 15 17 18 20 9 39 20 26 24 24 12 4 59 28 20 9 32 30 15 12 10 6 34 26 9 30 32 37 19 21 11 19 16 20 29 11 24 38 29 17 16 4 32 10 26 35 5 25 31 12 14 43 19 11 38 34 18 26 26 8 16 5 53 19 69 47 33 38 56 62 36 13 23 48 62 36 13 23 48 69 47 32 37 56 81 63 53 56 70
36 30 0 30 29 23 19 35 47 26 29 19 28 15 14 50 45 57 39 44 48 62 14 58 14 43 44 51 65 45 52 36 17 26 28 26 15 13 13 18 29 14 15 43 53 52 38 29 46 7 32 37 11 33 22 19 21 34 48 6 37 26 28 17 17 13 38 42 44 46 57 23 31 60 50 40 18 27 61 20 54 42 27 23 16 33 17 24 14 20 62 12 15 53 55 37 26 34 42 11 97 76 60 53 59 87 63 42 32 41 82 56 30 11 29 82 55 30 10 28 87 63 42 31 41
30 15 30 0 51 14 17 6 23 46 7 39 2 42 41 35 26 29 23 15 38 33 29 29 17 14 30 25 37 18 26 15 14 36 41 5 21 19 17 13 7 42 27 14 28 34 12 12 46 31 5 14 27 16 8 15 18 20 21 28 15 18 20 42 13 17 14 14 27 18 40 9 10 31 21 11 12 17 35 16 28 20 11 35 37 6 16 49 16 14 33 38 25 25 30 18 5 13 40 21 70 52 44 52 70 58 35 23 36 59 54 27 3 28 54 57 33 19 33 57 67 48 40 48 67
38 43 29 51 0 39 35 56 72 6 48 12 50 15 15 54 53 73 48 65 49 81 23 79 37 62 72 65 80 61 66 62 39 21 16 49 31 34 36 43 48 17 25 65 65 57 54 45 73 23 56 52 40 60 45 37 35 44 72 26 51 54 55 13 42 38 54 61 51 63 61 43 56 81 71 59 41 40 74 36 68 68 44 19 15 52 36 8 38 38 81 18 27 69 67 49 49 48 70 31 110 85 61 42 35 105 78 52 28 15 104 77 51 24 8 107 82 57 36 28 114 91 70 53 48
19 7 23 14 39 0 6 17 36 34 9 28 13 32 31 29 22 35 16 26 29 42 18 40 12 23 42 28 43 23 30 28 10 23 28 14 10 11 12 14 9 33 15 27 30 30 16 6 54 22 19 14 26 27 11 5 5 12 35 20 14 26 28 32 13 15 16 22 22 24 35 7 22 42 32 20 10 5 38 4 31 33 5 22 26 13 7 38 12 4 42 29 13 31 32 14 13 11 48 13 75 53 39 40 56 67 41 20 23 46 65 38 12 17 43 70 46 29 31 50 80 61 49 50 63
20 12 19 17 35 6 0 21 39 30 13 23 16 27 26 33 26 40 20 30 31 47 13 44 9 28 43 33 48 28 35 30 8 20 24 16 4 7 8 13 13 28 11 31 35 34 21 11 53 17 22 20 23 29 12 4 3 15 38 15 19 26 28 27 12 12 21 27 26 29 39 9 24 46 36 25 10 9 43 2 36 36 10 19 21 18 4 33 10 4 47 23 8 36 37 19 16 16 48 8 80 58 42 40 54 72 46 24 21 42 70 43 16 12 38 74 49 29 27 45 83 62 48 46 59
30 16 35 6 56 17 21 0 21 51 9 44 7 47 46 33 23 23 21 10 36 27 34 23 22 8 32 20 31 13 21 17 19 39 44 11 25 24 23 19 9 47 32 11 23 31 9 13 50 36 7 12 33 19 14 19 21 20 19 33 12 23 24 47 19 23 11 8 25 13 36 13 13 26 15 5 18 19 29 20 23 21 13 39 42 4 21 54 22 19 28 43 29 19 25 16 11 13 44 26 64 47 41 52 72 53 30 21 38 62 49 22 6 32 59 54 32 23 39 63 65 49 44 54 73
51 36 47 23 72 36 39 21 0 68 29 61 23 61 60 52 43 31 42 18 57 28 51 19 36 22 16 34 38 28 34 12 34 58 63 24 42 39 37 30 28 61 49 12 38 50 28 33 39 50 18 32 40 15 28 36 40 41 6 47 33 23 23 62 31 35 31 23 45 27 55 31 17 22 17 23 32 39 40 38 36 7 33 57 58 25 37 69 35 36 28 57 46 29 40 36 24 33 34 42 67 58 60 73 92 50 37 41 58 81 38 17 24 48 74 35 11 21 47 73 45 29 34 54 78
33 38 26 46 6 34 30 51 68 0 42 8 46 14 14 49 48 67 42 59 43 75 18 73 32 57 68 59 74 56 61 58 34 15 11 44 26 29 32 39 42 17 20 60 59 51 49 39 71 20 51 46 37 56 40 32 30 38 67 23 46 50 52 12 38 34 48 55 45 57 55 38 52 75 65 53 37 34 68 31 62 63 38 14 11 47 31 10 34 33 76 16 22 64 61 44 44 43 67 27 104 79 56 38 35 99 73 47 22 16 99 72 46 20 13 103 77 54 34 31 110 87 67 53 51
23 8 29 7 48 9 13 9 29 42 0 36 7 40 38 29 20 28 16 18 31 34 26 31 16 15 37 22 36 16 24 22 13 31 36 10 17 17 17 15 1 40 23 19 25 28 9 5 52 29 12 9 29 23 10 12 13 13 27 26 9 24 26 39 15 18 10 14 21 17 34 7 17 34 24 12 12 10 32 12 25 27 5 30 34 5 13 46 16 11 35 36 21 24 27 11 9 7 46 19 68 49 38 45 63 59 35 18 30 54 57 30 5 25 51 62 39 26 35 57 73 55 46 52 68
29 32 19 39 12 28 23 44 61 8 36 0 38 11 9 45 43 61 37 53 41 69 11 67 25 50 61 54 69 50 55 50 27 12 11 37 19 22 24 31 36 13 13 53 54 48 43 33 64 13 44 41 30 48 33 25 23 33 60 16 40 43 45 8 30 27 42 49 41 51 52 31 45 69 59 47 29 28 63 25 57 56 32 10 4 41 24 12 26 26 70 10 16 58 56 38 37 37 60 19 99 75 54 39 40 93 67 42 20 23 92 65 39 13 16 95 70 46 28 30 103 80 60 48 49
30 15 28 2 50 13 16 7 23 46 7 38 0 41 39 36 26 30 23 16 38 34 28 30 16 15 30 26 38 19 27 15 13 35 40 4 20 18 16 12 7 41 26 16 29 35 13 11 46 30 6 15 26 16 7 14 17 20 22 27 15 18 19 41 12 16 15 15 28 19 40 8 10 32 22 12 11 16 36 15 29 21 11 34 36 7 15 48 15 13 34 37 24 26 31 18 4 14 40 20 71 53 45 52 69 60 37 24 35 58 55 28 3 27 53 58 34 19 32 56 68 49 40 47 66
38 37 15 42 15 32 27 47 61 14 40 11 41 0 2 54 50 67 44 56 50 73 16 70 26 54 59 59 74 55 61 50 28 22 21 38 23 24 25 31 39 3 18 55 61 56 48 38 59 11 45 46 25 47 35 28 28 40 61 14 46 41 42 3 30 26 47 53 49 56 61 34 45 72 62 51 30 34 69 28 63 56 36 20 8 44 27 9 27 29 74 4 20 63 63 44 38 42 55 21 106 83 63 49 49 98 73 49 30 29 95 68 42 15 14 96 70 44 21 20 101 77 55 39 39
37 36 14 41 15 31 26 46 60 14 38 9 39 2 0 53 49 65 43 55 49 72 14 69 25 53 58 58 73 53 60 49 27 21 20 37 22 22 24 30 38 4 17 54 59 55 46 37 58 10 44 45 25 47 34 27 27 38 60 13 44 40 41 3 29 25 46 52 47 55 59 33 44 71 61 49 29 33 68 27 61 55 35 18 7 43 25 10 26 28 72 3 19 62 61 43 37 41 55 20 104 81 61 48 48 97 71 47 29 29 94 67 40 14 15 95 69 43 21 22 101 77 55 40 40
17 23 50 35 54 29 33 33 52 49 29 45 36 54 53 0 10 30 14 35 7 40 39 44 41 31 64 22 33 25 23 49 38 34 39 39 36 39 40 42 30 56 37 41 19 4 25 26 81 47 39 22 55 51 38 34 30 18 48 46 22 53 55 52 42 44 22 30 8 27 7 34 45 45 39 30 39 25 26 32 23 53 28 36 46 31 36 57 41 33 41 51 36 29 20 18 38 23 75 40 57 31 10 26 52 58 32 13 27 52 66 45 33 41 61 79 62 54 59 74 94 81 75 78 90
17 16 45 26 53 22 26 23 43 48 20 43 26 50 49 10 0 23 7 25 15 33 35 35 33 21 54 14 28 16 16 39 31 33 38 29 30 32 33 34 21 52 33 31 13 9 15 18 72 42 29 12 47 41 29 27 24 11 39 40 12 43 45 49 33 36 13 20 4 17 14 25 35 36 30 21 31 18 21 25 16 43 19 35 43 21 29 55 34 26 34 47 31 21 14 9 29 13 65 34 57 33 19 33 57 54 27 3 28 54 59 36 24 36 59 70 52 45 52 70 85 71 66 71 85
38 30 57 29 73 35 40 23 31 67 28 61 30 67 65 30 23 0 27 16 36 11 52 16 44 15 47 9 9 12 8 35 41 53 59 33 44 44 44 41 28 68 50 22 12 26 19 29 68 56 28 21 55 38 36 39 39 30 26 54 22 44 45 66 41 45 20 15 26 11 29 34 34 16 15 18 39 34 9 39 8 35 31 54 61 24 41 72 43 38 11 63 47 4 11 24 33 25 62 47 41 27 34 55 80 33 7 23 49 76 36 18 28 52 77 50 38 44 62 84 67 59 63 76 95
12 10 39 23 48 16 20 21 42 42 16 37 23 44 43 14 7 27 0 26 16 36 29 37 28 22 52 18 33 17 20 37 25 28 33 25 24 26 28 29 17 46 27 31 18 14 14 13 68 36 27 10 42 38 25 21 18 5 38 34 10 40 41 43 28 31 11 20 6 19 19 20 32 39 31 20 26 12 27 20 21 41 14 29 37 18 23 49 28 20 37 41 25 24 20 6 25 10 62 28 62 39 23 32 54 58 32 5 23 49 62 37 21 30 53 71 52 41 47 64 85 70 62 66 79
37 23 44 15 65 26 30 10 18 59 18 53 16 56 55 35 25 16 26 0 40 19 43 14 31 5 32 17 24 11 17 19 28 47 53 19 34 33 32 28 18 56 41 7 21 33 13 21 53 45 13 16 41 23 22 28 30 26 14 42 17 28 30 56 28 32 15 6 28 9 37 23 19 17 6 7 27 27 24 29 19 20 22 47 51 13 30 63 31 28 19 52 38 13 22 21 19 19 47 36 56 42 42 57 78 44 23 24 45 70 40 13 15 42 68 46 27 28 48 72 60 47 47 61 81
13 24 48 38 49 29 31 36 57 43 31 41 38 50 49 7 15 36 16 40 0 46 36 50 40 36 67 28 40 30 29 52 38 29 33 40 34 37 39 43 32 52 34 45 25 11 29 27 82 44 42 25 54 53 39 33 29 18 53 43 25 54 56 48 42 43 26 34 12 32 13 34 47 51 44 34 39 24 33 31 29 56 28 31 42 33 35 52 41 33 47 48 34 35 26 21 40 25 76 38 64 38 13 19 45 65 39 17 22 46 72 50 36 38 55 84 66 56 57 70 99 85 77 77 87
48 38 62 33 81 42 47 27 28 75 34 69 34 73 72 40 33 11 36 19 46 0 59 10 49 20 44 19 11 20 18 35 46 62 67 37 51 50 50 46 35 74 57 23 22 36 27 36 67 63 31 29 59 39 40 45 46 39 23 60 30 46 47 73 46 50 28 21 36 19 39 40 36 8 14 23 45 42 17 45 18 34 38 62 68 30 47 80 49 45 2 70 54 13 21 33 37 33 61 53 39 32 44 65 90 26 11 32 58 85 26 12 33 59 85 40 33 45 66 90 59 54 62 78 99
24 22 14 29 23 18 13 34 51 18 26 11 28 16 14 39 35 52 29 43 36 59 0 57 15 40 52 44 59 40 46 40 17 12 15 27 9 12 15 22 26 17 3 43 46 41 33 23 58 9 34 31 24 39 23 15 14 24 50 9 31 34 36 15 21 18 33 39 34 41 46 21 35 59 49 37 19 19 54 14 48 46 22 10 9 30 14 21 17 16 60 13 5 48 48 29 27 27 53 10 91 67 48 39 46 84 58 34 18 31 82 55 29 4 26 85 60 37 24 35 94 71 53 45 52
49 37 58 29 79 40 44 23 19 73 31 67 30 70 69 44 35 16 37 14 50 10 57 0 45 17 35 23 20 21 22 27 42 61 66 32 48 47 45 40 31 70 54 16 26 41 26 35 58 59 26 29 53 31 36 42 44 39 14 56 29 38 39 70 41 45 27 19 39 19 44 36 29 3 9 20 40 40 24 43 23 25 35 61 65 27 44 77 44 42 9 66 52 16 27 33 32 32 52 49 48 41 49 68 91 32 19 34 58 84 26 3 29 55 82 35 24 37 60 85 52 45 53 71 93
29 18 14 17 37 12 9 22 36 32 16 25 16 26 25 41 33 44 28 31 40 49 15 45 0 30 37 38 52 32 40 26 4 25 29 13 8 4 1 7 16 26 14 30 40 41 25 17 45 15 20 25 15 24 10 7 12 23 36 12 24 20 21 26 6 4 26 29 33 33 46 10 20 47 37 27 5 16 48 9 41 32 15 24 22 20 6 33 2 8 49 22 12 40 43 25 13 21 40 6 84 64 50 49 60 74 50 31 29 46 70 43 17 13 39 71 46 23 20 41 79 56 40 38 53
33 20 43 14 62 23 28 8 22 57 15 50 15 54 53 31 21 15 22 5 36 20 40 17 30 0 35 13 23 7 14 22 27 44 49 19 32 31 30 27 15 55 38 11 18 29 9 18 56 43 14 12 41 25 21 26 27 22 18 41 13 30 31 54 27 31 11 2 24 6 33 21 20 19 10 4 25 23 22 26 16 24 19 44 49 11 28 61 29 25 20 50 35 11 19 17 19 15 49 34 56 40 38 53 75 45 22 19 42 67 43 17 14 39 66 50 32 30 47 71 64 51 50 62 81
59 44 44 30 72 42 43 32 16 68 37 61 30 59 58 64 54 47 52 32 67 44 52 35 37 35 0 48 53 42 49 15 36 62 66 29 45 41 38 31 36 58 51 26 52 62 40 41 24 49 26 43 35 15 32 40 45 50 22 46 43 19 17 60 32 35 42 36 56 41 67 36 20 38 32 35 34 46 55 42 50 12 40 60 58 34 40 67 36 40 44 55 48 44 54 47 29 43 18 43 83 73 72 81 97 65 53 52 64 83 51 33 32 49 72 42 17 15 41 67 43 20 19 42 68
30 22 51 25 65 28 33 20 34 59 22 54 26 59 58 22 14 9 18 17 28 19 44 23 38 13 48 0 16 8 2 34 35 45 50 29 37 38 38 36 23 61 42 23 5 19 14 22 68 50 26 14 51 37 31 33 31 21 29 47 14 42 43 59 36 40 13 13 18 8 22 29 32 23 19 15 34 26 11 32 4 36 24 46 53 20 34 65 38 32 20 56 40 7 6 16 29 18 62 40 47 27 27 47 71 41 14 14 40 67 45 24 23 44 70 57 43 42 57 78 74 63 63 73 90
44 37 65 37 80 43 48 31 38 74 36 69 38 74 73 33 28 9 33 24 40 11 59 20 52 23 53 16 0 20 14 42 49 60 65 42 52 52 52 49 37 75 57 30 16 30 27 37 76 64 37 29 63 46 44 47 46 37 32 62 29 52 53 74 49 53 27 24 32 20 30 42 42 19 22 26 48 41 8 46 13 42 39 61 68 32 49 80 51 46 12 71 55 12 15 31 41 33 70 55 33 21 35 59 84 26 2 29 55 82 34 22 36 59 85 50 43 52 70 92 70 64 70 84 104
29 18 45 18 61 23 28 13 28 56 16 50 19 55 53 25 16 12 17 11 30 20 40 21 32 7 42 8 20 0 9 28 29 42 48 22 32 32 32 30 17 56 38 17 12 22 7 17 61 44 19 10 44 30 24 27 27 19 24 42 10 35 36 54 30 33 8 6 19 2 27 22 25 22 15 8 28 22 17 27 11 30 19 43 49 13 29 61 32 26 21 51 35 9 13 13 22 13 55 35 53 35 32 48 71 44 19 14 39 65 45 21 17 40 65 55 37 35 50 72 70 57 56 66 84
31 24 52 26 66 30 35 21 34 61 24 55 27 61 60 23 16 8 20 17 29 18 46 22 40 14 49 2 14 9 0 35 37 47 52 31 39 40 40 38 24 62 44 24 5 19 15 24 69 51 27 16 52 38 32 34 33 23 29 49 16 43 44 61 38 41 14 14 19 9 22 30 33 23 19 16 36 28 9 33 2 37 26 48 55 21 36 66 39 33 19 58 42 7 6 18 30 20 63 42 45 26 28 48 72 39 13 15 42 69 44 23 25 46 71 56 43 43 58 79 73 63 63 74 92
45 30 36 15 62 28 30 17 12 58 22 50 15 50 49 49 39 35 37 19 52 35 40 27 26 22 15 34 42 28 35 0 24 49 54 15 32 29 26 20 21 49 39 13 39 48 25 26 35 40 11 28 29 4 18 27 31 35 14 36 28 12 13 51 20 24 27 22 41 27 53 22 6 30 21 20 22 31 42 29 37 6 26 48 48 19 28 58 24 27 35 46 36 32 40 32 15 28 28 31 74 60 58 67 83 59 41 37 50 71 48 24 17 38 63 46 20 10 36 62 54 34 29 44 67
27 16 17 14 39 10 8 19 34 34 13 27 13 28 27 38 31 41 25 28 38 46 17 42 4 27 36 35 49 29 37 24 0 26 30 11 9 6 4 6 13 29 16 28 38 39 22 14 46 18 18 22 17 22 7 5 11 21 34 14 22 19 21 29 5 6 23 26 31 30 44 7 18 44 34 24 3 14 45 8 38 30 12 25 25 17 5 36 3 6 46 25 13 37 40 22 11 19 40 8 81 61 48 48 61 71 47 28 29 48 67 40 14 15 41 69 44 22 22 44 77 55 41 41 56
18 25 26 36 21 23 20 39 58 15 31 12 35 22 21 34 33 53 28 47 29 62 12 61 25 44 62 45 60 42 47 49 26 0 6 35 18 22 25 31 31 25 12 49 45 37 36 27 69 20 41 33 35 48 31 23 19 24 57 21 33 44 46 20 30 28 35 43 31 44 41 28 43 63 53 41 28 21 54 21 48 55 26 3 15 35 22 23 27 23 63 21 14 50 47 30 35 30 64 20 89 64 42 28 35 85 59 32 8 24 86 60 35 15 27 92 68 47 36 42 102 81 65 56 60
23 30 28 41 16 28 24 44 63 11 36 11 40 21 20 39 38 59 33 53 33 67 15 66 29 49 66 50 65 48 52 54 30 6 0 40 22 26 29 36 36 24 16 55 50 41 41 32 72 21 46 39 38 52 36 27 24 29 62 23 38 48 50 18 35 32 40 48 36 49 45 33 48 68 59 46 33 27 59 26 53 59 32 6 14 41 27 20 31 27 68 20 18 55 52 35 39 35 68 24 94 69 46 29 32 91 64 37 12 18 92 65 40 18 23 97 73 51 37 40 107 85 68 57 59
31 17 26 5 49 14 16 11 24 44 10 37 4 38 37 39 29 33 25 19 40 37 27 32 13 19 29 29 42 22 31 15 11 35 40 0 18 16 14 9 9 38 25 18 33 38 17 13 43 28 7 18 22 14 4 13 17 22 24 25 18 15 16 39 9 13 18 18 31 23 43 8 9 35 25 16 9 18 39 15 32 20 12 34 35 10 14 46 12 13 38 35 22 30 35 21 1 16 37 18 74 56 48 53 69 63 40 27 36 57 57 30 7 25 51 59 34 16 29 53 68 48 37 44 63
22 15 15 21 31 10 4 25 42 26 17 19 20 23 22 36 30 44 24 34 34 51 9 48 8 32 45 37 52 32 39 32 9 18 22 18 0 5 8 14 17 24 7 35 39 37 25 15 53 13 25 24 21 31 15 6 6 19 41 11 23 27 29 23 13 12 25 31 29 33 42 12 26 50 40 28 11 12 47 6 40 38 14 16 18 22 5 29 10 7 51 19 4 40 41 22 18 20 48 5 84 62 45 41 53 76 50 28 21 39 73 47 20 8 35 77 52 30 24 41 85 64 48 44 55
26 17 13 19 34 11 7 24 39 29 17 22 18 24 22 39 32 44 26 33 37 50 12 47 4 31 41 38 52 32 40 29 6 22 26 16 5 0 3 10 16 24 11 33 40 39 25 16 49 13 23 24 17 27 12 6 9 21 39 10 24 23 25 24 9 7 26 30 32 33 45 11 23 49 39 28 8 15 48 7 41 35 15 20 20 21 4 31 5 7 51 20 8 41 42 24 16 21 43 3 84 63 48 45 57 75 51 30 25 43 72 45 18 10 36 74 49 26 21 40 82 60 44 41 53
28 18 13 17 36 12 8 23 37 32 17 24 16 25 24 40 33 44 28 32 39 50 15 45 1 30 38 38 52 32 40 26 4 25 29 14 8 3 0 7 16 25 14 31 40 41 25 17 46 14 21 25 15 25 10 7 11 23 37 11 25 20 22 26 7 4 26 29 33 33 46 10 21 48 37 27 6 16 48 9 41 32 15 23 22 20 5 33 3 8 50 21 11 40 43 25 14 21 41 5 84 64 50 48 60 75 51 31 28 46 70 44 17 12 38 72 46 23 20 41 79 57 41 39 53
32 20 18 13 43 14 13 19 30 39 15 31 12 31 30 42 34 41 29 28 43 46 22 40 7 27 31 36 49 30 38 20 6 31 36 9 14 10 7 0 14 31 20 25 39 42 23 17 41 21 15 24 15 18 6 10 16 25 31 17 24 14 15 32 2 5 25 26 35 30 48 9 14 43 33 24 4 19 46 13 40 25 16 30 28 17 10 39 5 11 46 27 18 37 42 25 9 21 35 12 82 63 52 53 66 71 48 32 34 53 65 38 14 19 44 65 40 17 21 45 72 50 35 37 55
24 9 29 7 48 9 13 9 28 42 1 36 7 39 38 30 21 28 17 18 32 35 26 31 16 15 36 23 37 17 24 21 13 31 36 9 17 16 16 14 0 40 23 19 26 29 10 5 51 29 11 10 28 22 9 11 13 14 27 26 10 23 25 39 14 17 11 14 22 17 35 6 16 34 23 12 12 11 33 12 26 26 5 31 34 5 13 46 16 11 35 36 21 25 28 12 8 8 45 19 69 49 39 46 64 59 35 18 30 54 57 30 5 25 51 62 39 25 34 56 73 54 46 51 68
40 39 14 42 17 33 28 47 61 17 40 13 41 3 4 56 52 68 46 56 52 74 17 70 26 55 58 61 75 56 62 49 29 25 24 38 24 24 25 31 40 0 20 56 62 58 49 39 57 12 45 47 24 47 35 29 30 41 61 15 47 40 41 6 30 26 48 54 51 57 63 35 44 72 62 51 31 35 71 29 64 55 37 22 11 45 27 11 27 30 74 5 21 64 64 46 39 43 53 22 107 84 65 52 51 99 74 50 32 32 95 68 42 17 15 95 69 43 19 18 100 76 53 37 36
22 20 15 27 25 15 11 32 49 20 23 13 26 18 17 37 33 50 27 41 34 57 3 54 14 38 51 42 57 38 44 39 16 12 16 25 7 11 14 20 23 20 0 41 43 39 31 21 58 10 32 29 24 38 21 13 11 22 48 10 28 33 35 17 19 17 30 37 31 39 44 19 33 57 46 35 18 16 52 12 45 45 20 10 12 28 12 23 16 14 57 15 3 46 45 27 25 25 53 9 88 65 46 38 47 81 56 31 17 33 80 53 27 5 28 84 59 36 25 38 92 70 53 46 54
41 26 43 14 65 27 31 11 12 60 19 53 16 55 54 41 31 22 31 7 45 23 43 16 30 11 26 23 30 17 24 13 28 49 55 18 35 33 31 25 19 56 41 0 27 39 17 23 47 45 11 21 38 17 21 29 31 30 8 42 21 24 25 56 26 30 20 12 34 16 43 23 14 18 9 11 26 29 30 30 25 14 24 49 51 15 30 63 29 28 22 52 39 19 29 25 18 23 41 35 61 48 48 62 82 47 28 29 48 72 40 14 15 42 68 43 22 23 45 70 55 41 41 56 78
29 24 53 28 65 30 35 23 38 59 25 54 29 61 59 19 13 12 18 21 25 22 46 26 40 18 52 5 16 12 5 39 38 45 50 33 39 40 40 39 26 62 43 27 0 15 17 24 72 51 30 16 53 41 34 35 33 22 34 49 16 46 47 60 39 42 15 17 16 12 18 31 36 27 23 19 37 27 9 34 4 41 26 46 54 23 37 66 40 34 23 58 41 11 3 17 32 20 66 42 46 24 23 44 69 41 15 13 40 67 47 28 27 46 70 61 47 46 59 80 78 67 67 76 93
19 24 52 34 57 30 34 31 50 51 28 48 35 56 55 4 9 26 14 33 11 36 41 41 41 29 62 19 30 22 19 48 39 37 41 38 37 39 41 42 29 58 39 39 15 0 23 26 80 48 38 21 55 50 37 35 31 19 46 47 20 52 54 55 42 44 21 28 8 24 6 34 44 41 36 28 39 25 22 33 19 51 27 39 49 29 36 59 42 34 37 53 38 25 16 18 37 22 74 41 54 28 11 30 56 54 29 11 30 56 62 42 32 43 63 75 59 53 60 76 92 79 74 79 91
24 12 38 12 54 16 21 9 28 49 9 43 13 48 46 25 15 19 14 13 29 27 33 26 25 9 40 14 27 7 15 25 22 36 41 17 25 25 25 23 10 49 31 17 17 23 0 10 58 37 15 4 37 27 18 20 20 14 25 35 5 30 32 47 23 27 3 7 18 9 28 16 21 27 18 7 21 15 24 20 17 28 12 36 42 7 22 54 25 19 27 44 28 16 19 9 16 7 51 28 60 40 33 45 66 51 26 13 33 59 51 25 11 33 59 58 38 31 44 65 72 57 52 60 77
19 4 29 12 45 6 11 13 33 39 5 33 11 38 37 26 18 29 13 21 27 36 23 35 17 18 41 22 37 17 24 26 14 27 32 13 15 16 17 17 5 39 21 23 24 26 10 0 56 28 16 9 30 27 12 11 10 9 31 26 8 27 29 38 16 19 10 17 18 19 31 8 21 36 27 15 14 6 32 10 26 31 2 27 32 9 13 44 17 10 37 34 19 26 27 9 13 5 50 18 69 48 35 41 59 61 35 15 26 50 60 34 10 23 49 66 43 29 36 56 78 59 50 54 69
72 59 46 46 73 54 53 50 39 71 52 64 46 59 58 81 72 68 68 53 82 67 58 58 45 56 24 68 76 61 69 35 46 69 72 43 53 49 46 41 51 57 58 47 72 80 58 56 0 52 43 60 35 32 44 50 56 64 44 50 60 29 27 61 42 42 60 56 73 61 85 48 37 61 54 54 44 59 76 53 71 34 54 67 61 51 50 67 44 51 67 56 56 66 74 63 43 59 7 50 106 94 90 93 104 88 75 69 73 86 73 56 48 55 71 61 39 27 38 59 55 29 6 27 53
32 28 7 31 23 22 17 36 50 20 29 13 30 11 10 47 42 56 36 45 44 63 9 59 15 43 49 50 64 44 51 40 18 20 21 28 13 13 14 21 29 12 10 45 51 48 37 28 52 0 35 36 18 37 24 18 19 31 51 4 36 31 33 12 20 16 37 43 41 46 53 23 34 61 51 40 20 25 60 18 53 45 26 17 9 33 16 19 16 19 63 7 11 53 53 35 28 32 48 10 96 74 56 47 52 88 63 40 26 35 84 57 31 6 24 85 59 35 17 29 92 68 48 37 44
35 20 32 5 56 19 22 7 18 51 12 44 6 45 44 39 29 28 27 13 42 31 34 26 20 14 26 26 37 19 27 11 18 41 46 7 25 23 21 15 11 45 32 11 30 38 15 16 43 35 0 18 28 12 11 19 23 25 17 31 18 16 18 46 16 20 17 14 31 19 43 13 7 28 18 12 15 22 35 21 29 15 16 40 42 9 20 53 19 19 31 42 29 25 32 22 7 18 37 25 69 53 48 57 75 56 35 27 41 64 50 24 7 32 58 52 28 17 35 60 62 44 37 48 68
21 9 37 14 52 14 20 12 32 46 9 41 15 46 45 22 12 21 10 16 25 29 31 29 25 12 43 14 29 10 16 28 22 33 39 18 24 24 25 24 10 47 29 21 16 21 4 9 60 36 18 0 38 29 18 19 18 11 28 34 1 32 34 45 23 27 2 11 14 11 26 15 24 30 22 10 21 13 24 18 17 32 10 34 40 9 21 52 24 18 30 42 26 18 19 5 18 4 54 27 61 40 31 42 63 53 27 10 30 56 54 28 12 31 57 62 42 33 43 64 75 60 54 61 77
42 32 11 27 40 26 23 33 40 37 29 30 26 25 25 55 47 55 42 41 54 59 24 53 15 41 35 51 63 44 52 29 17 35 38 22 21 17 15 15 28 24 24 38 53 55 37 30 35 18 28 38 0 25 20 21 26 37 42 15 38 18 18 27 15 12 39 40 47 44 61 23 25 56 46 38 17 30 61 23 54 34 29 33 26 32 20 34 14 22 59 22 23 51 56 39 23 35 31 17 96 77 64 61 69 84 62 45 41 52 76 51 28 20 39 74 47 21 8 34 77 52 31 24 41
45 30 33 16 60 27 29 19 15 56 23 48 16 47 47 51 41 38 38 23 53 39 39 31 24 25 15 37 46 30 38 4 22 48 52 14 31 27 25 18 22 47 38 17 41 50 27 27 32 37 12 29 25 0 17 26 31 36 18 34 30 8 9 49 19 22 29 25 43 30 55 21 6 34 25 23 20 31 46 28 40 9 26 47 45 21 26 56 23 26 38 44 35 35 43 33 15 29 25 29 77 64 60 67 83 63 45 39 50 70 52 28 18 36 61 49 23 7 32 59 55 34 26 40 63
29 15 22 8 45 11 12 14 28 40 10 33 7 35 34 38 29 36 25 22 39 40 23 36 10 21 32 31 44 24 32 18 7 31 36 4 15 12 10 6 9 35 21 21 34 37 18 12 44 24 11 18 20 17 0 9 14 21 28 21 19 16 18 35 6 10 19 21 30 25 43 5 12 38 28 18 5 15 41 11 34 24 11 30 31 12 10 42 9 9 41 31 19 32 36 20 4 16 38 14 76 58 47 51 66 66 42 27 33 54 61 34 8 21 48 63 38 18 26 50 71 51 38 43 60
23 12 19 15 37 5 4 19 36 32 12 25 14 28 27 34 27 39 21 28 33 45 15 42 7 26 40 33 47 27 34 27 5 23 27 13 6 6 7 10 11 29 13 29 35 35 20 11 50 18 19 19 21 26 9 0 6 17 36 15 19 23 25 28 9 10 20 25 27 28 40 6 21 44 34 23 7 10 43 3 36 33 9 22 23 16 2 35 8 2 46 25 10 35 37 19 13 15 45 8 79 58 44 43 57 70 45 25 24 45 67 41 14 14 40 71 46 26 26 46 80 59 45 45 58
17 10 21 18 35 5 3 21 40 30 13 23 17 28 27 30 24 39 18 30 29 46 14 44 12 27 45 31 46 27 33 31 11 19 24 17 6 9 11 16 13 30 11 31 33 31 20 10 56 19 23 18 26 31 14 6 0 13 39 17 18 29 31 28 15 15 19 26 23 28 36 10 26 46 36 24 12 6 41 4 35 37 9 18 22 18 7 34 13 5 47 25 9 35 35 17 17 14 50 10 78 56 39 38 53 71 45 22 19 42 69 43 17 14 39 74 50 31 30 47 84 64 51 49 61
11 6 34 20 44 12 15 20 41 38 13 33 20 40 38 18 11 30 5 26 18 39 24 39 23 22 50 21 37 19 23 35 21 24 29 22 19 21 23 25 14 41 22 30 22 19 14 9 64 31 25 11 37 36 21 17 13 0 38 29 10 36 38 39 24 26 12 21 11 21 24 16 30 40 32 20 21 7 31 15 24 39 10 25 33 16 18 44 24 16 39 37 20 27 24 6 22 8 58 23 67 44 28 33 53 62 35 10 20 47 64 38 18 25 49 72 51 38 42 59 85 68 59 61 74
48 34 48 21 72 35 38 19 6 67 27 60 22 61 60 48 39 26 38 14 53 23 50 14 36 18 22 29 32 24 29 14 34 57 62 24 41 39 37 31 27 61 48 8 34 46 25 31 44 51 17 28 42 18 28 36 39 38 0 48 29 26 26 62 31 36 27 19 41 22 50 30 18 17 11 19 32 37 35 37 31 11 31 56 58 22 37 69 35 35 23 58 45 24 35 33 24 30 39 42 62 52 55 70 90 46 31 37 56 80 35 12 23 48 75 36 14 24 49 75 47 34 39 58 81
31 26 6 28 26 20 15 33 47 23 26 16 27 14 13 46 40 54 34 42 43 60 9 56 12 41 46 47 62 42 49 36 14 21 23 25 11 10 11 17 26 15 10 42 49 47 35 26 50 4 31 34 15 34 21 15 17 29 48 0 33 28 29 15 17 13 35 40 39 43 52 21 31 58 48 37 17 23 57 16 51 42 24 18 12 31 14 22 13 16 60 11 10 50 51 33 25 30 45 8 94 72 55 48 54 85 60 38 27 38 81 54 28 6 28 82 56 31 15 31 89 65 45 36 45
20 9 37 15 51 14 19 12 33 46 9 40 15 46 44 22 12 22 10 17 25 30 31 29 24 13 43 14 29 10 16 28 22 33 38 18 23 24 25 24 10 47 28 21 16 20 5 8 60 36 18 1 38 30 19 19 18 10 29 33 0 32 34 45 23 27 3 12 14 12 25 15 24 31 22 11 21 12 24 18 18 32 10 33 39 10 21 51 24 18 30 42 26 18 19 4 18 4 54 26 61 40 30 41 62 54 28 9 29 55 54 29 13 31 56 63 43 34 43 64 76 61 54 61 77
45 30 26 18 54 26 26 23 23 50 24 43 18 41 40 53 43 44 40 28 54 46 34 38 20 30 19 42 52 35 43 12 19 44 48 15 27 23 20 14 23 40 33 24 46 52 30 27 29 31 16 32 18 8 16 23 29 36 26 28 32 0 2 42 15 17 32 30 45 35 57 20 10 41 32 27 17 31 51 26 45 17 26 43 40 24 23 50 18 24 45 37 31 41 48 35 15 31 23 25 84 69 62 66 79 70 51 41 47 65 60 36 20 31 55 57 30 4 24 51 61 38 23 33 56
47 32 28 20 55 28 28 24 23 52 26 45 19 42 41 55 45 45 41 30 56 47 36 39 21 31 17 43 53 36 44 13 21 46 50 16 29 25 22 15 25 41 35 25 47 54 32 29 27 33 18 34 18 9 18 25 31 38 26 29 34 2 0 44 17 19 34 31 47 36 59 22 12 42 33 29 19 33 52 28 46 17 28 44 41 25 25 51 20 26 46 39 33 42 49 37 17 32 21 27 85 70 64 68 81 71 52 43 49 66 60 37 22 33 56 56 29 3 25 52 60 36 21 32 55
36 37 17 42 13 32 27 47 62 12 39 8 41 3 3 52 49 66 43 56 48 73 15 70 26 54 60 59 74 54 61 51 29 20 18 39 23 24 26 32 39 6 17 56 60 55 47 38 61 12 46 45 27 49 35 28 28 39 62 15 45 42 44 0 31 27 47 53 47 56 59 34 46 72 62 51 31 33 69 28 62 57 36 17 7 44 27 8 27 29 74 6 19 63 62 44 39 42 57 21 105 82 61 47 46 98 72 48 28 26 95 68 42 15 13 97 71 46 24 22 103 79 57 42 41
31 19 17 13 42 13 12 19 31 38 15 30 12 30 29 42 33 41 28 28 42 46 21 41 6 27 32 36 49 30 38 20 5 30 35 9 13 9 7 2 14 30 19 26 39 42 23 16 42 20 16 23 15 19 6 9 15 24 31 17 23 15 17 31 0 5 24 26 34 30 47 9 15 43 33 24 3 18 46 12 39 26 15 29 28 17 9 38 4 10 46 27 17 37 41 25 9 21 36 11 82 63 51 52 65 71 48 31 33 52 65 39 14 18 44 66 40 18 21 45 73 51 36 38 55
32 21 13 17 38 15 12 23 35 34 18 27 16 26 25 44 36 45 31 32 43 50 18 45 4 31 35 40 53 33 41 24 6 28 32 13 12 7 4 5 17 26 17 30 42 44 27 19 42 16 20 27 12 22 10 10 15 26 36 13 27 17 19 27 5 0 28 30 36 34 49 12 19 47 37 28 6 19 50 12 43 30 17 26 24 21 9 35 3 11 50 23 15 41 45 27 13 24 37 9 86 66 53 52 63 75 52 34 32 49 70 43 18 15 40 70 44 20 17 41 77 54 37 35 51
22 11 38 14 54 16 21 11 31 48 10 42 15 47 46 22 13 20 11 15 26 28 33 27 26 11 42 13 27 8 14 27 23 35 40 18 25 26 26 25 11 48 30 20 15 21 3 10 60 37 17 2 39 29 19 20 19 12 27 35 3 32 34 47 24 28 0 10 15 10 26 16 24 29 20 9 22 14 23 20 16 31 12 35 41 9 22 53 26 19 28 44 28 16 17 6 18 6 54 28 59 39 31 43 64 52 26 10 32 58 52 27 13 32 58 61 41 33 44 65 74 59 54 61 78
31 19 42 14 61 22 27 8 23 55 14 49 15 53 52 30 20 15 20 6 34 21 39 19 29 2 36 13 24 6 14 22 26 43 48 18 31 30 29 26 14 54 37 12 17 28 7 17 56 43 14 11 40 25 21 25 26 21 19 40 12 30 31 53 26 30 10 0 23 5 32 20 20 20 11 3 25 22 22 25 16 24 18 43 48 10 27 60 29 24 21 49 34 12 19 15 18 14 50 33 56 40 37 52 73 46 22 18 40 66 44 18 13 38 65 52 32 30 47 70 65 52 50 61 80
13 16 44 27 51 22 26 25 45 45 21 41 28 49 47 8 4 26 6 28 12 36 34 39 33 24 56 18 32 19 19 41 31 31 36 31 29 32 33 35 22 51 31 34 16 8 18 18 73 41 31 14 47 43 30 27 23 11 41 39 14 45 47 47 34 36 15 23 0 21 14 26 37 40 33 23 31 18 25 25 20 45 20 32 41 23 28 52 34 26 37 46 30 24 18 10 30 15 67 33 59 35 18 30 54 57 30 5 25 51 62 39 25 35 57 73 55 46 52 68 88 74 67 71 84
31 20 46 18 63 24 29 13 27 57 17 51 19 56 55 27 17 11 19 9 32 19 41 19 33 6 41 8 20 2 9 27 30 44 49 23 33 33 33 30 17 57 39 16 12 24 9 19 61 46 19 11 44 30 25 28 28 21 22 43 12 35 36 56 30 34 10 5 21 0 28 23 25 20 13 8 28 23 17 28 11 29 20 44 50 13 30 62 32 27 19 52 37 8 14 15 22 15 55 36 52 35 34 50 73 43 18 16 40 67 43 19 17 41 67 53 36 35 51 73 68 56 55 66 84
23 29 57 40 61 35 39 36 55 55 34 52 40 61 59 7 14 29 19 37 13 39 46 44 46 33 67 22 30 27 22 53 44 41 45 43 42 45 46 48 35 63 44 43 18 6 28 31 85 53 43 26 61 55 43 40 36 24 50 52 25 57 59 59 47 49 26 32 14 28 0 39 49 44 40 33 44 31 23 38 22 56 33 43 53 34 42 63 47 39 40 58 43 28 18 23 43 27 79 46 52 25 6 30 57 54 30 17 34 59 64 45 38 48 67 78 64 59 65 81 95 83 79 84 97
25 11 23 9 43 7 9 13 31 38 7 31 8 34 33 34 25 34 20 23 34 40 21 36 10 21 36 29 42 22 30 22 7 28 33 8 12 11 10 9 6 35 19 23 31 34 16 8 48 23 13 15 23 21 5 6 10 16 30 21 15 20 22 34 9 12 16 20 26 23 39 0 16 39 28 17 6 11 39 8 32 27 7 27 29 11 8 41 10 6 40 30 16 30 33 17 7 13 43 14 75 55 43 46 62 65 41 23 29 51 62 35 8 20 46 65 41 23 29 51 75 55 43 46 62
40 24 31 10 56 22 24 13 17 52 17 45 10 45 44 45 35 34 32 19 47 36 35 29 20 20 20 32 42 25 33 6 18 43 48 9 26 23 21 14 16 44 33 14 36 44 21 21 37 34 7 24 25 6 12 21 26 30 18 31 24 10 12 46 15 19 24 20 37 25 49 16 0 32 22 18 16 26 41 23 35 12 20 42 42 15 22 53 19 21 36 41 30 31 38 27 9 23 31 26 74 59 54 61 78 61 41 33 44 65 52 27 12 32 58 52 26 10 32 58 59 39 31 43 64
50 38 60 31 81 42 46 26 22 75 34 69 32 72 71 45 36 16 39 17 51 8 59 3 47 19 38 23 19 22 23 30 44 63 68 35 50 49 48 43 34 72 57 18 27 41 27 36 61 61 28 30 56 34 38 44 46 40 17 58 31 41 42 72 43 47 29 20 40 20 44 39 32 0 11 22 42 42 24 45 23 27 37 63 67 29 46 79 46 44 7 68 54 17 27 34 35 34 55 52 46 39 49 69 92 30 18 35 60 86 24 6 31 58 84 35 26 40 62 88 52 47 55 73 96
42 29 50 21 71 32 36 15 17 65 24 59 22 62 61 39 30 15 31 6 44 14 49 9 37 10 32 19 22 15 19 21 34 53 59 25 40 39 37 33 23 62 46 9 23 36 18 27 54 51 18 22 46 25 28 34 36 32 11 48 22 32 33 62 33 37 20 11 33 13 40 28 22 11 0 13 32 32 24 35 20 21 28 53 57 19 36 69 36 34 14 58 44 13 24 26 24 25 48 41 53 41 45 62 84 39 21 28 51 76 34 7 21 47 74 41 24 31 52 77 56 45 49 64 86
30 17 40 11 59 20 25 5 23 53 12 47 12 51 49 30 21 18 20 7 34 23 37 20 27 4 35 15 26 8 16 20 24 41 46 16 28 28 27 24 12 51 35 11 19 28 7 15 54 40 12 10 38 23 18 23 24 20 19 37 11 27 29 51 24 28 9 3 23 8 33 17 18 22 13 0 22 20 24 23 18 23 15 41 45 7 25 57 26 22 24 47 32 14 21 15 15 13 48 30 59 42 38 51 72 48 25 18 39 64 46 20 10 36 62 53 32 28 44 67 66 51 48 59 78
29 16 18 12 41 10 10 18 32 37 12 29 11 30 29 39 31 39 26 27 39 45 19 40 5 25 34 34 48 28 36 22 3 28 33 9 11 8 6 4 12 31 18 26 37 39 21 14 44 20 15 21 17 20 5 7 12 21 32 17 21 17 19 31 3 6 22 25 31 28 44 6 16 42 32 22 0 15 44 9 37 27 12 27 27 16 7 38 4 7 45 27 15 36 39 22 9 18 39 10 80 60 48 49 63 70 46 28 31 50 65 38 12 17 43 67 41 20 23 46 75 53 39 41 57
14 4 27 17 40 5 9 19 39 34 10 28 16 34 33 25 18 34 12 27 24 42 19 40 16 23 46 26 41 22 28 31 14 21 27 18 12 15 16 19 11 35 16 29 27 25 15 6 59 25 22 13 30 31 15 10 6 7 37 23 12 31 33 33 18 19 14 22 18 23 31 11 26 42 32 20 15 0 36 8 29 36 6 21 27 15 11 39 17 9 42 31 14 30 30 11 17 9 53 16 72 50 34 36 54 66 40 16 20 44 65 39 15 19 44 72 49 33 35 53 83 64 53 54 67
37 32 61 35 74 38 43 29 40 68 32 63 36 69 68 26 21 9 27 24 33 17 54 24 48 22 55 11 8 17 9 42 45 54 59 39 47 48 48 46 33 71 52 30 9 22 24 32 76 60 35 24 61 46 41 43 41 31 35 57 24 51 52 69 46 50 23 22 25 17 23 39 41 24 24 24 44 36 0 42 7 43 34 55 63 29 45 74 48 42 18 66 50 11 7 25 39 28 70 50 37 19 28 51 77 33 7 22 49 75 41 26 33 54 79 57 47 51 67 88 75 68 71 82 100
20 10 20 16 36 4 2 20 38 31 12 25 15 28 27 32 25 39 20 29 31 45 14 43 9 26 42 32 46 27 33 29 8 21 26 15 6 7 9 13 12 29 12 30 34 33 20 10 53 18 21 18 23 28 11 3 4 15 37 16 18 26 28 28 12 12 20 25 25 28 38 8 23 45 35 23 9 8 42 0 35 34 8 20 23 17 4 35 10 2 46 25 10 35 36 17 14 14 47 9 78 57 42 41 55 70 45 23 22 44 68 41 15 14 40 72 48 28 28 46 82 61 48 47 60
32 26 54 28 68 31 36 23 36 62 25 57 29 63 61 23 16 8 21 19 29 18 48 23 41 16 50 4 13 11 2 37 38 48 53 32 40 41 41 40 26 64 45 25 4 19 17 26 71 53 29 17 54 40 34 36 35 24 31 51 18 45 46 62 39 43 16 16 20 11 22 32 35 23 20 18 37 29 7 35 0 38 27 49 56 23 38 68 41 35 19 59 43 7 5 19 32 21 65 43 44 25 27 48 73 38 11 16 43 70 43 24 27 48 73 57 44 45 60 81 74 64 65 76 93
50 35 42 20 68 33 36 21 7 63 27 56 21 56 55 53 43 35 41 20 56 34 46 25 32 24 12 36 42 30 37 6 30 55 59 20 38 35 32 25 26 55 45 14 41 51 28 31 34 45 15 32 34 9 24 33 37 39 11 42 32 17 17 57 26 30 31 24 45 29 56 27 12 27 21 23 27 36 43 34 38 0 31 54 53 24 33 64 30 33 33 52 42 33 42 36 21 32 28 37 72 61 61 71 89 56 41 41 55 77 44 22 22 44 69 41 15 14 41 67 48 29 29 47 71
20 5 27 11 44 5 10 13 33 38 5 32 11 36 35 28 19 31 14 22 28 38 22 35 15 19 40 24 39 19 26 26 12 26 32 12 14 15 15 16 5 37 20 24 26 27 12 2 54 26 16 10 29 26 11 9 9 10 31 24 10 26 28 36 15 17 12 18 20 20 33 7 20 37 28 15 12 6 34 8 27 31 0 26 31 9 11 43 15 8 38 33 17 27 28 11 12 7 48 17 70 49 37 41 59 62 37 17 25 50 61 34 9 21 48 66 43 28 34 54 77 59 49 52 67
20 25 23 35 19 22 19 39 57 14 30 10 34 20 18 36 35 54 29 47 31 62 10 61 24 44 60 46 61 43 48 48 25 3 6 34 16 20 23 30 31 22 10 49 46 39 36 27 67 17 40 34 33 47 30 22 18 25 56 18 33 43 44 17 29 26 35 43 32 44 43 27 42 63 53 41 27 21 55 20 49 54 26 0 12 35 21 21 25 22 63 18 12 51 48 31 34 30 62 18 91 66 44 31 37 86 60 33 11 24 86 60 34 13 25 92 67 46 33 39 101 80 62 54 57
30 31 16 37 15 26 21 42 58 11 34 4 36 8 7 46 43 61 37 51 42 68 9 65 22 49 58 53 68 49 55 48 25 15 14 35 18 20 22 28 34 11 12 51 54 49 42 32 61 9 42 40 26 45 31 23 22 33 58 12 39 40 41 7 28 24 41 48 41 50 53 29 42 67 57 45 27 27 63 23 56 53 31 12 0 39 22 12 24 24 68 7 14 57 56 38 35 36 57 17 99 75 55 42 44 92 67 42 22 26 90 64 37 10 17 93 67 43 25 28 100 77 57 44 46
27 12 33 6 52 13 18 4 25 47 5 41 7 44 43 31 21 24 18 13 33 30 30 27 20 11 34 20 32 13 21 19 17 35 41 10 22 21 20 17 5 45 28 15 23 29 7 9 51 33 9 9 32 21 12 16 18 16 22 31 10 24 25 44 17 21 9 10 23 13 34 11 15 29 19 7 16 15 29 17 23 24 9 35 39 0 18 51 20 16 30 40 26 21 25 13 10 9 45 24 65 47 39 48 68 55 31 18 34 59 52 25 4 29 56 57 35 25 38 61 69 52 46 54 72
23 14 17 16 36 7 4 21 37 31 13 24 15 27 25 36 29 41 23 30 35 47 14 44 6 28 40 34 49 29 36 28 5 22 27 14 5 4 5 10 13 27 12 30 37 36 22 13 50 16 20 21 20 26 10 2 7 18 37 14 21 23 25 27 9 9 22 27 28 30 42 8 22 46 36 25 7 11 45 4 38 33 11 21 22 18 0 34 7 3 48 23 9 37 39 21 14 17 45 6 81 60 45 44 57 72 47 26 24 44 69 42 16 12 39 72 47 26 24 44 81 60 45 43 57
40 43 24 49 8 38 33 54 69 10 46 12 48 9 10 57 55 72 49 63 52 80 21 77 33 61 67 65 80 61 66 58 36 23 20 46 29 31 33 39 46 11 23 63 66 59 54 44 67 19 53 52 34 56 42 35 34 44 69 22 51 50 51 8 38 35 53 60 52 62 63 41 53 79 69 57 38 39 74 35 68 64 43 21 12 51 34 0 35 36 80 13 26 69 68 49 46 48 64 28 111 86 64 48 42 104 78 53 31 22 102 75 49 22 6 104 78 53 30 21 110 86 64 46 41
30 19 14 16 38 12 10 22 35 34 16 26 15 27 26 41 34 43 28 31 41 49 17 44 2 29 36 38 51 32 39 24 3 27 31 12 10 5 3 5 16 27 16 29 40 42 25 17 44 16 19 24 14 23 9 8 13 24 35 13 24 18 20 27 4 3 26 29 34 32 47 10 19 46 36 26 4 17 48 10 41 30 15 25 24 20 7 35 0 9 49 23 13 40 43 25 12 21 39 7 84 64 51 50 62 74 50 31 30 48 69 42 16 14 40 70 44 21 19 42 77 55 39 38 53
22 11 20 14 38 4 4 19 36 33 11 26 13 29 28 33 26 38 20 28 33 45 16 42 8 25 40 32 46 26 33 27 6 23 27 13 7 7 8 11 11 30 14 28 34 34 19 10 51 19 19 18 22 26 9 2 5 16 35 16 18 24 26 29 10 11 19 24 26 27 39 6 21 44 34 22 7 9 42 2 35 33 8 22 24 16 3 36 9 0 45 26 11 34 36 18 13 14 46 9 78 57 43 43 57 70 45 24 24 45 67 40 14 14 41 71 46 27 27 47 80 60 46 46 60
49 38 62 33 81 42 47 28 28 76 35 70 34 74 72 41 34 11 37 19 47 2 60 9 49 20 44 20 12 21 19 35 46 63 68 38 51 51 50 46 35 74 57 22 23 37 27 37 67 63 31 30 59 38 41 46 47 39 23 60 30 45 46 74 46 50 28 21 37 19 40 40 36 7 14 24 45 42 18 46 19 33 38 63 68 30 48 80 49 45 0 70 55 13 22 33 37 34 61 53 40 33 45 66 90 26 12 33 59 85 25 12 33 59 85 39 32 44 66 90 58 53 61 78 99
36 34 12 38 18 29 23 43 57 16 36 10 37 4 3 51 47 63 41 52 48 70 13 66 22 50 55 56 71 51 58 46 25 21 20 35 19 20 21 27 36 5 15 52 58 53 44 34 56 7 42 42 22 44 31 25 25 37 58 11 42 37 39 6 27 23 44 49 46 52 58 30 41 68 58 47 27 31 66 25 59 52 33 18 7 40 23 13 23 26 70 0 17 59 60 41 35 39 52 17 102 80 60 48 50 95 69 46 28 31 91 64 38 12 18 92 66 41 19 23 98 74 52 38 40
21 18 15 25 27 13 8 29 46 22 21 16 24 20 19 36 31 47 25 38 34 54 5 52 12 35 48 40 55 35 42 36 13 14 18 22 4 8 11 18 21 21 3 39 41 38 28 19 56 11 29 26 23 35 19 10 9 20 45 10 26 31 33 19 17 15 28 34 30 37 43 16 30 54 44 32 15 14 50 10 43 42 17 12 14 26 9 26 13 11 55 17 0 44 43 25 22 23 51 7 86 64 45 39 49 79 53 30 18 35 77 50 24 5 31 81 56 34 25 39 89 68 51 45 54
36 26 53 25 69 31 36 19 29 64 24 58 26 63 62 29 21 4 24 13 35 13 48 16 40 11 44 7 12 9 7 32 37 50 55 30 40 41 40 37 25 64 46 19 11 25 16 26 66 53 25 18 51 35 32 35 35 27 24 50 18 41 42 63 37 41 16 12 24 8 28 30 31 17 13 14 36 30 11 35 7 33 27 51 57 21 37 69 40 34 13 59 44 0 11 21 29 22 60 43 45 29 34 53 77 36 11 20 46 73 38 17 24 48 74 50 37 41 58 81 67 58 60 73 92
30 26 55 30 67 32 37 25 40 61 27 56 31 63 61 20 14 11 20 22 26 21 48 27 43 19 54 6 15 13 6 40 40 47 52 35 41 42 43 42 28 64 45 29 3 16 19 27 74 53 32 19 56 43 36 37 35 24 35 51 19 48 49 62 41 45 17 19 18 14 18 33 38 27 24 21 39 30 7 36 5 42 28 48 56 25 39 68 43 36 22 60 43 11 0 19 34 22 68 44 43 22 23 45 70 40 13 15 42 68 47 28 29 48 72 61 48 48 61 82 78 68 68 78 95
16 8 37 18 49 14 19 16 36 44 11 38 18 44 43 18 9 24 6 21 21 33 29 33 25 17 47 16 31 13 18 32 22 30 35 21 22 24 25 25 12 46 27 25 17 18 9 9 63 35 22 5 39 33 20 19 17 6 33 33 4 35 37 44 25 27 6 15 10 15 23 17 27 34 26 15 22 11 25 17 19 36 11 31 38 13 21 49 25 18 33 41 25 21 19 0 20 5 57 26 62 40 27 37 59 56 30 7 26 52 58 33 16 30 54 66 46 36 44 63 80 64 57 62 77
31 16 26 5 49 13 16 11 24 44 9 37 4 38 37 38 29 33 25 19 40 37 27 32 13 19 29 29 41 22 30 15 11 35 39 1 18 16 14 9 8 39 25 18 32 37 16 13 43 28 7 18 23 15 4 13 17 22 24 25 18 15 17 39 9 13 18 18 30 22 43 7 9 35 24 15 9 17 39 14 32 21 12 34 35 10 14 46 12 13 37 35 22 29 34 20 0 16 37 18 74 56 47 53 69 62 40 26 35 57 57 30 6 25 51 59 34 17 29 53 68 48 38 44 63
19 5 34 13 48 11 16 13 33 43 7 37 14 42 41 23 13 25 10 19 25 33 27 32 21 15 43 18 33 13 20 28 19 30 35 16 20 21 21 21 8 43 25 23 20 22 7 5 59 32 18 4 35 29 16 15 14 8 30 30 4 31 32 42 21 24 6 14 15 15 27 13 23 34 25 13 18 9 28 14 21 32 7 30 36 9 17 48 21 14 34 39 23 22 22 5 16 0 53 23 64 43 32 40 60 57 31 11 27 53 57 31 11 27 53 65 43 32 40 60 77 61 53 58 73
67 53 42 40 70 48 48 44 34 67 46 60 40 55 55 75 65 62 62 47 76 61 53 52 40 49 18 62 70 55 63 28 40 64 68 37 48 43 41 35 45 53 53 41 66 74 51 50 7 48 37 54 31 25 38 45 50 58 39 45 54 23 21 57 36 37 54 50 67 55 79 43 31 55 48 48 39 53 70 47 65 28 48 62 57 45 45 64 39 46 61 52 51 60 68 57 37 53 0 45 100 88 84 88 99 83 69 63 68 82 68 50 42 50 68 57 34 21 34 58 54 27 1 28 54
26 19 11 21 31 13 8 26 42 27 19 19 20 21 20 40 34 47 28 36 38 53 10 49 6 34 43 40 55 35 42 31 8 20 24 18 5 3 5 12 19 22 9 35 42 41 28 18 50 10 25 27 17 29 14 8 10 23 42 8 26 25 27 21 11 9 28 33 33 36 46 14 26 52 41 30 10 16 50 9 43 37 17 18 17 24 6 28 7 9 53 17 7 43 44 26 18 23 45 0 87 65 49 45 55 78 53 31 25 41 74 48 21 7 34 77 51 28 20 38 84 62 45 40 51
72 69 97 70 110 75 80 64 67 104 68 99 71 106 104 57 57 41 62 56 64 39 91 48 84 56 83 47 33 53 45 74 81 89 94 74 84 84 84 82 69 107 88 61 46 54 60 69 106 96 69 61 96 77 76 79 78 67 62 94 61 84 85 105 82 86 59 56 59 52 52 75 74 46 53 59 80 72 37 78 44 72 70 91 99 65 81 111 84 78 40 102 86 45 43 62 74 64 100 87 0 27 54 81 107 22 35 58 83 109 43 51 69 91 115 64 70 83 102 124 86 89 100 117 136
47 47 76 52 85 53 58 47 58 79 49 75 53 83 81 31 33 27 39 42 38 32 67 41 64 40 73 27 21 35 26 60 61 64 69 56 62 63 64 63 49 84 65 48 24 28 40 48 94 74 53 40 77 64 58 58 56 44 52 72 40 69 70 82 63 66 39 40 35 35 25 55 59 39 41 42 60 50 19 57 25 61 49 66 75 47 60 86 64 57 33 80 64 29 22 40 56 43 88 65 27 0 27 54 81 35 22 34 58 83 51 43 50 68 91 70 64 69 83 102 89 85 89 100 116
25 33 60 44 61 39 42 41 60 56 38 54 45 63 61 10 19 34 23 42 13 44 48 49 50 38 72 27 35 32 28 58 48 42 46 48 45 48 50 52 39 65 46 48 23 11 33 35 90 56 48 31 64 60 47 44 39 28 55 55 30 62 64 61 51 53 31 37 18 34 6 43 54 49 45 38 48 34 28 42 27 61 37 44 55 39 45 64 51 43 45 60 45 34 23 27 47 32 84 49 54 27 0 27 54 58 34 21 34 58 69 50 42 50 68 83 69 63 68 82 100 89 84 88 99
22 38 53 52 42 40 40 52 73 38 45 39 52 49 48 26 33 55 32 57 19 65 39 68 49 53 81 47 59 48 48 67 48 28 29 53 41 45 48 53 46 52 38 62 44 30 45 41 93 47 57 42 61 67 51 43 38 33 70 48 41 66 68 47 52 52 43 52 30 50 30 46 61 69 62 51 49 36 51 41 48 71 41 31 42 48 44 48 50 43 66 48 39 53 45 37 53 40 88 45 81 54 27 0 27 83 58 34 21 34 91 68 50 42 50 102 83 68 63 68 117 100 88 83 87
43 56 59 70 35 56 54 72 92 35 63 40 69 49 48 52 57 80 54 78 45 90 46 91 60 75 97 71 84 71 72 83 61 35 32 69 53 57 60 66 64 51 47 82 69 56 66 59 104 52 75 63 69 83 66 57 53 53 90 54 62 79 81 46 65 63 64 73 54 73 57 62 78 92 84 72 63 54 77 55 73 89 59 37 44 68 57 42 62 57 90 50 49 77 70 59 69 60 99 55 107 81 54 27 0 109 83 58 34 21 115 91 68 50 42 124 102 82 68 62 136 116 99 87 83
70 62 87 58 105 67 72 53 50 99 59 93 60 98 97 58 54 33 58 44 65 26 84 32 74 45 65 41 26 44 39 59 71 85 91 63 76 75 75 71 59 99 81 47 41 54 51 61 88 88 56 53 84 63 66 70 71 62 46 85 54 70 71 98 71 75 52 46 57 43 54 65 61 30 39 48 70 66 33 70 38 56 62 86 92 55 72 104 74 70 26 95 79 36 40 56 62 57 83 78 22 35 58 83 109 0 27 54 81 107 22 35 58 83 109 43 51 69 91 115 64 70 83 102 124
43 36 63 35 78 41 46 30 37 73 35 67 37 73 71 32 27 7 32 23 39 11 58 19 50 22 53 14 2 19 13 41 47 59 64 40 50 51 51 48 35 74 56 28 15 29 26 35 75 63 35 27 62 45 42 45 45 35 31 60 28 51 52 72 48 52 26 22 30 18 30 41 41 18 21 25 46 40 7 45 11 41 37 60 67 31 47 78 50 45 12 69 53 11 13 30 40 31 69 53 35 22 34 58 83 27 0 27 54 81 35 22 34 58 83 51 43 50 68 91 70 64 69 83 102
16 13 42 23 52 20 24 21 41 47 18 42 24 49 47 13 3 23 5 24 17 32 34 34 31 19 52 14 29 14 15 37 28 32 37 27 28 30 31 32 18 50 31 29 13 11 13 15 69 40 27 10 45 39 27 25 22 10 37 38 9 41 43 48 31 34 10 18 5 16 17 23 33 35 28 18 28 16 22 23 16 41 17 33 42 18 26 53 31 24 33 46 30 20 15 7 26 11 63 31 58 34 21 34 58 54 27 0 27 54 58 34 21 34 58 69 50 42 50 68 83 69 63 68 82
12 23 32 36 28 23 21 38 58 22 30 20 35 30 29 27 28 49 23 45 22 58 18 58 29 42 64 40 55 39 42 50 29 8 12 36 21 25 28 34 30 32 17 48 40 30 33 26 73 26 41 30 41 50 33 24 19 20 56 27 29 47 49 28 33 32 32 40 25 40 34 29 44 60 51 39 31 20 49 22 43 55 25 11 22 34 24 31 30 24 59 28 18 46 42 26 35 27 68 25 83 58 34 21 34 81 54 27 0 27 83 58 34 21 34 91 68 50 42 50 102 83 68 63 68
38 48 41 59 15 46 42 62 81 16 54 23 58 29 29 52 54 76 49 70 46 85 31 84 46 67 83 67 82 65 69 71 48 24 18 57 39 43 46 53 54 32 33 72 67 56 59 50 86 35 64 56 52 70 54 45 42 47 80 38 55 65 66 26 52 49 58 66 51 67 59 51 65 86 76 64 50 44 75 44 70 77 50 24 26 59 44 22 48 45 85 31 35 73 68 52 57 53 82 41 109 83 58 34 21 107 81 54 27 0 109 83 58 34 21 115 91 68 50 42 124 102 82 68 62
73 62 82 54 104 65 70 49 38 99 57 92 55 95 94 66 59 36 62 40 72 26 82 26 70 43 51 45 34 45 44 48 67 86 92 57 73 72 70 65 57 95 80 40 47 62 51 60 73 84 50 54 76 52 61 67 69 64 35 81 54 60 60 95 65 70 52 44 62 43 64 62 52 24 34 46 65 65 41 68 43 44 61 86 90 52 69 102 69 67 25 91 77 38 47 58 57 57 68 74 43 51 69 91 115 22 35 58 83 109 0 27 54 81 107 22 35 58 83 109 43 51 69 91 115
49 36 56 27 77 38 43 22 17 72 30 65 28 68 67 45 36 18 37 13 50 12 55 3 43 17 33 24 22 21 23 24 40 60 65 30 47 45 44 38 30 68 53 14 28 42 25 34 56 57 24 28 51 28 34 41 43 38 12 54 29 36 37 68 39 43 27 18 39 19 45 35 27 6 7 20 38 39 26 41 24 22 34 60 64 25 42 75 42 40 12 64 50 17 28 33 30 31 50 48 51 43 50 68 91 35 22 34 58 83 27 0 27 54 81 35 22 34 58 83 51 43 50 68 91
28 13 30 3 51 12 16 6 24 46 5 39 3 42 40 33 24 28 21 15 36 33 29 29 17 14 32 23 36 17 25 17 14 35 40 7 20 18 17 14 5 42 27 15 27 32 11 10 48 31 7 12 28 18 8 14 17 18 23 28 13 20 22 42 14 18 13 13 25 17 38 8 12 31 21 10 12 15 33 15 27 22 9 34 37 4 16 49 16 14 33 38 24 24 29 16 6 11 42 21 69 50 42 50 68 58 34 21 34 58 54 27 0 27 54 58 34 21 34 58 69 50 42 50 68
26 23 11 28 24 17 12 32 48 20 25 13 27 15 14 41 36 52 30 42 38 59 4 55 13 39 49 44 59 40 46 38 15 15 18 25 8 10 12 19 25 17 5 42 46 43 33 23 55 6 32 31 20 36 21 14 14 25 48 6 31 31 33 15 18 15 32 38 35 41 48 20 32 58 47 36 17 19 54 14 48 44 21 13 10 29 12 22 14 14 59 12 5 48 48 30 25 27 50 7 91 68 50 42 50 83 58 34 21 34 81 54 27 0 27 83 58 34 21 34 91 68 50 42 50
44 48 29 54 8 43 38 59 74 13 51 16 53 14 15 61 59 77 53 68 55 85 26 82 39 66 72 70 85 65 71 63 41 27 23 51 35 36 38 44 51 15 28 68 70 63 59 49 71 24 58 57 39 61 48 40 39 49 75 28 56 55 56 13 44 40 58 65 57 67 67 46 58 84 74 62 43 44 79 40 73 69 48 25 17 56 39 6 40 41 85 18 31 74 72 54 51 53 68 34 115 91 68 50 42 109 83 58 34 21 107 81 54 27 0 109 83 58 34 21 115 91 68 50 42
82 69 82 57 107 70 74 54 35 103 62 95 58 96 95 79 70 50 71 46 84 40 85 35 71 50 42 57 50 55 56 46 69 92 97 59 77 74 72 65 62 95 84 43 61 75 58 66 61 85 52 62 74 49 63 71 74 72 36 82 63 57 56 97 66 70 61 52 73 53 78 65 52 35 41 53 67 72 57 72 57 41 66 92 93 57 72 104 70 71 39 92 81 50 61 66 59 65 57 77 64 70 83 102 124 43 51 69 91 115 22 35 58 83 109 0 27 54 81 107 22 35 58 83 109
61 47 55 33 82 46 49 32 11 77 39 70 34 70 69 62 52 38 52 27 66 33 60 24 46 32 17 43 43 37 43 20 44 68 73 34 52 49 46 40 39 69 59 22 47 59 38 43 39 59 28 42 47 23 38 46 50 51 14 56 43 30 29 71 40 44 41 32 55 36 64 41 26 26 24 32 41 49 47 48 44 15 43 67 67 35 47 78 44 46 32 66 56 37 48 46 34 43 34 51 70 64 69 83 102 51 43 50 68 91 35 22 34 58 83 27 0 27 54 81 35 22 34 58 83
47 32 30 19 57 29 29 23 21 54 26 46 19 44 43 54 45 44 41 28 56 45 37 37 23 30 15 42 52 35 43 10 22 47 51 16 30 26 23 17 25 43 36 23 46 53 31 29 27 35 17 33 21 7 18 26 31 38 24 31 34 4 3 46 18 20 33 30 46 35 59 23 10 40 31 28 20 33 51 28 45 14 28 46 43 25 26 53 21 27 44 41 34 41 48 36 17 32 21 28 83 69 63 68 82 69 50 42 50 68 58 34 21 34 58 54 27 0 27 54 58 34 21 34 58
45 37 10 33 36 31 27 39 47 34 35 28 32 21 21 59 52 62 47 48 57 66 24 60 20 47 41 57 70 50 58 36 22 36 37 29 24 21 20 21 34 19 25 45 59 60 44 36 38 17 35 43 8 32 26 26 30 42 49 15 43 24 25 24 21 17 44 47 52 51 65 29 32 62 52 44 23 35 67 28 60 41 34 33 25 38 24 30 19 27 66 19 25 58 61 44 29 40 34 20 102 83 68 63 68 91 68 50 42 50 83 58 34 21 34 81 54 27 0 27 83 58 34 21 34
58 56 28 57 28 50 45 63 73 31 57 30 56 20 22 74 70 84 64 72 70 90 35 85 41 71 67 78 92 72 79 62 44 42 40 53 41 40 41 45 56 18 38 70 80 76 65 56 59 29 60 64 34 59 50 46 47 59 75 31 64 51 52 22 45 41 65 70 68 73 81 51 58 88 77 67 46 53 88 46 81 67 54 39 28 61 44 21 42 47 90 23 39 81 82 63 53 60 58 38 124 102 82 68 62 115 91 68 50 42 109 83 58 34 21 107 81 54 27 0 109 83 58 34 21
95 81 87 67 114 80 83 65 45 110 73 103 68 101 101 94 85 67 85 60 99 59 94 52 79 64 43 74 70 70 73 54 77 102 107 68 85 82 79 72 73 100 92 55 78 92 72 78 55 92 62 75 77 55 71 80 84 85 47 89 76 61 60 103 73 77 74 65 88 68 95 75 59 52 56 66 75 83 75 82 74 48 77 101 100 69 81 110 77 80 58 98 89 67 78 80 68 77 54 84 86 89 100 117 136 64 70 83 102 124 43 51 69 91 115 22 35 58 83 109 0 27 54 81 107
78 63 63 48 91 61 62 49 29 87 55 80 49 77 77 81 71 59 70 47 85 54 71 45 56 51 20 63 64 57 63 34 55 81 85 48 64 60 57 50 54 76 70 41 67 79 57 59 29 68 44 60 52 34 51 59 64 68 34 65 61 38 36 79 51 54 59 52 74 56 83 55 39 47 45 51 53 64 68 61 64 29 59 80 77 52 60 86 55 60 53 74 68 58 68 64 48 61 27 62 89 85 89 100 116 70 64 69 83 102 51 43 50 68 91 35 22 34 58 83 27 0 27 54 81
67 53 42 40 70 49 48 44 34 67 46 60 40 55 55 75 66 63 62 47 77 62 53 53 40 50 19 63 70 56 63 29 41 65 68 37 48 44 41 35 46 53 53 41 67 74 52 50 6 48 37 54 31 26 38 45 51 59 39 45 54 23 21 57 36 37 54 50 67 55 79 43 31 55 49 48 39 53 71 48 65 29 49 62 57 46 45 64 39 46 61 52 51 60 68 57 38 53 1 45 100 89 84 88 99 83 69 63 68 82 69 50 42 50 68 58 34 21 34 58 54 27 0 27 54
66 56 31 48 53 50 46 54 54 53 52 48 47 39 40 78 71 76 66 61 77 78 45 71 38 62 42 73 84 66 74 44 41 56 57 44 44 41 39 37 51 37 46 56 76 79 60 54 27 37 48 61 24 40 43 45 49 61 58 36 61 33 32 42 38 35 61 61 71 66 84 46 43 73 64 59 41 54 82 47 76 47 52 54 44 54 43 46 38 46 78 38 45 73 78 62 44 58 28 40 117 100 88 83 87 102 83 68 63 68 91 68 50 42 50 83 58 34 21 34 81 54 27 0 27
75 70 41 67 48 63 59 73 78 51 68 49 66 39 40 90 85 95 79 81 87 99 52 93 53 81 68 90 104 84 92 67 56 60 59 63 55 53 53 55 68 36 54 78 93 91 77 69 53 44 68 77 41 63 60 58 61 74 81 45 77 56 55 41 55 51 78 80 84 84 97 62 64 96 86 78 57 67 100 60 93 71 67 57 46 72 57 41 53 60 99 40 54 92 95 77 63 73 54 51 136 116 99 87 83 124 102 82 68 62 115 91 68 50 42 109 83 58 34 21 107 81 54 27 0
