0 45 26 56 45 34 28 30 31 32 61 54 41 65 26 17 30 15 24 15 42 14 47 51 25 26 47 30 49 24 61 57 72 38 50 44 28 39 58 66 63 52 65 62 31 56 27 24 60 30 12 60 29 59 61 40 37 34 28 32 18 41 40 38 61 30 42 37 29 16 34 25 42 51 40 47 30 38 32 34 65 64 54 41 49 39 52 37 30 62 64 44 69 61 29 48 19 28 74 36 71 62 64 76 94 54 42 44 60 82 41 21 27 49 74 36 9 19 45 72 43 25 30 51 75
45 0 21 26 29 17 32 47 57 20 32 16 35 35 20 33 47 33 22 32 56 32 30 22 20 20 15 17 18 44 26 18 30 39 50 14 17 42 16 34 32 20 28 23 34 26 20 23 31 33 36 27 48 28 23 17 31 47 55 14 36 24 31 15 23 15 52 9 17 33 57 22 17 27 8 16 32 49 25 14 31 28 25 37 45 14 29 38 16 31 34 20 32 29 37 40 31 21 35 29 74 51 33 33 50 68 42 17 16 41 69 43 19 18 42 76 53 36 36 52 87 68 56 56 67
26 21 0 40 25 9 26 38 38 18 38 29 25 42 9 18 38 18 9 15 40 14 36 35 6 1 22 12 25 25 37 32 47 37 50 19 7 39 36 42 40 35 40 37 29 40 2 11 37 17 15 36 30 42 41 16 30 40 36 10 16 29 22 13 36 8 47 15 7 19 39 12 25 37 15 22 16 43 22 8 41 40 31 37 46 14 30 35 11 39 41 29 45 37 30 43 10 15 49 18 75 57 48 53 69 63 41 27 36 57 58 31 7 25 51 59 34 16 28 53 68 48 37 43 62
56 26 40 0 55 40 31 42 77 25 57 39 60 59 34 40 42 42 35 42 80 43 13 6 36 39 41 29 43 65 48 41 46 29 34 40 34 31 18 57 56 7 49 45 30 1 38 34 56 56 51 51 69 3 11 42 23 40 75 30 55 16 56 40 46 33 41 27 34 40 78 33 16 7 32 41 54 40 25 37 54 50 50 25 29 39 54 28 30 55 58 13 53 53 34 24 49 29 53 53 54 28 9 29 55 55 30 13 30 56 64 43 34 44 64 77 61 55 61 77 93 81 76 80 93
45 29 25 55 0 18 50 63 39 40 18 22 8 22 32 42 62 41 33 39 32 37 56 51 30 25 16 34 15 29 23 23 37 60 73 16 29 62 43 24 20 49 26 26 53 55 26 35 16 17 34 19 30 57 51 14 53 64 38 30 28 50 7 17 24 28 71 31 29 43 37 36 43 55 24 16 16 68 45 22 24 25 14 60 69 17 9 59 32 19 20 47 29 20 54 65 27 38 35 10 98 78 62 56 62 88 64 44 35 44 81 55 30 15 31 80 54 28 7 28 85 60 39 28 39
34 17 9 40 18 0 32 46 41 22 30 20 21 34 15 27 46 26 16 24 40 23 39 35 13 9 13 16 16 28 28 23 39 42 56 10 11 45 32 34 31 34 31 28 35 40 9 18 28 17 23 27 32 42 39 7 35 47 39 12 21 32 17 5 27 11 54 14 11 27 41 18 26 39 10 14 15 50 27 4 33 31 22 42 51 6 22 41 15 30 32 30 36 28 37 47 17 20 40 14 80 60 48 48 62 70 46 28 29 49 66 39 13 16 42 68 43 21 23 45 76 55 40 41 56
28 32 26 31 50 32 0 16 55 13 61 46 51 64 18 13 15 15 18 17 63 19 20 27 20 25 42 17 45 45 56 49 62 12 25 40 21 14 38 64 61 29 59 54 4 30 25 16 59 42 28 57 50 33 38 38 9 16 53 22 34 15 48 35 54 22 22 24 22 13 58 15 20 25 32 43 41 18 8 29 62 59 53 13 22 36 54 11 19 60 63 20 63 58 5 20 30 13 66 43 50 35 38 56 79 38 16 22 46 72 38 13 20 45 72 47 32 35 54 77 63 52 54 68 87
30 47 38 42 63 46 16 0 61 28 75 61 62 78 32 21 1 23 31 25 71 27 30 39 34 38 57 32 60 52 71 64 77 14 21 54 35 13 53 78 76 42 74 69 14 42 38 29 74 52 35 71 57 44 51 52 20 5 58 36 42 28 60 49 69 37 12 39 36 21 63 28 34 36 46 57 51 8 23 43 76 74 67 19 22 50 68 15 33 75 77 34 78 73 11 23 40 27 81 55 42 36 48 69 93 26 16 36 61 87 23 10 34 60 87 36 29 43 66 91 54 50 59 77 99
31 57 38 77 39 41 55 61 0 53 56 58 31 60 44 43 60 41 43 39 15 37 72 72 42 39 50 48 51 13 61 60 75 66 79 48 44 68 72 62 58 72 64 63 58 77 40 44 54 25 29 58 10 79 78 44 63 64 3 48 23 65 33 44 62 45 72 52 44 43 4 46 62 74 50 50 27 68 56 43 62 63 52 68 77 45 47 65 48 58 58 66 68 58 57 75 28 49 73 32 102 90 85 89 100 85 70 64 69 83 70 52 43 50 68 59 36 23 34 58 55 28 2 27 53
32 20 18 25 40 22 13 28 53 0 49 34 42 52 10 16 27 17 11 17 57 18 19 20 12 17 30 7 34 41 44 37 50 21 34 28 12 24 28 52 49 21 46 42 15 25 16 9 48 34 26 45 46 28 30 27 14 28 51 10 30 12 39 24 42 12 34 12 12 16 55 8 10 21 20 31 33 30 6 19 50 46 41 20 30 24 43 20 8 48 51 13 51 46 18 26 26 4 54 34 59 40 33 46 67 50 25 13 34 60 50 24 11 34 60 58 38 31 44 66 71 56 52 61 78
61 32 38 57 18 30 61 75 56 49 0 18 26 4 44 56 74 55 45 53 47 52 61 53 42 38 19 44 16 47 10 17 24 69 82 21 40 72 41 6 3 51 12 15 63 57 38 47 2 34 50 7 47 58 50 23 61 76 56 39 46 56 24 26 13 39 82 38 40 57 54 47 48 59 30 18 34 79 54 32 7 11 9 68 77 26 10 68 42 2 3 52 13 5 65 72 43 48 19 27 106 83 62 48 47 98 73 49 29 28 95 69 42 16 13 97 70 45 22 21 102 78 56 40 39
54 16 29 39 22 20 46 61 58 34 18 0 30 20 32 45 61 45 33 43 53 42 45 36 31 28 8 30 7 46 10 3 19 54 66 11 28 57 24 19 17 34 13 9 49 40 28 34 17 33 43 12 48 41 33 15 46 61 57 26 41 40 27 16 9 26 67 23 27 45 57 35 32 41 16 8 32 64 39 21 16 13 12 52 61 15 17 53 29 17 19 35 18 14 51 56 37 35 21 26 89 65 45 35 43 83 57 32 14 29 83 56 30 8 26 87 62 41 29 38 96 74 57 49 55
41 35 25 60 8 21 51 62 31 42 26 30 0 29 33 41 62 40 33 38 24 36 59 55 31 26 23 36 23 22 31 31 45 61 75 22 30 64 49 31 28 54 34 34 54 60 26 35 24 12 31 27 22 62 57 19 55 64 31 32 24 52 4 21 32 30 72 34 30 42 29 37 46 59 28 22 12 68 47 24 32 33 22 61 71 22 16 60 34 27 27 51 37 28 54 67 24 39 43 8 99 81 67 63 70 87 65 48 43 52 79 54 31 22 38 76 50 23 5 31 79 54 31 21 37
65 35 42 59 22 34 64 78 60 52 4 20 29 0 48 60 78 59 49 57 50 56 64 56 46 42 22 47 19 51 11 18 22 72 85 25 44 75 42 3 3 53 12 15 67 59 42 50 6 38 54 8 51 60 51 27 64 79 60 43 50 59 28 30 13 42 85 41 43 60 58 51 51 61 33 22 38 82 57 36 6 10 12 71 80 29 14 71 46 4 2 55 11 7 69 75 47 52 16 31 109 85 64 48 45 102 76 51 30 25 99 72 46 19 9 100 74 49 26 20 106 82 60 43 40
26 20 9 34 32 15 18 32 44 10 44 32 33 48 0 13 31 14 2 12 48 12 29 29 3 8 26 5 29 31 41 35 49 29 42 23 4 31 33 47 45 29 44 40 21 33 7 3 42 25 18 41 37 36 36 21 22 33 41 7 21 22 30 18 39 6 40 12 5 14 45 4 18 30 17 27 24 36 14 12 46 44 36 29 38 19 36 27 5 44 46 22 48 42 22 35 16 7 52 26 67 49 42 51 69 56 33 21 36 59 52 25 2 29 56 56 33 22 36 60 67 50 43 51 70
17 33 18 40 42 27 13 21 43 16 56 45 41 60 13 0 21 2 12 4 51 7 31 35 14 18 39 16 42 32 53 47 62 24 37 36 17 26 43 60 57 37 56 53 16 40 18 11 54 31 15 53 38 43 45 33 21 24 40 20 22 25 39 30 52 19 32 24 18 1 45 11 26 35 30 39 30 28 16 25 58 56 48 26 35 31 48 23 17 56 58 28 61 54 15 33 19 13 65 34 61 48 48 61 82 47 28 29 48 72 40 13 15 42 68 43 22 23 45 70 56 41 42 57 78
30 47 38 42 62 46 15 1 60 27 74 61 62 78 31 21 0 22 30 25 70 27 30 39 33 38 56 31 60 51 70 63 76 14 21 54 35 13 52 78 75 41 73 69 13 41 37 29 73 52 34 71 57 44 50 52 19 5 57 36 42 28 59 49 69 36 12 38 35 21 63 28 33 35 46 57 51 9 23 43 76 73 66 18 22 49 67 14 33 74 76 33 78 72 10 23 39 27 81 55 42 36 48 69 93 26 16 35 61 87 23 9 33 59 86 36 29 43 65 90 54 50 59 77 99
15 33 18 42 41 26 15 23 41 17 55 45 40 59 14 2 22 0 12 3 49 5 33 37 14 18 38 17 42 30 53 47 62 26 39 36 17 27 44 59 57 38 56 53 18 41 18 11 54 30 13 53 36 44 46 33 23 25 38 20 20 27 38 30 52 19 33 25 18 3 43 12 27 37 30 39 29 29 18 24 58 56 48 28 37 31 47 25 17 56 58 30 61 54 17 35 18 14 65 33 63 50 50 62 82 48 30 30 49 72 41 15 15 41 68 43 21 21 44 69 55 40 40 55 77
24 22 9 35 33 16 18 31 43 11 45 33 33 49 2 12 30 12 0 11 48 10 29 30 3 8 27 7 30 31 42 36 50 28 42 25 5 31 34 49 46 30 45 41 21 34 8 2 43 25 17 42 36 37 38 22 22 32 41 8 20 22 31 19 41 7 39 13 6 13 44 4 19 31 18 28 24 35 15 13 47 45 37 29 38 20 37 27 6 45 47 23 50 43 22 35 15 7 53 26 67 49 43 52 71 55 33 22 37 61 51 24 4 30 57 55 32 21 36 60 66 48 42 51 70
15 32 15 42 39 24 17 25 39 17 53 43 38 57 12 4 25 3 11 0 47 3 34 37 13 16 37 16 40 29 51 46 60 28 41 34 15 29 44 57 55 38 55 51 20 42 16 10 52 27 11 51 34 45 46 31 24 28 37 19 18 28 36 28 50 17 35 23 16 5 41 11 27 37 28 37 27 32 19 22 56 54 45 30 38 29 45 27 16 53 55 30 59 52 19 36 15 14 63 31 65 51 50 62 81 51 32 30 47 71 43 17 14 39 66 45 22 19 41 67 56 39 38 53 74
42 56 40 80 32 40 63 71 15 57 47 53 24 50 48 51 70 49 48 47 0 45 76 74 46 41 46 52 46 19 54 55 69 74 87 45 47 76 71 53 49 74 57 57 66 79 42 49 46 24 36 50 14 82 78 41 69 74 17 50 29 69 27 42 55 48 81 53 47 51 12 51 65 77 49 46 26 78 62 44 54 56 45 75 84 43 39 73 51 49 49 69 59 50 65 82 33 54 65 28 111 96 87 86 93 95 78 67 66 75 82 62 47 45 58 73 49 28 26 45 70 43 16 12 38
14 32 14 43 37 23 19 27 37 18 52 42 36 56 12 7 27 5 10 3 45 0 35 38 12 14 35 16 38 26 50 45 60 30 43 32 15 31 44 56 53 39 53 50 22 42 14 10 50 25 9 49 32 45 47 29 26 30 35 18 16 29 34 27 49 17 38 23 15 7 40 11 28 38 27 36 25 34 20 21 55 53 44 31 40 27 43 29 16 52 54 31 58 51 21 38 13 14 62 29 67 53 51 62 81 53 34 31 47 70 45 19 13 38 64 46 22 17 39 65 56 39 36 51 72
47 30 36 13 56 39 20 30 72 19 61 45 59 64 29 31 30 33 29 34 76 35 0 11 31 36 44 25 47 60 54 47 55 16 23 42 30 18 27 63 61 14 56 51 19 12 35 28 61 53 44 56 65 15 22 43 12 27 69 28 49 8 56 40 52 30 28 26 30 31 73 27 14 7 34 44 52 27 16 36 60 56 54 12 18 40 57 16 26 61 63 10 60 58 22 12 44 23 61 52 45 22 19 41 67 43 17 13 39 65 51 32 30 47 70 65 51 50 61 81 82 72 70 79 94
51 22 35 6 51 35 27 39 72 20 53 36 55 56 29 35 39 37 30 37 74 38 11 0 31 34 37 24 39 59 45 38 45 26 34 36 29 29 17 54 53 4 47 42 26 5 33 29 53 51 46 48 64 8 12 37 20 37 70 25 49 12 52 35 43 28 39 22 28 36 73 28 11 6 28 37 49 37 20 32 51 47 46 23 28 34 50 26 25 52 55 8 51 50 30 23 44 24 52 48 55 30 14 31 56 54 28 8 29 55 61 39 29 40 61 73 57 50 57 73 89 76 71 76 89
25 20 6 36 30 13 20 34 42 12 42 31 31 46 3 14 33 14 3 13 46 12 31 31 0 5 25 7 28 29 39 33 48 31 45 22 3 33 33 46 43 31 43 39 24 35 5 5 41 23 17 39 34 38 38 19 25 35 40 7 19 24 28 17 38 5 42 12 4 15 43 6 20 32 16 25 21 38 17 11 44 42 34 31 41 17 34 30 6 42 44 24 47 41 25 37 14 9 51 23 69 51 44 51 69 58 35 23 36 59 54 27 2 28 54 57 33 20 34 58 67 49 41 49 67
26 20 1 39 25 9 25 38 39 17 38 28 26 42 8 18 38 18 8 16 41 14 36 34 5 0 22 11 25 26 37 31 47 36 50 19 6 38 35 42 40 34 40 36 28 39 1 10 37 18 16 36 31 42 40 16 29 40 36 9 17 28 23 13 36 7 47 14 6 19 39 11 24 36 15 22 17 43 22 8 41 39 30 36 46 14 30 35 10 38 41 28 44 37 30 42 11 14 49 18 74 56 47 52 69 63 40 26 35 57 57 31 6 24 51 60 35 17 29 53 68 48 38 44 62
47 15 22 41 16 13 42 57 50 30 19 8 23 22 26 39 56 38 27 37 46 35 44 37 25 22 0 25 4 38 15 11 27 51 63 3 22 53 27 22 20 35 19 16 45 41 21 29 18 25 36 15 41 42 36 8 43 57 49 21 33 38 20 9 14 21 63 19 22 39 49 29 30 41 11 1 24 60 36 15 20 18 11 49 59 8 14 50 24 18 21 34 23 17 47 54 29 30 27 19 88 65 47 41 50 80 55 31 20 36 78 51 24 4 30 81 56 33 23 37 89 67 50 43 52
30 17 12 29 34 16 17 32 48 7 44 30 36 47 5 16 31 17 7 16 52 16 25 24 7 11 25 0 29 36 39 33 46 27 40 23 6 29 28 47 44 24 42 38 20 29 10 7 42 29 23 40 41 32 32 21 20 33 46 5 26 18 33 18 38 6 39 8 6 17 50 6 14 26 15 26 27 35 12 13 45 42 36 26 36 19 37 26 2 43 46 18 47 41 22 32 21 5 50 28 65 46 37 46 66 55 31 16 32 57 53 27 6 29 55 59 37 26 38 61 71 54 47 55 72
49 18 25 43 15 16 45 60 51 34 16 7 23 19 29 42 60 42 30 40 46 38 47 39 28 25 4 29 0 40 12 9 25 54 66 6 26 57 29 19 16 37 16 13 48 43 24 32 15 27 39 12 42 45 38 10 46 61 50 24 35 41 20 12 12 24 67 23 25 42 50 33 33 44 14 3 25 63 39 18 17 15 8 53 62 11 12 53 27 15 18 37 20 13 50 57 32 33 25 20 91 68 49 41 49 83 58 34 20 34 81 54 27 1 27 84 58 35 22 35 91 69 51 43 50
24 44 25 65 29 28 45 52 13 41 47 46 22 51 31 32 51 30 31 29 19 26 60 59 29 26 38 36 40 0 50 48 64 56 69 36 31 57 59 52 49 59 54 52 48 64 27 32 45 14 18 47 6 67 65 31 51 55 11 35 11 53 23 31 50 32 63 39 32 33 14 33 49 61 37 38 15 59 44 30 52 53 41 57 66 32 37 55 35 48 49 53 57 48 47 64 16 37 63 21 92 79 73 76 88 77 60 52 57 72 64 43 31 39 59 57 31 10 26 52 58 32 12 27 52
61 26 37 48 23 28 56 71 61 44 10 10 31 11 41 53 70 53 42 51 54 50 54 45 39 37 15 39 12 50 0 8 15 64 75 18 37 66 32 9 9 43 4 5 58 48 36 43 11 37 50 5 52 49 41 22 56 71 60 35 47 49 29 24 3 35 77 33 36 54 60 44 42 51 25 15 36 74 49 29 7 3 10 62 70 23 15 63 38 9 11 45 8 6 61 65 43 44 13 30 99 75 53 39 40 93 67 42 20 22 92 65 39 13 17 96 70 46 29 30 103 80 61 48 49
57 18 32 41 23 23 49 64 60 37 17 3 31 18 35 47 63 47 36 46 55 45 47 38 33 31 11 33 9 48 8 0 16 56 68 13 31 59 25 17 16 35 10 6 51 41 31 37 16 35 46 11 51 42 34 18 48 64 59 29 43 42 28 19 6 29 69 26 30 48 59 37 34 43 18 11 34 66 42 24 14 10 12 54 63 18 18 55 32 15 18 37 15 12 54 58 39 37 18 28 91 67 46 34 40 86 60 34 14 26 85 59 33 10 24 90 65 43 30 37 99 77 59 50 55
72 30 47 46 37 39 62 77 75 50 24 19 45 22 49 62 76 62 50 60 69 60 55 45 48 47 27 46 25 64 15 16 0 67 77 29 46 70 29 20 22 42 12 12 63 46 46 52 25 51 62 19 66 46 37 34 59 76 74 43 59 52 43 35 14 44 81 39 45 62 74 52 44 50 33 27 50 78 54 39 17 14 24 65 72 34 30 66 46 22 23 46 12 20 66 67 55 51 9 44 99 74 49 28 25 97 70 43 17 11 99 73 47 25 22 105 81 59 43 41 114 93 75 63 61
38 39 37 29 60 42 12 14 66 21 69 54 61 72 29 24 14 26 28 28 74 30 16 26 31 36 51 27 54 56 64 56 67 0 14 49 31 3 41 72 70 29 66 61 8 28 35 26 68 52 38 65 61 31 38 48 9 11 63 31 45 16 58 45 62 32 14 32 32 24 68 25 23 22 40 51 51 12 16 39 69 66 61 5 11 45 63 2 28 69 71 22 71 66 10 11 41 22 73 54 39 25 34 56 81 30 5 25 51 78 35 19 30 54 80 50 40 46 64 87 68 61 65 79 98
50 50 50 34 73 56 25 21 79 34 82 66 75 85 42 37 21 39 42 41 87 43 23 34 45 50 63 40 66 69 75 68 77 14 0 61 45 12 50 84 82 37 77 73 22 34 49 40 81 66 52 77 74 35 44 61 21 17 76 44 59 27 72 58 73 46 12 44 45 37 82 39 34 28 53 64 65 14 29 52 81 78 74 14 6 58 76 15 42 81 84 31 82 79 23 11 55 36 83 68 25 16 37 62 88 22 10 35 61 88 35 29 44 67 92 54 50 60 78 100 74 71 78 92 112
44 14 19 40 16 10 40 54 48 28 21 11 22 25 23 36 54 36 25 34 45 32 42 36 22 19 3 23 6 36 18 13 29 49 61 0 20 51 28 25 22 34 21 18 42 40 19 26 20 23 33 18 39 42 36 5 41 55 47 18 31 36 19 6 17 18 61 17 19 36 48 27 29 40 9 4 22 58 33 12 23 21 13 47 57 6 15 47 22 21 23 33 26 19 45 52 26 28 30 17 86 64 47 42 53 78 52 30 22 39 75 48 21 6 33 78 53 30 22 39 86 64 47 43 53
28 17 7 34 29 11 21 35 44 12 40 28 30 44 4 17 35 17 5 15 47 15 30 29 3 6 22 6 26 31 37 31 46 31 45 20 0 34 31 44 41 29 40 36 24 34 5 7 39 23 19 37 36 36 35 17 25 36 41 5 21 23 27 15 36 3 43 10 1 17 45 8 19 31 13 23 22 39 17 9 42 40 32 31 41 15 33 30 5 40 42 23 45 38 26 37 16 10 48 23 70 51 42 49 66 59 36 21 33 56 56 29 2 25 52 60 36 22 33 56 70 52 43 49 67
39 42 39 31 62 45 14 13 68 24 72 57 64 75 31 26 13 27 31 29 76 31 18 29 33 38 53 29 57 57 66 59 70 3 12 51 34 0 44 74 72 32 69 64 10 30 38 29 71 55 40 67 63 33 40 50 11 10 65 34 47 19 61 47 64 35 11 35 34 25 70 28 26 24 43 54 54 9 18 42 72 69 64 7 10 47 66 4 31 71 74 24 73 69 11 11 43 25 75 56 36 24 36 59 84 28 3 27 54 80 33 19 33 57 82 48 40 48 67 89 67 61 66 81 100
58 16 36 18 43 32 38 53 72 28 41 24 49 42 33 43 52 44 34 44 71 44 27 17 33 35 27 28 29 59 32 25 29 41 50 28 31 44 0 40 40 13 32 28 39 18 34 34 41 48 49 35 63 18 10 31 34 51 70 27 51 25 46 29 29 29 54 22 30 44 72 33 19 22 23 28 47 52 30 29 38 33 35 38 44 29 40 40 28 39 42 20 36 37 43 39 45 31 36 44 71 45 22 19 41 70 43 17 13 39 75 51 32 30 47 85 65 51 49 61 98 82 71 70 78
66 34 42 57 24 34 64 78 62 52 6 19 31 3 47 60 78 59 49 57 53 56 63 54 46 42 22 47 19 52 9 17 20 72 84 25 44 74 40 0 4 51 9 13 66 57 42 50 8 40 55 7 53 58 49 27 64 79 61 42 51 58 30 30 12 42 84 40 43 60 60 51 50 59 32 21 39 81 57 36 3 8 13 70 79 29 16 70 46 5 5 53 8 6 68 74 48 51 13 32 107 83 62 46 43 101 75 50 28 23 99 72 45 19 9 101 75 50 28 23 107 83 62 46 42
63 32 40 56 20 31 61 76 58 49 3 17 28 3 45 57 75 57 46 55 49 53 61 53 43 40 20 44 16 49 9 16 22 70 82 22 41 72 40 4 0 51 10 13 64 56 39 48 4 36 52 6 49 57 49 25 62 76 58 40 47 56 26 27 11 40 82 38 41 58 56 48 48 58 30 19 35 79 55 33 5 9 10 68 77 27 12 68 43 2 2 52 11 4 66 72 44 49 16 29 106 82 62 47 45 99 73 49 28 26 96 70 43 16 12 98 72 47 24 22 104 80 58 42 41
52 20 35 7 49 34 29 42 72 21 51 34 54 53 29 37 41 38 30 38 74 39 14 4 31 34 35 24 37 59 43 35 42 29 37 34 29 32 13 51 51 0 44 39 29 7 33 30 50 50 46 45 64 8 9 36 23 40 70 25 50 14 50 34 40 27 42 21 28 37 73 28 11 9 26 35 49 40 22 31 49 45 44 26 31 33 48 29 25 50 52 9 48 47 32 26 44 25 49 47 58 33 14 28 53 57 31 9 26 52 64 42 29 38 58 76 58 50 55 71 91 77 71 74 87
65 28 40 49 26 31 59 74 64 46 12 13 34 12 44 56 73 56 45 55 57 53 56 47 43 40 19 42 16 54 4 10 12 66 77 21 40 69 32 9 10 44 0 5 61 49 39 46 13 41 54 8 55 50 41 25 58 74 64 38 50 51 32 27 5 38 79 35 39 57 63 47 43 52 28 18 40 76 51 33 6 2 13 64 72 26 19 65 41 10 12 47 5 8 63 67 47 47 10 34 101 76 54 37 37 96 69 43 20 19 95 68 42 16 15 99 74 50 32 31 107 84 64 51 51
62 23 37 45 26 28 54 69 63 42 15 9 34 15 40 53 69 53 41 51 57 50 51 42 39 36 16 38 13 52 5 6 12 61 73 18 36 64 28 13 13 39 5 0 57 45 36 43 15 39 51 9 54 46 37 23 53 69 63 34 48 47 31 24 3 34 75 31 36 53 62 43 39 47 24 15 38 72 47 29 10 6 13 59 68 23 19 60 37 13 15 42 10 10 59 62 44 43 13 32 96 72 49 34 37 91 65 39 16 21 91 64 38 14 20 95 70 48 32 35 104 82 63 52 54
31 34 29 30 53 35 4 14 58 15 63 49 54 67 21 16 13 18 21 20 66 22 19 26 24 28 45 20 48 48 58 51 63 8 22 42 24 10 39 66 64 29 61 57 0 29 28 19 62 45 31 59 53 32 38 41 7 13 56 25 37 15 51 38 57 25 19 26 25 16 61 18 20 24 34 45 44 16 10 32 64 61 55 11 19 38 57 7 21 63 65 20 66 61 4 17 33 15 68 46 46 32 37 56 80 36 13 22 48 74 36 14 23 48 74 47 34 38 57 80 64 54 57 71 90
56 26 40 1 55 40 30 42 77 25 57 40 60 59 33 40 41 41 34 42 79 42 12 5 35 39 41 29 43 64 48 41 46 28 34 40 34 30 18 57 56 7 49 45 29 0 38 34 56 55 50 51 69 4 11 42 23 39 74 30 54 15 56 39 46 32 40 26 33 40 78 32 16 6 32 41 54 39 24 36 54 50 50 24 28 39 54 28 30 56 58 12 54 53 33 23 49 29 54 53 54 28 9 29 55 54 29 13 31 56 63 43 34 44 64 76 61 55 61 77 93 80 76 80 93
27 20 2 38 26 9 25 38 40 16 38 28 26 42 7 18 37 18 8 16 42 14 35 33 5 1 21 10 24 27 36 31 46 35 49 19 5 38 34 42 39 33 39 36 28 38 0 10 37 19 17 35 32 41 39 15 29 39 37 8 17 28 23 13 35 6 46 13 5 19 40 11 23 36 14 22 18 43 21 7 41 39 30 36 45 14 30 34 9 38 41 27 44 37 29 42 12 14 48 19 74 55 46 52 68 63 40 26 34 56 57 31 6 24 51 60 35 18 29 53 69 49 39 45 63
24 23 11 34 35 18 16 29 44 9 47 34 35 50 3 11 29 11 2 10 49 10 28 29 5 10 29 7 32 32 43 37 52 26 40 26 7 29 34 50 48 30 46 43 19 34 10 0 45 27 17 43 37 37 37 24 20 30 42 9 22 21 32 21 42 9 37 14 7 11 46 2 19 30 19 29 26 34 13 15 49 46 39 27 37 21 39 25 7 46 49 22 51 45 20 33 17 6 55 28 65 48 42 52 72 53 31 22 38 62 49 23 5 32 59 54 31 22 38 62 65 48 43 53 72
60 31 37 56 16 28 59 74 54 48 2 17 24 6 42 54 73 54 43 52 46 50 61 53 41 37 18 42 15 45 11 16 25 68 81 20 39 71 41 8 4 50 13 15 62 56 37 45 0 32 49 7 46 57 50 22 60 74 54 38 44 55 23 25 13 37 81 37 38 55 52 46 47 58 29 17 32 77 53 31 9 12 7 67 76 24 8 67 41 4 4 51 14 6 64 71 41 47 20 25 105 82 62 49 49 97 72 48 29 30 94 67 40 14 15 95 69 43 21 21 100 76 54 39 39
30 33 17 56 17 17 42 52 25 34 34 33 12 38 25 31 52 30 25 27 24 25 53 51 23 18 25 29 27 14 37 35 51 52 66 23 23 55 48 40 36 50 41 39 45 55 19 27 32 0 20 34 16 58 55 19 47 54 24 26 13 46 11 19 37 24 62 30 23 32 25 28 41 54 26 25 2 58 39 20 40 40 28 53 63 20 25 51 27 35 36 45 44 35 45 59 13 31 50 8 91 74 64 64 75 77 57 43 44 59 68 44 24 26 47 65 39 12 16 43 69 44 25 27 48
12 36 15 51 34 23 28 35 29 26 50 43 31 54 18 15 34 13 17 11 36 9 44 46 17 16 36 23 39 18 50 46 62 38 52 33 19 40 49 55 52 46 54 51 31 50 17 17 49 20 0 49 23 53 54 29 35 38 26 23 8 37 29 27 50 21 46 28 20 15 31 19 35 47 30 36 19 42 28 23 54 53 43 40 49 28 41 37 22 51 53 39 58 50 30 47 8 22 63 25 75 62 59 67 84 60 42 38 51 71 49 26 18 38 63 47 20 9 35 61 53 33 27 43 66
60 27 36 51 19 27 57 71 58 45 7 12 27 8 41 53 71 53 42 51 50 49 56 48 39 36 15 40 12 47 5 11 19 65 77 18 37 67 35 7 6 45 8 9 59 51 35 43 7 34 49 0 49 52 44 21 57 72 57 35 45 51 25 23 7 35 77 33 36 53 56 44 43 53 25 14 34 74 50 29 6 6 7 63 72 22 12 63 39 5 8 47 10 2 61 67 42 44 16 27 101 77 56 43 44 94 68 43 23 26 92 65 39 12 16 94 69 44 25 27 101 78 57 44 45
29 48 30 69 30 32 50 57 10 46 47 48 22 51 37 38 57 36 36 34 14 32 65 64 34 31 41 41 42 6 52 51 66 61 74 39 36 63 63 53 49 64 55 54 53 69 32 37 46 16 23 49 0 72 70 34 57 60 9 40 16 58 24 35 52 37 68 44 36 38 9 39 54 66 41 41 17 64 50 35 53 54 43 63 72 36 38 60 40 49 49 58 58 49 52 69 21 42 64 23 98 84 77 80 90 82 65 57 60 74 69 48 36 41 60 61 36 16 26 50 60 33 9 23 49
59 28 42 3 57 42 33 44 79 28 58 41 62 60 36 43 44 44 37 45 82 45 15 8 38 42 42 32 45 67 49 42 46 31 35 42 36 33 18 58 57 8 50 46 32 4 41 37 57 58 53 52 72 0 10 44 26 42 77 33 57 18 58 42 47 35 42 29 36 43 80 35 18 9 34 43 57 41 27 39 55 51 51 27 30 41 56 30 32 57 59 15 54 54 36 25 52 32 54 55 54 28 6 28 54 56 31 16 31 56 65 46 37 45 65 79 64 57 63 78 96 83 78 82 94
61 23 41 11 51 39 38 51 78 30 50 33 57 51 36 45 50 46 38 46 78 47 22 12 38 40 36 32 38 65 41 34 37 38 44 36 35 40 10 49 49 9 41 37 38 11 39 37 50 55 54 44 70 10 0 39 31 49 76 31 56 23 54 37 38 33 50 27 35 45 79 36 20 17 30 37 53 49 30 36 47 42 44 34 39 36 49 37 32 49 51 18 45 46 41 34 51 33 44 51 64 38 13 19 45 65 39 17 22 46 72 51 36 38 56 85 67 56 58 70 100 85 77 78 87
40 17 16 42 14 7 38 52 44 27 23 15 19 27 21 33 52 33 22 31 41 29 43 37 19 16 8 21 10 31 22 18 34 48 61 5 17 50 31 27 25 36 25 23 41 42 15 24 22 19 29 21 34 44 39 0 40 53 42 17 26 36 15 4 21 16 60 17 17 34 43 25 29 42 10 8 17 56 33 9 26 25 15 47 56 4 16 47 20 23 26 34 30 22 43 52 22 26 34 13 85 64 49 46 57 76 52 31 26 43 72 46 19 10 36 74 49 26 20 40 82 60 43 40 52
37 31 30 23 53 35 9 20 63 14 61 46 55 64 22 21 19 23 22 24 69 26 12 20 25 29 43 20 46 51 56 48 59 9 21 41 25 11 34 64 62 23 58 53 7 23 29 20 60 47 35 57 57 26 31 40 0 18 60 24 41 9 52 37 54 25 22 24 25 21 65 19 16 17 32 44 45 19 8 32 61 58 53 7 17 37 55 7 21 61 63 14 63 58 11 13 36 16 65 47 46 28 30 50 74 38 12 17 43 70 42 21 24 46 72 54 40 42 57 79 71 61 61 73 91
34 47 40 40 64 47 16 5 64 28 76 61 64 79 33 24 5 25 32 28 74 30 27 37 35 40 57 33 61 55 71 64 76 11 17 55 36 10 51 79 76 40 74 69 13 39 39 30 74 54 38 72 60 42 49 53 18 0 61 37 45 26 62 50 69 37 8 39 37 23 67 29 33 33 47 58 54 4 23 44 77 74 68 15 18 51 69 12 34 75 78 32 78 73 11 20 42 28 81 57 38 32 45 67 92 24 12 34 60 87 24 13 35 61 87 39 33 46 68 92 58 54 63 80 101
28 55 36 75 38 39 53 58 3 51 56 57 31 60 41 40 57 38 41 37 17 35 69 70 40 36 49 46 50 11 60 59 74 63 76 47 41 65 70 61 58 70 64 63 56 74 37 42 54 24 26 57 9 77 76 42 60 61 0 45 21 62 32 42 61 43 69 50 42 40 7 43 59 71 48 49 25 65 54 41 62 63 51 66 74 43 46 63 45 57 58 63 67 58 54 72 26 47 73 31 99 87 83 87 99 82 67 62 68 82 67 49 41 49 68 57 33 20 34 58 53 26 2 28 55
32 14 10 30 30 12 22 36 48 10 39 26 32 43 7 20 36 20 8 19 50 18 28 25 7 9 21 5 24 35 35 29 43 31 44 18 5 34 27 42 40 25 38 34 25 30 8 9 38 26 23 35 40 33 31 17 24 37 45 0 25 21 29 14 34 3 43 5 4 20 48 9 15 28 11 22 25 40 16 9 41 38 31 30 40 14 33 30 4 39 41 19 43 37 27 36 20 10 46 25 69 49 38 45 63 60 35 18 29 53 57 31 6 24 51 63 40 26 35 56 74 56 47 52 68
18 36 16 55 28 21 34 42 23 30 46 41 24 50 21 22 42 20 20 18 29 16 49 49 19 17 33 26 35 11 47 43 59 45 59 31 21 47 51 51 47 50 50 48 37 54 17 22 44 13 8 45 16 57 56 26 41 45 21 25 0 42 23 25 47 23 53 30 22 22 25 23 39 51 30 33 13 49 34 23 50 50 39 47 56 26 36 44 25 46 48 43 54 46 37 53 6 27 59 19 82 68 63 68 83 68 49 42 50 68 57 33 21 35 58 53 26 2 28 55 57 34 22 35 59
41 24 29 16 50 32 15 28 65 12 56 40 52 59 22 25 28 27 22 28 69 29 8 12 24 28 38 18 41 53 49 42 52 16 27 36 23 19 25 58 56 14 51 47 15 15 28 21 55 46 37 51 58 18 23 36 9 26 62 21 42 0 49 33 47 23 29 19 23 25 66 20 8 10 27 39 45 27 10 29 55 52 48 13 21 33 51 15 19 55 58 6 56 53 19 17 37 16 58 45 50 29 23 41 66 46 19 9 36 62 50 28 23 41 66 62 46 43 55 75 78 66 64 72 88
40 31 22 56 7 17 48 60 33 39 24 27 4 28 30 39 59 38 31 36 27 34 56 52 28 23 20 33 20 23 29 28 43 58 72 19 27 61 46 30 26 50 32 31 51 56 23 32 23 11 29 25 24 58 54 15 52 62 32 29 23 49 0 17 29 27 69 31 27 40 31 34 43 56 25 19 11 65 44 21 30 31 19 58 68 18 15 57 31 26 26 47 35 26 52 64 22 36 41 5 97 77 64 60 68 85 62 45 39 50 78 52 29 19 37 75 49 22 6 32 79 54 33 25 40
38 15 13 40 17 5 35 49 44 24 26 16 21 30 18 30 49 30 19 28 42 27 40 35 17 13 9 18 12 31 24 19 35 45 58 6 15 47 29 30 27 34 27 24 38 39 13 21 25 19 27 23 35 42 37 4 37 50 42 14 25 33 17 0 23 13 57 15 14 31 44 22 27 39 8 9 18 53 30 6 29 27 18 44 53 2 19 43 17 26 28 31 32 25 40 49 21 23 36 15 82 61 47 45 58 73 49 28 26 45 70 43 16 12 38 72 47 25 22 43 80 59 43 42 55
61 23 36 46 24 27 54 69 62 42 13 9 32 13 39 52 69 52 41 50 55 49 52 43 38 36 14 38 12 50 3 6 14 62 73 17 36 64 29 12 11 40 5 3 57 46 35 42 13 37 50 7 52 47 38 21 54 69 61 34 47 47 29 23 0 34 75 31 35 53 60 42 39 48 24 14 36 72 47 28 9 5 11 60 68 22 17 61 37 11 13 43 10 8 59 63 43 43 13 30 97 73 51 36 39 91 65 40 17 22 91 64 38 12 19 95 69 46 30 33 103 80 61 50 51
30 15 8 33 28 11 22 37 45 12 39 26 30 42 6 19 36 19 7 17 48 17 30 28 5 7 21 6 24 32 35 29 44 32 46 18 3 35 29 42 40 27 38 34 25 32 6 9 37 24 21 35 37 35 33 16 25 37 43 3 23 23 27 13 34 0 44 8 2 19 46 9 17 30 11 21 23 40 17 7 41 38 31 32 41 14 32 31 4 39 41 22 43 37 27 37 18 10 47 23 70 51 41 47 64 60 36 20 31 54 57 31 4 24 51 62 38 23 33 55 72 54 44 50 67
42 52 47 41 71 54 22 12 72 34 82 67 72 85 40 32 12 33 39 35 81 38 28 39 42 47 63 39 67 63 77 69 81 14 12 61 43 11 54 84 82 42 79 75 19 40 46 37 81 62 46 77 68 42 50 60 22 8 69 43 53 29 69 57 75 44 0 45 43 31 75 36 37 34 53 64 61 4 28 51 82 79 74 17 14 57 75 15 40 81 84 35 84 79 18 18 50 34 86 64 30 27 45 69 94 17 12 38 64 91 24 21 42 67 93 43 41 54 75 99 63 61 71 88 109
37 9 15 27 31 14 24 39 52 12 38 23 34 41 12 24 38 25 13 23 53 23 26 22 12 14 19 8 23 39 33 26 39 32 44 17 10 35 22 40 38 21 35 31 26 26 13 14 37 30 28 33 44 29 27 17 24 39 50 5 30 19 31 15 31 8 45 0 9 24 53 13 13 25 9 20 28 42 17 11 38 35 30 31 40 14 32 31 8 37 40 17 40 35 29 35 25 13 43 27 69 47 34 40 58 61 36 14 25 49 61 34 11 23 49 67 44 30 36 56 79 61 51 54 69
29 17 7 34 29 11 22 36 44 12 40 27 30 43 5 18 35 18 6 16 47 15 30 28 4 6 22 6 25 32 36 30 45 32 45 19 1 34 30 43 41 28 39 36 25 33 5 7 38 23 20 36 36 36 35 17 25 37 42 4 22 23 27 14 35 2 43 9 0 18 45 8 18 31 12 22 22 40 17 8 42 39 32 32 41 14 32 31 4 40 42 22 44 38 26 37 17 10 48 23 70 51 42 48 66 60 36 21 32 55 56 30 3 25 52 60 37 22 33 56 71 52 43 49 67
16 33 19 40 43 27 13 21 43 16 57 45 42 60 14 1 21 3 13 5 51 7 31 36 15 19 39 17 42 33 54 48 62 24 37 36 17 25 44 60 58 37 57 53 16 40 19 11 55 32 15 53 38 43 45 34 21 23 40 20 22 25 40 31 53 19 31 24 18 0 45 11 26 35 30 40 31 27 16 25 59 57 49 26 35 32 48 23 17 57 59 29 62 55 15 33 20 13 65 35 60 48 48 62 82 46 28 29 49 73 39 13 16 42 69 43 22 23 45 71 55 41 42 57 79
34 57 39 78 37 41 58 63 4 55 54 57 29 58 45 45 63 43 44 41 12 40 73 73 43 39 49 50 50 14 60 59 74 68 82 48 45 70 72 60 56 73 63 62 61 78 40 46 52 25 31 56 9 80 79 43 65 67 7 48 25 66 31 44 60 46 75 53 45 45 0 47 63 75 50 49 26 71 58 44 61 62 50 70 79 45 45 68 49 56 56 67 66 56 60 77 29 51 71 31 104 92 86 89 98 88 73 65 69 81 73 54 45 49 66 63 39 24 32 54 58 32 5 23 49
25 22 12 33 36 18 15 28 46 8 47 35 37 51 4 11 28 12 4 11 51 11 27 28 6 11 29 6 33 33 44 37 52 25 39 27 8 28 33 51 48 28 47 43 18 32 11 2 46 28 19 44 39 35 36 25 19 29 43 9 23 20 34 22 42 9 36 13 8 11 47 0 18 29 19 30 27 33 12 16 49 47 39 26 35 22 40 24 6 47 49 21 51 45 19 32 18 4 55 29 63 46 41 52 71 52 29 20 38 62 49 22 6 32 59 54 32 24 40 63 66 49 44 54 73
42 17 25 16 43 26 20 34 62 10 48 32 46 51 18 26 33 27 19 27 65 28 14 11 20 24 30 14 33 49 42 34 44 23 34 29 19 26 19 50 48 11 43 39 20 16 23 19 47 41 35 43 54 18 20 29 16 33 59 15 39 8 43 27 39 17 37 13 18 26 63 18 0 13 20 31 40 34 12 23 48 44 41 21 29 26 44 22 15 47 50 5 48 45 24 24 34 14 50 39 58 36 24 37 60 53 26 3 28 55 56 32 19 34 58 66 48 40 48 67 81 66 61 66 81
51 27 37 7 55 39 25 36 74 21 59 41 59 61 30 35 35 37 31 37 77 38 7 6 32 36 41 26 44 61 51 43 50 22 28 40 31 24 22 59 58 9 52 47 24 6 36 30 58 54 47 53 66 9 17 42 17 33 71 28 51 10 56 39 48 30 34 25 31 35 75 29 13 0 32 42 52 33 19 35 57 53 51 18 23 38 55 22 27 57 60 9 56 55 27 18 46 25 57 52 50 25 14 35 61 49 23 11 34 60 57 37 31 45 67 71 56 52 61 78 87 76 73 79 93
40 8 15 32 24 10 32 46 50 20 30 16 28 33 17 30 46 30 18 28 49 27 34 28 16 15 11 15 14 37 25 18 33 40 53 9 13 43 23 32 30 26 28 24 34 32 14 19 29 26 30 25 41 34 30 10 32 47 48 11 30 27 25 8 24 11 53 9 12 30 50 19 20 32 0 12 24 49 25 8 31 28 22 39 48 7 24 39 14 29 32 24 33 27 36 43 25 20 36 22 77 55 40 39 54 69 44 21 21 43 68 41 15 15 41 72 48 30 29 48 82 62 49 49 62
47 16 22 41 16 14 43 57 50 31 18 8 22 22 27 39 57 39 28 37 46 36 44 37 25 22 1 26 3 38 15 11 27 51 64 4 23 54 28 21 19 35 18 15 45 41 22 29 17 25 36 14 41 43 37 8 44 58 49 22 33 39 19 9 14 21 64 20 22 40 49 30 31 42 12 0 24 61 36 15 20 18 10 50 59 9 13 50 25 18 20 35 23 16 48 55 29 31 27 19 88 66 48 41 50 81 55 32 21 36 78 51 25 3 30 81 56 33 22 37 89 67 49 43 52
30 32 16 54 16 15 41 51 27 33 34 32 12 38 24 30 51 29 24 27 26 25 52 49 21 17 24 27 25 15 36 34 50 51 65 22 22 54 47 39 35 49 40 38 44 54 18 26 32 2 19 34 17 57 53 17 45 54 25 25 13 45 11 18 36 23 61 28 22 31 26 27 40 52 24 24 0 57 38 18 39 39 28 52 62 19 24 50 26 35 36 44 43 34 44 58 12 30 49 7 90 72 62 63 74 77 56 42 43 58 68 43 23 25 46 65 39 12 16 43 69 45 26 28 48
38 49 43 40 68 50 18 8 68 30 79 64 68 82 36 28 9 29 35 32 78 34 27 37 38 43 60 35 63 59 74 66 78 12 14 58 39 9 52 81 79 40 76 72 16 39 43 34 77 58 42 74 64 41 49 56 19 4 65 40 49 27 65 53 72 40 4 42 40 27 71 33 34 33 49 61 57 0 25 47 79 76 70 15 15 54 72 13 37 78 81 33 81 76 14 18 46 31 83 61 34 29 45 68 93 20 11 36 62 89 24 17 38 63 90 41 37 50 71 95 61 58 67 84 105
32 25 22 25 45 27 8 23 56 6 54 39 47 57 14 16 23 18 15 19 62 20 16 20 17 22 36 12 39 44 49 42 54 16 29 33 17 18 30 57 55 22 51 47 10 24 21 13 53 39 28 50 50 27 30 33 8 23 54 16 34 10 44 30 47 17 28 17 17 16 58 12 12 19 25 36 38 25 0 24 55 51 46 15 25 30 48 15 13 54 56 13 56 51 13 21 29 8 59 39 54 35 32 48 71 45 20 14 38 65 45 21 16 39 65 55 37 35 49 72 70 57 55 65 83
34 14 8 37 22 4 29 43 43 19 32 21 24 36 12 25 43 24 13 22 44 21 36 32 11 8 15 13 18 30 29 24 39 39 52 12 9 42 29 36 33 31 33 29 32 36 7 15 31 20 23 29 35 39 36 9 32 44 41 9 23 29 21 6 28 7 51 11 8 25 44 16 23 35 8 15 18 47 24 0 34 32 24 39 48 7 25 38 11 32 34 27 37 30 34 44 18 17 41 17 77 57 44 46 61 67 43 25 28 49 64 37 10 17 44 67 42 23 26 48 76 55 42 44 60
65 31 41 54 24 33 62 76 62 50 7 16 32 6 46 58 76 58 47 56 54 55 60 51 44 41 20 45 17 52 7 14 17 69 81 23 42 72 38 3 5 49 6 10 64 54 41 49 9 40 54 6 53 55 47 26 61 77 62 41 50 55 30 29 9 41 82 38 42 59 61 49 48 57 31 20 39 79 55 34 0 5 12 68 76 28 16 68 44 6 7 51 6 5 66 71 47 50 12 32 105 81 59 43 41 99 73 48 25 21 97 71 44 17 11 100 74 50 29 25 107 83 62 47 45
64 28 40 50 25 31 59 74 63 46 11 13 33 10 44 56 73 56 45 54 56 53 56 47 42 39 18 42 15 53 3 10 14 66 78 21 40 69 33 8 9 45 2 6 61 50 39 46 12 40 53 6 54 51 42 25 58 74 63 38 50 52 31 27 5 38 79 35 39 57 62 47 44 53 28 18 39 76 51 32 5 0 12 64 73 26 17 65 41 9 11 47 5 7 64 68 46 47 10 33 101 77 55 39 38 96 70 44 21 20 95 68 42 16 14 98 73 49 31 30 106 83 63 50 49
54 25 31 50 14 22 53 67 52 41 9 12 22 12 36 48 66 48 37 45 45 44 54 46 34 30 11 36 8 41 10 12 24 61 74 13 32 64 35 13 10 44 13 13 55 50 30 39 7 28 43 7 43 51 44 15 53 68 51 31 39 48 19 18 11 31 74 30 32 49 50 39 41 51 22 10 28 70 46 24 12 12 0 60 69 18 7 60 34 9 11 44 16 7 57 64 36 40 22 21 98 75 56 45 49 90 65 41 25 31 87 61 34 8 21 89 63 38 19 27 95 72 51 40 44
41 37 37 25 60 42 13 19 68 20 68 52 61 71 29 26 18 28 29 30 75 31 12 23 31 36 49 26 53 57 62 54 65 5 14 47 31 7 38 70 68 26 64 59 11 24 36 27 67 53 40 63 63 27 34 47 7 15 66 30 47 13 58 44 60 32 17 31 32 26 70 26 21 18 39 50 52 15 15 39 68 64 60 0 10 44 62 5 28 67 70 19 69 65 13 7 43 22 70 54 39 22 30 53 78 33 6 22 48 75 39 22 30 53 78 54 43 48 64 86 72 64 67 79 98
49 45 46 29 69 51 22 22 77 30 77 61 71 80 38 35 22 37 38 38 84 40 18 28 41 46 59 36 62 66 70 63 72 11 6 57 41 10 44 79 77 31 72 68 19 28 45 37 76 63 49 72 72 30 39 56 17 18 74 40 56 21 68 53 68 41 14 40 41 35 79 35 29 23 48 59 62 15 25 48 76 73 69 10 0 53 72 12 37 76 79 26 77 74 20 6 52 32 78 64 30 15 32 57 83 27 7 29 56 82 38 28 40 62 86 56 50 57 74 95 75 71 76 89 107
39 14 14 39 17 6 36 50 45 24 26 15 22 29 19 31 49 31 20 29 43 27 40 34 17 14 8 19 11 32 23 18 34 45 58 6 15 47 29 29 27 33 26 23 38 39 14 21 24 20 28 22 36 41 36 4 37 51 43 14 26 33 18 2 22 14 57 14 14 32 45 22 26 38 7 9 19 54 30 7 28 26 18 44 53 0 19 44 17 26 28 30 31 24 40 49 22 23 35 15 82 61 46 44 57 73 49 28 25 44 70 43 17 11 38 73 48 26 23 43 81 60 44 42 55
52 29 30 54 9 22 54 68 47 43 10 17 16 14 36 48 67 47 37 45 39 43 57 50 34 30 14 37 12 37 15 18 30 63 76 15 33 66 40 16 12 48 19 19 57 54 30 39 8 25 41 12 38 56 49 16 55 69 46 33 36 51 15 19 17 32 75 32 32 48 45 40 44 55 24 13 24 72 48 25 16 17 7 62 72 19 0 62 36 11 12 48 21 12 58 67 34 42 27 17 101 79 61 51 55 92 67 45 31 37 87 61 34 11 23 87 61 35 14 24 93 68 47 33 39
37 38 35 28 59 41 11 15 65 20 68 53 60 71 27 23 14 25 27 27 73 29 16 26 30 35 50 26 53 55 63 55 66 2 15 47 30 4 40 70 68 29 65 60 7 28 34 25 67 51 37 63 60 30 37 47 7 12 63 30 44 15 57 43 61 31 15 31 31 23 68 24 22 22 39 50 50 13 15 38 68 65 60 5 12 44 62 0 27 67 70 21 69 65 9 11 40 21 72 53 40 26 34 56 80 31 6 24 50 77 36 18 29 53 79 50 39 45 63 86 68 60 64 78 97
30 16 11 30 32 15 19 33 48 8 42 29 34 46 5 17 33 17 6 16 51 16 26 25 6 10 24 2 27 35 38 32 46 28 42 22 5 31 28 46 43 25 41 37 21 30 9 7 41 27 22 39 40 32 32 20 21 34 45 4 25 19 31 17 37 4 40 8 4 17 49 6 15 27 14 25 26 37 13 11 44 41 34 28 37 17 36 27 0 42 44 19 46 40 23 33 20 7 49 27 66 47 38 46 66 57 32 17 32 56 54 28 5 27 54 60 37 26 37 59 71 54 46 53 70
62 31 39 55 19 30 60 75 58 48 2 17 27 4 44 56 74 56 45 53 49 52 61 52 42 38 18 43 15 48 9 15 22 69 81 21 40 71 39 5 2 50 10 13 63 56 38 46 4 35 51 5 49 57 49 23 61 75 57 39 46 55 26 26 11 39 81 37 40 57 56 47 47 57 29 18 35 78 54 32 6 9 9 67 76 26 11 67 42 0 3 51 11 3 65 71 43 48 17 28 105 82 61 47 46 98 72 48 28 26 95 68 42 15 13 97 71 46 24 22 103 79 57 42 41
64 34 41 58 20 32 63 77 58 51 3 19 27 2 46 58 76 58 47 55 49 54 63 55 44 41 21 46 18 49 11 18 23 71 84 23 42 74 42 5 2 52 12 15 65 58 41 49 4 36 53 8 49 59 51 26 63 78 58 41 48 58 26 28 13 41 84 40 42 59 56 49 50 60 32 20 36 81 56 34 7 11 11 70 79 28 12 70 44 3 0 54 12 6 67 74 45 50 17 29 108 84 63 49 47 100 75 50 30 27 97 71 44 18 11 99 73 47 24 20 104 80 58 42 39
44 20 29 13 47 30 20 34 66 13 52 35 51 55 22 28 33 30 23 30 69 31 10 8 24 28 34 18 37 53 45 37 46 22 31 33 23 24 20 53 52 9 47 42 20 12 27 22 51 45 39 47 58 15 18 34 14 32 63 19 43 6 47 31 43 22 35 17 22 29 67 21 5 9 24 35 44 33 13 27 51 47 44 19 26 30 48 21 19 51 54 0 51 48 24 21 38 17 53 44 55 31 21 36 60 51 24 4 30 57 56 33 23 37 61 67 50 44 53 71 82 69 64 71 85
69 32 45 53 29 36 63 78 68 51 13 18 37 11 48 61 78 61 50 59 59 58 60 51 47 44 23 47 20 57 8 15 12 71 82 26 45 73 36 8 11 48 5 10 66 54 44 51 14 44 58 10 58 54 45 30 63 78 67 43 54 56 35 32 10 43 84 40 44 62 66 51 48 56 33 23 43 81 56 37 6 5 16 69 77 31 21 69 46 11 12 51 0 10 68 72 51 52 6 37 105 80 57 39 35 100 74 48 24 16 100 73 47 21 11 103 78 54 34 29 111 88 67 53 49
61 29 37 53 20 28 58 73 58 46 5 14 28 7 42 54 72 54 43 52 50 51 58 50 41 37 17 41 13 48 6 12 20 66 79 19 38 69 37 6 4 47 8 10 61 53 37 45 6 35 50 2 49 54 46 22 58 73 58 37 46 53 26 25 8 37 79 35 38 55 56 45 45 55 27 16 34 76 51 30 5 7 7 65 74 24 12 65 40 3 6 48 10 0 63 69 43 46 16 28 103 79 58 44 44 96 70 45 25 25 94 67 40 13 14 96 70 45 25 25 102 79 58 44 44
29 37 30 34 54 37 5 11 57 18 65 51 54 69 22 15 10 17 22 19 65 21 22 30 25 30 47 22 50 47 61 54 66 10 23 45 26 11 43 68 66 32 63 59 4 33 29 20 64 45 30 61 52 36 41 43 11 11 54 27 37 19 52 40 59 27 18 29 26 15 60 19 24 27 36 48 44 14 13 34 66 64 57 13 20 40 58 9 23 65 67 24 68 63 0 19 33 17 71 47 46 34 40 60 83 34 13 26 51 77 33 10 24 50 77 44 31 38 58 82 61 52 56 71 91
48 40 43 24 65 47 20 23 75 26 72 56 67 75 35 33 23 35 35 36 82 38 12 23 37 42 54 32 57 64 65 58 67 11 11 52 37 11 39 74 72 26 67 62 17 23 42 33 71 59 47 67 69 25 34 52 13 20 72 36 53 17 64 49 63 37 18 35 37 33 77 32 24 18 43 55 58 18 21 44 71 68 64 7 6 49 67 11 33 71 74 21 72 69 19 0 49 29 73 60 34 15 27 52 78 32 8 24 50 77 42 29 36 57 81 58 50 54 70 91 77 71 74 86 103
19 31 10 49 27 17 30 40 28 26 43 37 24 47 16 19 39 18 15 15 33 13 44 44 14 11 29 21 32 16 43 39 55 41 55 26 16 43 45 48 44 44 47 44 33 49 12 17 41 13 8 42 21 52 51 22 36 42 26 20 6 37 22 21 43 18 50 25 17 20 29 18 34 46 25 29 12 46 29 18 47 46 36 43 52 22 34 40 20 43 45 38 51 43 33 49 0 22 56 18 79 64 57 63 78 65 46 37 45 65 56 31 16 31 56 54 28 6 28 54 60 38 27 38 60
28 21 15 29 38 20 13 27 49 4 48 35 39 52 7 13 27 14 7 14 54 14 23 24 9 14 30 5 33 37 44 37 51 22 36 28 10 25 31 51 49 25 47 43 15 29 14 6 47 31 22 44 42 32 33 26 16 28 47 10 27 16 36 23 43 10 34 13 10 13 51 4 14 25 20 31 30 31 8 17 50 47 40 22 32 23 42 21 7 48 50 17 52 46 17 29 22 0 55 32 61 43 37 49 70 51 27 17 36 62 48 22 8 33 60 55 34 28 42 65 68 53 48 58 76
74 35 49 53 35 40 66 81 73 54 19 21 43 16 52 65 81 65 53 63 65 62 61 52 51 49 27 50 25 63 13 18 9 73 83 30 48 75 36 13 16 49 10 13 68 54 48 55 20 50 63 16 64 54 44 34 65 81 73 46 59 58 41 36 13 47 86 43 48 65 71 55 50 57 36 27 49 83 59 41 12 10 22 70 78 35 27 72 49 17 17 53 6 16 71 73 56 55 0 42 106 81 57 36 30 102 76 49 24 10 103 76 50 25 14 107 82 59 40 34 116 93 73 58 54
36 29 18 53 10 14 43 55 32 34 27 26 8 31 26 34 55 33 26 31 28 29 52 48 23 18 19 28 20 21 30 28 44 54 68 17 23 56 44 32 29 47 34 32 46 53 19 28 25 8 25 27 23 55 51 13 47 57 31 25 19 45 5 15 30 23 64 27 23 35 31 29 39 52 22 19 7 61 39 17 32 33 21 54 64 15 17 53 27 28 29 44 37 28 47 60 18 32 42 0 92 73 61 59 68 80 58 41 38 52 73 47 24 19 40 71 45 18 11 37 76 51 31 28 45
71 74 75 54 98 80 50 42 102 59 106 89 99 109 67 61 42 63 67 65 111 67 45 55 69 74 88 65 91 92 99 91 99 39 25 86 70 36 71 107 106 58 101 96 46 54 74 65 105 91 75 101 98 54 64 85 46 38 99 69 82 50 97 82 97 70 30 69 70 60 104 63 58 50 77 88 90 34 54 77 105 101 98 39 30 82 101 40 66 105 108 55 105 103 46 34 79 61 106 92 0 27 54 81 107 22 35 58 83 109 43 51 69 91 115 64 70 83 102 124 86 89 100 117 136
62 51 57 28 78 60 35 36 90 40 83 65 81 85 49 48 36 50 49 51 96 53 22 30 51 56 65 46 68 79 75 67 74 25 16 64 51 24 45 83 82 33 76 72 32 28 55 48 82 74 62 77 84 28 38 64 28 32 87 49 68 29 77 61 73 51 27 47 51 48 92 46 36 25 55 66 72 29 35 57 81 77 75 22 15 61 79 26 47 82 84 31 80 79 34 15 64 43 81 73 27 0 27 54 81 35 22 34 58 83 51 43 50 68 91 70 64 69 83 102 89 85 89 100 116
64 33 48 9 62 48 38 48 85 33 62 45 67 64 42 48 48 50 43 50 87 51 19 14 44 47 47 37 49 73 53 46 49 34 37 47 42 36 22 62 62 14 54 49 37 9 46 42 62 64 59 56 77 6 13 49 30 45 83 38 63 23 64 47 51 41 45 34 42 48 86 41 24 14 40 48 62 45 32 44 59 55 56 30 32 46 61 34 38 61 63 21 57 58 40 27 57 37 57 61 54 27 0 27 54 58 34 21 34 58 69 50 42 50 68 83 69 63 68 82 100 89 84 88 99
76 33 53 29 56 48 56 69 89 46 48 35 63 48 51 61 69 62 52 62 86 62 41 31 51 52 41 46 41 76 39 34 28 56 62 42 49 59 19 46 47 28 37 34 56 29 52 52 49 64 67 43 80 28 19 46 50 67 87 45 68 41 60 45 36 47 69 40 48 62 89 52 37 35 39 41 63 68 48 46 43 39 45 53 57 44 51 56 46 47 49 36 39 44 60 52 63 49 36 59 81 54 27 0 27 83 58 34 21 34 91 68 50 42 50 102 83 68 63 68 117 100 88 83 87
94 50 69 55 62 62 79 93 100 67 47 43 70 45 69 82 93 82 71 81 93 81 67 56 69 69 50 66 49 88 40 40 25 81 88 53 66 84 41 43 45 53 37 37 80 55 68 72 49 75 84 44 90 54 45 57 74 92 99 63 83 66 68 58 39 64 94 58 66 82 98 71 60 61 54 50 74 93 71 61 41 38 49 78 83 57 55 80 66 46 47 60 35 44 83 78 78 70 30 68 107 81 54 27 0 109 83 58 34 21 115 91 68 50 42 124 102 82 68 62 136 116 99 87 83
54 68 63 55 88 70 38 26 85 50 98 83 87 102 56 47 26 48 55 51 95 53 43 54 58 63 80 55 83 77 93 86 97 30 22 78 59 28 70 101 99 57 96 91 36 54 63 53 97 77 60 94 82 56 65 76 38 24 82 60 68 46 85 73 91 60 17 61 60 46 88 52 53 49 69 81 77 20 45 67 99 96 90 33 27 73 92 31 57 98 100 51 100 96 34 32 65 51 102 80 22 35 58 83 109 0 27 54 81 107 22 35 58 83 109 43 51 69 91 115 64 70 83 102 124
42 42 41 30 64 46 16 16 70 25 73 57 65 76 33 28 16 30 33 32 78 34 17 28 35 40 55 31 58 60 67 60 70 5 10 52 36 3 43 75 73 31 69 65 13 29 40 31 72 57 42 68 65 31 39 52 12 12 67 35 49 19 62 49 65 36 12 36 36 28 73 29 26 23 44 55 56 11 20 43 73 70 65 6 7 49 67 6 32 72 75 24 74 70 13 8 46 27 76 58 35 22 34 58 83 27 0 27 54 81 35 22 34 58 83 51 43 50 68 91 70 64 69 83 102
44 17 27 13 44 28 22 36 64 13 49 32 48 51 21 29 35 30 22 30 67 31 13 8 23 26 31 16 34 52 42 34 43 25 35 30 21 27 17 50 49 9 43 39 22 13 26 22 48 43 38 43 57 16 17 31 17 34 62 18 42 9 45 28 40 20 38 14 21 29 65 20 3 11 21 32 42 36 14 25 48 44 41 22 29 28 45 24 17 48 50 4 48 45 26 24 37 17 49 41 58 34 21 34 58 54 27 0 27 54 58 34 21 34 58 69 50 42 50 68 83 69 63 68 82
60 16 36 30 35 29 46 61 69 34 29 14 43 30 36 48 61 49 37 47 66 47 39 29 36 35 20 32 20 57 20 14 17 51 61 22 33 54 13 28 28 26 20 16 48 31 34 38 29 44 51 23 60 31 22 26 43 60 68 29 50 36 39 26 17 31 64 25 32 49 69 38 28 34 21 21 43 62 38 28 25 21 25 48 56 25 31 50 32 28 30 30 24 25 51 50 45 36 24 38 83 58 34 21 34 81 54 27 0 27 83 58 34 21 34 91 68 50 42 50 102 83 68 63 68
82 41 57 56 44 49 72 87 83 60 28 29 52 25 59 72 87 72 61 71 75 70 65 55 59 57 36 57 34 72 22 26 11 78 88 39 56 80 39 23 26 52 19 21 74 56 56 62 30 59 71 26 74 56 46 43 70 87 82 53 68 62 50 45 22 54 91 49 55 73 81 62 55 60 43 36 58 89 65 49 21 20 31 75 82 44 37 77 56 26 27 57 16 25 77 77 65 62 10 52 109 83 58 34 21 107 81 54 27 0 109 83 58 34 21 115 91 68 50 42 124 102 82 68 62
41 69 58 64 81 66 38 23 70 50 95 83 79 99 52 40 23 41 51 43 82 45 51 61 54 57 78 53 81 64 92 85 99 35 35 75 56 33 75 99 96 64 95 91 36 63 57 49 94 68 49 92 69 65 72 72 42 24 67 57 57 50 78 70 91 57 24 61 56 39 73 49 56 57 68 78 68 24 45 64 97 95 87 39 38 70 87 36 54 95 97 56 100 94 33 42 56 48 103 73 43 51 69 91 115 22 35 58 83 109 0 27 54 81 107 22 35 58 83 109 43 51 69 91 115
21 43 31 43 55 39 13 10 52 24 69 56 54 72 25 13 9 15 24 17 62 19 32 39 27 31 51 27 54 43 65 59 73 19 29 48 29 19 51 72 70 42 68 64 14 43 31 23 67 44 26 65 48 46 51 46 21 13 49 31 33 28 52 43 64 31 21 34 30 13 54 22 32 37 41 51 43 17 21 37 71 68 61 22 28 43 61 18 28 68 71 33 73 67 10 29 31 22 76 47 51 43 50 68 91 35 22 34 58 83 27 0 27 54 81 35 22 34 58 83 51 43 50 68 91
27 19 7 34 30 13 20 34 43 11 42 30 31 46 2 15 33 15 4 14 47 13 30 29 2 6 24 6 27 31 39 33 47 30 44 21 2 33 32 45 43 29 42 38 23 34 6 5 40 24 18 39 36 37 36 19 24 35 41 6 21 23 29 16 38 4 42 11 3 16 45 6 19 31 15 25 23 38 16 10 44 42 34 30 40 17 34 29 5 42 44 23 47 40 24 36 16 8 50 24 69 50 42 50 68 58 34 21 34 58 54 27 0 27 54 58 34 21 34 58 69 50 42 50 68
49 18 25 44 15 16 45 60 50 34 16 8 22 19 29 42 59 41 30 39 45 38 47 40 28 24 4 29 1 39 13 10 25 54 67 6 25 57 30 19 16 38 16 14 48 44 24 32 14 26 38 12 41 45 38 10 46 61 49 24 35 41 19 12 12 24 67 23 25 42 49 32 34 45 15 3 25 63 39 17 17 16 8 53 62 11 11 53 27 15 18 37 21 13 50 57 31 33 25 19 91 68 50 42 50 83 58 34 21 34 81 54 27 0 27 83 58 34 21 34 91 68 50 42 50
74 42 51 64 31 42 72 87 68 60 13 26 38 9 56 68 86 68 57 66 58 64 70 61 54 51 30 55 27 59 17 24 22 80 92 33 52 82 47 9 12 58 15 20 74 64 51 59 15 47 63 16 60 65 56 36 72 87 68 51 58 66 37 38 19 51 93 49 52 69 66 59 58 67 41 30 46 90 65 44 11 14 21 78 86 38 23 79 54 13 11 61 11 14 77 81 56 60 14 40 115 91 68 50 42 109 83 58 34 21 107 81 54 27 0 109 83 58 34 21 115 91 68 50 42
36 76 59 77 80 68 47 36 59 58 97 87 76 100 56 43 36 43 55 45 73 46 65 73 57 60 81 59 84 57 96 90 105 50 54 78 60 48 85 101 98 76 99 95 47 76 60 54 95 65 47 94 61 79 85 74 54 39 57 63 53 62 75 72 95 62 43 67 60 43 63 54 66 71 72 81 65 41 55 67 100 98 89 54 56 73 87 50 60 97 99 67 103 96 44 58 54 55 107 71 64 70 83 102 124 43 51 69 91 115 22 35 58 83 109 0 27 54 81 107 22 35 58 83 109
9 53 34 61 54 43 32 29 36 38 70 62 50 74 33 22 29 21 32 22 49 22 51 57 33 35 56 37 58 31 70 65 81 40 50 53 36 40 65 75 72 58 74 70 34 61 35 31 69 39 20 69 36 64 67 49 40 33 33 40 26 46 49 47 69 38 41 44 37 22 39 32 48 56 48 56 39 37 37 42 74 73 63 43 50 48 61 39 37 71 73 50 78 70 31 50 28 34 82 45 70 64 69 83 102 51 43 50 68 91 35 22 34 58 83 27 0 27 54 81 35 22 34 58 83
19 36 16 55 28 21 35 43 23 31 45 41 23 49 22 23 43 21 21 19 28 17 50 50 20 17 33 26 35 10 46 43 59 46 60 30 22 48 51 50 47 50 50 48 38 55 18 22 43 12 9 44 16 57 56 26 42 46 20 26 2 43 22 25 46 23 54 30 22 23 24 24 40 52 30 33 12 50 35 23 50 49 38 48 57 26 35 45 26 46 47 44 54 45 38 54 6 28 59 18 83 69 63 68 82 69 50 42 50 68 58 34 21 34 58 54 27 0 27 54 58 34 21 34 58
45 36 28 61 7 23 54 66 34 44 22 29 5 26 36 45 65 44 36 41 26 39 61 57 34 29 23 38 22 26 29 30 43 64 78 22 33 67 49 28 24 55 32 32 57 61 29 38 21 16 35 25 26 63 58 20 57 68 34 35 28 55 6 22 30 33 75 36 33 45 32 40 48 61 29 22 16 71 49 26 29 31 19 64 74 23 14 63 37 24 24 53 34 25 58 70 28 42 40 11 102 83 68 63 68 91 68 50 42 50 83 58 34 21 34 81 54 27 0 27 83 58 34 21 34
72 52 53 77 28 45 77 91 58 66 21 38 31 20 60 70 90 69 60 67 45 65 81 73 58 53 37 61 35 52 30 37 41 87 100 39 56 89 61 23 22 71 31 35 80 77 53 62 21 43 61 27 50 78 70 40 79 92 58 56 55 75 32 43 33 55 99 56 56 71 54 63 67 78 48 37 43 95 72 48 25 30 27 86 95 43 24 86 59 22 20 71 29 25 82 91 54 65 34 37 124 102 82 68 62 115 91 68 50 42 109 83 58 34 21 107 81 54 27 0 109 83 58 34 21
43 87 68 93 85 76 63 54 55 71 102 96 79 106 67 56 54 55 66 56 70 56 82 89 67 68 89 71 91 58 103 99 114 68 74 86 70 67 98 107 104 91 107 104 64 93 69 65 100 69 53 101 60 96 100 82 71 58 53 74 57 78 79 80 103 72 63 79 71 55 58 66 81 87 82 89 69 61 70 76 107 106 95 72 75 81 93 68 71 103 104 82 111 102 61 77 60 68 116 76 86 89 100 117 136 64 70 83 102 124 43 51 69 91 115 22 35 58 83 109 0 27 54 81 107
25 68 48 81 60 55 52 50 28 56 78 74 54 82 50 41 50 40 48 39 43 39 72 76 49 48 67 54 69 32 80 77 93 61 71 64 52 61 82 83 80 77 84 82 54 80 49 48 76 44 33 78 33 83 85 60 61 54 26 56 34 66 54 59 80 54 61 61 52 41 32 49 66 76 62 67 45 58 57 55 83 83 72 64 71 60 68 60 54 79 80 69 88 79 52 71 38 53 93 51 89 85 89 100 116 70 64 69 83 102 51 43 50 68 91 35 22 34 58 83 27 0 27 54 81
30 56 37 76 39 40 54 59 2 52 56 57 31 60 43 42 59 40 42 38 16 36 70 71 41 38 50 47 51 12 61 59 75 65 78 47 43 66 71 62 58 71 64 63 57 76 39 43 54 25 27 57 9 78 77 43 61 63 2 47 22 64 33 43 61 44 71 51 43 42 5 44 61 73 49 49 26 67 55 42 62 63 51 67 76 44 47 64 46 57 58 64 67 58 56 74 27 48 73 31 100 89 84 88 99 83 69 63 68 82 69 50 42 50 68 58 34 21 34 58 54 27 0 27 54
51 56 43 80 28 41 68 77 27 61 40 49 21 43 51 57 77 55 51 53 12 51 79 76 49 44 43 55 43 27 48 50 63 79 92 43 49 81 70 46 42 74 51 52 71 80 45 53 39 27 43 44 23 82 78 40 73 80 28 52 35 72 25 42 50 50 88 54 49 57 23 54 66 79 49 43 28 84 65 44 47 50 40 79 89 42 33 78 53 42 42 71 53 44 71 86 38 58 58 28 117 100 88 83 87 102 83 68 63 68 91 68 50 42 50 83 58 34 21 34 81 54 27 0 27
75 67 62 93 39 56 87 99 53 78 39 55 37 40 70 78 99 77 70 74 38 72 94 89 67 62 52 72 50 52 49 55 61 98 112 53 67 100 78 42 41 87 51 54 90 93 63 72 39 48 66 45 49 94 87 52 91 101 55 68 59 88 40 55 51 67 109 69 67 79 49 73 81 93 62 52 48 105 83 60 45 49 44 98 107 55 39 97 70 41 39 85 49 44 91 103 60 76 54 45 136 116 99 87 83 124 102 82 68 62 115 91 68 50 42 109 83 58 34 21 107 81 54 27 0
