0 65 44 55 29 20 8 30 53 59 65 9 21 20 74 53 15 46 28 65 4 56 40 69 44 24 11 30 18 54 64 12 14 26 70 40 10 54 22 61 82 67 54 45 40 43 52 64 78 94 76 60 45 33 26 30 42 57 72 89 73 56 39 23 12 20 35 52 69 86 72 54 37 20 4 16 33 51 68 85 74 57 41 26 17 23 37 53 70 87 78 63 48 37 31 35 45 59 74 90 85 71 58 49 45 47 56 67 81 96 93 80 70 62 59 61 67 77 89 103 103 91 82 76 73 74 80 88 99 111 113 103 95 89 87 88 93 100 109 121
65 0 55 30 63 85 59 56 17 7 94 74 53 85 15 33 53 39 41 7 64 14 63 35 68 88 56 58 57 17 91 77 55 89 12 37 57 22 48 40 144 127 111 96 81 67 55 47 45 49 140 123 106 90 74 59 45 35 31 37 137 120 103 86 69 53 37 23 18 26 136 119 102 85 67 50 33 16 4 21 137 120 102 85 68 51 34 19 11 23 139 122 105 88 72 56 41 29 25 32 142 125 109 93 78 63 50 42 39 43 146 130 115 100 85 72 62 55 52 56 152 137 122 108 95 83 74 68 66 69 159 144 130 117 105 95 87 81 80 82
44 55 0 28 19 55 38 14 39 50 39 50 24 57 54 24 43 16 28 50 46 42 10 36 14 55 36 15 26 39 36 52 32 54 52 20 44 34 27 25 121 108 97 88 81 78 79 83 90 100 113 99 86 76 68 64 65 70 79 90 105 90 76 64 55 50 51 58 68 81 99 83 68 54 43 37 38 46 59 74 95 78 62 46 32 23 25 37 52 68 93 75 58 41 24 10 15 31 48 65 93 75 58 41 24 9 14 30 48 65 95 78 61 45 31 21 24 36 51 67 99 83 67 53 41 35 37 45 58 73 104 89 75 63 54 49 50 57 67 80
55 30 28 0 41 71 47 33 17 26 66 63 36 73 26 4 47 13 28 24 55 17 37 15 41 73 44 35 40 16 62 66 42 74 25 15 50 9 34 12 136 122 108 95 84 75 70 68 71 78 130 114 100 86 73 63 56 54 58 66 125 108 93 77 63 51 43 41 45 56 121 104 87 71 55 41 30 27 34 47 119 101 84 67 50 34 19 13 25 41 118 101 83 66 49 31 14 5 22 39 119 102 85 68 51 35 21 16 27 42 122 105 88 72 57 43 33 30 36 49 126 110 94 79 65 54 46 44 48 58 131 116 101 88 75 65 59 58 61 69
29 63 19 41 0 37 24 8 48 57 39 33 14 40 66 38 33 29 26 60 31 51 12 53 16 37 23 6 14 48 37 35 21 36 63 28 32 45 20 42 103 91 80 72 68 68 73 80 91 104 94 81 69 59 54 54 60 69 81 95 87 72 58 47 40 41 48 59 73 88 81 65 50 36 27 27 37 51 67 83 78 61 44 28 14 15 30 46 63 80 77 60 43 26 9 11 28 45 62 79 79 62 46 31 19 20 32 48 64 81 83 68 53 40 32 33 41 54 69 85 90 75 62 52 46 46 53 63 76 91 98 85 73 65 60 60 65 74 85 98
20 85 55 71 37 0 26 42 71 78 64 12 36 4 92 69 34 61 46 84 22 75 48 85 50 6 29 41 32 72 64 9 31 10 89 57 29 72 39 76 67 54 45 41 45 54 66 81 96 112 59 44 33 27 32 44 59 75 91 108 54 37 22 13 22 37 54 71 88 105 52 35 18 2 18 35 52 70 87 104 55 38 24 16 24 38 55 71 88 105 60 46 35 30 35 46 60 76 92 108 68 56 47 44 47 56 68 82 97 113 78 68 61 58 60 67 78 90 104 119 89 80 74 72 74 80 89 100 112 126 101 93 88 86 88 93 100 110 122 134
8 59 38 47 24 26 0 24 46 52 62 16 15 27 66 45 11 39 20 58 9 49 35 62 39 30 4 25 12 47 61 19 7 31 63 33 9 47 14 54 90 75 62 51 45 45 51 62 75 90 84 68 53 39 31 31 40 53 68 84 80 63 46 30 18 18 31 47 63 80 78 61 43 26 9 10 27 44 61 79 79 62 45 29 16 16 30 46 63 80 83 66 51 38 28 29 38 51 67 83 88 73 60 49 42 42 49 60 73 88 96 82 70 61 56 56 61 70 82 96 105 92 82 74 70 70 74 81 92 104 114 103 94 87 84 83 87 93 103 114
30 56 14 33 8 42 24 0 40 50 44 36 11 44 58 30 31 21 20 52 32 43 13 45 18 43 22 3 13 40 42 39 19 42 55 20 31 37 15 35 108 95 83 74 68 66 69 75 85 97 100 86 73 62 55 52 55 64 75 88 93 78 63 51 41 38 43 53 66 81 89 72 56 41 29 24 31 44 59 75 86 69 52 35 19 10 22 38 55 72 85 68 51 34 17 5 20 37 54 72 87 70 54 38 24 19 27 41 57 74 91 75 60 46 36 33 38 49 63 78 97 82 69 57 49 47 50 59 71 85 105 91 79 69 63 60 63 70 81 93
53 17 39 17 48 71 46 40 0 11 78 61 38 72 21 19 41 24 26 13 52 4 47 28 52 74 43 42 42 2 75 64 41 75 18 21 45 8 33 28 133 117 102 88 75 63 56 52 55 62 128 112 96 80 66 53 43 39 42 52 125 108 91 74 58 43 31 25 30 42 123 105 88 71 54 37 21 11 20 36 122 105 88 70 53 36 19 4 18 35 123 106 89 72 56 40 25 18 24 39 126 109 93 77 61 47 36 31 36 46 130 114 99 84 70 58 49 45 48 57 136 121 106 92 79 69 62 59 61 68 143 128 114 101 90 81 75 73 75 80
59 7 50 26 57 78 52 50 11 0 89 68 47 79 18 29 46 34 34 8 57 9 58 34 63 82 50 52 50 11 86 71 48 83 14 31 51 17 41 37 138 122 106 90 76 63 53 46 46 53 134 117 101 84 69 54 41 33 33 41 131 114 97 80 63 47 32 20 20 32 130 113 95 78 61 44 26 10 10 27 130 113 96 79 62 45 28 14 14 29 132 115 98 82 65 50 36 26 26 36 136 119 103 87 72 58 46 39 39 46 140 124 109 94 80 68 58 53 53 58 146 131 116 102 90 79 71 66 66 71 153 138 125 112 100 91 84 80 80 83
65 94 39 66 39 64 62 44 78 89 0 66 52 67 91 62 71 55 63 89 68 81 33 70 27 61 62 42 52 78 4 67 59 57 90 59 70 73 59 59 122 113 108 104 104 106 111 119 128 139 110 101 94 90 90 93 99 107 117 129 98 88 81 76 76 79 86 96 107 120 88 76 68 62 62 66 74 85 98 112 78 66 55 49 48 53 63 76 90 105 71 56 43 35 34 42 54 68 84 100 65 49 34 22 21 31 46 63 79 96 63 45 28 12 9 26 43 60 77 94 63 46 29 14 12 27 43 60 78 95 67 51 36 26 25 34 48 64 80 97
9 74 50 63 33 12 16 36 61 68 66 0 29 11 82 61 23 54 36 74 11 65 45 78 48 16 20 36 25 62 65 3 22 19 79 48 18 63 30 69 74 60 48 40 39 45 56 70 85 101 68 52 37 27 25 34 48 64 80 96 64 47 30 15 12 26 43 60 77 94 63 46 29 12 8 25 42 59 76 94 66 49 34 22 20 31 46 62 78 95 71 56 43 35 34 41 53 67 83 99 79 66 55 48 47 53 62 75 89 104 88 76 67 62 61 65 73 84 97 111 98 88 80 76 75 79 85 95 106 119 110 100 94 90 89 92 98 106 116 128
21 53 24 36 14 36 15 11 38 47 52 29 0 38 58 33 21 26 14 51 23 42 22 50 27 38 12 12 4 39 50 31 9 38 55 21 21 38 7 41 102 88 75 65 58 56 59 67 78 91 94 79 65 53 45 42 47 56 69 83 89 73 57 43 32 28 35 47 62 77 86 69 52 35 21 15 25 40 57 74 84 67 50 33 15 3 20 38 55 72 86 69 52 36 21 15 25 40 57 74 89 73 57 43 32 29 35 47 62 77 95 80 66 54 45 43 47 56 69 83 102 88 75 65 59 57 60 67 78 91 110 98 87 78 72 70 73 79 89 100
20 85 57 73 40 4 27 44 72 79 67 11 38 0 93 70 33 63 47 84 22 76 51 87 53 9 30 43 34 73 67 8 32 13 89 58 29 73 40 78 65 51 42 38 41 51 64 79 94 111 57 42 29 24 29 42 57 73 90 107 53 36 20 10 20 36 53 70 87 105 53 36 19 6 18 35 53 70 87 104 56 40 26 20 26 40 56 72 89 106 62 49 38 34 38 48 62 77 93 109 71 59 51 48 51 59 70 84 99 114 81 71 64 62 64 71 80 93 106 121 93 84 78 76 78 83 92 102 115 128 105 97 92 90 91 96 103 113 124 137
74 15 54 26 66 92 66 58 21 18 91 82 58 93 0 30 62 38 47 10 72 18 63 25 67 95 63 60 62 20 88 85 61 96 4 38 66 21 54 34 154 138 123 108 94 81 70 62 58 60 149 133 116 101 85 71 59 49 45 47 145 129 112 95 79 64 49 37 31 34 143 126 109 92 75 58 42 27 17 22 142 125 108 90 73 56 38 21 5 15 143 125 108 91 74 57 40 24 12 18 144 127 110 94 77 61 46 33 25 29 147 131 114 98 83 68 54 44 39 41 152 136 120 105 90 77 65 57 53 54 157 142 127 112 99 87 77 70 66 68
53 33 24 4 38 69 45 30 19 29 62 61 33 70 30 0 45 9 27 27 53 20 34 17 38 71 42 32 37 18 59 64 39 71 29 13 48 12 31 11 134 120 106 94 83 75 70 70 73 81 127 112 97 84 72 62 56 56 61 69 122 106 90 75 61 50 43 42 48 59 118 101 84 68 53 39 30 29 37 50 115 98 81 64 47 31 17 16 28 44 114 97 80 62 45 28 11 8 25 42 115 98 81 64 47 31 18 16 29 45 118 101 85 69 53 40 30 29 38 51 122 106 90 75 62 51 44 43 49 60 128 112 98 84 72 63 57 57 61 70
15 53 43 47 33 34 11 31 41 46 71 23 21 33 62 45 0 40 19 53 12 45 42 61 47 38 10 32 20 42 70 25 13 40 58 33 5 44 17 55 93 77 62 49 39 36 41 51 65 80 88 71 55 40 27 22 29 43 58 75 86 68 51 34 18 8 21 38 55 72 85 68 51 34 17 7 21 37 55 72 88 71 55 39 26 21 28 42 58 74 92 76 61 48 38 35 40 50 64 79 98 84 70 59 51 49 52 61 72 86 106 92 81 71 65 63 65 72 82 94 115 103 92 84 78 76 79 84 93 104 125 114 104 97 92 90 92 97 105 114
46 39 16 13 29 61 39 21 24 34 55 54 26 63 38 9 40 0 22 34 47 26 25 25 30 63 36 23 30 24 52 56 33 63 36 8 42 19 25 16 127 113 100 88 79 72 70 71 77 86 120 105 90 78 67 59 56 58 65 75 114 98 83 68 55 46 42 45 53 65 109 93 76 61 46 34 28 32 43 58 107 90 73 56 39 24 14 21 36 53 106 89 71 54 37 19 2 16 34 51 107 90 73 56 39 24 15 22 37 53 110 93 77 61 46 34 29 33 44 58 114 98 83 69 56 47 43 45 54 66 120 105 91 78 67 60 56 58 65 75
28 41 28 28 26 46 20 20 26 34 63 36 14 47 47 27 19 22 0 39 27 30 31 43 37 48 17 22 17 27 61 39 15 50 44 15 22 27 8 36 109 94 80 67 57 51 51 56 66 78 103 87 72 58 45 38 37 44 56 70 99 82 66 50 35 25 24 34 48 64 97 80 63 45 29 13 12 27 44 61 97 79 62 45 28 12 10 26 43 60 99 82 65 49 34 22 22 32 47 63 102 86 71 56 44 35 35 42 54 69 108 93 78 66 55 49 49 54 64 77 115 101 88 76 68 63 62 67 75 86 123 110 98 88 81 77 76 80 87 96
65 7 50 24 60 84 58 52 13 8 89 74 51 84 10 27 53 34 39 0 64 10 59 29 63 87 55 55 55 13 86 77 53 88 7 33 57 16 46 34 145 129 113 98 84 71 60 53 52 56 140 124 107 91 76 61 49 40 38 43 137 120 103 86 70 54 39 28 24 32 135 118 101 84 67 49 33 17 11 24 135 118 100 83 66 49 31 14 6 22 136 119 102 85 68 52 36 23 19 28 139 122 105 89 73 58 44 35 32 38 143 126 110 95 80 67 55 48 46 50 148 132 117 102 89 77 67 61 60 63 154 139 125 111 99 88 80 75 73 76
4 64 46 55 31 22 9 32 52 57 68 11 23 22 72 53 12 47 27 64 0 55 43 70 47 27 11 33 20 53 67 14 15 29 69 40 8 54 22 62 82 67 54 43 37 39 48 60 75 90 77 61 45 32 23 26 38 53 69 86 74 57 40 23 10 16 32 49 66 83 74 57 40 23 7 15 32 49 66 83 76 60 44 30 21 24 37 52 68 85 81 66 52 40 34 37 46 59 74 89 88 74 62 53 48 50 57 68 81 95 97 84 74 66 62 63 69 78 90 103 106 95 86 79 76 77 82 90 100 112 117 107 99 93 90 91 95 102 111 121
56 14 42 17 51 75 49 43 4 9 81 65 42 76 18 20 45 26 30 10 55 0 50 27 55 78 46 45 45 3 78 68 44 79 14 24 49 9 37 29 137 121 106 91 78 66 57 53 55 61 132 115 99 84 69 55 45 39 41 50 128 111 95 78 62 47 33 26 29 40 126 109 92 75 58 41 25 12 18 33 126 108 91 74 57 39 22 5 14 31 127 110 93 76 59 43 28 17 22 35 129 113 96 80 64 50 38 31 33 43 133 117 102 86 72 59 50 45 46 54 139 123 108 94 81 70 62 59 60 66 145 131 117 104 92 82 75 72 73 78
40 63 10 37 12 48 35 13 47 58 33 45 22 51 63 34 42 25 31 59 43 50 0 46 6 48 34 11 24 47 30 47 31 46 61 28 42 43 28 35 114 102 92 84 79 78 81 87 96 107 105 92 80 71 65 64 68 75 85 98 97 82 69 59 52 50 55 64 76 89 90 74 60 47 38 36 42 53 67 82 85 69 53 38 26 23 31 45 61 77 83 66 48 31 15 10 24 41 58 75 83 65 48 31 15 8 23 40 57 75 85 68 52 37 24 21 30 45 61 77 89 74 59 46 37 35 41 52 66 82 96 81 68 57 50 49 53 62 75 88
69 35 36 15 53 85 62 45 28 34 70 78 50 87 25 17 61 25 43 29 70 27 46 0 49 87 59 47 54 26 66 80 56 87 26 30 65 21 48 12 151 136 123 110 99 89 83 79 80 84 144 129 114 100 88 77 70 66 66 71 138 122 107 92 78 66 57 52 52 59 133 117 101 85 70 56 45 38 39 47 130 113 96 80 63 48 34 25 26 37 128 111 94 77 59 42 26 12 15 30 128 111 93 76 59 42 24 8 12 29 129 112 95 78 61 45 30 20 22 34 132 115 99 83 67 52 40 33 34 43 136 120 104 89 75 62 52 47 47 54
44 68 14 41 16 50 39 18 52 63 27 48 27 53 67 38 47 30 37 63 47 55 6 49 0 49 38 16 28 52 25 50 35 47 65 32 47 48 33 38 115 104 94 87 83 83 86 92 101 112 105 93 82 74 69 69 73 80 90 103 97 83 71 61 56 55 60 69 81 94 89 74 60 49 42 41 48 58 72 87 84 68 52 38 28 28 36 50 65 81 80 63 47 30 16 15 28 44 61 78 80 62 45 28 10 8 25 43 60 77 81 64 48 32 19 18 30 45 62 79 85 69 54 41 32 31 39 52 67 83 91 76 63 52 45 45 51 61 74 89
24 88 55 73 37 6 30 43 74 82 61 16 38 9 95 71 38 63 48 87 27 78 48 87 49 0 33 41 34 75 61 14 34 5 92 59 34 75 42 77 67 55 47 45 50 59 72 86 101 117 58 44 34 31 38 49 64 79 95 112 52 36 22 17 27 42 58 75 92 109 49 32 15 5 21 39 56 73 91 108 50 34 19 13 24 40 57 74 91 108 55 41 30 26 33 46 61 78 94 111 63 51 43 40 45 55 68 83 99 115 73 63 56 54 58 66 77 91 105 120 84 75 70 68 71 78 88 100 113 127 96 89 84 83 85 91 99 109 122 135
11 56 36 44 23 29 4 22 43 50 62 20 12 30 63 42 10 36 17 55 11 46 34 59 38 33 0 23 11 43 60 22 4 34 60 30 9 44 11 51 93 78 65 53 46 45 51 61 73 88 87 71 56 42 33 32 39 51 66 82 83 66 49 33 20 18 29 44 61 78 81 64 46 29 12 7 24 41 59 76 82 65 48 31 17 13 27 43 60 77 85 69 53 39 28 27 35 48 64 80 90 75 61 49 42 40 46 57 70 85 97 83 71 61 55 54 59 67 79 92 106 93 82 74 69 68 72 79 89 101 115 104 94 87 83 82 85 91 100 111
30 58 15 35 6 41 25 3 42 52 42 36 12 43 60 32 32 23 22 55 33 45 11 47 16 41 23 0 13 42 40 38 20 41 58 22 32 40 17 36 107 94 83 74 69 68 71 77 87 99 99 85 72 62 55 54 57 66 77 91 92 77 62 50 42 40 45 55 68 83 87 70 55 40 29 26 33 46 62 78 84 67 50 33 18 12 24 41 57 74 83 66 49 31 14 5 22 39 56 74 85 68 51 36 22 18 28 43 59 76 89 73 58 44 34 32 38 50 64 80 95 80 66 55 47 45 50 59 72 86 102 89 77 67 61 59 63 70 81 94
18 57 26 40 14 32 12 13 42 50 52 25 4 34 62 37 20 30 17 55 20 45 24 54 28 34 11 13 0 42 50 28 8 35 59 25 19 41 10 44 98 84 72 62 56 55 60 68 80 93 91 76 62 50 43 41 47 58 71 86 85 69 54 40 29 28 36 49 64 80 82 65 48 32 17 14 27 43 60 77 81 64 46 29 12 7 24 41 59 76 82 65 49 33 20 17 28 44 60 77 86 70 55 42 32 30 38 51 65 81 92 77 64 53 45 44 50 60 73 87 100 86 74 65 59 58 62 71 82 95 108 96 86 78 73 72 75 82 92 104
54 17 39 16 48 72 47 40 2 11 78 62 39 73 20 18 42 24 27 13 53 3 47 26 52 75 43 42 42 0 75 65 42 76 17 21 46 7 34 27 134 119 103 89 76 65 57 54 56 63 129 113 97 81 67 54 44 40 43 52 126 109 92 76 60 45 32 26 31 42 123 106 89 72 55 38 23 12 20 36 123 106 88 71 54 36 19 3 17 34 124 107 90 73 56 40 25 16 23 37 127 110 93 77 61 47 36 30 34 45 131 114 99 84 69 57 48 44 47 55 136 121 106 92 79 68 61 58 60 67 143 128 114 101 90 80 74 72 73 79
64 91 36 62 37 64 61 42 75 86 4 65 50 67 88 59 70 52 61 86 67 78 30 66 25 61 60 40 50 75 0 66 57 58 87 56 69 70 56 56 123 114 108 104 103 105 109 116 125 136 111 102 94 90 89 91 96 104 114 126 100 90 81 76 75 78 84 93 104 117 90 78 69 62 61 64 72 82 95 109 81 68 56 49 47 51 60 73 87 102 74 59 45 36 33 39 51 65 80 96 69 52 36 23 19 28 43 59 76 93 66 49 32 15 6 22 39 56 74 91 67 50 33 17 11 24 40 57 74 91 70 54 40 28 25 32 46 61 77 94
12 77 52 66 35 9 19 39 64 71 67 3 31 8 85 64 25 56 39 77 14 68 47 80 50 14 22 38 28 65 66 0 25 18 82 51 21 66 33 71 71 57 45 38 39 46 58 72 87 103 65 49 35 25 25 36 50 66 82 99 61 44 27 12 14 29 45 62 80 97 61 43 26 10 11 28 45 62 79 97 63 47 32 21 22 33 48 65 81 98 69 54 42 35 35 43 55 70 86 102 77 64 54 48 49 55 65 78 92 107 86 75 67 62 62 67 76 87 100 114 97 87 80 76 76 80 87 97 109 122 109 100 94 90 90 93 100 108 119 131
14 55 32 42 21 31 7 19 41 48 59 22 9 32 61 39 13 33 15 53 15 44 31 56 35 34 4 20 8 42 57 25 0 35 58 27 12 42 9 48 95 81 68 57 50 48 53 62 74 88 89 73 59 46 36 34 41 52 66 82 85 68 52 36 24 21 30 44 60 77 83 65 48 31 14 8 23 40 57 75 83 66 48 32 16 10 24 41 58 75 85 69 53 38 26 23 32 46 61 78 90 75 60 48 39 37 43 54 68 83 97 83 70 59 52 51 55 64 76 90 105 92 81 72 66 65 68 75 86 98 114 102 92 84 80 79 81 88 96 107
26 89 54 74 36 10 31 42 75 83 57 19 38 13 96 71 40 63 50 88 29 79 46 87 47 5 34 41 35 76 58 18 35 0 93 59 36 75 43 77 68 58 51 49 54 63 75 89 104 119 59 46 37 35 41 53 67 82 98 114 52 37 24 22 31 45 61 77 94 111 48 31 14 9 24 41 58 75 92 109 48 31 15 10 24 41 58 75 92 110 52 37 26 23 32 46 61 78 94 111 60 47 39 37 43 54 68 83 99 115 69 59 52 51 55 64 76 90 104 120 80 71 66 65 68 76 86 98 112 126 92 84 80 79 82 88 97 108 120 134
70 12 52 25 63 89 63 55 18 14 90 79 55 89 4 29 58 36 44 7 69 14 61 26 65 92 60 58 59 17 87 82 58 93 0 36 62 19 51 33 150 134 119 104 90 77 66 59 56 58 146 129 113 97 82 68 55 46 42 45 142 125 108 92 76 60 45 34 28 33 140 123 106 89 71 55 38 23 15 23 139 122 105 87 70 53 35 18 1 17 140 123 106 88 71 54 38 23 14 22 142 125 108 92 75 59 45 33 28 32 145 129 113 97 81 67 54 45 41 45 150 134 118 103 89 76 65 58 55 58 156 140 126 111 98 87 78 71 69 71
40 37 20 15 28 57 33 20 21 31 59 48 21 58 38 13 33 8 15 33 40 24 28 30 32 59 30 22 25 21 56 51 27 59 36 0 36 18 19 22 122 107 94 81 71 65 62 64 71 81 115 100 85 71 60 51 48 51 59 71 110 94 78 63 49 39 34 38 49 62 106 89 73 56 41 27 20 27 40 56 105 87 70 53 36 19 7 19 36 53 105 87 70 53 36 20 8 19 36 53 107 90 73 57 41 28 22 28 41 57 110 94 79 64 50 40 36 40 50 63 116 101 86 73 61 53 50 53 61 72 123 108 95 83 73 66 64 66 72 82
10 57 44 50 32 29 9 31 45 51 70 18 21 29 66 48 5 42 22 57 8 49 42 65 47 34 9 32 19 46 69 21 12 36 62 36 0 48 18 57 89 73 59 46 38 37 43 54 68 84 84 67 51 36 25 23 32 47 62 79 81 64 47 30 14 10 25 42 59 76 81 64 47 30 13 9 25 42 59 76 83 67 51 35 24 22 31 46 62 78 88 72 58 45 37 35 42 54 68 83 94 80 67 57 50 49 54 63 76 90 103 89 78 69 64 63 67 74 85 98 112 100 90 82 78 77 80 86 96 107 122 111 102 95 91 91 93 99 107 117
54 22 34 9 45 72 47 37 8 17 73 63 38 73 21 12 44 19 27 16 54 9 43 21 48 75 44 40 41 7 70 66 42 75 19 18 48 0 34 21 136 120 106 92 80 69 62 60 62 69 130 114 98 83 70 58 49 46 49 58 126 109 93 77 61 47 37 32 37 47 123 106 89 72 55 39 25 18 26 40 122 104 87 70 52 35 18 5 18 36 122 105 87 70 53 36 20 10 20 37 124 107 90 74 57 42 30 24 30 42 127 111 95 79 64 51 42 38 42 51 132 116 101 87 73 62 55 52 54 62 138 123 109 96 84 74 68 65 68 74
22 48 27 34 20 39 14 15 33 41 59 30 7 40 54 31 17 25 8 46 22 37 28 48 33 42 11 17 10 34 56 33 9 43 51 19 18 34 0 40 103 89 75 64 56 52 54 61 71 84 97 81 67 53 43 38 41 50 62 77 93 76 60 44 31 24 28 40 55 71 90 73 56 39 22 10 18 34 51 68 90 72 55 38 21 6 16 33 50 67 91 75 58 42 28 19 24 38 53 70 95 79 64 50 39 33 36 46 60 75 101 86 72 60 51 47 49 57 68 82 108 95 82 72 64 61 62 69 78 90 117 104 93 84 78 75 76 81 89 100
61 40 25 12 42 76 54 35 28 37 59 69 41 78 34 11 55 16 36 34 62 29 35 12 38 77 51 36 44 27 56 71 48 77 33 22 57 21 40 0 142 128 115 103 93 85 81 80 83 89 134 119 105 93 81 73 67 66 70 77 128 112 97 83 70 60 54 52 57 65 123 106 90 75 61 49 40 39 44 55 119 102 85 69 53 39 27 25 33 47 117 100 83 65 48 32 16 12 25 42 117 99 82 65 47 30 13 7 23 40 118 101 84 67 50 35 22 19 29 44 121 104 88 72 57 44 34 32 39 51 125 109 94 79 66 55 47 46 51 60
82 144 121 136 103 67 90 108 133 138 122 74 102 65 154 134 93 127 109 145 82 137 114 151 115 67 93 107 98 134 123 71 95 68 150 122 89 136 103 142 0 18 35 52 70 87 104 122 139 156 15 23 38 54 71 88 105 122 140 157 29 34 45 60 75 91 108 125 142 159 43 47 55 68 82 97 113 129 145 162 58 60 67 77 90 104 119 134 150 166 72 74 80 88 99 112 126 140 156 171 86 88 93 100 110 122 134 148 162 177 100 102 106 112 121 132 144 156 170 184 115 116 119 125 133 143 154 166 179 192 129 130 133 138 145 154 164 176 188 201
67 127 108 122 91 54 75 95 117 122 113 60 88 51 138 120 77 113 94 129 67 121 102 136 104 55 78 94 84 119 114 57 81 58 134 107 73 120 89 128 18 0 18 35 52 70 87 104 122 139 23 15 23 38 54 71 88 105 122 140 34 29 34 45 60 75 91 108 125 142 47 43 46 55 67 82 97 112 129 145 60 57 60 67 77 90 104 118 134 150 74 72 73 79 88 99 112 126 140 155 88 86 87 92 100 110 121 134 148 162 102 100 101 105 112 121 131 143 156 170 116 114 115 119 125 133 142 153 165 178 130 128 129 132 138 145 154 164 175 187
54 111 97 108 80 45 62 83 102 106 108 48 75 42 123 106 62 100 80 113 54 106 92 123 94 47 65 83 72 103 108 45 68 51 119 94 59 106 75 115 35 18 0 18 35 52 70 87 104 122 38 23 15 23 38 54 71 88 105 122 45 34 29 34 45 60 75 91 108 125 55 46 43 46 55 67 81 97 112 129 67 60 57 60 67 77 90 104 118 134 80 73 71 73 79 88 99 112 126 140 93 87 85 87 92 99 109 121 134 148 106 101 99 101 105 112 121 131 143 156 119 115 114 115 118 124 132 142 153 165 133 129 128 129 132 137 144 153 163 175
45 96 88 95 72 41 51 74 88 90 104 40 65 38 108 94 49 88 67 98 43 91 84 110 87 45 53 74 62 89 104 38 57 49 104 81 46 92 64 103 52 35 18 0 18 35 52 70 87 104 54 38 23 15 23 38 54 71 88 105 60 45 34 29 33 45 59 75 91 108 68 55 46 43 46 55 67 81 97 112 77 67 60 57 59 66 77 89 103 118 88 79 73 71 73 79 88 99 112 125 100 92 87 85 87 91 99 109 121 134 112 105 101 99 100 105 111 120 131 143 125 119 115 113 114 118 124 132 141 152 138 132 129 127 128 131 137 144 153 163
40 81 81 84 68 45 45 68 75 76 104 39 58 41 94 83 39 79 57 84 37 78 79 99 83 50 46 69 56 76 103 39 50 54 90 71 38 80 56 93 70 52 35 18 0 18 35 52 70 87 71 54 38 23 15 23 38 54 71 88 75 60 45 33 29 33 45 59 75 91 82 67 55 46 43 46 55 67 81 96 90 77 67 59 57 59 66 77 89 103 99 88 79 73 71 73 78 87 99 111 110 100 92 87 85 86 91 99 109 120 121 112 105 100 99 100 104 111 120 130 133 125 118 114 113 114 117 123 131 141 145 138 132 128 127 127 131 136 143 152
43 67 78 75 68 54 45 66 63 63 106 45 56 51 81 75 36 72 51 71 39 66 78 89 83 59 45 68 55 65 105 46 48 63 77 65 37 69 52 85 87 70 52 35 18 0 18 35 52 70 88 71 54 38 23 14 23 38 54 71 91 75 60 45 33 28 33 45 59 75 97 82 67 55 46 42 46 55 67 81 104 90 77 66 59 56 59 66 76 89 112 99 88 79 73 70 72 78 87 98 122 110 99 91 86 84 86 91 98 108 132 121 112 105 100 98 99 104 110 119 143 133 124 118 114 112 113 117 123 131 154 145 137 131 127 126 127 130 135 143
52 55 79 70 73 66 51 69 56 53 111 56 59 64 70 70 41 70 51 60 48 57 81 83 86 72 51 71 60 57 109 58 53 75 66 62 43 62 54 81 104 87 70 52 35 18 0 18 35 52 105 88 71 54 38 23 14 23 38 54 108 91 75 59 45 33 28 33 45 59 113 97 81 67 55 46 42 46 54 67 119 104 90 77 66 59 56 59 66 76 126 112 99 88 78 72 70 72 78 87 134 121 109 99 91 86 84 85 90 98 144 131 121 111 104 99 98 99 103 110 154 142 132 124 117 113 112 113 116 122 164 154 144 137 131 127 125 126 130 135
64 47 83 68 80 81 62 75 52 46 119 70 67 79 62 70 51 71 56 53 60 53 87 79 92 86 61 77 68 54 116 72 62 89 59 64 54 60 61 80 122 104 87 70 52 35 18 0 18 35 122 105 88 71 54 38 23 14 23 38 125 108 91 75 59 45 33 28 33 45 129 112 97 81 67 55 46 42 45 54 134 118 104 89 77 66 59 56 58 65 140 126 112 99 87 78 72 70 72 77 148 134 121 109 99 91 85 83 85 90 156 143 131 120 111 104 99 97 99 103 166 153 142 132 123 117 113 111 112 116 176 164 153 144 136 130 126 125 126 129
78 45 90 71 91 96 75 85 55 46 128 85 78 94 58 73 65 77 66 52 75 55 96 80 101 101 73 87 80 56 125 87 74 104 56 71 68 62 71 83 139 122 104 87 70 52 35 18 0 18 140 122 105 88 71 54 38 23 14 23 142 125 108 91 75 59 45 33 28 33 145 129 112 97 81 67 54 45 42 45 150 134 118 103 89 76 66 58 55 58 156 140 126 112 99 87 78 72 69 71 162 148 134 121 109 98 90 85 83 85 170 156 143 131 120 110 103 99 97 98 179 165 153 141 131 123 116 112 110 112 188 175 163 153 143 135 130 126 124 125
94 49 100 78 104 112 90 97 62 53 139 101 91 111 60 81 80 86 78 56 90 61 107 84 112 117 88 99 93 63 136 103 88 119 58 81 84 69 84 89 156 139 122 104 87 70 52 35 18 0 157 140 122 105 88 71 54 38 23 14 159 142 125 108 91 75 59 45 33 28 162 145 129 112 96 81 67 54 45 42 166 150 134 118 103 89 76 65 58 55 171 155 140 125 111 98 87 77 71 69 177 162 148 134 120 108 98 90 85 83 184 170 156 143 130 119 110 103 98 96 192 178 165 152 141 131 122 116 112 110 201 187 175 163 152 143 135 129 125 124
76 140 113 130 94 59 84 100 128 134 110 68 94 57 149 127 88 120 103 140 77 132 105 144 105 58 87 99 91 129 111 65 89 59 146 115 84 130 97 134 15 23 38 54 71 88 105 122 140 157 0 18 35 52 70 87 104 122 139 156 15 23 38 54 71 88 105 122 140 157 29 34 45 60 75 91 108 125 142 159 43 47 55 68 82 97 113 129 145 162 58 60 67 77 90 104 119 134 150 166 72 74 80 88 99 112 126 140 156 171 86 88 93 100 110 122 134 148 162 177 100 102 106 112 121 132 144 156 170 184 115 116 119 125 133 143 154 166 179 192
60 123 99 114 81 44 68 86 112 117 101 52 79 42 133 112 71 105 87 124 61 115 92 129 93 44 71 85 76 113 102 49 73 46 129 100 67 114 81 119 23 15 23 38 54 71 88 105 122 140 18 0 18 35 52 70 87 104 122 139 23 15 23 38 54 71 88 105 122 140 34 29 34 45 60 75 91 108 125 142 47 43 46 55 67 82 97 112 129 145 60 57 60 67 77 90 104 118 134 150 74 72 73 79 88 99 112 126 140 155 88 86 87 92 100 110 121 134 148 162 102 100 101 105 112 121 131 143 156 170 116 114 115 119 125 133 142 153 165 178
45 106 86 100 69 33 53 73 96 101 94 37 65 29 116 97 55 90 72 107 45 99 80 114 82 34 56 72 62 97 94 35 59 37 113 85 51 98 67 105 38 23 15 23 38 54 71 88 105 122 35 18 0 18 35 52 70 87 104 122 38 23 15 23 38 54 71 88 105 122 45 34 29 34 45 60 75 91 108 125 55 46 43 46 55 67 81 97 112 129 67 60 57 60 67 77 90 104 118 134 80 73 71 73 79 88 99 112 126 140 93 87 85 87 92 99 109 121 134 148 106 101 99 101 105 112 121 131 143 156 119 115 114 115 118 124 132 142 153 165
33 90 76 86 59 27 39 62 80 84 90 27 53 24 101 84 40 78 58 91 32 84 71 100 74 31 42 62 50 81 90 25 46 35 97 71 36 83 53 93 54 38 23 15 23 38 54 71 88 105 52 35 18 0 18 35 52 70 87 104 54 38 23 15 23 38 54 71 88 105 60 45 34 29 33 45 59 75 91 108 68 55 46 43 46 55 67 81 97 112 77 67 60 57 59 66 77 89 103 118 88 79 73 71 73 79 88 99 112 125 100 92 87 85 87 91 99 109 121 134 112 105 101 99 100 105 111 120 131 143 125 119 115 113 114 118 124 132 141 152
26 74 68 73 54 32 31 55 66 69 90 25 45 29 85 72 27 67 45 76 23 69 65 88 69 38 33 55 43 67 89 25 36 41 82 60 25 70 43 81 71 54 38 23 15 23 38 54 71 88 70 52 35 18 0 18 35 52 70 87 71 54 38 23 15 23 38 54 71 88 75 60 45 33 29 33 45 59 75 91 82 67 55 46 43 46 55 67 81 96 90 77 67 59 57 59 66 77 89 103 99 88 79 73 71 73 78 87 99 111 110 100 92 87 85 86 91 99 109 120 121 112 105 100 99 100 104 111 120 130 133 125 118 114 113 114 117 123 131 141
30 59 64 63 54 44 31 52 53 54 93 34 42 42 71 62 22 59 38 61 26 55 64 77 69 49 32 54 41 54 91 36 34 53 68 51 23 58 38 73 88 71 54 38 23 14 23 38 54 71 87 70 52 35 18 0 18 35 52 70 88 71 54 38 23 14 23 38 54 71 91 75 60 45 33 28 33 45 59 75 97 82 67 55 46 42 46 55 67 81 104 90 77 66 59 56 59 66 76 89 112 99 88 79 73 70 72 78 87 98 122 110 99 91 86 84 86 91 98 108 132 121 112 105 100 98 99 104 110 119 143 133 124 118 114 112 113 117 123 131
42 45 65 56 60 59 40 55 43 41 99 48 47 57 59 56 29 56 37 49 38 45 68 70 73 64 39 57 47 44 96 50 41 67 55 48 32 49 41 67 105 88 71 54 38 23 14 23 38 54 104 87 70 52 35 18 0 18 35 52 105 88 71 54 38 23 14 23 38 54 108 91 75 59 45 33 28 33 45 59 113 97 81 67 55 46 42 46 54 67 119 104 90 77 66 59 56 59 66 76 126 112 99 88 78 72 70 72 78 87 134 121 109 99 91 86 84 85 90 98 144 131 121 111 104 99 98 99 103 110 154 142 132 124 117 113 112 113 116 122
57 35 70 54 69 75 53 64 39 33 107 64 56 73 49 56 43 58 44 40 53 39 75 66 80 79 51 66 58 40 104 66 52 82 46 51 47 46 50 66 122 105 88 71 54 38 23 14 23 38 122 104 87 70 52 35 18 0 18 35 122 105 88 71 54 38 23 14 23 38 125 108 91 75 59 45 33 28 33 45 129 112 97 81 67 55 46 42 45 54 134 118 104 89 77 66 59 56 58 65 140 126 112 99 87 78 72 70 72 77 148 134 121 109 99 91 85 83 85 90 156 143 131 120 111 104 99 97 99 103 166 153 142 132 123 117 113 111 112 116
72 31 79 58 81 91 68 75 42 33 117 80 69 90 45 61 58 65 56 38 69 41 85 66 90 95 66 77 71 43 114 82 66 98 42 59 62 49 62 70 140 122 105 88 71 54 38 23 14 23 139 122 104 87 70 52 35 18 0 18 140 122 105 88 71 54 38 23 14 23 142 125 108 91 75 59 45 33 28 33 145 129 112 97 81 67 54 45 42 45 150 134 118 103 89 76 66 58 55 58 156 140 126 112 99 87 78 72 69 71 162 148 134 121 109 98 90 85 83 85 170 156 143 131 120 110 103 99 97 98 179 165 153 141 131 123 116 112 110 112
89 37 90 66 95 108 84 88 52 41 129 96 83 107 47 69 75 75 70 43 86 50 98 71 103 112 82 91 86 52 126 99 82 114 45 71 79 58 77 77 157 140 122 105 88 71 54 38 23 14 156 139 122 104 87 70 52 35 18 0 157 140 122 105 88 71 54 38 23 14 159 142 125 108 91 75 59 45 33 28 162 145 129 112 96 81 67 54 45 42 166 150 134 118 103 89 76 65 58 55 171 155 140 125 111 98 87 77 71 69 177 162 148 134 120 108 98 90 85 83 184 170 156 143 130 119 110 103 98 96 192 178 165 152 141 131 122 116 112 110
73 137 105 125 87 54 80 93 125 131 98 64 89 53 145 122 86 114 99 137 74 128 97 138 97 52 83 92 85 126 100 61 85 52 142 110 81 126 93 128 29 34 45 60 75 91 108 125 142 159 15 23 38 54 71 88 105 122 140 157 0 18 35 52 70 87 104 122 139 156 15 23 38 54 71 88 105 122 140 157 29 34 45 60 75 91 108 125 142 159 43 47 55 68 82 97 113 129 145 162 58 60 67 77 90 104 119 134 150 166 72 74 80 88 99 112 126 140 156 171 86 88 93 100 110 122 134 148 162 177 100 102 106 112 121 132 144 156 170 184
56 120 90 108 72 37 63 78 108 114 88 47 73 36 129 106 68 98 82 120 57 111 82 122 83 36 66 77 69 109 90 44 68 37 125 94 64 109 76 112 34 29 34 45 60 75 91 108 125 142 23 15 23 38 54 71 88 105 122 140 18 0 18 35 52 70 87 104 122 139 23 15 23 38 54 71 88 105 122 140 34 29 34 45 60 75 91 108 125 142 47 43 46 55 67 82 97 112 129 145 60 57 60 67 77 90 104 118 134 150 74 72 73 79 88 99 112 126 140 155 88 86 87 92 100 110 121 134 148 162 102 100 101 105 112 121 131 143 156 170
39 103 76 93 58 22 46 63 91 97 81 30 57 20 112 90 51 83 66 103 40 95 69 107 71 22 49 62 54 92 81 27 52 24 108 78 47 93 60 97 45 34 29 34 45 60 75 91 108 125 38 23 15 23 38 54 71 88 105 122 35 18 0 18 35 52 70 87 104 122 38 23 15 23 38 54 71 88 105 122 45 34 29 34 45 60 75 91 108 125 55 46 43 46 55 67 81 97 112 129 67 60 57 60 67 77 90 104 118 134 80 73 71 73 79 88 99 112 126 140 93 87 85 87 92 99 109 121 134 148 106 101 99 101 105 112 121 131 143 156
23 86 64 77 47 13 30 51 74 80 76 15 43 10 95 75 34 68 50 86 23 78 59 92 61 17 33 50 40 76 76 12 36 22 92 63 30 77 44 83 60 45 34 29 33 45 59 75 91 108 54 38 23 15 23 38 54 71 88 105 52 35 18 0 18 35 52 70 87 104 54 38 23 15 23 38 54 71 88 105 60 45 34 29 33 45 59 75 91 108 68 55 46 43 46 55 67 81 97 112 77 67 60 57 59 66 77 89 103 118 88 79 73 71 73 79 88 99 112 125 100 92 87 85 87 91 99 109 121 134 112 105 101 99 100 105 111 120 131 143
12 69 55 63 40 22 18 41 58 63 76 12 32 20 79 61 18 55 35 70 10 62 52 78 56 27 20 42 29 60 75 14 24 31 76 49 14 61 31 70 75 60 45 33 29 33 45 59 75 91 71 54 38 23 15 23 38 54 71 88 70 52 35 18 0 18 35 52 70 87 71 54 38 23 15 23 38 54 71 88 75 60 45 33 29 33 45 59 75 91 82 67 55 46 43 46 55 67 81 96 90 77 67 59 57 59 66 77 89 103 99 88 79 73 71 73 78 87 99 111 110 100 92 87 85 86 91 99 109 120 121 112 105 100 99 100 104 111 120 130
20 53 50 51 41 37 18 38 43 47 79 26 28 36 64 50 8 46 25 54 16 47 50 66 55 42 18 40 28 45 78 29 21 45 60 39 10 47 24 60 91 75 60 45 33 28 33 45 59 75 88 71 54 38 23 14 23 38 54 71 87 70 52 35 18 0 18 35 52 70 88 71 54 38 23 14 23 38 54 71 91 75 60 45 33 28 33 45 59 75 97 82 67 55 46 42 46 55 67 81 104 90 77 66 59 56 59 66 76 89 112 99 88 79 73 70 72 78 87 98 122 110 99 91 86 84 86 91 98 108 132 121 112 105 100 98 99 104 110 119
35 37 51 43 48 54 31 43 31 32 86 43 35 53 49 43 21 42 24 39 32 33 55 57 60 58 29 45 36 32 84 45 30 61 45 34 25 37 28 54 108 91 75 59 45 33 28 33 45 59 105 88 71 54 38 23 14 23 38 54 104 87 70 52 35 18 0 18 35 52 105 88 71 54 38 23 14 23 38 54 108 91 75 59 45 33 28 33 45 59 113 97 81 67 55 46 42 46 54 67 119 104 90 77 66 59 56 59 66 76 126 112 99 88 78 72 70 72 78 87 134 121 109 99 91 86 84 85 90 98 144 131 121 111 104 99 98 99 103 110
52 23 58 41 59 71 47 53 25 20 96 60 47 70 37 42 38 45 34 28 49 26 64 52 69 75 44 55 49 26 93 62 44 77 34 38 42 32 40 52 125 108 91 75 59 45 33 28 33 45 122 105 88 71 54 38 23 14 23 38 122 104 87 70 52 35 18 0 18 35 122 105 88 71 54 38 23 14 23 38 125 108 91 75 59 45 33 28 33 45 129 112 97 81 67 55 46 42 45 54 134 118 104 89 77 66 59 56 58 65 140 126 112 99 87 78 72 70 72 77 148 134 121 109 99 91 85 83 85 90 156 143 131 120 111 104 99 97 99 103
69 18 68 45 73 88 63 66 30 20 107 77 62 87 31 48 55 53 48 24 66 29 76 52 81 92 61 68 64 31 104 80 60 94 28 49 59 37 55 57 142 125 108 91 75 59 45 33 28 33 140 122 105 88 71 54 38 23 14 23 139 122 104 87 70 52 35 18 0 18 140 122 105 88 71 54 38 23 14 23 142 125 108 91 75 59 45 33 28 33 145 129 112 97 81 67 54 45 42 45 150 134 118 103 89 76 66 58 55 58 156 140 126 112 99 87 78 72 69 71 162 148 134 121 109 98 90 85 83 85 170 156 143 131 120 110 103 99 97 98
86 26 81 56 88 105 80 81 42 32 120 94 77 105 34 59 72 65 64 32 83 40 89 59 94 109 78 83 80 42 117 97 77 111 33 62 76 47 71 65 159 142 125 108 91 75 59 45 33 28 157 140 122 105 88 71 54 38 23 14 156 139 122 104 87 70 52 35 18 0 157 140 122 105 88 71 54 38 23 14 159 142 125 108 91 75 59 45 33 28 162 145 129 112 96 81 67 54 45 42 166 150 134 118 103 89 76 65 58 55 171 155 140 125 111 98 87 77 71 69 177 162 148 134 120 108 98 90 85 83 184 170 156 143 130 119 110 103 98 96
72 136 99 121 81 52 78 89 123 130 88 63 86 53 143 118 85 109 97 135 74 126 90 133 89 49 81 87 82 123 90 61 83 48 140 106 81 123 90 123 43 47 55 68 82 97 113 129 145 162 29 34 45 60 75 91 108 125 142 159 15 23 38 54 71 88 105 122 140 157 0 18 35 52 70 87 104 122 139 156 15 23 38 54 71 88 105 122 140 157 29 34 45 60 75 91 108 125 142 159 43 47 55 68 82 97 113 129 145 162 58 60 67 77 90 104 119 134 150 166 72 74 80 88 99 112 126 140 156 171 86 88 93 100 110 122 134 148 162 177
54 119 83 104 65 35 61 72 105 113 76 46 69 36 126 101 68 93 80 118 57 109 74 117 74 32 64 70 65 106 78 43 65 31 123 89 64 106 73 106 47 43 46 55 67 82 97 112 129 145 34 29 34 45 60 75 91 108 125 142 23 15 23 38 54 71 88 105 122 140 18 0 18 35 52 70 87 104 122 139 23 15 23 38 54 71 88 105 122 140 34 29 34 45 60 75 91 108 125 142 47 43 46 55 67 82 97 112 129 145 60 57 60 67 77 90 104 118 134 150 74 72 73 79 88 99 112 126 140 155 88 86 87 92 100 110 121 134 148 162
37 102 68 87 50 18 43 56 88 95 68 29 52 19 109 84 51 76 63 101 40 92 60 101 60 15 46 55 48 89 69 26 48 14 106 73 47 89 56 90 55 46 43 46 55 67 81 97 112 129 45 34 29 34 45 60 75 91 108 125 38 23 15 23 38 54 71 88 105 122 35 18 0 18 35 52 70 87 104 122 38 23 15 23 38 54 71 88 105 122 45 34 29 34 45 60 75 91 108 125 55 46 43 46 55 67 81 97 112 129 67 60 57 60 67 77 90 104 118 134 80 73 71 73 79 88 99 112 126 140 93 87 85 87 92 99 109 121 134 148
20 85 54 71 36 2 26 41 71 78 62 12 35 6 92 68 34 61 45 84 23 75 47 85 49 5 29 40 32 72 62 10 31 9 89 56 30 72 39 75 68 55 46 43 46 55 67 81 97 112 60 45 34 29 33 45 59 75 91 108 54 38 23 15 23 38 54 71 88 105 52 35 18 0 18 35 52 70 87 104 54 38 23 15 23 38 54 71 88 105 60 45 34 29 33 45 59 75 91 108 68 55 46 43 46 55 67 81 97 112 77 67 60 57 59 66 77 89 103 118 88 79 73 71 73 79 88 99 112 125 100 92 87 85 87 91 99 109 121 134
4 67 43 55 27 18 9 29 54 61 62 8 21 18 75 53 17 46 29 67 7 58 38 70 42 21 12 29 17 55 61 11 14 24 71 41 13 55 22 61 82 67 55 46 43 46 55 67 81 96 75 60 45 33 29 33 45 59 75 91 71 54 38 23 15 23 38 54 71 88 70 52 35 18 0 18 35 52 70 87 71 54 38 23 15 23 38 54 71 88 75 60 45 33 29 33 45 59 75 91 82 67 55 46 43 46 55 67 81 96 90 77 67 59 57 59 66 77 89 103 99 88 79 73 71 73 78 87 99 111 110 100 92 87 85 86 91 99 109 120
16 50 37 41 27 35 10 24 37 44 66 25 15 35 58 39 7 34 13 49 15 41 36 56 41 39 7 26 14 38 64 28 8 41 55 27 9 39 10 49 97 82 67 55 46 42 46 55 67 81 91 75 60 45 33 28 33 45 59 75 88 71 54 38 23 14 23 38 54 71 87 70 52 35 18 0 18 35 52 70 88 71 54 38 23 14 23 38 54 71 91 75 60 45 33 28 33 45 59 75 97 82 67 55 46 42 46 55 67 81 104 90 77 66 59 56 59 66 76 89 112 99 88 79 73 70 72 78 87 98 122 110 99 91 86 84 86 91 98 108
33 33 38 30 37 52 27 31 21 26 74 42 25 53 42 30 21 28 12 33 32 25 42 45 48 56 24 33 27 23 72 45 23 58 38 20 25 25 18 40 113 97 81 67 55 46 42 46 54 67 108 91 75 59 45 33 28 33 45 59 105 88 71 54 38 23 14 23 38 54 104 87 70 52 35 18 0 18 35 52 105 88 71 54 38 23 14 23 38 54 108 91 75 59 45 33 28 33 45 59 113 97 81 67 55 46 42 46 54 67 119 104 90 77 66 59 56 59 66 76 126 112 99 88 78 72 70 72 78 87 134 121 109 99 91 86 84 85 90 98
51 16 46 27 51 70 44 44 11 10 85 59 40 70 27 29 37 32 27 17 49 12 53 38 58 73 41 46 43 12 82 62 40 75 23 27 42 18 34 39 129 112 97 81 67 55 46 42 45 54 125 108 91 75 59 45 33 28 33 45 122 105 88 71 54 38 23 14 23 38 122 104 87 70 52 35 18 0 18 35 122 105 88 71 54 38 23 14 23 38 125 108 91 75 59 45 33 28 33 45 129 112 97 81 67 55 46 42 45 54 134 118 104 89 77 66 59 56 58 65 140 126 112 99 87 78 72 70 72 77 148 134 121 109 99 91 85 83 85 90
68 4 59 34 67 87 61 59 20 10 98 76 57 87 17 37 55 43 44 11 66 18 67 39 72 91 59 62 60 20 95 79 57 92 15 40 59 26 51 44 145 129 112 97 81 67 54 45 42 45 142 125 108 91 75 59 45 33 28 33 140 122 105 88 71 54 38 23 14 23 139 122 104 87 70 52 35 18 0 18 140 122 105 88 71 54 38 23 14 23 142 125 108 91 75 59 45 33 28 33 145 129 112 97 81 67 54 45 42 45 150 134 118 103 89 76 66 58 55 58 156 140 126 112 99 87 78 72 69 71 162 148 134 121 109 98 90 85 83 85
85 21 74 47 83 104 79 75 36 27 112 94 74 104 22 50 72 58 61 24 83 33 82 47 87 108 76 78 77 36 109 97 75 109 23 56 76 40 68 55 162 145 129 112 96 81 67 54 45 42 159 142 125 108 91 75 59 45 33 28 157 140 122 105 88 71 54 38 23 14 156 139 122 104 87 70 52 35 18 0 157 140 122 105 88 71 54 38 23 14 159 142 125 108 91 75 59 45 33 28 162 145 129 112 96 81 67 54 45 42 166 150 134 118 103 89 76 65 58 55 171 155 140 125 111 98 87 77 71 69 177 162 148 134 120 108 98 90 85 83
74 137 95 119 78 55 79 86 122 130 78 66 84 56 142 115 88 107 97 135 76 126 85 130 84 50 82 84 81 123 81 63 83 48 139 105 83 122 90 119 58 60 67 77 90 104 119 134 150 166 43 47 55 68 82 97 113 129 145 162 29 34 45 60 75 91 108 125 142 159 15 23 38 54 71 88 105 122 140 157 0 18 35 52 70 87 104 122 139 156 15 23 38 54 71 88 105 122 140 157 29 34 45 60 75 91 108 125 142 159 43 47 55 68 82 97 113 129 145 162 58 60 67 77 90 104 119 134 150 166 72 74 80 88 99 112 126 140 156 171
57 120 78 101 61 38 62 69 105 113 66 49 67 40 125 98 71 90 79 118 60 108 69 113 68 34 65 67 64 106 68 47 66 31 122 87 67 104 72 102 60 57 60 67 77 90 104 118 134 150 47 43 46 55 67 82 97 112 129 145 34 29 34 45 60 75 91 108 125 142 23 15 23 38 54 71 88 105 122 140 18 0 18 35 52 70 87 104 122 139 23 15 23 38 54 71 88 105 122 140 34 29 34 45 60 75 91 108 125 142 47 43 46 55 67 82 97 112 129 145 60 57 60 67 77 90 104 118 134 150 74 72 73 79 88 99 112 126 140 155
41 102 62 84 44 24 45 52 88 96 55 34 50 26 108 81 55 73 62 100 44 91 53 96 52 19 48 50 46 88 56 32 48 15 105 70 51 87 55 85 67 60 57 60 67 77 90 104 118 134 55 46 43 46 55 67 81 97 112 129 45 34 29 34 45 60 75 91 108 125 38 23 15 23 38 54 71 88 105 122 35 18 0 18 35 52 70 87 104 122 38 23 15 23 38 54 71 88 105 122 45 34 29 34 45 60 75 91 108 125 55 46 43 46 55 67 81 97 112 129 67 60 57 60 67 77 90 104 118 134 80 73 71 73 79 88 99 112 126 140
26 85 46 67 28 16 29 35 70 79 49 22 33 20 90 64 39 56 45 83 30 74 38 80 38 13 31 33 29 71 49 21 32 10 87 53 35 70 38 69 77 67 60 57 59 66 77 89 103 118 68 55 46 43 46 55 67 81 97 112 60 45 34 29 33 45 59 75 91 108 54 38 23 15 23 38 54 71 88 105 52 35 18 0 18 35 52 70 87 104 54 38 23 15 23 38 54 71 88 105 60 45 34 29 33 45 59 75 91 108 68 55 46 43 46 55 67 81 97 112 77 67 60 57 59 66 77 89 103 118 88 79 73 71 73 79 88 99 112 125
17 68 32 50 14 24 16 19 53 62 48 20 15 26 73 47 26 39 28 66 21 57 26 63 28 24 17 18 12 54 47 22 16 24 70 36 24 52 21 53 90 77 67 59 57 59 66 77 89 103 82 67 55 46 43 46 55 67 81 96 75 60 45 33 29 33 45 59 75 91 71 54 38 23 15 23 38 54 71 88 70 52 35 18 0 18 35 52 70 87 71 54 38 23 15 23 38 54 71 88 75 60 45 33 29 33 45 59 75 91 82 67 55 46 43 46 55 67 81 96 90 77 67 59 57 59 66 77 89 103 99 88 79 73 71 73 78 87 99 111
23 51 23 34 15 38 16 10 36 45 53 31 3 40 56 31 21 24 12 49 24 39 23 48 28 40 13 12 7 36 51 33 10 41 53 19 22 35 6 39 104 90 77 66 59 56 59 66 76 89 97 82 67 55 46 42 46 55 67 81 91 75 60 45 33 28 33 45 59 75 88 71 54 38 23 14 23 38 54 71 87 70 52 35 18 0 18 35 52 70 88 71 54 38 23 14 23 38 54 71 91 75 60 45 33 28 33 45 59 75 97 82 67 55 46 42 46 55 67 81 104 90 77 66 59 56 59 66 76 89 112 99 88 79 73 70 72 78 87 98
37 34 25 19 30 55 30 22 19 28 63 46 20 56 38 17 28 14 10 31 37 22 31 34 36 57 27 24 24 19 60 48 24 58 35 7 31 18 16 27 119 104 90 77 66 59 56 59 66 76 113 97 81 67 55 46 42 46 54 67 108 91 75 59 45 33 28 33 45 59 105 88 71 54 38 23 14 23 38 54 104 87 70 52 35 18 0 18 35 52 105 88 71 54 38 23 14 23 38 54 108 91 75 59 45 33 28 33 45 59 113 97 81 67 55 46 42 46 54 67 119 104 90 77 66 59 56 59 66 76 126 112 99 88 78 72 70 72 78 87
53 19 37 13 46 71 46 38 4 14 76 62 38 72 21 16 42 21 26 14 52 5 45 25 50 74 43 41 41 3 73 65 41 75 18 19 46 5 33 25 134 118 104 89 77 66 59 56 58 65 129 112 97 81 67 55 46 42 45 54 125 108 91 75 59 45 33 28 33 45 122 105 88 71 54 38 23 14 23 38 122 104 87 70 52 35 18 0 18 35 122 105 88 71 54 38 23 14 23 38 125 108 91 75 59 45 33 28 33 45 129 112 97 81 67 55 46 42 45 54 134 118 104 89 77 66 59 56 58 65 140 126 112 99 87 78 72 70 72 77
70 11 52 25 63 88 63 55 18 14 90 78 55 89 5 28 58 36 43 6 68 14 61 26 65 91 60 57 59 17 87 81 58 92 1 36 62 18 50 33 150 134 118 103 89 76 66 58 55 58 145 129 112 97 81 67 54 45 42 45 142 125 108 91 75 59 45 33 28 33 140 122 105 88 71 54 38 23 14 23 139 122 104 87 70 52 35 18 0 18 140 122 105 88 71 54 38 23 14 23 142 125 108 91 75 59 45 33 28 33 145 129 112 97 81 67 54 45 42 45 150 134 118 103 89 76 66 58 55 58 156 140 126 112 99 87 78 72 69 71
87 23 68 41 80 105 80 72 35 29 105 95 72 106 15 44 74 53 60 22 85 31 77 37 81 108 77 74 76 34 102 98 75 110 17 53 78 36 67 47 166 150 134 118 103 89 76 65 58 55 162 145 129 112 96 81 67 54 45 42 159 142 125 108 91 75 59 45 33 28 157 140 122 105 88 71 54 38 23 14 156 139 122 104 87 70 52 35 18 0 157 140 122 105 88 71 54 38 23 14 159 142 125 108 91 75 59 45 33 28 162 145 129 112 96 81 67 54 45 42 166 150 134 118 103 89 76 65 58 55 171 155 140 125 111 98 87 77 71 69
78 139 93 118 77 60 83 85 123 132 71 71 86 62 143 114 92 106 99 136 81 127 83 128 80 55 85 83 82 124 74 69 85 52 140 105 88 122 91 117 72 74 80 88 99 112 126 140 156 171 58 60 67 77 90 104 119 134 150 166 43 47 55 68 82 97 113 129 145 162 29 34 45 60 75 91 108 125 142 159 15 23 38 54 71 88 105 122 140 157 0 18 35 52 70 87 104 122 139 156 15 23 38 54 71 88 105 122 140 157 29 34 45 60 75 91 108 125 142 159 43 47 55 68 82 97 113 129 145 162 58 60 67 77 90 104 119 134 150 166
63 122 75 101 60 46 66 68 106 115 56 56 69 49 125 97 76 89 82 119 66 110 66 111 63 41 69 66 65 107 59 54 69 37 123 87 72 105 75 100 74 72 73 79 88 99 112 126 140 155 60 57 60 67 77 90 104 118 134 150 47 43 46 55 67 82 97 112 129 145 34 29 34 45 60 75 91 108 125 142 23 15 23 38 54 71 88 105 122 140 18 0 18 35 52 70 87 104 122 139 23 15 23 38 54 71 88 105 122 140 34 29 34 45 60 75 91 108 125 142 47 43 46 55 67 82 97 112 129 145 60 57 60 67 77 90 104 118 134 150
48 105 58 83 43 35 51 51 89 98 43 43 52 38 108 80 61 71 65 102 52 93 48 94 47 30 53 49 49 90 45 42 53 26 106 70 58 87 58 83 80 73 71 73 79 88 99 112 126 140 67 60 57 60 67 77 90 104 118 134 55 46 43 46 55 67 81 97 112 129 45 34 29 34 45 60 75 91 108 125 38 23 15 23 38 54 71 88 105 122 35 18 0 18 35 52 70 87 104 122 38 23 15 23 38 54 71 88 105 122 45 34 29 34 45 60 75 91 108 125 55 46 43 46 55 67 81 97 112 129 67 60 57 60 67 77 90 104 118 134
37 88 41 66 26 30 38 34 72 82 35 35 36 34 91 62 48 54 49 85 40 76 31 77 30 26 39 31 33 73 36 35 38 23 88 53 45 70 42 65 88 79 73 71 73 79 88 99 112 125 77 67 60 57 59 66 77 89 103 118 68 55 46 43 46 55 67 81 97 112 60 45 34 29 33 45 59 75 91 108 54 38 23 15 23 38 54 71 88 105 52 35 18 0 18 35 52 70 87 104 54 38 23 15 23 38 54 71 88 105 60 45 34 29 33 45 59 75 91 108 68 55 46 43 46 55 67 81 97 112 77 67 60 57 59 66 77 89 103 118
31 72 24 49 9 35 28 17 56 65 34 34 21 38 74 45 38 37 34 68 34 59 15 59 16 33 28 14 20 56 33 35 26 32 71 36 37 53 28 48 99 88 79 73 71 73 78 87 99 111 90 77 67 59 57 59 66 77 89 103 82 67 55 46 43 46 55 67 81 96 75 60 45 33 29 33 45 59 75 91 71 54 38 23 15 23 38 54 71 88 70 52 35 18 0 18 35 52 70 87 71 54 38 23 15 23 38 54 71 88 75 60 45 33 29 33 45 59 75 91 82 67 55 46 43 46 55 67 81 96 90 77 67 59 57 59 66 77 89 103
35 56 10 31 11 46 29 5 40 50 42 41 15 48 57 28 35 19 22 52 37 43 10 42 15 46 27 5 17 40 39 43 23 46 54 20 35 36 19 32 112 99 88 79 73 70 72 78 87 98 104 90 77 66 59 56 59 66 76 89 97 82 67 55 46 42 46 55 67 81 91 75 60 45 33 28 33 45 59 75 88 71 54 38 23 14 23 38 54 71 87 70 52 35 18 0 18 35 52 70 88 71 54 38 23 14 23 38 54 71 91 75 60 45 33 28 33 45 59 75 97 82 67 55 46 42 46 55 67 81 104 90 77 66 59 56 59 66 76 89
45 41 15 14 28 60 38 20 25 36 54 53 25 62 40 11 40 2 22 36 46 28 24 26 28 61 35 22 28 25 51 55 32 61 38 8 42 20 24 16 126 112 99 88 78 72 70 72 78 87 119 104 90 77 66 59 56 59 66 76 113 97 81 67 55 46 42 46 54 67 108 91 75 59 45 33 28 33 45 59 105 88 71 54 38 23 14 23 38 54 104 87 70 52 35 18 0 18 35 52 105 88 71 54 38 23 14 23 38 54 108 91 75 59 45 33 28 33 45 59 113 97 81 67 55 46 42 46 54 67 119 104 90 77 66 59 56 59 66 76
59 29 31 5 45 76 51 37 18 26 68 67 40 77 24 8 50 16 32 23 59 17 41 12 44 78 48 39 44 16 65 70 46 78 23 19 54 10 38 12 140 126 112 99 87 78 72 70 72 77 134 118 104 89 77 66 59 56 58 65 129 112 97 81 67 55 46 42 45 54 125 108 91 75 59 45 33 28 33 45 122 105 88 71 54 38 23 14 23 38 122 104 87 70 52 35 18 0 18 35 122 105 88 71 54 38 23 14 23 38 125 108 91 75 59 45 33 28 33 45 129 112 97 81 67 55 46 42 45 54 134 118 104 89 77 66 59 56 58 65
74 25 48 22 62 92 67 54 24 26 84 83 57 93 12 25 64 34 47 19 74 22 58 15 61 94 64 56 60 23 80 86 61 94 14 36 68 20 53 25 156 140 126 112 99 87 78 72 69 71 150 134 118 103 89 76 66 58 55 58 145 129 112 97 81 67 54 45 42 45 142 125 108 91 75 59 45 33 28 33 140 122 105 88 71 54 38 23 14 23 139 122 104 87 70 52 35 18 0 18 140 122 105 88 71 54 38 23 14 23 142 125 108 91 75 59 45 33 28 33 145 129 112 97 81 67 54 45 42 45 150 134 118 103 89 76 66 58 55 58
90 32 65 39 79 108 83 72 39 36 100 99 74 109 18 42 79 51 63 28 89 35 75 30 78 111 80 74 77 37 96 102 78 111 22 53 83 37 70 42 171 155 140 125 111 98 87 77 71 69 166 150 134 118 103 89 76 65 58 55 162 145 129 112 96 81 67 54 45 42 159 142 125 108 91 75 59 45 33 28 157 140 122 105 88 71 54 38 23 14 156 139 122 104 87 70 52 35 18 0 157 140 122 105 88 71 54 38 23 14 159 142 125 108 91 75 59 45 33 28 162 145 129 112 96 81 67 54 45 42 166 150 134 118 103 89 76 65 58 55
85 142 93 119 79 68 88 87 126 136 65 79 89 71 144 115 98 107 102 139 88 129 83 128 80 63 90 85 86 127 69 77 90 60 142 107 94 124 95 117 86 88 93 100 110 122 134 148 162 177 72 74 80 88 99 112 126 140 156 171 58 60 67 77 90 104 119 134 150 166 43 47 55 68 82 97 113 129 145 162 29 34 45 60 75 91 108 125 142 159 15 23 38 54 71 88 105 122 140 157 0 18 35 52 70 87 104 122 139 156 15 23 38 54 71 88 105 122 140 157 29 34 45 60 75 91 108 125 142 159 43 47 55 68 82 97 113 129 145 162
71 125 75 102 62 56 73 70 109 119 49 66 73 59 127 98 84 90 86 122 74 113 65 111 62 51 75 68 70 110 52 64 75 47 125 90 80 107 79 99 88 86 87 92 100 110 121 134 148 162 74 72 73 79 88 99 112 126 140 155 60 57 60 67 77 90 104 118 134 150 47 43 46 55 67 82 97 112 129 145 34 29 34 45 60 75 91 108 125 142 23 15 23 38 54 71 88 105 122 140 18 0 18 35 52 70 87 104 122 139 23 15 23 38 54 71 88 105 122 140 34 29 34 45 60 75 91 108 125 142 47 43 46 55 67 82 97 112 129 145
58 109 58 85 46 47 60 54 93 103 34 55 57 51 110 81 70 73 71 105 62 96 48 93 45 43 61 51 55 93 36 54 60 39 108 73 67 90 64 82 93 87 85 87 92 99 109 121 134 148 80 73 71 73 79 88 99 112 126 140 67 60 57 60 67 77 90 104 118 134 55 46 43 46 55 67 81 97 112 129 45 34 29 34 45 60 75 91 108 125 38 23 15 23 38 54 71 88 105 122 35 18 0 18 35 52 70 87 104 122 38 23 15 23 38 54 71 88 105 122 45 34 29 34 45 60 75 91 108 125 55 46 43 46 55 67 81 97 112 129
49 93 41 68 31 44 49 38 77 87 22 48 43 48 94 64 59 56 56 89 53 80 31 76 28 40 49 36 42 77 23 48 48 37 92 57 57 74 50 65 100 92 87 85 87 91 99 109 121 134 88 79 73 71 73 79 88 99 112 125 77 67 60 57 59 66 77 89 103 118 68 55 46 43 46 55 67 81 97 112 60 45 34 29 33 45 59 75 91 108 54 38 23 15 23 38 54 71 88 105 52 35 18 0 18 35 52 70 87 104 54 38 23 15 23 38 54 71 88 105 60 45 34 29 33 45 59 75 91 108 68 55 46 43 46 55 67 81 97 112
45 78 24 51 19 47 42 24 61 72 21 47 32 51 77 47 51 39 44 73 48 64 15 59 10 45 42 22 32 61 19 49 39 43 75 41 50 57 39 47 110 100 92 87 85 86 91 99 109 120 99 88 79 73 71 73 78 87 99 111 90 77 67 59 57 59 66 77 89 103 82 67 55 46 43 46 55 67 81 96 75 60 45 33 29 33 45 59 75 91 71 54 38 23 15 23 38 54 71 88 70 52 35 18 0 18 35 52 70 87 71 54 38 23 15 23 38 54 71 88 75 60 45 33 29 33 45 59 75 91 82 67 55 46 43 46 55 67 81 96
47 63 9 35 20 56 42 19 47 58 31 53 29 59 61 31 49 24 35 58 50 50 8 42 8 55 40 18 30 47 28 55 37 54 59 28 49 42 33 30 122 110 99 91 86 84 86 91 98 108 112 99 88 79 73 70 72 78 87 98 104 90 77 66 59 56 59 66 76 89 97 82 67 55 46 42 46 55 67 81 91 75 60 45 33 28 33 45 59 75 88 71 54 38 23 14 23 38 54 71 87 70 52 35 18 0 18 35 52 70 88 71 54 38 23 14 23 38 54 71 91 75 60 45 33 28 33 45 59 75 97 82 67 55 46 42 46 55 67 81
56 50 14 21 32 68 49 27 36 46 46 62 35 70 46 18 52 15 35 44 57 38 23 24 25 68 46 28 38 36 43 65 43 68 45 22 54 30 36 13 134 121 109 99 91 86 84 85 90 98 126 112 99 88 78 72 70 72 78 87 119 104 90 77 66 59 56 59 66 76 113 97 81 67 55 46 42 46 54 67 108 91 75 59 45 33 28 33 45 59 105 88 71 54 38 23 14 23 38 54 104 87 70 52 35 18 0 18 35 52 105 88 71 54 38 23 14 23 38 54 108 91 75 59 45 33 28 33 45 59 113 97 81 67 55 46 42 46 54 67
67 42 30 16 48 82 60 41 31 39 63 75 47 84 33 16 61 22 42 35 68 31 40 8 43 83 57 43 51 30 59 78 54 83 33 28 63 24 46 7 148 134 121 109 99 91 85 83 85 90 140 126 112 99 87 78 72 70 72 77 134 118 104 89 77 66 59 56 58 65 129 112 97 81 67 55 46 42 45 54 125 108 91 75 59 45 33 28 33 45 122 105 88 71 54 38 23 14 23 38 122 104 87 70 52 35 18 0 18 35 122 105 88 71 54 38 23 14 23 38 125 108 91 75 59 45 33 28 33 45 129 112 97 81 67 55 46 42 45 54
81 39 48 27 64 97 73 57 36 39 79 89 62 99 25 29 72 37 54 32 81 33 57 12 60 99 70 59 65 34 76 92 68 99 28 41 76 30 60 23 162 148 134 121 109 98 90 85 83 85 156 140 126 112 99 87 78 72 69 71 150 134 118 103 89 76 66 58 55 58 145 129 112 97 81 67 54 45 42 45 142 125 108 91 75 59 45 33 28 33 140 122 105 88 71 54 38 23 14 23 139 122 104 87 70 52 35 18 0 18 140 122 105 88 71 54 38 23 14 23 142 125 108 91 75 59 45 33 28 33 145 129 112 97 81 67 54 45 42 45
96 43 65 42 81 113 88 74 46 46 96 104 77 114 29 45 86 53 69 38 95 43 75 29 77 115 85 76 81 45 93 107 83 115 32 57 90 42 75 40 177 162 148 134 120 108 98 90 85 83 171 155 140 125 111 98 87 77 71 69 166 150 134 118 103 89 76 65 58 55 162 145 129 112 96 81 67 54 45 42 159 142 125 108 91 75 59 45 33 28 157 140 122 105 88 71 54 38 23 14 156 139 122 104 87 70 52 35 18 0 157 140 122 105 88 71 54 38 23 14 159 142 125 108 91 75 59 45 33 28 162 145 129 112 96 81 67 54 45 42
93 146 95 122 83 78 96 91 130 140 63 88 95 81 147 118 106 110 108 143 97 133 85 129 81 73 97 89 92 131 66 86 97 69 145 110 103 127 101 118 100 102 106 112 121 132 144 156 170 184 86 88 93 100 110 122 134 148 162 177 72 74 80 88 99 112 126 140 156 171 58 60 67 77 90 104 119 134 150 166 43 47 55 68 82 97 113 129 145 162 29 34 45 60 75 91 108 125 142 159 15 23 38 54 71 88 105 122 140 157 0 18 35 52 70 87 104 122 139 156 15 23 38 54 71 88 105 122 140 157 29 34 45 60 75 91 108 125 142 159
80 130 78 105 68 68 82 75 114 124 45 76 80 71 131 101 92 93 93 126 84 117 68 112 64 63 83 73 77 114 49 75 83 59 129 94 89 111 86 101 102 100 101 105 112 121 131 143 156 170 88 86 87 92 100 110 121 134 148 162 74 72 73 79 88 99 112 126 140 155 60 57 60 67 77 90 104 118 134 150 47 43 46 55 67 82 97 112 129 145 34 29 34 45 60 75 91 108 125 142 23 15 23 38 54 71 88 105 122 140 18 0 18 35 52 70 87 104 122 139 23 15 23 38 54 71 88 105 122 140 34 29 34 45 60 75 91 108 125 142
70 115 61 88 53 61 70 60 99 109 28 67 66 64 114 85 81 77 78 110 74 102 52 95 48 56 71 58 64 99 32 67 70 52 113 79 78 95 72 84 106 101 99 101 105 112 121 131 143 156 93 87 85 87 92 99 109 121 134 148 80 73 71 73 79 88 99 112 126 140 67 60 57 60 67 77 90 104 118 134 55 46 43 46 55 67 81 97 112 129 45 34 29 34 45 60 75 91 108 125 38 23 15 23 38 54 71 88 105 122 35 18 0 18 35 52 70 87 104 122 38 23 15 23 38 54 71 88 105 122 45 34 29 34 45 60 75 91 108 125
62 100 45 72 40 58 61 46 84 94 12 62 54 62 98 69 71 61 66 95 66 86 37 78 32 54 61 44 53 84 15 62 59 51 97 64 69 79 60 67 112 105 101 99 100 105 111 120 131 143 100 92 87 85 87 91 99 109 121 134 88 79 73 71 73 79 88 99 112 125 77 67 60 57 59 66 77 89 103 118 68 55 46 43 46 55 67 81 97 112 60 45 34 29 33 45 59 75 91 108 54 38 23 15 23 38 54 71 88 105 52 35 18 0 18 35 52 70 87 104 54 38 23 15 23 38 54 71 88 105 60 45 34 29 33 45 59 75 91 108
59 85 31 57 32 60 56 36 70 80 9 61 45 64 83 53 65 46 55 80 62 72 24 61 19 58 55 34 45 69 6 62 52 55 81 50 64 64 51 50 121 112 105 100 99 100 104 111 120 130 110 100 92 87 85 86 91 99 109 120 99 88 79 73 71 73 78 87 99 111 90 77 67 59 57 59 66 77 89 103 82 67 55 46 43 46 55 67 81 96 75 60 45 33 29 33 45 59 75 91 71 54 38 23 15 23 38 54 71 88 70 52 35 18 0 18 35 52 70 87 71 54 38 23 15 23 38 54 71 88 75 60 45 33 29 33 45 59 75 91
61 72 21 43 33 67 56 33 58 68 26 65 43 71 68 40 63 34 49 67 63 59 21 45 18 66 54 32 44 57 22 67 51 64 67 40 63 51 47 35 132 121 112 105 100 98 99 104 110 119 122 110 99 91 86 84 86 91 98 108 112 99 88 79 73 70 72 78 87 98 104 90 77 66 59 56 59 66 76 89 97 82 67 55 46 42 46 55 67 81 91 75 60 45 33 28 33 45 59 75 88 71 54 38 23 14 23 38 54 71 87 70 52 35 18 0 18 35 52 70 88 71 54 38 23 14 23 38 54 71 91 75 60 45 33 28 33 45 59 75
67 62 24 33 41 78 61 38 49 58 43 73 47 80 54 30 65 29 49 55 69 50 30 30 30 77 59 38 50 48 39 76 55 76 54 36 67 42 49 22 144 131 121 111 104 99 98 99 103 110 134 121 109 99 91 86 84 85 90 98 126 112 99 88 78 72 70 72 78 87 119 104 90 77 66 59 56 59 66 76 113 97 81 67 55 46 42 46 54 67 108 91 75 59 45 33 28 33 45 59 105 88 71 54 38 23 14 23 38 54 104 87 70 52 35 18 0 18 35 52 105 88 71 54 38 23 14 23 38 54 108 91 75 59 45 33 28 33 45 59
77 55 36 30 54 90 70 49 45 53 60 84 56 93 44 29 72 33 54 48 78 45 45 20 45 91 67 50 60 44 56 87 64 90 45 40 74 38 57 19 156 143 131 120 111 104 99 97 99 103 148 134 121 109 99 91 85 83 85 90 140 126 112 99 87 78 72 70 72 77 134 118 104 89 77 66 59 56 58 65 129 112 97 81 67 55 46 42 45 54 125 108 91 75 59 45 33 28 33 45 122 105 88 71 54 38 23 14 23 38 122 104 87 70 52 35 18 0 18 35 122 105 88 71 54 38 23 14 23 38 125 108 91 75 59 45 33 28 33 45
89 52 51 36 69 104 82 63 48 53 77 97 69 106 39 38 82 44 64 46 90 46 61 22 62 105 79 64 73 47 74 100 76 104 41 50 85 42 68 29 170 156 143 131 120 110 103 99 97 98 162 148 134 121 109 98 90 85 83 85 156 140 126 112 99 87 78 72 69 71 150 134 118 103 89 76 66 58 55 58 145 129 112 97 81 67 54 45 42 45 142 125 108 91 75 59 45 33 28 33 140 122 105 88 71 54 38 23 14 23 139 122 104 87 70 52 35 18 0 18 140 122 105 88 71 54 38 23 14 23 142 125 108 91 75 59 45 33 28 33
103 56 67 49 85 119 96 78 57 58 94 111 83 121 41 51 94 58 77 50 103 54 77 34 79 120 92 80 87 55 91 114 90 120 45 63 98 51 82 44 184 170 156 143 130 119 110 103 98 96 177 162 148 134 120 108 98 90 85 83 171 155 140 125 111 98 87 77 71 69 166 150 134 118 103 89 76 65 58 55 162 145 129 112 96 81 67 54 45 42 159 142 125 108 91 75 59 45 33 28 157 140 122 105 88 71 54 38 23 14 156 139 122 104 87 70 52 35 18 0 157 140 122 105 88 71 54 38 23 14 159 142 125 108 91 75 59 45 33 28
103 152 99 126 90 89 105 97 136 146 63 98 102 93 152 122 115 114 115 148 106 139 89 132 85 84 106 95 100 136 67 97 105 80 150 116 112 132 108 121 115 116 119 125 133 143 154 166 179 192 100 102 106 112 121 132 144 156 170 184 86 88 93 100 110 122 134 148 162 177 72 74 80 88 99 112 126 140 156 171 58 60 67 77 90 104 119 134 150 166 43 47 55 68 82 97 113 129 145 162 29 34 45 60 75 91 108 125 142 159 15 23 38 54 71 88 105 122 140 157 0 18 35 52 70 87 104 122 139 156 15 23 38 54 71 88 105 122 140 157
91 137 83 110 75 80 92 82 121 131 46 88 88 84 136 106 103 98 101 132 95 123 74 115 69 75 93 80 86 121 50 87 92 71 134 101 100 116 95 104 116 114 115 119 125 133 142 153 165 178 102 100 101 105 112 121 131 143 156 170 88 86 87 92 100 110 121 134 148 162 74 72 73 79 88 99 112 126 140 155 60 57 60 67 77 90 104 118 134 150 47 43 46 55 67 82 97 112 129 145 34 29 34 45 60 75 91 108 125 142 23 15 23 38 54 71 88 105 122 140 18 0 18 35 52 70 87 104 122 139 23 15 23 38 54 71 88 105 122 140
82 122 67 94 62 74 82 69 106 116 29 80 75 78 120 90 92 83 88 117 86 108 59 99 54 70 82 66 74 106 33 80 81 66 118 86 90 101 82 88 119 115 114 115 118 124 132 142 153 165 106 101 99 101 105 112 121 131 143 156 93 87 85 87 92 99 109 121 134 148 80 73 71 73 79 88 99 112 126 140 67 60 57 60 67 77 90 104 118 134 55 46 43 46 55 67 81 97 112 129 45 34 29 34 45 60 75 91 108 125 38 23 15 23 38 54 71 88 105 122 35 18 0 18 35 52 70 87 104 122 38 23 15 23 38 54 71 88 105 122
76 108 53 79 52 72 74 57 92 102 14 76 65 76 105 75 84 69 76 102 79 94 46 83 41 68 74 55 65 92 17 76 72 65 103 73 82 87 72 72 125 119 115 113 114 118 124 132 141 152 112 105 101 99 100 105 111 120 131 143 100 92 87 85 87 91 99 109 121 134 88 79 73 71 73 79 88 99 112 125 77 67 60 57 59 66 77 89 103 118 68 55 46 43 46 55 67 81 97 112 60 45 34 29 33 45 59 75 91 108 54 38 23 15 23 38 54 71 88 105 52 35 18 0 18 35 52 70 87 104 54 38 23 15 23 38 54 71 88 105
73 95 41 65 46 74 70 49 79 90 12 75 59 78 90 62 78 56 68 89 76 81 37 67 32 71 69 47 59 79 11 76 66 68 89 61 78 73 64 57 133 125 118 114 113 114 117 123 131 141 121 112 105 100 99 100 104 111 120 130 110 100 92 87 85 86 91 99 109 120 99 88 79 73 71 73 78 87 99 111 90 77 67 59 57 59 66 77 89 103 82 67 55 46 43 46 55 67 81 96 75 60 45 33 29 33 45 59 75 91 71 54 38 23 15 23 38 54 71 88 70 52 35 18 0 18 35 52 70 87 71 54 38 23 15 23 38 54 71 88
74 83 35 54 46 80 70 47 69 79 27 79 57 83 77 51 76 47 63 77 77 70 35 52 31 78 68 45 58 68 24 80 65 76 76 53 77 62 61 44 143 133 124 118 114 112 113 117 123 131 132 121 112 105 100 98 99 104 110 119 122 110 99 91 86 84 86 91 98 108 112 99 88 79 73 70 72 78 87 98 104 90 77 66 59 56 59 66 76 89 97 82 67 55 46 42 46 55 67 81 91 75 60 45 33 28 33 45 59 75 88 71 54 38 23 14 23 38 54 71 87 70 52 35 18 0 18 35 52 70 88 71 54 38 23 14 23 38 54 71
80 74 37 46 53 89 74 50 62 71 43 85 60 92 65 44 79 43 62 67 82 62 41 40 39 88 72 50 62 61 40 87 68 86 65 50 80 55 62 34 154 142 132 124 117 113 112 113 116 122 144 131 121 111 104 99 98 99 103 110 134 121 109 99 91 86 84 85 90 98 126 112 99 88 78 72 70 72 78 87 119 104 90 77 66 59 56 59 66 76 113 97 81 67 55 46 42 46 54 67 108 91 75 59 45 33 28 33 45 59 105 88 71 54 38 23 14 23 38 54 104 87 70 52 35 18 0 18 35 52 105 88 71 54 38 23 14 23 38 54
88 68 45 44 63 100 81 59 59 66 60 95 67 102 57 43 84 45 67 61 90 59 52 33 52 100 79 59 71 58 57 97 75 98 58 53 86 52 69 32 166 153 142 132 123 117 113 111 112 116 156 143 131 120 111 104 99 97 99 103 148 134 121 109 99 91 85 83 85 90 140 126 112 99 87 78 72 70 72 77 134 118 104 89 77 66 59 56 58 65 129 112 97 81 67 55 46 42 45 54 125 108 91 75 59 45 33 28 33 45 122 105 88 71 54 38 23 14 23 38 122 104 87 70 52 35 18 0 18 35 122 105 88 71 54 38 23 14 23 38
99 66 58 48 76 112 92 71 61 66 78 106 78 115 53 49 93 54 75 60 100 60 66 34 67 113 89 72 82 60 74 109 86 112 55 61 96 54 78 39 179 165 153 141 131 123 116 112 110 112 170 156 143 131 120 110 103 99 97 98 162 148 134 121 109 98 90 85 83 85 156 140 126 112 99 87 78 72 69 71 150 134 118 103 89 76 66 58 55 58 145 129 112 97 81 67 54 45 42 45 142 125 108 91 75 59 45 33 28 33 140 122 105 88 71 54 38 23 14 23 139 122 104 87 70 52 35 18 0 18 140 122 105 88 71 54 38 23 14 23
111 69 73 58 91 126 104 85 68 71 95 119 91 128 54 60 104 66 86 63 112 66 82 43 83 127 101 86 95 67 91 122 98 126 58 72 107 62 90 51 192 178 165 152 141 131 122 116 112 110 184 170 156 143 130 119 110 103 98 96 177 162 148 134 120 108 98 90 85 83 171 155 140 125 111 98 87 77 71 69 166 150 134 118 103 89 76 65 58 55 162 145 129 112 96 81 67 54 45 42 159 142 125 108 91 75 59 45 33 28 157 140 122 105 88 71 54 38 23 14 156 139 122 104 87 70 52 35 18 0 157 140 122 105 88 71 54 38 23 14
113 159 104 131 98 101 114 105 143 153 67 110 110 105 157 128 125 120 123 154 117 145 96 136 91 96 115 102 108 143 70 109 114 92 156 123 122 138 117 125 129 130 133 138 145 154 164 176 188 201 115 116 119 125 133 143 154 166 179 192 100 102 106 112 121 132 144 156 170 184 86 88 93 100 110 122 134 148 162 177 72 74 80 88 99 112 126 140 156 171 58 60 67 77 90 104 119 134 150 166 43 47 55 68 82 97 113 129 145 162 29 34 45 60 75 91 108 125 142 159 15 23 38 54 71 88 105 122 140 157 0 18 35 52 70 87 104 122 139 156
103 144 89 116 85 93 103 91 128 138 51 100 98 97 142 112 114 105 110 139 107 131 81 120 76 89 104 89 96 128 54 100 102 84 140 108 111 123 104 109 130 128 129 132 138 145 154 164 175 187 116 114 115 119 125 133 142 153 165 178 102 100 101 105 112 121 131 143 156 170 88 86 87 92 100 110 121 134 148 162 74 72 73 79 88 99 112 126 140 155 60 57 60 67 77 90 104 118 134 150 47 43 46 55 67 82 97 112 129 145 34 29 34 45 60 75 91 108 125 142 23 15 23 38 54 71 88 105 122 140 18 0 18 35 52 70 87 104 122 139
95 130 75 101 73 88 94 79 114 125 36 94 87 92 127 98 104 91 98 125 99 117 68 104 63 84 94 77 86 114 40 94 92 80 126 95 102 109 93 94 133 129 128 129 132 137 144 153 163 175 119 115 114 115 118 124 132 142 153 165 106 101 99 101 105 112 121 131 143 156 93 87 85 87 92 99 109 121 134 148 80 73 71 73 79 88 99 112 126 140 67 60 57 60 67 77 90 104 118 134 55 46 43 46 55 67 81 97 112 129 45 34 29 34 45 60 75 91 108 125 38 23 15 23 38 54 71 88 105 122 35 18 0 18 35 52 70 87 104 122
89 117 63 88 65 86 87 69 101 112 26 90 78 90 112 84 97 78 88 111 93 104 57 89 52 83 87 67 78 101 28 90 84 79 111 83 95 96 84 79 138 132 129 127 128 131 137 144 153 163 125 119 115 113 114 118 124 132 141 152 112 105 101 99 100 105 111 120 131 143 100 92 87 85 87 91 99 109 121 134 88 79 73 71 73 79 88 99 112 125 77 67 60 57 59 66 77 89 103 118 68 55 46 43 46 55 67 81 97 112 60 45 34 29 33 45 59 75 91 108 54 38 23 15 23 38 54 71 88 105 52 35 18 0 18 35 52 70 87 104
87 105 54 75 60 88 84 63 90 100 25 89 72 91 99 72 92 67 81 99 90 92 50 75 45 85 83 61 73 90 25 90 80 82 98 73 91 84 78 66 145 138 132 128 127 127 131 136 143 152 133 125 118 114 113 114 117 123 131 141 121 112 105 100 99 100 104 111 120 130 110 100 92 87 85 86 91 99 109 120 99 88 79 73 71 73 78 87 99 111 90 77 67 59 57 59 66 77 89 103 82 67 55 46 43 46 55 67 81 96 75 60 45 33 29 33 45 59 75 91 71 54 38 23 15 23 38 54 71 88 70 52 35 18 0 18 35 52 70 87
88 95 49 65 60 93 83 60 81 91 34 92 70 96 87 63 90 60 77 88 91 82 49 62 45 91 82 59 72 80 32 93 79 88 87 66 91 74 75 55 154 145 137 131 127 126 127 130 135 143 143 133 124 118 114 112 113 117 123 131 132 121 112 105 100 98 99 104 110 119 122 110 99 91 86 84 86 91 98 108 112 99 88 79 73 70 72 78 87 98 104 90 77 66 59 56 59 66 76 89 97 82 67 55 46 42 46 55 67 81 91 75 60 45 33 28 33 45 59 75 88 71 54 38 23 14 23 38 54 71 87 70 52 35 18 0 18 35 52 70
93 87 50 59 65 100 87 63 75 84 48 98 73 103 77 57 92 56 76 80 95 75 53 52 51 99 85 63 75 74 46 100 81 97 78 64 93 68 76 47 164 154 144 137 131 127 125 126 130 135 154 142 132 124 117 113 112 113 116 122 144 131 121 111 104 99 98 99 103 110 134 121 109 99 91 86 84 85 90 98 126 112 99 88 78 72 70 72 78 87 119 104 90 77 66 59 56 59 66 76 113 97 81 67 55 46 42 46 54 67 108 91 75 59 45 33 28 33 45 59 105 88 71 54 38 23 14 23 38 54 104 87 70 52 35 18 0 18 35 52
100 81 57 58 74 110 93 70 73 80 64 106 79 113 70 57 97 58 80 75 102 72 62 47 61 109 91 70 82 72 61 108 88 108 71 66 99 65 81 46 176 164 153 144 136 130 126 125 126 129 166 153 142 132 123 117 113 111 112 116 156 143 131 120 111 104 99 97 99 103 148 134 121 109 99 91 85 83 85 90 140 126 112 99 87 78 72 70 72 77 134 118 104 89 77 66 59 56 58 65 129 112 97 81 67 55 46 42 45 54 125 108 91 75 59 45 33 28 33 45 122 105 88 71 54 38 23 14 23 38 122 104 87 70 52 35 18 0 18 35
109 80 67 61 85 122 103 81 75 80 80 116 89 124 66 61 105 65 87 73 111 73 75 47 74 122 100 81 92 73 77 119 96 120 69 72 107 68 89 51 188 175 163 153 143 135 130 126 124 125 179 165 153 141 131 123 116 112 110 112 170 156 143 131 120 110 103 99 97 98 162 148 134 121 109 98 90 85 83 85 156 140 126 112 99 87 78 72 69 71 150 134 118 103 89 76 66 58 55 58 145 129 112 97 81 67 54 45 42 45 142 125 108 91 75 59 45 33 28 33 140 122 105 88 71 54 38 23 14 23 139 122 104 87 70 52 35 18 0 18
121 82 80 69 98 134 114 93 80 83 97 128 100 137 68 70 114 75 96 76 121 78 88 54 89 135 111 94 104 79 94 131 107 134 71 82 117 74 100 60 201 187 175 163 152 143 135 129 125 124 192 178 165 152 141 131 122 116 112 110 184 170 156 143 130 119 110 103 98 96 177 162 148 134 120 108 98 90 85 83 171 155 140 125 111 98 87 77 71 69 166 150 134 118 103 89 76 65 58 55 162 145 129 112 96 81 67 54 45 42 159 142 125 108 91 75 59 45 33 28 157 140 122 105 88 71 54 38 23 14 156 139 122 104 87 70 52 35 18 0
