0 25 13 72 22 17 71 41 58 76 16 76 67 39 22 46 8 19 60 30 17 83 19 17 11 21 74 38 67 75 64 10 50 47 10 51 46 39 66 46 72 61 52 49 52 59 71 84 99 114 64 50 40 35 39 49 62 77 93 109 57 41 28 21 27 40 56 72 89 105 54 36 20 7 18 35 52 69 86 104 54 37 20 8 19 35 52 69 87 104 58 42 29 22 28 41 56 72 89 106 64 51 41 36 40 50 63 78 93 109 73 62 54 50 53 61 72 85 99 115 84 74 67 65 67 73 82 94 107 121 95 87 81 79 80 85 93 104 116 129
25 0 24 48 24 42 47 19 36 52 11 51 42 15 39 29 17 42 36 7 25 59 36 18 28 46 50 15 45 51 40 15 25 35 33 27 30 20 41 22 94 80 68 58 53 53 59 69 81 95 86 71 57 46 39 40 47 59 73 88 81 65 49 35 26 26 37 51 67 83 78 61 44 27 13 14 29 46 63 80 77 60 43 26 9 11 28 45 62 79 79 63 46 31 20 21 33 48 65 81 84 68 54 41 33 34 42 55 70 85 90 76 63 53 47 47 54 64 77 91 98 85 74 66 61 61 66 75 86 99 108 96 86 79 75 75 79 86 96 108
13 24 0 68 32 27 67 35 51 75 14 73 65 37 35 36 13 29 54 26 28 77 31 7 24 30 71 38 60 73 60 12 48 54 22 48 36 31 62 42 83 73 65 62 63 69 78 90 103 117 74 61 52 48 49 57 68 81 96 111 65 51 40 34 36 46 59 74 90 106 59 43 29 20 24 37 52 69 85 102 56 39 22 7 15 32 49 66 84 101 57 40 23 10 17 33 50 67 84 101 61 45 32 24 27 39 54 70 87 103 68 54 43 38 40 49 61 76 91 107 76 65 56 52 54 60 71 84 98 113 87 77 69 66 67 73 81 93 106 120
72 48 68 0 67 89 5 33 21 20 57 12 15 35 84 38 64 90 14 43 70 15 81 61 75 93 14 37 18 13 9 62 26 56 81 22 41 39 8 27 139 124 110 96 84 74 68 65 67 73 133 117 102 88 74 63 54 51 53 61 128 112 96 80 65 52 42 37 40 50 125 108 91 75 58 43 30 23 28 41 123 106 89 72 54 38 21 10 19 35 123 106 88 71 54 37 20 5 17 34 124 107 90 73 57 41 27 19 25 39 127 111 94 78 63 49 38 33 37 47 132 116 100 85 71 59 50 47 49 57 137 122 107 93 81 71 63 60 62 69
22 24 32 67 0 31 65 42 59 65 24 67 57 33 19 52 19 30 57 30 6 80 17 31 14 35 64 30 67 66 59 21 42 27 23 46 53 44 60 43 73 58 45 35 32 38 50 64 80 96 68 52 36 23 18 28 43 59 75 92 66 49 32 14 6 22 39 56 74 91 67 50 33 18 12 24 40 57 74 91 71 55 40 29 25 33 46 61 77 94 77 62 50 42 39 44 55 68 83 99 85 72 62 55 53 57 65 77 90 105 94 83 74 69 67 70 77 87 99 112 105 95 87 83 81 84 90 98 109 121 116 107 101 96 95 97 102 110 119 131
17 42 27 89 31 0 88 58 75 92 33 92 83 55 19 62 25 4 77 46 25 100 17 32 17 5 90 54 84 92 81 27 66 58 9 68 62 56 82 63 57 47 43 45 54 65 79 94 110 126 47 35 29 32 43 57 73 89 106 122 40 25 15 21 36 52 69 86 103 120 38 20 3 15 33 50 67 85 102 119 40 25 15 21 36 52 69 86 103 120 47 35 29 32 43 57 73 89 106 122 57 47 43 45 54 65 79 94 110 126 68 60 57 59 65 75 88 101 116 132 81 74 71 73 78 86 97 110 124 138 93 88 85 86 91 98 108 119 132 146
71 47 67 5 65 88 0 34 24 16 56 8 11 33 82 40 63 89 16 43 68 18 80 61 73 92 10 35 22 9 9 62 23 52 80 21 43 39 6 26 137 122 107 93 81 71 63 61 62 69 132 116 100 85 71 59 50 47 49 57 127 111 94 78 63 49 38 33 37 47 124 107 90 73 57 41 27 19 25 39 123 106 88 71 54 37 20 5 17 34 123 106 89 72 54 38 21 10 19 35 125 108 91 75 58 43 30 23 28 41 128 112 96 80 65 52 42 37 40 50 133 117 102 87 74 63 54 51 53 61 139 124 110 96 84 74 68 65 67 73
41 19 35 33 42 58 34 0 18 43 26 39 33 15 57 14 34 59 20 13 43 43 54 28 46 62 39 18 27 40 25 31 19 45 50 15 16 8 28 10 112 98 86 76 69 66 67 72 81 93 104 89 76 64 56 52 53 60 71 84 98 82 67 54 43 38 40 49 62 76 93 77 60 45 31 24 28 39 54 70 91 73 56 39 23 10 17 33 50 67 90 73 56 39 22 6 15 32 49 67 92 75 59 43 28 19 24 37 53 69 96 80 65 51 39 33 36 46 59 74 102 87 73 61 51 47 49 57 68 81 109 95 83 72 65 61 63 68 78 90
58 36 51 21 59 75 24 18 0 38 43 31 29 28 74 18 51 77 9 30 60 27 71 45 63 79 32 31 9 32 16 49 25 57 68 18 20 20 20 18 129 115 103 92 83 77 75 77 82 91 121 107 93 81 71 64 61 63 70 80 115 99 84 71 59 51 47 50 59 70 110 93 77 62 48 38 33 38 48 62 106 89 72 56 40 26 20 26 40 56 105 87 70 53 36 19 6 18 35 53 105 88 70 53 36 20 9 20 36 53 107 90 73 57 42 29 23 29 42 57 111 95 79 64 51 41 37 41 51 64 116 101 86 73 62 54 51 54 61 72
76 52 75 20 65 92 16 43 38 0 62 10 11 38 83 53 68 92 29 49 69 31 81 68 76 96 7 38 38 9 22 67 27 47 83 29 56 50 19 35 137 120 105 89 75 62 52 46 47 53 132 116 99 83 67 53 40 33 33 42 130 113 96 79 62 46 30 19 21 33 129 111 94 77 59 42 25 8 11 28 129 112 95 77 60 43 27 13 15 30 131 114 97 80 64 48 35 25 26 37 134 118 101 86 71 57 45 39 39 47 139 123 107 93 79 67 58 52 53 59 145 130 115 101 89 78 70 66 66 71 152 137 124 111 100 90 83 80 80 84
16 11 14 57 24 33 56 26 43 62 0 61 53 25 34 32 9 34 44 14 22 68 30 9 22 37 60 25 52 61 49 6 36 42 25 36 32 24 51 31 87 75 64 57 55 58 66 77 90 104 79 65 53 44 41 46 55 68 83 98 73 57 42 31 27 33 46 61 77 93 69 52 35 20 13 24 39 56 73 90 67 50 33 16 3 20 37 55 72 89 69 52 36 22 16 25 40 57 74 91 74 58 44 34 30 36 48 62 78 94 81 67 55 47 44 48 57 70 84 99 89 77 67 60 58 61 69 79 92 106 99 88 79 74 72 74 81 90 101 114
76 51 73 12 67 92 8 39 31 10 61 0 10 37 85 47 68 92 23 47 71 22 82 66 77 96 4 38 29 2 16 66 26 52 83 26 50 46 13 31 139 124 108 94 80 69 60 55 56 62 134 118 102 86 72 58 48 42 42 50 131 114 97 81 65 49 36 28 29 39 129 111 94 77 60 43 27 15 18 32 128 111 93 76 59 41 24 7 12 29 129 112 94 77 60 44 28 16 19 32 131 114 98 81 65 50 37 30 31 41 135 119 103 87 73 59 49 43 44 51 140 124 109 95 82 70 61 57 57 63 146 131 117 104 92 82 74 71 71 76
67 42 65 15 57 83 11 33 29 11 53 10 0 28 75 43 59 83 20 39 61 29 73 58 67 87 8 29 30 10 14 57 18 43 74 18 45 40 11 24 130 114 99 84 71 60 53 51 54 63 125 109 92 77 62 49 40 37 42 52 122 105 88 71 55 40 28 23 30 44 120 102 85 68 51 34 18 9 22 38 119 102 85 68 50 33 16 6 21 38 121 104 87 70 54 38 25 20 28 42 124 107 91 75 60 47 37 33 39 50 128 112 97 82 69 57 50 47 51 60 134 119 105 91 79 69 63 61 64 71 141 127 113 101 90 82 76 75 77 83
39 15 37 35 33 55 33 15 28 38 25 37 28 0 50 28 31 56 25 13 35 48 47 32 40 59 35 4 36 37 27 30 11 31 47 14 31 21 28 11 105 90 77 65 56 51 53 59 70 82 99 83 68 54 43 37 39 48 60 75 94 78 61 46 32 24 26 38 53 69 92 75 58 41 24 10 16 32 49 66 92 74 57 40 23 7 14 31 48 65 94 77 60 44 30 20 23 36 51 68 98 81 66 52 40 34 36 45 58 73 103 88 74 62 52 48 49 56 67 80 110 97 84 73 65 62 63 68 77 89 119 106 95 85 79 75 76 81 89 99
22 39 35 84 19 19 82 57 74 83 34 85 75 50 0 65 26 16 74 45 15 97 4 37 12 21 82 48 83 84 76 28 59 43 15 63 65 57 77 59 56 42 31 29 36 48 63 79 95 112 50 34 19 15 26 42 58 75 92 109 48 31 14 5 22 39 57 74 91 109 50 34 20 16 26 42 58 75 92 109 56 42 32 29 36 49 63 79 96 112 65 53 45 43 48 58 71 85 101 116 75 65 59 57 61 69 80 93 107 122 86 78 73 71 74 81 90 102 115 129 98 91 87 86 88 94 102 112 124 137 111 104 101 100 102 106 114 123 134 146
46 29 36 38 52 62 40 14 18 53 32 47 43 28 65 0 40 64 25 23 52 44 61 31 53 66 48 31 25 48 32 37 32 59 56 26 3 9 35 22 118 106 95 86 81 79 80 85 94 104 109 96 84 74 67 65 67 73 82 94 101 87 73 62 54 51 53 61 72 85 95 79 64 51 41 37 40 50 63 78 90 74 57 42 29 23 29 41 57 73 88 71 53 36 20 9 19 36 53 70 88 70 53 36 19 6 18 35 52 70 90 73 56 41 27 20 26 40 56 72 94 78 63 49 38 34 38 48 62 77 100 85 71 60 51 48 51 59 70 84
8 17 13 64 19 25 63 34 51 68 9 68 59 31 26 40 0 26 52 22 16 75 23 13 14 29 66 30 60 68 56 3 42 42 17 43 40 32 58 38 79 67 57 51 51 56 66 79 93 108 71 57 45 37 37 45 56 71 86 102 65 49 34 24 24 34 49 65 81 98 61 44 27 12 12 28 44 62 79 96 61 44 27 11 11 27 44 61 79 96 64 48 34 23 23 34 48 64 81 98 70 56 44 36 36 44 56 70 86 102 78 66 56 50 50 55 65 78 92 107 88 77 68 64 64 68 76 87 100 114 99 89 82 78 78 81 88 98 109 122
19 42 29 90 30 4 89 59 77 92 34 92 83 56 16 64 26 0 78 48 25 101 15 34 17 6 90 55 86 92 82 28 66 56 10 69 64 58 83 64 55 45 40 42 51 64 78 93 109 125 45 32 26 30 41 56 72 88 105 122 39 23 12 19 34 51 68 85 102 120 38 20 4 16 33 50 67 85 102 119 41 27 18 23 37 53 69 86 103 120 49 38 32 35 45 59 74 90 107 123 59 50 46 48 56 68 81 96 111 127 71 63 60 62 68 78 90 103 118 133 83 77 74 76 81 89 100 112 125 140 96 91 89 90 94 101 110 121 134 147
60 36 54 14 57 77 16 20 9 29 44 23 20 25 74 25 52 78 0 31 59 24 71 48 64 81 24 28 13 23 8 50 19 52 69 12 28 25 11 15 129 114 101 89 79 71 68 69 74 82 122 107 92 79 67 58 54 55 61 71 116 100 85 70 57 46 40 42 50 62 112 96 79 63 48 34 26 29 39 54 110 93 76 59 42 26 13 17 32 49 109 92 75 58 40 23 6 13 30 47 111 94 77 60 43 28 17 21 34 50 114 97 81 65 50 38 31 33 42 56 118 102 87 73 60 50 45 46 53 64 124 109 95 82 71 63 58 59 65 75
30 7 26 43 30 46 43 13 30 49 14 47 39 13 45 23 22 48 31 0 31 54 41 20 34 50 46 14 39 48 35 20 23 39 38 23 24 14 37 17 99 86 74 64 59 58 62 70 81 95 92 77 64 52 45 44 49 60 72 87 86 70 55 41 32 30 38 50 65 81 82 65 49 33 19 17 28 44 60 77 81 64 46 29 12 7 24 41 59 76 82 65 48 32 18 15 27 43 60 77 85 69 54 40 30 28 36 49 64 80 91 76 62 50 43 42 47 58 71 86 98 84 72 62 57 56 60 69 80 93 107 94 83 75 70 69 73 80 90 102
17 25 28 70 6 25 68 43 60 69 22 71 61 35 15 52 16 25 59 31 0 82 12 28 9 29 68 33 69 70 62 18 45 33 18 49 53 44 63 45 70 56 43 36 36 43 55 70 85 101 64 48 33 22 22 33 48 64 81 98 61 44 27 11 11 27 44 61 79 96 62 44 28 12 12 28 45 62 79 96 65 49 35 24 24 35 49 65 81 98 71 57 45 38 38 45 57 71 86 102 79 67 57 52 51 57 67 79 93 108 89 78 70 65 65 70 78 89 101 115 100 90 83 79 79 83 90 99 110 123 112 103 97 93 93 96 102 110 121 132
83 59 77 15 80 100 18 43 27 31 68 22 29 48 97 44 75 101 24 54 82 0 94 71 87 104 26 50 19 24 21 73 39 70 92 34 46 47 22 38 152 137 123 110 98 89 81 77 77 80 145 130 115 101 88 77 68 63 63 67 140 124 108 93 79 66 56 50 50 55 135 119 102 86 71 56 44 36 36 43 132 115 98 82 65 49 34 23 23 33 131 114 96 79 62 45 28 12 11 27 131 114 96 79 62 45 28 12 11 27 132 115 98 82 65 49 34 23 23 33 135 119 102 86 71 56 44 36 36 43 140 124 108 93 78 66 56 49 49 55
19 36 31 81 17 17 80 54 71 81 30 82 73 47 4 61 23 15 71 41 12 94 0 34 9 20 80 45 80 82 74 25 57 42 12 60 62 54 74 56 59 45 35 32 37 49 63 79 95 111 52 37 23 18 27 41 58 74 91 108 50 32 15 4 21 38 55 73 90 107 51 34 19 12 24 40 56 73 90 108 56 41 30 26 33 46 61 77 93 110 64 51 43 40 45 55 68 82 98 114 73 63 56 54 58 66 77 90 104 119 84 76 70 68 71 78 87 99 112 126 96 89 84 82 84 90 98 109 121 134 109 102 98 96 98 103 110 120 131 143
17 18 7 61 31 32 61 28 45 68 9 66 58 32 37 31 13 34 48 20 28 71 34 0 26 36 65 32 53 66 53 11 42 50 26 41 30 25 55 35 88 77 68 63 63 67 75 86 98 112 79 66 56 49 49 54 64 76 90 105 71 56 44 36 35 42 54 68 84 100 65 49 34 22 21 32 47 63 79 96 63 45 28 12 10 26 43 60 77 94 63 46 29 14 12 27 43 60 77 95 66 51 36 25 24 34 48 64 80 97 73 58 46 39 38 45 56 70 85 101 81 68 58 52 52 57 66 78 92 107 90 79 71 66 66 70 77 88 100 114
11 28 24 75 14 17 73 46 63 76 22 77 67 40 12 53 14 17 64 34 9 87 9 26 0 22 74 39 72 76 67 17 51 41 9 54 53 46 68 49 66 53 43 38 41 51 63 78 93 109 59 44 31 24 29 41 56 72 89 105 55 38 22 10 19 35 52 69 86 103 54 37 20 5 17 34 51 68 86 103 57 41 27 19 25 38 54 71 87 104 63 49 38 33 37 47 60 76 91 108 72 60 51 47 50 58 69 82 97 113 82 71 64 61 63 69 79 91 105 119 93 84 78 75 77 82 90 101 113 127 105 97 91 89 91 95 102 112 123 135
21 46 30 93 35 5 92 62 79 96 37 96 87 59 21 66 29 6 81 50 29 104 20 36 22 0 94 58 88 96 85 31 70 62 13 72 65 60 87 67 54 46 43 47 56 69 83 98 114 130 44 33 29 35 47 61 77 93 110 127 36 21 15 24 40 56 73 90 107 124 33 16 2 20 37 54 72 89 106 123 36 21 15 24 40 56 73 90 107 124 44 33 29 35 47 61 77 93 110 127 54 46 43 47 56 69 83 98 114 130 66 59 57 60 68 78 91 105 120 135 79 73 71 74 80 89 100 113 127 142 92 87 85 87 92 100 111 122 135 149
74 50 71 14 64 90 10 39 32 7 60 4 8 35 82 48 66 90 24 46 68 26 80 65 74 94 0 36 31 3 16 65 25 49 81 25 50 46 13 31 137 121 106 91 77 65 57 52 53 60 132 116 99 84 69 55 44 38 40 48 129 112 95 78 62 47 33 25 27 39 127 110 92 75 58 41 25 12 16 32 127 109 92 75 57 40 23 7 14 31 128 111 94 77 60 44 29 19 22 35 130 114 97 81 65 51 39 32 34 44 135 118 103 88 73 61 51 46 47 55 140 125 110 96 83 72 64 60 61 66 147 132 118 105 93 84 77 74 74 79
38 15 38 37 30 54 35 18 31 38 25 38 29 4 48 31 30 55 28 14 33 50 45 32 39 58 36 0 39 38 29 29 12 28 46 16 33 24 30 14 103 88 74 62 53 48 50 57 68 81 97 81 66 52 40 34 37 46 59 74 93 76 60 44 29 20 24 37 52 69 91 74 57 39 22 7 15 32 49 66 91 74 57 40 23 10 16 32 49 66 94 77 61 45 31 23 26 38 53 69 98 82 67 53 42 37 39 48 60 75 104 89 76 64 55 51 52 59 70 83 112 98 86 75 68 65 66 71 80 92 120 108 97 88 81 79 79 84 92 102
67 45 60 18 67 84 22 27 9 38 52 29 30 36 83 25 60 86 13 39 69 19 80 53 72 88 31 39 0 30 17 58 31 64 77 24 28 29 20 25 138 124 111 100 90 83 80 80 83 90 130 116 102 89 78 70 66 66 71 79 124 108 93 79 67 58 52 52 58 68 118 102 86 71 57 46 39 39 46 58 115 98 81 65 49 35 25 26 36 50 113 95 78 61 44 27 13 14 29 46 112 95 78 60 43 26 9 11 28 45 114 97 80 63 47 32 20 21 33 48 117 100 84 68 54 41 33 34 42 55 122 106 90 76 63 53 47 47 53 64
75 51 73 13 66 92 9 40 32 9 61 2 10 37 84 48 68 92 23 48 70 24 82 66 76 96 3 38 30 0 16 66 26 51 83 26 51 46 13 32 139 123 108 93 80 68 59 54 55 61 134 118 101 86 71 57 46 40 41 49 130 114 97 80 64 49 35 27 28 39 128 111 94 77 60 43 27 14 17 31 128 111 93 76 59 41 24 7 12 29 129 112 95 78 61 44 29 18 20 33 131 115 98 82 66 51 38 31 32 41 135 119 103 88 73 60 50 44 45 52 141 125 110 96 82 71 63 58 59 64 147 132 118 105 93 83 76 72 72 77
64 40 60 9 59 81 9 25 16 22 49 16 14 27 76 32 56 82 8 35 62 21 74 53 67 85 16 29 17 16 0 54 18 50 73 14 35 31 4 19 132 117 102 89 78 69 64 63 67 75 125 110 94 80 67 57 51 50 55 64 120 104 88 72 58 45 37 36 43 54 117 100 83 67 51 36 24 23 32 47 115 98 81 64 46 29 13 10 25 42 115 98 81 64 46 29 13 10 25 42 117 100 83 66 50 35 24 22 32 46 120 104 88 72 57 45 36 35 42 54 125 109 94 80 67 56 50 49 54 64 131 116 102 89 78 69 63 63 67 75
10 15 12 62 21 27 62 31 49 67 6 66 57 30 28 37 3 28 50 20 18 73 25 11 17 31 65 29 58 66 54 0 40 42 19 42 37 30 56 36 81 69 59 53 53 57 67 79 92 107 73 59 47 39 39 45 57 70 86 101 67 51 37 26 25 34 48 64 80 97 63 46 29 14 12 27 43 60 78 95 63 45 28 12 9 26 43 60 77 94 65 49 34 22 20 31 46 63 79 96 71 56 43 35 34 41 54 68 84 100 78 65 55 48 48 53 63 76 90 105 88 76 67 62 62 66 74 85 98 112 98 88 80 76 76 79 86 95 107 120
50 25 48 26 42 66 23 19 25 27 36 26 18 11 59 32 42 66 19 23 45 39 57 42 51 70 25 12 31 26 18 40 0 33 57 7 34 26 18 11 114 99 85 72 61 53 51 54 63 74 109 93 77 62 50 40 37 42 52 66 105 88 71 55 40 28 23 30 44 59 103 85 68 51 34 18 9 22 38 55 102 85 68 51 33 17 6 21 38 55 104 87 70 54 38 25 20 28 42 58 108 91 75 60 47 37 33 39 50 64 113 97 83 69 58 50 47 51 60 72 119 105 91 79 70 63 61 64 71 81 127 114 101 91 82 77 75 77 83 92
47 35 54 56 27 58 52 45 57 47 42 52 43 31 43 59 42 56 52 39 33 70 42 50 41 62 49 28 64 51 50 42 33 0 50 40 61 51 49 40 92 76 59 43 29 21 25 38 53 69 90 73 56 39 22 7 16 33 50 67 91 73 56 39 22 9 17 33 50 67 93 76 60 44 30 23 26 39 54 70 97 81 66 53 42 36 39 48 61 75 103 89 75 63 54 50 52 59 70 83 111 97 85 75 68 64 66 71 80 92 120 107 96 87 81 78 79 84 92 102 129 118 108 100 94 92 93 97 104 113 140 129 120 113 108 106 107 110 116 124
10 33 22 81 23 9 80 50 68 83 25 83 74 47 15 56 17 10 69 38 18 92 12 26 9 13 81 46 77 83 73 19 57 50 0 60 55 49 74 55 63 52 44 43 49 59 72 87 102 118 54 41 31 29 37 50 65 81 97 114 48 32 18 16 28 44 60 77 94 112 46 29 11 7 24 41 59 76 93 111 48 32 18 16 28 44 60 77 94 112 54 40 31 29 37 50 65 81 97 114 63 51 44 43 49 59 72 87 102 118 73 64 58 57 61 70 81 94 109 124 85 77 72 71 75 82 92 103 117 131 97 90 86 85 88 94 103 113 125 139
51 27 48 22 46 68 21 15 18 29 36 26 18 14 63 26 43 69 12 23 49 34 60 41 54 72 25 16 24 26 14 42 7 40 60 0 29 22 15 6 118 103 90 77 67 60 58 61 68 78 112 96 81 67 55 47 44 48 57 69 107 91 75 59 45 34 30 35 47 61 104 87 70 53 37 23 16 25 40 56 103 86 68 51 34 17 3 19 36 54 104 87 69 53 36 21 13 23 38 55 106 90 73 57 43 31 27 33 45 60 111 95 79 65 53 44 40 45 54 67 117 102 87 75 64 57 54 57 65 76 124 110 97 85 76 70 68 71 77 86
46 30 36 41 53 62 43 16 20 56 32 50 45 31 65 3 40 64 28 24 53 46 62 30 53 65 50 33 28 51 35 37 34 61 55 29 0 11 38 24 118 106 95 87 82 81 83 88 96 107 108 95 84 75 68 67 69 76 85 97 100 86 73 62 55 53 56 64 75 88 94 78 64 51 42 39 43 53 66 81 89 72 56 41 29 25 31 44 59 75 86 69 52 35 19 11 22 38 55 72 85 68 51 33 16 5 20 37 54 72 87 70 54 38 24 18 27 41 57 74 91 75 60 46 36 32 37 49 63 78 97 82 68 57 49 46 50 59 71 85
39 20 31 39 44 56 39 8 20 50 24 46 40 21 57 9 32 58 25 14 44 47 54 25 46 60 46 24 29 46 31 30 26 51 49 22 11 0 34 17 111 98 87 78 72 71 73 79 88 100 102 88 76 66 59 57 60 67 78 91 95 80 66 54 45 43 47 56 69 83 90 74 58 44 33 29 34 46 61 77 86 69 53 36 22 15 24 40 56 73 85 68 51 33 16 2 20 37 54 72 86 69 52 36 21 14 24 39 56 73 90 73 58 43 32 28 34 46 61 77 95 80 66 54 45 42 46 56 68 83 102 88 76 65 58 56 59 67 78 90
66 41 62 8 60 82 6 28 20 19 51 13 11 28 77 35 58 83 11 37 63 22 74 55 68 87 13 30 20 13 4 56 18 49 74 15 38 34 0 20 132 117 103 89 77 68 62 61 64 72 126 110 95 80 67 56 49 47 51 61 122 105 89 73 58 45 35 33 39 51 119 102 85 68 52 36 23 20 29 44 117 100 83 65 48 31 14 7 23 40 118 100 83 66 49 32 16 11 24 41 119 103 86 69 53 38 27 24 32 46 123 107 91 75 61 48 39 37 43 54 128 112 97 83 70 60 53 51 55 64 134 119 105 92 81 72 66 65 68 75
46 22 42 27 43 63 26 10 18 35 31 31 24 11 59 22 38 64 15 17 45 38 56 35 49 67 31 14 25 32 19 36 11 40 55 6 24 17 20 0 114 100 87 75 66 61 60 64 73 84 108 92 78 64 54 47 46 52 62 75 102 86 70 55 42 34 33 40 53 67 99 82 65 49 33 21 19 30 46 62 97 80 63 46 28 11 8 25 42 60 98 81 64 47 30 15 13 27 43 60 100 84 67 52 37 27 26 35 49 64 105 89 74 60 48 40 39 46 57 71 111 96 82 69 60 54 53 58 67 79 118 104 92 81 72 67 67 71 78 89
72 94 83 139 73 57 137 112 129 137 87 139 130 105 56 118 79 55 129 99 70 152 59 88 66 54 137 103 138 139 132 81 114 92 63 118 118 111 132 114 0 18 35 52 70 87 104 122 139 156 15 23 38 54 71 88 105 122 140 157 29 34 45 60 75 91 108 125 142 159 43 47 55 68 82 97 113 129 145 162 58 60 67 77 90 104 119 134 150 166 72 74 80 88 99 112 126 140 156 171 86 88 93 100 110 122 134 148 162 177 100 102 106 112 121 132 144 156 170 184 115 116 119 125 133 143 154 166 179 192 129 130 133 138 145 154 164 176 188 201
61 80 73 124 58 47 122 98 115 120 75 124 114 90 42 106 67 45 114 86 56 137 45 77 53 46 121 88 124 123 117 69 99 76 52 103 106 98 117 100 18 0 18 35 52 70 87 104 122 139 23 15 23 38 54 71 88 105 122 140 34 29 34 45 60 75 91 108 125 142 47 43 46 55 67 82 97 112 129 145 60 57 60 67 77 90 104 118 134 150 74 72 73 79 88 99 112 126 140 155 88 86 87 92 100 110 121 134 148 162 102 100 101 105 112 121 131 143 156 170 116 114 115 119 125 133 142 153 165 178 130 128 129 132 138 145 154 164 175 187
52 68 65 110 45 43 107 86 103 105 64 108 99 77 31 95 57 40 101 74 43 123 35 68 43 43 106 74 111 108 102 59 85 59 44 90 95 87 103 87 35 18 0 18 35 52 70 87 104 122 38 23 15 23 38 54 71 88 105 122 45 34 29 34 45 60 75 91 108 125 55 46 43 46 55 67 81 97 112 129 67 60 57 60 67 77 90 104 118 134 80 73 71 73 79 88 99 112 126 140 93 87 85 87 92 99 109 121 134 148 106 101 99 101 105 112 121 131 143 156 119 115 114 115 118 124 132 142 153 165 133 129 128 129 132 137 144 153 163 175
49 58 62 96 35 45 93 76 92 89 57 94 84 65 29 86 51 42 89 64 36 110 32 63 38 47 91 62 100 93 89 53 72 43 43 77 87 78 89 75 52 35 18 0 18 35 52 70 87 104 54 38 23 15 23 38 54 71 88 105 60 45 34 29 33 45 59 75 91 108 68 55 46 43 46 55 67 81 97 112 77 67 60 57 59 66 77 89 103 118 88 79 73 71 73 79 88 99 112 125 100 92 87 85 87 91 99 109 121 134 112 105 101 99 100 105 111 120 131 143 125 119 115 113 114 118 124 132 141 152 138 132 129 127 128 131 137 144 153 163
52 53 63 84 32 54 81 69 83 75 55 80 71 56 36 81 51 51 79 59 36 98 37 63 41 56 77 53 90 80 78 53 61 29 49 67 82 72 77 66 70 52 35 18 0 18 35 52 70 87 71 54 38 23 15 23 38 54 71 88 75 60 45 33 29 33 45 59 75 91 82 67 55 46 43 46 55 67 81 96 90 77 67 59 57 59 66 77 89 103 99 88 79 73 71 73 78 87 99 111 110 100 92 87 85 86 91 99 109 120 121 112 105 100 99 100 104 111 120 130 133 125 118 114 113 114 117 123 131 141 145 138 132 128 127 127 131 136 143 152
59 53 69 74 38 65 71 66 77 62 58 69 60 51 48 79 56 64 71 58 43 89 49 67 51 69 65 48 83 68 69 57 53 21 59 60 81 71 68 61 87 70 52 35 18 0 18 35 52 70 88 71 54 38 23 14 23 38 54 71 91 75 60 45 33 28 33 45 59 75 97 82 67 55 46 42 46 55 67 81 104 90 77 66 59 56 59 66 76 89 112 99 88 79 73 70 72 78 87 98 122 110 99 91 86 84 86 91 98 108 132 121 112 105 100 98 99 104 110 119 143 133 124 118 114 112 113 117 123 131 154 145 137 131 127 126 127 130 135 143
71 59 78 68 50 79 63 67 75 52 66 60 53 53 63 80 66 78 68 62 55 81 63 75 63 83 57 50 80 59 64 67 51 25 72 58 83 73 62 60 104 87 70 52 35 18 0 18 35 52 105 88 71 54 38 23 14 23 38 54 108 91 75 59 45 33 28 33 45 59 113 97 81 67 55 46 42 46 54 67 119 104 90 77 66 59 56 59 66 76 126 112 99 88 78 72 70 72 78 87 134 121 109 99 91 86 84 85 90 98 144 131 121 111 104 99 98 99 103 110 154 142 132 124 117 113 112 113 116 122 164 154 144 137 131 127 125 126 130 135
84 69 90 65 64 94 61 72 77 46 77 55 51 59 79 85 79 93 69 70 70 77 79 86 78 98 52 57 80 54 63 79 54 38 87 61 88 79 61 64 122 104 87 70 52 35 18 0 18 35 122 105 88 71 54 38 23 14 23 38 125 108 91 75 59 45 33 28 33 45 129 112 97 81 67 55 46 42 45 54 134 118 104 89 77 66 59 56 58 65 140 126 112 99 87 78 72 70 72 77 148 134 121 109 99 91 85 83 85 90 156 143 131 120 111 104 99 97 99 103 166 153 142 132 123 117 113 111 112 116 176 164 153 144 136 130 126 125 126 129
99 81 103 67 80 110 62 81 82 47 90 56 54 70 95 94 93 109 74 81 85 77 95 98 93 114 53 68 83 55 67 92 63 53 102 68 96 88 64 73 139 122 104 87 70 52 35 18 0 18 140 122 105 88 71 54 38 23 14 23 142 125 108 91 75 59 45 33 28 33 145 129 112 97 81 67 54 45 42 45 150 134 118 103 89 76 66 58 55 58 156 140 126 112 99 87 78 72 69 71 162 148 134 121 109 98 90 85 83 85 170 156 143 131 120 110 103 99 97 98 179 165 153 141 131 123 116 112 110 112 188 175 163 153 143 135 130 126 124 125
114 95 117 73 96 126 69 93 91 53 104 62 63 82 112 104 108 125 82 95 101 80 111 112 109 130 60 81 90 61 75 107 74 69 118 78 107 100 72 84 156 139 122 104 87 70 52 35 18 0 157 140 122 105 88 71 54 38 23 14 159 142 125 108 91 75 59 45 33 28 162 145 129 112 96 81 67 54 45 42 166 150 134 118 103 89 76 65 58 55 171 155 140 125 111 98 87 77 71 69 177 162 148 134 120 108 98 90 85 83 184 170 156 143 130 119 110 103 98 96 192 178 165 152 141 131 122 116 112 110 201 187 175 163 152 143 135 129 125 124
64 86 74 133 68 47 132 104 121 132 79 134 125 99 50 109 71 45 122 92 64 145 52 79 59 44 132 97 130 134 125 73 109 90 54 112 108 102 126 108 15 23 38 54 71 88 105 122 140 157 0 18 35 52 70 87 104 122 139 156 15 23 38 54 71 88 105 122 140 157 29 34 45 60 75 91 108 125 142 159 43 47 55 68 82 97 113 129 145 162 58 60 67 77 90 104 119 134 150 166 72 74 80 88 99 112 126 140 156 171 86 88 93 100 110 122 134 148 162 177 100 102 106 112 121 132 144 156 170 184 115 116 119 125 133 143 154 166 179 192
50 71 61 117 52 35 116 89 107 116 65 118 109 83 34 96 57 32 107 77 48 130 37 66 44 33 116 81 116 118 110 59 93 73 41 96 95 88 110 92 23 15 23 38 54 71 88 105 122 140 18 0 18 35 52 70 87 104 122 139 23 15 23 38 54 71 88 105 122 140 34 29 34 45 60 75 91 108 125 142 47 43 46 55 67 82 97 112 129 145 60 57 60 67 77 90 104 118 134 150 74 72 73 79 88 99 112 126 140 155 88 86 87 92 100 110 121 134 148 162 102 100 101 105 112 121 131 143 156 170 116 114 115 119 125 133 142 153 165 178
40 57 52 102 36 29 100 76 93 99 53 102 92 68 19 84 45 26 92 64 33 115 23 56 31 29 99 66 102 101 94 47 77 56 31 81 84 76 95 78 38 23 15 23 38 54 71 88 105 122 35 18 0 18 35 52 70 87 104 122 38 23 15 23 38 54 71 88 105 122 45 34 29 34 45 60 75 91 108 125 55 46 43 46 55 67 81 97 112 129 67 60 57 60 67 77 90 104 118 134 80 73 71 73 79 88 99 112 126 140 93 87 85 87 92 99 109 121 134 148 106 101 99 101 105 112 121 131 143 156 119 115 114 115 118 124 132 142 153 165
35 46 48 88 23 32 85 64 81 83 44 86 77 54 15 74 37 30 79 52 22 101 18 49 24 35 84 52 89 86 80 39 62 39 29 67 75 66 80 64 54 38 23 15 23 38 54 71 88 105 52 35 18 0 18 35 52 70 87 104 54 38 23 15 23 38 54 71 88 105 60 45 34 29 33 45 59 75 91 108 68 55 46 43 46 55 67 81 97 112 77 67 60 57 59 66 77 89 103 118 88 79 73 71 73 79 88 99 112 125 100 92 87 85 87 91 99 109 121 134 112 105 101 99 100 105 111 120 131 143 125 119 115 113 114 118 124 132 141 152
39 39 49 74 18 43 71 56 71 67 41 72 62 43 26 67 37 41 67 45 22 88 27 49 29 47 69 40 78 71 67 39 50 22 37 55 68 59 67 54 71 54 38 23 15 23 38 54 71 88 70 52 35 18 0 18 35 52 70 87 71 54 38 23 15 23 38 54 71 88 75 60 45 33 29 33 45 59 75 91 82 67 55 46 43 46 55 67 81 96 90 77 67 59 57 59 66 77 89 103 99 88 79 73 71 73 78 87 99 111 110 100 92 87 85 86 91 99 109 120 121 112 105 100 99 100 104 111 120 130 133 125 118 114 113 114 117 123 131 141
49 40 57 63 28 57 59 52 64 53 46 58 49 37 42 65 45 56 58 44 33 77 41 54 41 61 55 34 70 57 57 45 40 7 50 47 67 57 56 47 88 71 54 38 23 14 23 38 54 71 87 70 52 35 18 0 18 35 52 70 88 71 54 38 23 14 23 38 54 71 91 75 60 45 33 28 33 45 59 75 97 82 67 55 46 42 46 55 67 81 104 90 77 66 59 56 59 66 76 89 112 99 88 79 73 70 72 78 87 98 122 110 99 91 86 84 86 91 98 108 132 121 112 105 100 98 99 104 110 119 143 133 124 118 114 112 113 117 123 131
62 47 68 54 43 73 50 53 61 40 55 48 40 39 58 67 56 72 54 49 48 68 58 64 56 77 44 37 66 46 51 57 37 16 65 44 69 60 49 46 105 88 71 54 38 23 14 23 38 54 104 87 70 52 35 18 0 18 35 52 105 88 71 54 38 23 14 23 38 54 108 91 75 59 45 33 28 33 45 59 113 97 81 67 55 46 42 46 54 67 119 104 90 77 66 59 56 59 66 76 126 112 99 88 78 72 70 72 78 87 134 121 109 99 91 86 84 85 90 98 144 131 121 111 104 99 98 99 103 110 154 142 132 124 117 113 112 113 116 122
77 59 81 51 59 89 47 60 63 33 68 42 37 48 75 73 71 88 55 60 64 63 74 76 72 93 38 46 66 40 50 70 42 33 81 48 76 67 47 52 122 105 88 71 54 38 23 14 23 38 122 104 87 70 52 35 18 0 18 35 122 105 88 71 54 38 23 14 23 38 125 108 91 75 59 45 33 28 33 45 129 112 97 81 67 55 46 42 45 54 134 118 104 89 77 66 59 56 58 65 140 126 112 99 87 78 72 70 72 77 148 134 121 109 99 91 85 83 85 90 156 143 131 120 111 104 99 97 99 103 166 153 142 132 123 117 113 111 112 116
93 73 96 53 75 106 49 71 70 33 83 42 42 60 92 82 86 105 61 72 81 63 91 90 89 110 40 59 71 41 55 86 52 50 97 57 85 78 51 62 140 122 105 88 71 54 38 23 14 23 139 122 104 87 70 52 35 18 0 18 140 122 105 88 71 54 38 23 14 23 142 125 108 91 75 59 45 33 28 33 145 129 112 97 81 67 54 45 42 45 150 134 118 103 89 76 66 58 55 58 156 140 126 112 99 87 78 72 69 71 162 148 134 121 109 98 90 85 83 85 170 156 143 131 120 110 103 99 97 98 179 165 153 141 131 123 116 112 110 112
109 88 111 61 92 122 57 84 80 42 98 50 52 75 109 94 102 122 71 87 98 67 108 105 105 127 48 74 79 49 64 101 66 67 114 69 97 91 61 75 157 140 122 105 88 71 54 38 23 14 156 139 122 104 87 70 52 35 18 0 157 140 122 105 88 71 54 38 23 14 159 142 125 108 91 75 59 45 33 28 162 145 129 112 96 81 67 54 45 42 166 150 134 118 103 89 76 65 58 55 171 155 140 125 111 98 87 77 71 69 177 162 148 134 120 108 98 90 85 83 184 170 156 143 130 119 110 103 98 96 192 178 165 152 141 131 122 116 112 110
57 81 65 128 66 40 127 98 115 130 73 131 122 94 48 101 65 39 116 86 61 140 50 71 55 36 129 93 124 130 120 67 105 91 48 107 100 95 122 102 29 34 45 60 75 91 108 125 142 159 15 23 38 54 71 88 105 122 140 157 0 18 35 52 70 87 104 122 139 156 15 23 38 54 71 88 105 122 140 157 29 34 45 60 75 91 108 125 142 159 43 47 55 68 82 97 113 129 145 162 58 60 67 77 90 104 119 134 150 166 72 74 80 88 99 112 126 140 156 171 86 88 93 100 110 122 134 148 162 177 100 102 106 112 121 132 144 156 170 184
41 65 51 112 49 25 111 82 99 113 57 114 105 78 31 87 49 23 100 70 44 124 32 56 38 21 112 76 108 114 104 51 88 73 32 91 86 80 105 86 34 29 34 45 60 75 91 108 125 142 23 15 23 38 54 71 88 105 122 140 18 0 18 35 52 70 87 104 122 139 23 15 23 38 54 71 88 105 122 140 34 29 34 45 60 75 91 108 125 142 47 43 46 55 67 82 97 112 129 145 60 57 60 67 77 90 104 118 134 150 74 72 73 79 88 99 112 126 140 155 88 86 87 92 100 110 121 134 148 162 102 100 101 105 112 121 131 143 156 170
28 49 40 96 32 15 94 67 84 96 42 97 88 61 14 73 34 12 85 55 27 108 15 44 22 15 95 60 93 97 88 37 71 56 18 75 73 66 89 70 45 34 29 34 45 60 75 91 108 125 38 23 15 23 38 54 71 88 105 122 35 18 0 18 35 52 70 87 104 122 38 23 15 23 38 54 71 88 105 122 45 34 29 34 45 60 75 91 108 125 55 46 43 46 55 67 81 97 112 129 67 60 57 60 67 77 90 104 118 134 80 73 71 73 79 88 99 112 126 140 93 87 85 87 92 99 109 121 134 148 106 101 99 101 105 112 121 131 143 156
21 35 34 80 14 21 78 54 71 79 31 81 71 46 5 62 24 19 70 41 11 93 4 36 10 24 78 44 79 80 72 26 55 39 16 59 62 54 73 55 60 45 34 29 33 45 59 75 91 108 54 38 23 15 23 38 54 71 88 105 52 35 18 0 18 35 52 70 87 104 54 38 23 15 23 38 54 71 88 105 60 45 34 29 33 45 59 75 91 108 68 55 46 43 46 55 67 81 97 112 77 67 60 57 59 66 77 89 103 118 88 79 73 71 73 79 88 99 112 125 100 92 87 85 87 91 99 109 121 134 112 105 101 99 100 105 111 120 131 143
27 26 36 65 6 36 63 43 59 62 27 65 55 32 22 54 24 34 57 32 11 79 21 35 19 40 62 29 67 64 58 25 40 22 28 45 55 45 58 42 75 60 45 33 29 33 45 59 75 91 71 54 38 23 15 23 38 54 71 88 70 52 35 18 0 18 35 52 70 87 71 54 38 23 15 23 38 54 71 88 75 60 45 33 29 33 45 59 75 91 82 67 55 46 43 46 55 67 81 96 90 77 67 59 57 59 66 77 89 103 99 88 79 73 71 73 78 87 99 111 110 100 92 87 85 86 91 99 109 120 121 112 105 100 99 100 104 111 120 130
40 26 46 52 22 52 49 38 51 46 33 49 40 24 39 51 34 51 46 30 27 66 38 42 35 56 47 20 58 49 45 34 28 9 44 34 53 43 45 34 91 75 60 45 33 28 33 45 59 75 88 71 54 38 23 14 23 38 54 71 87 70 52 35 18 0 18 35 52 70 88 71 54 38 23 14 23 38 54 71 91 75 60 45 33 28 33 45 59 75 97 82 67 55 46 42 46 55 67 81 104 90 77 66 59 56 59 66 76 89 112 99 88 79 73 70 72 78 87 98 122 110 99 91 86 84 86 91 98 108 132 121 112 105 100 98 99 104 110 119
56 37 59 42 39 69 38 40 47 30 46 36 28 26 57 53 49 68 40 38 44 56 55 54 52 73 33 24 52 35 37 48 23 17 60 30 56 47 35 33 108 91 75 59 45 33 28 33 45 59 105 88 71 54 38 23 14 23 38 54 104 87 70 52 35 18 0 18 35 52 105 88 71 54 38 23 14 23 38 54 108 91 75 59 45 33 28 33 45 59 113 97 81 67 55 46 42 46 54 67 119 104 90 77 66 59 56 59 66 76 126 112 99 88 78 72 70 72 78 87 134 121 109 99 91 86 84 85 90 98 144 131 121 111 104 99 98 99 103 110
72 51 74 37 56 86 33 49 50 19 61 28 23 38 74 61 65 85 42 50 61 50 73 68 69 90 25 37 52 27 36 64 30 33 77 35 64 56 33 40 125 108 91 75 59 45 33 28 33 45 122 105 88 71 54 38 23 14 23 38 122 104 87 70 52 35 18 0 18 35 122 105 88 71 54 38 23 14 23 38 125 108 91 75 59 45 33 28 33 45 129 112 97 81 67 55 46 42 45 54 134 118 104 89 77 66 59 56 58 65 140 126 112 99 87 78 72 70 72 77 148 134 121 109 99 91 85 83 85 90 156 143 131 120 111 104 99 97 99 103
89 67 90 40 74 103 37 62 59 21 77 29 30 53 91 72 81 102 50 65 79 50 90 84 86 107 27 52 58 28 43 80 44 50 94 47 75 69 39 53 142 125 108 91 75 59 45 33 28 33 140 122 105 88 71 54 38 23 14 23 139 122 104 87 70 52 35 18 0 18 140 122 105 88 71 54 38 23 14 23 142 125 108 91 75 59 45 33 28 33 145 129 112 97 81 67 54 45 42 45 150 134 118 103 89 76 66 58 55 58 156 140 126 112 99 87 78 72 69 71 162 148 134 121 109 98 90 85 83 85 170 156 143 131 120 110 103 99 97 98
105 83 106 50 91 120 47 76 70 33 93 39 44 69 109 85 98 120 62 81 96 55 107 100 103 124 39 69 68 39 54 97 59 67 112 61 88 83 51 67 159 142 125 108 91 75 59 45 33 28 157 140 122 105 88 71 54 38 23 14 156 139 122 104 87 70 52 35 18 0 157 140 122 105 88 71 54 38 23 14 159 142 125 108 91 75 59 45 33 28 162 145 129 112 96 81 67 54 45 42 166 150 134 118 103 89 76 65 58 55 171 155 140 125 111 98 87 77 71 69 177 162 148 134 120 108 98 90 85 83 184 170 156 143 130 119 110 103 98 96
54 78 59 125 67 38 124 93 110 129 69 129 120 92 50 95 61 38 112 82 62 135 51 65 54 33 127 91 118 128 117 63 103 93 46 104 94 90 119 99 43 47 55 68 82 97 113 129 145 162 29 34 45 60 75 91 108 125 142 159 15 23 38 54 71 88 105 122 140 157 0 18 35 52 70 87 104 122 139 156 15 23 38 54 71 88 105 122 140 157 29 34 45 60 75 91 108 125 142 159 43 47 55 68 82 97 113 129 145 162 58 60 67 77 90 104 119 134 150 166 72 74 80 88 99 112 126 140 156 171 86 88 93 100 110 122 134 148 162 177
36 61 43 108 50 20 107 77 93 111 52 111 102 75 34 79 44 20 96 65 44 119 34 49 37 16 110 74 102 111 100 46 85 76 29 87 78 74 102 82 47 43 46 55 67 82 97 112 129 145 34 29 34 45 60 75 91 108 125 142 23 15 23 38 54 71 88 105 122 140 18 0 18 35 52 70 87 104 122 139 23 15 23 38 54 71 88 105 122 140 34 29 34 45 60 75 91 108 125 142 47 43 46 55 67 82 97 112 129 145 60 57 60 67 77 90 104 118 134 150 74 72 73 79 88 99 112 126 140 155 88 86 87 92 100 110 121 134 148 162
20 44 29 91 33 3 90 60 77 94 35 94 85 58 20 64 27 4 79 49 28 102 19 34 20 2 92 57 86 94 83 29 68 60 11 70 64 58 85 65 55 46 43 46 55 67 81 97 112 129 45 34 29 34 45 60 75 91 108 125 38 23 15 23 38 54 71 88 105 122 35 18 0 18 35 52 70 87 104 122 38 23 15 23 38 54 71 88 105 122 45 34 29 34 45 60 75 91 108 125 55 46 43 46 55 67 81 97 112 129 67 60 57 60 67 77 90 104 118 134 80 73 71 73 79 88 99 112 126 140 93 87 85 87 92 99 109 121 134 148
7 27 20 75 18 15 73 45 62 77 20 77 68 41 16 51 12 16 63 33 12 86 12 22 5 20 75 39 71 77 67 14 51 44 7 53 51 44 68 49 68 55 46 43 46 55 67 81 97 112 60 45 34 29 33 45 59 75 91 108 54 38 23 15 23 38 54 71 88 105 52 35 18 0 18 35 52 70 87 104 54 38 23 15 23 38 54 71 88 105 60 45 34 29 33 45 59 75 91 108 68 55 46 43 46 55 67 81 97 112 77 67 60 57 59 66 77 89 103 118 88 79 73 71 73 79 88 99 112 125 100 92 87 85 87 91 99 109 121 134
18 13 24 58 12 33 57 31 48 59 13 60 51 24 26 41 12 33 48 19 12 71 24 21 17 37 58 22 57 60 51 12 34 30 24 37 42 33 52 33 82 67 55 46 43 46 55 67 81 96 75 60 45 33 29 33 45 59 75 91 71 54 38 23 15 23 38 54 71 88 70 52 35 18 0 18 35 52 70 87 71 54 38 23 15 23 38 54 71 88 75 60 45 33 29 33 45 59 75 91 82 67 55 46 43 46 55 67 81 96 90 77 67 59 57 59 66 77 89 103 99 88 79 73 71 73 78 87 99 111 110 100 92 87 85 86 91 99 109 120
35 14 37 43 24 50 41 24 38 42 24 43 34 10 42 37 28 50 34 17 28 56 40 32 34 54 41 7 46 43 36 27 18 23 41 23 39 29 36 21 97 82 67 55 46 42 46 55 67 81 91 75 60 45 33 28 33 45 59 75 88 71 54 38 23 14 23 38 54 71 87 70 52 35 18 0 18 35 52 70 88 71 54 38 23 14 23 38 54 71 91 75 60 45 33 28 33 45 59 75 97 82 67 55 46 42 46 55 67 81 104 90 77 66 59 56 59 66 76 89 112 99 88 79 73 70 72 78 87 98 122 110 99 91 86 84 86 91 98 108
52 29 52 30 40 67 27 28 33 25 39 27 18 16 58 40 44 67 26 28 45 44 56 47 51 72 25 15 39 27 24 43 9 26 59 16 43 34 23 19 113 97 81 67 55 46 42 46 54 67 108 91 75 59 45 33 28 33 45 59 105 88 71 54 38 23 14 23 38 54 104 87 70 52 35 18 0 18 35 52 105 88 71 54 38 23 14 23 38 54 108 91 75 59 45 33 28 33 45 59 113 97 81 67 55 46 42 46 54 67 119 104 90 77 66 59 56 59 66 76 126 112 99 88 78 72 70 72 78 87 134 121 109 99 91 86 84 85 90 98
69 46 69 23 57 85 19 39 38 8 56 15 9 32 75 50 62 85 29 44 62 36 73 63 68 89 12 32 39 14 23 60 22 39 76 25 53 46 20 30 129 112 97 81 67 55 46 42 45 54 125 108 91 75 59 45 33 28 33 45 122 105 88 71 54 38 23 14 23 38 122 104 87 70 52 35 18 0 18 35 122 105 88 71 54 38 23 14 23 38 125 108 91 75 59 45 33 28 33 45 129 112 97 81 67 55 46 42 45 54 134 118 104 89 77 66 59 56 58 65 140 126 112 99 87 78 72 70 72 77 148 134 121 109 99 91 85 83 85 90
86 63 85 28 74 102 25 54 48 11 73 18 22 49 92 63 79 102 39 60 79 36 90 79 86 106 16 49 46 17 32 78 38 54 93 40 66 61 29 46 145 129 112 97 81 67 54 45 42 45 142 125 108 91 75 59 45 33 28 33 140 122 105 88 71 54 38 23 14 23 139 122 104 87 70 52 35 18 0 18 140 122 105 88 71 54 38 23 14 23 142 125 108 91 75 59 45 33 28 33 145 129 112 97 81 67 54 45 42 45 150 134 118 103 89 76 66 58 55 58 156 140 126 112 99 87 78 72 69 71 162 148 134 121 109 98 90 85 83 85
104 80 102 41 91 119 39 70 62 28 90 32 38 66 109 78 96 119 54 77 96 43 108 96 103 123 32 66 58 31 47 95 55 70 111 56 81 77 44 62 162 145 129 112 96 81 67 54 45 42 159 142 125 108 91 75 59 45 33 28 157 140 122 105 88 71 54 38 23 14 156 139 122 104 87 70 52 35 18 0 157 140 122 105 88 71 54 38 23 14 159 142 125 108 91 75 59 45 33 28 162 145 129 112 96 81 67 54 45 42 166 150 134 118 103 89 76 65 58 55 171 155 140 125 111 98 87 77 71 69 177 162 148 134 120 108 98 90 85 83
54 77 56 123 71 40 123 91 106 129 67 128 119 92 56 90 61 41 110 81 65 132 56 63 57 36 127 91 115 128 115 63 102 97 48 103 89 86 117 97 58 60 67 77 90 104 119 134 150 166 43 47 55 68 82 97 113 129 145 162 29 34 45 60 75 91 108 125 142 159 15 23 38 54 71 88 105 122 140 157 0 18 35 52 70 87 104 122 139 156 15 23 38 54 71 88 105 122 140 157 29 34 45 60 75 91 108 125 142 159 43 47 55 68 82 97 113 129 145 162 58 60 67 77 90 104 119 134 150 166 72 74 80 88 99 112 126 140 156 171
37 60 39 106 55 25 106 73 89 112 50 111 102 74 42 74 44 27 93 64 49 115 41 45 41 21 109 74 98 111 98 45 85 81 32 86 72 69 100 80 60 57 60 67 77 90 104 118 134 150 47 43 46 55 67 82 97 112 129 145 34 29 34 45 60 75 91 108 125 142 23 15 23 38 54 71 88 105 122 140 18 0 18 35 52 70 87 104 122 139 23 15 23 38 54 71 88 105 122 140 34 29 34 45 60 75 91 108 125 142 47 43 46 55 67 82 97 112 129 145 60 57 60 67 77 90 104 118 134 150 74 72 73 79 88 99 112 126 140 155
20 43 22 89 40 15 88 56 72 95 33 93 85 57 32 57 27 18 76 46 35 98 30 28 27 15 92 57 81 93 81 28 68 66 18 68 56 53 83 63 67 60 57 60 67 77 90 104 118 134 55 46 43 46 55 67 81 97 112 129 45 34 29 34 45 60 75 91 108 125 38 23 15 23 38 54 71 88 105 122 35 18 0 18 35 52 70 87 104 122 38 23 15 23 38 54 71 88 105 122 45 34 29 34 45 60 75 91 108 125 55 46 43 46 55 67 81 97 112 129 67 60 57 60 67 77 90 104 118 134 80 73 71 73 79 88 99 112 126 140
8 26 7 72 29 21 71 39 56 77 16 76 68 40 29 42 11 23 59 29 24 82 26 12 19 24 75 40 65 76 64 12 51 53 16 51 41 36 65 46 77 67 60 57 59 66 77 89 103 118 68 55 46 43 46 55 67 81 97 112 60 45 34 29 33 45 59 75 91 108 54 38 23 15 23 38 54 71 88 105 52 35 18 0 18 35 52 70 87 104 54 38 23 15 23 38 54 71 88 105 60 45 34 29 33 45 59 75 91 108 68 55 46 43 46 55 67 81 97 112 77 67 60 57 59 66 77 89 103 118 88 79 73 71 73 79 88 99 112 125
19 9 15 54 25 36 54 23 40 60 3 59 50 23 36 29 11 37 42 12 24 65 33 10 25 40 57 23 49 59 46 9 33 42 28 34 29 22 48 28 90 77 67 59 57 59 66 77 89 103 82 67 55 46 43 46 55 67 81 96 75 60 45 33 29 33 45 59 75 91 71 54 38 23 15 23 38 54 71 88 70 52 35 18 0 18 35 52 70 87 71 54 38 23 15 23 38 54 71 88 75 60 45 33 29 33 45 59 75 91 82 67 55 46 43 46 55 67 81 96 90 77 67 59 57 59 66 77 89 103 99 88 79 73 71 73 78 87 99 111
35 11 32 38 33 52 37 10 26 43 20 41 33 7 49 23 27 53 26 7 35 49 46 26 38 56 40 10 35 41 29 26 17 36 44 17 25 15 31 11 104 90 77 66 59 56 59 66 76 89 97 82 67 55 46 42 46 55 67 81 91 75 60 45 33 28 33 45 59 75 88 71 54 38 23 14 23 38 54 71 87 70 52 35 18 0 18 35 52 70 88 71 54 38 23 14 23 38 54 71 91 75 60 45 33 28 33 45 59 75 97 82 67 55 46 42 46 55 67 81 104 90 77 66 59 56 59 66 76 89 112 99 88 79 73 70 72 78 87 98
52 28 49 21 46 69 20 17 20 27 37 24 16 14 63 29 44 69 13 24 49 34 61 43 54 73 23 16 25 24 13 43 6 39 60 3 31 24 14 8 119 104 90 77 66 59 56 59 66 76 113 97 81 67 55 46 42 46 54 67 108 91 75 59 45 33 28 33 45 59 105 88 71 54 38 23 14 23 38 54 104 87 70 52 35 18 0 18 35 52 105 88 71 54 38 23 14 23 38 54 108 91 75 59 45 33 28 33 45 59 113 97 81 67 55 46 42 46 54 67 119 104 90 77 66 59 56 59 66 76 126 112 99 88 78 72 70 72 78 87
69 45 66 10 61 86 5 33 26 13 55 7 6 31 79 41 61 86 17 41 65 23 77 60 71 90 7 32 26 7 10 60 21 48 77 19 44 40 7 25 134 118 104 89 77 66 59 56 58 65 129 112 97 81 67 55 46 42 45 54 125 108 91 75 59 45 33 28 33 45 122 105 88 71 54 38 23 14 23 38 122 104 87 70 52 35 18 0 18 35 122 105 88 71 54 38 23 14 23 38 125 108 91 75 59 45 33 28 33 45 129 112 97 81 67 55 46 42 45 54 134 118 104 89 77 66 59 56 58 65 140 126 112 99 87 78 72 70 72 77
87 62 84 19 77 103 17 50 40 15 72 12 21 48 96 57 79 103 32 59 81 23 93 77 87 107 14 49 36 12 25 77 38 61 94 36 59 56 23 42 150 134 118 103 89 76 66 58 55 58 145 129 112 97 81 67 54 45 42 45 142 125 108 91 75 59 45 33 28 33 140 122 105 88 71 54 38 23 14 23 139 122 104 87 70 52 35 18 0 18 140 122 105 88 71 54 38 23 14 23 142 125 108 91 75 59 45 33 28 33 145 129 112 97 81 67 54 45 42 45 150 134 118 103 89 76 66 58 55 58 156 140 126 112 99 87 78 72 69 71
104 79 101 35 94 120 34 67 56 30 89 29 38 65 112 73 96 120 49 76 98 33 110 94 104 124 31 66 50 29 42 94 55 75 112 54 75 73 40 60 166 150 134 118 103 89 76 65 58 55 162 145 129 112 96 81 67 54 45 42 159 142 125 108 91 75 59 45 33 28 157 140 122 105 88 71 54 38 23 14 156 139 122 104 87 70 52 35 18 0 157 140 122 105 88 71 54 38 23 14 159 142 125 108 91 75 59 45 33 28 162 145 129 112 96 81 67 54 45 42 166 150 134 118 103 89 76 65 58 55 171 155 140 125 111 98 87 77 71 69
58 79 57 123 77 47 123 90 105 131 69 129 121 94 65 88 64 49 109 82 71 131 64 63 63 44 128 94 113 129 115 65 104 103 54 104 86 85 118 98 72 74 80 88 99 112 126 140 156 171 58 60 67 77 90 104 119 134 150 166 43 47 55 68 82 97 113 129 145 162 29 34 45 60 75 91 108 125 142 159 15 23 38 54 71 88 105 122 140 157 0 18 35 52 70 87 104 122 139 156 15 23 38 54 71 88 105 122 140 157 29 34 45 60 75 91 108 125 142 159 43 47 55 68 82 97 113 129 145 162 58 60 67 77 90 104 119 134 150 166
42 63 40 106 62 35 106 73 87 114 52 112 104 77 53 71 48 38 92 65 57 114 51 46 49 33 111 77 95 112 98 49 87 89 40 87 69 68 100 81 74 72 73 79 88 99 112 126 140 155 60 57 60 67 77 90 104 118 134 150 47 43 46 55 67 82 97 112 129 145 34 29 34 45 60 75 91 108 125 142 23 15 23 38 54 71 88 105 122 140 18 0 18 35 52 70 87 104 122 139 23 15 23 38 54 71 88 105 122 140 34 29 34 45 60 75 91 108 125 142 47 43 46 55 67 82 97 112 129 145 60 57 60 67 77 90 104 118 134 150
29 46 23 88 50 29 89 56 70 97 36 94 87 60 45 53 34 32 75 48 45 96 43 29 38 29 94 61 78 95 81 34 70 75 31 69 52 51 83 64 80 73 71 73 79 88 99 112 126 140 67 60 57 60 67 77 90 104 118 134 55 46 43 46 55 67 81 97 112 129 45 34 29 34 45 60 75 91 108 125 38 23 15 23 38 54 71 88 105 122 35 18 0 18 35 52 70 87 104 122 38 23 15 23 38 54 71 88 105 122 45 34 29 34 45 60 75 91 108 125 55 46 43 46 55 67 81 97 112 129 67 60 57 60 67 77 90 104 118 134
22 31 10 71 42 32 72 39 53 80 22 77 70 44 43 36 23 35 58 32 38 79 40 14 33 35 77 45 61 78 64 22 54 63 29 53 35 33 66 47 88 79 73 71 73 79 88 99 112 125 77 67 60 57 59 66 77 89 103 118 68 55 46 43 46 55 67 81 97 112 60 45 34 29 33 45 59 75 91 108 54 38 23 15 23 38 54 71 88 105 52 35 18 0 18 35 52 70 87 104 54 38 23 15 23 38 54 71 88 105 60 45 34 29 33 45 59 75 91 108 68 55 46 43 46 55 67 81 97 112 77 67 60 57 59 66 77 89 103 118
28 20 17 54 39 43 54 22 36 64 16 60 54 30 48 20 23 45 40 18 38 62 45 12 37 47 60 31 44 61 46 20 38 54 37 36 19 16 49 30 99 88 79 73 71 73 78 87 99 111 90 77 67 59 57 59 66 77 89 103 82 67 55 46 43 46 55 67 81 96 75 60 45 33 29 33 45 59 75 91 71 54 38 23 15 23 38 54 71 88 70 52 35 18 0 18 35 52 70 87 71 54 38 23 15 23 38 54 71 88 75 60 45 33 29 33 45 59 75 91 82 67 55 46 43 46 55 67 81 96 90 77 67 59 57 59 66 77 89 103
41 21 33 37 44 57 38 6 19 48 25 44 38 20 58 9 34 59 23 15 45 45 55 27 47 61 44 23 27 44 29 31 25 50 50 21 11 2 32 15 112 99 88 79 73 70 72 78 87 98 104 90 77 66 59 56 59 66 76 89 97 82 67 55 46 42 46 55 67 81 91 75 60 45 33 28 33 45 59 75 88 71 54 38 23 14 23 38 54 71 87 70 52 35 18 0 18 35 52 70 88 71 54 38 23 14 23 38 54 71 91 75 60 45 33 28 33 45 59 75 97 82 67 55 46 42 46 55 67 81 104 90 77 66 59 56 59 66 76 89
56 33 50 20 55 73 21 15 6 35 40 28 25 23 71 19 48 74 6 27 57 28 68 43 60 77 29 26 13 29 13 46 20 52 65 13 22 20 16 13 126 112 99 88 78 72 70 72 78 87 119 104 90 77 66 59 56 59 66 76 113 97 81 67 55 46 42 46 54 67 108 91 75 59 45 33 28 33 45 59 105 88 71 54 38 23 14 23 38 54 104 87 70 52 35 18 0 18 35 52 105 88 71 54 38 23 14 23 38 54 108 91 75 59 45 33 28 33 45 59 113 97 81 67 55 46 42 46 54 67 119 104 90 77 66 59 56 59 66 76
72 48 67 5 68 89 10 32 18 25 57 16 20 36 85 36 64 90 13 43 71 12 82 60 76 93 19 38 14 18 10 63 28 59 81 23 38 37 11 27 140 126 112 99 87 78 72 70 72 77 134 118 104 89 77 66 59 56 58 65 129 112 97 81 67 55 46 42 45 54 125 108 91 75 59 45 33 28 33 45 122 105 88 71 54 38 23 14 23 38 122 104 87 70 52 35 18 0 18 35 122 105 88 71 54 38 23 14 23 38 125 108 91 75 59 45 33 28 33 45 129 112 97 81 67 55 46 42 45 54 134 118 104 89 77 66 59 56 58 65
89 65 84 17 83 106 19 49 35 26 74 19 28 51 101 53 81 107 30 60 86 11 98 77 91 110 22 53 29 20 25 79 42 70 97 38 55 54 24 43 156 140 126 112 99 87 78 72 69 71 150 134 118 103 89 76 66 58 55 58 145 129 112 97 81 67 54 45 42 45 142 125 108 91 75 59 45 33 28 33 140 122 105 88 71 54 38 23 14 23 139 122 104 87 70 52 35 18 0 18 140 122 105 88 71 54 38 23 14 23 142 125 108 91 75 59 45 33 28 33 145 129 112 97 81 67 54 45 42 45 150 134 118 103 89 76 66 58 55 58
106 81 101 34 99 122 35 67 53 37 91 32 42 68 116 70 98 123 47 77 102 27 114 95 108 127 35 69 46 33 42 96 58 83 114 55 72 72 41 60 171 155 140 125 111 98 87 77 71 69 166 150 134 118 103 89 76 65 58 55 162 145 129 112 96 81 67 54 45 42 159 142 125 108 91 75 59 45 33 28 157 140 122 105 88 71 54 38 23 14 156 139 122 104 87 70 52 35 18 0 157 140 122 105 88 71 54 38 23 14 159 142 125 108 91 75 59 45 33 28 162 145 129 112 96 81 67 54 45 42 166 150 134 118 103 89 76 65 58 55
64 84 61 124 85 57 125 92 105 134 74 131 124 98 75 88 70 59 111 85 79 131 73 66 72 54 130 98 112 131 117 71 108 111 63 106 85 86 119 100 86 88 93 100 110 122 134 148 162 177 72 74 80 88 99 112 126 140 156 171 58 60 67 77 90 104 119 134 150 166 43 47 55 68 82 97 113 129 145 162 29 34 45 60 75 91 108 125 142 159 15 23 38 54 71 88 105 122 140 157 0 18 35 52 70 87 104 122 139 156 15 23 38 54 71 88 105 122 140 157 29 34 45 60 75 91 108 125 142 159 43 47 55 68 82 97 113 129 145 162
51 68 45 107 72 47 108 75 88 118 58 114 107 81 65 70 56 50 94 69 67 114 63 51 60 46 114 82 95 115 100 56 91 97 51 90 68 69 103 84 88 86 87 92 100 110 121 134 148 162 74 72 73 79 88 99 112 126 140 155 60 57 60 67 77 90 104 118 134 150 47 43 46 55 67 82 97 112 129 145 34 29 34 45 60 75 91 108 125 142 23 15 23 38 54 71 88 105 122 140 18 0 18 35 52 70 87 104 122 139 23 15 23 38 54 71 88 105 122 140 34 29 34 45 60 75 91 108 125 142 47 43 46 55 67 82 97 112 129 145
41 54 32 90 62 43 91 59 70 101 44 98 91 66 59 53 44 46 77 54 57 96 56 36 51 43 97 67 78 98 83 43 75 85 44 73 51 52 86 67 93 87 85 87 92 99 109 121 134 148 80 73 71 73 79 88 99 112 126 140 67 60 57 60 67 77 90 104 118 134 55 46 43 46 55 67 81 97 112 129 45 34 29 34 45 60 75 91 108 125 38 23 15 23 38 54 71 88 105 122 35 18 0 18 35 52 70 87 104 122 38 23 15 23 38 54 71 88 105 122 45 34 29 34 45 60 75 91 108 125 55 46 43 46 55 67 81 97 112 129
36 41 24 73 55 45 75 43 53 86 34 81 75 52 57 36 36 48 60 40 52 79 54 25 47 47 81 53 60 82 66 35 60 75 43 57 33 36 69 52 100 92 87 85 87 91 99 109 121 134 88 79 73 71 73 79 88 99 112 125 77 67 60 57 59 66 77 89 103 118 68 55 46 43 46 55 67 81 97 112 60 45 34 29 33 45 59 75 91 108 54 38 23 15 23 38 54 71 88 105 52 35 18 0 18 35 52 70 87 104 54 38 23 15 23 38 54 71 88 105 60 45 34 29 33 45 59 75 91 108 68 55 46 43 46 55 67 81 97 112
40 33 27 57 53 54 58 28 36 71 30 65 60 40 61 19 36 56 43 30 51 62 58 24 50 56 65 42 43 66 50 34 47 68 49 43 16 21 53 37 110 100 92 87 85 86 91 99 109 120 99 88 79 73 71 73 78 87 99 111 90 77 67 59 57 59 66 77 89 103 82 67 55 46 43 46 55 67 81 96 75 60 45 33 29 33 45 59 75 91 71 54 38 23 15 23 38 54 71 88 70 52 35 18 0 18 35 52 70 87 71 54 38 23 15 23 38 54 71 88 75 60 45 33 29 33 45 59 75 91 82 67 55 46 43 46 55 67 81 96
50 34 39 41 57 65 43 19 20 57 36 50 47 34 69 6 44 68 28 28 57 45 66 34 58 69 51 37 26 51 35 41 37 64 59 31 5 14 38 27 122 110 99 91 86 84 86 91 98 108 112 99 88 79 73 70 72 78 87 98 104 90 77 66 59 56 59 66 76 89 97 82 67 55 46 42 46 55 67 81 91 75 60 45 33 28 33 45 59 75 88 71 54 38 23 14 23 38 54 71 87 70 52 35 18 0 18 35 52 70 88 71 54 38 23 14 23 38 54 71 91 75 60 45 33 28 33 45 59 75 97 82 67 55 46 42 46 55 67 81
63 42 54 27 65 79 30 24 9 45 48 37 37 36 80 18 56 81 17 36 67 28 77 48 69 83 39 39 9 38 24 54 33 66 72 27 20 24 27 26 134 121 109 99 91 86 84 85 90 98 126 112 99 88 78 72 70 72 78 87 119 104 90 77 66 59 56 59 66 76 113 97 81 67 55 46 42 46 54 67 108 91 75 59 45 33 28 33 45 59 105 88 71 54 38 23 14 23 38 54 104 87 70 52 35 18 0 18 35 52 105 88 71 54 38 23 14 23 38 54 108 91 75 59 45 33 28 33 45 59 113 97 81 67 55 46 42 46 54 67
78 55 70 19 77 94 23 37 20 39 62 30 33 45 93 35 70 96 21 49 79 12 90 64 82 98 32 48 11 31 22 68 39 71 87 33 37 39 24 35 148 134 121 109 99 91 85 83 85 90 140 126 112 99 87 78 72 70 72 77 134 118 104 89 77 66 59 56 58 65 129 112 97 81 67 55 46 42 45 54 125 108 91 75 59 45 33 28 33 45 122 105 88 71 54 38 23 14 23 38 122 104 87 70 52 35 18 0 18 35 122 105 88 71 54 38 23 14 23 38 125 108 91 75 59 45 33 28 33 45 129 112 97 81 67 55 46 42 45 54
93 70 87 25 90 110 28 53 36 39 78 31 39 58 107 52 86 111 34 64 93 11 104 80 97 114 34 60 28 32 32 84 50 80 102 45 54 56 32 49 162 148 134 121 109 98 90 85 83 85 156 140 126 112 99 87 78 72 69 71 150 134 118 103 89 76 66 58 55 58 145 129 112 97 81 67 54 45 42 45 142 125 108 91 75 59 45 33 28 33 140 122 105 88 71 54 38 23 14 23 139 122 104 87 70 52 35 18 0 18 140 122 105 88 71 54 38 23 14 23 142 125 108 91 75 59 45 33 28 33 145 129 112 97 81 67 54 45 42 45
109 85 103 39 105 126 41 69 53 47 94 41 50 73 122 70 102 127 50 80 108 27 119 97 113 130 44 75 45 41 46 100 64 92 118 60 72 73 46 64 177 162 148 134 120 108 98 90 85 83 171 155 140 125 111 98 87 77 71 69 166 150 134 118 103 89 76 65 58 55 162 145 129 112 96 81 67 54 45 42 159 142 125 108 91 75 59 45 33 28 157 140 122 105 88 71 54 38 23 14 156 139 122 104 87 70 52 35 18 0 157 140 122 105 88 71 54 38 23 14 159 142 125 108 91 75 59 45 33 28 162 145 129 112 96 81 67 54 45 42
73 90 68 127 94 68 128 96 107 139 81 135 128 103 86 90 78 71 114 91 89 132 84 73 82 66 135 104 114 135 120 78 113 120 73 111 87 90 123 105 100 102 106 112 121 132 144 156 170 184 86 88 93 100 110 122 134 148 162 177 72 74 80 88 99 112 126 140 156 171 58 60 67 77 90 104 119 134 150 166 43 47 55 68 82 97 113 129 145 162 29 34 45 60 75 91 108 125 142 159 15 23 38 54 71 88 105 122 140 157 0 18 35 52 70 87 104 122 139 156 15 23 38 54 71 88 105 122 140 157 29 34 45 60 75 91 108 125 142 159
62 76 54 111 83 60 112 80 90 123 67 119 112 88 78 73 66 63 97 76 78 115 76 58 71 59 118 89 97 119 104 65 97 107 64 95 70 73 107 89 102 100 101 105 112 121 131 143 156 170 88 86 87 92 100 110 121 134 148 162 74 72 73 79 88 99 112 126 140 155 60 57 60 67 77 90 104 118 134 150 47 43 46 55 67 82 97 112 129 145 34 29 34 45 60 75 91 108 125 142 23 15 23 38 54 71 88 105 122 140 18 0 18 35 52 70 87 104 122 139 23 15 23 38 54 71 88 105 122 140 34 29 34 45 60 75 91 108 125 142
54 63 43 94 74 57 96 65 73 107 55 103 97 74 73 56 56 60 81 62 70 98 70 46 64 57 103 76 80 103 88 55 83 96 58 79 54 58 91 74 106 101 99 101 105 112 121 131 143 156 93 87 85 87 92 99 109 121 134 148 80 73 71 73 79 88 99 112 126 140 67 60 57 60 67 77 90 104 118 134 55 46 43 46 55 67 81 97 112 129 45 34 29 34 45 60 75 91 108 125 38 23 15 23 38 54 71 88 105 122 35 18 0 18 35 52 70 87 104 122 38 23 15 23 38 54 71 88 105 122 45 34 29 34 45 60 75 91 108 125
50 53 38 78 69 59 80 51 57 93 47 87 82 62 71 41 50 62 65 50 65 82 68 39 61 60 88 64 63 88 72 48 69 87 57 65 38 43 75 60 112 105 101 99 100 105 111 120 131 143 100 92 87 85 87 91 99 109 121 134 88 79 73 71 73 79 88 99 112 125 77 67 60 57 59 66 77 89 103 118 68 55 46 43 46 55 67 81 97 112 60 45 34 29 33 45 59 75 91 108 54 38 23 15 23 38 54 71 88 105 52 35 18 0 18 35 52 70 87 104 54 38 23 15 23 38 54 71 88 105 60 45 34 29 33 45 59 75 91 108
53 47 40 63 67 65 65 39 42 79 44 73 69 52 74 27 50 68 50 43 65 65 71 38 63 68 73 55 47 73 57 48 58 81 61 53 24 32 61 48 121 112 105 100 99 100 104 111 120 130 110 100 92 87 85 86 91 99 109 120 99 88 79 73 71 73 78 87 99 111 90 77 67 59 57 59 66 77 89 103 82 67 55 46 43 46 55 67 81 96 75 60 45 33 29 33 45 59 75 91 71 54 38 23 15 23 38 54 71 88 70 52 35 18 0 18 35 52 70 87 71 54 38 23 15 23 38 54 71 88 75 60 45 33 29 33 45 59 75 91
61 47 49 49 70 75 52 33 29 67 48 59 57 48 81 20 55 78 38 42 70 49 78 45 69 78 61 51 32 60 45 53 50 78 70 44 18 28 48 40 132 121 112 105 100 98 99 104 110 119 122 110 99 91 86 84 86 91 98 108 112 99 88 79 73 70 72 78 87 98 104 90 77 66 59 56 59 66 76 89 97 82 67 55 46 42 46 55 67 81 91 75 60 45 33 28 33 45 59 75 88 71 54 38 23 14 23 38 54 71 87 70 52 35 18 0 18 35 52 70 88 71 54 38 23 14 23 38 54 71 91 75 60 45 33 28 33 45 59 75
72 54 61 38 77 88 42 36 23 58 57 49 50 49 90 26 65 90 31 47 78 34 87 56 79 91 51 52 20 50 36 63 47 79 81 40 27 34 39 39 144 131 121 111 104 99 98 99 103 110 134 121 109 99 91 86 84 85 90 98 126 112 99 88 78 72 70 72 78 87 119 104 90 77 66 59 56 59 66 76 113 97 81 67 55 46 42 46 54 67 108 91 75 59 45 33 28 33 45 59 105 88 71 54 38 23 14 23 38 54 104 87 70 52 35 18 0 18 35 52 105 88 71 54 38 23 14 23 38 54 108 91 75 59 45 33 28 33 45 59
85 64 76 33 87 101 37 46 29 52 70 43 47 56 102 40 78 103 33 58 89 23 99 70 91 105 46 59 21 44 35 76 51 84 94 45 41 46 37 46 156 143 131 120 111 104 99 97 99 103 148 134 121 109 99 91 85 83 85 90 140 126 112 99 87 78 72 70 72 77 134 118 104 89 77 66 59 56 58 65 129 112 97 81 67 55 46 42 45 54 125 108 91 75 59 45 33 28 33 45 122 105 88 71 54 38 23 14 23 38 122 104 87 70 52 35 18 0 18 35 122 105 88 71 54 38 23 14 23 38 125 108 91 75 59 45 33 28 33 45
99 77 91 37 99 116 40 59 42 53 84 44 51 67 115 56 92 118 42 71 101 23 112 85 105 120 47 70 33 45 42 90 60 92 109 54 57 61 43 57 170 156 143 131 120 110 103 99 97 98 162 148 134 121 109 98 90 85 83 85 156 140 126 112 99 87 78 72 69 71 150 134 118 103 89 76 66 58 55 58 145 129 112 97 81 67 54 45 42 45 142 125 108 91 75 59 45 33 28 33 140 122 105 88 71 54 38 23 14 23 139 122 104 87 70 52 35 18 0 18 140 122 105 88 71 54 38 23 14 23 142 125 108 91 75 59 45 33 28 33
115 91 107 47 112 132 50 74 57 59 99 51 60 80 129 72 107 133 56 86 115 33 126 101 119 135 55 83 48 52 54 105 72 102 124 67 74 77 54 71 184 170 156 143 130 119 110 103 98 96 177 162 148 134 120 108 98 90 85 83 171 155 140 125 111 98 87 77 71 69 166 150 134 118 103 89 76 65 58 55 162 145 129 112 96 81 67 54 45 42 159 142 125 108 91 75 59 45 33 28 157 140 122 105 88 71 54 38 23 14 156 139 122 104 87 70 52 35 18 0 157 140 122 105 88 71 54 38 23 14 159 142 125 108 91 75 59 45 33 28
84 98 76 132 105 81 133 102 111 145 89 140 134 110 98 94 88 83 118 98 100 135 96 81 93 79 140 112 117 141 125 88 119 129 85 117 91 95 128 111 115 116 119 125 133 143 154 166 179 192 100 102 106 112 121 132 144 156 170 184 86 88 93 100 110 122 134 148 162 177 72 74 80 88 99 112 126 140 156 171 58 60 67 77 90 104 119 134 150 166 43 47 55 68 82 97 113 129 145 162 29 34 45 60 75 91 108 125 142 159 15 23 38 54 71 88 105 122 140 157 0 18 35 52 70 87 104 122 139 156 15 23 38 54 71 88 105 122 140 157
74 85 65 116 95 74 117 87 95 130 77 124 119 97 91 78 77 77 102 84 90 119 89 68 84 73 125 98 100 125 109 76 105 118 77 102 75 80 112 96 116 114 115 119 125 133 142 153 165 178 102 100 101 105 112 121 131 143 156 170 88 86 87 92 100 110 121 134 148 162 74 72 73 79 88 99 112 126 140 155 60 57 60 67 77 90 104 118 134 150 47 43 46 55 67 82 97 112 129 145 34 29 34 45 60 75 91 108 125 142 23 15 23 38 54 71 88 105 122 140 18 0 18 35 52 70 87 104 122 139 23 15 23 38 54 71 88 105 122 140
67 74 56 100 87 71 102 73 79 115 67 109 105 84 87 63 68 74 87 72 83 102 84 58 78 71 110 86 84 110 94 67 91 108 72 87 60 66 97 82 119 115 114 115 118 124 132 142 153 165 106 101 99 101 105 112 121 131 143 156 93 87 85 87 92 99 109 121 134 148 80 73 71 73 79 88 99 112 126 140 67 60 57 60 67 77 90 104 118 134 55 46 43 46 55 67 81 97 112 129 45 34 29 34 45 60 75 91 108 125 38 23 15 23 38 54 71 88 105 122 35 18 0 18 35 52 70 87 104 122 38 23 15 23 38 54 71 88 105 122
65 66 52 85 83 73 87 61 64 101 60 95 91 73 86 49 64 76 73 62 79 86 82 52 75 74 96 75 68 96 80 62 79 100 71 75 46 54 83 69 125 119 115 113 114 118 124 132 141 152 112 105 101 99 100 105 111 120 131 143 100 92 87 85 87 91 99 109 121 134 88 79 73 71 73 79 88 99 112 125 77 67 60 57 59 66 77 89 103 118 68 55 46 43 46 55 67 81 97 112 60 45 34 29 33 45 59 75 91 108 54 38 23 15 23 38 54 71 88 105 52 35 18 0 18 35 52 70 87 104 54 38 23 15 23 38 54 71 88 105
67 61 54 71 81 78 74 51 51 89 58 82 79 65 88 38 64 81 60 57 79 71 84 52 77 80 83 68 54 82 67 62 70 94 75 64 36 45 70 60 133 125 118 114 113 114 117 123 131 141 121 112 105 100 99 100 104 111 120 130 110 100 92 87 85 86 91 99 109 120 99 88 79 73 71 73 78 87 99 111 90 77 67 59 57 59 66 77 89 103 82 67 55 46 43 46 55 67 81 96 75 60 45 33 29 33 45 59 75 91 71 54 38 23 15 23 38 54 71 88 70 52 35 18 0 18 35 52 70 87 71 54 38 23 15 23 38 54 71 88
73 61 60 59 84 86 63 47 41 78 61 70 69 62 94 34 68 89 50 56 83 56 90 57 82 89 72 65 41 71 56 66 63 92 82 57 32 42 60 54 143 133 124 118 114 112 113 117 123 131 132 121 112 105 100 98 99 104 110 119 122 110 99 91 86 84 86 91 98 108 112 99 88 79 73 70 72 78 87 98 104 90 77 66 59 56 59 66 76 89 97 82 67 55 46 42 46 55 67 81 91 75 60 45 33 28 33 45 59 75 88 71 54 38 23 14 23 38 54 71 87 70 52 35 18 0 18 35 52 70 88 71 54 38 23 14 23 38 54 71
82 66 71 50 90 97 54 49 37 70 69 61 63 63 102 38 76 100 45 60 90 44 98 66 90 100 64 66 33 63 50 74 61 93 92 54 37 46 53 53 154 142 132 124 117 113 112 113 116 122 144 131 121 111 104 99 98 99 103 110 134 121 109 99 91 86 84 85 90 98 126 112 99 88 78 72 70 72 78 87 119 104 90 77 66 59 56 59 66 76 113 97 81 67 55 46 42 46 54 67 108 91 75 59 45 33 28 33 45 59 105 88 71 54 38 23 14 23 38 54 104 87 70 52 35 18 0 18 35 52 105 88 71 54 38 23 14 23 38 54
94 75 84 47 98 110 51 57 41 66 79 57 61 68 112 48 87 112 46 69 99 36 109 78 101 113 60 71 34 58 49 85 64 97 103 57 49 56 51 58 166 153 142 132 123 117 113 111 112 116 156 143 131 120 111 104 99 97 99 103 148 134 121 109 99 91 85 83 85 90 140 126 112 99 87 78 72 70 72 77 134 118 104 89 77 66 59 56 58 65 129 112 97 81 67 55 46 42 45 54 125 108 91 75 59 45 33 28 33 45 122 105 88 71 54 38 23 14 23 38 122 104 87 70 52 35 18 0 18 35 122 105 88 71 54 38 23 14 23 38
107 86 98 49 109 124 53 68 51 66 92 57 64 77 124 62 100 125 53 80 110 36 121 92 113 127 61 80 42 59 54 98 71 104 117 65 63 68 55 67 179 165 153 141 131 123 116 112 110 112 170 156 143 131 120 110 103 99 97 98 162 148 134 121 109 98 90 85 83 85 156 140 126 112 99 87 78 72 69 71 150 134 118 103 89 76 66 58 55 58 145 129 112 97 81 67 54 45 42 45 142 125 108 91 75 59 45 33 28 33 140 122 105 88 71 54 38 23 14 23 139 122 104 87 70 52 35 18 0 18 140 122 105 88 71 54 38 23 14 23
121 99 113 57 121 138 61 81 64 71 106 63 71 89 137 77 114 140 64 93 123 43 134 107 127 142 66 92 55 64 64 112 81 113 131 76 78 83 64 79 192 178 165 152 141 131 122 116 112 110 184 170 156 143 130 119 110 103 98 96 177 162 148 134 120 108 98 90 85 83 171 155 140 125 111 98 87 77 71 69 166 150 134 118 103 89 76 65 58 55 162 145 129 112 96 81 67 54 45 42 159 142 125 108 91 75 59 45 33 28 157 140 122 105 88 71 54 38 23 14 156 139 122 104 87 70 52 35 18 0 157 140 122 105 88 71 54 38 23 14
95 108 87 137 116 93 139 109 116 152 99 146 141 119 111 100 99 96 124 107 112 140 109 90 105 92 147 120 122 147 131 98 127 140 97 124 97 102 134 118 129 130 133 138 145 154 164 176 188 201 115 116 119 125 133 143 154 166 179 192 100 102 106 112 121 132 144 156 170 184 86 88 93 100 110 122 134 148 162 177 72 74 80 88 99 112 126 140 156 171 58 60 67 77 90 104 119 134 150 166 43 47 55 68 82 97 113 129 145 162 29 34 45 60 75 91 108 125 142 159 15 23 38 54 71 88 105 122 140 157 0 18 35 52 70 87 104 122 139 156
87 96 77 122 107 88 124 95 101 137 88 131 127 106 104 85 89 91 109 94 103 124 102 79 97 87 132 108 106 132 116 88 114 129 90 110 82 88 119 104 130 128 129 132 138 145 154 164 175 187 116 114 115 119 125 133 142 153 165 178 102 100 101 105 112 121 131 143 156 170 88 86 87 92 100 110 121 134 148 162 74 72 73 79 88 99 112 126 140 155 60 57 60 67 77 90 104 118 134 150 47 43 46 55 67 82 97 112 129 145 34 29 34 45 60 75 91 108 125 142 23 15 23 38 54 71 88 105 122 140 18 0 18 35 52 70 87 104 122 139
81 86 69 107 101 85 110 83 86 124 79 117 113 95 101 71 82 89 95 83 97 108 98 71 91 85 118 97 90 118 102 80 101 120 86 97 68 76 105 92 133 129 128 129 132 137 144 153 163 175 119 115 114 115 118 124 132 142 153 165 106 101 99 101 105 112 121 131 143 156 93 87 85 87 92 99 109 121 134 148 80 73 71 73 79 88 99 112 126 140 67 60 57 60 67 77 90 104 118 134 55 46 43 46 55 67 81 97 112 129 45 34 29 34 45 60 75 91 108 125 38 23 15 23 38 54 71 88 105 122 35 18 0 18 35 52 70 87 104 122
79 79 66 93 96 86 96 72 73 111 74 104 101 85 100 60 78 90 82 75 93 93 96 66 89 87 105 88 76 105 89 76 91 113 85 85 57 65 92 81 138 132 129 127 128 131 137 144 153 163 125 119 115 113 114 118 124 132 141 152 112 105 101 99 100 105 111 120 131 143 100 92 87 85 87 91 99 109 121 134 88 79 73 71 73 79 88 99 112 125 77 67 60 57 59 66 77 89 103 118 68 55 46 43 46 55 67 81 97 112 60 45 34 29 33 45 59 75 91 108 54 38 23 15 23 38 54 71 88 105 52 35 18 0 18 35 52 70 87 104
80 75 67 81 95 91 84 65 62 100 72 92 90 79 102 51 78 94 71 70 93 78 98 66 91 92 93 81 63 93 78 76 82 108 88 76 49 58 81 72 145 138 132 128 127 127 131 136 143 152 133 125 118 114 113 114 117 123 131 141 121 112 105 100 99 100 104 111 120 130 110 100 92 87 85 86 91 99 109 120 99 88 79 73 71 73 78 87 99 111 90 77 67 59 57 59 66 77 89 103 82 67 55 46 43 46 55 67 81 96 75 60 45 33 29 33 45 59 75 91 71 54 38 23 15 23 38 54 71 88 70 52 35 18 0 18 35 52 70 87
85 75 73 71 97 98 74 61 54 90 74 82 82 75 106 48 81 101 63 69 96 66 103 70 95 100 84 79 53 83 69 79 77 106 94 70 46 56 72 67 154 145 137 131 127 126 127 130 135 143 143 133 124 118 114 112 113 117 123 131 132 121 112 105 100 98 99 104 110 119 122 110 99 91 86 84 86 91 98 108 112 99 88 79 73 70 72 78 87 98 104 90 77 66 59 56 59 66 76 89 97 82 67 55 46 42 46 55 67 81 91 75 60 45 33 28 33 45 59 75 88 71 54 38 23 14 23 38 54 71 87 70 52 35 18 0 18 35 52 70
93 79 81 63 102 108 68 63 51 83 81 74 76 76 114 51 88 110 58 73 102 56 110 77 102 111 77 79 47 76 63 86 75 107 103 68 50 59 66 67 164 154 144 137 131 127 125 126 130 135 154 142 132 124 117 113 112 113 116 122 144 131 121 111 104 99 98 99 103 110 134 121 109 99 91 86 84 85 90 98 126 112 99 88 78 72 70 72 78 87 119 104 90 77 66 59 56 59 66 76 113 97 81 67 55 46 42 46 54 67 108 91 75 59 45 33 28 33 45 59 105 88 71 54 38 23 14 23 38 54 104 87 70 52 35 18 0 18 35 52
104 86 93 60 110 119 65 68 54 80 90 71 75 81 123 59 98 121 59 80 110 49 120 88 112 122 74 84 47 72 63 95 77 110 113 71 59 67 65 71 176 164 153 144 136 130 126 125 126 129 166 153 142 132 123 117 113 111 112 116 156 143 131 120 111 104 99 97 99 103 148 134 121 109 99 91 85 83 85 90 140 126 112 99 87 78 72 70 72 77 134 118 104 89 77 66 59 56 58 65 129 112 97 81 67 55 46 42 45 54 125 108 91 75 59 45 33 28 33 45 122 105 88 71 54 38 23 14 23 38 122 104 87 70 52 35 18 0 18 35
116 96 106 62 119 132 67 78 61 80 101 71 77 89 134 70 109 134 65 90 121 49 131 100 123 135 74 92 53 72 67 107 83 116 125 77 71 78 68 78 188 175 163 153 143 135 130 126 124 125 179 165 153 141 131 123 116 112 110 112 170 156 143 131 120 110 103 99 97 98 162 148 134 121 109 98 90 85 83 85 156 140 126 112 99 87 78 72 69 71 150 134 118 103 89 76 66 58 55 58 145 129 112 97 81 67 54 45 42 45 142 125 108 91 75 59 45 33 28 33 140 122 105 88 71 54 38 23 14 23 139 122 104 87 70 52 35 18 0 18
129 108 120 69 131 146 73 90 72 84 114 76 83 99 146 84 122 147 75 102 132 55 143 114 135 149 79 102 64 77 75 120 92 124 139 86 85 90 75 89 201 187 175 163 152 143 135 129 125 124 192 178 165 152 141 131 122 116 112 110 184 170 156 143 130 119 110 103 98 96 177 162 148 134 120 108 98 90 85 83 171 155 140 125 111 98 87 77 71 69 166 150 134 118 103 89 76 65 58 55 162 145 129 112 96 81 67 54 45 42 159 142 125 108 91 75 59 45 33 28 157 140 122 105 88 71 54 38 23 14 156 139 122 104 87 70 52 35 18 0
